/*--------------------------------*- C++ -*----------------------------------*\
| =========                 |                                                 |
| \\      /  F ield         | OpenFOAM: The Open Source CFD Toolbox           |
|  \\    /   O peration     | Version:  2306                                  |
|   \\  /    A nd           | Website:  www.openfoam.com                      |
|    \\/     M anipulation  |                                                 |
\*---------------------------------------------------------------------------*/
FoamFile
{
    version     2.0;
    format      ascii;
    arch        "LSB;label=32;scalar=64";
    class       surfaceScalarField;
    location    "0.075";
    object      phi;
}
// * * * * * * * * * * * * * * * * * * * * * * * * * * * * * * * * * * * * * //

dimensions      [0 3 -1 0 0 0 0];

oriented        oriented;

internalField   nonuniform List<scalar> 
8520
(
0.00992786
7.21395e-05
0.00978965
0.000138207
0.00962961
0.000160046
0.00946842
0.000161186
0.00930966
0.000158763
0.00914952
0.000160138
0.00898679
0.000162726
0.0088215
0.000165296
0.00865437
0.000167131
0.00848641
0.000167963
0.0083188
0.000167604
0.00815231
0.000166496
0.00798708
0.000165226
0.00782326
0.000163824
0.00766094
0.000162317
0.00750012
0.00016082
0.00734089
0.000159226
0.00718342
0.000157473
0.00702781
0.000155608
0.00687417
0.000153639
0.00672261
0.000151562
0.00657323
0.000149379
0.00642617
0.00014706
0.00628153
0.000144637
0.00613948
0.000142058
0.00600028
0.000139197
0.00586406
0.000136223
0.00573074
0.000133314
0.00560048
0.000130266
0.00547361
0.000126869
0.00535023
0.000123379
0.00523033
0.000119899
0.00511431
0.000116021
0.00500245
0.000111857
0.004895
0.000107456
0.00479202
0.000102974
0.0046936
9.84265e-05
0.00459987
9.37249e-05
0.00451116
8.871e-05
0.00442823
8.29341e-05
0.00435135
7.68791e-05
0.00428037
7.09774e-05
0.00421493
6.54423e-05
0.00415498
5.99485e-05
0.00410123
5.37465e-05
0.00405358
4.76526e-05
0.00401215
4.14261e-05
0.0039764
3.57517e-05
0.00394607
3.03309e-05
0.00392056
2.55099e-05
0.00389796
2.26025e-05
0.00387685
2.11071e-05
0.00385447
2.23868e-05
0.00382943
2.50403e-05
0.00379952
2.99092e-05
0.00376246
3.70562e-05
0.0037174
4.50642e-05
0.00366175
5.56449e-05
0.00359539
6.63601e-05
0.00351652
7.88744e-05
0.0034238
9.27197e-05
0.00331673
0.000107071
0.0031924
0.00012433
0.00305029
0.00014211
0.00288739
0.000162893
0.00270116
0.000186232
0.00248971
0.000211448
0.00224813
0.000241585
0.00197523
0.0002729
0.00166535
0.000309878
0.00131685
0.000348503
0.000925983
0.000390864
0.000490428
0.000435555
1.14195e-05
0.000479009
-0.000512515
0.000523934
-0.00106665
0.00055414
-0.00162681
0.000560151
-0.00213631
0.000509502
-0.00253352
0.000397215
0.000249869
-0.00278339
0.0100357
3.64111e-05
0.0100799
9.4079e-05
0.0101109
0.000129029
0.0101273
0.000144723
0.0101359
0.000150169
0.0101434
0.000152703
0.0101497
0.00015635
0.0101537
0.000161332
0.0101543
0.000166514
0.0101511
0.000171215
0.010144
0.000174719
0.0101335
0.000176932
0.0101202
0.000178548
0.0101043
0.000179679
0.0100863
0.000180331
0.0100662
0.000180963
0.0100439
0.000181559
0.0100195
0.000181779
0.00999332
0.000181839
0.00996504
0.000181912
0.00993498
0.000181628
0.00990336
0.000180998
0.00987001
0.000180412
0.00983498
0.000179665
0.00979871
0.000178326
0.00976111
0.000176792
0.00972206
0.000175276
0.00968204
0.000173332
0.00964132
0.000170987
0.00959957
0.000168625
0.00955659
0.000166349
0.00951306
0.000163435
0.00946919
0.000159887
0.0094249
0.000156152
0.00938032
0.000152033
0.00933569
0.000147601
0.00929131
0.000142814
0.00924682
0.000138208
0.00920258
0.000132956
0.00915902
0.000126486
0.0091163
0.0001196
0.00907448
0.000112805
0.00903306
0.000106859
0.00899282
0.000100187
0.00895382
9.27482e-05
0.00891628
8.51879e-05
0.00887984
7.78652e-05
0.00884385
7.1746e-05
0.00880865
6.55321e-05
0.00877353
6.06277e-05
0.00873859
5.75483e-05
0.00870318
5.65086e-05
0.00866645
5.91171e-05
0.0086286
6.28899e-05
0.00858833
7.01797e-05
0.00854503
8.03569e-05
0.00849823
9.18671e-05
0.00844547
0.000108402
0.00838727
0.000124559
0.00832073
0.00014542
0.00824526
0.000168185
0.00815974
0.000192597
0.00806073
0.000223337
0.00794912
0.000253717
0.00781926
0.000292756
0.00767239
0.000333107
0.00750233
0.000381509
0.00730909
0.000434824
0.00708778
0.000494204
0.0068353
0.000562358
0.00655075
0.000633051
0.00622605
0.000715569
0.00586578
0.00079582
0.00545973
0.000885065
0.00501726
0.000966403
0.00453229
0.0010391
0.0040036
0.00108885
0.00341445
0.00109865
0.00274593
0.00106574
0.00101042
0.00198538
0.0100142
2.22189e-05
0.0100441
6.42165e-05
0.0100778
9.5273e-05
0.0101074
0.000115132
0.0101314
0.00012615
0.0101523
0.000131775
0.0101732
0.000135448
0.0101954
0.000139227
0.0102184
0.000143465
0.0102415
0.000148087
0.0102639
0.000152325
0.0102853
0.000155546
0.0103056
0.00015821
0.010325
0.000160282
0.0103438
0.000161551
0.0103621
0.000162706
0.0103797
0.000163912
0.0103969
0.000164641
0.0104134
0.00016527
0.0104292
0.000166138
0.0104442
0.000166593
0.0104586
0.000166651
0.0104721
0.000166928
0.0104847
0.000167068
0.0104965
0.000166485
0.0105075
0.000165813
0.0105174
0.000165329
0.0105266
0.000164173
0.010535
0.000162548
0.0105424
0.000161251
0.0105487
0.000160067
0.0105541
0.000158042
0.0105587
0.000155274
0.0105621
0.000152757
0.0105643
0.00014983
0.0105657
0.000146165
0.0105663
0.000142211
0.0105659
0.000138653
0.0105639
0.000134989
0.0105607
0.000129631
0.0105565
0.000123774
0.0105513
0.00011806
0.0105447
0.000113449
0.0105366
0.000108273
0.0105273
0.000102077
0.0105164
9.6105e-05
0.0105041
9.01146e-05
0.0104894
8.64278e-05
0.0104734
8.15725e-05
0.0104547
7.92873e-05
0.0104345
7.77688e-05
0.0104123
7.86776e-05
0.0103878
8.36973e-05
0.0103623
8.83521e-05
0.0103332
9.92705e-05
0.0103033
0.000110291
0.0102694
0.000125722
0.0102328
0.000145052
0.0101923
0.000164991
0.0101468
0.000190999
0.0100962
0.000218783
0.010039
0.000249764
0.00997463
0.000287702
0.0099017
0.000326647
0.00981999
0.000374463
0.00972599
0.000427105
0.00962116
0.000486342
0.00950068
0.000555302
0.00936453
0.000630357
0.00921131
0.000715575
0.00903637
0.000807998
0.00884228
0.000909656
0.00862355
0.00101455
0.00838082
0.0011278
0.00811283
0.00123439
0.00781204
0.00133989
0.00747324
0.00142765
0.00707597
0.00149592
0.00660117
0.00154054
0.00156827
0.00604331
0.010007
1.52639e-05
0.0100268
4.44159e-05
0.0100519
7.01425e-05
0.010077
9.00359e-05
0.0101004
0.000102749
0.0101223
0.000109819
0.0101433
0.000114508
0.0101645
0.000118047
0.0101867
0.000121222
0.01021
0.00012475
0.0102339
0.000128456
0.0102578
0.00013163
0.0102816
0.000134423
0.0103051
0.000136774
0.0103284
0.000138258
0.0103517
0.00013943
0.010375
0.000140636
0.0103983
0.000141336
0.0104217
0.000141879
0.0104451
0.000142731
0.0104683
0.000143363
0.0104914
0.000143535
0.0105144
0.000143926
0.0105371
0.000144362
0.0105595
0.000144059
0.0105817
0.00014368
0.0106036
0.000143454
0.0106249
0.000142791
0.0106459
0.000141555
0.0106666
0.000140593
0.0106866
0.00014001
0.0107062
0.000138491
0.010725
0.000136506
0.0107431
0.000134653
0.0107602
0.000132705
0.0107765
0.000129864
0.0107921
0.000126604
0.0108066
0.000124148
0.0108198
0.000121817
0.0108314
0.000118047
0.0108418
0.000113331
0.0108508
0.000109034
0.0108585
0.000105798
0.0108638
0.000102946
0.0108675
9.83746e-05
0.0108689
9.47258e-05
0.0108684
9.06129e-05
0.0108659
8.89646e-05
0.01086
8.74657e-05
0.0108529
8.63929e-05
0.0108419
8.87699e-05
0.01083
9.05161e-05
0.0108149
9.88427e-05
0.0107981
0.000105076
0.0107793
0.000118121
0.0107582
0.000131365
0.0107358
0.00014811
0.0107097
0.000171238
0.0106832
0.000191457
0.0106506
0.00022354
0.0106177
0.000251753
0.0105781
0.000289362
0.0105356
0.000330139
0.0104876
0.000374716
0.0104339
0.000428147
0.0103744
0.000486632
0.010308
0.000552683
0.0102334
0.000629915
0.0101514
0.000712397
0.0100595
0.000807399
0.00995666
0.000910881
0.00984664
0.00101968
0.00971929
0.00114189
0.00958637
0.00126072
0.00943147
0.00138928
0.00926194
0.00150942
0.00906081
0.00162878
0.00882241
0.00173433
0.00853051
0.00183244
0.00191269
0.00818609
0.0100043
1.09242e-05
0.0100166
3.2152e-05
0.010035
5.1726e-05
0.0100563
6.87615e-05
0.0100781
8.09555e-05
0.0100989
8.89608e-05
0.0101194
9.40633e-05
0.0101399
9.75747e-05
0.010161
0.000100131
0.010183
0.000102753
0.0102057
0.000105734
0.0102288
0.000108465
0.0102524
0.0001109
0.0102759
0.0001132
0.0102994
0.000114833
0.0103228
0.000115943
0.0103464
0.00011705
0.01037
0.000117746
0.0103938
0.000118151
0.0104177
0.000118762
0.0104417
0.000119434
0.0104655
0.00011967
0.0104895
0.000119921
0.0105134
0.00012051
0.010537
0.000120427
0.0105605
0.000120137
0.010584
0.000120004
0.0106071
0.000119674
0.0106298
0.000118861
0.0106525
0.000117872
0.0106748
0.000117706
0.0106966
0.000116762
0.0107178
0.000115298
0.0107384
0.000114007
0.0107585
0.000112585
0.0107775
0.000110933
0.0107959
0.000108136
0.0108134
0.000106648
0.01083
0.00010521
0.0108451
0.000103029
0.0108587
9.9709e-05
0.0108713
9.64383e-05
0.0108821
9.49482e-05
0.0108917
9.33439e-05
0.0108987
9.14107e-05
0.0109045
8.8923e-05
0.0109076
8.75343e-05
0.0109092
8.72907e-05
0.0109078
8.89318e-05
0.0109044
8.97261e-05
0.0108989
9.43046e-05
0.0108905
9.89526e-05
0.0108817
0.00010763
0.0108686
0.000118192
0.0108565
0.000130234
0.0108401
0.000147696
0.010824
0.000164245
0.0108053
0.00018996
0.0107845
0.000212238
0.0107622
0.00024585
0.0107362
0.000277756
0.010709
0.000316516
0.0106764
0.000362799
0.0106431
0.000408006
0.0106033
0.000467882
0.0105618
0.000528142
0.0105147
0.000599828
0.0104637
0.000680861
0.0104082
0.000767949
0.010346
0.000869562
0.0102817
0.000975249
0.0102071
0.00109424
0.0101307
0.00121826
0.0100433
0.00134812
0.00994795
0.00148466
0.00983925
0.00161812
0.00971099
0.00175705
0.00955991
0.0018854
0.00937694
0.00201542
0.00213075
0.00915888
0.010003
7.89907e-06
0.0100118
2.33681e-05
0.0100256
3.79589e-05
0.0100431
5.11972e-05
0.0100625
6.15569e-05
0.0100825
6.90216e-05
0.0101025
7.40342e-05
0.0101226
7.74635e-05
0.0101429
7.98294e-05
0.010164
8.1701e-05
0.0101858
8.38604e-05
0.0102083
8.60583e-05
0.0102312
8.80001e-05
0.0102543
9.00219e-05
0.0102776
9.15989e-05
0.0103008
9.26579e-05
0.0103243
9.3611e-05
0.0103477
9.43292e-05
0.0103712
9.46583e-05
0.010395
9.49698e-05
0.0104187
9.57392e-05
0.0104424
9.59223e-05
0.0104662
9.61511e-05
0.01049
9.66961e-05
0.0105136
9.68718e-05
0.010537
9.67376e-05
0.0105605
9.64595e-05
0.0105835
9.67241e-05
0.0106063
9.60467e-05
0.0106288
9.53398e-05
0.0106512
9.5311e-05
0.0106731
9.48984e-05
0.0106942
9.41637e-05
0.0107152
9.30509e-05
0.0107353
9.2467e-05
0.0107545
9.1723e-05
0.0107731
8.95498e-05
0.0107909
8.88059e-05
0.010808
8.81688e-05
0.0108237
8.73262e-05
0.0108374
8.59438e-05
0.0108508
8.30165e-05
0.0108622
8.35807e-05
0.0108728
8.27507e-05
0.0108811
8.30827e-05
0.0108875
8.26094e-05
0.0108928
8.22181e-05
0.0108945
8.55157e-05
0.0108964
8.70424e-05
0.010894
9.21758e-05
0.0108917
9.65639e-05
0.0108861
0.000104591
0.0108795
0.000114178
0.0108715
0.000126196
0.0108609
0.000140908
0.0108508
0.000157743
0.0108365
0.00017859
0.0108241
0.000202281
0.0108067
0.000229696
0.0107904
0.000262166
0.0107705
0.0002976
0.010749
0.000337998
0.0107249
0.000386906
0.0106994
0.000433524
0.010669
0.000498344
0.0106379
0.00055924
0.0106031
0.000634593
0.0105632
0.000720746
0.0105245
0.000806677
0.0104761
0.000917941
0.0104309
0.00102042
0.0103742
0.00115093
0.0103194
0.00127312
0.0102529
0.00141457
0.010182
0.00155554
0.0100973
0.00170286
0.0100024
0.00185191
0.00988541
0.00200243
0.00975256
0.00214826
0.002291
0.00959231
0.0100024
5.54471e-06
0.0100093
1.64399e-05
0.0100204
2.684e-05
0.0100352
3.63507e-05
0.0100525
4.43387e-05
0.0100711
5.03922e-05
0.0100904
5.46839e-05
0.0101102
5.7673e-05
0.0101303
5.97675e-05
0.0101508
6.11715e-05
0.0101721
6.26049e-05
0.0101939
6.4231e-05
0.0102163
6.56554e-05
0.010239
6.72803e-05
0.010262
6.8594e-05
0.0102851
6.95701e-05
0.0103084
7.03235e-05
0.0103317
7.0975e-05
0.010355
7.13526e-05
0.0103786
7.14027e-05
0.0104021
7.22333e-05
0.0104257
7.23228e-05
0.0104493
7.25762e-05
0.0104729
7.31099e-05
0.0104964
7.33457e-05
0.0105196
7.35804e-05
0.010543
7.30614e-05
0.0105658
7.38748e-05
0.0105885
7.33835e-05
0.0106109
7.2947e-05
0.0106329
7.32633e-05
0.0106548
7.30275e-05
0.0106756
7.33178e-05
0.0106966
7.20783e-05
0.0107165
7.25692e-05
0.0107359
7.23206e-05
0.0107542
7.12412e-05
0.0107719
7.11526e-05
0.010789
7.10588e-05
0.0108045
7.179e-05
0.0108191
7.13733e-05
0.0108321
6.99752e-05
0.0108442
7.14545e-05
0.0108546
7.23608e-05
0.0108638
7.38716e-05
0.0108706
7.58341e-05
0.0108765
7.63519e-05
0.0108802
8.1841e-05
0.0108825
8.47205e-05
0.0108831
9.1553e-05
0.0108814
9.82289e-05
0.0108791
0.000106888
0.0108745
0.00011884
0.010869
0.000131643
0.0108622
0.000147768
0.0108538
0.000166146
0.0108444
0.000187931
0.0108342
0.00021248
0.0108215
0.000242429
0.0108098
0.000273883
0.0107944
0.000312955
0.0107787
0.000353713
0.0107621
0.000403478
0.0107416
0.000454108
0.0107212
0.000518735
0.0106975
0.000582948
0.0106718
0.000660261
0.0106433
0.00074924
0.0106131
0.000836827
0.0105788
0.000952242
0.0105425
0.00105678
0.0104999
0.00119353
0.0104562
0.00131677
0.0104006
0.00147021
0.0103421
0.00161404
0.0102694
0.00177561
0.0101845
0.00193676
0.0100853
0.00210164
0.0099661
0.00226746
0.00243058
0.00982653
0.010002
3.54592e-06
0.0100079
1.05325e-05
0.0100175
1.72337e-05
0.0100305
2.33454e-05
0.0100461
2.87453e-05
0.0100635
3.29544e-05
0.0100822
3.60632e-05
0.0101016
3.82333e-05
0.0101215
3.98571e-05
0.0101419
4.08243e-05
0.0101627
4.17553e-05
0.0101841
4.28006e-05
0.0102061
4.37236e-05
0.0102284
4.49131e-05
0.0102513
4.57759e-05
0.0102741
4.6699e-05
0.0102974
4.70583e-05
0.0103206
4.77873e-05
0.0103439
4.80192e-05
0.0103673
4.80401e-05
0.0103907
4.88441e-05
0.0104143
4.87168e-05
0.0104375
4.93955e-05
0.0104612
4.93872e-05
0.0104844
5.00913e-05
0.0105077
5.03199e-05
0.0105308
4.9912e-05
0.0105535
5.12252e-05
0.0105764
5.04391e-05
0.0105984
5.10328e-05
0.0106205
5.10885e-05
0.0106422
5.13658e-05
0.0106629
5.25688e-05
0.010684
5.09895e-05
0.0107036
5.30351e-05
0.0107233
5.26267e-05
0.0107417
5.2818e-05
0.0107588
5.40352e-05
0.0107765
5.33483e-05
0.0107915
5.68465e-05
0.010807
5.57845e-05
0.0108198
5.7176e-05
0.0108318
5.9455e-05
0.0108435
6.07352e-05
0.0108521
6.522e-05
0.0108609
6.70386e-05
0.0108669
7.03517e-05
0.0108718
7.69099e-05
0.010876
8.05865e-05
0.010877
9.05042e-05
0.0108784
9.68664e-05
0.0108769
0.000108399
0.010875
0.000120736
0.010872
0.000134671
0.0108672
0.000152564
0.0108626
0.000170721
0.0108557
0.000194858
0.0108494
0.000218734
0.0108411
0.000250716
0.0108332
0.000281839
0.0108233
0.000322788
0.0108137
0.000363319
0.0108022
0.000415035
0.0107899
0.000466348
0.0107758
0.000532838
0.0107619
0.00059685
0.010743
0.000679145
0.0107263
0.000766015
0.0107051
0.000858022
0.010681
0.000976311
0.0106559
0.00108184
0.010624
0.00122547
0.0105895
0.0013513
0.010544
0.00151564
0.0104949
0.00166319
0.0104283
0.00184221
0.0103538
0.00201123
0.010257
0.00219838
0.0101462
0.00237829
0.00256591
0.0100109
0.0100018
1.73408e-06
0.0100072
5.17905e-06
0.0100159
8.45525e-06
0.0100278
1.14837e-05
0.0100424
1.41843e-05
0.010059
1.63452e-05
0.010077
1.80168e-05
0.0100961
1.91076e-05
0.0101159
2.00993e-05
0.0101362
2.05213e-05
0.0101569
2.11097e-05
0.0101781
2.15889e-05
0.0101997
2.20591e-05
0.0102218
2.28291e-05
0.0102445
2.30676e-05
0.0102672
2.40163e-05
0.0102905
2.37896e-05
0.0103136
2.47083e-05
0.0103369
2.46322e-05
0.0103602
2.47614e-05
0.0103835
2.56009e-05
0.0104072
2.50036e-05
0.0104301
2.64798e-05
0.0104539
2.55429e-05
0.0104769
2.71029e-05
0.0105004
2.68835e-05
0.0105233
2.69421e-05
0.010546
2.85319e-05
0.0105691
2.73551e-05
0.0105906
2.95107e-05
0.0106131
2.85775e-05
0.0106343
3.01647e-05
0.0106558
3.11296e-05
0.0106764
3.03718e-05
0.010696
3.34248e-05
0.0107159
3.27372e-05
0.0107341
3.46371e-05
0.0107517
3.63901e-05
0.0107692
3.5867e-05
0.0107847
4.137e-05
0.0108005
3.99819e-05
0.0108132
4.44208e-05
0.010826
4.67174e-05
0.0108376
4.90716e-05
0.0108474
5.5418e-05
0.010857
5.74777e-05
0.0108636
6.37221e-05
0.0108701
7.04829e-05
0.0108744
7.62831e-05
0.0108781
8.6744e-05
0.0108795
9.55101e-05
0.0108816
0.00010628
0.01088
0.000122381
0.0108811
0.000133567
0.0108777
0.00015596
0.0108767
0.000171694
0.010873
0.000198554
0.0108702
0.000221484
0.0108659
0.000255064
0.0108627
0.000285083
0.0108576
0.0003278
0.0108533
0.000367622
0.0108486
0.00041982
0.0108422
0.000472704
0.0108376
0.000537462
0.010829
0.000605457
0.0108229
0.000685173
0.0108127
0.000776239
0.010804
0.000866719
0.0107895
0.000990811
0.0107771
0.00109422
0.0107548
0.00124777
0.0107327
0.00137348
0.010697
0.00155129
0.0106571
0.00170306
0.0106011
0.00189824
0.0105292
0.00208315
0.0104464
0.00228122
0.0103257
0.00249896
0.00268859
0.010203
0.0100017
4.42827e-09
0.0100068
8.22439e-08
0.0100152
5.1142e-08
0.0100266
1.39411e-07
0.0100406
1.18567e-07
0.0100568
1.7217e-07
0.0100746
2.55206e-07
0.0100935
1.72857e-07
0.0101132
4.46546e-07
0.0101335
1.86252e-07
0.010154
6.21643e-07
0.0101752
3.3667e-07
0.0101966
6.63068e-07
0.0102187
7.46323e-07
0.0102413
5.31953e-07
0.0102639
1.37064e-06
0.0102872
4.42369e-07
0.0103101
1.90185e-06
0.0103339
8.2351e-07
0.0103567
1.9498e-06
0.0103803
1.97641e-06
0.0104038
1.53901e-06
0.0104267
3.56901e-06
0.0104508
1.45275e-06
0.0104732
4.64932e-06
0.0104974
2.72284e-06
0.0105198
4.56524e-06
0.0105428
5.53445e-06
0.0105661
4.04483e-06
0.010587
8.52308e-06
0.0106105
5.09298e-06
0.0106308
9.91065e-06
0.0106531
8.86018e-06
0.0106734
1.00684e-05
0.0106929
1.39275e-05
0.0107138
1.17762e-05
0.010731
1.74142e-05
0.01075
1.73977e-05
0.0107665
1.93624e-05
0.0107828
2.50718e-05
0.010799
2.38128e-05
0.0108121
3.12885e-05
0.0108253
3.35635e-05
0.0108382
3.6122e-05
0.010847
4.66128e-05
0.0108598
4.47554e-05
0.0108642
5.92899e-05
0.0108743
6.03861e-05
0.010878
7.26256e-05
0.0108837
8.09932e-05
0.0108876
9.15832e-05
0.0108894
0.000104558
0.0108927
0.00011901
0.0108929
0.000133397
0.0108949
0.000153976
0.0108942
0.000172392
0.0108962
0.000196573
0.0108936
0.000224058
0.0108974
0.000251235
0.0108936
0.000288889
0.0108987
0.000322759
0.010895
0.00037129
0.0109012
0.000413555
0.010897
0.000476911
0.0109047
0.000529761
0.0109007
0.000609503
0.0109069
0.000678959
0.0109054
0.000777713
0.0109078
0.00086434
0.0109063
0.000992282
0.0109035
0.00109709
0.0108993
0.00125192
0.0108814
0.00139142
0.0108704
0.00156225
0.0108275
0.00174602
0.010798
0.00192766
0.0107217
0.00215951
0.0106542
0.00234874
0.0105354
0.00261768
0.00281784
0.0104062
0.0100017
-1.72562e-06
0.0100068
-5.00267e-06
0.0100152
-8.37446e-06
0.0100266
-1.11821e-05
0.0100407
-1.39813e-05
0.0100568
-1.59775e-05
0.0100746
-1.75278e-05
0.0100935
-1.8777e-05
0.0101132
-1.91677e-05
0.0101336
-2.0251e-05
0.0101539
-1.973e-05
0.0101754
-2.1118e-05
0.0101966
-2.05294e-05
0.0102189
-2.15581e-05
0.0102413
-2.18663e-05
0.010264
-2.13432e-05
0.0102875
-2.30238e-05
0.01031
-2.06577e-05
0.0103343
-2.3457e-05
0.0103566
-2.03038e-05
0.0103809
-2.23578e-05
0.0104037
-2.12968e-05
0.0104272
-1.99179e-05
0.0104511
-2.2418e-05
0.0104735
-1.77664e-05
0.0104983
-2.20268e-05
0.0105198
-1.69554e-05
0.0105441
-1.87575e-05
0.0105662
-1.81059e-05
0.0105883
-1.35372e-05
0.0106115
-1.80823e-05
0.0106316
-1.02187e-05
0.0106548
-1.43642e-05
0.0106743
-9.44127e-06
0.0106947
-6.47432e-06
0.0107159
-9.44522e-06
0.0107322
1.12463e-06
0.0107536
-3.94291e-06
0.0107677
5.2155e-06
0.0107871
5.6504e-06
0.0108018
9.17465e-06
0.0108162
1.6845e-05
0.0108302
1.95831e-05
0.0108419
2.44029e-05
0.0108541
3.44211e-05
0.0108641
3.47316e-05
0.0108732
5.02392e-05
0.0108808
5.27928e-05
0.0108892
6.41651e-05
0.0108925
7.77553e-05
0.0109021
8.19564e-05
0.0109007
0.000105933
0.0109108
0.000108982
0.0109083
0.000135876
0.0109168
0.000145427
0.0109151
0.000174079
0.010923
0.000188743
0.0109218
0.000225266
0.0109307
0.000242335
0.0109308
0.000288718
0.0109399
0.000313751
0.0109443
0.000366852
0.0109521
0.000405748
0.0109615
0.000467528
0.0109687
0.000522583
0.0109827
0.000595489
0.0109885
0.000673109
0.0110087
0.000757526
0.01101
0.00086301
0.0110358
0.000966497
0.0110317
0.00110118
0.0110557
0.001228
0.0110422
0.00140492
0.0110534
0.00155104
0.0110242
0.00177515
0.0110027
0.00194921
0.0109527
0.0022095
0.0108741
0.00242735
0.0107896
0.00270219
0.00297539
0.010632
0.0100018
-3.52417e-06
0.0100071
-1.03379e-05
0.010016
-1.72083e-05
0.0100278
-2.2971e-05
0.0100425
-2.86763e-05
0.0100589
-3.24531e-05
0.0100771
-3.57417e-05
0.0100962
-3.78074e-05
0.010116
-3.89731e-05
0.0101364
-4.07044e-05
0.0101568
-4.00708e-05
0.0101786
-4.29358e-05
0.0101995
-4.14319e-05
0.0102226
-4.46295e-05
0.0102444
-4.36905e-05
0.0102678
-4.47859e-05
0.0102909
-4.61285e-05
0.0103136
-4.33304e-05
0.0103384
-4.82358e-05
0.0103597
-4.15742e-05
0.0103856
-4.83348e-05
0.0104068
-4.24292e-05
0.010432
-4.51298e-05
0.0104549
-4.53895e-05
0.0104775
-4.03534e-05
0.0105035
-4.79557e-05
0.0105229
-3.64134e-05
0.0105503
-4.61609e-05
0.0105694
-3.717e-05
0.0105944
-3.85258e-05
0.010616
-3.9656e-05
0.0106368
-3.10428e-05
0.0106611
-3.864e-05
0.010679
-2.7392e-05
0.010702
-2.94748e-05
0.0107211
-2.85342e-05
0.0107395
-1.73284e-05
0.0107601
-2.45112e-05
0.0107757
-1.03562e-05
0.0107943
-1.29497e-05
0.0108111
-7.65352e-06
0.0108229
5.05352e-06
0.010842
4.64105e-07
0.0108486
1.77921e-05
0.0108681
1.49732e-05
0.0108727
3.00793e-05
0.0108875
3.54317e-05
0.010893
4.73041e-05
0.0109033
5.39297e-05
0.0109088
7.2221e-05
0.0109172
7.35638e-05
0.0109203
0.000102828
0.0109289
0.000100386
0.010932
0.000132766
0.0109379
0.000139534
0.0109456
0.000166374
0.0109473
0.000187087
0.0109602
0.000212375
0.0109607
0.00024183
0.0109775
0.000271842
0.0109787
0.000312628
0.0110008
0.00034466
0.011002
0.000404548
0.0110308
0.000438755
0.0110335
0.000519885
0.011067
0.000561996
0.0110736
0.000666495
0.0111112
0.000719928
0.0111217
0.000852537
0.0111602
0.000928026
0.0111775
0.00108388
0.0112057
0.00119981
0.0112299
0.00138071
0.0112344
0.00154653
0.011255
0.00175449
0.0112192
0.00198508
0.0112166
0.00221205
0.011129
0.002515
0.0110687
0.00276249
0.00312546
0.0109186
0.010002
-5.48772e-06
0.0100079
-1.62255e-05
0.0100176
-2.69111e-05
0.0100304
-3.58344e-05
0.0100463
-4.4538e-05
0.0100634
-4.95925e-05
0.0100824
-5.47531e-05
0.0101016
-5.69403e-05
0.0101217
-5.91442e-05
0.0101421
-6.10988e-05
0.0101627
-6.0615e-05
0.0101849
-6.52083e-05
0.0102057
-6.21743e-05
0.0102298
-6.87186e-05
0.0102508
-6.47147e-05
0.0102756
-6.95609e-05
0.0102975
-6.81017e-05
0.0103215
-6.72431e-05
0.0103454
-7.21945e-05
0.0103672
-6.33604e-05
0.0103936
-7.47604e-05
0.0104138
-6.26056e-05
0.010441
-7.22717e-05
0.0104619
-6.62995e-05
0.010487
-6.54609e-05
0.010511
-7.20367e-05
0.0105318
-5.71544e-05
0.0105595
-7.38793e-05
0.0105773
-5.498e-05
0.0106048
-6.60283e-05
0.0106244
-5.92848e-05
0.0106469
-5.34889e-05
0.0106716
-6.33412e-05
0.0106875
-4.32886e-05
0.0107154
-5.7398e-05
0.0107289
-4.20024e-05
0.0107541
-4.25245e-05
0.0107694
-3.98631e-05
0.0107894
-3.03156e-05
0.0108071
-3.0643e-05
0.0108228
-2.33849e-05
0.0108387
-1.08437e-05
0.0108544
-1.51726e-05
0.0108658
6.37717e-06
0.0108821
-1.3202e-06
0.010891
2.11134e-05
0.0109025
2.39504e-05
0.0109143
3.55286e-05
0.0109183
4.98786e-05
0.010934
5.6566e-05
0.0109329
7.46722e-05
0.0109487
8.7014e-05
0.0109478
0.000101235
0.0109624
0.000118215
0.0109618
0.000140113
0.0109789
0.000149285
0.010977
0.000188956
0.0109978
0.000191612
0.0109987
0.000240899
0.0110199
0.000250653
0.0110279
0.00030464
0.01105
0.000322524
0.0110648
0.000389827
0.01109
0.000413534
0.0111127
0.000497142
0.0111392
0.000535511
0.0111754
0.000630277
0.0112
0.000695324
0.0112515
0.000801046
0.011275
0.000904545
0.0113386
0.00102029
0.0113577
0.00118069
0.0114268
0.0013116
0.0114365
0.0015369
0.0114893
0.00170162
0.011481
0.00199343
0.0114857
0.00220735
0.0114475
0.0025532
0.0113653
0.00284471
0.00322276
0.011268
0.0100023
-7.74257e-06
0.0100092
-2.31952e-05
0.0100204
-3.8116e-05
0.0100351
-5.05206e-05
0.0100527
-6.21547e-05
0.0100708
-6.76845e-05
0.010091
-7.49051e-05
0.0101099
-7.58822e-05
0.0101309
-8.01539e-05
0.0101508
-8.09832e-05
0.0101724
-8.21795e-05
0.0101948
-8.76e-05
0.0102157
-8.31411e-05
0.0102411
-9.41243e-05
0.0102606
-8.42174e-05
0.0102882
-9.71095e-05
0.0103071
-8.70371e-05
0.0103345
-9.46412e-05
0.0103556
-9.3278e-05
0.0103795
-8.72959e-05
0.0104059
-0.00010108
0.0104244
-8.11549e-05
0.0104558
-0.000103627
0.0104712
-8.16965e-05
0.0105032
-9.74727e-05
0.0105206
-8.94548e-05
0.0105475
-8.4049e-05
0.0105716
-9.79833e-05
0.0105908
-7.41757e-05
0.0106202
-9.54662e-05
0.0106363
-7.53138e-05
0.0106644
-8.16236e-05
0.0106838
-8.27794e-05
0.010705
-6.4439e-05
0.0107299
-8.22981e-05
0.0107455
-5.76534e-05
0.0107703
-6.72624e-05
0.0107871
-5.66976e-05
0.0108059
-4.91103e-05
0.0108276
-5.23292e-05
0.010838
-3.3803e-05
0.0108628
-3.56643e-05
0.0108691
-2.14088e-05
0.010892
-1.65957e-05
0.0108988
-8.10881e-06
0.0109156
4.34308e-06
0.0109242
1.53423e-05
0.0109382
2.15638e-05
0.0109431
4.4988e-05
0.0109591
4.05445e-05
0.0109596
7.41385e-05
0.0109749
7.17388e-05
0.0109786
9.75021e-05
0.0109886
0.000108274
0.0109989
0.000129759
0.011006
0.00014215
0.0110204
0.000174653
0.0110293
0.000182672
0.0110482
0.000221986
0.0110578
0.000241082
0.0110866
0.000275829
0.0110942
0.000314879
0.0111358
0.000348245
0.011145
0.000404316
0.0111965
0.000445674
0.0112114
0.000520646
0.0112744
0.000567259
0.0112967
0.000673014
0.0113695
0.000728205
0.011406
0.000868029
0.0114827
0.000943619
0.0115364
0.00112704
0.0116069
0.00124112
0.0116753
0.00146843
0.0117219
0.00165504
0.0117856
0.00192972
0.0117829
0.00221005
0.0118064
0.00252974
0.0117292
0.00292192
0.00330035
0.0116516
0.0100028
-1.05352e-05
0.0100118
-3.22096e-05
0.0100255
-5.1828e-05
0.010043
-6.80198e-05
0.0100628
-8.19747e-05
0.0100821
-8.694e-05
0.0101033
-9.61062e-05
0.010122
-9.45666e-05
0.0101441
-0.000102247
0.0101635
-0.000100377
0.0101868
-0.000105515
0.0102087
-0.000109479
0.0102312
-0.000105611
0.0102565
-0.000119436
0.0102762
-0.000103982
0.0103047
-0.000125577
0.0103223
-0.000104691
0.0103521
-0.000124355
0.0103706
-0.00011178
0.0103979
-0.000114659
0.0104214
-0.000124588
0.0104427
-0.000102389
0.010473
-0.000133919
0.0104885
-9.71934e-05
0.0105225
-0.000131509
0.0105369
-0.000103908
0.0105682
-0.000115271
0.0105886
-0.000118462
0.0106107
-9.62063e-05
0.0106403
-0.000125051
0.010654
-8.90841e-05
0.0106882
-0.000115786
0.0106999
-9.44341e-05
0.0107309
-9.54806e-05
0.0107471
-9.84702e-05
0.0107705
-8.1118e-05
0.0107912
-8.79683e-05
0.0108102
-7.56448e-05
0.0108308
-6.97321e-05
0.01085
-7.14888e-05
0.0108641
-4.79364e-05
0.0108873
-5.88243e-05
0.0108956
-2.97065e-05
0.0109182
-3.92463e-05
0.0109279
-1.7827e-05
0.0109397
-7.43335e-06
0.0109586
-3.56574e-06
0.0109603
1.99073e-05
0.0109808
2.4479e-05
0.0109818
3.95091e-05
0.0109979
5.80359e-05
0.0110012
6.84201e-05
0.0110165
8.22182e-05
0.0110187
0.000106076
0.011038
0.000110515
0.01104
0.000140124
0.0110628
0.000151816
0.0110685
0.000176959
0.0110947
0.000195854
0.0111056
0.000230166
0.0111376
0.000243813
0.0111528
0.000299646
0.011194
0.000307033
0.0112167
0.000381624
0.0112625
0.000399888
0.011304
0.0004792
0.01135
0.000521233
0.0114143
0.000608692
0.0114659
0.000676618
0.0115538
0.000780101
0.0116125
0.00088499
0.011726
0.00101347
0.0117907
0.00117641
0.011918
0.00134112
0.0119837
0.00158937
0.0120946
0.00181879
0.0121398
0.0021649
0.012196
0.0024735
0.0121726
0.00294531
0.00336981
0.0121032
0.010004
-1.45635e-05
0.0100167
-4.48495e-05
0.0100349
-7.00427e-05
0.0100563
-8.94217e-05
0.0100784
-0.000104069
0.0100985
-0.000107083
0.0101205
-0.00011805
0.0101388
-0.000112879
0.010163
-0.000126435
0.0101813
-0.000118747
0.0102082
-0.00013242
0.0102276
-0.000128824
0.0102543
-0.0001323
0.0102766
-0.000141801
0.0102991
-0.000126456
0.0103269
-0.000153335
0.0103435
-0.000121288
0.0103771
-0.00015803
0.0103896
-0.000124255
0.0104256
-0.000150639
0.0104397
-0.000138691
0.010471
-0.000133664
0.0104928
-0.00015579
0.0105149
-0.000119207
0.010546
-0.000162635
0.0105599
-0.000117803
0.0105958
-0.000151198
0.0106087
-0.000131307
0.0106407
-0.000128237
0.0106602
-0.000144602
0.0106834
-0.000112209
0.0107109
-0.000143352
0.0107264
-0.000109897
0.010757
-0.000126067
0.0107716
-0.000113114
0.0107977
-0.000107238
0.0108175
-0.00010775
0.0108348
-9.2955e-05
0.0108611
-9.59584e-05
0.0108715
-8.19285e-05
0.0108974
-7.38488e-05
0.0109088
-7.02024e-05
0.0109272
-4.81109e-05
0.0109435
-5.55477e-05
0.010956
-3.02921e-05
0.0109697
-2.12028e-05
0.0109848
-1.86298e-05
0.010991
1.37504e-05
0.0110078
7.62807e-06
0.0110127
3.46134e-05
0.0110254
4.53499e-05
0.0110332
6.05587e-05
0.0110435
7.19737e-05
0.0110544
9.51398e-05
0.011065
9.99026e-05
0.0110792
0.000125935
0.0110932
0.000137872
0.0111121
0.000157996
0.0111287
0.000179287
0.0111596
0.000199228
0.0111725
0.000230961
0.0112209
0.000251239
0.0112355
0.00029242
0.0112953
0.000321783
0.0113189
0.000376347
0.0113933
0.000404801
0.0114266
0.000487971
0.0115204
0.000514864
0.0115696
0.000627395
0.0116818
0.000667946
0.0117566
0.000810171
0.0118892
0.000880839
0.0119958
0.00106979
0.0121449
0.00119201
0.012274
0.00146028
0.0124204
0.00167242
0.0125419
0.00204342
0.0126383
0.00237705
0.0127017
0.00288194
0.00340768
0.0126638
0.0100066
-2.1205e-05
0.0100269
-6.51467e-05
0.0100517
-9.47725e-05
0.0100771
-0.00011489
0.0101005
-0.000127384
0.0101223
-0.000128924
0.0101439
-0.000139652
0.010164
-0.000132989
0.0101881
-0.000150503
0.0102092
-0.000139869
0.0102359
-0.00015911
0.0102571
-0.000150044
0.0102835
-0.000158712
0.0103055
-0.000163821
0.0103293
-0.000150192
0.0103543
-0.000178402
0.0103741
-0.000141021
0.0104036
-0.000187575
0.0104194
-0.000140012
0.0104523
-0.000183566
0.0104664
-0.000152791
0.0104987
-0.000165986
0.0105154
-0.000172439
0.0105428
-0.0001466
0.0105651
-0.000185006
0.0105851
-0.000137816
0.010614
-0.000180078
0.0106278
-0.000145081
0.0106597
-0.00016013
0.0106721
-0.000157019
0.0107015
-0.000141631
0.0107177
-0.000159534
0.0107397
-0.000131882
0.0107624
-0.000148747
0.0107763
-0.000127043
0.0108026
-0.000133539
0.0108143
-0.000119451
0.0108374
-0.00011608
0.0108523
-0.000110865
0.0108685
-9.81259e-05
0.0108841
-8.94188e-05
0.0109019
-8.80314e-05
0.0109086
-5.47826e-05
0.0109351
-8.20129e-05
0.0109293
-2.45496e-05
0.0109634
-5.52219e-05
0.0109491
-4.35667e-06
0.0109854
-2.25662e-05
0.0109703
2.2683e-05
0.0110027
2.29154e-06
0.010991
5.70276e-05
0.0110173
3.42653e-05
0.0110118
7.74527e-05
0.0110388
6.81204e-05
0.0110323
0.000106412
0.0110714
8.68147e-05
0.0110607
0.000148595
0.0111115
0.00010722
0.0111038
0.000186945
0.0111658
0.000137227
0.0111596
0.000237199
0.0112383
0.000172502
0.0112356
0.000295173
0.0113242
0.000233167
0.0113429
0.0003576
0.0114315
0.000316253
0.0114838
0.000435612
0.0115757
0.000423003
0.0116581
0.000544987
0.0117671
0.000558957
0.0118826
0.000694667
0.0120193
0.000744141
0.0121793
0.000909802
0.0123584
0.00101295
0.012562
0.00125664
0.0127692
0.00146524
0.0129935
0.00181914
0.0131279
0.00224264
0.013316
0.00269379
0.00339475
0.013329
0.0100147
-3.59431e-05
0.010044
-9.43635e-05
0.0100782
-0.000129044
0.0101075
-0.000144161
0.0101314
-0.00015132
0.0101531
-0.000150572
0.0101726
-0.000159154
0.010197
-0.000157414
0.0102171
-0.000170609
0.0102438
-0.000166587
0.0102629
-0.000178195
0.010287
-0.000174134
0.0103067
-0.000178422
0.0103243
-0.000181446
0.0103488
-0.000174617
0.0103581
-0.000187773
0.0103886
-0.000171498
0.0103914
-0.000190343
0.0104235
-0.00017215
0.0104264
-0.00018647
0.0104513
-0.000177633
0.0104626
-0.000177332
0.0104738
-0.000183674
0.010496
-0.000168786
0.0104957
-0.000184653
0.0105224
-0.000164537
0.0105204
-0.000178041
0.0105399
-0.000164584
0.010547
-0.000167222
0.0105524
-0.000162434
0.01057
-0.000159284
0.010565
-0.00015452
0.0105861
-0.000152927
0.0105799
-0.000142596
0.0105951
-0.000142198
0.0105951
-0.000133609
0.0106014
-0.000125676
0.0106075
-0.000122266
0.0106082
-0.000111565
0.0106139
-0.000103747
0.0106184
-9.39929e-05
0.0106154
-8.49926e-05
0.0106298
-6.91585e-05
0.0106175
-6.96935e-05
0.0106361
-4.32388e-05
0.0106258
-4.48915e-05
0.01064
-1.85695e-05
0.0106399
-2.2476e-05
0.0106441
1.85621e-05
0.0106519
-5.51471e-06
0.0106589
4.99692e-05
0.0106621
3.11085e-05
0.0106863
5.32092e-05
0.0106789
7.55709e-05
0.0107202
6.50763e-05
0.0107154
9.16406e-05
0.0107617
0.000102239
0.0107693
9.96084e-05
0.0108284
0.0001279
0.0108291
0.000136495
0.0109272
0.000139165
0.0109099
0.000189775
0.0110371
0.000167942
0.0110376
0.000232716
0.0111648
0.000230412
0.0111974
0.000283585
0.0113465
0.000286542
0.0113953
0.000374176
0.0115787
0.000361559
0.0116498
0.000487951
0.011876
0.000468446
0.0119839
0.000636261
0.0122541
0.000639575
0.0124388
0.000828242
0.0127693
0.000926115
0.0130662
0.00116835
0.0134809
0.00140449
0.0138228
0.0019007
0.014067
0.00244955
0.00321633
0.0142455
0.0100365
-7.241e-05
0.0100799
-0.000137762
0.0101114
-0.00016054
0.0101276
-0.000160434
0.0101358
-0.000159487
0.0101444
-0.000159203
0.0101488
-0.000163499
0.0101559
-0.0001645
0.0101526
-0.000167381
0.010154
-0.000167937
0.0101425
-0.000166699
0.010136
-0.000167682
0.0101206
-0.000162996
0.010105
-0.000165832
0.0100902
-0.00015981
0.0100643
-0.000161922
0.0100513
-0.000158505
0.0100165
-0.000155489
0.0100027
-0.000158326
0.00996393
-0.000147729
0.00994344
-0.000157147
0.00990737
-0.000141264
0.00987603
-0.000152332
0.00984525
-0.000138007
0.00980384
-0.000143244
0.00977619
-0.000136881
0.00973036
-0.00013221
0.00969961
-0.000133832
0.0096563
-0.000123915
0.00961916
-0.000125291
0.00958022
-0.000120353
0.00953745
-0.000111741
0.00950159
-0.000117071
0.00945755
-9.85594e-05
0.00942285
-0.000107498
0.00938057
-9.13214e-05
0.00934508
-9.01873e-05
0.00930989
-8.70825e-05
0.00926893
-7.0601e-05
0.00924483
-7.96495e-05
0.00920348
-5.26379e-05
0.00918235
-6.38673e-05
0.0091563
-4.31041e-05
0.00912182
-3.5217e-05
0.00912509
-4.65067e-05
0.00907518
5.01982e-06
0.00910351
-4.68972e-05
0.00905697
2.4062e-05
0.00908592
-1.03886e-05
0.00906522
1.51795e-05
0.00907309
4.20997e-05
0.00909721
6.99637e-06
0.00908968
6.07318e-05
0.00912836
3.68951e-05
0.00915177
4.16702e-05
0.00917378
6.96224e-05
0.00922275
5.32732e-05
0.00927401
4.83501e-05
0.00929525
0.000106662
0.00939615
3.55935e-05
0.00943064
0.000104675
0.0095183
0.000102112
0.00960576
8.04832e-05
0.00971479
0.000123686
0.00977312
0.000172086
0.00999255
6.41532e-05
0.00999375
0.000285341
0.0103019
6.60036e-05
0.0103183
0.000345204
0.0106816
0.000124619
0.0107364
0.000413617
0.0111908
0.00018194
0.0112642
0.000566158
0.0118836
0.000208813
0.0119738
0.000835888
0.0128509
0.000291318
0.0130503
0.00120507
0.014284
0.000666969
0.0145896
0.00214399
0.00206828
0.0157376
0.00992759
0.00978983
0.00962929
0.00946885
0.00930937
0.00915016
0.00898667
0.00882217
0.00865478
0.00848685
0.00832015
0.00815247
0.00798947
0.00782364
0.00766383
0.00750191
0.0073434
0.00718791
0.00702959
0.00688186
0.00672471
0.00658345
0.00643111
0.00629311
0.00614986
0.00601298
0.00588077
0.00574694
0.00562302
0.00549773
0.00537738
0.00526564
0.00514857
0.00505001
0.00494251
0.00485119
0.004761
0.00467392
0.00460332
0.00452367
0.00447103
0.00440716
0.00436406
0.00432884
0.00428234
0.00428736
0.00424046
0.00426452
0.00425413
0.00426931
0.00431141
0.00431841
0.00437914
0.00441604
0.00445771
0.00452733
0.0045806
0.00462895
0.00473561
0.00477121
0.00487588
0.00497799
0.00505848
0.00518216
0.00535425
0.0054184
0.00570374
0.00576975
0.00611495
0.00623957
0.00665318
0.00683513
0.00740128
0.0076101
0.00844598
0.0087373
0.00994237
0.0106093
0.0127533
0.0148216
-0.00290098
0.000117589
-0.00292932
2.83399e-05
-0.00290507
-2.42543e-05
-0.00287805
-2.70154e-05
-0.00289993
2.18783e-05
-0.00299233
9.2396e-05
-0.00314701
0.000154681
-0.00330321
0.000156202
-0.00339316
8.99524e-05
-0.00336876
-2.44044e-05
-0.00323684
-0.000131918
-0.00302584
-0.000210999
-0.00278901
-0.000236824
-0.00254166
-0.000247355
-0.00226991
-0.000271747
-0.00194814
-0.000321774
-0.0016393
-0.000308834
-0.00128507
-0.000354238
-0.000658605
-0.00062646
-0.000658604
0.0011441
0.000958865
0.000255506
0.000916937
-0.000622395
0.000853646
-0.0014145
0.000765094
-0.00205937
0.000666744
-0.00252599
0.000559019
-0.00281962
0.000448309
-0.00298621
0.000322789
-0.00307944
0.000183181
-0.00310115
-2.68712e-06
-0.00306316
-0.000169909
-0.00295723
-0.000316931
-0.00277808
-0.000415981
-0.00249016
-0.000535266
-0.002061
-0.000700915
-0.00154979
-0.000832979
-0.00111689
-0.000741731
-0.000741123
-0.00073001
-0.000436617
-0.000930967
-0.00109522
0.00541758
0.00158459
0.00474063
0.00159389
0.0040159
0.00157838
0.00324744
0.00153356
0.00244969
0.0014645
0.00165887
0.00134984
0.000913899
0.00119328
0.000258808
0.00097788
-0.000285678
0.000727667
-0.000732505
0.00044414
-0.00106667
0.000164258
-0.00128361
-9.99936e-05
-0.0013233
-0.000376287
-0.00113905
-0.000719521
-0.000751648
-0.00108831
-0.000274662
-0.00130997
0.000131976
-0.00114837
0.000510094
-0.00110813
0.000302218
-0.00072309
-0.000793003
0.00778586
0.00198482
0.0073372
0.00204255
0.00683867
0.0020769
0.00627736
0.00209487
0.00567623
0.00206563
0.00503116
0.0019949
0.00436289
0.00186155
0.00367733
0.00166345
0.00298681
0.00141819
0.00233766
0.00109328
0.00173494
0.000766986
0.00127279
0.000362148
0.000894424
2.08271e-06
0.000696519
-0.000521616
0.000412665
-0.00080446
-6.84494e-05
-0.000828851
-0.000413806
-0.000803012
-0.000422783
-0.00109915
-0.000254879
-0.000890994
-0.00104788
0.00890409
0.00223961
0.00861
0.00233665
0.0082736
0.0024133
0.00789486
0.00247361
0.00747163
0.00248885
0.00699453
0.00247201
0.00647132
0.00238475
0.00589521
0.00223956
0.00526529
0.00204811
0.00461048
0.0017481
0.00390254
0.00147492
0.00316282
0.00110187
0.00236254
0.000802359
0.00149644
0.000344484
0.000584618
0.000107364
-7.14819e-05
-0.000172751
-0.000341393
-0.000533101
-0.000624539
-0.000816003
-0.000446113
-0.00106942
-0.001494
0.00940466
0.00242726
0.00919176
0.00254954
0.00894286
0.00266219
0.00866675
0.00274973
0.00834563
0.00280997
0.00798968
0.00282796
0.00756563
0.0028088
0.00708928
0.00271591
0.00655088
0.00258651
0.00590878
0.0023902
0.00526909
0.00211461
0.00460612
0.00176484
0.00405863
0.00134985
0.00350263
0.000900481
0.00289922
0.00071077
0.00258117
0.000145297
0.00231686
-0.000268788
0.0016876
-0.000186741
0.000800067
-0.000181888
-0.000693929
0.00966597
0.00258781
0.00947735
0.00273816
0.00926507
0.00287448
0.00902729
0.00298751
0.00874698
0.00309029
0.0084431
0.00313183
0.0080839
0.003168
0.00766148
0.00313833
0.00720882
0.00303917
0.00667544
0.00292358
0.00611104
0.00267901
0.00534519
0.0025307
0.00433629
0.00235875
0.0032847
0.00195208
0.00214563
0.00184984
0.000644006
0.00164692
-0.000562169
0.000937387
-0.00113432
0.000385407
-0.000853473
-0.000462731
-0.0015474
0.00985019
0.00274851
0.00967287
0.00291548
0.00945541
0.00309194
0.00922333
0.00321959
0.00895623
0.00335738
0.00863879
0.00344927
0.0083249
0.00348189
0.00791292
0.00355032
0.00747623
0.00347585
0.00695619
0.00344363
0.00636231
0.00327288
0.00594883
0.00294418
0.00548674
0.00282084
0.00500212
0.00243669
0.00490022
0.00195173
0.0047253
0.00182184
0.00379612
0.00186658
0.00251091
0.00167061
0.00138854
0.000659641
-0.000158865
0.0100296
0.00292188
0.00984672
0.00309841
0.00962837
0.00331029
0.0093646
0.00348336
0.00910986
0.00361213
0.00875963
0.0037995
0.00842562
0.00381589
0.00804868
0.00392726
0.00762638
0.00389815
0.00719287
0.00387714
0.00650541
0.00396034
0.00570858
0.00374101
0.00483307
0.00369635
0.0034397
0.00383006
0.00184856
0.00354288
0.000860642
0.00280976
0.000644638
0.00208258
0.000820044
0.00149521
0.000625634
0.000854051
0.000466769
0.0102431
0.00308497
0.0100276
0.00331394
0.00981799
0.00351988
0.00951756
0.00378379
0.00923264
0.00389705
0.00890481
0.00412732
0.00849158
0.00422912
0.00808371
0.00433514
0.00759206
0.0043898
0.00723017
0.00423903
0.00691046
0.00428005
0.0064458
0.00420568
0.00635386
0.00378828
0.00644388
0.00374004
0.00588085
0.00410591
0.00482331
0.00386729
0.00362306
0.00328283
0.00249949
0.00261878
0.001188
0.00216554
0.00165477
0.0104902
0.0032268
0.0102527
0.00355147
0.0100157
0.00375681
0.00972942
0.0040701
0.00936129
0.00426518
0.00902649
0.00446212
0.00862413
0.00463148
0.00825227
0.004707
0.00766892
0.00497316
0.00692449
0.00498345
0.00626619
0.00493835
0.00513524
0.00533662
0.00376112
0.0051624
0.00306867
0.0044325
0.00304359
0.00413099
0.0029732
0.00393768
0.00259272
0.00366332
0.00195255
0.00325894
0.000989753
0.00312834
0.00264452
0.0107499
0.0033955
0.0105431
0.00375828
0.0102429
0.004057
0.00996466
0.00434831
0.00957235
0.0046575
0.00915302
0.00488144
0.00864982
0.00513468
0.00824594
0.00511088
0.00800584
0.00521326
0.00758679
0.0054025
0.00745149
0.00507365
0.00758546
0.00520266
0.00698335
0.00576451
0.00563661
0.00577924
0.00436501
0.00540259
0.00334195
0.00496074
0.00245129
0.00455398
0.001603
0.00410722
0.000722171
0.00400917
0.00336669
0.0110658
0.00359767
0.0108622
0.00396186
0.0105427
0.0043765
0.0102076
0.0046834
0.00980401
0.00506114
0.00942495
0.0052605
0.00889039
0.00566924
0.00811323
0.00588804
0.00745102
0.00587546
0.00643807
0.00641544
0.00503701
0.00647471
0.00441726
0.00582241
0.00456071
0.00562105
0.00453339
0.00580656
0.00405473
0.00588125
0.00326403
0.00575144
0.00239265
0.00542537
0.00152534
0.00497453
0.000662907
0.00487161
0.0040296
0.0114677
0.00378157
0.0112426
0.00418694
0.0109104
0.00470872
0.0105007
0.00509309
0.0100019
0.00555987
0.00951058
0.00575186
0.00926837
0.00591145
0.00884921
0.0063072
0.00860849
0.00611619
0.00876764
0.00625629
0.00820437
0.00703798
0.00683399
0.00719278
0.00567467
0.00678038
0.00491596
0.00656527
0.00425871
0.0065385
0.00346261
0.00654754
0.00254787
0.00634011
0.00161213
0.00591027
0.000721918
0.00576182
0.00475152
0.0119335
0.00395124
0.0116878
0.00443266
0.0113555
0.00504101
0.010924
0.00552463
0.0104124
0.00607145
0.00958466
0.00657959
0.00884345
0.00665266
0.00788231
0.00726834
0.00638344
0.00761506
0.00566401
0.00697572
0.00588314
0.00681885
0.00590017
0.00717576
0.00534916
0.00733139
0.00463773
0.0072767
0.00400157
0.00717466
0.00333299
0.00721611
0.00253101
0.0071421
0.00160532
0.00683595
0.000724294
0.00664285
0.00547581
0.012526
0.00408906
0.0121809
0.00477775
0.0117713
0.00545065
0.011198
0.00609793
0.0108665
0.00640292
0.0104955
0.00695056
0.0101458
0.0070024
0.0103279
0.00708628
0.00981592
0.00812701
0.00828463
0.00850701
0.00700112
0.00810236
0.00623263
0.00794426
0.00553707
0.00802695
0.00472969
0.00808407
0.00397435
0.00793
0.00327299
0.00791748
0.00251844
0.00789664
0.00165255
0.00770184
0.000776846
0.00751855
0.00625266
0.0132797
0.00413827
0.0129396
0.0051179
0.0123711
0.00601916
0.0115542
0.00691484
0.0105889
0.00736818
0.00949591
0.00804354
0.00789528
0.00860303
0.00700985
0.0079717
0.00734179
0.00779508
0.00746595
0.00838284
0.00687434
0.00869397
0.00615301
0.00866559
0.00551372
0.00866624
0.0047807
0.00881709
0.00397659
0.00873412
0.00322865
0.00866541
0.00249039
0.00863491
0.00165774
0.00853449
0.000799992
0.0083763
0.00705265
0.0141753
0.0042084
0.0135724
0.00572085
0.0129756
0.00661599
0.0126503
0.00724005
0.0124573
0.00756126
0.0124856
0.00801517
0.0118393
0.00924934
0.00994254
0.00986849
0.00840747
0.00933015
0.00765904
0.00913127
0.00694596
0.00940705
0.00614136
0.00947019
0.00543522
0.00937238
0.00474464
0.00950767
0.00395271
0.00952604
0.00317121
0.00944691
0.0024253
0.00938082
0.00163888
0.00932091
0.000814767
0.00920041
0.00786742
0.0156084
0.00433762
0.0145359
0.0067933
0.0128236
0.00832831
0.0110636
0.00900011
0.00949125
0.00913357
0.00891591
0.0085905
0.00967833
0.00848693
0.00985327
0.00969356
0.00881512
0.0103683
0.00782317
0.0101232
0.00711019
0.01012
0.00630488
0.0102755
0.0054878
0.0101895
0.00476152
0.0102339
0.00398727
0.0103003
0.00318574
0.0102484
0.00242312
0.0101434
0.00163998
0.0101041
0.000818713
0.0100217
0.00868613
0.0154617
0.00369753
0.0165527
0.00570232
0.0167099
0.00817108
0.0159455
0.00976455
0.0139402
0.0111389
0.011089
0.0114417
0.00936216
0.0102137
0.00923803
0.00981769
0.00887062
0.0107357
0.00795739
0.0110365
0.00711953
0.0109579
0.00633002
0.011065
0.00549254
0.0110269
0.00472675
0.0109997
0.00396289
0.0110642
0.00317153
0.0110398
0.00238148
0.0109335
0.00161729
0.0108682
0.000826461
0.0108125
0.00951259
0.00574733
-0.0020498
0.00918008
0.00226957
0.0120545
0.00529669
0.0136513
0.00816772
0.0143401
0.01045
0.0132181
0.0125638
0.0108476
0.0125842
0.00925473
0.0114106
0.00866786
0.0113226
0.00797542
0.0117289
0.00714749
0.0117858
0.00633716
0.0118753
0.00549401
0.0118701
0.00469858
0.0117952
0.00394318
0.0118196
0.00318577
0.0117972
0.00241687
0.0117024
0.00163707
0.011648
0.000828712
0.0116209
0.0103413
-0.000680337
-0.00136946
0.00254536
-0.000956131
0.00631891
0.00152314
0.0086808
0.00580584
0.0116612
0.00746966
0.0130783
0.0111466
0.0119591
0.0137034
0.0100339
0.0133358
0.00883167
0.0125248
0.00803146
0.0125291
0.00720205
0.0126152
0.00636962
0.0127078
0.00550921
0.0127305
0.00466893
0.0126354
0.00388017
0.0126083
0.00311505
0.0125623
0.00233989
0.0124775
0.00160941
0.0123785
0.000837749
0.0123925
0.0111791
-0.00326974
0.00190029
-0.003082
-0.00114388
0.000557972
-0.00211683
0.00411624
0.00224757
0.00760363
0.00398226
0.0109367
0.00781355
0.0117424
0.0128977
0.0106083
0.0144699
0.00911877
0.0140143
0.00804774
0.0136001
0.00714146
0.0135215
0.00630937
0.0135399
0.00547329
0.0135666
0.00463762
0.0134711
0.0038436
0.0134023
0.00308677
0.0133192
0.00232072
0.0132436
0.00156922
0.01313
0.00080097
0.0131608
0.01198
-0.00122998
0.00313027
-0.00241589
4.20339e-05
-0.002406
-0.00212672
0.000130442
-0.000288874
0.00281673
0.00129597
0.00783034
0.00279993
0.0103394
0.0103886
0.010528
0.0142813
0.00947351
0.0150688
0.0082406
0.0148331
0.00717508
0.014587
0.00624872
0.0144662
0.00539236
0.0144229
0.00455336
0.0143101
0.00375391
0.0142018
0.0029888
0.0140843
0.00222555
0.0140069
0.00152266
0.0138329
0.000786654
0.0138968
0.0127667
-0.000402811
0.00353308
-0.000464008
0.000103231
-0.000829225
-0.0017615
0.000322771
-0.00144087
0.000911824
0.000706921
0.00362307
8.86892e-05
0.00824701
0.0057647
0.00979449
0.0127338
0.0093217
0.0155416
0.00825239
0.0159024
0.00715516
0.0156843
0.00618261
0.0154388
0.00529756
0.015308
0.00444784
0.0151598
0.00364757
0.0150021
0.00289657
0.0148353
0.00215708
0.0147463
0.00144793
0.0145421
0.000727972
0.0146167
0.0134946
1.42472e-05
0.00351883
0.0011858
-0.00106833
0.00260021
-0.00317591
0.00353491
-0.00237558
0.00458306
-0.000341224
0.00340125
0.0012705
0.00642346
0.00274249
0.00869147
0.0104658
0.00890351
0.0153296
0.00806772
0.0167382
0.00702169
0.0167303
0.00603861
0.0164218
0.00515719
0.0161894
0.00431424
0.0160028
0.00351174
0.0158046
0.00275432
0.0155927
0.00202541
0.0154752
0.00135933
0.0152081
0.000675319
0.0153008
0.01417
0.0007615
0.00275733
0.0030297
-0.00333653
0.00476671
-0.00491291
0.00513665
-0.00274552
0.00647622
-0.00168079
0.00500374
0.00274299
0.00509994
0.00264628
0.00751102
0.00805472
0.00836652
0.0144741
0.00782071
0.017284
0.00682975
0.0177212
0.00583606
0.0174155
0.00495103
0.0170744
0.00412524
0.0168286
0.00334607
0.0165837
0.00261446
0.0163243
0.00191564
0.0161741
0.00125008
0.0158737
0.000587893
0.0159629
0.0147579
0.00274698
1.03479e-05
0.00509357
-0.00568311
0.00630381
-0.00612315
0.00715322
-0.00359494
0.00746581
-0.00199338
0.00736996
0.00283883
0.00580108
0.00421517
0.00681897
0.00703682
0.00762533
0.0136677
0.00736018
0.0175491
0.00651016
0.0185713
0.00555296
0.0183727
0.0046845
0.0179429
0.00388919
0.0176239
0.00313671
0.0173362
0.00242061
0.0170404
0.00174135
0.0168533
0.00111577
0.0164993
0.000498515
0.0165802
0.0152564
0.00378169
-0.00377134
0.00572442
-0.00762584
0.00645462
-0.00685335
0.00744297
-0.00458329
0.00730304
-0.00185344
0.00793685
0.00220502
0.00647513
0.00567689
0.00635264
0.00715931
0.00697033
0.01305
0.00682545
0.017694
0.0060966
0.0193001
0.00519394
0.0192754
0.00435196
0.0187849
0.00359199
0.0183838
0.00288761
0.0180406
0.00222252
0.0177055
0.00158535
0.0174905
0.000972674
0.0171119
0.000390733
0.0171621
0.0156471
0.00323881
-0.00701015
0.00517797
-0.00956499
0.00609115
-0.00776653
0.0069817
-0.00547385
0.00678915
-0.0016609
0.00739358
0.00160059
0.00660644
0.00646403
0.00588547
0.00788028
0.00620877
0.0127267
0.00614826
0.0177545
0.00555081
0.0198976
0.00473522
0.020091
0.0039409
0.0195792
0.00323271
0.019092
0.0025832
0.0186901
0.00196865
0.01832
0.00137877
0.0180804
0.000822302
0.0176684
0.000299476
0.017685
0.0159466
0.00273428
-0.00974443
0.00443588
-0.0112666
0.00555512
-0.00888577
0.00630198
-0.0062207
0.00630927
-0.00166819
0.00662881
0.00128106
0.00619917
0.00689366
0.00540704
0.00867241
0.00541496
0.0127188
0.0053582
0.0178113
0.0048788
0.020377
0.00417837
0.0207914
0.00346368
0.0202939
0.00281794
0.0197378
0.00223732
0.0192707
0.00169937
0.018858
0.00117709
0.0186027
0.000658127
0.0181874
0.000194905
0.0181482
0.0161415
0.00225557
-0.012
0.0037791
-0.0127901
0.00482093
-0.0099276
0.00532441
-0.00672417
0.00555594
-0.00189973
0.00561376
0.00122324
0.00542553
0.00708189
0.00473819
0.00935976
0.00456403
0.012893
0.00443842
0.0179369
0.00406168
0.0207537
0.00350607
0.021347
0.00290714
0.0208928
0.00234899
0.0202959
0.00184578
0.0197739
0.00138128
0.0193225
0.000932202
0.0190517
0.000498701
0.0186209
0.000114003
0.0185329
0.0162555
0.00183542
-0.0138354
0.0030402
-0.0139949
0.00392078
-0.0108082
0.00427539
-0.00707879
0.00460289
-0.00222723
0.00456278
0.00126335
0.0045266
0.00711807
0.00393006
0.0099563
0.00365664
0.0131664
0.00345509
0.0181384
0.00315321
0.0210556
0.00273512
0.0217651
0.00227098
0.021357
0.00182334
0.0207436
0.00142052
0.0201768
0.00105356
0.0196895
0.000693594
0.0194117
0.000320117
0.0189944
1.99225e-05
0.0188331
0.0162754
0.00141977
-0.0152552
0.00239991
-0.0149751
0.00304919
-0.0114575
0.00331183
-0.00734143
0.00366706
-0.00258246
0.00354478
0.00138563
0.00352237
0.00714048
0.00301127
0.0104674
0.00268712
0.0134905
0.00243507
0.0183905
0.00220897
0.0212817
0.00192218
0.0220519
0.00158264
0.0216965
0.00125671
0.0210695
0.000956681
0.0204768
0.000686904
0.0199592
0.000419734
0.0196789
0.000157943
0.0192562
-5.08676e-05
0.0190419
0.0162245
0.00104672
-0.0163019
0.00171238
-0.0156407
0.00218422
-0.0119293
0.00243229
-0.0075895
0.00270708
-0.00285725
0.00249667
0.00159604
0.0023734
0.00726376
0.00192129
0.0109195
0.00162111
0.0137907
0.00139488
0.0186167
0.00123603
0.0214405
0.0010466
0.0222413
0.000844918
0.0218982
0.00064918
0.0212652
0.000471029
0.0206549
0.000317914
0.0201124
0.000155964
0.0198408
-3.07658e-05
0.0194429
-0.000135906
0.019147
0.0160886
0.000666627
-0.0169685
0.00109453
-0.0160686
0.00137039
-0.0122052
0.00156715
-0.00778625
0.00171496
-0.00300506
0.00143031
0.00188069
0.00120709
0.00748698
0.000818612
0.011308
0.000482272
0.014127
0.00036979
0.0187292
0.000248888
0.0215614
0.000158945
0.0223313
9.12647e-05
0.0219659
3.31418e-05
0.0213233
-2.51727e-05
0.0207132
-8.24365e-05
0.0201696
-0.000126566
0.0198849
-0.000183934
0.0195002
-0.000205348
0.0191684
0.0158833
0.000329199
-0.0172977
0.000418235
-0.0161577
0.000482127
-0.012269
0.000522766
-0.00782689
0.000561246
-0.00304354
0.000226442
0.00221549
3.43262e-05
0.0076791
-0.000343838
0.0116861
-0.0006228
0.014406
-0.000774436
0.0188808
-0.000803249
0.0215902
-0.000726013
0.022254
-0.000636946
0.0218768
-0.000568471
0.0212549
-0.000510074
0.0206549
-0.000450771
0.0201103
-0.000401427
0.0198356
-0.000385071
0.0194839
-0.00029894
0.0190823
0.0155844
-3.11243e-05
-0.0172666
-0.000181174
-0.0160076
-0.000375106
-0.0120751
-0.000566552
-0.00763545
-0.000749899
-0.00286019
-0.00112734
0.00259294
-0.00139253
0.00794428
-0.00157643
0.01187
-0.00172885
0.0145584
-0.00190198
0.019054
-0.00182016
0.0215084
-0.00157467
0.0220085
-0.00133845
0.0216406
-0.00114283
0.0210592
-0.000984832
0.0204969
-0.000838563
0.019964
-0.000684783
0.0196818
-0.000548315
0.0193474
-0.000375127
0.0189091
0.0152092
-0.000324449
-0.0169422
-0.000759037
-0.015573
-0.00120412
-0.01163
-0.00162281
-0.00721675
-0.00202303
-0.00245998
-0.00241875
0.00298866
-0.00262938
0.0081549
-0.00270788
0.0119486
-0.00286076
0.0147113
-0.00296086
0.0191541
-0.00277474
0.0213223
-0.00241471
0.0216485
-0.00204317
0.0212691
-0.00172784
0.0207439
-0.00145283
0.0202218
-0.00120183
0.019713
-0.000961804
0.0194418
-0.000760752
0.0191464
-0.000485371
0.0186337
0.0147239
-0.000594169
-0.016348
-0.00127522
-0.014892
-0.00194743
-0.0109578
-0.00260219
-0.00656199
-0.00315433
-0.00190784
-0.00353413
0.00336846
-0.00367855
0.00829932
-0.00369913
0.0119691
-0.00386682
0.014879
-0.00391915
0.0192064
-0.00362539
0.0210285
-0.00314338
0.0211665
-0.00266965
0.0207953
-0.00225149
0.0203258
-0.00189528
0.0198656
-0.00157803
0.0193958
-0.00125417
0.0191179
-0.000933387
0.0188256
-0.000570254
0.0182706
0.0141536
-0.000845309
-0.0155027
-0.00175211
-0.0139852
-0.00260515
-0.0101048
-0.00343476
-0.00573238
-0.00409137
-0.00125123
-0.00447747
0.00375456
-0.00464609
0.00846795
-0.00466142
0.0119845
-0.0048196
0.0150372
-0.00477936
0.0191662
-0.00436594
0.0206151
-0.00378962
0.0205902
-0.00323957
0.0202453
-0.0027506
0.0198368
-0.00230939
0.0194244
-0.00190207
0.0189885
-0.00151055
0.0187264
-0.00115891
0.018474
-0.000702317
0.017814
0.0134513
-0.00103289
-0.0144698
-0.00209481
-0.0129233
-0.00309722
-0.00910237
-0.00404082
-0.00478877
-0.00482652
-0.00046553
-0.00527152
0.00419955
-0.00546061
0.00865704
-0.00549889
0.0120228
-0.0056632
0.0152015
-0.00552281
0.0190258
-0.00499526
0.0200876
-0.00432196
0.0199169
-0.00370864
0.019632
-0.00315505
0.0192832
-0.00267628
0.0189457
-0.00224893
0.0185611
-0.00181301
0.0182905
-0.00135445
0.0180154
-0.000813407
0.017273
0.0126379
-0.00124798
-0.0132218
-0.00245918
-0.011712
-0.00352313
-0.00803843
-0.00455486
-0.00375704
-0.00540062
0.000380231
-0.00588404
0.00468297
-0.00608916
0.00886216
-0.00618585
0.0121194
-0.00636081
0.0153764
-0.00613462
0.0187996
-0.00548215
0.0194351
-0.00475439
0.0191891
-0.00410307
0.0189806
-0.00352415
0.0187043
-0.0030118
0.0184333
-0.00252615
0.0180755
-0.00204906
0.0178134
-0.00158894
0.0175553
-0.000955916
0.01664
0.011682
-0.00137517
-0.0118466
-0.00270427
-0.0103829
-0.00384083
-0.00690187
-0.00489257
-0.00270529
-0.00576375
0.00125141
-0.00629814
0.00521736
-0.00656595
0.00912997
-0.0067486
0.0123021
-0.00691077
0.0155386
-0.00659536
0.0184842
-0.00585896
0.0186987
-0.00508237
0.0184126
-0.00440752
0.0183058
-0.00380193
0.0180987
-0.00327659
0.017908
-0.0028051
0.017604
-0.0023413
0.0173496
-0.00182231
0.0170363
-0.00110227
0.0159199
0.0105797
-0.00151259
-0.0103341
-0.00295186
-0.00894368
-0.00413412
-0.00571961
-0.00515018
-0.00168924
-0.00603287
0.0021341
-0.00663295
0.00581744
-0.00698132
0.00947834
-0.0072418
0.0125626
-0.00736106
0.0156579
-0.00691273
0.0180359
-0.00607802
0.017864
-0.00528795
0.0176225
-0.0046152
0.017633
-0.00402612
0.0175096
-0.00351826
0.0174001
-0.00304781
0.0171335
-0.00258479
0.0168866
-0.0020769
0.0165284
-0.00126932
0.0151123
0.00931037
-0.00159697
-0.00873708
-0.00319076
-0.00734989
-0.00442113
-0.00448924
-0.00541196
-0.000698412
-0.00629606
0.0030182
-0.00694753
0.00646891
-0.00736579
0.0098966
-0.00765109
0.0128479
-0.00764953
0.0156563
-0.0070533
0.0174396
-0.00617565
0.0169863
-0.00541733
0.0168642
-0.0047775
0.0169932
-0.00420019
0.0169323
-0.00369305
0.016893
-0.00326119
0.0167017
-0.00286204
0.0164874
-0.0023428
0.0160092
-0.00145099
0.0142205
0.00785939
-0.00174364
-0.00699344
-0.00345202
-0.00564151
-0.00474434
-0.00319692
-0.0057497
0.00030695
-0.00658745
0.00385595
-0.00725277
0.00713424
-0.00768765
0.0103315
-0.00792382
0.013084
-0.00777775
0.0155102
-0.00704054
0.0167024
-0.00612663
0.0160724
-0.00541312
0.0161507
-0.0048047
0.0163848
-0.00427072
0.0163983
-0.00381673
0.016439
-0.0034349
0.0163198
-0.00306539
0.0161179
-0.00262651
0.0155703
-0.00171951
0.0133135
0.00613987
-0.00191193
-0.0050815
-0.0036636
-0.00388985
-0.00509004
-0.00177048
-0.00613056
0.00134747
-0.00694307
0.00466846
-0.00758558
0.00777674
-0.00797529
0.0107212
-0.00809122
0.0132
-0.00773124
0.0151502
-0.00684109
0.0158123
-0.00595941
0.0151907
-0.00532431
0.0155156
-0.00478406
0.0158445
-0.00431679
0.0159311
-0.0039264
0.0160486
-0.00359125
0.0159847
-0.00327952
0.0158062
-0.00290915
0.0151999
-0.00206505
0.0124694
0.00407482
-0.00193763
-0.00314388
-0.00377637
-0.00205111
-0.00533554
-0.000211307
-0.00645181
0.00246374
-0.00727076
0.0054874
-0.00784827
0.00835426
-0.00811073
0.0109836
-0.00800664
0.0130959
-0.00743238
0.014576
-0.00648086
0.0148608
-0.00569274
0.0144026
-0.00514943
0.0149723
-0.00465701
0.0153521
-0.00423936
0.0155134
-0.00390901
0.0157182
-0.00363831
0.015714
-0.00338129
0.0155492
-0.00300895
0.0148276
-0.0021531
0.0116136
0.00192173
-0.00184031
-0.00130357
-0.00373693
-0.000154479
-0.00533168
0.00138344
-0.0065138
0.00364586
-0.00731446
0.00628807
-0.00777711
0.0088169
-0.00788059
0.0110871
-0.00758718
0.0128025
-0.00686924
0.013858
-0.00594301
0.0139345
-0.00531692
0.0137765
-0.00486664
0.014522
-0.00444492
0.0149304
-0.00409029
0.0151588
-0.00383412
0.0154621
-0.00360748
0.0154874
-0.00334179
0.0152835
-0.00281434
0.0143001
-0.00175269
0.0105519
0.000169036
-0.00177461
0.000471038
-0.0035693
0.00164021
-0.00509818
0.00291233
-0.00625334
0.00480101
-0.00698609
0.00702082
-0.00733018
0.00916099
-0.00729991
0.0110569
-0.00685679
0.0123593
-0.00610126
0.0131025
-0.00534489
0.0131782
-0.00489209
0.0133237
-0.00453323
0.0141631
-0.00415413
0.0145513
-0.00384552
0.0148501
-0.00358808
0.0152046
-0.00334852
0.0152478
-0.00303942
0.0149744
-0.00242606
0.0136868
-0.00120075
0.0093266
-0.00103171
-0.00157407
0.00204511
-0.00319348
0.00325962
-0.00460631
0.00432515
-0.00565684
0.00585154
-0.00630598
0.00766996
-0.00653554
0.00939055
-0.00638216
0.0109035
-0.00592705
0.0119042
-0.00528454
0.01246
-0.00474045
0.0126341
-0.00443816
0.0130214
-0.00412561
0.0138506
-0.00379079
0.0142165
-0.00348975
0.0145491
-0.00326484
0.0149797
-0.00302568
0.0150086
-0.00263545
0.0145842
-0.00188429
0.0129356
-0.000702706
0.00814501
-0.00173442
-0.00135489
0.0034
-0.00277502
0.00467975
-0.00399841
0.00554854
-0.00489439
0.00674753
-0.00543475
0.00821032
-0.00558992
0.00954572
-0.00542133
0.0107349
-0.00503763
0.0115205
-0.0045422
0.0119646
-0.00418547
0.0122773
-0.00397274
0.0128087
-0.00369335
0.0135712
-0.00338511
0.0139083
-0.00313095
0.0142949
-0.00286753
0.0147163
-0.00252182
0.0146629
-0.00204464
0.014107
-0.00132974
0.0122207
-0.000294277
0.00710955
-0.0020287
-0.00112147
0.00452147
-0.00230733
0.00586562
-0.00334404
0.00658524
-0.00407889
0.00748238
-0.0044899
0.00862134
-0.00463142
0.00968723
-0.00447666
0.0105801
-0.00418076
0.0112246
-0.00387555
0.0116594
-0.00365124
0.012053
-0.00350213
0.0126596
-0.00323836
0.0133074
-0.00296797
0.0136379
-0.00266316
0.0139901
-0.00238325
0.0144364
-0.00203939
0.0143191
-0.00154432
0.0136119
-0.000800781
0.0114772
5.32551e-05
0.00625551
-0.00197544
-0.000883654
0.00540512
-0.00186145
0.00684341
-0.0027227
0.00744649
-0.00332757
0.00808725
-0.00364923
0.008943
-0.00373237
0.00977037
-0.0036503
0.0104981
-0.00348806
0.0110624
-0.00331212
0.0114834
-0.00317376
0.0119147
-0.0030346
0.0125204
-0.00277815
0.0130509
-0.00248134
0.013341
-0.00223164
0.0137404
-0.0019362
0.0141409
-0.00153322
0.0139161
-0.000993007
0.0130717
-0.000371679
0.0108558
0.000204806
0.00567903
-0.00177064
-0.000691493
0.00609661
-0.00147516
0.00762707
-0.00218438
0.00815572
-0.00269141
0.00859428
-0.00291676
0.00916835
-0.00299248
0.00984609
-0.00295413
0.0104597
-0.00284778
0.010956
-0.00276126
0.0113969
-0.00267002
0.0118234
-0.00252476
0.0123752
-0.00228939
0.0128156
-0.00205438
0.013106
-0.00175313
0.0134392
-0.00143601
0.0138238
-0.00106063
0.0135407
-0.000609937
0.012621
-5.29266e-05
0.0102988
0.000354822
0.00527128
-0.00141581
-0.000511237
0.00660785
-0.00113534
0.00825118
-0.0016984
0.00871878
-0.00211347
0.00900935
-0.00234874
0.00940362
-0.0023964
0.00989375
-0.00237176
0.0104351
-0.00234159
0.0109259
-0.00229002
0.0113454
-0.00221274
0.0117462
-0.00207921
0.0122416
-0.00187384
0.0126102
-0.00157703
0.0128092
-0.00132566
0.0131878
-0.00100992
0.0135081
-0.000648344
0.0131791
-0.000214074
0.0121867
0.000215702
0.00986905
0.00037902
0.00510796
-0.00103679
-0.000375776
0.00698363
-0.000860221
0.00873562
-0.00132072
0.00917927
-0.00167825
0.00936688
-0.00184586
0.00957123
-0.00191893
0.00996682
-0.00193025
0.0104464
-0.00190677
0.0109024
-0.00185977
0.0112984
-0.00178203
0.0116684
-0.00161113
0.0120707
-0.00140613
0.0124052
-0.001209
0.0126121
-0.000919593
0.0128984
-0.000612334
0.0132008
-0.00027641
0.0128432
7.34164e-05
0.0118369
0.000392784
0.00954968
0.000465106
0.00503564
-0.000571688
-0.000252768
0.0072364
-0.000636744
0.0091196
-0.000995138
0.00953767
-0.00126392
0.00963567
-0.00144629
0.0097536
-0.00150872
0.0100292
-0.00151809
0.0104558
-0.00153805
0.0109224
-0.00150453
0.0112648
-0.00139514
0.011559
-0.00125002
0.0119256
-0.00112694
0.0122821
-0.000874439
0.0123596
-0.000630157
0.0126541
-0.00029062
0.0128613
3.17389e-06
0.0125494
0.00035313
0.011487
0.000545084
0.00935773
0.000395317
0.00518541
-0.000176371
-0.000158498
0.00739489
-0.00043717
0.00939827
-0.000734818
0.00983532
-0.000984372
0.00988522
-0.00108953
0.00985876
-0.00114939
0.0100891
-0.00118413
0.0104905
-0.00119422
0.0109325
-0.00116431
0.0112349
-0.00109346
0.0114882
-0.000897215
0.0117294
-0.000723238
0.0121082
-0.000596159
0.0122325
-0.000312335
0.0123703
-2.59475e-05
0.0125749
0.000283737
0.0122397
0.000510935
0.0112598
0.000635399
0.00923326
0.00055892
0.00526189
0.000382549
-6.74668e-05
0.00746236
-0.000286393
0.0096172
-0.000513766
0.0100627
-0.000692481
0.0100639
-0.000825297
0.00999158
-0.000858836
0.0101226
-0.000848198
0.0104799
-0.00087234
0.0109566
-0.000859655
0.0112222
-0.00073992
0.0113684
-0.000580328
0.0115698
-0.000495689
0.0120235
-0.000335737
0.0120726
-0.000134846
0.0121694
0.000194372
0.0122457
0.000459968
0.0119741
0.00068666
0.0110331
0.000685941
0.00923398
0.000338712
0.00560911
0.000721261
1.67485e-06
0.00746068
-0.000128726
0.0097476
-0.000312399
0.0102464
-0.000500916
0.0102525
-0.000564854
0.0100555
-0.00058876
0.0101465
-0.000597246
0.0104883
-0.000585581
0.0109449
-0.000546973
0.0111836
-0.000499305
0.0113208
-0.00031366
0.0113841
-0.000121902
0.0118318
-6.20721e-05
0.0120127
0.000195539
0.0119118
0.000431034
0.0120102
0.000658603
0.0117466
0.000744929
0.0109467
0.000735265
0.00924364
0.00055949
0.00578489
0.00128075
7.52761e-05
0.00738541
-1.96735e-05
0.00984255
-0.000152921
0.0103796
-0.000274174
0.0103737
-0.000380831
0.0101622
-0.00039714
0.0101629
-0.000354448
0.0104456
-0.000361713
0.0109522
-0.000368868
0.0111908
-0.000236864
0.0111888
-8.06884e-05
0.011228
5.44083e-05
0.0116967
0.000197122
0.01187
0.00030899
0.0117999
0.000528088
0.0117911
0.00071348
0.0115612
0.000818806
0.0108414
0.000721046
0.0093414
0.000359076
0.00614686
0.00163983
0.00013131
0.0072541
0.000123882
0.00984997
3.19764e-05
0.0104715
-0.000132411
0.0105381
-0.000189383
0.0102191
-0.000185136
0.0101586
-0.000176083
0.0104366
-0.000138014
0.0109141
-0.000119569
0.0111723
-0.000123631
0.0111928
2.84148e-05
0.0110759
0.00027294
0.0114521
0.00033579
0.0118072
0.000549921
0.0115858
0.000706614
0.0116344
0.000828599
0.0114392
0.000826484
0.0108435
0.000782569
0.00938532
0.000489114
0.00644032
0.00212894
0.000207931
0.00704617
0.000219354
0.00983855
0.00017853
0.0105123
7.3511e-05
0.0106431
-4.92272e-05
0.0103419
-6.57649e-05
0.0101751
2.0799e-05
0.01035
4.19799e-05
0.0108929
-2.82169e-05
0.0112425
1.86638e-05
0.0111459
8.11481e-05
0.0110134
0.000242856
0.0112904
0.000442759
0.0116073
0.000504785
0.0115238
0.000637021
0.0115021
0.00075754
0.0113187
0.00080201
0.0107991
0.000642031
0.0095453
0.000345669
0.00673668
0.00247461
0.000257455
0.00678871
0.000343106
0.0097529
0.000355506
0.0104999
0.000219533
0.0107791
0.000111792
0.0104496
8.49134e-05
0.010202
0.000104458
0.0103305
0.000217309
0.0107801
0.000263344
0.0111965
0.000160125
0.0112492
0.00017172
0.0110018
0.000347643
0.0111145
0.000386628
0.0115683
0.000575187
0.0113352
0.000695443
0.0113819
0.000763257
0.0112509
0.00076756
0.0107948
0.000753263
0.00955959
0.000426199
0.00706374
0.00290081
0.000338139
0.00645057
0.000428872
0.00966217
0.000475839
0.010453
0.000437181
0.0108177
0.000263073
0.0106237
0.000169907
0.0102952
0.000244798
0.0102556
0.000336779
0.0106881
0.000345138
0.0111881
0.000349899
0.0112444
0.000267018
0.0110847
0.000313703
0.0110678
0.000491913
0.0113901
0.000483825
0.0113433
0.000569826
0.0112959
0.00068241
0.0111383
0.000738105
0.0107391
0.000567349
0.00973035
0.00031392
0.00731717
0.00321473
0.000396474
0.0060541
0.000548513
0.00951013
0.000618912
0.0103826
0.000585659
0.010851
0.000471909
0.0107375
0.000350582
0.0104165
0.00028147
0.0103247
0.000408233
0.0105614
0.000568535
0.0110278
0.000520844
0.0112921
0.000499096
0.0111065
0.000552505
0.0110144
0.000491113
0.0114515
0.00059959
0.0112348
0.000654584
0.0112409
0.000687793
0.0111051
0.000687937
0.0107389
0.000663278
0.00975501
0.000354083
0.00762636
0.00356881
0.000501851
0.00555225
0.000644521
0.00936746
0.000706809
0.0103203
0.000778358
0.0107794
0.000647869
0.010868
0.000479664
0.0105847
0.000448858
0.0103555
0.00047928
0.0105309
0.000559862
0.0109473
0.000688382
0.0111636
0.000614942
0.0111799
0.000578624
0.0110507
0.000721798
0.0113083
0.000630746
0.0113259
0.000656118
0.0112155
0.000707164
0.011054
0.000729895
0.0107162
0.000552611
0.00993229
0.00030505
0.00787393
0.00387386
0.000567386
0.00498486
0.000772384
0.00916246
0.000822303
0.0102704
0.000858331
0.0107434
0.000854618
0.0108717
0.000724512
0.0107148
0.000548342
0.0105317
0.000567089
0.0105122
0.000714759
0.0107996
0.000735441
0.0111429
0.00081859
0.0110967
0.000863577
0.0110057
0.00077096
0.0114009
0.000840682
0.0112562
0.00079809
0.0112581
0.000760373
0.0110917
0.000694323
0.0107822
0.000620323
0.0100063
0.000313034
0.00818121
0.00418689
0.000647738
0.00433713
0.000853873
0.00895632
0.00089475
0.0102295
0.000994505
0.0106437
0.00096717
0.010899
0.000852348
0.0108297
0.000781933
0.0106021
0.00069273
0.0106014
0.000691998
0.0108003
0.000860247
0.0109746
0.00082735
0.0111296
0.000791333
0.0110418
0.000974586
0.0112176
0.000872987
0.0113578
0.00087435
0.0112568
0.000831867
0.0111342
0.000772802
0.0108413
0.000556158
0.0102229
0.000345207
0.00839217
0.0045321
0.000645784
0.00369134
0.000934198
0.00866791
0.000986294
0.0101774
0.00100408
0.0106259
0.00109576
0.0108073
0.0010567
0.0108687
0.000894004
0.0107648
0.000860383
0.010635
0.000907846
0.0107529
0.000849511
0.011033
0.000958383
0.0110208
0.00101026
0.0109899
0.000934115
0.0112938
0.00104378
0.0112481
0.000952434
0.0113481
0.000868066
0.0112186
0.000734524
0.0109748
0.000626637
0.0103308
0.000236885
0.00878192
0.00476899
0.000651396
0.00303995
0.000953803
0.0083655
0.00104137
0.0100898
0.0011177
0.0105495
0.00112165
0.0108034
0.00111282
0.0108775
0.00111249
0.0107651
0.000990617
0.0107569
0.000932443
0.010811
0.00105332
0.0109121
0.000952861
0.0111212
0.000893922
0.0110488
0.00107641
0.0111113
0.000983065
0.0113414
0.00101623
0.0113149
0.000943261
0.0112916
0.000839663
0.0110784
0.000564119
0.0106064
0.000429079
0.00891696
0.00519807
0.000592893
0.00244705
0.000984251
0.00797415
0.00110623
0.00996785
0.00110834
0.0105474
0.00121733
0.0106944
0.00124024
0.0108546
0.00113695
0.0108684
0.00116069
0.0107331
0.00118648
0.0107852
0.00104468
0.0110539
0.00111401
0.0110519
0.00110026
0.0110626
0.000979144
0.0112324
0.00111086
0.0112097
0.00100171
0.0114241
0.000896278
0.011397
0.000726526
0.0112482
0.000644346
0.0106885
0.000188029
0.00937327
0.00538609
0.000571746
0.00187531
0.000965302
0.00758059
0.00114441
0.00978874
0.00123357
0.0104583
0.00121887
0.0107091
0.00126177
0.0108117
0.00133466
0.0107955
0.00121657
0.0108512
0.00118136
0.0108205
0.00131574
0.0109195
0.00115301
0.0112146
0.00107687
0.0111387
0.00118558
0.0111237
0.00103186
0.0113635
0.00107863
0.0113773
0.00102411
0.0114515
0.000920127
0.0113522
0.000584136
0.0110245
0.000522611
0.0094348
0.00590871
0.000512328
0.00136298
0.000984453
0.00710846
0.00119444
0.00957874
0.00123608
0.0104166
0.00134893
0.0105963
0.00138046
0.0107802
0.00129861
0.0108774
0.00138064
0.0107692
0.00140763
0.0107935
0.00126017
0.011067
0.0013629
0.0111119
0.00129144
0.0112102
0.0011047
0.0113104
0.00121329
0.0112549
0.00106567
0.0115249
0.00093094
0.0115862
0.000748505
0.0115346
0.000669001
0.011104
9.28134e-05
0.010011
0.00600152
0.000512071
0.000850908
0.000972131
0.0066484
0.00124054
0.00931034
0.00137619
0.010281
0.00136553
0.0106069
0.00143345
0.0107123
0.00153961
0.0107712
0.00139848
0.0109103
0.00138794
0.010804
0.00155174
0.0109032
0.0013875
0.0112762
0.00136251
0.0112352
0.00141527
0.0112577
0.0011673
0.0115028
0.0011835
0.0115087
0.00112167
0.0116481
0.000989798
0.0116665
0.000662735
0.0114311
0.000749811
0.00992391
0.00675133
0.000497769
0.000353139
0.00101958
0.0061266
0.00129632
0.00903359
0.00140497
0.0101723
0.00153905
0.0104728
0.00157078
0.0106806
0.00151543
0.0108266
0.00164228
0.0107835
0.00160613
0.0108402
0.00145765
0.0110516
0.00163395
0.0110998
0.00154329
0.0113258
0.00134564
0.0114553
0.00143525
0.0114132
0.00122209
0.0117219
0.00105011
0.0118201
0.000878055
0.0118385
0.000723771
0.0115854
-5.71428e-05
0.0107048
0.00669419
0.000538119
-0.00018498
0.00104142
0.0056233
0.00137146
0.00870355
0.00154834
0.00999545
0.00156654
0.0104546
0.00168142
0.0105657
0.00181157
0.0106964
0.00165009
0.010945
0.00167463
0.0108156
0.00181233
0.0109139
0.00162714
0.011285
0.00168551
0.0112674
0.00172572
0.0114151
0.00141753
0.0117214
0.00140815
0.0117312
0.00130047
0.0119277
0.00108231
0.0120567
0.000768723
0.011899
0.000989294
0.0104843
0.00768348
0.000565441
-0.000750421
0.00111575
0.00507299
0.00142761
0.00839169
0.00160971
0.00981335
0.00177792
0.0102864
0.00180338
0.0105402
0.00180831
0.0106915
0.00201694
0.0107363
0.00191061
0.0109219
0.00175187
0.0110727
0.00196514
0.0110718
0.00183008
0.0114025
0.00166576
0.0115794
0.00176518
0.011622
0.0014835
0.0120129
0.00127268
0.0121386
0.00112185
0.0122075
0.000865072
0.0121558
-0.000127549
0.0114769
0.00755593
0.000610977
-0.0013614
0.00114867
0.00453529
0.00152601
0.00801435
0.00173757
0.00960178
0.00179944
0.0102246
0.00198018
0.0103595
0.00211428
0.0105574
0.00198094
0.0108697
0.00210119
0.0108017
0.00218995
0.0109839
0.0019487
0.011313
0.00207484
0.0112764
0.0020917
0.0115626
0.00175886
0.0119548
0.00175782
0.012014
0.00158824
0.0123081
0.00125348
0.0125423
0.000947186
0.0124621
0.0012384
0.0111857
0.00879433
0.000577509
-0.00193891
0.00118968
0.00392312
0.00155544
0.00764859
0.00182775
0.00932947
0.00204425
0.0100081
0.00205473
0.010349
0.00214144
0.0104707
0.00243123
0.0105799
0.00230015
0.0109328
0.00221022
0.0110739
0.00243289
0.0110903
0.00220324
0.011506
0.00209719
0.0116686
0.0022157
0.0118363
0.00186379
0.0123659
0.00163351
0.0125384
0.00148338
0.0126924
0.00106159
0.0128838
-0.000173784
0.012421
0.00862054
0.000462708
-0.00240161
0.00113977
0.00324606
0.00164382
0.00714454
0.00192414
0.00904915
0.00205382
0.00987839
0.00231493
0.0100879
0.00240006
0.0103855
0.00233848
0.0106415
0.00261778
0.0106535
0.0026572
0.0110344
0.00240728
0.0113402
0.00261546
0.0112978
0.0025674
0.0117167
0.00223408
0.0121696
0.00227951
0.0123204
0.00203047
0.0127875
0.00156902
0.0131539
0.00126373
0.0131891
0.00157645
0.0121083
0.010197
0.000262872
-0.00266449
0.00108529
0.00242364
0.00163885
0.00659098
0.00203345
0.00865455
0.00229825
0.00961359
0.00231406
0.0100721
0.00251831
0.0101813
0.00281401
0.0103458
0.00266915
0.0107983
0.00277979
0.0109238
0.00302577
0.0110943
0.00271379
0.0116098
0.00271044
0.01172
0.00283797
0.0120421
0.00242282
0.0127356
0.00220761
0.0130027
0.00203926
0.0133222
0.00135897
0.0138694
-0.000183703
0.013651
0.0100133
8.88499e-05
-0.00275334
0.00101768
0.00149481
0.00171934
0.00588933
0.0020794
0.00829449
0.00230988
0.00938311
0.0026517
0.00973025
0.00267189
0.0101611
0.00272485
0.0102928
0.00316139
0.0103618
0.00314513
0.0109401
0.00300288
0.0112365
0.00334288
0.0112698
0.00322233
0.0118406
0.00294154
0.0123229
0.00307189
0.0126052
0.00274048
0.0133341
0.00215065
0.013912
0.00185493
0.0141651
0.00208813
0.0134178
0.0121014
-1.30079e-05
-0.00274033
0.00100323
0.00047857
0.00170484
0.00518772
0.00220995
0.00778938
0.00250092
0.00909214
0.00257927
0.0096519
0.0029223
0.00981807
0.00314108
0.010074
0.00302352
0.0104793
0.0033985
0.0105651
0.00366042
0.0109746
0.0033681
0.0115621
0.00355885
0.0116499
0.0036903
0.0121914
0.00326811
0.0130274
0.00316586
0.0134363
0.00298891
0.014089
0.00192874
0.0152253
-6.33751e-05
0.0154099
0.0120381
-5.60222e-05
-0.00268431
0.000952287
-0.00052974
0.00173791
0.0044021
0.00219526
0.00733202
0.00255486
0.00873254
0.00292472
0.00928204
0.00292432
0.00981847
0.00318905
0.0098093
0.00368729
0.00998111
0.00358182
0.0106706
0.00373387
0.0108225
0.00422762
0.0110684
0.00402796
0.0118495
0.00399089
0.0122285
0.00425781
0.0127605
0.00386001
0.0138341
0.00327309
0.0146759
0.00300333
0.0154951
0.00289175
0.0155215
0.0149298
1.36501e-05
-0.00269796
0.000863007
-0.0013791
0.00167497
0.00359013
0.00229516
0.00671184
0.0026188
0.0084089
0.00284057
0.00906028
0.00330445
0.00935458
0.00339468
0.00971908
0.0034391
0.00993669
0.0041114
0.00999827
0.0042856
0.0106483
0.00418991
0.0111641
0.00471943
0.01132
0.00482301
0.0121249
0.00454292
0.0130406
0.00469325
0.0136838
0.00453913
0.01483
0.00342875
0.0166055
0.000770636
0.0181796
0.0157004
0.000134829
-0.00283279
0.000777994
-0.00202226
0.0016205
0.00274762
0.00220019
0.00613215
0.00269947
0.00790962
0.00304503
0.00871472
0.00315446
0.00924515
0.00367137
0.00920217
0.00410521
0.00950284
0.00400778
0.0100957
0.00458536
0.0100708
0.00516807
0.0105814
0.00501286
0.0114752
0.00541789
0.0117199
0.00590913
0.0125494
0.00561413
0.0139788
0.00531757
0.0151266
0.00563924
0.0162838
0.00538273
0.0184361
0.0210832
0.000236917
-0.0030697
0.000620442
-0.00240579
0.00146593
0.00190213
0.00217713
0.00542096
0.00258698
0.00749977
0.00303308
0.00826861
0.00351392
0.00876431
0.00355707
0.00915902
0.00398811
0.00907181
0.004831
0.0092528
0.00480005
0.0101017
0.00519075
0.0101907
0.00610133
0.0105646
0.00610759
0.0117136
0.00628993
0.012367
0.00723831
0.0130304
0.00720194
0.015163
0.00602511
0.0174606
0.00485112
0.0196101
0.0259343
0.000149504
-0.00321921
0.000401069
-0.00265735
0.00120059
0.0011026
0.00191527
0.00470628
0.00257843
0.00683661
0.0029485
0.00789855
0.00333672
0.00837609
0.00407876
0.00841699
0.00425604
0.00889452
0.0045578
0.00895105
0.00562417
0.00903533
0.00599771
0.00981715
0.00615604
0.0104063
0.00739101
0.0104787
0.0077263
0.0120317
0.00782037
0.0129364
0.00950224
0.0134811
0.0100354
0.0169274
0.0115863
0.0180593
0.0233105
0.01421
-6.36295e-05
-0.00315558
6.11505e-05
-0.00278213
0.000884048
0.000279706
0.00169552
0.0038948
0.00227169
0.00626045
0.00296321
0.00720702
0.00334971
0.0079896
0.00368627
0.00808042
0.00456284
0.00801796
0.00525495
0.00825894
0.00525235
0.00903793
0.00652242
0.00854708
0.00720824
0.00972047
0.00743369
0.0102532
0.00934657
0.0101188
0.0096014
0.0126815
0.0110553
0.0120272
0.0121888
0.015794
0.0181943
0.0120538
0.0225803
0.0189245
-0.000271108
-0.00288447
-0.000252778
-0.00280046
0.000507153
-0.000480225
0.00128935
0.00311261
0.00205074
0.00549906
0.00256517
0.00669259
0.0033663
0.00718846
0.004047
0.00739973
0.00425936
0.00780559
0.00520537
0.00731293
0.00645254
0.00779076
0.00625248
0.00874714
0.00839714
0.00757581
0.0085206
0.0101298
0.0100576
0.00858182
0.0108555
0.0118837
0.0144372
0.00844545
0.0135819
0.0166493
0.0177398
0.00789589
0.0183208
0.0219993
-0.000234826
-0.00264964
-0.000388289
-0.002647
0.00028682
-0.00115533
0.000968773
0.00243065
0.00177035
0.00469749
0.00229993
0.00616301
0.00305112
0.00643727
0.00349072
0.00696012
0.00528735
0.00600897
0.00463364
0.00796664
0.00674037
0.00568403
0.00697797
0.00850954
0.00851638
0.00603739
0.00897927
0.00966689
0.0123546
0.00520648
0.0111295
0.0131087
0.0155653
0.0040097
0.0165142
0.0157003
0.0169548
0.00745534
0.013361
0.0219146
9.45867e-05
-0.00274423
-9.61043e-05
-0.00245631
-6.15639e-06
-0.00124528
0.000489812
0.00193468
0.0013185
0.00386879
0.00174942
0.00573209
0.00334675
0.00483994
0.00277521
0.00753167
0.00476944
0.00401474
0.00532666
0.00740941
0.0071902
0.0038205
0.00735936
0.00834039
0.0110892
0.00230753
0.00946024
0.0112959
0.0135629
0.00110378
0.0132001
0.0134716
0.0136831
0.00352673
0.0176686
0.0117148
0.0171215
0.00800249
0.0091173
0.0213651
0.000419645
-0.00316388
0.000219101
-0.00225576
-4.35559e-05
-0.000982623
0.000232799
0.00165833
0.000931498
0.00317009
0.00100908
0.00565452
0.00269093
0.00315809
0.00335517
0.00686742
0.00542788
0.00194203
0.00515654
0.00768075
0.00871455
0.000262494
0.00679764
0.0102573
0.00998707
-0.000881905
0.00978909
0.0114938
0.0102897
0.000603196
0.0139973
0.00976394
0.0131826
0.00434139
0.0176641
0.00723332
0.0180104
0.00765623
0.00672318
0.0204045
0.000279819
-0.00344369
5.91162e-05
-0.00203506
-0.00082687
-9.66367e-05
-0.000419718
0.00125118
0.000243869
0.00250651
0.00138614
0.00451224
0.00277564
0.00176859
0.00230139
0.00734167
0.00538147
-0.00113805
0.00402352
0.0090387
0.00661323
-0.00232722
0.00713626
0.00973426
0.00759751
-0.00134315
0.0111401
0.00795128
0.0100252
0.00171806
0.0139838
0.00580534
0.013653
0.00467217
0.0163987
0.00448764
0.0185056
0.00554936
0.00513233
0.0200964
-0.00119143
-0.00225226
-0.00197725
-0.00124925
-0.00233344
0.000259562
-0.000844457
-0.000237809
-0.00105206
0.00271411
0.00071615
0.00274403
0.00317107
-0.000686327
0.00297398
0.00753876
0.00435075
-0.00251482
0.00615974
0.00722971
0.00622803
-0.00239551
0.00946043
0.00650186
0.0081377
-2.04302e-05
0.0115407
0.00454825
0.0108597
0.00239908
0.0136676
0.00299743
0.0148959
0.00344395
0.0163066
0.00307686
0.0184574
0.00339859
0.00337379
0.0202159
-0.000969493
-0.00128276
-0.00112479
-0.00109396
-0.000380437
-0.00048479
-0.00013934
-0.000478906
-0.000321074
0.00289585
-0.000212247
0.00263521
0.00113859
-0.00203716
0.00422265
0.0044547
0.00380912
-0.00210129
0.00764871
0.00339012
0.00631898
-0.00106577
0.00970742
0.00311342
0.00921633
0.000470662
0.0118674
0.00189717
0.0125464
0.00172013
0.0140864
0.00145736
0.0159127
0.0016177
0.0173708
0.00161872
0.0191231
0.00164635
0.00165317
0.0208437
-0.00128276
-0.00237672
-0.00286151
-0.00334042
-0.00044457
0.00219064
0.000153476
0.00460817
0.00250688
0.005897
0.00483123
0.00794465
0.00841531
0.0103125
0.0120326
0.01349
0.0151077
0.0167264
0.0183727
0.0200259
-0.000565844
0.0147759
-0.0023502
0.00178435
0.00351542
-0.00586562
0.00186264
0.00165278
-0.00631352
0.00817615
-0.00317295
-0.00314057
-0.00429041
0.00111746
-0.00711695
0.00282654
-0.00767573
0.00055878
-0.00957848
0.00190275
-0.00964491
6.64267e-05
-0.0100241
0.000379166
-0.0111678
0.00114369
-0.01277
0.0016022
-0.0145111
0.00174113
-0.0161231
0.00161205
-0.0174138
0.00129065
-0.0185104
0.00109663
-0.0192238
0.000713337
-0.0198857
0.000661929
-0.020201
0.000315339
-0.0203452
0.000144204
-0.0201713
-0.000173943
-0.0198059
-0.000365391
-0.0191422
-0.000663746
-0.018248
-0.000894119
-0.0169719
-0.00127613
-0.0155055
-0.00146641
-0.0138009
-0.00170463
-0.0119352
-0.00186567
-0.0098643
-0.00207089
-0.00783888
-0.00202542
-0.0058399
-0.00199898
-0.00395663
-0.00188327
-0.00202226
-0.00193437
-0.000397278
-0.00162499
0.00118135
-0.00157863
0.00258771
-0.00140636
0.0038546
-0.00126689
0.00498836
-0.00113376
0.00600434
-0.00101598
0.006913
-0.000908661
0.00772388
-0.000810879
0.00844048
-0.000716599
0.00906174
-0.000621258
0.00959164
-0.000529901
0.0100293
-0.000437637
0.0103778
-0.000348568
0.0106342
-0.000256375
0.0108096
-0.000175377
0.0109023
-9.27329e-05
0.0109074
-5.10861e-06
0.010849
5.84311e-05
0.0107302
0.000118855
0.010565
0.000165172
0.0103668
0.000198143
0.0101584
0.000208394
0.00995311
0.000205328
0.00976267
0.000190443
0.00960068
0.000161991
0.00946763
0.000133044
0.0093762
9.14301e-05
0.00931594
6.02604e-05
0.00928519
3.07558e-05
0.009269
1.61915e-05
0.00925679
1.22083e-05
0.00924128
1.55058e-05
0.00921872
2.25656e-05
0.00918252
3.61982e-05
0.00913493
4.75859e-05
0.00906498
6.99528e-05
0.00898346
8.15215e-05
0.00889551
8.79443e-05
0.00880168
9.38306e-05
0.00872822
7.34608e-05
0.00866048
6.77405e-05
0.00863653
2.39556e-05
0.00862876
7.76637e-06
0.00864596
-1.71961e-05
-3.42364e-05
0.0175835
0.0161168
0.00493304
0.0144348
-0.00684856
0.00591598
-0.00849148
0.0032957
-0.00175853
0.0014432
0.00222655
-0.00712565
0.000973618
0.0023704
0.0040367
-0.000236546
0.00338926
0.00120622
0.000496268
0.00479574
0.000273781
0.000288914
-0.00244002
0.00309297
-0.00486523
0.00356889
-0.00688728
0.00362425
-0.0083835
0.00323735
-0.00926917
0.00249772
-0.00989074
0.00191222
-0.0102433
0.00144916
-0.0106027
0.00107274
-0.0107562
0.000815499
-0.010895
0.000454065
-0.0108099
5.91104e-05
-0.0105337
-0.000450136
-0.0100192
-0.000879902
-0.00928696
-0.00139596
-0.00825229
-0.00192879
-0.00701984
-0.00250858
-0.00556189
-0.00292436
-0.00387945
-0.00338707
-0.00209617
-0.00364896
-0.000321638
-0.00384542
0.00158141
-0.00392847
0.00346502
-0.00388259
0.00530823
-0.00372649
0.00692354
-0.00354967
0.00853965
-0.0032411
0.00992584
-0.00296481
0.0111878
-0.00266835
0.0123082
-0.00238722
0.0132993
-0.00212493
0.014179
-0.00189563
0.0149576
-0.00168729
0.0156429
-0.00149619
0.0162432
-0.00131693
0.0167624
-0.00114041
0.0172073
-0.000974781
0.0175793
-0.000809637
0.0178876
-0.000656894
0.01814
-0.000508814
0.0183443
-0.000379683
0.0185016
-0.000249997
0.0186356
-0.000139094
0.0187262
-3.21968e-05
0.0187936
5.14591e-05
0.0188223
0.000136503
0.0188341
0.00018636
0.0188093
0.000233152
0.0187657
0.000248968
0.0186919
0.000264224
0.0186084
0.000245467
0.0185107
0.000230709
0.0184088
0.000193421
0.0183067
0.000162278
0.0182134
0.000124092
0.0181366
9.29686e-05
0.0180757
7.30964e-05
0.0180399
5.13871e-05
0.0180159
4.65047e-05
0.0180223
2.98216e-05
0.0180249
4.4935e-05
0.018051
4.38477e-05
0.0180656
6.69202e-05
0.0180953
5.82511e-05
0.0181233
6.58549e-05
0.0181555
4.12291e-05
0.0181934
2.99279e-05
0.0182177
-3.85725e-07
0.0182494
-2.39717e-05
0.0182761
-4.38249e-05
-5.9769e-05
0.0232863
0.0148299
0.023999
0.0137222
0.0192729
0.0106421
0.0130467
0.0095219
0.0089984
0.00549146
-0.000994539
0.00286729
-0.00255609
0.00393195
-0.0028144
2.17616e-05
-0.00368619
0.00207801
-0.000667565
0.00177712
-0.0011662
0.00078755
-0.000144833
0.0020716
0.00117957
0.00224449
0.00230555
0.00249828
0.00314938
0.00239352
0.00344326
0.00220384
0.00347968
0.00187579
0.00337043
0.00155841
0.00318931
0.00125387
0.00303204
0.000972769
0.00295491
0.000531192
0.00306031
-4.62886e-05
0.00321377
-0.000603599
0.00360004
-0.00126616
0.00417287
-0.00196879
0.00497029
-0.00272621
0.00592892
-0.00346721
0.00710583
-0.00410126
0.00836383
-0.00464507
0.00977169
-0.00505681
0.0112307
-0.00530447
0.012662
-0.00535978
0.0140577
-0.0052782
0.0153883
-0.00505715
0.0165943
-0.00475562
0.0177269
-0.00437372
0.0187391
-0.00397706
0.0196409
-0.00357008
0.0204408
-0.00318714
0.0211448
-0.00282891
0.0217574
-0.00250826
0.0222909
-0.00222079
0.0227474
-0.00195265
0.0231332
-0.0017028
0.0234486
-0.00145582
0.0237018
-0.00122796
0.0238909
-0.000998703
0.0240318
-0.000797779
0.0241221
-0.000599126
0.0241805
-0.000438083
0.0242042
-0.000273726
0.0242165
-0.000151354
0.0242092
-2.49843e-05
0.0241915
6.92277e-05
0.0241647
0.000163289
0.024137
0.000214072
0.0240941
0.000276042
0.0240474
0.000295696
0.0239947
0.000316873
0.0239336
0.000306607
0.0238699
0.000294339
0.0237978
0.000265547
0.0237323
0.00022777
0.0236647
0.000191741
0.0236116
0.000145997
0.0235632
0.000121504
0.0235311
8.34894e-05
0.023506
7.16834e-05
0.0234931
4.26606e-05
0.023491
4.70729e-05
0.0235021
3.27558e-05
0.0235243
4.47215e-05
0.0235517
3.07757e-05
0.0235839
3.36995e-05
0.0236138
1.12967e-05
0.0236408
2.94796e-06
0.0236652
-2.47751e-05
0.0236799
-3.87105e-05
0.0236906
-5.44458e-05
-6.52429e-05
0.0242271
0.0125173
0.0258568
0.0120924
0.0259912
0.0105077
0.0269632
0.00854989
0.0257518
0.00670289
0.0234189
0.00520016
0.0226625
0.00468836
0.0192658
0.00341846
0.0179911
0.00335276
0.016582
0.00318619
0.0146446
0.00272493
0.0140679
0.00264834
0.013711
0.00260138
0.0135154
0.00269383
0.0134529
0.00245608
0.0134836
0.0021731
0.0135806
0.00177886
0.0137047
0.00143429
0.0138867
0.00107182
0.0141886
0.000670894
0.0145352
0.000184579
0.0149074
-0.000418523
0.0154089
-0.00110507
0.0159971
-0.00185432
0.0166803
-0.002652
0.0174145
-0.00346048
0.0182031
-0.00425575
0.0190413
-0.00493951
0.0198976
-0.00550132
0.0207272
-0.00588646
0.0215134
-0.00609071
0.0222467
-0.00609307
0.0228925
-0.005924
0.0234704
-0.00563496
0.0239797
-0.00526497
0.0244368
-0.00483079
0.0248403
-0.00438059
0.0252009
-0.00393066
0.0255203
-0.0035066
0.0258085
-0.0031171
0.0260593
-0.00275899
0.0262793
-0.00244081
0.0264635
-0.00213686
0.0266163
-0.00185556
0.0267307
-0.00157028
0.0268104
-0.00130767
0.0268554
-0.00104372
0.026872
-0.000814302
0.0268661
-0.000593289
0.0268421
-0.00041408
0.0268057
-0.000237314
0.0267668
-0.000112398
0.0267249
1.69047e-05
0.0266888
0.000105299
0.0266586
0.000193493
0.0266263
0.000246345
0.0265961
0.000306293
0.0265617
0.000330027
0.0265302
0.00034845
0.0264914
0.000345318
0.0264514
0.000334409
0.0264032
0.000313711
0.0263531
0.000277864
0.0262974
0.000247475
0.0262416
0.000201755
0.0261867
0.000176472
0.026135
0.000135109
0.0260883
0.000118387
0.0260462
8.48228e-05
0.0260133
7.99404e-05
0.0259857
6.03894e-05
0.0259657
6.46938e-05
0.0259474
4.9062e-05
0.0259305
5.05804e-05
0.0259102
3.15898e-05
0.0258886
2.45562e-05
0.0258608
3.09147e-06
0.0258282
-6.11267e-06
0.0257915
-1.77856e-05
-2.49047e-05
0.0236408
0.0102417
0.026172
0.00956116
0.0277928
0.00888693
0.0291994
0.00714335
0.0295105
0.00639171
0.0295045
0.00520616
0.0295104
0.00468246
0.028879
0.00404993
0.0288377
0.00339402
0.0288652
0.00315872
0.0285825
0.00300764
0.0284651
0.00276571
0.028319
0.00274746
0.0282932
0.00271967
0.0282266
0.00252268
0.0281778
0.0022219
0.0281246
0.00183209
0.0281261
0.00143271
0.0281734
0.0010246
0.0282648
0.000579473
0.0283334
0.000115986
0.028524
-0.000609129
0.0287464
-0.00132752
0.0289568
-0.00206467
0.0291419
-0.00283712
0.0293101
-0.00362865
0.0294249
-0.00437056
0.0294961
-0.00501076
0.0294917
-0.00549689
0.0294086
-0.00580332
0.0292475
-0.00592962
0.0290245
-0.00587012
0.0287687
-0.00566817
0.0284999
-0.00536622
0.028233
-0.00499804
0.0279854
-0.00458316
0.0277654
-0.00416064
0.0275793
-0.00374455
0.0274278
-0.00335504
0.0273101
-0.00299942
0.0272187
-0.00266757
0.0271483
-0.00237046
0.0270909
-0.00207938
0.0270395
-0.00180416
0.0269853
-0.00151616
0.0269198
-0.00124216
0.0268446
-0.000968474
0.0267551
-0.000724793
0.0266603
-0.000498473
0.0265658
-0.00031963
0.02648
-0.000151525
0.0263933
-2.57194e-05
0.0263361
7.40974e-05
0.0262913
0.000150193
0.0262565
0.000228291
0.0262297
0.000273116
0.0262149
0.0003211
0.0262044
0.000340463
0.0261925
0.000360431
0.0261766
0.000361176
0.0261543
0.000356744
0.0261269
0.000341116
0.0260922
0.000312481
0.0260549
0.00028486
0.0260143
0.000242269
0.0259779
0.000212873
0.0259414
0.000171665
0.0259088
0.000151003
0.0258743
0.000119318
0.0258451
0.000109138
0.0258175
8.79923e-05
0.0257971
8.50784e-05
0.0257759
7.0242e-05
0.0257572
6.93202e-05
0.0257332
5.55555e-05
0.0257076
5.01597e-05
0.0256749
3.57874e-05
0.0256397
2.90718e-05
0.0256007
2.12338e-05
1.86669e-05
0.0230253
0.00762086
0.0253546
0.00723193
0.0273372
0.00690431
0.0285523
0.00592829
0.0296851
0.0052589
0.0303901
0.00450115
0.0311329
0.00393966
0.0317325
0.00345033
0.0321907
0.00293578
0.032716
0.00263346
0.0332095
0.00251405
0.0335365
0.00243875
0.0339105
0.00237352
0.034335
0.0022951
0.0347169
0.00214075
0.0350335
0.00190532
0.0352757
0.00158997
0.0354808
0.00122759
0.0356658
0.000839594
0.0358231
0.000422151
0.0359916
-5.25362e-05
0.0360224
-0.000639921
0.0359727
-0.00127776
0.0358336
-0.00192565
0.0355785
-0.00258201
0.0351807
-0.00323081
0.0346489
-0.00383873
0.0339886
-0.00435053
0.0332208
-0.00472904
0.03237
-0.0049525
0.0314687
-0.00502837
0.030568
-0.00496944
0.0297008
-0.00480095
0.0288923
-0.00455771
0.0281629
-0.00426861
0.0275314
-0.00395172
0.0270045
-0.00363371
0.026578
-0.00331805
0.0262487
-0.00302574
0.0259958
-0.00274654
0.0258177
-0.00248946
0.0256905
-0.00224324
0.0256077
-0.00199663
0.0255445
-0.00174095
0.0254953
-0.00146692
0.0254373
-0.00118417
0.0253666
-0.000897738
0.025274
-0.000632249
0.0251705
-0.000394904
0.0250609
-0.000210045
0.0249622
-5.29051e-05
0.024888
4.8523e-05
0.0248327
0.000129425
0.0247973
0.000185577
0.0247777
0.000247888
0.0247695
0.000281313
0.0247683
0.000322342
0.0247738
0.00033492
0.0247753
0.000358923
0.0247769
0.000359585
0.0247685
0.000365174
0.0247586
0.000350969
0.0247376
0.000333504
0.024717
0.000305492
0.0246875
0.000271682
0.0246639
0.000236513
0.0246385
0.000197123
0.0246236
0.000165833
0.0246108
0.000132169
0.0246078
0.000112081
0.0246099
8.58731e-05
0.024619
7.60708e-05
0.0246319
5.73056e-05
0.0246417
5.95136e-05
0.0246515
4.57733e-05
0.0246507
5.09778e-05
0.0246519
3.45788e-05
0.0246403
4.0654e-05
0.0246311
3.04099e-05
3.64151e-05
0.0224716
0.00524573
0.0245609
0.00514257
0.0265165
0.00494869
0.0279584
0.00448645
0.0292372
0.00398011
0.0302905
0.00344779
0.0312574
0.00297278
0.0321879
0.0025198
0.0328906
0.00223312
0.033497
0.0020271
0.0341242
0.00188679
0.0347543
0.00180867
0.0353747
0.00175315
0.0359807
0.00168909
0.0365365
0.00158498
0.037033
0.00140878
0.0374418
0.00118121
0.0377746
0.000894722
0.0380332
0.000580975
0.038216
0.000239422
0.0383105
-0.000147119
0.0382628
-0.000592157
0.0380565
-0.00107149
0.037707
-0.00157618
0.0372031
-0.00207803
0.0365348
-0.00256254
0.0357104
-0.00301434
0.034758
-0.00339815
0.033722
-0.00369299
0.0326495
-0.00388004
0.0315877
-0.00396652
0.030577
-0.00395875
0.0296509
-0.00387483
0.0288296
-0.00373643
0.0281227
-0.00356171
0.0275382
-0.00336724
0.0270706
-0.0031661
0.0267168
-0.00296426
0.0264612
-0.00277012
0.026276
-0.00256134
0.0261532
-0.0023667
0.0260679
-0.00215789
0.0260095
-0.00193825
0.0259523
-0.0016838
0.0258926
-0.00140718
0.0258177
-0.00110931
0.0257166
-0.000796617
0.0255953
-0.000510948
0.0254667
-0.00026626
0.0253262
-6.95361e-05
0.0251915
8.17325e-05
0.0250621
0.000177983
0.0249512
0.000240251
0.024867
0.000269818
0.0248006
0.000314309
0.0247421
0.000339739
0.0246874
0.000377102
0.0246374
0.000384882
0.0245886
0.0004077
0.0245456
0.000402654
0.0245013
0.000409409
0.0244647
0.000387629
0.024426
0.000372155
0.024399
0.000332559
0.024372
0.000298655
0.0243604
0.000248092
0.0243522
0.000205313
0.0243603
0.00015777
0.0243726
0.000119822
0.0243989
8.58419e-05
0.0244281
5.66614e-05
0.0244633
4.08583e-05
0.0244962
2.44062e-05
0.0245283
2.74504e-05
0.0245545
1.95208e-05
0.0245736
3.18943e-05
0.0245823
2.58305e-05
0.0245797
4.32422e-05
0.0245694
4.07376e-05
7.02139e-05
0.0220952
0.00336648
0.0239562
0.00328159
0.0257462
0.00315868
0.0273136
0.00291898
0.0286854
0.00260836
0.0298663
0.00226693
0.0308835
0.00195559
0.0317469
0.00165636
0.0325202
0.00145981
0.0332258
0.00132155
0.0339035
0.00120903
0.0345599
0.00115227
0.0352069
0.0011062
0.0358382
0.00105773
0.0364326
0.00099061
0.0369608
0.000880611
0.0374103
0.000731686
0.0377622
0.000542768
0.0380187
0.000324494
0.0381872
7.09675e-05
0.0382232
-0.000183143
0.0381241
-0.000493017
0.0378747
-0.000822161
0.0374658
-0.00116729
0.0369008
-0.00151301
0.0361886
-0.00185034
0.0353386
-0.00216431
0.0343818
-0.00244133
0.0333573
-0.00266849
0.0323089
-0.00283171
0.0312729
-0.00293044
0.0302736
-0.00295952
0.029339
-0.00294023
0.0284785
-0.00287589
0.0277042
-0.00278741
0.0270148
-0.00267783
0.026407
-0.00255836
0.025886
-0.00244327
0.0254328
-0.00231685
0.0250498
-0.00217843
0.0247137
-0.00203055
0.0244185
-0.00186266
0.0241507
-0.00167051
0.0238903
-0.00142341
0.0236301
-0.00114694
0.0233634
-0.000842573
0.0230955
-0.000528754
0.022846
-0.000261407
0.0226301
-5.04078e-05
0.0224142
0.000146323
0.0222715
0.000224438
0.0221776
0.000271948
0.0221118
0.000306032
0.0220741
0.000307517
0.0220785
0.000309887
0.0220986
0.000319649
0.0221285
0.000347166
0.022156
0.000357374
0.0221891
0.000374608
0.0222208
0.000371039
0.0222529
0.000377235
0.0222844
0.000356144
0.0223147
0.000341847
0.0223473
0.000299958
0.0223773
0.000268687
0.0224098
0.000215617
0.022435
0.000180064
0.0224595
0.000133236
0.0224731
0.000106307
0.0224849
7.39803e-05
0.0224858
5.57372e-05
0.0224873
3.94074e-05
0.0224795
3.21949e-05
0.022469
3.79199e-05
0.0224501
3.84218e-05
0.0224266
5.54421e-05
0.0223981
5.42762e-05
0.0223649
7.6532e-05
0.0223303
7.53002e-05
9.69288e-05
0.0225719
0.00163824
0.0242744
0.00157912
0.0259279
0.00150519
0.0274517
0.00139516
0.0288228
0.00123732
0.0300261
0.00106355
0.0310732
0.000908509
0.0319508
0.00077873
0.0327423
0.000668367
0.0334742
0.000589633
0.0341553
0.000527977
0.0348171
0.000490426
0.0354565
0.000466833
0.0360665
0.000447738
0.0366402
0.000416846
0.0371539
0.000366944
0.0375944
0.00029116
0.0379393
0.000197927
0.0381748
8.89718e-05
0.038281
-3.52463e-05
0.038284
-0.000186154
0.038138
-0.000347023
0.0378333
-0.000517496
0.0373688
-0.000702766
0.0367455
-0.000889701
0.0359724
-0.00107727
0.0350571
-0.00124892
0.0340216
-0.00140587
0.0328892
-0.0015361
0.0316943
-0.00163679
0.0304664
-0.00170251
0.0292348
-0.00172798
0.0280252
-0.0017306
0.0268487
-0.00169935
0.0257234
-0.00166209
0.024651
-0.00160547
0.023643
-0.00155036
0.0227012
-0.00150147
0.0218211
-0.00143673
0.0210217
-0.00137909
0.0203013
-0.00131012
0.0196675
-0.00122883
0.0191067
-0.00110969
0.0186055
-0.000922262
0.0181529
-0.000694272
0.0177465
-0.000436186
0.0173813
-0.000163577
0.0170597
6.0182e-05
0.0168082
0.000201086
0.0166544
0.000300117
0.0165436
0.000335289
0.016481
0.000334517
0.0164724
0.000314621
0.0165035
0.000276465
0.0165667
0.000246609
0.0166507
0.000235675
0.0167532
0.00024473
0.0168597
0.000250831
0.0169807
0.000253611
0.0171038
0.000247945
0.0172344
0.000246579
0.017351
0.000239572
0.017462
0.000230827
0.0175491
0.0002129
0.0176234
0.000194338
0.0176717
0.000167404
0.0177067
0.000145056
0.0177234
0.000116513
0.0177321
9.75498e-05
0.0177347
7.14281e-05
0.0177301
6.0306e-05
0.0177309
3.86548e-05
0.0177267
3.63929e-05
0.0177372
2.73624e-05
0.0177426
3.30932e-05
0.0177614
3.65651e-05
0.0177748
4.08678e-05
0.017802
4.93831e-05
0.0178237
5.35694e-05
7.04762e-05
0.0216641
0.0232433
0.0247485
0.0261436
0.0273809
0.0284445
0.029353
0.0301317
0.0308001
0.0313897
0.0319177
0.0324081
0.032875
0.0333227
0.0337395
0.0341065
0.0343976
0.0345956
0.0346845
0.0346493
0.0344631
0.0341161
0.0335986
0.0328959
0.0320062
0.0309289
0.02968
0.0282741
0.026738
0.0251012
0.0233987
0.0216707
0.0199401
0.0182408
0.0165787
0.0149732
0.0134228
0.0119214
0.0104846
0.00910555
0.00779543
0.0065666
0.0054569
0.00453464
0.00384037
0.00340418
0.00324061
0.00330079
0.00350187
0.00380199
0.00413728
0.0044718
0.00478642
0.00506288
0.00530949
0.00554516
0.00578989
0.00604073
0.00629434
0.00654228
0.00678886
0.00702843
0.00725926
0.00747216
0.0076665
0.0078339
0.00797896
0.00809547
0.00819302
0.00826445
0.00832475
0.00836341
0.0083998
0.00842716
0.00846026
0.00849682
0.00853769
0.00858707
0.00864064
)
;

boundaryField
{
    inlet
    {
        type            calculated;
        value           nonuniform List<scalar> 
20
(
-0.01
-0.01
-0.01
-0.01
-0.01
-0.01
-0.01
-0.01
-0.01
-0.01
-0.01
-0.01
-0.01
-0.01
-0.01
-0.01
-0.01
-0.01
-0.01
-0.01
)
;
    }
    outlet
    {
        type            calculated;
        value           nonuniform List<scalar> 10(0.00868019 0.0183016 0.023696 0.0257512 0.0255571 0.0246134 0.0245356 0.0223036 0.0178502 0.00871112);
    }
    walls
    {
        type            calculated;
        value           uniform 0;
    }
    frontAndBack
    {
        type            empty;
        value           nonuniform List<scalar> 0();
    }
}


// ************************************************************************* //
