/*--------------------------------*- C++ -*----------------------------------*\
| =========                 |                                                 |
| \\      /  F ield         | OpenFOAM: The Open Source CFD Toolbox           |
|  \\    /   O peration     | Version:  2306                                  |
|   \\  /    A nd           | Website:  www.openfoam.com                      |
|    \\/     M anipulation  |                                                 |
\*---------------------------------------------------------------------------*/
FoamFile
{
    version     2.0;
    format      ascii;
    arch        "LSB;label=32;scalar=64";
    class       volVectorField;
    location    "0.075";
    object      U;
}
// * * * * * * * * * * * * * * * * * * * * * * * * * * * * * * * * * * * * * //

dimensions      [0 1 -1 0 0 0 0];

internalField   nonuniform List<vector> 
4400
(
(9.90182 0.0455058 0)
(9.80628 0.0987191 0)
(9.70014 0.120913 0)
(9.57033 0.125784 0)
(9.41825 0.124438 0)
(9.2525 0.12334 0)
(9.081 0.124142 0)
(8.90864 0.125636 0)
(8.73787 0.126891 0)
(8.56869 0.127449 0)
(8.40086 0.12679 0)
(8.23458 0.1254 0)
(8.06933 0.123683 0)
(7.90493 0.121488 0)
(7.74198 0.119336 0)
(7.58038 0.117291 0)
(7.42004 0.114957 0)
(7.2617 0.112734 0)
(7.1052 0.110556 0)
(6.95033 0.107992 0)
(6.79789 0.105536 0)
(6.64748 0.103219 0)
(6.49877 0.100425 0)
(6.3529 0.0976043 0)
(6.20961 0.0951111 0)
(6.0684 0.0921545 0)
(5.93083 0.0888393 0)
(5.79699 0.0860345 0)
(5.66493 0.0831236 0)
(5.53528 0.079432 0)
(5.4101 0.0760617 0)
(5.28912 0.073452 0)
(5.17115 0.0700071 0)
(5.05673 0.0649007 0)
(4.94703 0.0598903 0)
(4.84199 0.0562711 0)
(4.7413 0.0527443 0)
(4.64506 0.047953 0)
(4.55377 0.0422912 0)
(4.46803 0.0367476 0)
(4.38814 0.0317387 0)
(4.31434 0.0271695 0)
(4.2461 0.0226679 0)
(4.18349 0.017963 0)
(4.1267 0.0130872 0)
(4.07601 0.00821113 0)
(4.0317 0.00357094 0)
(3.99306 -0.000881893 0)
(3.96038 -0.00462025 0)
(3.93243 -0.00693122 0)
(3.90865 -0.00701025 0)
(3.88711 -0.00513499 0)
(3.8653 -0.00133683 0)
(3.84224 0.00393718 0)
(3.81449 0.0102995 0)
(3.78162 0.0183014 0)
(3.7405 0.0263524 0)
(3.69031 0.0355393 0)
(3.62979 0.0442856 0)
(3.55693 0.0534597 0)
(3.47194 0.0631117 0)
(3.37203 0.0725819 0)
(3.25705 0.0838295 0)
(3.12454 0.0949452 0)
(2.97276 0.108606 0)
(2.7995 0.123002 0)
(2.60211 0.140063 0)
(2.37707 0.158958 0)
(2.12266 0.18026 0)
(1.83268 0.204077 0)
(1.50723 0.229494 0)
(1.13855 0.257122 0)
(0.727421 0.284135 0)
(0.267857 0.310692 0)
(-0.237753 0.331379 0)
(-0.783867 0.337705 0)
(-1.36108 0.300909 0)
(-1.92375 0.190201 0)
(-2.39874 0.00341311 0)
(-2.7102 -0.196255 0)
(10.0002 0.0611644 0)
(10.0319 0.13743 0)
(10.0697 0.173535 0)
(10.1052 0.184854 0)
(10.1326 0.186042 0)
(10.1504 0.186047 0)
(10.1592 0.188131 0)
(10.1614 0.191791 0)
(10.1596 0.195693 0)
(10.1546 0.198945 0)
(10.1473 0.20091 0)
(10.138 0.20168 0)
(10.1262 0.201746 0)
(10.1121 0.201332 0)
(10.0958 0.200632 0)
(10.0768 0.199861 0)
(10.0556 0.199091 0)
(10.0324 0.198198 0)
(10.007 0.197128 0)
(9.97958 0.196001 0)
(9.95054 0.194705 0)
(9.91952 0.193146 0)
(9.88669 0.19151 0)
(9.85255 0.189792 0)
(9.81678 0.187707 0)
(9.77942 0.185309 0)
(9.74135 0.182887 0)
(9.70246 0.180212 0)
(9.6617 0.177144 0)
(9.61988 0.174007 0)
(9.57788 0.171001 0)
(9.53488 0.16773 0)
(9.49061 0.163602 0)
(9.44594 0.158993 0)
(9.40219 0.154108 0)
(9.35816 0.149175 0)
(9.31332 0.144255 0)
(9.26831 0.1389 0)
(9.22374 0.133188 0)
(9.18067 0.12639 0)
(9.13745 0.119436 0)
(9.0953 0.112553 0)
(9.05344 0.105771 0)
(9.01237 0.0990239 0)
(8.97342 0.0911169 0)
(8.93459 0.0838181 0)
(8.8986 0.0761834 0)
(8.86164 0.0695365 0)
(8.82652 0.0628857 0)
(8.7913 0.0565067 0)
(8.75501 0.0523085 0)
(8.7219 0.048409 0)
(8.68299 0.0480876 0)
(8.64815 0.0489067 0)
(8.60684 0.0533187 0)
(8.5655 0.060345 0)
(8.52208 0.0691523 0)
(8.46882 0.0819051 0)
(8.41869 0.0951194 0)
(8.35085 0.111965 0)
(8.28519 0.130427 0)
(8.20182 0.150913 0)
(8.11093 0.175036 0)
(8.00788 0.200995 0)
(7.88452 0.230609 0)
(7.75161 0.264846 0)
(7.59041 0.300826 0)
(7.41324 0.344836 0)
(7.20734 0.389679 0)
(6.97143 0.443159 0)
(6.70929 0.499363 0)
(6.40305 0.560319 0)
(6.06876 0.627217 0)
(5.68305 0.690847 0)
(5.26256 0.760318 0)
(4.7903 0.812851 0)
(4.27232 0.854771 0)
(3.69883 0.857091 0)
(3.07004 0.818435 0)
(2.37469 0.732836 0)
(10.0001 0.0266844 0)
(10.0168 0.0697728 0)
(10.0428 0.0997589 0)
(10.0749 0.11739 0)
(10.1083 0.126673 0)
(10.1398 0.131607 0)
(10.1675 0.135617 0)
(10.1915 0.140097 0)
(10.2134 0.144907 0)
(10.2339 0.149994 0)
(10.2539 0.154602 0)
(10.2741 0.158102 0)
(10.2943 0.161086 0)
(10.3141 0.163514 0)
(10.3337 0.165088 0)
(10.3527 0.166588 0)
(10.371 0.168142 0)
(10.3885 0.169121 0)
(10.4055 0.170008 0)
(10.4217 0.17116 0)
(10.437 0.171856 0)
(10.4516 0.172085 0)
(10.4654 0.172558 0)
(10.4783 0.172891 0)
(10.4903 0.17239 0)
(10.5015 0.17185 0)
(10.5122 0.171381 0)
(10.522 0.170176 0)
(10.5308 0.168519 0)
(10.5388 0.167172 0)
(10.5458 0.166067 0)
(10.5514 0.163744 0)
(10.5557 0.160935 0)
(10.5595 0.158196 0)
(10.563 0.15498 0)
(10.5654 0.151139 0)
(10.5666 0.146612 0)
(10.5661 0.143196 0)
(10.5644 0.138765 0)
(10.5619 0.132857 0)
(10.5587 0.12599 0)
(10.5548 0.119219 0)
(10.5485 0.114224 0)
(10.5409 0.107627 0)
(10.5321 0.100819 0)
(10.5218 0.0928601 0)
(10.5116 0.0857806 0)
(10.4972 0.0799047 0)
(10.4822 0.0735745 0)
(10.4647 0.0693033 0)
(10.444 0.0660388 0)
(10.4249 0.0656342 0)
(10.398 0.0681414 0)
(10.3761 0.0731741 0)
(10.3462 0.0814803 0)
(10.317 0.0936032 0)
(10.2871 0.106675 0)
(10.2473 0.125713 0)
(10.215 0.144104 0)
(10.1653 0.167488 0)
(10.1234 0.193814 0)
(10.0656 0.22052 0)
(10.0065 0.256427 0)
(9.93982 0.289339 0)
(9.85861 0.335273 0)
(9.77834 0.379144 0)
(9.6716 0.436402 0)
(9.56868 0.495342 0)
(9.43471 0.564703 0)
(9.29632 0.642784 0)
(9.13342 0.722484 0)
(8.94824 0.821167 0)
(8.74912 0.909059 0)
(8.5133 1.01948 0)
(8.26152 1.11138 0)
(7.97281 1.20842 0)
(7.64357 1.28229 0)
(7.27642 1.3283 0)
(6.83574 1.34991 0)
(6.33671 1.33792 0)
(10.0001 0.0187698 0)
(10.0101 0.0526542 0)
(10.0277 0.0805229 0)
(10.0513 0.101057 0)
(10.0779 0.114592 0)
(10.1055 0.122786 0)
(10.1321 0.128085 0)
(10.1566 0.132175 0)
(10.1799 0.135791 0)
(10.2023 0.139695 0)
(10.224 0.143542 0)
(10.2463 0.146694 0)
(10.2692 0.149567 0)
(10.292 0.15193 0)
(10.3154 0.153365 0)
(10.3394 0.15461 0)
(10.3629 0.155819 0)
(10.3862 0.156385 0)
(10.4102 0.156877 0)
(10.4338 0.157761 0)
(10.4567 0.15815 0)
(10.4799 0.158188 0)
(10.5032 0.158634 0)
(10.5255 0.158893 0)
(10.5476 0.158361 0)
(10.5702 0.157812 0)
(10.5922 0.157635 0)
(10.6136 0.156511 0)
(10.6352 0.15493 0)
(10.6568 0.153996 0)
(10.6771 0.153052 0)
(10.696 0.151384 0)
(10.7149 0.148742 0)
(10.7333 0.147008 0)
(10.7511 0.144543 0)
(10.7682 0.140932 0)
(10.7851 0.13749 0)
(10.8005 0.1343 0)
(10.813 0.131987 0)
(10.8242 0.126631 0)
(10.8362 0.121181 0)
(10.8474 0.115895 0)
(10.8566 0.112023 0)
(10.8615 0.108346 0)
(10.865 0.102136 0)
(10.8686 0.0977661 0)
(10.8693 0.0918468 0)
(10.8692 0.090352 0)
(10.8627 0.0864344 0)
(10.8575 0.0860352 0)
(10.8468 0.0861391 0)
(10.8366 0.0876462 0)
(10.8226 0.0956515 0)
(10.805 0.0994921 0)
(10.7905 0.113793 0)
(10.7642 0.123185 0)
(10.7508 0.14089 0)
(10.717 0.16026 0)
(10.6992 0.18058 0)
(10.664 0.209031 0)
(10.6323 0.236419 0)
(10.6008 0.270752 0)
(10.5498 0.309103 0)
(10.5187 0.351828 0)
(10.4525 0.400214 0)
(10.4113 0.458607 0)
(10.3366 0.517744 0)
(10.2759 0.594038 0)
(10.1925 0.671048 0)
(10.1107 0.761241 0)
(10.0116 0.861649 0)
(9.9082 0.963738 0)
(9.78993 1.0821 0)
(9.65735 1.19552 0)
(9.51809 1.31703 0)
(9.34576 1.43097 0)
(9.16689 1.53407 0)
(8.93874 1.62741 0)
(8.68201 1.69291 0)
(8.36704 1.75784 0)
(10.0001 0.0133209 0)
(10.0069 0.0384206 0)
(10.0195 0.0603206 0)
(10.0372 0.0777023 0)
(10.0583 0.0903094 0)
(10.0819 0.0986176 0)
(10.1061 0.104003 0)
(10.1293 0.107821 0)
(10.1523 0.110763 0)
(10.1747 0.113631 0)
(10.1962 0.116667 0)
(10.2182 0.119382 0)
(10.241 0.121868 0)
(10.2633 0.124217 0)
(10.2863 0.125862 0)
(10.3104 0.127091 0)
(10.3339 0.128314 0)
(10.3573 0.129043 0)
(10.382 0.129516 0)
(10.4061 0.130177 0)
(10.4295 0.13081 0)
(10.4537 0.130976 0)
(10.4781 0.131377 0)
(10.5012 0.131898 0)
(10.5242 0.131666 0)
(10.5484 0.131473 0)
(10.5719 0.131209 0)
(10.5944 0.130866 0)
(10.6181 0.129737 0)
(10.6421 0.128858 0)
(10.6644 0.128552 0)
(10.685 0.126994 0)
(10.7064 0.125748 0)
(10.7279 0.123943 0)
(10.7476 0.122694 0)
(10.7672 0.119975 0)
(10.7877 0.116782 0)
(10.8067 0.115108 0)
(10.822 0.11283 0)
(10.8354 0.110503 0)
(10.8502 0.105661 0)
(10.8672 0.102629 0)
(10.8786 0.0995871 0)
(10.8884 0.0979348 0)
(10.8931 0.0943932 0)
(10.9016 0.0913515 0)
(10.9076 0.0897873 0)
(10.9092 0.0875691 0)
(10.911 0.0898946 0)
(10.9035 0.0875813 0)
(10.9045 0.0928364 0)
(10.8924 0.0949343 0)
(10.8884 0.103251 0)
(10.8739 0.112361 0)
(10.8617 0.122668 0)
(10.8487 0.139778 0)
(10.8297 0.15373 0)
(10.8156 0.179748 0)
(10.7922 0.199308 0)
(10.7739 0.233129 0)
(10.7465 0.262205 0)
(10.7235 0.301521 0)
(10.6896 0.343632 0)
(10.6617 0.390063 0)
(10.6191 0.445774 0)
(10.5861 0.504961 0)
(10.5346 0.575384 0)
(10.4912 0.652181 0)
(10.4382 0.739824 0)
(10.3734 0.83575 0)
(10.3238 0.943454 0)
(10.237 1.05524 0)
(10.1808 1.18162 0)
(10.0805 1.30529 0)
(10.0032 1.43953 0)
(9.88913 1.56618 0)
(9.77716 1.69735 0)
(9.63328 1.80786 0)
(9.47144 1.93023 0)
(9.27318 2.0186 0)
(10.0001 0.009603 0)
(10.0052 0.0279941 0)
(10.015 0.0446378 0)
(10.0291 0.0586161 0)
(10.0464 0.0695997 0)
(10.0667 0.0774784 0)
(10.0885 0.0828157 0)
(10.1104 0.0866394 0)
(10.1326 0.0894291 0)
(10.1549 0.0917825 0)
(10.1762 0.0942566 0)
(10.198 0.0965564 0)
(10.2205 0.0986031 0)
(10.2424 0.10074 0)
(10.2648 0.102442 0)
(10.2886 0.103568 0)
(10.3118 0.104772 0)
(10.3348 0.105632 0)
(10.3592 0.106003 0)
(10.3835 0.106501 0)
(10.4066 0.107187 0)
(10.4305 0.107474 0)
(10.4552 0.107494 0)
(10.4781 0.10824 0)
(10.5008 0.10838 0)
(10.5248 0.108017 0)
(10.5485 0.108002 0)
(10.5709 0.10779 0)
(10.5941 0.107516 0)
(10.6187 0.106241 0)
(10.6409 0.106168 0)
(10.6613 0.105644 0)
(10.6831 0.104169 0)
(10.7046 0.103621 0)
(10.7245 0.101868 0)
(10.7436 0.101362 0)
(10.764 0.0983113 0)
(10.7856 0.0972091 0)
(10.7995 0.0964172 0)
(10.814 0.0945213 0)
(10.8278 0.0929903 0)
(10.8455 0.0888312 0)
(10.861 0.0895336 0)
(10.8667 0.0872978 0)
(10.8778 0.0878405 0)
(10.8806 0.0857101 0)
(10.8941 0.0849606 0)
(10.894 0.0869964 0)
(10.8968 0.0869406 0)
(10.8956 0.0918983 0)
(10.8902 0.0942573 0)
(10.8934 0.102112 0)
(10.8785 0.110568 0)
(10.8802 0.12166 0)
(10.8617 0.135808 0)
(10.8575 0.152288 0)
(10.8428 0.171508 0)
(10.8283 0.196685 0)
(10.8168 0.220747 0)
(10.7959 0.254966 0)
(10.7799 0.288342 0)
(10.7605 0.326902 0)
(10.7331 0.377068 0)
(10.7146 0.419521 0)
(10.6815 0.484956 0)
(10.6521 0.543478 0)
(10.6233 0.617818 0)
(10.5765 0.701523 0)
(10.5522 0.787632 0)
(10.4894 0.895752 0)
(10.4657 0.998308 0)
(10.3898 1.12649 0)
(10.3586 1.24861 0)
(10.2745 1.38625 0)
(10.2247 1.52664 0)
(10.1317 1.66594 0)
(10.0499 1.81061 0)
(9.94417 1.9508 0)
(9.81305 2.08293 0)
(9.68225 2.221 0)
(10.0001 0.00684767 0)
(10.0043 0.0201084 0)
(10.0124 0.03237 0)
(10.0243 0.0430409 0)
(10.0392 0.0518482 0)
(10.057 0.058588 0)
(10.077 0.0633998 0)
(10.0975 0.0668668 0)
(10.1189 0.0693916 0)
(10.1409 0.0712868 0)
(10.1621 0.0731912 0)
(10.1835 0.0750194 0)
(10.206 0.0765722 0)
(10.2278 0.0783298 0)
(10.2496 0.0797712 0)
(10.2731 0.0808428 0)
(10.2962 0.0817703 0)
(10.3186 0.0826681 0)
(10.3428 0.0830525 0)
(10.3671 0.0832496 0)
(10.3901 0.084115 0)
(10.4136 0.0840917 0)
(10.4385 0.0844085 0)
(10.4615 0.0847862 0)
(10.4834 0.0852306 0)
(10.5074 0.0851554 0)
(10.5311 0.0847552 0)
(10.5534 0.0856374 0)
(10.5761 0.0845954 0)
(10.6006 0.0843625 0)
(10.6233 0.0840265 0)
(10.6433 0.084148 0)
(10.6641 0.0837588 0)
(10.6865 0.0821575 0)
(10.7058 0.082683 0)
(10.7248 0.0816569 0)
(10.7453 0.0808132 0)
(10.7656 0.0794752 0)
(10.7833 0.0796953 0)
(10.7923 0.0794507 0)
(10.8109 0.078559 0)
(10.8245 0.0769024 0)
(10.8441 0.0766924 0)
(10.8503 0.078613 0)
(10.8568 0.0775591 0)
(10.8676 0.0799753 0)
(10.8715 0.0787643 0)
(10.8849 0.0829544 0)
(10.8781 0.0864319 0)
(10.8855 0.0907726 0)
(10.8799 0.098292 0)
(10.8818 0.105458 0)
(10.8774 0.116868 0)
(10.8715 0.129569 0)
(10.8654 0.144665 0)
(10.8575 0.162319 0)
(10.8488 0.184498 0)
(10.8387 0.206481 0)
(10.8281 0.237687 0)
(10.8134 0.266973 0)
(10.8033 0.305353 0)
(10.784 0.345937 0)
(10.7709 0.393837 0)
(10.7508 0.444037 0)
(10.7302 0.507144 0)
(10.7086 0.571261 0)
(10.6848 0.645957 0)
(10.6532 0.735713 0)
(10.6335 0.820812 0)
(10.5846 0.936478 0)
(10.5729 1.03936 0)
(10.5034 1.17496 0)
(10.4923 1.2992 0)
(10.4112 1.44776 0)
(10.3796 1.59142 0)
(10.2948 1.74809 0)
(10.227 1.9006 0)
(10.1333 2.06185 0)
(10.0178 2.21719 0)
(9.90747 2.36779 0)
(10 0.00462517 0)
(10.0038 0.0136364 0)
(10.0109 0.0220758 0)
(10.0215 0.0295707 0)
(10.0348 0.0359233 0)
(10.051 0.0409838 0)
(10.0695 0.0447336 0)
(10.089 0.0474447 0)
(10.1095 0.0494754 0)
(10.1311 0.0509082 0)
(10.1523 0.0522239 0)
(10.1735 0.0536015 0)
(10.1959 0.0546494 0)
(10.2177 0.0559408 0)
(10.2392 0.0570291 0)
(10.2624 0.0579146 0)
(10.2853 0.0586254 0)
(10.3076 0.0592787 0)
(10.3313 0.0598499 0)
(10.3559 0.0597731 0)
(10.3787 0.0605854 0)
(10.402 0.0606853 0)
(10.4269 0.0607951 0)
(10.4499 0.0614644 0)
(10.4718 0.0614395 0)
(10.4953 0.0621744 0)
(10.5193 0.0615066 0)
(10.5416 0.0624586 0)
(10.563 0.0622573 0)
(10.5887 0.0614545 0)
(10.6109 0.0626074 0)
(10.631 0.0617508 0)
(10.6518 0.0630156 0)
(10.6725 0.0614398 0)
(10.6955 0.0624825 0)
(10.7097 0.0630417 0)
(10.7337 0.061464 0)
(10.7525 0.0628659 0)
(10.77 0.0615028 0)
(10.7832 0.0645633 0)
(10.7927 0.0638044 0)
(10.8175 0.0632889 0)
(10.8269 0.0660408 0)
(10.8433 0.0652524 0)
(10.8431 0.0703634 0)
(10.8559 0.0701828 0)
(10.8646 0.0735983 0)
(10.8717 0.0792804 0)
(10.8763 0.0823798 0)
(10.8741 0.0919231 0)
(10.8788 0.0972971 0)
(10.8771 0.108218 0)
(10.8774 0.119981 0)
(10.8736 0.133081 0)
(10.8692 0.150404 0)
(10.864 0.168469 0)
(10.8609 0.190402 0)
(10.8492 0.216481 0)
(10.8489 0.244641 0)
(10.8327 0.27848 0)
(10.8306 0.316591 0)
(10.8166 0.358436 0)
(10.8073 0.408282 0)
(10.7966 0.460211 0)
(10.7801 0.525062 0)
(10.7693 0.589776 0)
(10.7521 0.669384 0)
(10.7288 0.757638 0)
(10.7227 0.848416 0)
(10.6775 0.963777 0)
(10.6836 1.07235 0)
(10.6155 1.21142 0)
(10.6269 1.338 0)
(10.5395 1.49944 0)
(10.5355 1.64635 0)
(10.4418 1.81546 0)
(10.3952 1.98682 0)
(10.2998 2.15645 0)
(10.1948 2.33652 0)
(10.083 2.51069 0)
(10 0.00268398 0)
(10.0035 0.00794772 0)
(10.01 0.0128853 0)
(10.0198 0.0173473 0)
(10.0323 0.0211586 0)
(10.0474 0.0242814 0)
(10.065 0.0266655 0)
(10.0837 0.028349 0)
(10.1038 0.0297504 0)
(10.125 0.0305671 0)
(10.1461 0.0314691 0)
(10.1672 0.0322413 0)
(10.1895 0.0329292 0)
(10.2113 0.0337525 0)
(10.2327 0.0343232 0)
(10.2557 0.035226 0)
(10.2785 0.0352873 0)
(10.3008 0.0362375 0)
(10.3241 0.0362836 0)
(10.3487 0.0365167 0)
(10.3717 0.0371626 0)
(10.3946 0.0369234 0)
(10.4197 0.0379182 0)
(10.4427 0.0372986 0)
(10.4646 0.0387239 0)
(10.4876 0.0384495 0)
(10.5121 0.038517 0)
(10.5338 0.0397517 0)
(10.5561 0.0388202 0)
(10.58 0.040347 0)
(10.6047 0.0394764 0)
(10.6226 0.0409024 0)
(10.6445 0.0416212 0)
(10.6656 0.0409221 0)
(10.6865 0.043046 0)
(10.7053 0.0426669 0)
(10.7217 0.0438714 0)
(10.7493 0.0446829 0)
(10.7599 0.04526 0)
(10.7787 0.0482126 0)
(10.7853 0.0487837 0)
(10.8085 0.0501738 0)
(10.8248 0.0527017 0)
(10.8328 0.0554701 0)
(10.8431 0.0589266 0)
(10.8471 0.0639025 0)
(10.8632 0.0658626 0)
(10.869 0.0749127 0)
(10.8742 0.0780887 0)
(10.8746 0.0889157 0)
(10.8802 0.0960944 0)
(10.8779 0.107684 0)
(10.8864 0.120432 0)
(10.8759 0.135521 0)
(10.8834 0.152405 0)
(10.8742 0.172204 0)
(10.8762 0.196301 0)
(10.8718 0.219351 0)
(10.8671 0.253762 0)
(10.8653 0.28251 0)
(10.858 0.325831 0)
(10.858 0.364599 0)
(10.8469 0.418421 0)
(10.8488 0.467685 0)
(10.8356 0.536962 0)
(10.8351 0.598512 0)
(10.823 0.684401 0)
(10.8161 0.769122 0)
(10.8088 0.863162 0)
(10.7879 0.98441 0)
(10.789 1.0883 0)
(10.7508 1.23861 0)
(10.7501 1.36643 0)
(10.7005 1.53755 0)
(10.6778 1.69009 0)
(10.6198 1.88087 0)
(10.5613 2.05276 0)
(10.4784 2.25816 0)
(10.3913 2.44276 0)
(10.2441 2.64858 0)
(10 0.000883355 0)
(10.0033 0.00265742 0)
(10.0096 0.00427637 0)
(10.0191 0.00579043 0)
(10.0311 0.00707338 0)
(10.0458 0.0081256 0)
(10.0628 0.00902398 0)
(10.0813 0.00952351 0)
(10.101 0.0101813 0)
(10.122 0.0103399 0)
(10.1431 0.0108149 0)
(10.1641 0.011062 0)
(10.1865 0.011269 0)
(10.2081 0.0118585 0)
(10.2297 0.0116814 0)
(10.2524 0.012661 0)
(10.2753 0.0121347 0)
(10.2976 0.013112 0)
(10.3204 0.0129996 0)
(10.3456 0.0130247 0)
(10.3681 0.0141069 0)
(10.3914 0.0130678 0)
(10.4163 0.0150435 0)
(10.4391 0.0136408 0)
(10.4621 0.0154733 0)
(10.4832 0.0153226 0)
(10.5097 0.0152143 0)
(10.5302 0.0173505 0)
(10.5521 0.0156211 0)
(10.5785 0.0187044 0)
(10.5986 0.0172735 0)
(10.6237 0.0193408 0)
(10.6373 0.0208519 0)
(10.6657 0.0196046 0)
(10.6822 0.0240366 0)
(10.7016 0.0220254 0)
(10.7224 0.0258155 0)
(10.7419 0.0277417 0)
(10.7637 0.0264677 0)
(10.7715 0.0347536 0)
(10.787 0.0302541 0)
(10.8051 0.0389261 0)
(10.8244 0.0395052 0)
(10.8335 0.0429307 0)
(10.8435 0.0513884 0)
(10.8464 0.051218 0)
(10.8683 0.0615827 0)
(10.8665 0.0656458 0)
(10.884 0.0739106 0)
(10.8736 0.0839723 0)
(10.8914 0.0936667 0)
(10.8833 0.1043 0)
(10.8973 0.122847 0)
(10.8901 0.130564 0)
(10.8948 0.158474 0)
(10.8959 0.169019 0)
(10.8923 0.200249 0)
(10.8994 0.22047 0)
(10.891 0.255584 0)
(10.9 0.283845 0)
(10.8915 0.32815 0)
(10.9019 0.366179 0)
(10.8919 0.418377 0)
(10.9061 0.472891 0)
(10.892 0.533546 0)
(10.911 0.607024 0)
(10.8935 0.680654 0)
(10.9126 0.77744 0)
(10.8979 0.864273 0)
(10.9077 0.991975 0)
(10.9002 1.09508 0)
(10.8925 1.25309 0)
(10.8937 1.38023 0)
(10.8534 1.56726 0)
(10.8652 1.72325 0)
(10.7741 1.92897 0)
(10.7907 2.12807 0)
(10.637 2.32827 0)
(10.6347 2.57783 0)
(10.4228 2.76043 0)
(10 -0.000873246 0)
(10.0033 -0.0024952 0)
(10.0096 -0.00417604 0)
(10.0191 -0.00551349 0)
(10.031 -0.0068405 0)
(10.0458 -0.00778086 0)
(10.0628 -0.00852301 0)
(10.0813 -0.00917317 0)
(10.101 -0.00930304 0)
(10.122 -0.00996087 0)
(10.1432 -0.00958674 0)
(10.1641 -0.0103898 0)
(10.1867 -0.00994455 0)
(10.2081 -0.0103943 0)
(10.2299 -0.0105893 0)
(10.2524 -0.00997993 0)
(10.2754 -0.0112062 0)
(10.2978 -0.00937987 0)
(10.3205 -0.0113272 0)
(10.3459 -0.00915105 0)
(10.3682 -0.0102178 0)
(10.3917 -0.00989828 0)
(10.4166 -0.00809048 0)
(10.4397 -0.0105871 0)
(10.462 -0.00638367 0)
(10.4847 -0.00979637 0)
(10.5089 -0.00613485 0)
(10.5324 -0.00647806 0)
(10.5514 -0.00726148 0)
(10.5803 -0.00215077 0)
(10.5995 -0.00671124 0)
(10.6237 7.12537e-05 0)
(10.6407 -0.00297257 0)
(10.6637 0.000527216 0)
(10.6879 0.00324074 0)
(10.699 0.00220864 0)
(10.7287 0.00807641 0)
(10.7403 0.00789525 0)
(10.769 0.0115509 0)
(10.7724 0.0154399 0)
(10.7917 0.0173487 0)
(10.8077 0.0227699 0)
(10.8303 0.0284871 0)
(10.836 0.0286974 0)
(10.8507 0.0421924 0)
(10.8512 0.0381149 0)
(10.8739 0.0563752 0)
(10.8784 0.0547423 0)
(10.8854 0.0706708 0)
(10.8945 0.076756 0)
(10.8903 0.0899746 0)
(10.9098 0.102403 0)
(10.8998 0.116345 0)
(10.9169 0.133526 0)
(10.9059 0.149859 0)
(10.924 0.1737 0)
(10.9095 0.191742 0)
(10.9354 0.225846 0)
(10.9118 0.244592 0)
(10.9472 0.291771 0)
(10.9183 0.313752 0)
(10.9609 0.374045 0)
(10.9286 0.403587 0)
(10.9774 0.477545 0)
(10.9451 0.520227 0)
(10.9925 0.606902 0)
(10.9716 0.670282 0)
(11.0047 0.772226 0)
(11.0066 0.856444 0)
(11.0103 0.98579 0)
(11.0502 1.09142 0)
(11.0045 1.24553 0)
(11.0864 1.39552 0)
(10.9865 1.55885 0)
(11.0883 1.76932 0)
(10.9447 1.93869 0)
(11.0245 2.20718 0)
(10.8562 2.39068 0)
(10.8566 2.68935 0)
(10.6906 2.9067 0)
(10.0001 -0.00267743 0)
(10.0034 -0.00775624 0)
(10.01 -0.0128273 0)
(10.0198 -0.0170228 0)
(10.0322 -0.0209915 0)
(10.0475 -0.0238949 0)
(10.0649 -0.0261959 0)
(10.0839 -0.0280444 0)
(10.1037 -0.0287756 0)
(10.1252 -0.0304131 0)
(10.1462 -0.029955 0)
(10.1673 -0.0319754 0)
(10.19 -0.0312219 0)
(10.211 -0.0326789 0)
(10.2336 -0.0330483 0)
(10.2554 -0.032568 0)
(10.2793 -0.0347232 0)
(10.3013 -0.0319052 0)
(10.3239 -0.0356124 0)
(10.3508 -0.0315713 0)
(10.3702 -0.0344974 0)
(10.398 -0.0328666 0)
(10.4182 -0.031626 0)
(10.4456 -0.0343486 0)
(10.4654 -0.0290659 0)
(10.4879 -0.0343735 0)
(10.5166 -0.0278021 0)
(10.5317 -0.0308929 0)
(10.5626 -0.0292059 0)
(10.5787 -0.0245609 0)
(10.6099 -0.0297375 0)
(10.625 -0.0201956 0)
(10.6476 -0.0261264 0)
(10.6702 -0.0195071 0)
(10.6918 -0.016041 0)
(10.7071 -0.0212614 0)
(10.7342 -0.00562897 0)
(10.7469 -0.0162645 0)
(10.7773 -0.000838704 0)
(10.7786 -0.00425083 0)
(10.7998 0.0012608 0)
(10.8196 0.0107684 0)
(10.8319 0.0108106 0)
(10.8563 0.019617 0)
(10.8473 0.0269835 0)
(10.8773 0.0298851 0)
(10.872 0.0449918 0)
(10.9032 0.0494541 0)
(10.8894 0.0584052 0)
(10.9166 0.0779459 0)
(10.9009 0.0736185 0)
(10.9316 0.109277 0)
(10.9148 0.0999633 0)
(10.9414 0.13858 0)
(10.9259 0.138202 0)
(10.9511 0.174945 0)
(10.9378 0.182253 0)
(10.9643 0.224802 0)
(10.951 0.236132 0)
(10.9784 0.285107 0)
(10.9724 0.309349 0)
(10.9932 0.357954 0)
(11.003 0.403121 0)
(11.0119 0.454407 0)
(11.0421 0.518988 0)
(11.0353 0.579428 0)
(11.0917 0.668972 0)
(11.0617 0.735733 0)
(11.1528 0.861135 0)
(11.092 0.939057 0)
(11.2166 1.10103 0)
(11.1295 1.2009 0)
(11.2665 1.4071 0)
(11.1695 1.53411 0)
(11.2791 1.78323 0)
(11.1917 1.96177 0)
(11.2247 2.23274 0)
(11.1592 2.48561 0)
(11.0692 2.74986 0)
(11.0177 3.08535 0)
(10.0001 -0.0045873 0)
(10.0037 -0.0134417 0)
(10.0109 -0.0220819 0)
(10.0215 -0.029155 0)
(10.0347 -0.0359542 0)
(10.0512 -0.040375 0)
(10.0693 -0.0445696 0)
(10.0894 -0.0468963 0)
(10.1093 -0.0487083 0)
(10.1316 -0.0508074 0)
(10.1523 -0.0504217 0)
(10.1737 -0.0541036 0)
(10.1967 -0.0518463 0)
(10.2173 -0.056422 0)
(10.2407 -0.0541763 0)
(10.2619 -0.0567861 0)
(10.2868 -0.0573024 0)
(10.3081 -0.054851 0)
(10.3318 -0.060815 0)
(10.358 -0.0520296 0)
(10.3783 -0.0620602 0)
(10.405 -0.0523738 0)
(10.4274 -0.0585394 0)
(10.4516 -0.0564247 0)
(10.4758 -0.0518946 0)
(10.4937 -0.0611939 0)
(10.5277 -0.045708 0)
(10.5379 -0.0608516 0)
(10.5733 -0.0457456 0)
(10.5874 -0.0522 0)
(10.618 -0.0495227 0)
(10.6372 -0.042342 0)
(10.6529 -0.0503317 0)
(10.6871 -0.0362722 0)
(10.6935 -0.0419856 0)
(10.7277 -0.0366506 0)
(10.7356 -0.0288734 0)
(10.769 -0.0323856 0)
(10.7783 -0.0202627 0)
(10.8014 -0.0208974 0)
(10.8029 -0.0167826 0)
(10.8437 -0.000962102 0)
(10.8366 -0.00966175 0)
(10.8773 0.0151419 0)
(10.8596 0.00361021 0)
(10.8932 0.0301602 0)
(10.8936 0.0248886 0)
(10.9131 0.0466705 0)
(10.9177 0.0471802 0)
(10.9257 0.0686324 0)
(10.9326 0.0708323 0)
(10.9433 0.0976646 0)
(10.9489 0.0990145 0)
(10.954 0.12653 0)
(10.9689 0.140117 0)
(10.959 0.156191 0)
(10.9955 0.191065 0)
(10.9682 0.197832 0)
(11.021 0.246341 0)
(10.9862 0.255057 0)
(11.0517 0.31506 0)
(11.009 0.326285 0)
(11.0932 0.403634 0)
(11.0415 0.417842 0)
(11.1392 0.516127 0)
(11.0917 0.537397 0)
(11.1906 0.658154 0)
(11.1577 0.693855 0)
(11.2512 0.836179 0)
(11.2393 0.903482 0)
(11.3187 1.05745 0)
(11.3334 1.18302 0)
(11.3852 1.34465 0)
(11.4289 1.54457 0)
(11.4326 1.72 0)
(11.4977 2.00784 0)
(11.4337 2.20403 0)
(11.4886 2.57368 0)
(11.3537 2.81011 0)
(11.3311 3.21818 0)
(10.0001 -0.00676336 0)
(10.0041 -0.0198744 0)
(10.0124 -0.0325026 0)
(10.0242 -0.0424358 0)
(10.0393 -0.0522135 0)
(10.0572 -0.0576112 0)
(10.0767 -0.0637025 0)
(10.0982 -0.0659625 0)
(10.1182 -0.0689191 0)
(10.142 -0.0712507 0)
(10.1615 -0.0710498 0)
(10.1845 -0.076444 0)
(10.2064 -0.0725107 0)
(10.2274 -0.0806326 0)
(10.2522 -0.0750335 0)
(10.2708 -0.0818014 0)
(10.3008 -0.0788845 0)
(10.3157 -0.0794742 0)
(10.3474 -0.0839367 0)
(10.3664 -0.0749136 0)
(10.3921 -0.0876377 0)
(10.4174 -0.0732804 0)
(10.4368 -0.0857101 0)
(10.469 -0.0768335 0)
(10.4812 -0.0784706 0)
(10.5149 -0.0836609 0)
(10.5324 -0.0683042 0)
(10.5581 -0.0875316 0)
(10.5818 -0.0644056 0)
(10.605 -0.0796789 0)
(10.629 -0.0697002 0)
(10.6542 -0.0641101 0)
(10.6643 -0.077092 0)
(10.7074 -0.0498097 0)
(10.7024 -0.0729786 0)
(10.7501 -0.0477884 0)
(10.7482 -0.0559199 0)
(10.7861 -0.0478157 0)
(10.7999 -0.0399405 0)
(10.8084 -0.0404188 0)
(10.8383 -0.030755 0)
(10.8434 -0.0199605 0)
(10.8771 -0.0220707 0)
(10.8764 -0.00151294 0)
(10.8994 -0.0065336 0)
(10.8998 0.0128976 0)
(10.9295 0.0231247 0)
(10.923 0.0237389 0)
(10.9562 0.0537776 0)
(10.9335 0.0429434 0)
(10.9792 0.0800904 0)
(10.9483 0.074585 0)
(10.998 0.10516 0)
(10.9643 0.107525 0)
(11.0157 0.141722 0)
(10.9792 0.139422 0)
(11.0405 0.188202 0)
(10.9992 0.182363 0)
(11.0636 0.235831 0)
(11.0347 0.243191 0)
(11.0877 0.293635 0)
(11.0821 0.315094 0)
(11.122 0.375104 0)
(11.141 0.403324 0)
(11.1682 0.4761 0)
(11.2169 0.526116 0)
(11.225 0.597405 0)
(11.3134 0.686797 0)
(11.3021 0.757144 0)
(11.4211 0.893382 0)
(11.4066 0.9677 0)
(11.5406 1.16445 0)
(11.5293 1.25785 0)
(11.6628 1.51682 0)
(11.6535 1.66289 0)
(11.7608 1.97571 0)
(11.7472 2.21449 0)
(11.7793 2.56371 0)
(11.7493 2.92306 0)
(11.6557 3.28787 0)
(10.0002 -0.00938406 0)
(10.0049 -0.0278824 0)
(10.0151 -0.0448118 0)
(10.0288 -0.0578717 0)
(10.0466 -0.0704252 0)
(10.0668 -0.0757983 0)
(10.0882 -0.0842425 0)
(10.1113 -0.0844 0)
(10.1317 -0.0905432 0)
(10.1565 -0.0903953 0)
(10.1754 -0.0930711 0)
(10.1992 -0.0981782 0)
(10.2213 -0.0930479 0)
(10.2415 -0.10654 0)
(10.2687 -0.0925912 0)
(10.285 -0.111368 0)
(10.3182 -0.0947209 0)
(10.3311 -0.109314 0)
(10.3641 -0.102509 0)
(10.3848 -0.0995472 0)
(10.4052 -0.114243 0)
(10.4407 -0.0892196 0)
(10.4464 -0.120724 0)
(10.4949 -0.087022 0)
(10.4907 -0.115778 0)
(10.5401 -0.0957026 0)
(10.5466 -0.0993793 0)
(10.5771 -0.108469 0)
(10.6051 -0.0845947 0)
(10.6164 -0.110426 0)
(10.6595 -0.0821119 0)
(10.6608 -0.09793 0)
(10.6992 -0.0895479 0)
(10.7139 -0.0781564 0)
(10.737 -0.0922461 0)
(10.7592 -0.0674542 0)
(10.783 -0.0787487 0)
(10.7966 -0.0657133 0)
(10.8339 -0.0580476 0)
(10.822 -0.0645704 0)
(10.8727 -0.0372069 0)
(10.8612 -0.0516331 0)
(10.9073 -0.0209072 0)
(10.8997 -0.0327634 0)
(10.9263 -0.00859801 0)
(10.9322 -0.00554954 0)
(10.9508 0.0092523 0)
(10.9607 0.0177153 0)
(10.9746 0.0375089 0)
(10.9763 0.0367042 0)
(10.9966 0.0679254 0)
(10.9969 0.0684931 0)
(11.0086 0.0877668 0)
(11.027 0.109099 0)
(11.0147 0.115158 0)
(11.0564 0.14404 0)
(11.0357 0.158245 0)
(11.0834 0.181796 0)
(11.0631 0.204483 0)
(11.1263 0.237526 0)
(11.0914 0.254173 0)
(11.1836 0.311331 0)
(11.1365 0.318576 0)
(11.2459 0.401226 0)
(11.2054 0.409151 0)
(11.3218 0.512353 0)
(11.2933 0.525822 0)
(11.4235 0.655563 0)
(11.405 0.683475 0)
(11.5464 0.8335 0)
(11.5551 0.899806 0)
(11.6878 1.07184 0)
(11.7392 1.19974 0)
(11.8499 1.39614 0)
(11.9369 1.62467 0)
(12.0086 1.86317 0)
(12.1113 2.20555 0)
(12.1081 2.51858 0)
(12.193 2.97302 0)
(12.0525 3.38746 0)
(10.0001 -0.0127252 0)
(10.0066 -0.0386657 0)
(10.0196 -0.0603428 0)
(10.037 -0.0769967 0)
(10.0585 -0.0915056 0)
(10.082 -0.0963059 0)
(10.1058 -0.1066 0)
(10.1303 -0.104161 0)
(10.1511 -0.113713 0)
(10.1771 -0.110494 0)
(10.1941 -0.11719 0)
(10.2213 -0.12002 0)
(10.2397 -0.116659 0)
(10.2647 -0.131027 0)
(10.2887 -0.114006 0)
(10.3076 -0.138441 0)
(10.3416 -0.114013 0)
(10.3507 -0.137993 0)
(10.3924 -0.121181 0)
(10.4008 -0.127874 0)
(10.436 -0.135337 0)
(10.4571 -0.113668 0)
(10.4755 -0.147121 0)
(10.5151 -0.106268 0)
(10.5162 -0.14633 0)
(10.5643 -0.112398 0)
(10.5713 -0.129044 0)
(10.5993 -0.12981 0)
(10.6355 -0.105423 0)
(10.6321 -0.14098 0)
(10.6966 -0.0944228 0)
(10.6724 -0.133427 0)
(10.7374 -0.0992728 0)
(10.7306 -0.111097 0)
(10.7655 -0.106004 0)
(10.7898 -0.0928201 0)
(10.7989 -0.0975409 0)
(10.8378 -0.0848758 0)
(10.8411 -0.0796283 0)
(10.8688 -0.0803479 0)
(10.8814 -0.0559967 0)
(10.9055 -0.0676475 0)
(10.9196 -0.0372851 0)
(10.9388 -0.0453045 0)
(10.9438 -0.027983 0)
(10.9727 -0.00749036 0)
(10.963 -0.0168808 0)
(11.0103 0.0237068 0)
(10.9795 0.0115175 0)
(11.0287 0.0439746 0)
(11.0069 0.0480861 0)
(11.041 0.0704138 0)
(11.0272 0.0754455 0)
(11.0675 0.105308 0)
(11.0381 0.104521 0)
(11.0961 0.137449 0)
(11.0682 0.145479 0)
(11.1161 0.171169 0)
(11.1148 0.187485 0)
(11.1496 0.222296 0)
(11.1643 0.229939 0)
(11.2024 0.290357 0)
(11.2265 0.289347 0)
(11.27 0.362941 0)
(11.3142 0.385209 0)
(11.349 0.443094 0)
(11.4291 0.509378 0)
(11.4614 0.555417 0)
(11.5696 0.661862 0)
(11.6042 0.711191 0)
(11.7594 0.858349 0)
(11.7807 0.930437 0)
(11.9922 1.13044 0)
(12.0052 1.24909 0)
(12.26 1.52254 0)
(12.2547 1.73944 0)
(12.5247 2.10842 0)
(12.4716 2.45814 0)
(12.7089 2.97418 0)
(12.5413 3.44233 0)
(9.99937 -0.0179792 0)
(10.0109 -0.0532517 0)
(10.0264 -0.0803182 0)
(10.0527 -0.100487 0)
(10.0761 -0.11609 0)
(10.1079 -0.119606 0)
(10.1297 -0.132584 0)
(10.1595 -0.125482 0)
(10.1777 -0.143311 0)
(10.2046 -0.130783 0)
(10.2241 -0.151024 0)
(10.2448 -0.140356 0)
(10.2758 -0.150684 0)
(10.2825 -0.155018 0)
(10.3323 -0.141846 0)
(10.3196 -0.170907 0)
(10.3899 -0.131699 0)
(10.3599 -0.180725 0)
(10.4396 -0.130295 0)
(10.4126 -0.175858 0)
(10.4751 -0.144667 0)
(10.4775 -0.155821 0)
(10.5009 -0.166977 0)
(10.5457 -0.134435 0)
(10.5294 -0.181145 0)
(10.6008 -0.125699 0)
(10.577 -0.175468 0)
(10.6339 -0.135628 0)
(10.6416 -0.152579 0)
(10.6571 -0.150827 0)
(10.7047 -0.131743 0)
(10.6896 -0.155248 0)
(10.7441 -0.12274 0)
(10.7432 -0.142491 0)
(10.7664 -0.122852 0)
(10.8003 -0.122352 0)
(10.7941 -0.120046 0)
(10.8412 -0.101977 0)
(10.8354 -0.114464 0)
(10.862 -0.0837553 0)
(10.8811 -0.0938414 0)
(10.8821 -0.0729578 0)
(10.9253 -0.0617652 0)
(10.8999 -0.0650893 0)
(10.9558 -0.035751 0)
(10.9263 -0.034391 0)
(10.9707 -0.0218133 0)
(10.9622 0.00162132 0)
(10.9859 0.00284861 0)
(10.9742 0.0219897 0)
(11.0209 0.0422431 0)
(10.9728 0.0463635 0)
(11.0518 0.0675 0)
(10.991 0.0823173 0)
(11.0682 0.0907188 0)
(11.0199 0.114295 0)
(11.1051 0.124184 0)
(11.0382 0.144766 0)
(11.1666 0.165852 0)
(11.0704 0.176254 0)
(11.2335 0.224193 0)
(11.1293 0.217541 0)
(11.3066 0.285958 0)
(11.2162 0.28233 0)
(11.4026 0.363825 0)
(11.318 0.35795 0)
(11.5374 0.465081 0)
(11.4583 0.463766 0)
(11.6971 0.585322 0)
(11.6483 0.614813 0)
(11.906 0.743303 0)
(11.8902 0.815291 0)
(12.18 0.977236 0)
(12.1967 1.09951 0)
(12.5258 1.33986 0)
(12.5758 1.55026 0)
(12.8969 1.92368 0)
(12.9761 2.30376 0)
(13.1895 2.88465 0)
(13.2475 3.48502 0)
(9.99695 -0.0253842 0)
(10.0217 -0.0710043 0)
(10.0367 -0.0990235 0)
(10.0827 -0.117444 0)
(10.0996 -0.127674 0)
(10.1496 -0.129086 0)
(10.1581 -0.139532 0)
(10.1998 -0.134309 0)
(10.2088 -0.151423 0)
(10.2339 -0.142604 0)
(10.2623 -0.160447 0)
(10.2572 -0.153839 0)
(10.3237 -0.160402 0)
(10.2751 -0.168349 0)
(10.3853 -0.152855 0)
(10.2962 -0.183107 0)
(10.434 -0.145138 0)
(10.3318 -0.192277 0)
(10.4582 -0.145107 0)
(10.3888 -0.188881 0)
(10.4572 -0.157986 0)
(10.4597 -0.17251 0)
(10.4456 -0.177332 0)
(10.524 -0.154023 0)
(10.4466 -0.190472 0)
(10.5594 -0.144913 0)
(10.4771 -0.18694 0)
(10.5605 -0.151163 0)
(10.5312 -0.167992 0)
(10.5432 -0.162915 0)
(10.5847 -0.148833 0)
(10.5329 -0.167138 0)
(10.6146 -0.136737 0)
(10.5438 -0.159342 0)
(10.6219 -0.128403 0)
(10.5656 -0.146804 0)
(10.626 -0.118444 0)
(10.576 -0.129635 0)
(10.6409 -0.11001 0)
(10.5706 -0.110732 0)
(10.6643 -0.0863275 0)
(10.5612 -0.102889 0)
(10.687 -0.0459685 0)
(10.5548 -0.100004 0)
(10.699 -0.010575 0)
(10.5619 -0.0744094 0)
(10.6984 0.0130602 0)
(10.5829 -0.0428482 0)
(10.6947 0.0450079 0)
(10.5984 -0.0169443 0)
(10.7092 0.0756222 0)
(10.6089 0.0192573 0)
(10.7209 0.0914228 0)
(10.6467 0.0501644 0)
(10.7264 0.123174 0)
(10.6959 0.0583723 0)
(10.7629 0.170031 0)
(10.7389 0.0654429 0)
(10.8252 0.211994 0)
(10.8093 0.0848713 0)
(10.8951 0.259879 0)
(10.9045 0.11589 0)
(10.9866 0.307298 0)
(11.0338 0.177062 0)
(11.1003 0.355236 0)
(11.1923 0.262177 0)
(11.2632 0.420268 0)
(11.3889 0.361548 0)
(11.4752 0.518588 0)
(11.6434 0.479212 0)
(11.7466 0.659775 0)
(11.9686 0.64083 0)
(12.1057 0.85591 0)
(12.3961 0.880479 0)
(12.5795 1.16023 0)
(12.9545 1.2898 0)
(13.1771 1.65288 0)
(13.6404 2.07651 0)
(13.7892 2.66446 0)
(14.1568 3.57841 0)
(9.99538 -0.0614579 0)
(10.0391 -0.136792 0)
(10.0611 -0.174297 0)
(10.1159 -0.183647 0)
(10.1207 -0.187356 0)
(10.1638 -0.184263 0)
(10.1463 -0.189884 0)
(10.1738 -0.189712 0)
(10.1511 -0.197354 0)
(10.1589 -0.197151 0)
(10.1517 -0.201915 0)
(10.1254 -0.200484 0)
(10.1521 -0.202091 0)
(10.0764 -0.200143 0)
(10.1459 -0.201522 0)
(10.0204 -0.196921 0)
(10.1219 -0.20239 0)
(9.96993 -0.191859 0)
(10.0702 -0.203422 0)
(9.93419 -0.187014 0)
(9.98796 -0.20137 0)
(9.91126 -0.185513 0)
(9.88619 -0.193623 0)
(9.8843 -0.187866 0)
(9.78834 -0.182073 0)
(9.83134 -0.189195 0)
(9.71445 -0.172316 0)
(9.7427 -0.183104 0)
(9.66868 -0.170251 0)
(9.62516 -0.166457 0)
(9.63428 -0.174608 0)
(9.50399 -0.146087 0)
(9.58915 -0.175191 0)
(9.39879 -0.13052 0)
(9.52533 -0.162219 0)
(9.31419 -0.12583 0)
(9.45038 -0.139041 0)
(9.23801 -0.121254 0)
(9.3798 -0.119558 0)
(9.16075 -0.103955 0)
(9.32653 -0.107836 0)
(9.08063 -0.0751615 0)
(9.29276 -0.0975411 0)
(8.99859 -0.048387 0)
(9.28164 -0.0808529 0)
(8.92126 -0.02235 0)
(9.28775 -0.0543907 0)
(8.86507 -0.00671478 0)
(9.29726 -0.0140779 0)
(8.84598 0.00658986 0)
(9.29181 0.0149633 0)
(8.88338 0.0450338 0)
(9.26581 0.00955111 0)
(8.96241 0.0944245 0)
(9.27071 0.0119399 0)
(9.0249 0.115583 0)
(9.35891 0.0342863 0)
(9.06211 0.13906 0)
(9.47674 0.0302037 0)
(9.16882 0.195228 0)
(9.57263 0.0137276 0)
(9.31131 0.249178 0)
(9.7514 0.0252952 0)
(9.43698 0.287689 0)
(9.98494 0.0750878 0)
(9.65571 0.326228 0)
(10.189 0.11891 0)
(9.99458 0.403732 0)
(10.413 0.169243 0)
(10.435 0.500512 0)
(10.7464 0.232387 0)
(10.9352 0.631288 0)
(11.2511 0.354955 0)
(11.5547 0.77739 0)
(11.9546 0.585032 0)
(12.4082 1.01725 0)
(12.9042 0.962858 0)
(13.6811 1.54149 0)
(14.2349 1.88088 0)
(15.1518 2.92717 0)
(9.90128 -0.0456754 0)
(9.8068 -0.0985412 0)
(9.69915 -0.121095 0)
(9.57154 -0.125572 0)
(9.4169 -0.124528 0)
(9.25443 -0.123283 0)
(9.07915 -0.123916 0)
(8.91137 -0.126092 0)
(8.73565 -0.125874 0)
(8.57208 -0.128903 0)
(8.39872 -0.124513 0)
(8.23833 -0.128199 0)
(8.0678 -0.119978 0)
(7.90883 -0.125454 0)
(7.74142 -0.114855 0)
(7.5847 -0.121267 0)
(7.4202 -0.111288 0)
(7.26753 -0.114787 0)
(7.10527 -0.109595 0)
(6.95932 -0.106459 0)
(6.79704 -0.108272 0)
(6.66097 -0.0980073 0)
(6.49759 -0.105903 0)
(6.37078 -0.0906636 0)
(6.21094 -0.100476 0)
(6.08858 -0.0862768 0)
(5.93938 -0.0911861 0)
(5.81613 -0.0832829 0)
(5.6858 -0.0805131 0)
(5.55212 -0.0798569 0)
(5.44786 -0.0706019 0)
(5.30294 -0.0740989 0)
(5.22906 -0.062213 0)
(5.06815 -0.0653379 0)
(5.03093 -0.0519764 0)
(4.85127 -0.0580933 0)
(4.85642 -0.0383058 0)
(4.65701 -0.0555259 0)
(4.69862 -0.0182991 0)
(4.50289 -0.0534666 0)
(4.542 0.00298447 0)
(4.41345 -0.045591 0)
(4.37773 0.0081567 0)
(4.38121 -0.0158851 0)
(4.24704 -0.0126507 0)
(4.3388 0.0336571 0)
(4.23705 -0.0327787 0)
(4.21302 0.0556948 0)
(4.38055 -0.00194388 0)
(4.05159 0.0200828 0)
(4.56029 0.0763529 0)
(4.01494 -0.0313567 0)
(4.63751 0.113696 0)
(4.14224 -0.0140586 0)
(4.66056 0.0656187 0)
(4.26744 0.0303434 0)
(4.82362 0.0774779 0)
(4.26676 -0.0496602 0)
(5.06142 0.193674 0)
(4.3797 -0.118356 0)
(5.15247 0.188451 0)
(4.63232 -0.0325944 0)
(5.33898 0.142078 0)
(4.69 -0.0553995 0)
(5.83058 0.297433 0)
(4.71545 -0.211 0)
(6.26671 0.483374 0)
(5.03524 -0.277458 0)
(6.60483 0.555498 0)
(5.53319 -0.252058 0)
(7.09183 0.637686 0)
(6.05081 -0.282821 0)
(7.86325 0.842409 0)
(6.69817 -0.390625 0)
(8.8604 1.1811 0)
(7.77906 -0.48567 0)
(10.1266 1.5669 0)
(9.63443 -0.332083 0)
(12.1712 2.09726 0)
(12.6538 0.524681 0)
(-2.866 -0.337923 0)
(-2.91345 -0.385754 0)
(-2.90389 -0.341904 0)
(-2.87112 -0.214836 0)
(-2.87138 -0.0400526 0)
(-2.93585 0.115094 0)
(-3.07854 0.199695 0)
(-3.25553 0.207604 0)
(-3.38958 0.15594 0)
(-3.41291 0.0704726 0)
(-3.31282 -0.00562169 0)
(-3.11886 -0.0543267 0)
(-2.88684 -0.0678371 0)
(-2.65274 -0.0662769 0)
(-2.40122 -0.0855334 0)
(-2.08637 -0.143726 0)
(-1.82356 -0.173319 0)
(-1.54925 -0.260477 0)
(-0.922249 -0.473107 0)
(-0.405996 -0.390099 0)
(1.59742 0.612322 0)
(0.732553 0.466889 0)
(-0.187724 0.315495 0)
(-1.05781 0.182296 0)
(-1.80309 0.096154 0)
(-2.3609 0.0724888 0)
(-2.73498 0.081077 0)
(-2.9433 0.0708629 0)
(-3.07016 -0.00131371 0)
(-3.10415 -0.130255 0)
(-3.08081 -0.281251 0)
(-2.99572 -0.394851 0)
(-2.87463 -0.433029 0)
(-2.64542 -0.456524 0)
(-2.30625 -0.486279 0)
(-1.73094 -0.509911 0)
(-1.32451 -0.445982 0)
(-1.01306 -0.459958 0)
(-0.390808 -0.736781 0)
(-0.468074 -0.912511 0)
(5.75692 1.32609 0)
(5.10906 1.30807 0)
(4.40526 1.29172 0)
(3.64214 1.25348 0)
(2.85419 1.17108 0)
(2.03764 1.02072 0)
(1.25802 0.834189 0)
(0.54132 0.60076 0)
(-0.0507136 0.366517 0)
(-0.528978 0.120966 0)
(-0.923277 -0.0964419 0)
(-1.17928 -0.290428 0)
(-1.37409 -0.454102 0)
(-1.24977 -0.664258 0)
(-0.977232 -0.942652 0)
(-0.481021 -1.14665 0)
(-0.0359101 -1.09343 0)
(0.255697 -1.10621 0)
(0.734344 -1.28538 0)
(-0.0667743 -1.40636 0)
(8.00526 1.79954 0)
(7.58003 1.84357 0)
(7.11478 1.86648 0)
(6.57074 1.85947 0)
(5.99937 1.82082 0)
(5.35585 1.73095 0)
(4.68387 1.58486 0)
(4.02236 1.3841 0)
(3.28265 1.1169 0)
(2.69383 0.800549 0)
(1.98217 0.441073 0)
(1.52976 0.0777004 0)
(1.01755 -0.34495 0)
(0.802523 -0.856568 0)
(0.654937 -1.33439 0)
(0.124869 -1.57214 0)
(-0.250292 -1.09523 0)
(-0.625455 -0.916009 0)
(-0.190788 0.0251415 0)
(-0.323495 -0.0253762 0)
(9.03928 2.12089 0)
(8.77672 2.20281 0)
(8.4471 2.25331 0)
(8.11879 2.31519 0)
(7.67289 2.29573 0)
(7.27717 2.26805 0)
(6.70228 2.17931 0)
(6.21922 1.99874 0)
(5.54856 1.79714 0)
(4.95172 1.46705 0)
(4.23811 1.16956 0)
(3.57527 0.715985 0)
(2.78107 0.360867 0)
(2.05425 -0.0575167 0)
(1.01862 -0.116508 0)
(0.140295 0.0264393 0)
(-0.274527 -0.617638 0)
(-0.474106 -1.52015 0)
(-0.734447 -2.07164 0)
(-0.0829929 -2.34141 0)
(9.49446 2.33747 0)
(9.31535 2.45126 0)
(9.06932 2.55784 0)
(8.82485 2.6155 0)
(8.5147 2.67551 0)
(8.17568 2.67726 0)
(7.80444 2.61272 0)
(7.32319 2.52976 0)
(6.85359 2.35314 0)
(6.27092 2.09082 0)
(5.60378 1.8407 0)
(5.04176 1.44279 0)
(4.16465 1.1149 0)
(3.87865 0.614958 0)
(3.12745 0.24653 0)
(2.76952 -0.441414 0)
(2.24978 -0.360631 0)
(2.31094 0.134062 0)
(1.23527 0.304019 0)
(0.397196 -0.216881 0)
(9.73294 2.52222 0)
(9.59342 2.65507 0)
(9.36567 2.77915 0)
(9.15867 2.89197 0)
(8.90914 2.95971 0)
(8.58695 2.99908 0)
(8.3007 3.01932 0)
(7.87964 2.92358 0)
(7.45596 2.84401 0)
(6.97925 2.68836 0)
(6.33618 2.38571 0)
(5.79971 2.19848 0)
(4.98214 1.81169 0)
(3.83189 1.4634 0)
(2.94672 1.46219 0)
(1.35629 0.845407 0)
(-0.198567 -0.189703 0)
(-1.0059 -0.642963 0)
(-1.21678 -0.842756 0)
(-0.314134 -1.48865 0)
(9.92941 2.67814 0)
(9.7575 2.84567 0)
(9.5897 2.99516 0)
(9.3192 3.11651 0)
(9.13415 3.24707 0)
(8.78774 3.29169 0)
(8.5115 3.34755 0)
(8.14693 3.35591 0)
(7.69609 3.23423 0)
(7.30719 3.20552 0)
(6.70753 3.01864 0)
(6.11919 2.72466 0)
(5.72943 2.57868 0)
(5.19083 1.99898 0)
(4.8609 1.74955 0)
(4.71531 2.04062 0)
(4.54716 1.95757 0)
(3.29722 1.61327 0)
(1.87354 0.195579 0)
(0.951273 -1.12361 0)
(10.1423 2.84556 0)
(9.911 3.02147 0)
(9.77315 3.22252 0)
(9.4869 3.35721 0)
(9.25213 3.50565 0)
(8.97196 3.63521 0)
(8.57482 3.64216 0)
(8.3071 3.77057 0)
(7.81254 3.68683 0)
(7.38459 3.6104 0)
(6.97244 3.59567 0)
(6.12624 3.40197 0)
(5.43992 3.47828 0)
(4.44396 3.39342 0)
(2.41583 2.63173 0)
(1.03569 1.93686 0)
(0.665435 1.69523 0)
(0.764471 1.41135 0)
(0.818022 0.840006 0)
(0.457034 0.658938 0)
(10.3616 3.03292 0)
(10.1136 3.21084 0)
(9.93697 3.44233 0)
(9.69553 3.64888 0)
(9.36218 3.75943 0)
(9.11542 3.9969 0)
(8.71233 4.00377 0)
(8.30035 4.118 0)
(7.97173 4.18916 0)
(7.30221 4.1027 0)
(7.13163 4.09499 0)
(6.64849 3.69531 0)
(6.19642 3.40076 0)
(6.5566 3.67958 0)
(6.16943 3.92739 0)
(5.54679 3.45986 0)
(4.27565 2.69055 0)
(3.09887 1.85581 0)
(1.91433 1.1572 0)
(0.540057 0.523508 0)
(10.5523 3.18034 0)
(10.4007 3.45988 0)
(10.1019 3.64369 0)
(9.92589 3.96939 0)
(9.54547 4.07749 0)
(9.2162 4.31202 0)
(8.88139 4.46732 0)
(8.33777 4.49338 0)
(8.11159 4.60843 0)
(7.29839 4.5871 0)
(6.68336 4.85726 0)
(6.0489 5.22411 0)
(4.23671 4.67693 0)
(3.03865 4.14875 0)
(2.99536 4.31315 0)
(3.28373 4.18934 0)
(2.78718 3.6806 0)
(2.34583 3.10474 0)
(1.54845 2.81954 0)
(0.437101 2.42036 0)
(10.7909 3.32046 0)
(10.6814 3.70146 0)
(10.3872 3.92233 0)
(10.1087 4.22969 0)
(9.82589 4.50156 0)
(9.32543 4.64871 0)
(9.09441 4.8916 0)
(8.33138 4.99268 0)
(8.18006 5.13202 0)
(7.76463 4.9779 0)
(7.30291 4.48724 0)
(7.64447 4.87897 0)
(7.49042 5.18795 0)
(6.48889 4.90224 0)
(4.98205 4.37765 0)
(3.84221 4.05473 0)
(2.77786 3.88758 0)
(2.05715 3.60118 0)
(1.14165 3.65309 0)
(0.319631 3.10079 0)
(11.1421 3.52543 0)
(10.9625 3.88415 0)
(10.7344 4.27058 0)
(10.3538 4.53341 0)
(10.1161 4.88 0)
(9.49503 5.08633 0)
(9.29123 5.32855 0)
(8.56678 5.41802 0)
(7.82311 5.70792 0)
(7.29888 6.40161 0)
(5.60657 6.22619 0)
(4.20263 5.87085 0)
(4.5075 6.09025 0)
(4.80548 6.26977 0)
(4.42396 5.99486 0)
(3.73025 5.49289 0)
(2.78652 4.96819 0)
(2.01369 4.49906 0)
(1.00314 4.39101 0)
(0.320341 3.66272 0)
(11.5716 3.7491 0)
(11.2975 4.11384 0)
(11.1583 4.57181 0)
(10.6269 4.93294 0)
(10.4469 5.3462 0)
(9.73555 5.55725 0)
(9.37988 5.85139 0)
(9.08717 5.95327 0)
(8.48003 5.46117 0)
(8.77837 5.79237 0)
(8.85338 6.24703 0)
(7.61847 6.05627 0)
(6.20036 5.64319 0)
(5.18215 5.78749 0)
(4.56303 6.07238 0)
(3.9193 6.18469 0)
(3.04527 5.92027 0)
(2.13328 5.41191 0)
(1.06104 5.36199 0)
(0.38076 4.41953 0)
(12.067 3.91649 0)
(11.7099 4.37854 0)
(11.6181 4.93534 0)
(11.0615 5.27455 0)
(10.7174 5.74802 0)
(10.1935 6.13377 0)
(9.19784 6.38891 0)
(8.75786 7.28505 0)
(7.10883 7.42233 0)
(5.3613 7.11276 0)
(5.76444 7.44277 0)
(6.19857 7.79646 0)
(5.83148 7.44876 0)
(4.94061 7.01738 0)
(4.24806 6.84707 0)
(3.67483 6.91033 0)
(2.9995 6.81426 0)
(2.14195 6.40457 0)
(1.0476 6.13208 0)
(0.406492 5.048 0)
(12.6326 4.11661 0)
(12.297 4.67204 0)
(12.0431 5.36932 0)
(11.6433 5.94621 0)
(10.9254 6.20003 0)
(10.8241 6.58423 0)
(10.0947 6.30185 0)
(10.2634 6.55689 0)
(10.5649 7.28553 0)
(9.22982 7.22959 0)
(7.46575 6.83612 0)
(6.40838 7.14543 0)
(5.97166 7.57083 0)
(5.17149 7.62513 0)
(4.34633 7.4444 0)
(3.58644 7.50046 0)
(2.9629 7.47997 0)
(2.14665 7.26779 0)
(1.12889 7.13295 0)
(0.449158 5.89482 0)
(13.1792 4.17988 0)
(13.1308 4.9727 0)
(12.568 5.61788 0)
(12.3135 6.53788 0)
(11.1455 7.12697 0)
(10.3672 8.01402 0)
(8.8064 8.39243 0)
(6.66859 8.00753 0)
(7.06745 8.43388 0)
(7.83879 9.06922 0)
(7.40937 8.74613 0)
(6.38293 8.32056 0)
(5.7834 8.35401 0)
(5.16203 8.53538 0)
(4.42546 8.35705 0)
(3.56095 8.25811 0)
(2.90963 8.26038 0)
(2.13663 8.10483 0)
(1.15176 7.89484 0)
(0.482232 6.60235 0)
(14.0092 4.49759 0)
(13.9791 5.60375 0)
(13.2033 6.15507 0)
(12.9832 6.68194 0)
(12.5549 6.85623 0)
(12.5471 7.35475 0)
(12.7558 8.43252 0)
(11.1153 8.5106 0)
(8.78649 7.94929 0)
(7.79784 8.42873 0)
(7.45992 9.08921 0)
(6.58107 9.04453 0)
(5.74445 8.94663 0)
(5.06666 9.15528 0)
(4.41035 9.18219 0)
(3.51577 9.09616 0)
(2.84518 8.99559 0)
(2.05851 8.92538 0)
(1.1882 8.80593 0)
(0.490084 7.47029 0)
(15.4588 4.48544 0)
(15.5524 6.52043 0)
(14.1246 7.84118 0)
(12.1973 8.65467 0)
(10.2183 8.99681 0)
(8.28807 8.44618 0)
(9.25209 9.19723 0)
(10.4994 10.3413 0)
(9.58311 10.0283 0)
(8.01343 9.41553 0)
(7.39774 9.68629 0)
(6.77682 9.90512 0)
(5.90053 9.7437 0)
(5.08372 9.83167 0)
(4.44657 9.88294 0)
(3.55268 9.83959 0)
(2.83096 9.79272 0)
(2.05343 9.72756 0)
(1.19091 9.592 0)
(0.504433 8.24055 0)
(15.1981 3.54038 0)
(16.7815 5.82558 0)
(17.5007 7.76906 0)
(16.6873 8.81243 0)
(15.5178 9.88618 0)
(12.5919 9.70235 0)
(9.28311 8.75339 0)
(9.10387 9.72784 0)
(9.51714 10.8229 0)
(8.4744 10.6198 0)
(7.3945 10.4557 0)
(6.72241 10.6565 0)
(5.92932 10.6137 0)
(5.06735 10.5741 0)
(4.40368 10.6559 0)
(3.55469 10.6181 0)
(2.80894 10.4749 0)
(1.97327 10.4551 0)
(1.22121 10.4199 0)
(0.494684 9.1107 0)
(5.22083 2.39584 0)
(7.08338 4.71781 0)
(10.7539 7.57009 0)
(12.9649 9.43623 0)
(14.5726 11.0052 0)
(14.804 12.114 0)
(12.0544 11.1876 0)
(9.26993 10.2241 0)
(8.8951 11.0034 0)
(8.52164 11.5077 0)
(7.52905 11.4175 0)
(6.71143 11.4894 0)
(5.93313 11.4771 0)
(5.03631 11.4297 0)
(4.35703 11.422 0)
(3.5556 11.3877 0)
(2.84133 11.3191 0)
(2.01612 11.2334 0)
(1.21789 11.1701 0)
(0.501248 9.87776 0)
(-2.59638 -5.29342 0)
(0.92746 0.545097 0)
(4.53344 3.80631 0)
(7.67101 7.37139 0)
(10.2641 9.54471 0)
(13.2662 12.2728 0)
(13.4542 13.3202 0)
(10.7914 12.2046 0)
(8.96138 11.6497 0)
(8.43337 12.0202 0)
(7.66441 12.1488 0)
(6.77983 12.2415 0)
(5.96076 12.271 0)
(5.04399 12.1849 0)
(4.27571 12.2262 0)
(3.48361 12.178 0)
(2.76718 12.0323 0)
(1.92949 11.991 0)
(1.25455 12.0039 0)
(0.479726 10.7612 0)
(-3.15062 1.99215 0)
(-3.67812 -2.45442 0)
(-2.71733 -0.721454 0)
(3.88123 4.4207 0)
(4.99156 6.22046 0)
(9.42553 10.1195 0)
(12.5647 13.5526 0)
(11.7574 14.0846 0)
(9.52223 13.3345 0)
(8.3632 13.1059 0)
(7.57008 13.0778 0)
(6.72955 13.0721 0)
(5.93256 13.0932 0)
(5.02547 13.021 0)
(4.2357 12.9493 0)
(3.43374 12.9135 0)
(2.74147 12.8752 0)
(1.91216 12.7116 0)
(1.19415 12.7116 0)
(0.455458 11.52 0)
(-1.76837 2.23638 0)
(-1.06037 -4.46082e-05 0)
(-3.76292 -3.35379 0)
(-0.464482 0.593136 0)
(0.655668 1.9385 0)
(4.73412 6.02088 0)
(10.0727 11.9138 0)
(11.5056 14.435 0)
(10.098 14.4625 0)
(8.60709 14.1556 0)
(7.6365 14.0562 0)
(6.68294 14.0126 0)
(5.84482 13.964 0)
(4.96043 13.8315 0)
(4.14408 13.7805 0)
(3.3359 13.6639 0)
(2.63905 13.5633 0)
(1.81266 13.4898 0)
(1.19839 13.5432 0)
(0.404483 12.3834 0)
(-0.234476 3.61305 0)
(-0.756589 0.0661565 0)
(-0.0462217 -0.617951 0)
(-1.31265 -1.0752 0)
(1.81173 0.740154 0)
(-0.126197 -0.171225 0)
(6.84625 8.79112 0)
(10.1801 14.1373 0)
(10.0284 15.521 0)
(8.76089 15.3437 0)
(7.65187 15.0516 0)
(6.64684 14.8866 0)
(5.73778 14.838 0)
(4.84694 14.7074 0)
(4.03783 14.5245 0)
(3.2252 14.4056 0)
(2.55799 14.3508 0)
(1.75873 14.0905 0)
(1.10815 14.1705 0)
(0.354372 13.0756 0)
(-0.85061 3.49313 0)
(0.843875 0.196158 0)
(1.8197 -2.69295 0)
(3.11479 -2.16702 0)
(4.59189 0.820776 0)
(3.75709 0.382513 0)
(3.57092 3.59275 0)
(8.44031 11.8959 0)
(9.57547 15.6848 0)
(8.7017 16.4232 0)
(7.60658 16.2 0)
(6.52264 15.8911 0)
(5.58673 15.6894 0)
(4.69557 15.5264 0)
(3.89897 15.3795 0)
(3.0799 15.1558 0)
(2.42252 15.0411 0)
(1.63013 14.8924 0)
(1.06378 14.9672 0)
(0.276752 13.8377 0)
(-1.13879 3.54565 0)
(2.44741 -2.59528 0)
(3.75693 -3.97237 0)
(6.02745 -2.23782 0)
(4.87805 -1.39392 0)
(7.24341 2.35116 0)
(3.20236 1.60415 0)
(6.46218 9.23067 0)
(8.77853 15.0755 0)
(8.49522 17.0481 0)
(7.46764 17.1868 0)
(6.36419 16.8442 0)
(5.36612 16.5829 0)
(4.48534 16.3709 0)
(3.71729 16.1203 0)
(2.91879 15.9136 0)
(2.29262 15.7827 0)
(1.54577 15.4076 0)
(0.938584 15.524 0)
(0.216106 14.4035 0)
(1.12793 2.26074 0)
(4.01426 -3.595 0)
(5.65064 -5.57732 0)
(7.65015 -3.09841 0)
(6.24059 -2.22959 0)
(8.58299 2.90136 0)
(6.17136 3.47773 0)
(5.31565 7.30959 0)
(7.72974 14.1772 0)
(8.00231 17.4791 0)
(7.16531 18.1567 0)
(6.08225 17.8478 0)
(5.09012 17.4206 0)
(4.21845 17.1569 0)
(3.50042 16.9292 0)
(2.70862 16.6245 0)
(2.10945 16.4616 0)
(1.37579 16.2234 0)
(0.841838 16.2802 0)
(0.127932 15.0043 0)
(2.74381 -2.13388 0)
(4.18312 -7.33308 0)
(6.67127 -6.76324 0)
(6.9615 -4.35811 0)
(7.11593 -2.06602 0)
(8.07761 2.44805 0)
(7.75179 4.91031 0)
(5.29591 6.54343 0)
(6.85709 13.067 0)
(7.42171 17.4963 0)
(6.73579 18.8623 0)
(5.71193 18.76 0)
(4.72932 18.3138 0)
(3.89509 17.9404 0)
(3.22427 17.6089 0)
(2.48509 17.3341 0)
(1.92455 17.1215 0)
(1.25219 16.6615 0)
(0.677806 16.7639 0)
(0.0753271 15.402 0)
(1.87301 -5.92535 0)
(3.93462 -8.56084 0)
(6.18686 -7.16044 0)
(5.87072 -5.09383 0)
(7.44473 -1.6422 0)
(6.757 1.83839 0)
(7.89527 6.09155 0)
(5.38083 7.28836 0)
(5.97117 12.558 0)
(6.67426 17.5337 0)
(6.14787 19.487 0)
(5.21763 19.5871 0)
(4.28568 19.0774 0)
(3.49138 18.6587 0)
(2.89752 18.3095 0)
(2.20238 17.93 0)
(1.69725 17.7349 0)
(1.0655 17.4408 0)
(0.561524 17.4458 0)
(0.0109161 15.7947 0)
(1.56766 -8.70561 0)
(3.36703 -10.9607 0)
(5.3208 -8.7616 0)
(5.22697 -6.23156 0)
(7.41849 -1.7775 0)
(5.64552 1.19849 0)
(7.41115 6.49274 0)
(5.27439 8.10748 0)
(5.14728 12.4493 0)
(5.81792 17.5455 0)
(5.42861 19.9594 0)
(4.61168 20.327 0)
(3.7671 19.8666 0)
(3.03998 19.3464 0)
(2.50728 18.9083 0)
(1.89899 18.5557 0)
(1.45415 18.2752 0)
(0.91345 17.7683 0)
(0.384064 17.807 0)
(-0.0152209 15.9983 0)
(1.17083 -11.306 0)
(2.92302 -12.1539 0)
(4.4069 -9.48667 0)
(4.62097 -6.49715 0)
(6.41773 -1.68149 0)
(4.55202 1.21883 0)
(6.48868 6.97557 0)
(4.83114 9.00024 0)
(4.23968 12.6968 0)
(4.83586 17.7506 0)
(4.53997 20.4266 0)
(3.88395 20.9412 0)
(3.16274 20.4775 0)
(2.52631 19.9382 0)
(2.08069 19.4708 0)
(1.54042 19.017 0)
(1.17293 18.8043 0)
(0.706411 18.4802 0)
(0.270875 18.3737 0)
(-0.0544031 16.1856 0)
(1.04878 -13.1646 0)
(2.32076 -13.8052 0)
(3.45176 -10.7245 0)
(3.87779 -7.09514 0)
(5.08909 -2.1648 0)
(3.72904 1.13789 0)
(5.42627 7.04857 0)
(4.14838 9.60916 0)
(3.32414 12.9231 0)
(3.79896 17.9096 0)
(3.56594 20.7933 0)
(3.0285 21.4918 0)
(2.46999 21.087 0)
(1.95806 20.4711 0)
(1.60372 19.9289 0)
(1.17313 19.5012 0)
(0.879037 19.1832 0)
(0.52657 18.6654 0)
(0.0944805 18.5975 0)
(-0.0588717 16.2355 0)
(0.778017 -14.8364 0)
(1.82352 -14.5865 0)
(2.66333 -11.1865 0)
(3.08144 -7.22285 0)
(3.81342 -2.42455 0)
(3.09247 1.29023 0)
(4.16058 7.06237 0)
(3.34705 10.1073 0)
(2.37292 13.207 0)
(2.75598 18.126 0)
(2.52124 21.0968 0)
(2.13347 21.8597 0)
(1.72179 21.4733 0)
(1.34546 20.8709 0)
(1.09895 20.3085 0)
(0.763485 19.7836 0)
(0.556912 19.5738 0)
(0.303573 19.247 0)
(-0.00561363 18.9984 0)
(-0.0960594 16.2526 0)
(0.643049 -15.8536 0)
(1.26558 -15.5274 0)
(1.87988 -11.9027 0)
(2.25519 -7.65012 0)
(2.64952 -2.84473 0)
(2.38878 1.42368 0)
(2.7822 7.06364 0)
(2.32284 10.5817 0)
(1.3378 13.5561 0)
(1.66637 18.3714 0)
(1.45947 21.3303 0)
(1.17207 22.1592 0)
(0.927959 21.8156 0)
(0.689489 21.1672 0)
(0.557877 20.562 0)
(0.355793 20.0698 0)
(0.236444 19.7355 0)
(0.0992631 19.241 0)
(-0.16811 19.0569 0)
(-0.0953338 16.1643 0)
(0.399012 -16.7473 0)
(0.800841 -15.8202 0)
(1.16774 -12.0432 0)
(1.4181 -7.71391 0)
(1.59461 -3.06127 0)
(1.57209 1.6443 0)
(1.3819 7.21687 0)
(1.28465 11.0698 0)
(0.249903 13.9378 0)
(0.576836 18.6722 0)
(0.341998 21.5376 0)
(0.220249 22.298 0)
(0.121109 21.9424 0)
(0.0367862 21.3373 0)
(0.0199482 20.7397 0)
(-0.0797655 20.1696 0)
(-0.107902 19.9629 0)
(-0.126018 19.6541 0)
(-0.253329 19.2664 0)
(-0.146298 16.0212 0)
(0.276099 -17.0974 0)
(0.294271 -16.1729 0)
(0.41258 -12.3021 0)
(0.472376 -7.8874 0)
(0.463826 -3.09705 0)
(0.530742 1.96617 0)
(-0.0349813 7.54155 0)
(0.139371 11.5099 0)
(-0.868078 14.2652 0)
(-0.544581 18.8935 0)
(-0.745801 21.6288 0)
(-0.753457 22.3447 0)
(-0.691902 21.9993 0)
(-0.643008 21.3649 0)
(-0.544062 20.7522 0)
(-0.504098 20.2327 0)
(-0.441266 19.878 0)
(-0.356677 19.4258 0)
(-0.416348 19.1254 0)
(-0.158175 15.783 0)
(0.0453307 -17.2622 0)
(-0.140572 -15.9784 0)
(-0.308966 -12.0875 0)
(-0.509704 -7.66464 0)
(-0.780768 -2.94521 0)
(-0.846502 2.49195 0)
(-1.44736 7.95655 0)
(-1.07795 11.9151 0)
(-2.06925 14.5897 0)
(-1.61916 19.1296 0)
(-1.81672 21.6971 0)
(-1.66522 22.2414 0)
(-1.4772 21.8593 0)
(-1.28057 21.2795 0)
(-1.06882 20.7088 0)
(-0.94359 20.1314 0)
(-0.790391 19.9206 0)
(-0.584443 19.6562 0)
(-0.495572 19.1566 0)
(-0.227336 15.4741 0)
(-0.0993299 -16.9788 0)
(-0.648283 -15.74 0)
(-1.03161 -11.8038 0)
(-1.50992 -7.39368 0)
(-1.99358 -2.63468 0)
(-2.22677 2.86292 0)
(-2.66609 8.23043 0)
(-2.26928 12.1545 0)
(-3.26404 14.8484 0)
(-2.67457 19.2784 0)
(-2.81523 21.5955 0)
(-2.56515 22.0093 0)
(-2.23742 21.6256 0)
(-1.92005 21.0387 0)
(-1.60694 20.4667 0)
(-1.35594 19.9645 0)
(-1.11504 19.5985 0)
(-0.81072 19.1914 0)
(-0.673677 18.7978 0)
(-0.267967 15.0572 0)
(-0.298404 -16.5736 0)
(-1.01709 -15.0604 0)
(-1.72149 -11.1422 0)
(-2.36759 -6.80129 0)
(-3.11532 -2.11452 0)
(-3.44167 3.28345 0)
(-3.65628 8.37333 0)
(-3.32347 12.1362 0)
(-4.30805 14.9576 0)
(-3.60089 19.3584 0)
(-3.75354 21.3947 0)
(-3.35145 21.6087 0)
(-2.92113 21.2069 0)
(-2.49346 20.6986 0)
(-2.08778 20.1945 0)
(-1.77071 19.6519 0)
(-1.45051 19.4574 0)
(-1.06112 19.2511 0)
(-0.749583 18.6241 0)
(-0.348698 14.5344 0)
(-0.416994 -15.7862 0)
(-1.41967 -14.3519 0)
(-2.29299 -10.41 0)
(-3.11988 -5.99048 0)
(-4.03204 -1.51641 0)
(-4.43617 3.68831 0)
(-4.51652 8.54867 0)
(-4.37228 12.1405 0)
(-5.25929 15.1072 0)
(-4.46027 19.3424 0)
(-4.56362 21.0086 0)
(-4.06387 21.0762 0)
(-3.54329 20.6992 0)
(-3.03345 20.2093 0)
(-2.55657 19.74 0)
(-2.12441 19.3251 0)
(-1.7362 18.9612 0)
(-1.27109 18.5936 0)
(-0.961818 18.1014 0)
(-0.400458 13.9168 0)
(-0.551371 -14.9009 0)
(-1.67639 -13.3204 0)
(-2.73712 -9.5307 0)
(-3.65587 -5.2281 0)
(-4.69469 -0.864611 0)
(-5.22275 4.06084 0)
(-5.24358 8.69697 0)
(-5.32005 12.1236 0)
(-6.01928 15.2491 0)
(-5.1692 19.285 0)
(-5.30459 20.5519 0)
(-4.65487 20.4143 0)
(-4.06097 20.0526 0)
(-3.47247 19.6829 0)
(-2.92603 19.316 0)
(-2.48109 18.8417 0)
(-2.05928 18.6673 0)
(-1.55059 18.5154 0)
(-1.0477 17.6969 0)
(-0.525024 13.1428 0)
(-0.653629 -13.6831 0)
(-2.0108 -12.2048 0)
(-3.16141 -8.43712 0)
(-4.10969 -4.21227 0)
(-5.21295 -0.00578097 0)
(-5.81397 4.51527 0)
(-5.8387 8.84951 0)
(-6.09869 12.1588 0)
(-6.59204 15.4365 0)
(-5.81849 19.1027 0)
(-5.90365 19.8986 0)
(-5.13326 19.657 0)
(-4.4731 19.4102 0)
(-3.84771 19.0676 0)
(-3.29648 18.7307 0)
(-2.77101 18.4323 0)
(-2.3097 18.0899 0)
(-1.76485 17.7125 0)
(-1.28642 17.0244 0)
(-0.545687 12.2921 0)
(-0.692473 -12.4653 0)
(-2.21891 -10.9403 0)
(-3.48094 -7.42478 0)
(-4.43554 -3.17707 0)
(-5.51857 0.835949 0)
(-6.18201 4.98822 0)
(-6.30725 9.03497 0)
(-6.70009 12.2723 0)
(-7.03883 15.5577 0)
(-6.33626 18.7828 0)
(-6.3986 19.1872 0)
(-5.4737 18.8749 0)
(-4.77778 18.6808 0)
(-4.14681 18.4577 0)
(-3.54036 18.2713 0)
(-3.04499 17.8746 0)
(-2.6111 17.6971 0)
(-2.06625 17.5613 0)
(-1.40561 16.4671 0)
(-0.72079 11.24 0)
(-0.721869 -10.9731 0)
(-2.45739 -9.58322 0)
(-3.7727 -6.22576 0)
(-4.74092 -2.16397 0)
(-5.73769 1.69488 0)
(-6.46231 5.51659 0)
(-6.70532 9.33564 0)
(-7.18837 12.4973 0)
(-7.40313 15.7271 0)
(-6.80008 18.3908 0)
(-6.69869 18.3575 0)
(-5.65165 18.0539 0)
(-4.97516 18.0244 0)
(-4.3345 17.8414 0)
(-3.77804 17.648 0)
(-3.29743 17.4415 0)
(-2.8801 17.1152 0)
(-2.28646 16.6515 0)
(-1.64601 15.5286 0)
(-0.788813 10.0972 0)
(-0.70344 -9.42745 0)
(-2.63957 -8.05777 0)
(-4.078 -5.05441 0)
(-5.05267 -1.17588 0)
(-5.97124 2.61223 0)
(-6.71747 6.21454 0)
(-7.08884 9.76208 0)
(-7.57481 12.8095 0)
(-7.69397 15.7752 0)
(-7.08817 17.8142 0)
(-6.83451 17.4732 0)
(-5.73036 17.2655 0)
(-5.08734 17.3006 0)
(-4.4977 17.2326 0)
(-3.94408 17.204 0)
(-3.52026 16.8515 0)
(-3.11185 16.7017 0)
(-2.60774 16.5242 0)
(-1.82575 14.8945 0)
(-0.937715 8.71543 0)
(-0.804445 -7.84417 0)
(-2.8149 -6.44826 0)
(-4.41538 -3.75897 0)
(-5.41897 -0.213173 0)
(-6.26642 3.53347 0)
(-7.00461 6.87046 0)
(-7.42783 10.1914 0)
(-7.85806 13.0515 0)
(-7.85488 15.6929 0)
(-7.25701 17.1509 0)
(-6.80529 16.5515 0)
(-5.65316 16.4996 0)
(-5.09132 16.7342 0)
(-4.51799 16.6967 0)
(-4.06607 16.6093 0)
(-3.65767 16.5559 0)
(-3.33764 16.2924 0)
(-2.83704 15.5742 0)
(-2.12819 13.701 0)
(-1.1415 7.20483 0)
(-0.964244 -6.03151 0)
(-2.95252 -4.66606 0)
(-4.69093 -2.48671 0)
(-5.8235 0.889542 0)
(-6.648 4.33665 0)
(-7.35121 7.55921 0)
(-7.75214 10.6414 0)
(-8.08185 13.281 0)
(-7.93047 15.4357 0)
(-7.21706 16.2724 0)
(-6.56444 15.5873 0)
(-5.48575 15.822 0)
(-5.04585 16.0588 0)
(-4.55213 16.0766 0)
(-4.09669 16.2468 0)
(-3.79651 16.0423 0)
(-3.52105 15.8272 0)
(-3.16737 15.4127 0)
(-2.34118 12.9113 0)
(-1.57277 5.14115 0)
(-0.926348 -4.02051 0)
(-2.98614 -2.98096 0)
(-4.84793 -0.945891 0)
(-6.13084 1.91531 0)
(-6.98299 5.13312 0)
(-7.66075 8.13278 0)
(-7.99291 10.9077 0)
(-8.12171 13.162 0)
(-7.74154 14.8349 0)
(-6.9508 15.2704 0)
(-6.16197 14.6982 0)
(-5.24067 15.1427 0)
(-4.92551 15.5702 0)
(-4.43003 15.7221 0)
(-4.05581 15.7604 0)
(-3.72004 15.8308 0)
(-3.6267 15.6484 0)
(-3.32548 14.6971 0)
(-2.66604 11.6107 0)
(-1.32625 2.77401 0)
(-0.809215 -2.25731 0)
(-2.89926 -1.07215 0)
(-4.79569 0.546656 0)
(-6.15173 3.01704 0)
(-7.03335 5.8564 0)
(-7.67933 8.56157 0)
(-7.88806 10.9912 0)
(-7.79452 12.9191 0)
(-7.28225 14.1684 0)
(-6.39577 14.3023 0)
(-5.63556 13.9805 0)
(-4.9383 14.706 0)
(-4.66018 15.0645 0)
(-4.26357 15.2215 0)
(-3.89356 15.5925 0)
(-3.6951 15.4799 0)
(-3.52081 15.2415 0)
(-3.33148 14.6059 0)
(-2.57679 11.0855 0)
(-0.566029 0.828765 0)
(-0.791479 -0.380976 0)
(-2.75165 0.753787 0)
(-4.54816 2.11775 0)
(-5.88083 4.16272 0)
(-6.75201 6.58655 0)
(-7.2781 8.91831 0)
(-7.41814 11.0095 0)
(-7.16323 12.4867 0)
(-6.51117 13.3375 0)
(-5.68766 13.3928 0)
(-5.09341 13.4503 0)
(-4.61965 14.2131 0)
(-4.34307 14.6624 0)
(-3.93858 15.0151 0)
(-3.73036 15.2302 0)
(-3.38166 15.3517 0)
(-3.2787 15.1913 0)
(-2.90732 13.877 0)
(-2.29893 9.73254 0)
(0.194637 -0.567083 0)
(-0.677869 1.24331 0)
(-2.44283 2.40973 0)
(-4.07133 3.54999 0)
(-5.33306 5.24537 0)
(-6.07791 7.2419 0)
(-6.53884 9.18749 0)
(-6.5962 10.87 0)
(-6.19634 12.0082 0)
(-5.63299 12.6873 0)
(-4.95951 12.8222 0)
(-4.56632 13.0926 0)
(-4.24029 14.0334 0)
(-3.93274 14.3778 0)
(-3.62841 14.5892 0)
(-3.30772 15.1167 0)
(-3.16968 15.0973 0)
(-2.89659 14.6862 0)
(-2.47079 13.4336 0)
(-1.60161 9.01455 0)
(0.395311 -1.43944 0)
(-0.565565 2.70061 0)
(-2.10778 3.92764 0)
(-3.54362 4.8964 0)
(-4.60934 6.23567 0)
(-5.26457 7.86382 0)
(-5.59858 9.35433 0)
(-5.61545 10.7262 0)
(-5.29529 11.6155 0)
(-4.772 12.0802 0)
(-4.32532 12.3335 0)
(-4.067 12.8675 0)
(-3.81603 13.6017 0)
(-3.52077 13.9794 0)
(-3.20272 14.4682 0)
(-3.06006 14.7721 0)
(-2.65143 14.8539 0)
(-2.43505 14.5058 0)
(-1.75236 12.6032 0)
(-1.09767 7.51835 0)
(0.598362 -2.01804 0)
(-0.446931 3.95771 0)
(-1.7584 5.26686 0)
(-2.93543 6.02414 0)
(-3.88179 7.06462 0)
(-4.36085 8.34348 0)
(-4.587 9.54349 0)
(-4.68289 10.5647 0)
(-4.35309 11.2609 0)
(-4.01563 11.7204 0)
(-3.726 12.1249 0)
(-3.59691 12.6553 0)
(-3.36464 13.4655 0)
(-3.05703 13.8215 0)
(-2.85659 14.0851 0)
(-2.47556 14.6652 0)
(-2.29049 14.5253 0)
(-1.85214 13.7892 0)
(-1.32814 11.9337 0)
(-0.388639 6.85473 0)
(0.527978 -1.87409 0)
(-0.331839 4.95386 0)
(-1.39912 6.32196 0)
(-2.39271 6.99217 0)
(-3.15406 7.74544 0)
(-3.57558 8.75719 0)
(-3.7113 9.67119 0)
(-3.72605 10.4563 0)
(-3.64283 11.0814 0)
(-3.37359 11.4868 0)
(-3.22933 11.8842 0)
(-3.11827 12.6017 0)
(-2.92818 13.1025 0)
(-2.60884 13.3944 0)
(-2.30474 13.9178 0)
(-2.1755 14.2395 0)
(-1.72474 14.1362 0)
(-1.41838 13.4719 0)
(-0.647117 11.1494 0)
(-0.1357 5.85833 0)
(0.586848 -2.02777 0)
(-0.233252 5.78048 0)
(-1.11855 7.2779 0)
(-1.88926 7.81634 0)
(-2.55956 8.34194 0)
(-2.89112 9.02032 0)
(-2.92497 9.78017 0)
(-3.01933 10.45 0)
(-2.93898 10.9456 0)
(-2.81118 11.4029 0)
(-2.69128 11.8808 0)
(-2.64254 12.3653 0)
(-2.40296 12.9379 0)
(-2.14983 13.2851 0)
(-1.96046 13.5211 0)
(-1.53045 14.0721 0)
(-1.36617 13.784 0)
(-0.837387 12.7763 0)
(-0.435772 10.6068 0)
(0.325402 5.49622 0)
(0.440907 -1.42434 0)
(-0.15081 6.3665 0)
(-0.843271 7.93495 0)
(-1.47897 8.44078 0)
(-1.98228 8.78054 0)
(-2.2953 9.27181 0)
(-2.40283 9.84198 0)
(-2.34271 10.3958 0)
(-2.42119 10.9209 0)
(-2.32764 11.3319 0)
(-2.25267 11.6964 0)
(-2.14334 12.345 0)
(-2.02148 12.6657 0)
(-1.73517 12.8641 0)
(-1.39989 13.3732 0)
(-1.25154 13.5803 0)
(-0.785297 13.3266 0)
(-0.577242 12.5201 0)
(0.112519 10.0685 0)
(0.348381 5.15026 0)
(0.465664 -1.41097 0)
(-0.0783145 6.83926 0)
(-0.648748 8.54811 0)
(-1.11622 8.98081 0)
(-1.57703 9.22501 0)
(-1.82155 9.48774 0)
(-1.86449 9.91497 0)
(-1.92804 10.4414 0)
(-1.94016 10.8729 0)
(-1.93788 11.3159 0)
(-1.78976 11.7783 0)
(-1.74089 12.1002 0)
(-1.49399 12.514 0)
(-1.32213 12.7771 0)
(-1.11634 12.9599 0)
(-0.696741 13.4462 0)
(-0.556492 13.0666 0)
(-0.0386369 11.9075 0)
(0.162861 9.72423 0)
(0.654777 5.04723 0)
(0.34217 -0.612722 0)
(-0.0256373 7.1275 0)
(-0.458164 8.93294 0)
(-0.854743 9.37514 0)
(-1.17801 9.48574 0)
(-1.37928 9.65728 0)
(-1.51589 9.98916 0)
(-1.46189 10.4073 0)
(-1.5689 10.9167 0)
(-1.55952 11.257 0)
(-1.48752 11.5068 0)
(-1.24927 12.0305 0)
(-1.25623 12.3043 0)
(-1.029 12.394 0)
(-0.710316 12.8702 0)
(-0.540702 12.9424 0)
(-0.058175 12.6177 0)
(0.0546798 11.7654 0)
(0.615135 9.41528 0)
(0.522332 5.09753 0)
(0.320212 -0.551008 0)
(0.0297235 7.35667 0)
(-0.328984 9.30695 0)
(-0.578532 9.70284 0)
(-0.924243 9.80101 0)
(-1.06981 9.82326 0)
(-1.10333 10.0608 0)
(-1.16023 10.5058 0)
(-1.20077 10.8895 0)
(-1.23274 11.2381 0)
(-1.13222 11.6136 0)
(-1.01906 11.7802 0)
(-0.765791 12.2132 0)
(-0.707441 12.3648 0)
(-0.505867 12.3861 0)
(-0.0895243 12.797 0)
(0.027922 12.4662 0)
(0.515502 11.2539 0)
(0.471084 9.30406 0)
(0.808656 5.19296 0)
(0.374508 0.204542 0)
(0.0630101 7.44232 0)
(-0.185337 9.51204 0)
(-0.415621 9.97807 0)
(-0.638234 9.95723 0)
(-0.76118 9.9177 0)
(-0.888249 10.1068 0)
(-0.801738 10.4465 0)
(-0.885554 10.9797 0)
(-0.883433 11.2365 0)
(-0.887413 11.3209 0)
(-0.555711 11.6831 0)
(-0.584591 12.0215 0)
(-0.444255 12.0389 0)
(-0.212627 12.3977 0)
(-0.0536681 12.3204 0)
(0.423786 12.0272 0)
(0.469119 11.2351 0)
(0.860582 9.16795 0)
(0.540755 5.43506 0)
(0.191571 0.613573 0)
(0.109914 7.49966 0)
(-0.103357 9.72349 0)
(-0.174738 10.1525 0)
(-0.462486 10.1945 0)
(-0.555921 10.0399 0)
(-0.570064 10.137 0)
(-0.58018 10.5326 0)
(-0.607269 10.909 0)
(-0.588365 11.1792 0)
(-0.537245 11.4459 0)
(-0.468645 11.4224 0)
(-0.127791 11.9892 0)
(-0.135733 12.1507 0)
(0.0145398 11.8752 0)
(0.387532 12.1911 0)
(0.444478 11.9142 0)
(0.851819 10.8586 0)
(0.628139 9.29717 0)
(0.868382 5.68695 0)
(0.29217 0.742568 0)
(0.141478 7.43197 0)
(0.0226661 9.7965 0)
(-0.068397 10.3609 0)
(-0.240464 10.2987 0)
(-0.322832 10.1016 0)
(-0.430748 10.1595 0)
(-0.346572 10.4194 0)
(-0.35339 10.9967 0)
(-0.384637 11.2063 0)
(-0.382961 11.1484 0)
(-0.101999 11.3623 0)
(-0.0381024 11.7011 0)
(0.126978 11.8206 0)
(0.284264 12.0239 0)
(0.325432 11.8203 0)
(0.726227 11.5933 0)
(0.675145 10.9959 0)
(0.946964 9.16624 0)
(0.494908 5.93399 0)
(0.270128 1.91809 0)
(0.195141 7.35834 0)
(0.0779657 9.88786 0)
(0.150561 10.4072 0)
(-0.0924762 10.4761 0)
(-0.184108 10.1953 0)
(-0.185226 10.1671 0)
(-0.175822 10.4982 0)
(-0.167621 10.8882 0)
(-0.122781 11.1426 0)
(-0.113737 11.2783 0)
(-0.155971 11.0567 0)
(0.219386 11.6543 0)
(0.294711 11.9811 0)
(0.370569 11.5051 0)
(0.736271 11.7678 0)
(0.664549 11.5049 0)
(0.969558 10.7022 0)
(0.686144 9.50706 0)
(0.910075 6.33519 0)
(0.103284 1.28503 0)
(0.224599 7.15573 0)
(0.200514 9.83837 0)
(0.215948 10.5473 0)
(0.125645 10.5808 0)
(0.00922067 10.2831 0)
(-0.101132 10.1615 0)
(-0.0366084 10.3413 0)
(0.0837927 10.9651 0)
(-0.0110512 11.2365 0)
(-0.0462223 11.0476 0)
(0.0767083 11.137 0)
(0.10209 11.276 0)
(0.353667 11.5518 0)
(0.54468 11.729 0)
(0.449826 11.4796 0)
(0.815051 11.3707 0)
(0.680355 10.9565 0)
(0.940983 9.2788 0)
(0.365262 6.54452 0)
(0.342862 3.00442 0)
(0.27303 6.95729 0)
(0.243622 9.83772 0)
(0.415587 10.483 0)
(0.283835 10.7388 0)
(0.13866 10.3712 0)
(0.0895166 10.1775 0)
(0.0874455 10.3982 0)
(0.128031 10.7869 0)
(0.289693 11.2082 0)
(0.238627 11.3026 0)
(0.0598679 10.8567 0)
(0.305824 11.2747 0)
(0.38016 11.7433 0)
(0.372715 11.2363 0)
(0.788033 11.5219 0)
(0.598781 11.2516 0)
(0.916801 10.6356 0)
(0.61838 9.72299 0)
(0.90703 6.86311 0)
(-0.0172168 1.91668 0)
(0.296537 6.62223 0)
(0.380636 9.69194 0)
(0.443965 10.5261 0)
(0.499198 10.7976 0)
(0.360493 10.5641 0)
(0.169004 10.241 0)
(0.160217 10.2247 0)
(0.347541 10.8091 0)
(0.318417 11.2228 0)
(0.350755 11.1351 0)
(0.34396 11.1845 0)
(0.211331 10.9811 0)
(0.386943 11.3013 0)
(0.603393 11.5118 0)
(0.351486 11.2261 0)
(0.774656 11.2316 0)
(0.581891 10.9348 0)
(0.914225 9.47884 0)
(0.244674 7.31856 0)
(0.400658 3.90829 0)
(0.358956 6.2969 0)
(0.427341 9.62498 0)
(0.624867 10.3807 0)
(0.621744 10.8698 0)
(0.530546 10.6522 0)
(0.406241 10.3381 0)
(0.307052 10.3316 0)
(0.254422 10.5318 0)
(0.5526 11.1194 0)
(0.593816 11.4189 0)
(0.414177 10.9329 0)
(0.60141 11.1253 0)
(0.526201 11.5786 0)
(0.414748 11.0871 0)
(0.812692 11.3823 0)
(0.483309 11.0587 0)
(0.882708 10.543 0)
(0.493144 9.87546 0)
(0.861699 7.2449 0)
(-0.134217 2.44605 0)
(0.402715 5.80067 0)
(0.587944 9.40813 0)
(0.646259 10.3783 0)
(0.781578 10.7981 0)
(0.763661 10.8577 0)
(0.526133 10.5088 0)
(0.41299 10.2682 0)
(0.507152 10.6306 0)
(0.455692 10.9705 0)
(0.63855 11.0927 0)
(0.744892 11.3348 0)
(0.487291 10.9281 0)
(0.644692 11.2105 0)
(0.813678 11.4706 0)
(0.428552 11.062 0)
(0.875282 11.1245 0)
(0.535603 10.9204 0)
(0.938003 9.71891 0)
(0.179733 8.04071 0)
(0.456735 4.79309 0)
(0.467909 5.3052 0)
(0.640046 9.29516 0)
(0.84742 10.2529 0)
(0.825245 10.7894 0)
(0.872393 10.8393 0)
(0.820725 10.6444 0)
(0.641887 10.496 0)
(0.444299 10.3883 0)
(0.688229 10.8908 0)
(0.759186 11.3165 0)
(0.67499 10.9636 0)
(0.965898 11.1498 0)
(0.796389 11.5265 0)
(0.695638 11.087 0)
(1.02425 11.4208 0)
(0.548201 11.0081 0)
(0.968993 10.5231 0)
(0.421019 10.068 0)
(0.848062 7.6829 0)
(-0.225965 2.8079 0)
(0.454081 4.63346 0)
(0.800222 9.02445 0)
(0.867523 10.2708 0)
(0.943531 10.6564 0)
(1.02972 10.9404 0)
(0.888816 10.795 0)
(0.795134 10.509 0)
(0.787771 10.6811 0)
(0.605004 10.7357 0)
(0.747455 10.8735 0)
(0.99638 11.299 0)
(0.640506 10.8813 0)
(0.920012 11.1459 0)
(1.05338 11.5216 0)
(0.66247 11.0238 0)
(1.0949 11.1492 0)
(0.564188 11.0197 0)
(0.983587 9.99476 0)
(0.11784 8.65961 0)
(0.610533 5.74461 0)
(0.428417 4.03386 0)
(0.81054 8.84839 0)
(1.05242 10.183 0)
(0.943008 10.6617 0)
(1.03376 10.8093 0)
(1.1443 10.852 0)
(0.986092 10.7544 0)
(0.778253 10.4676 0)
(0.946893 10.8379 0)
(0.894323 11.1791 0)
(0.765434 10.8797 0)
(1.15776 11.189 0)
(0.898006 11.4229 0)
(0.923471 11.0952 0)
(1.20491 11.5836 0)
(0.666861 11.1492 0)
(1.07163 10.697 0)
(0.395283 10.4273 0)
(0.902266 8.21653 0)
(-0.454576 3.12398 0)
(0.336779 3.32276 0)
(0.910644 8.50083 0)
(1.0136 10.1629 0)
(1.06375 10.5508 0)
(1.14815 10.8519 0)
(1.08063 10.8887 0)
(1.12576 10.7103 0)
(1.11556 10.863 0)
(0.865695 10.6885 0)
(0.963516 10.7726 0)
(1.17725 11.253 0)
(0.700313 10.7994 0)
(1.06592 11.0322 0)
(1.11639 11.5075 0)
(0.814403 11.0095 0)
(1.24121 11.2696 0)
(0.63122 11.2198 0)
(1.06477 10.2591 0)
(0.033483 9.20295 0)
(0.861123 6.61462 0)
(0.294749 2.76756 0)
(0.8419 8.21098 0)
(1.15087 10.03 0)
(1.04812 10.5871 0)
(1.1283 10.7011 0)
(1.30993 10.8696 0)
(1.18761 10.888 0)
(1.05066 10.5792 0)
(1.28247 10.9175 0)
(1.12344 11.1732 0)
(0.919223 10.8851 0)
(1.32884 11.3022 0)
(0.899138 11.3171 0)
(1.01525 11.0584 0)
(1.24521 11.7385 0)
(0.7271 11.347 0)
(1.07922 10.9914 0)
(0.339316 10.9132 0)
(0.993336 8.78724 0)
(-0.636364 3.56309 0)
(0.237511 2.12385 0)
(0.87714 7.77572 0)
(1.06372 9.90813 0)
(1.18882 10.4773 0)
(1.26036 10.7505 0)
(1.1659 10.8316 0)
(1.33437 10.7772 0)
(1.35841 10.9699 0)
(1.06135 10.658 0)
(1.26613 10.8047 0)
(1.40623 11.3347 0)
(0.862023 10.8082 0)
(1.27058 11.0313 0)
(1.13747 11.4972 0)
(0.885506 10.9923 0)
(1.29488 11.4251 0)
(0.725435 11.4566 0)
(1.15542 10.5468 0)
(-0.0305569 9.80674 0)
(1.12575 7.47843 0)
(0.254697 1.65909 0)
(0.770056 7.3836 0)
(1.18589 9.69887 0)
(1.16365 10.4845 0)
(1.27046 10.6089 0)
(1.44469 10.816 0)
(1.33211 10.8898 0)
(1.22177 10.6366 0)
(1.56185 10.9875 0)
(1.29039 11.1667 0)
(1.17481 10.965 0)
(1.58779 11.5062 0)
(1.01001 11.3253 0)
(1.15269 11.0789 0)
(1.31315 11.8915 0)
(0.790659 11.5356 0)
(1.08768 11.337 0)
(0.36645 11.4328 0)
(1.04858 9.2741 0)
(-0.899611 4.00182 0)
(0.24282 1.08226 0)
(0.808403 6.8905 0)
(1.0996 9.46696 0)
(1.33062 10.3318 0)
(1.4169 10.6609 0)
(1.30003 10.7176 0)
(1.54277 10.7897 0)
(1.57169 11.0108 0)
(1.19686 10.5754 0)
(1.54728 10.8325 0)
(1.60298 11.4001 0)
(1.12194 10.855 0)
(1.58873 11.2003 0)
(1.28353 11.604 0)
(1.00261 11.0391 0)
(1.38796 11.6163 0)
(0.832786 11.6833 0)
(1.19334 10.8649 0)
(0.0470126 10.4337 0)
(1.55633 8.39116 0)
(0.294335 0.653605 0)
(0.740655 6.41465 0)
(1.24308 9.19693 0)
(1.30267 10.2728 0)
(1.47484 10.4858 0)
(1.62844 10.7522 0)
(1.52857 10.8244 0)
(1.45568 10.6857 0)
(1.86386 11.0685 0)
(1.38077 11.0971 0)
(1.47218 10.9917 0)
(1.84922 11.6966 0)
(1.22849 11.3985 0)
(1.4115 11.216 0)
(1.5043 12.1103 0)
(0.907318 11.7304 0)
(1.18952 11.7187 0)
(0.522744 11.9757 0)
(1.02172 9.86844 0)
(-1.1682 4.68016 0)
(0.300764 0.0632517 0)
(0.826016 5.89927 0)
(1.18743 8.87554 0)
(1.50713 10.0676 0)
(1.5903 10.5408 0)
(1.52026 10.5525 0)
(1.83245 10.7606 0)
(1.8339 11.0117 0)
(1.42136 10.5436 0)
(1.9078 10.8886 0)
(1.76799 11.3796 0)
(1.42338 10.8471 0)
(1.96029 11.4475 0)
(1.53436 11.813 0)
(1.23806 11.2079 0)
(1.60669 11.9351 0)
(0.983204 11.9944 0)
(1.24229 11.2688 0)
(0.168244 10.9964 0)
(1.96739 9.16953 0)
(0.369764 -0.424029 0)
(0.81216 5.36233 0)
(1.34611 8.57557 0)
(1.46737 9.94017 0)
(1.72205 10.2904 0)
(1.86384 10.6478 0)
(1.74658 10.6787 0)
(1.82405 10.7338 0)
(2.26016 11.1698 0)
(1.5641 11.0255 0)
(1.87308 10.9973 0)
(2.12721 11.8121 0)
(1.4907 11.4219 0)
(1.78437 11.4185 0)
(1.7992 12.3981 0)
(1.11724 11.927 0)
(1.40931 12.1181 0)
(0.792567 12.5687 0)
(1.03166 10.5833 0)
(-1.33296 5.70209 0)
(0.350535 -1.08318 0)
(0.920345 4.8201 0)
(1.30967 8.1812 0)
(1.70983 9.68568 0)
(1.75838 10.3521 0)
(1.8035 10.3389 0)
(2.17433 10.6581 0)
(2.09973 10.876 0)
(1.80174 10.5476 0)
(2.41824 11.0395 0)
(2.01083 11.3335 0)
(1.80994 10.8282 0)
(2.38537 11.7129 0)
(1.83774 12.0388 0)
(1.60072 11.4805 0)
(1.94472 12.4352 0)
(1.2161 12.4373 0)
(1.38025 11.8243 0)
(0.334574 11.7058 0)
(2.35923 9.96141 0)
(0.294466 -1.66143 0)
(0.89477 4.19529 0)
(1.44913 7.85066 0)
(1.62987 9.47855 0)
(1.98444 10.0176 0)
(2.13123 10.478 0)
(1.95369 10.4487 0)
(2.28792 10.7159 0)
(2.6454 11.1963 0)
(1.90699 10.9385 0)
(2.45231 11.0912 0)
(2.49815 11.908 0)
(1.84293 11.3791 0)
(2.29543 11.662 0)
(2.19138 12.7209 0)
(1.46404 12.1326 0)
(1.75746 12.597 0)
(1.17169 13.2197 0)
(1.05226 11.4011 0)
(-1.4614 7.00416 0)
(0.0300003 -2.28252 0)
(0.91702 3.57635 0)
(1.38644 7.35223 0)
(1.88636 9.18147 0)
(1.91441 10.0425 0)
(2.13564 10.0892 0)
(2.53845 10.4951 0)
(2.2982 10.5609 0)
(2.30895 10.4786 0)
(3 11.2016 0)
(2.34555 11.2555 0)
(2.37799 10.8656 0)
(2.93116 11.9925 0)
(2.21823 12.1885 0)
(2.15313 11.8115 0)
(2.43386 13.0673 0)
(1.58473 12.9854 0)
(1.67496 12.5964 0)
(0.600558 12.6497 0)
(2.84413 10.9663 0)
(-0.246256 -2.5904 0)
(0.793408 2.81541 0)
(1.45974 6.91928 0)
(1.76429 8.85125 0)
(2.23653 9.66046 0)
(2.38551 10.2114 0)
(2.1977 10.1938 0)
(2.81452 10.6005 0)
(2.90671 11.0285 0)
(2.3488 10.7534 0)
(3.18009 11.2588 0)
(2.96348 11.9716 0)
(2.37367 11.3107 0)
(3.02438 11.9815 0)
(2.70614 13.048 0)
(2.03425 12.3929 0)
(2.30058 13.2655 0)
(1.73158 14.0347 0)
(1.09862 12.4669 0)
(-1.54329 8.61864 0)
(-0.484639 -2.75177 0)
(0.698461 2.03195 0)
(1.37887 6.23491 0)
(2.01192 8.51941 0)
(2.07638 9.57195 0)
(2.49028 9.78531 0)
(2.88358 10.2498 0)
(2.46327 10.1421 0)
(2.9139 10.3216 0)
(3.52721 11.2166 0)
(2.72793 11.0068 0)
(3.18379 10.9573 0)
(3.62168 12.257 0)
(2.76316 12.1802 0)
(3.0193 12.1646 0)
(3.16772 13.7627 0)
(2.2085 13.5504 0)
(2.2361 13.6104 0)
(1.11547 13.9128 0)
(3.43878 12.3873 0)
(-0.520255 -2.70972 0)
(0.510111 1.03291 0)
(1.43042 5.64442 0)
(1.91597 8.01612 0)
(2.46135 9.2043 0)
(2.57529 9.80397 0)
(2.5362 9.9339 0)
(3.34954 10.3854 0)
(3.03409 10.6256 0)
(2.90608 10.442 0)
(3.9776 11.3866 0)
(3.42632 11.8352 0)
(3.1984 11.1954 0)
(4.01281 12.3632 0)
(3.41591 13.2638 0)
(2.99823 12.6981 0)
(3.21009 14.1889 0)
(2.6539 15.1129 0)
(1.26091 14.0298 0)
(-1.44321 10.8351 0)
(-0.423519 -2.6931 0)
(0.353469 -0.0176501 0)
(1.413 4.77556 0)
(2.08474 7.65577 0)
(2.2594 8.93452 0)
(2.82044 9.38045 0)
(3.11286 9.84992 0)
(2.70292 9.70616 0)
(3.61563 10.107 0)
(3.9044 10.931 0)
(3.16802 10.4669 0)
(4.23994 11.0268 0)
(4.36607 12.3413 0)
(3.60101 11.8916 0)
(4.33026 12.5325 0)
(4.28848 14.3683 0)
(3.31881 14.027 0)
(3.34576 14.95 0)
(2.10055 15.7754 0)
(4.12144 14.6174 0)
(-0.13711 -2.63405 0)
(0.182616 -1.03883 0)
(1.40679 4.05579 0)
(2.0316 6.94723 0)
(2.58371 8.60043 0)
(2.67865 9.25989 0)
(2.95458 9.60215 0)
(3.75557 9.9935 0)
(3.09379 9.99243 0)
(3.66714 10.0908 0)
(4.73505 11.3119 0)
(3.82556 11.2482 0)
(4.43175 11.0252 0)
(5.21858 12.6856 0)
(4.41608 13.0721 0)
(4.62749 12.9893 0)
(4.84404 15.2221 0)
(4.39797 16.3362 0)
(2.04346 16.3928 0)
(-0.805607 14.3881 0)
(0.195544 -2.75253 0)
(0.106914 -1.79988 0)
(1.35978 3.10448 0)
(1.97888 6.52806 0)
(2.39419 8.13044 0)
(3.03199 8.81184 0)
(3.13874 9.27441 0)
(3.10147 9.2742 0)
(4.32379 9.78274 0)
(4.02692 10.1985 0)
(3.84721 9.71449 0)
(5.48069 10.9747 0)
(4.99524 11.8884 0)
(4.92584 11.2348 0)
(6.13356 12.8516 0)
(5.88835 14.4876 0)
(5.28695 14.1377 0)
(5.91526 16.3786 0)
(4.53061 18.5138 0)
(5.08984 19.0465 0)
(0.367768 -2.98095 0)
(0.086878 -2.30825 0)
(1.10898 2.30681 0)
(1.92089 5.6541 0)
(2.47613 7.76263 0)
(2.69918 8.59156 0)
(3.32333 9.05249 0)
(3.83132 9.32474 0)
(3.23638 9.17885 0)
(4.67759 9.72651 0)
(5.18255 10.7554 0)
(4.31165 10.0586 0)
(6.11337 10.8171 0)
(6.36447 12.5509 0)
(5.80039 12.0545 0)
(7.15493 13.162 0)
(7.35631 15.853 0)
(7.81935 16.7441 0)
(5.49288 18.5295 0)
(1.77175 20.8573 0)
(0.304442 -3.25316 0)
(-0.0562288 -2.61464 0)
(0.90679 1.44535 0)
(1.56504 5.14193 0)
(2.29486 7.12124 0)
(2.94279 7.99478 0)
(2.99426 8.55992 0)
(3.60284 8.73398 0)
(4.72577 9.1373 0)
(3.86794 8.91191 0)
(5.05439 9.04647 0)
(6.50864 10.5582 0)
(5.4044 10.3861 0)
(7.00722 10.4351 0)
(8.08552 12.8485 0)
(7.88084 13.1851 0)
(8.1615 13.5063 0)
(10.5105 17.3541 0)
(12.6627 19.9015 0)
(8.38485 25.3507 0)
(0.109152 -3.24093 0)
(-0.270377 -2.74305 0)
(0.409065 0.669992 0)
(1.42803 4.20632 0)
(2.02674 6.61531 0)
(2.5709 7.71392 0)
(3.36827 8.14409 0)
(3.48749 8.3536 0)
(3.70378 8.37008 0)
(5.66423 9.15905 0)
(4.89072 9.32627 0)
(5.47455 8.7232 0)
(7.84277 10.5598 0)
(6.89609 11.0278 0)
(7.84227 10.4112 0)
(10.546 13.3156 0)
(10.186 13.9935 0)
(9.9938 15.0478 0)
(17.3413 15.6739 0)
(16.6202 25.9121 0)
(-0.0314869 -3.00529 0)
(-0.581045 -2.79312 0)
(0.122862 -0.0527864 0)
(0.859864 3.59558 0)
(1.80425 5.84142 0)
(2.40346 6.87672 0)
(2.79552 7.64553 0)
(3.92252 7.80182 0)
(4.35527 7.84856 0)
(3.96026 7.33937 0)
(6.69573 8.42118 0)
(6.36743 8.99472 0)
(6.2997 8.08473 0)
(9.83966 10.1038 0)
(8.58244 10.5716 0)
(9.54345 11.0784 0)
(14.7871 11.5025 0)
(11.4343 17.4276 0)
(17.1213 8.05845 0)
(20.4605 21.6218 0)
(-0.0219442 -2.68245 0)
(-0.497732 -2.6753 0)
(-0.231617 -0.874626 0)
(0.746392 2.71656 0)
(1.29667 5.20503 0)
(2.1364 6.55899 0)
(2.74867 6.81157 0)
(2.98946 7.3186 0)
(4.44679 7.3983 0)
(5.56567 7.93925 0)
(4.38552 6.85014 0)
(7.93908 8.35043 0)
(7.64512 8.14714 0)
(7.24917 9.23416 0)
(13.1439 7.76448 0)
(8.88086 13.3154 0)
(15.4956 4.69712 0)
(15.1817 16.9594 0)
(15.1044 6.91046 0)
(21.9896 15.2918 0)
(0.20647 -2.53155 0)
(-0.0319989 -2.53467 0)
(-0.148152 -1.49489 0)
(0.126355 2.17273 0)
(0.968373 4.29523 0)
(1.41055 5.71578 0)
(2.5613 6.01754 0)
(3.32658 6.80897 0)
(3.14416 5.07367 0)
(4.99126 7.25673 0)
(7.34606 5.37206 0)
(4.97309 8.05695 0)
(11.8591 4.48796 0)
(7.89574 10.9447 0)
(12.9776 2.10612 0)
(12.7466 13.1222 0)
(11.9025 2.31679 0)
(18.0918 14.2288 0)
(14.1496 8.82007 0)
(22.6692 10.7146 0)
(0.239136 -2.92805 0)
(0.530814 -2.19464 0)
(-0.0392459 -0.791274 0)
(-0.0825761 1.81841 0)
(0.657347 3.65831 0)
(0.89066 5.7802 0)
(1.65645 4.16069 0)
(2.62623 7.56768 0)
(5.50411 3.595 0)
(3.51105 8.06421 0)
(8.55712 2.79596 0)
(6.83899 9.45782 0)
(8.18015 -0.339027 0)
(10.767 10.6615 0)
(7.55243 -0.520202 0)
(14.925 12.3146 0)
(10.5485 4.29763 0)
(18.3467 9.55758 0)
(15.0991 8.50983 0)
(21.0668 7.77452 0)
(-0.112821 -3.71184 0)
(0.559211 -2.72305 0)
(-0.458948 -1.46902 0)
(-1.09015 1.19816 0)
(0.356369 2.35181 0)
(-0.0206671 4.87871 0)
(3.38289 1.99829 0)
(1.18737 6.78601 0)
(4.3868 0.275928 0)
(5.04493 7.61931 0)
(3.78274 -2.52624 0)
(9.08996 9.56443 0)
(4.19496 -1.95021 0)
(12.4049 10.8515 0)
(7.84253 1.84144 0)
(14.3972 8.68063 0)
(11.6658 5.66864 0)
(16.7183 5.64522 0)
(16.4759 6.49713 0)
(19.4954 5.9833 0)
(-0.877576 -2.76923 0)
(-1.66862 -0.950055 0)
(-2.48941 1.36108 0)
(-1.85833 1.72661 0)
(-0.0214276 3.12369 0)
(-1.75052 4.79774 0)
(3.01508 2.04425 0)
(3.20288 7.03964 0)
(2.33448 -3.07428 0)
(6.98563 8.74156 0)
(4.11822 -2.88455 0)
(9.83983 9.19492 0)
(7.07177 -0.416285 0)
(11.2739 6.78753 0)
(9.79759 2.41544 0)
(13.3185 3.56253 0)
(13.296 3.86784 0)
(15.7903 3.38353 0)
(17.2755 3.97392 0)
(19.1675 3.93703 0)
(-0.863948 -1.96755 0)
(-1.19738 -1.70555 0)
(-0.870897 -0.946223 0)
(-0.0870081 -2.42722 0)
(-0.228654 1.90524 0)
(-0.0136698 0.677733 0)
(-0.883625 -4.04512 0)
(4.20948 7.1009 0)
(2.30769 -2.41746 0)
(7.05549 6.9739 0)
(5.97053 -0.89488 0)
(8.62373 5.41105 0)
(8.86414 0.613268 0)
(10.9599 2.58611 0)
(11.6947 2.07468 0)
(13.6341 1.87864 0)
(14.9285 2.31506 0)
(16.5802 2.33058 0)
(18.2267 2.4871 0)
(19.876 2.51686 0)
(-0.872709 -0.394275 0)
(-1.90106 -0.330027 0)
(-2.66834 0.130047 0)
(-2.663 1.78142 0)
(-4.96004 3.76591 0)
(4.55655 4.44748 0)
(-1.50908 1.02983 0)
(2.42022 3.29426 0)
(4.25435 -0.903451 0)
(2.6409 0.908991 0)
(6.40803 -1.43108 0)
(5.46546 0.414674 0)
(8.26481 -0.0315809 0)
(9.78993 0.599799 0)
(11.1472 0.900242 0)
(12.6731 0.919875 0)
(14.2775 0.976165 0)
(15.9095 0.977383 0)
(17.5314 0.953428 0)
(19.1343 0.898747 0)
(12.8734 16.5428 0)
(-11.6523 -14.2458 0)
(4.32 -9.5482 0)
(5.1211 0.174417 0)
(-2.7125 8.30953 0)
(-7.29075 -0.90065 0)
(-0.299706 0.760796 0)
(-9.09764 0.527931 0)
(-4.38864 -1.69245 0)
(-12.0266 -0.686025 0)
(-5.90926 0.15821 0)
(-12.5717 0.513248 0)
(-8.00924 1.39597 0)
(-14.5659 1.46238 0)
(-11.9834 1.34231 0)
(-17.3871 1.24882 0)
(-15.3868 0.89985 0)
(-19.4607 0.834659 0)
(-17.6447 0.535593 0)
(-20.8168 0.532738 0)
(-18.9189 0.233789 0)
(-21.248 0.212469 0)
(-19.1858 -0.106327 0)
(-20.8261 -0.138208 0)
(-18.4868 -0.387643 0)
(-19.3693 -0.451455 0)
(-16.5713 -0.693225 0)
(-16.9481 -0.694118 0)
(-13.6562 -0.89068 0)
(-13.4916 -0.971247 0)
(-10.2038 -1.04225 0)
(-9.43472 -0.969695 0)
(-6.10362 -0.812388 0)
(-5.57207 -0.755097 0)
(-2.53826 -0.878294 0)
(-1.37024 -0.597408 0)
(0.495245 -0.631223 0)
(1.84639 -0.535489 0)
(3.19208 -0.469646 0)
(4.38411 -0.408423 0)
(5.46879 -0.349667 0)
(6.42933 -0.294858 0)
(7.30118 -0.243602 0)
(8.07178 -0.198711 0)
(8.75145 -0.15232 0)
(9.33585 -0.110584 0)
(9.82755 -0.0643514 0)
(10.2241 -0.0232096 0)
(10.5337 0.0292109 0)
(10.7438 0.0693736 0)
(10.8882 0.103984 0)
(10.9212 0.139201 0)
(10.9085 0.186287 0)
(10.7966 0.218879 0)
(10.6674 0.213495 0)
(10.4676 0.197307 0)
(10.2684 0.15461 0)
(10.0629 0.122059 0)
(9.84665 0.0805338 0)
(9.69665 0.0510874 0)
(9.50861 0.0240252 0)
(9.44253 -0.000386423 0)
(9.31883 -0.0130888 0)
(9.32241 -0.0152444 0)
(9.25346 -0.0101941 0)
(9.285 0.0115017 0)
(9.22583 0.037228 0)
(9.25399 0.0657509 0)
(9.17889 0.10776 0)
(9.17687 0.123012 0)
(9.09161 0.157602 0)
(9.02026 0.144768 0)
(8.95499 0.146543 0)
(8.81942 0.130415 0)
(8.79434 0.108893 0)
(8.66269 0.101069 0)
(8.66386 0.0571528 0)
(8.62708 0.0466707 0)
(8.62236 0.0123424 0)
(8.67876 0.000664225 0)
(16.3581 16.783 0)
(22.0993 16.2098 0)
(-10.4214 -1.03624 0)
(-5.74664 1.33095 0)
(-9.76072 4.10577 0)
(5.86407 -7.88077 0)
(0.349061 2.08966 0)
(0.426789 4.07992 0)
(8.74809 2.42144 0)
(-1.29932 5.31881 0)
(2.13265 0.0991036 0)
(-1.39387 0.656922 0)
(-3.78725 1.49596 0)
(-6.70237 1.97166 0)
(-7.66025 1.80053 0)
(-9.36868 1.48714 0)
(-9.2324 1.21662 0)
(-10.6497 0.940863 0)
(-9.78561 0.582288 0)
(-11.5835 0.484122 0)
(-10.0845 0.189026 0)
(-11.564 -0.0650732 0)
(-9.99502 -0.399872 0)
(-10.6791 -0.800661 0)
(-9.25151 -1.22769 0)
(-9.05794 -1.65612 0)
(-7.1343 -2.19673 0)
(-6.423 -2.52747 0)
(-4.78313 -2.86699 0)
(-2.62466 -3.01436 0)
(-1.45619 -3.21489 0)
(0.842303 -3.19461 0)
(2.48379 -3.17728 0)
(4.30517 -2.97399 0)
(6.10668 -2.86046 0)
(7.63073 -2.56214 0)
(9.18226 -2.3715 0)
(10.4785 -2.13946 0)
(11.6966 -1.9288 0)
(12.7306 -1.73102 0)
(13.6972 -1.56468 0)
(14.5278 -1.41017 0)
(15.2739 -1.2684 0)
(15.931 -1.1272 0)
(16.4915 -0.987338 0)
(16.9975 -0.853616 0)
(17.395 -0.725198 0)
(17.7621 -0.598519 0)
(18.0136 -0.478515 0)
(18.2761 -0.368217 0)
(18.414 -0.254174 0)
(18.6038 -0.142834 0)
(18.6714 -0.0495669 0)
(18.8086 0.0388373 0)
(18.7827 0.126838 0)
(18.8696 0.191114 0)
(18.7936 0.24289 0)
(18.8388 0.263367 0)
(18.702 0.276314 0)
(18.695 0.249307 0)
(18.5364 0.225198 0)
(18.491 0.17245 0)
(18.3414 0.13213 0)
(18.2748 0.0806489 0)
(18.1653 0.0494654 0)
(18.1031 0.0214533 0)
(18.0503 0.00536323 0)
(18.0161 -0.00582053 0)
(18.019 -0.0161867 0)
(18.0077 -0.00710779 0)
(18.0439 -0.00077173 0)
(18.0427 0.0256095 0)
(18.091 0.0233545 0)
(18.0945 0.0460774 0)
(18.1489 0.0232699 0)
(18.1766 0.0180883 0)
(18.2086 -0.0189463 0)
(18.2466 -0.0357059 0)
(18.2485 -0.0554604 0)
(18.3051 -0.0752811 0)
(19.9261 16.6023 0)
(25.7977 16.2349 0)
(21.9309 11.9025 0)
(17.9037 7.66887 0)
(10.1681 0.625107 0)
(8.31326 -2.54977 0)
(-10.815 1.51265 0)
(5.11033 -4.32856 0)
(-9.63924 0.361812 0)
(0.84147 2.36514 0)
(-1.51972 0.176434 0)
(-1.45834 4.03509 0)
(1.33715 4.35335 0)
(0.681167 4.42063 0)
(3.46269 4.11972 0)
(2.85017 3.61598 0)
(3.95728 2.90207 0)
(3.13973 2.25995 0)
(3.41787 1.81382 0)
(2.93417 1.40819 0)
(2.86665 0.892378 0)
(3.09987 0.239785 0)
(3.02918 -0.485385 0)
(3.45489 -1.15206 0)
(3.93048 -1.82305 0)
(4.57282 -2.55745 0)
(5.72818 -3.26092 0)
(6.5229 -3.82828 0)
(8.01917 -4.32709 0)
(9.09589 -4.73689 0)
(10.6588 -4.92804 0)
(11.9161 -5.0184 0)
(13.3311 -4.92115 0)
(14.6109 -4.72255 0)
(15.9029 -4.44009 0)
(17.0376 -4.07492 0)
(18.1453 -3.70868 0)
(19.0875 -3.32631 0)
(19.9703 -2.96775 0)
(20.7111 -2.63317 0)
(21.393 -2.3358 0)
(21.9749 -2.07122 0)
(22.4835 -1.82652 0)
(22.9299 -1.59915 0)
(23.2745 -1.37344 0)
(23.5951 -1.16247 0)
(23.7856 -0.951861 0)
(23.9943 -0.766753 0)
(24.0649 -0.583277 0)
(24.1889 -0.428458 0)
(24.1798 -0.267265 0)
(24.2519 -0.136793 0)
(24.1858 -0.0109892 0)
(24.2377 0.0709841 0)
(24.1575 0.156634 0)
(24.1803 0.20454 0)
(24.0966 0.258467 0)
(24.0992 0.273203 0)
(24.0143 0.291331 0)
(23.9792 0.277068 0)
(23.901 0.261574 0)
(23.8338 0.226683 0)
(23.7724 0.188139 0)
(23.6883 0.152834 0)
(23.657 0.114753 0)
(23.5665 0.101022 0)
(23.5621 0.0742761 0)
(23.4883 0.0751562 0)
(23.5167 0.0552571 0)
(23.4638 0.0724352 0)
(23.5133 0.0667281 0)
(23.4905 0.0870058 0)
(23.5533 0.0811352 0)
(23.5481 0.0860666 0)
(23.6122 0.0660179 0)
(23.62 0.0503868 0)
(23.6685 0.0226009 0)
(23.6738 -0.000659264 0)
(23.6902 -0.0178652 0)
(23.6945 -0.0366142 0)
(19.2936 13.9223 0)
(27.3936 13.4315 0)
(24.2355 11.4532 0)
(29.3739 9.51447 0)
(23.1327 7.66386 0)
(27.6568 6.32595 0)
(21.024 5.58403 0)
(21.6436 4.19706 0)
(19.6179 3.9317 0)
(15.8503 2.35536 0)
(16.5136 1.8741 0)
(13.7039 1.29505 0)
(13.7467 1.13953 0)
(12.7996 1.39301 0)
(13.3822 1.28447 0)
(13.2944 1.16974 0)
(13.5473 0.87846 0)
(13.5448 0.678912 0)
(13.6792 0.467645 0)
(13.9731 0.260013 0)
(14.3113 -0.0535025 0)
(14.907 -0.415937 0)
(15.2382 -0.972616 0)
(15.8693 -1.6599 0)
(16.4675 -2.44361 0)
(17.3253 -3.23088 0)
(18.0497 -4.02832 0)
(18.9191 -4.69617 0)
(19.6682 -5.29689 0)
(20.4746 -5.6912 0)
(21.1983 -5.95474 0)
(21.8726 -6.02664 0)
(22.4972 -5.95189 0)
(23.061 -5.72951 0)
(23.6021 -5.40925 0)
(24.0713 -4.99777 0)
(24.5284 -4.56489 0)
(24.9081 -4.11467 0)
(25.2809 -3.68619 0)
(25.5709 -3.28113 0)
(25.8681 -2.91362 0)
(26.0931 -2.58415 0)
(26.3324 -2.27758 0)
(26.5017 -1.99367 0)
(26.6707 -1.71112 0)
(26.7682 -1.4477 0)
(26.8443 -1.17791 0)
(26.8701 -0.942515 0)
(26.8752 -0.712653 0)
(26.8637 -0.531627 0)
(26.8369 -0.344145 0)
(26.8001 -0.209872 0)
(26.7521 -0.0527641 0)
(26.7096 0.0416945 0)
(26.6673 0.139097 0)
(26.6381 0.190498 0)
(26.6151 0.258894 0)
(26.5827 0.290587 0)
(26.5589 0.32412 0)
(26.5086 0.331417 0)
(26.4824 0.330329 0)
(26.4164 0.312981 0)
(26.3891 0.279901 0)
(26.3141 0.247267 0)
(26.2873 0.196486 0)
(26.203 0.163376 0)
(26.1716 0.11475 0)
(26.0903 0.0923063 0)
(26.0724 0.0507347 0)
(26.0109 0.0431045 0)
(26.0113 0.0159725 0)
(25.9627 0.020732 0)
(25.9703 -0.00483434 0)
(25.9203 -0.00409615 0)
(25.9347 -0.0363227 0)
(25.8866 -0.0422661 0)
(25.8986 -0.0713829 0)
(25.8311 -0.0786438 0)
(25.8283 -0.096954 0)
(25.7523 -0.0970326 0)
(19.307 10.9633 0)
(26.0279 10.3748 0)
(25.5747 9.76406 0)
(29.1257 8.30834 0)
(29.0318 7.51859 0)
(29.9018 5.89241 0)
(30.0768 5.23586 0)
(29.3989 3.9804 0)
(29.6664 3.34789 0)
(28.6629 3.10352 0)
(28.6668 2.94813 0)
(28.1222 3.01812 0)
(28.1744 3.14964 0)
(27.8916 3.20662 0)
(27.9611 3.03173 0)
(27.9023 2.71986 0)
(27.9945 2.29848 0)
(28.0411 1.86189 0)
(28.1126 1.42317 0)
(28.2273 0.921565 0)
(28.4237 0.377981 0)
(28.5955 -0.30141 0)
(28.8358 -1.00659 0)
(29.0431 -1.75388 0)
(29.3296 -2.51563 0)
(29.5232 -3.3173 0)
(29.6957 -4.0791 0)
(29.7385 -4.77482 0)
(29.7218 -5.33122 0)
(29.5882 -5.73024 0)
(29.3871 -5.9552 0)
(29.105 -6.00659 0)
(28.8056 -5.90268 0)
(28.4948 -5.65789 0)
(28.225 -5.30967 0)
(27.9628 -4.88757 0)
(27.7547 -4.43618 0)
(27.5541 -3.98561 0)
(27.4181 -3.55023 0)
(27.267 -3.15056 0)
(27.1907 -2.77293 0)
(27.0876 -2.43969 0)
(27.0701 -2.11873 0)
(27.0071 -1.82796 0)
(27.0085 -1.53427 0)
(26.9387 -1.26741 0)
(26.9103 -0.993245 0)
(26.795 -0.747131 0)
(26.7249 -0.514104 0)
(26.6026 -0.325162 0)
(26.5389 -0.160557 0)
(26.4437 -0.042093 0)
(26.3898 0.0717438 0)
(26.2975 0.151814 0)
(26.2647 0.229507 0)
(26.226 0.277149 0)
(26.2321 0.323979 0)
(26.2083 0.346321 0)
(26.2112 0.361687 0)
(26.1819 0.361936 0)
(26.1745 0.350825 0)
(26.1319 0.333078 0)
(26.1151 0.296716 0)
(26.0649 0.265804 0)
(26.0452 0.216857 0)
(25.9882 0.186516 0)
(25.9675 0.143507 0)
(25.9067 0.125605 0)
(25.897 0.099075 0)
(25.8411 0.0957893 0)
(25.8469 0.0856301 0)
(25.7931 0.0898259 0)
(25.8043 0.0869107 0)
(25.7442 0.0903312 0)
(25.7618 0.0887788 0)
(25.7035 0.0827489 0)
(25.7174 0.0758013 0)
(25.641 0.0625796 0)
(25.6426 0.0573633 0)
(25.5577 0.0461421 0)
(20.6731 8.4061 0)
(24.0886 7.86469 0)
(25.8102 7.58044 0)
(27.8057 6.55923 0)
(29.3898 5.7841 0)
(30.312 4.81039 0)
(31.2738 4.11359 0)
(31.6936 3.50003 0)
(32.27 3.09233 0)
(32.5817 2.88546 0)
(32.9667 2.80772 0)
(33.2257 2.81118 0)
(33.5856 2.78966 0)
(33.8663 2.7249 0)
(34.2185 2.51618 0)
(34.5704 2.23251 0)
(34.9161 1.85269 0)
(35.2765 1.44221 0)
(35.5488 0.995846 0)
(35.8308 0.517067 0)
(36.0136 -0.0231366 0)
(36.1617 -0.629358 0)
(36.2491 -1.27795 0)
(36.2232 -1.94084 0)
(36.0421 -2.6367 0)
(35.7067 -3.3423 0)
(35.2102 -4.03101 0)
(34.5703 -4.63997 0)
(33.8002 -5.12845 0)
(32.9197 -5.4586 0)
(31.9653 -5.62407 0)
(30.9767 -5.62154 0)
(30.0263 -5.47408 0)
(29.1477 -5.20396 0)
(28.3805 -4.8605 0)
(27.706 -4.46574 0)
(27.1455 -4.06693 0)
(26.6743 -3.67239 0)
(26.3137 -3.31098 0)
(26.0185 -2.97403 0)
(25.8173 -2.65325 0)
(25.6587 -2.35232 0)
(25.5833 -2.05514 0)
(25.527 -1.77343 0)
(25.5044 -1.48841 0)
(25.4646 -1.21872 0)
(25.4224 -0.956527 0)
(25.3398 -0.714228 0)
(25.2369 -0.481552 0)
(25.126 -0.292907 0)
(25.0159 -0.114435 0)
(24.929 0.00346359 0)
(24.8627 0.0957474 0)
(24.8092 0.1569 0)
(24.7772 0.236071 0)
(24.7648 0.279216 0)
(24.7711 0.3242 0)
(24.7712 0.332735 0)
(24.7793 0.350063 0)
(24.7759 0.343041 0)
(24.7773 0.340098 0)
(24.7582 0.324742 0)
(24.7495 0.306916 0)
(24.72 0.288641 0)
(24.7105 0.262461 0)
(24.6675 0.244178 0)
(24.6582 0.211428 0)
(24.6107 0.192548 0)
(24.6235 0.157066 0)
(24.5871 0.140269 0)
(24.6269 0.106939 0)
(24.5948 0.0945871 0)
(24.6476 0.0650356 0)
(24.6127 0.0586047 0)
(24.6655 0.032421 0)
(24.6336 0.0282959 0)
(24.6745 0.00511013 0)
(24.6361 0.00455051 0)
(24.6511 -0.00739959 0)
(24.6115 -0.00464985 0)
(21.1622 6.31804 0)
(23.231 6.06158 0)
(25.2333 5.8211 0)
(26.9861 5.23647 0)
(28.6125 4.61136 0)
(29.8987 3.98334 0)
(31.0048 3.46013 0)
(31.9039 3.05727 0)
(32.6873 2.77479 0)
(33.3651 2.58007 0)
(33.9778 2.45507 0)
(34.5036 2.36419 0)
(35.0037 2.27618 0)
(35.479 2.15398 0)
(35.9749 1.99123 0)
(36.4915 1.75635 0)
(36.989 1.4875 0)
(37.461 1.15855 0)
(37.8559 0.797657 0)
(38.1694 0.39387 0)
(38.3801 -0.0574982 0)
(38.4809 -0.545757 0)
(38.4435 -1.0755 0)
(38.2289 -1.6428 0)
(37.804 -2.2268 0)
(37.1824 -2.80468 0)
(36.3782 -3.34592 0)
(35.4429 -3.80917 0)
(34.392 -4.16431 0)
(33.2833 -4.38669 0)
(32.1362 -4.47016 0)
(31.0343 -4.42515 0)
(30.0038 -4.27074 0)
(29.1088 -4.05153 0)
(28.3348 -3.79309 0)
(27.7084 -3.52266 0)
(27.186 -3.25548 0)
(26.7881 -2.99731 0)
(26.4759 -2.76777 0)
(26.2615 -2.54779 0)
(26.1174 -2.3347 0)
(26.0208 -2.10416 0)
(25.9753 -1.86388 0)
(25.9423 -1.59834 0)
(25.9194 -1.31742 0)
(25.8666 -1.02304 0)
(25.7933 -0.744493 0)
(25.6877 -0.505281 0)
(25.5488 -0.308158 0)
(25.4099 -0.150326 0)
(25.2706 -0.0090896 0)
(25.1176 0.0908841 0)
(25.0034 0.164062 0)
(24.9035 0.20531 0)
(24.8421 0.265526 0)
(24.7592 0.306488 0)
(24.7178 0.352511 0)
(24.6492 0.368812 0)
(24.6211 0.393512 0)
(24.558 0.393421 0)
(24.5304 0.394817 0)
(24.4689 0.371598 0)
(24.4488 0.346769 0)
(24.3964 0.304947 0)
(24.3958 0.263832 0)
(24.3486 0.214791 0)
(24.3675 0.174944 0)
(24.3291 0.139086 0)
(24.3793 0.112539 0)
(24.3581 0.0933911 0)
(24.4353 0.0749971 0)
(24.4216 0.0687313 0)
(24.5061 0.0569303 0)
(24.4853 0.0617102 0)
(24.5659 0.0542931 0)
(24.5431 0.0638913 0)
(24.6067 0.0535261 0)
(24.5655 0.063265 0)
(24.5949 0.0564762 0)
(24.5395 0.0700817 0)
(21.0329 4.0118 0)
(22.8312 3.89836 0)
(24.6273 3.73073 0)
(26.2942 3.41555 0)
(27.8321 3.04872 0)
(29.1927 2.65698 0)
(30.3656 2.32462 0)
(31.3896 2.04843 0)
(32.2721 1.83775 0)
(33.0471 1.68572 0)
(33.7208 1.55741 0)
(34.3241 1.46643 0)
(34.8684 1.3833 0)
(35.3899 1.30569 0)
(35.9054 1.21493 0)
(36.4396 1.08264 0)
(36.9536 0.914731 0)
(37.4289 0.696257 0)
(37.8233 0.439186 0)
(38.1301 0.142455 0)
(38.3188 -0.182318 0)
(38.3892 -0.539947 0)
(38.289 -0.929859 0)
(38.0107 -1.3505 0)
(37.5157 -1.78303 0)
(36.8406 -2.20192 0)
(35.9895 -2.58563 0)
(35.039 -2.90709 0)
(33.9909 -3.15932 0)
(32.9175 -3.32338 0)
(31.8095 -3.40659 0)
(30.7468 -3.40996 0)
(29.721 -3.36206 0)
(28.8056 -3.27879 0)
(27.9699 -3.17734 0)
(27.2615 -3.06213 0)
(26.6053 -2.94254 0)
(26.0593 -2.81991 0)
(25.538 -2.70861 0)
(25.1331 -2.59018 0)
(24.7615 -2.47516 0)
(24.4704 -2.32386 0)
(24.2026 -2.13665 0)
(23.9868 -1.87862 0)
(23.7697 -1.55342 0)
(23.5414 -1.17727 0)
(23.277 -0.780698 0)
(22.9995 -0.435031 0)
(22.7289 -0.165919 0)
(22.5302 0.0295349 0)
(22.364 0.159187 0)
(22.2082 0.233558 0)
(22.1185 0.28429 0)
(22.0719 0.297141 0)
(22.089 0.31623 0)
(22.081 0.32356 0)
(22.1182 0.361745 0)
(22.1238 0.377317 0)
(22.18 0.41627 0)
(22.1944 0.421638 0)
(22.2445 0.446278 0)
(22.2555 0.433774 0)
(22.3007 0.428843 0)
(22.32 0.387232 0)
(22.3634 0.346216 0)
(22.3869 0.280078 0)
(22.421 0.222003 0)
(22.4442 0.15733 0)
(22.4626 0.106134 0)
(22.4813 0.0584516 0)
(22.4811 0.021715 0)
(22.4921 -0.00165941 0)
(22.4811 -0.0185373 0)
(22.4782 -0.0144835 0)
(22.4606 -0.0139078 0)
(22.4382 0.00792907 0)
(22.4211 0.00892237 0)
(22.3761 0.0392429 0)
(22.3628 0.0408569 0)
(22.302 0.0808081 0)
(21.5657 2.5056 0)
(23.247 2.43146 0)
(24.8987 2.31723 0)
(26.4745 2.14917 0)
(27.9399 1.95043 0)
(29.2807 1.7254 0)
(30.4741 1.51905 0)
(31.5235 1.3368 0)
(32.4467 1.17654 0)
(33.2454 1.04869 0)
(33.9517 0.93766 0)
(34.5712 0.85548 0)
(35.1373 0.784325 0)
(35.6639 0.72806 0)
(36.1792 0.669509 0)
(36.6832 0.593188 0)
(37.1709 0.484594 0)
(37.6057 0.342802 0)
(37.9768 0.174737 0)
(38.2464 -0.0175144 0)
(38.4126 -0.223024 0)
(38.4263 -0.450812 0)
(38.2771 -0.69704 0)
(37.9281 -0.963046 0)
(37.3797 -1.23275 0)
(36.6424 -1.49392 0)
(35.7382 -1.72588 0)
(34.7129 -1.92649 0)
(33.5751 -2.089 0)
(32.3797 -2.21221 0)
(31.1143 -2.29197 0)
(29.8455 -2.32426 0)
(28.5682 -2.32232 0)
(27.35 -2.28166 0)
(26.1901 -2.21761 0)
(25.1034 -2.12974 0)
(24.0676 -2.02731 0)
(23.089 -1.93301 0)
(22.1426 -1.82622 0)
(21.3117 -1.7313 0)
(20.5144 -1.63146 0)
(19.8665 -1.52926 0)
(19.2527 -1.40727 0)
(18.8004 -1.22968 0)
(18.386 -1.02658 0)
(18.0107 -0.77641 0)
(17.6439 -0.49228 0)
(17.2846 -0.228355 0)
(16.9189 0.0165378 0)
(16.7429 0.210328 0)
(16.5819 0.308946 0)
(16.4884 0.352867 0)
(16.4418 0.373794 0)
(16.4717 0.366836 0)
(16.5266 0.33887 0)
(16.6067 0.314184 0)
(16.7028 0.309174 0)
(16.7979 0.308601 0)
(16.9177 0.308104 0)
(17.0318 0.299286 0)
(17.1722 0.295225 0)
(17.2871 0.276715 0)
(17.4093 0.267259 0)
(17.5026 0.236 0)
(17.5866 0.223239 0)
(17.6479 0.187252 0)
(17.685 0.177038 0)
(17.7183 0.146149 0)
(17.7177 0.140969 0)
(17.7424 0.118152 0)
(17.7162 0.112839 0)
(17.7474 0.0979188 0)
(17.7057 0.0919553 0)
(17.7564 0.0879629 0)
(17.7139 0.0812726 0)
(17.7798 0.0868383 0)
(17.7433 0.080292 0)
(17.813 0.0897197 0)
(17.7904 0.0856282 0)
(17.8572 0.0995692 0)
(20.7284 0.839048 0)
(22.3007 0.766869 0)
(23.8207 0.694238 0)
(25.2568 0.614463 0)
(26.5754 0.534586 0)
(27.7761 0.453865 0)
(28.8313 0.377846 0)
(29.7473 0.317543 0)
(30.5237 0.260138 0)
(31.1905 0.218609 0)
(31.7513 0.18651 0)
(32.2379 0.165976 0)
(32.6582 0.157087 0)
(33.0436 0.15162 0)
(33.4045 0.149628 0)
(33.7485 0.138292 0)
(34.0721 0.113144 0)
(34.3448 0.0744366 0)
(34.5564 0.0224581 0)
(34.6627 -0.0377177 0)
(34.6576 -0.105641 0)
(34.4799 -0.18622 0)
(34.1286 -0.271383 0)
(33.5463 -0.36955 0)
(32.7567 -0.464127 0)
(31.7373 -0.561239 0)
(30.5339 -0.644342 0)
(29.1509 -0.724007 0)
(27.6338 -0.793995 0)
(26.013 -0.855217 0)
(24.2991 -0.906561 0)
(22.5523 -0.931473 0)
(20.7584 -0.951038 0)
(19.0277 -0.938088 0)
(17.3325 -0.9312 0)
(15.7169 -0.906496 0)
(14.1498 -0.893531 0)
(12.5855 -0.901134 0)
(11.1302 -0.892023 0)
(9.69623 -0.875023 0)
(8.35837 -0.825759 0)
(7.06799 -0.736644 0)
(5.88041 -0.590842 0)
(4.9024 -0.372209 0)
(4.12705 -0.124556 0)
(3.58678 0.0976862 0)
(3.32397 0.276733 0)
(3.2759 0.413363 0)
(3.40967 0.463118 0)
(3.66194 0.413866 0)
(3.95495 0.335783 0)
(4.30808 0.275678 0)
(4.6266 0.22743 0)
(4.92639 0.188493 0)
(5.17886 0.176542 0)
(5.4295 0.19111 0)
(5.66319 0.219724 0)
(5.91704 0.232135 0)
(6.15842 0.232289 0)
(6.42234 0.220511 0)
(6.6564 0.207267 0)
(6.91456 0.196733 0)
(7.13634 0.177739 0)
(7.36957 0.163412 0)
(7.56869 0.13345 0)
(7.74873 0.112536 0)
(7.91494 0.0777377 0)
(8.02823 0.053693 0)
(8.16078 0.0242858 0)
(8.21409 0.000365154 0)
(8.31301 -0.0107425 0)
(8.33316 -0.0305162 0)
(8.38759 -0.0183218 0)
(8.42103 -0.0271418 0)
(8.42458 -0.00484249 0)
(8.51035 -0.000769329 0)
(8.47741 0.0168161 0)
(8.6061 0.0261091 0)
(8.5696 0.0392 0)
(8.71417 0.0524698 0)
)
;

boundaryField
{
    inlet
    {
        type            fixedValue;
        value           uniform (10 0 0);
    }
    outlet
    {
        type            zeroGradient;
    }
    walls
    {
        type            fixedValue;
        value           uniform (0 0 0);
    }
    frontAndBack
    {
        type            empty;
    }
}


// ************************************************************************* //
