/*--------------------------------*- C++ -*----------------------------------*\
| =========                 |                                                 |
| \\      /  F ield         | OpenFOAM: The Open Source CFD Toolbox           |
|  \\    /   O peration     | Version:  2306                                  |
|   \\  /    A nd           | Website:  www.openfoam.com                      |
|    \\/     M anipulation  |                                                 |
\*---------------------------------------------------------------------------*/
FoamFile
{
    version     2.0;
    format      ascii;
    arch        "LSB;label=32;scalar=64";
    class       surfaceScalarField;
    location    "0.325";
    object      phi;
}
// * * * * * * * * * * * * * * * * * * * * * * * * * * * * * * * * * * * * * //

dimensions      [0 3 -1 0 0 0 0];

oriented        oriented;

internalField   nonuniform List<scalar> 
8520
(
0.00992782
7.21794e-05
0.00978964
0.000138181
0.00962951
0.000160125
0.00946828
0.00016123
0.00930947
0.000158816
0.00914916
0.000160311
0.0089864
0.000162757
0.00882095
0.000165452
0.00865373
0.000167218
0.00848561
0.000168124
0.00831791
0.000167697
0.00815106
0.000166848
0.00798557
0.000165495
0.00782133
0.000164236
0.0076585
0.000162826
0.00749711
0.000161393
0.00733717
0.00015994
0.00717887
0.000158299
0.00702219
0.000156684
0.00686735
0.00015484
0.00671434
0.000153012
0.00656327
0.000151068
0.00641424
0.000149034
0.00626722
0.000147015
0.0061224
0.00014482
0.00597964
0.000142762
0.00583918
0.000140456
0.0057008
0.000138385
0.0055648
0.000136002
0.00543083
0.000133964
0.0052993
0.000131532
0.00516974
0.000129557
0.00504247
0.000127274
0.00491703
0.00012544
0.00479365
0.000123384
0.00467185
0.000121797
0.00455178
0.000120064
0.00443289
0.00011889
0.00431525
0.000117641
0.00419821
0.000117046
0.00408177
0.000116442
0.00396518
0.000116585
0.0038484
0.000116777
0.00373056
0.000117845
0.00361142
0.000119136
0.00349011
0.000121313
0.00336606
0.000124045
0.00323847
0.000127596
0.00310648
0.000131993
0.00296916
0.000137319
0.00282564
0.000143521
0.00267462
0.000151018
0.00251545
0.000159167
0.00234637
0.000169083
0.00216713
0.000179235
0.00197555
0.000191586
0.001772
0.000203548
0.00155414
0.000217857
0.00132322
0.000230925
0.00107731
0.000245912
0.000819143
0.000258163
0.000548263
0.00027088
0.0002724
0.000275863
1.81783e-06
0.000270582
-0.000244468
0.000246286
-0.0004572
0.000212732
-0.000610639
0.000153439
-0.000689914
7.92754e-05
-0.000672318
-1.75964e-05
-0.000553149
-0.000119169
-0.00032301
-0.000230139
-3.72914e-05
-0.000285719
0.000206379
-0.00024367
0.000314602
-0.000108224
6.24527e-06
0.000308357
-0.000525784
0.00053203
-0.000443299
-8.24855e-05
-0.000102418
-0.000340881
-5.02182e-05
-5.21995e-05
0.000121006
-0.000171224
0.0100357
3.64829e-05
0.0100799
9.40008e-05
0.0101108
0.000129195
0.0101273
0.00014476
0.0101357
0.000150347
0.0101431
0.000152925
0.0101493
0.000156558
0.0101532
0.000161569
0.0101536
0.000166787
0.0101502
0.000171566
0.010143
0.000174892
0.0101323
0.000177516
0.0101188
0.000178998
0.0101027
0.000180335
0.0100843
0.000181228
0.0100637
0.000181991
0.0100408
0.000182855
0.010016
0.000183154
0.00998873
0.00018392
0.0099598
0.00018377
0.00992852
0.000184294
0.0098957
0.000183883
0.0098607
0.000184043
0.0098242
0.000183507
0.00978573
0.000183293
0.00974571
0.000182778
0.00970397
0.0001822
0.00966054
0.000181815
0.00961567
0.000180873
0.00956893
0.000180705
0.0095209
0.000179556
0.00947088
0.000179578
0.00941962
0.000178539
0.00936629
0.000178767
0.0093116
0.00017807
0.00925475
0.000178649
0.00919634
0.000178477
0.00913562
0.000179608
0.00907299
0.000180274
0.00900781
0.00018222
0.00894013
0.00018413
0.00886957
0.000187139
0.00879595
0.000190404
0.00871887
0.000194915
0.0086379
0.000200109
0.00855283
0.00020638
0.00846264
0.000214239
0.00836759
0.000222643
0.00826589
0.000233693
0.00815823
0.000244987
0.00804218
0.000259566
0.00791861
0.000274585
0.00778464
0.000293136
0.00764125
0.000312477
0.00748509
0.000335392
0.00731721
0.000359466
0.00713402
0.000386743
0.00693662
0.000415258
0.00672126
0.000446276
0.00648993
0.000477246
0.0062385
0.000509589
0.00597124
0.000538147
0.00568223
0.000564868
0.00537312
0.000579697
0.00504162
0.000577786
0.00468459
0.000569758
0.00428315
0.000554884
0.00383342
0.000529005
0.00330873
0.00050709
0.00269144
0.000498123
0.00192912
0.000532179
0.00105536
0.000588047
0.000197302
0.000614383
-0.000394221
0.0004833
-0.000547624
0.00046176
-0.000381886
0.000366292
-0.000434861
-2.95111e-05
-0.000590124
-0.000185619
-0.000555369
-8.69536e-05
2.63057e-05
-0.000460669
0.0100141
2.23365e-05
0.0100441
6.40421e-05
0.0100777
9.55618e-05
0.0101074
0.000115084
0.0101313
0.000126476
0.0101522
0.000131962
0.010173
0.000135829
0.010195
0.000139551
0.0102179
0.00014388
0.0102407
0.000148735
0.0102631
0.00015251
0.0102841
0.000156488
0.0103045
0.000158647
0.0103235
0.000161293
0.0103423
0.000162462
0.01036
0.000164251
0.0103775
0.00016538
0.0103941
0.000166575
0.0104101
0.000167902
0.0104253
0.000168571
0.0104396
0.000169994
0.0104532
0.000170296
0.0104656
0.00017162
0.0104774
0.0001717
0.0104878
0.000172898
0.0104977
0.000172925
0.0105059
0.000173958
0.0105136
0.000174141
0.0105196
0.000174899
0.0105248
0.000175485
0.0105283
0.000176006
0.0105308
0.000177086
0.0105318
0.000177608
0.0105313
0.000179256
0.0105294
0.000179981
0.0105256
0.000182436
0.0105205
0.000183526
0.0105131
0.000187063
0.0105044
0.000188915
0.010493
0.000193692
0.0104803
0.000196788
0.0104644
0.000203018
0.010447
0.000207846
0.0104261
0.000215763
0.010403
0.000223243
0.0103765
0.000232825
0.0103466
0.00024419
0.0103136
0.00025566
0.0102757
0.000271608
0.0102345
0.000286123
0.0101875
0.000306632
0.0101362
0.000325883
0.0100784
0.000350881
0.0100146
0.000376303
0.0099441
0.000405881
0.00986507
0.000438505
0.00977928
0.000472534
0.00968193
0.0005126
0.00957795
0.000550255
0.00945875
0.000596452
0.00933307
0.000635271
0.00918746
0.000683757
0.00903365
0.000718679
0.00885223
0.000761108
0.00864518
0.00078484
0.00839801
0.000816933
0.00811275
0.000840145
0.00777405
0.000867704
0.00738153
0.000899604
0.00693695
0.000942708
0.00645486
0.00101427
0.00595706
0.00108585
0.00540181
0.00116963
0.00467914
0.00120597
0.00393454
0.00120636
0.00311288
0.00118796
0.00202266
0.0010607
0.000804248
0.0010328
-4.26717e-05
0.000759967
0.000344134
-0.0003605
0.010007
1.5348e-05
0.0100268
4.42512e-05
0.0100519
7.04464e-05
0.010077
8.9985e-05
0.0101003
0.000103178
0.0101223
0.000109975
0.0101431
0.000115013
0.0101642
0.000118439
0.0101863
0.000121756
0.0102094
0.00012562
0.0102332
0.000128768
0.0102568
0.000132844
0.0102805
0.000134931
0.0103037
0.000138167
0.0103271
0.000139081
0.0103498
0.000141476
0.0103731
0.000142094
0.0103959
0.000143822
0.0104191
0.000144719
0.0104418
0.000145848
0.0104646
0.000147173
0.0104871
0.000147783
0.0105094
0.000149376
0.0105315
0.000149577
0.0105529
0.00015145
0.0105745
0.000151314
0.010595
0.000153531
0.0106159
0.000153183
0.0106351
0.000155678
0.0106552
0.000155477
0.0106731
0.000158045
0.0106918
0.00015845
0.0107084
0.000160931
0.0107253
0.000162388
0.0107406
0.000164703
0.0107554
0.000167625
0.010769
0.000169899
0.0107815
0.000174565
0.0107932
0.000177191
0.0108031
0.000183819
0.0108128
0.000187057
0.0108196
0.000196219
0.0108272
0.000200276
0.0108305
0.000212462
0.0108355
0.000218289
0.0108352
0.000233065
0.0108367
0.000242703
0.0108331
0.000259255
0.0108301
0.000274582
0.0108232
0.000293017
0.0108149
0.000314938
0.0108045
0.000336344
0.0107903
0.000365082
0.0107754
0.000391127
0.0107552
0.000426167
0.0107347
0.000458982
0.010708
0.000499177
0.0106807
0.000539956
0.0106462
0.000584705
0.0106105
0.000632159
0.010565
0.000680811
0.0105163
0.000732415
0.0104528
0.000782254
0.0103776
0.000836241
0.0102769
0.000885548
0.0101528
0.000941092
0.00999939
0.000993518
0.00981303
0.00105406
0.0095911
0.00112153
0.00933565
0.00119816
0.00905724
0.00129268
0.00874661
0.00139648
0.00839645
0.00151979
0.00796332
0.0016391
0.00746131
0.00170837
0.00687686
0.00177241
0.00620716
0.0017304
0.00553246
0.00170749
0.00462386
0.00166857
0.00150933
0.00345867
0.0100044
1.09375e-05
0.0100166
3.20478e-05
0.010035
5.20213e-05
0.0100564
6.86461e-05
0.010078
8.15523e-05
0.0100991
8.89209e-05
0.0101192
9.48857e-05
0.0101398
9.77842e-05
0.0101605
0.000101056
0.0101827
0.000103441
0.0102049
0.000106552
0.0102283
0.000109488
0.0102513
0.000111942
0.0102749
0.000114555
0.010298
0.000115986
0.0103214
0.000118034
0.0103447
0.000118857
0.0103681
0.000120406
0.0103916
0.000121228
0.010415
0.000122414
0.0104386
0.000123574
0.010462
0.000124416
0.0104855
0.000125855
0.0105086
0.000126442
0.0105319
0.000128187
0.0105547
0.000128538
0.0105775
0.000130705
0.0105999
0.000130822
0.010622
0.000133544
0.0106439
0.000133582
0.0106651
0.000136856
0.0106864
0.00013714
0.0107064
0.000140866
0.0107269
0.000141915
0.0107459
0.000145767
0.0107651
0.000148414
0.010783
0.00015199
0.0108005
0.000157023
0.0108174
0.000160325
0.0108331
0.000168078
0.0108487
0.000171452
0.0108625
0.000182457
0.0108769
0.00018589
0.0108882
0.000201155
0.0109015
0.00020494
0.0109102
0.000224408
0.0109221
0.000230769
0.0109287
0.000252653
0.0109384
0.0002649
0.0109438
0.000287674
0.0109505
0.000308157
0.0109554
0.000331516
0.0109586
0.000361838
0.0109639
0.000385789
0.0109631
0.000427024
0.0109695
0.000452602
0.010965
0.000503684
0.0109713
0.000533603
0.0109642
0.000591865
0.010968
0.000628262
0.010957
0.000691879
0.010954
0.000735386
0.0109333
0.000803009
0.010914
0.000855495
0.010875
0.000924516
0.0108265
0.000989603
0.0107604
0.00105967
0.0106699
0.00114456
0.0105688
0.00122263
0.0104319
0.00133507
0.0102927
0.00143178
0.0101094
0.00157987
0.00992716
0.00170199
0.00970061
0.00186565
0.00943311
0.00197587
0.00910329
0.00210222
0.0086686
0.0021651
0.00812864
0.00224745
0.00747385
0.00232336
0.00229584
0.00668734
0.0100031
7.87644e-06
0.0100118
2.33012e-05
0.0100256
3.82612e-05
0.0100431
5.10647e-05
0.0100624
6.22734e-05
0.0100825
6.88615e-05
0.0101023
7.50788e-05
0.0101225
7.75328e-05
0.0101426
8.10122e-05
0.0101638
8.22362e-05
0.0101852
8.51212e-05
0.0102078
8.68878e-05
0.0102303
8.94861e-05
0.0102535
9.13344e-05
0.0102764
9.30712e-05
0.0102997
9.48006e-05
0.0103229
9.56157e-05
0.010346
9.73124e-05
0.0103697
9.75623e-05
0.0103926
9.95029e-05
0.0104166
9.95245e-05
0.0104393
0.000101748
0.0104635
0.000101599
0.0104859
0.000104119
0.0105101
0.00010396
0.010532
0.000106575
0.010556
0.000106786
0.0105776
0.000109148
0.0106009
0.00011027
0.0106224
0.000112124
0.0106447
0.000114553
0.0106659
0.000115888
0.010687
0.000119813
0.010708
0.000120913
0.0107276
0.000126146
0.0107482
0.000127848
0.0107664
0.000133779
0.0107862
0.000137231
0.0108031
0.00014342
0.0108219
0.000149231
0.0108373
0.000156052
0.0108553
0.000164479
0.0108691
0.000172096
0.0108858
0.000184408
0.0108987
0.000192043
0.0109133
0.000209842
0.0109262
0.000217926
0.0109383
0.000240521
0.010951
0.000252167
0.0109614
0.000277336
0.0109738
0.000295692
0.0109828
0.000322519
0.0109953
0.0003493
0.0110035
0.000377659
0.0110162
0.000414343
0.0110244
0.000444397
0.0110371
0.000490915
0.0110455
0.000525206
0.0110587
0.000578731
0.0110657
0.000621254
0.0110782
0.000679392
0.0110808
0.000732786
0.0110888
0.000794996
0.0110832
0.000861022
0.0110809
0.000926904
0.0110615
0.001009
0.0110406
0.0010805
0.0110008
0.0011844
0.0109556
0.00126782
0.010892
0.00139866
0.01082
0.00150383
0.0107354
0.00166444
0.0106414
0.00179596
0.0105322
0.0019749
0.0103888
0.00211927
0.0101968
0.00229425
0.0099291
0.00243277
0.00959066
0.00258589
0.00921196
0.00270206
0.00279742
0.00871038
0.0100025
5.40892e-06
0.0100092
1.65627e-05
0.0100205
2.69773e-05
0.010035
3.65323e-05
0.0100525
4.48417e-05
0.0100708
5.05206e-05
0.0100903
5.55308e-05
0.0101099
5.80055e-05
0.0101301
6.07832e-05
0.0101505
6.18847e-05
0.0101717
6.38714e-05
0.0101934
6.52198e-05
0.0102157
6.71706e-05
0.0102383
6.87639e-05
0.0102611
7.02037e-05
0.0102841
7.18042e-05
0.0103073
7.24609e-05
0.0103304
7.41873e-05
0.0103538
7.41675e-05
0.0103769
7.63971e-05
0.0104005
7.58949e-05
0.0104235
7.87283e-05
0.0104473
7.78744e-05
0.0104701
8.12602e-05
0.0104937
8.03478e-05
0.0105164
8.39352e-05
0.0105397
8.34473e-05
0.0105621
8.68096e-05
0.010585
8.73668e-05
0.010607
9.01299e-05
0.0106291
9.23679e-05
0.0106509
9.41181e-05
0.0106719
9.88118e-05
0.0106937
9.90974e-05
0.0107131
0.000106809
0.010735
0.000105873
0.0107526
0.000116228
0.0107744
0.00011539
0.0107905
0.00012735
0.0108117
0.000128017
0.0108266
0.000141208
0.010847
0.000144077
0.0108606
0.00015848
0.01088
0.000164944
0.0108929
0.000179154
0.0109106
0.000192175
0.0109241
0.000204403
0.0109389
0.000225723
0.0109541
0.000236996
0.0109659
0.000265529
0.0109831
0.000278451
0.0109921
0.000313601
0.0110122
0.000329131
0.0110184
0.000371528
0.0110415
0.000391238
0.0110466
0.000439234
0.0110706
0.000466899
0.0110775
0.000518309
0.0110998
0.000556469
0.0111098
0.0006113
0.0111274
0.00066173
0.0111404
0.000719779
0.0111502
0.000785193
0.0111648
0.000846436
0.0111625
0.000929183
0.0111749
0.000996672
0.0111557
0.00109968
0.0111611
0.001179
0.0111235
0.00130542
0.0111159
0.00140625
0.011064
0.00155575
0.0110403
0.00168807
0.0109779
0.00185842
0.0109299
0.00202284
0.0108372
0.00221203
0.0107338
0.00239757
0.0105777
0.00258891
0.0103814
0.00278222
0.0101321
0.00295137
0.0031517
0.00977779
0.0100023
3.12114e-06
0.0100077
1.1157e-05
0.0100178
1.68981e-05
0.0100301
2.41762e-05
0.0100463
2.86444e-05
0.010063
3.38246e-05
0.0100823
3.62626e-05
0.010101
3.92725e-05
0.0101215
4.02913e-05
0.0101413
4.20542e-05
0.0101626
4.2644e-05
0.0101836
4.41913e-05
0.0102057
4.50494e-05
0.0102279
4.65724e-05
0.0102506
4.75634e-05
0.0102736
4.87792e-05
0.0102964
4.96681e-05
0.01032
5.05978e-05
0.0103427
5.14663e-05
0.0103666
5.24785e-05
0.0103892
5.32361e-05
0.0104133
5.46978e-05
0.010436
5.51787e-05
0.0104598
5.73806e-05
0.0104826
5.76003e-05
0.0105061
6.03871e-05
0.0105289
6.07291e-05
0.010552
6.37083e-05
0.0105745
6.48006e-05
0.0105971
6.76056e-05
0.0106194
7.00613e-05
0.0106412
7.22732e-05
0.0106631
7.69611e-05
0.0106843
7.78404e-05
0.0107053
8.57718e-05
0.0107262
8.50658e-05
0.0107462
9.62043e-05
0.0107664
9.51554e-05
0.0107856
0.000108185
0.010805
0.000108624
0.0108233
0.000122832
0.010842
0.000125451
0.0108594
0.000141074
0.0108774
0.000146971
0.0108941
0.000162367
0.0109107
0.00017558
0.0109284
0.000186776
0.0109423
0.000211771
0.0109621
0.000217206
0.0109734
0.000254271
0.0109951
0.00025671
0.0110051
0.000303626
0.011028
0.000306189
0.011038
0.000361547
0.0110618
0.000367407
0.0110731
0.000427996
0.0110965
0.000443483
0.011111
0.000503832
0.0111319
0.000535524
0.0111505
0.000592677
0.0111678
0.000644498
0.0111899
0.000697653
0.0112022
0.000772916
0.0112255
0.000823068
0.0112317
0.000923043
0.0112509
0.000977441
0.0112515
0.00109903
0.0112599
0.00117061
0.0112552
0.00131015
0.0112505
0.00141097
0.0112367
0.00156954
0.0112215
0.00170327
0.0111919
0.00188801
0.0111618
0.00205294
0.0111051
0.00226875
0.0110447
0.00245799
0.0109366
0.00269699
0.0108238
0.00289502
0.0106225
0.00315263
0.00336351
0.0104107
0.0100022
9.20228e-07
0.0100069
6.41061e-06
0.0100163
7.59446e-06
0.0100275
1.29688e-05
0.0100427
1.34503e-05
0.0100585
1.79399e-05
0.0100772
1.76009e-05
0.0100957
2.0778e-05
0.0101159
2.0042e-05
0.0101358
2.21526e-05
0.0101568
2.17164e-05
0.0101778
2.31598e-05
0.0101995
2.33904e-05
0.0102217
2.4357e-05
0.0102439
2.53043e-05
0.0102671
2.55983e-05
0.0102896
2.71473e-05
0.0103134
2.67918e-05
0.010336
2.89481e-05
0.0103601
2.8365e-05
0.0103826
3.06876e-05
0.0104068
3.05257e-05
0.0104295
3.25131e-05
0.0104535
3.33482e-05
0.0104762
3.48475e-05
0.0105001
3.6579e-05
0.0105228
3.80322e-05
0.0105462
4.02171e-05
0.0105688
4.22416e-05
0.0105918
4.46505e-05
0.0106142
4.76093e-05
0.0106364
5.00955e-05
0.0106587
5.46436e-05
0.0106801
5.64656e-05
0.010702
6.38594e-05
0.0107228
6.43047e-05
0.010744
7.49616e-05
0.0107641
7.50447e-05
0.0107849
8.73951e-05
0.0108039
8.96346e-05
0.0108247
0.000102062
0.0108424
0.000107727
0.0108629
0.000120564
0.0108801
0.00012976
0.0108997
0.000142791
0.010917
0.000158304
0.0109359
0.000167867
0.0109529
0.000194759
0.0109719
0.000198192
0.010989
0.000237196
0.0110077
0.000238003
0.0110264
0.000284903
0.0110441
0.000288521
0.0110652
0.000340394
0.0110827
0.000349899
0.0111055
0.000405179
0.0111243
0.000424717
0.0111478
0.000480307
0.0111689
0.000514495
0.0111917
0.00056981
0.0112165
0.000619757
0.0112363
0.000677825
0.0112655
0.000743728
0.0112802
0.00080837
0.0113115
0.000891752
0.0113216
0.000967319
0.011349
0.00107165
0.0113571
0.0011625
0.0113745
0.00129272
0.0113799
0.00140558
0.0113862
0.00156322
0.0113826
0.00170693
0.0113733
0.00189732
0.0113572
0.00206899
0.011322
0.00230397
0.0112829
0.00249713
0.0112101
0.00276979
0.0111173
0.00298783
0.0109778
0.00329204
0.00353032
0.010811
0.0100021
-1.13353e-06
0.0100067
1.72411e-06
0.0100154
-1.0786e-06
0.0100265
1.92295e-06
0.0100408
-8.78196e-07
0.0100567
2.01997e-06
0.0100746
-2.98725e-07
0.0100934
1.94458e-06
0.0101131
3.90183e-07
0.0101335
1.75548e-06
0.0101539
1.31177e-06
0.0101754
1.69359e-06
0.0101965
2.29952e-06
0.010219
1.82329e-06
0.0102408
3.45185e-06
0.0102643
2.17176e-06
0.0102866
4.82704e-06
0.0103106
2.81806e-06
0.010333
6.51509e-06
0.0103573
4.04024e-06
0.0103797
8.27055e-06
0.0104042
6.02388e-06
0.0104267
1.00407e-05
0.0104512
8.89952e-06
0.0104738
1.22389e-05
0.010498
1.23317e-05
0.0105206
1.54175e-05
0.0105447
1.6187e-05
0.010567
1.9858e-05
0.0105908
2.08616e-05
0.0106129
2.55785e-05
0.0106363
2.66611e-05
0.0106579
3.30301e-05
0.010681
3.34126e-05
0.0107019
4.28728e-05
0.0107247
4.15344e-05
0.0107451
5.46244e-05
0.0107672
5.28574e-05
0.0107875
6.71415e-05
0.0108083
6.88236e-05
0.0108292
8.11698e-05
0.0108484
8.85068e-05
0.0108695
9.94545e-05
0.0108885
0.000110757
0.0109082
0.00012315
0.0109289
0.000137542
0.0109462
0.000150612
0.0109689
0.000172035
0.0109851
0.000182054
0.0110088
0.000213445
0.0110249
0.000221864
0.0110501
0.000259739
0.0110663
0.00027234
0.0110932
0.00031346
0.0111108
0.000332302
0.011138
0.000377998
0.0111595
0.000403236
0.0111854
0.000454401
0.0112121
0.00048777
0.0112364
0.00054548
0.011268
0.000588245
0.0112922
0.000653622
0.011325
0.000710925
0.0113523
0.000781047
0.0113818
0.000862207
0.0114134
0.000935766
0.0114375
0.00104756
0.0114718
0.00112815
0.0114882
0.00127632
0.0115238
0.00137
0.0115288
0.00155822
0.0115575
0.00167824
0.0115551
0.00189967
0.0115568
0.00206731
0.011548
0.00231276
0.011514
0.00253115
0.0114745
0.00280933
0.0113898
0.00307248
0.0113002
0.00338166
0.00369358
0.0111369
0.0100019
-3.08017e-06
0.0100069
-3.20655e-06
0.0100153
-9.51064e-06
0.0100267
-9.46346e-06
0.0100407
-1.48361e-05
0.010057
-1.43518e-05
0.0100745
-1.77509e-05
0.0100938
-1.74147e-05
0.010113
-1.87791e-05
0.0101339
-1.9173e-05
0.0101539
-1.86684e-05
0.0101758
-2.01981e-05
0.0101966
-1.85165e-05
0.0102194
-2.09643e-05
0.0102412
-1.83269e-05
0.0102647
-2.13193e-05
0.0102871
-1.76152e-05
0.010311
-2.10799e-05
0.0103337
-1.61941e-05
0.0103579
-2.01217e-05
0.0103807
-1.45722e-05
0.010405
-1.822e-05
0.010428
-1.30088e-05
0.0104521
-1.52117e-05
0.0104755
-1.10936e-05
0.0104993
-1.15318e-05
0.0105228
-8.04215e-06
0.0105464
-7.43188e-06
0.0105698
-3.48884e-06
0.0105931
-2.47505e-06
0.0106163
2.38084e-06
0.0106391
3.85156e-06
0.0106623
9.8042e-06
0.0106844
1.13843e-05
0.0107075
1.96817e-05
0.010729
2.00798e-05
0.0107517
3.18892e-05
0.0107731
3.15394e-05
0.0107951
4.50593e-05
0.0108161
4.78569e-05
0.0108382
5.91234e-05
0.0108582
6.84831e-05
0.0108807
7.69442e-05
0.0108999
9.1507e-05
0.0109224
0.000100702
0.0109422
0.000117696
0.0109636
0.00012926
0.0109851
0.00015048
0.0110057
0.00016153
0.0110285
0.000190599
0.0110496
0.000200765
0.0110735
0.000235809
0.0110954
0.000250516
0.0111217
0.000287102
0.0111441
0.00030997
0.0111731
0.000348905
0.011197
0.000379382
0.0112291
0.000422265
0.0112539
0.000462993
0.0112913
0.000508125
0.011316
0.000563521
0.0113581
0.000611542
0.0113851
0.000683918
0.0114289
0.000737177
0.0114597
0.000831419
0.0115047
0.000890805
0.0115381
0.00101413
0.0115828
0.00108344
0.0116194
0.0012398
0.0116578
0.00133152
0.0116979
0.00151811
0.0117255
0.00165073
0.0117569
0.00186822
0.0117734
0.00205075
0.0117839
0.00230236
0.0117699
0.00254511
0.0117548
0.00282446
0.0116873
0.00313994
0.0116194
0.00344959
0.00382222
0.0114907
0.0100019
-4.93448e-06
0.0100073
-8.68115e-06
0.0100159
-1.80754e-05
0.0100282
-2.17302e-05
0.0100422
-2.88443e-05
0.0100595
-3.16851e-05
0.0100767
-3.49728e-05
0.0100969
-3.75657e-05
0.0101156
-3.75231e-05
0.0101371
-4.06641e-05
0.0101568
-3.83652e-05
0.010179
-4.24336e-05
0.0102
-3.9494e-05
0.0102227
-4.36902e-05
0.0102452
-4.07531e-05
0.0102681
-4.42314e-05
0.0102915
-4.10476e-05
0.0103146
-4.41207e-05
0.0103383
-3.99728e-05
0.0103618
-4.35785e-05
0.0103854
-3.82156e-05
0.0104094
-4.22041e-05
0.0104329
-3.646e-05
0.0104572
-3.94947e-05
0.0104806
-3.45771e-05
0.0105049
-3.57553e-05
0.0105285
-3.16887e-05
0.0105524
-3.12997e-05
0.0105762
-2.73377e-05
0.0105995
-2.57097e-05
0.0106237
-2.1852e-05
0.0106459
-1.83876e-05
0.0106707
-1.4964e-05
0.0106919
-9.8483e-06
0.0107169
-5.3249e-06
0.0107377
-6.51548e-07
0.010762
7.51736e-06
0.0107833
1.02727e-05
0.0108063
2.20175e-05
0.0108283
2.59213e-05
0.0108508
3.66425e-05
0.0108721
4.71263e-05
0.0108954
5.36908e-05
0.0109158
7.11207e-05
0.0109395
7.69428e-05
0.0109605
9.67673e-05
0.0109833
0.000106407
0.0110063
0.000127443
0.0110283
0.00013956
0.0110532
0.000165677
0.0110756
0.000178378
0.0111024
0.000209074
0.0111253
0.000227576
0.0111554
0.000256995
0.0111782
0.000287191
0.0112128
0.000314275
0.0112366
0.000355588
0.0112744
0.000384442
0.0113025
0.000434967
0.0113415
0.000469056
0.0113759
0.000529147
0.0114163
0.00057117
0.0114576
0.000642624
0.0114988
0.000695894
0.0115497
0.000780612
0.0115884
0.000852017
0.011653
0.000949609
0.0116868
0.00104957
0.0117612
0.00116539
0.0117972
0.00129561
0.0118683
0.00144699
0.0119073
0.00161165
0.0119721
0.00180351
0.0120003
0.00202252
0.012043
0.00225963
0.0120577
0.00253046
0.0120513
0.00283086
0.0120349
0.0031563
0.0119559
0.00352855
0.0038968
0.0118814
0.0100017
-6.67299e-06
0.010008
-1.49317e-05
0.0100173
-2.7351e-05
0.0100308
-3.52809e-05
0.0100458
-4.38648e-05
0.010064
-4.98522e-05
0.0100819
-5.28996e-05
0.0101023
-5.79329e-05
0.0101215
-5.66988e-05
0.0101428
-6.19785e-05
0.0101631
-5.86753e-05
0.0101851
-6.43982e-05
0.010207
-6.14799e-05
0.0102293
-6.58938e-05
0.0102529
-6.44112e-05
0.0102749
-6.62111e-05
0.0102997
-6.58567e-05
0.0103216
-6.60658e-05
0.0103468
-6.51336e-05
0.0103693
-6.60509e-05
0.0103942
-6.31124e-05
0.0104174
-6.54521e-05
0.010442
-6.09906e-05
0.0104657
-6.32757e-05
0.0104901
-5.89837e-05
0.0105141
-5.97166e-05
0.0105384
-5.60313e-05
0.0105624
-5.52542e-05
0.0105866
-5.15469e-05
0.0106104
-4.94583e-05
0.0106346
-4.61131e-05
0.0106578
-4.15477e-05
0.0106824
-3.95517e-05
0.0107047
-3.22246e-05
0.0107295
-3.01069e-05
0.0107515
-2.26699e-05
0.010776
-1.69005e-05
0.0107983
-1.20463e-05
0.0108216
-1.29694e-06
0.010845
2.48072e-06
0.0108669
1.4799e-05
0.0108915
2.24838e-05
0.0109124
3.28505e-05
0.0109378
4.56699e-05
0.0109584
5.63506e-05
0.0109846
7.05451e-05
0.0110051
8.58982e-05
0.0110326
9.99436e-05
0.0110537
0.000118481
0.0110817
0.000137708
0.0111057
0.000154384
0.0111327
0.00018205
0.0111611
0.000199141
0.0111882
0.000229918
0.0112202
0.000255212
0.0112492
0.000285248
0.0112852
0.000319606
0.0113162
0.000353458
0.0113579
0.000393261
0.0113912
0.000435753
0.0114394
0.000480892
0.0114755
0.000535128
0.0115327
0.000585436
0.0115707
0.00065791
0.0116383
0.000712935
0.0116814
0.000808933
0.0117567
0.000874378
0.0118072
0.000999045
0.0118937
0.00107885
0.0119459
0.00124342
0.0120413
0.00135156
0.0121023
0.00155071
0.0121862
0.00171956
0.0122561
0.00195266
0.0123167
0.00219899
0.0123707
0.00247648
0.0123884
0.0028132
0.0124063
0.00313837
0.0123601
0.00357477
0.00396978
0.0122871
0.010002
-8.65757e-06
0.0100093
-2.22171e-05
0.0100202
-3.83165e-05
0.0100352
-5.02129e-05
0.0100524
-6.10643e-05
0.010071
-6.85328e-05
0.0100905
-7.2389e-05
0.0101106
-7.79529e-05
0.0101306
-7.67364e-05
0.0101517
-8.30882e-05
0.0101726
-7.9576e-05
0.0101951
-8.68731e-05
0.0102174
-8.37564e-05
0.0102402
-8.87218e-05
0.010264
-8.82173e-05
0.0102862
-8.84268e-05
0.0103115
-9.11495e-05
0.010333
-8.76059e-05
0.0103593
-9.14422e-05
0.0103808
-8.75133e-05
0.0104074
-8.97063e-05
0.0104294
-8.7405e-05
0.0104557
-8.73043e-05
0.0104784
-8.60389e-05
0.010504
-8.45866e-05
0.0105279
-8.36213e-05
0.0105523
-8.03904e-05
0.0105776
-8.05142e-05
0.0106006
-7.45698e-05
0.0106267
-7.55255e-05
0.0106492
-6.8681e-05
0.0106749
-6.71953e-05
0.0106981
-6.27447e-05
0.0107225
-5.67143e-05
0.0107465
-5.40954e-05
0.0107703
-4.64156e-05
0.0107943
-4.0954e-05
0.0108182
-3.59044e-05
0.0108415
-2.46078e-05
0.0108663
-2.2364e-05
0.0108882
-7.05178e-06
0.0109146
-3.8902e-06
0.0109355
1.18965e-05
0.0109624
1.88208e-05
0.0109843
3.44236e-05
0.0110103
4.45368e-05
0.0110345
6.17132e-05
0.01106
7.44014e-05
0.0110859
9.26113e-05
0.0111122
0.000111383
0.0111404
0.00012617
0.0111669
0.000155589
0.0111993
0.000166771
0.0112269
0.000202327
0.0112612
0.00022087
0.0112949
0.000251536
0.0113286
0.000285895
0.0113697
0.000312398
0.0114067
0.000356254
0.0114517
0.000390718
0.0114966
0.000436065
0.0115454
0.00048631
0.0115992
0.000531625
0.0116544
0.000602726
0.0117169
0.000650403
0.011783
0.000742788
0.0118534
0.000804064
0.0119354
0.00091701
0.0120129
0.00100136
0.0121116
0.0011447
0.0122006
0.00126252
0.0123111
0.00144028
0.0124039
0.00162673
0.0125239
0.00183266
0.0126076
0.00211529
0.0127062
0.00237793
0.0127726
0.0027468
0.0128083
0.00310267
0.0128192
0.00356386
0.00403161
0.0127573
0.0100027
-1.13323e-05
0.0100118
-3.13884e-05
0.0100255
-5.2001e-05
0.010043
-6.76432e-05
0.0100626
-8.0695e-05
0.0100823
-8.82815e-05
0.0101028
-9.28571e-05
0.010123
-9.81752e-05
0.0101433
-9.7022e-05
0.0101652
-0.000105011
0.0101861
-0.000100423
0.0102103
-0.000111094
0.0102316
-0.000105085
0.0102567
-0.000113816
0.0102789
-0.000110361
0.0103035
-0.000113011
0.0103269
-0.000114614
0.0103507
-0.000111354
0.0103754
-0.000116201
0.0103988
-0.000110873
0.0104243
-0.000115211
0.0104477
-0.000110773
0.0104735
-0.000113095
0.0104971
-0.000109647
0.0105226
-0.00011017
0.0105471
-0.000108104
0.0105714
-0.000104679
0.0105978
-0.000106862
0.01062
-9.68087e-05
0.010648
-0.000103569
0.0106693
-8.99112e-05
0.0106971
-9.50288e-05
0.0107194
-8.50433e-05
0.0107453
-8.26386e-05
0.0107696
-7.83211e-05
0.0107936
-7.04781e-05
0.0108191
-6.64648e-05
0.0108422
-5.89946e-05
0.0108682
-5.05848e-05
0.0108911
-4.53116e-05
0.0109169
-3.28545e-05
0.0109406
-2.75072e-05
0.0109657
-1.32061e-05
0.0109906
-6.06858e-06
0.0110153
9.67155e-06
0.0110417
1.81192e-05
0.011066
3.73904e-05
0.0110955
4.49839e-05
0.0111178
7.02393e-05
0.0111526
7.66273e-05
0.0111726
0.000106188
0.0112126
0.000115599
0.0112336
0.000145784
0.0112755
0.00016043
0.0113014
0.000194889
0.0113449
0.000208024
0.0113762
0.000254645
0.011423
0.000265634
0.0114618
0.000317394
0.0115105
0.000342008
0.0115597
0.000386916
0.0116135
0.000432448
0.0116704
0.000474774
0.0117359
0.000537183
0.0117991
0.000587258
0.0118835
0.000658329
0.0119484
0.000739239
0.0120625
0.000802867
0.012134
0.000929896
0.0122675
0.00101112
0.0123649
0.00116514
0.0125103
0.00129495
0.0126389
0.00149809
0.0127798
0.00169177
0.0129374
0.00195768
0.0130515
0.00226387
0.013197
0.00260122
0.0132728
0.00302689
0.0133384
0.0034983
0.00405954
0.0133105
0.0100041
-1.54819e-05
0.0100166
-4.38103e-05
0.010035
-7.04476e-05
0.0100561
-8.8773e-05
0.0100784
-0.000102985
0.0100989
-0.000108781
0.0101201
-0.000114032
0.0101403
-0.000118386
0.0101617
-0.000118417
0.0101843
-0.000127599
0.0102061
-0.000122241
0.0102313
-0.000136261
0.0102527
-0.000126479
0.0102792
-0.000140374
0.0103002
-0.000131293
0.010327
-0.000139849
0.0103484
-0.000135972
0.0103749
-0.000137921
0.0103975
-0.000138714
0.0104233
-0.000136717
0.0104475
-0.000139404
0.0104718
-0.00013508
0.0104983
-0.000139589
0.0105205
-0.000131809
0.0105491
-0.000138834
0.01057
-0.000128993
0.0105989
-0.000133585
0.0106209
-0.000128872
0.0106477
-0.000123602
0.0106722
-0.000128065
0.0106968
-0.000114553
0.0107224
-0.000120556
0.0107471
-0.000109728
0.0107715
-0.00010703
0.0107975
-0.000104415
0.0108203
-9.32519e-05
0.0108477
-9.3867e-05
0.0108691
-8.03414e-05
0.0108978
-7.93331e-05
0.0109178
-6.53288e-05
0.0109475
-6.25139e-05
0.0109676
-4.76198e-05
0.0109965
-4.21107e-05
0.0110192
-2.88024e-05
0.0110458
-1.68639e-05
0.0110725
-8.58605e-06
0.0110972
1.26908e-05
0.0111268
1.53864e-05
0.0111521
4.49018e-05
0.0111836
4.51824e-05
0.0112115
7.82273e-05
0.0112431
8.40443e-05
0.0112786
0.000110267
0.0113049
0.000134152
0.0113537
0.000146056
0.0113763
0.000185416
0.0114315
0.000199505
0.0114643
0.000232755
0.0115158
0.000265921
0.0115653
0.000292558
0.0116168
0.000335383
0.011679
0.000370288
0.0117385
0.000415204
0.0118085
0.000467184
0.0118869
0.0005089
0.0119646
0.000580639
0.012059
0.000644781
0.0121645
0.000697429
0.0122663
0.000828095
0.0123971
0.000880317
0.0125475
0.00101474
0.0126753
0.00116716
0.0128874
0.00128593
0.0130387
0.00154046
0.0132622
0.00173423
0.0134494
0.00207664
0.0136392
0.00241148
0.0137923
0.00287374
0.0139457
0.00334487
0.00403232
0.013973
0.0100071
-2.26166e-05
0.0100269
-6.357e-05
0.010052
-9.5586e-05
0.0100773
-0.000114075
0.0101008
-0.000126435
0.0101229
-0.000130939
0.0101441
-0.000135153
0.0101652
-0.000139502
0.0101878
-0.000140988
0.010211
-0.000150804
0.0102351
-0.000146395
0.0102593
-0.000160404
0.0102831
-0.000150296
0.0103075
-0.000164785
0.0103303
-0.000154161
0.0103555
-0.000165024
0.0103776
-0.000158032
0.0104038
-0.000164109
0.0104254
-0.00016033
0.010452
-0.000163291
0.010474
-0.000161424
0.0104995
-0.000160608
0.0105232
-0.000163264
0.0105464
-0.000155051
0.0105722
-0.000164636
0.0105934
-0.000150125
0.01062
-0.000160256
0.010641
-0.00014982
0.0106663
-0.000148884
0.010689
-0.000150838
0.0107115
-0.000136979
0.0107367
-0.000145795
0.0107562
-0.000129251
0.0107836
-0.00013437
0.0108007
-0.000121571
0.0108295
-0.000121999
0.0108453
-0.000109682
0.0108741
-0.000109151
0.0108905
-9.57499e-05
0.0109177
-9.25012e-05
0.0109362
-8.1057e-05
0.0109619
-7.3255e-05
0.0109817
-6.19668e-05
0.0110083
-5.53557e-05
0.0110275
-3.60987e-05
0.0110572
-3.82713e-05
0.0110758
-5.96014e-06
0.0111073
-1.60963e-05
0.0111294
2.27888e-05
0.0111625
1.2102e-05
0.0111864
5.43814e-05
0.0112253
4.51438e-05
0.0112486
8.69778e-05
0.0112947
8.7988e-05
0.0113199
0.000120828
0.011375
0.000130402
0.0113987
0.000175798
0.0114725
0.000158908
0.0114863
0.000252119
0.0115875
0.000191375
0.0115928
0.000330115
0.0117184
0.000244607
0.0117279
0.000405767
0.0118608
0.000334295
0.011911
0.000458665
0.012011
0.000480625
0.0121385
0.000517267
0.0122295
0.000606454
0.0123635
0.000694141
0.01253
0.00071379
0.0126576
0.000887139
0.0128688
0.000955954
0.013075
0.00107972
0.0133028
0.00131264
0.013591
0.00144607
0.0138571
0.00181056
0.0141649
0.00210362
0.0143714
0.00266723
0.0146401
0.00307617
0.00392652
0.0147459
0.0100145
-3.70851e-05
0.0100441
-9.32427e-05
0.010078
-0.000129464
0.010108
-0.000144073
0.010132
-0.000150384
0.0101532
-0.000152186
0.0101742
-0.000156181
0.0101958
-0.000161097
0.0102203
-0.000165447
0.0102411
-0.000171607
0.0102672
-0.000172461
0.0102843
-0.00017753
0.0103102
-0.000176223
0.0103245
-0.000179086
0.0103493
-0.000178989
0.0103632
-0.000178882
0.0103857
-0.00018055
0.0104003
-0.000178714
0.01042
-0.000180005
0.0104352
-0.000178471
0.0104522
-0.000178461
0.0104675
-0.000175896
0.0104822
-0.000177912
0.0104973
-0.00017015
0.01051
-0.000177369
0.0105237
-0.000163839
0.0105364
-0.000173003
0.0105465
-0.000159856
0.0105616
-0.000164021
0.0105668
-0.000155988
0.0105844
-0.000154575
0.0105864
-0.0001478
0.010604
-0.00014687
0.0106059
-0.000136276
0.0106213
-0.000136994
0.0106247
-0.0001254
0.0106381
-0.000123071
0.0106423
-0.000113326
0.010656
-0.0001095
0.0106591
-9.55433e-05
0.010676
-9.7993e-05
0.0106768
-7.40097e-05
0.0106985
-8.36698e-05
0.010697
-5.38965e-05
0.0107244
-6.3453e-05
0.0107206
-3.45444e-05
0.0107558
-4.11232e-05
0.0107515
-1.176e-05
0.0107935
-1.92697e-05
0.0107917
1.3902e-05
0.0108389
7.19865e-06
0.0108438
4.02795e-05
0.0108937
3.70855e-05
0.010908
7.36249e-05
0.0109661
6.27156e-05
0.0109825
0.000114076
0.0110615
9.67953e-05
0.0110761
0.000144254
0.0111676
0.000160658
0.0112063
0.00015268
0.0112887
0.000247643
0.0113587
0.000174616
0.0114543
0.000310199
0.0115354
0.000253209
0.0116575
0.000336595
0.0117557
0.000382413
0.011933
0.000339954
0.0120017
0.000537763
0.0122697
0.000426098
0.0123574
0.000626137
0.0126256
0.000618952
0.0128241
0.000757372
0.0131211
0.000782812
0.0133902
0.00104346
0.013819
0.00101731
0.0141911
0.00143842
0.0147096
0.00158512
0.0151877
0.00218916
0.0155193
0.00274455
0.00360426
0.0158416
0.0100355
-7.26165e-05
0.01008
-0.000137683
0.0101108
-0.000160264
0.0101277
-0.000161027
0.010136
-0.000158685
0.0101439
-0.000160057
0.0101502
-0.000162472
0.0101542
-0.000165086
0.0101555
-0.000166807
0.0101514
-0.000167418
0.0101463
-0.000167459
0.0101341
-0.000165289
0.0101238
-0.000165965
0.0101059
-0.000161184
0.0100912
-0.000164213
0.0100692
-0.000156939
0.0100501
-0.000161398
0.0100245
-0.000153126
0.0100015
-0.000157036
0.00997249
-0.000149442
0.00994591
-0.000151879
0.00991473
-0.00014472
0.00988378
-0.000146965
0.00985221
-0.000138576
0.00981661
-0.000141773
0.00978473
-0.000131955
0.00974675
-0.000135024
0.00971252
-0.000125623
0.00967553
-0.000127032
0.00963757
-0.000118024
0.00960297
-0.000119985
0.00956258
-0.000107407
0.00952975
-0.000114039
0.00948895
-9.54774e-05
0.00945788
-0.00010592
0.00941771
-8.52301e-05
0.00938892
-9.42853e-05
0.00935108
-7.54829e-05
0.00932421
-8.26257e-05
0.00929089
-6.22239e-05
0.00926679
-7.3892e-05
0.00923795
-4.51766e-05
0.0092196
-6.53209e-05
0.00919493
-2.92216e-05
0.00918353
-5.20578e-05
0.00916593
-1.6942e-05
0.00916042
-3.5615e-05
0.00915154
-2.88031e-06
0.00915338
-2.11045e-05
0.00915337
1.39066e-05
0.00916761
-7.03491e-06
0.00917482
3.30619e-05
0.00920296
8.94454e-06
0.00922849
4.81017e-05
0.00925635
3.48535e-05
0.00931102
5.94106e-05
0.00934948
5.83331e-05
0.00941327
8.04651e-05
0.00948085
9.30764e-05
0.00955947
7.40524e-05
0.00964361
0.000163512
0.00974567
7.25506e-05
0.00984674
0.000209126
0.0100214
7.85173e-05
0.0100334
0.000324617
0.0103922
2.36448e-05
0.0103566
0.000375501
0.0107191
0.000175305
0.0108432
0.000302033
0.011182
0.000287276
0.0113307
0.000470274
0.0119176
0.000170457
0.0119217
0.00077872
0.012756
0.00020919
0.0128294
0.000943852
0.0138824
0.00038542
0.0141417
0.00132584
0.0155542
0.000776685
0.0159862
0.00231257
0.00224224
0.0173482
0.00992738
0.0097897
0.00962944
0.00946841
0.00930972
0.00914967
0.00898719
0.00882211
0.0086553
0.00848788
0.00832042
0.00815514
0.00798917
0.00782799
0.00766377
0.00750684
0.00734544
0.00719231
0.00703528
0.00688583
0.00673395
0.00658923
0.00644227
0.00630369
0.00616192
0.00602997
0.00589494
0.00576932
0.00564229
0.00552426
0.00540428
0.00529687
0.00518283
0.00508735
0.00498143
0.0048962
0.00480192
0.00472643
0.00464381
0.00458159
0.00450769
0.00446252
0.0043972
0.00436797
0.00431592
0.00429897
0.00426336
0.00426048
0.00423937
0.00425328
0.00424625
0.00427931
0.00428825
0.00433635
0.00437121
0.00443062
0.00448895
0.00456942
0.00466249
0.00473655
0.00490006
0.00497261
0.00518173
0.00526025
0.00558487
0.00560851
0.00598402
0.00615932
0.00646135
0.00674863
0.0072189
0.00738936
0.00816808
0.00837727
0.00932112
0.00970654
0.0110324
0.0118091
0.0141216
0.0163639
-9.57092e-05
-7.55151e-05
9.7877e-05
-0.000193586
0.000229912
-0.000132035
0.000380997
-0.000151085
0.000490661
-0.000109664
0.000529056
-3.83956e-05
0.000482614
4.6442e-05
0.00037342
0.000109194
0.000262393
0.000111027
2.46291e-05
0.000237764
-0.00053625
0.000560879
-0.00132526
0.000789006
-0.00196051
0.000635255
-0.00243537
0.000474855
-0.00275188
0.000316516
-0.00278172
2.98391e-05
-0.00262047
-0.000161251
-0.00209081
-0.000529661
-0.00125215
-0.000838658
-0.00125215
-0.000174712
-0.000361472
0.000126189
-0.000494486
0.000275643
-0.000281489
0.000324977
-0.000200419
0.000374424
-0.000159111
0.00041852
-8.24915e-05
0.000389439
7.5523e-05
0.000173918
0.000324715
-0.000305644
0.000590589
-0.00104675
0.000978866
-0.0018303
0.00134444
-0.00239515
0.00135386
-0.00280048
0.00104058
-0.00312722
0.000801599
-0.0032774
0.000466697
-0.00325151
3.94751e-06
-0.00297731
-0.00043545
-0.00223147
-0.0012755
-0.00114465
-0.00192547
-0.0023968
-0.000650507
-7.1465e-05
-0.000548878
-0.000596116
-0.000147242
-0.000683124
0.000197574
-0.000545235
0.000346731
-0.000308268
0.00021037
5.38692e-05
-3.15515e-05
0.000317444
-0.000342878
0.000636041
-0.000822189
0.0010699
-0.00147834
0.00163502
-0.00201313
0.00187922
-0.00233165
0.00167238
-0.00258737
0.00129629
-0.00272754
0.000941777
-0.00269473
0.000433884
-0.00257457
-0.000116215
-0.0021766
-0.000833418
-0.00147258
-0.00197952
-0.00064385
-0.0027542
-0.00304065
0.00196267
0.00142453
0.000529574
0.000836979
-0.000320303
0.000166753
-0.00044904
-0.000416498
-0.000110223
-0.000647084
8.31249e-05
-0.000139479
-6.32941e-05
0.000463863
-0.000530007
0.00110275
-0.00104054
0.00158043
-0.00142054
0.00201502
-0.00166266
0.00212134
-0.00186301
0.00187273
-0.00201132
0.0014446
-0.0019136
0.000844053
-0.00167133
0.000191613
-0.00142943
-0.000358109
-0.00102172
-0.00124113
-0.000625913
-0.00237533
-0.000367864
-0.00301225
-0.00340852
0.00591933
0.00219254
0.00476675
0.00198956
0.00300567
0.00192783
0.00113012
0.00145906
-0.000163258
0.00064629
-0.000488027
0.000185289
-0.000248573
0.000224409
-0.000153451
0.00100763
-0.000385348
0.00181233
-0.000787853
0.00241753
-0.00113153
0.00246502
-0.00128412
0.00202532
-0.00125295
0.00141343
-0.000959847
0.000550951
-0.000725353
-4.28811e-05
-0.000611773
-0.000471689
-0.000279728
-0.00157318
-0.000170973
-0.00248408
-0.000252177
-0.00293105
-0.00366069
0.00806022
0.0028427
0.007136
0.00291378
0.00618221
0.00288162
0.00488642
0.00275485
0.00289333
0.00263938
0.000901598
0.00217702
-0.000324615
0.00145062
-0.000429793
0.00111281
1.81241e-05
0.00136441
0.000250679
0.00218497
0.00017438
0.00254132
2.24077e-05
0.00217729
-0.000110713
0.00154655
-3.98976e-05
0.000480135
6.89384e-05
-0.000151717
0.00010359
-0.000506341
0.000194046
-0.00166363
-4.49919e-05
-0.00224504
-0.000159259
-0.00281678
-0.00381995
0.00932342
0.00329706
0.00874651
0.00349069
0.00805405
0.00357408
0.00710175
0.00370715
0.00594952
0.00379161
0.00441564
0.0037109
0.00248294
0.00338333
0.000746256
0.00284949
-0.000138885
0.00224955
-8.0067e-05
0.00212616
0.000274072
0.00218718
0.000345962
0.0021054
0.000361417
0.0015311
0.000561002
0.00028055
0.000770431
-0.000361146
0.000688869
-0.00042478
0.000235331
-0.0012101
-0.000293394
-0.00171632
-0.000229894
-0.00288028
-0.00404984
0.010074
0.00363381
0.00972548
0.00383917
0.00919172
0.00410784
0.00859206
0.00430681
0.00783676
0.0045469
0.00687495
0.00467271
0.00555658
0.0047017
0.00396426
0.00444181
0.00225743
0.00395639
0.00106081
0.00332278
0.000532186
0.0027158
0.0004759
0.00216168
0.00049461
0.00151239
0.000464544
0.000310615
0.000386871
-0.000283473
0.000312499
-0.000350407
0.000161843
-0.00105944
0.000124993
-0.00167947
0.000314288
-0.00306958
-0.00373556
0.0105809
0.00386399
0.0103037
0.00411636
0.00995779
0.00445373
0.00952244
0.00474216
0.00902645
0.0050429
0.00840842
0.00529073
0.00762618
0.00548395
0.00660716
0.00546083
0.00534907
0.00521447
0.00404297
0.00462888
0.00277192
0.00398685
0.00197944
0.00295417
0.00187054
0.00162128
0.00208827
9.28855e-05
0.00214762
-0.000342823
0.00183892
-4.17083e-05
0.0015441
-0.00076462
0.00165943
-0.0017948
0.00124426
-0.00265441
-0.0024913
0.0109879
0.00401302
0.0107305
0.0043738
0.0104832
0.00470102
0.0101599
0.0050654
0.00980653
0.00539631
0.00937623
0.00572103
0.00888994
0.00597024
0.00824716
0.00610362
0.00743869
0.00602293
0.00652077
0.0055468
0.0057547
0.00475292
0.00505645
0.00365242
0.00467496
0.00200277
0.00484668
-7.88308e-05
0.00458862
-8.47603e-05
0.00426602
0.000280891
0.00386312
-0.00036172
0.00322634
-0.00115802
0.0020398
-0.00146787
-0.000451497
0.0113354
0.00416834
0.0111484
0.00456083
0.0109038
0.00494558
0.0106385
0.00533072
0.0103339
0.00570086
0.0100194
0.0060356
0.00966974
0.00631987
0.0092735
0.00649985
0.00871286
0.00658358
0.00763662
0.00662304
0.00611476
0.00627478
0.00384091
0.00592627
0.000631325
0.00521236
-0.00257383
0.00312633
-0.00432713
0.00166854
-0.00443553
0.000389288
-0.00344281
-0.00135444
-0.00259263
-0.00200821
-0.00148682
-0.00257367
-0.00193832
0.0117163
0.00433342
0.011545
0.00473209
0.0113154
0.00517519
0.0110566
0.00558951
0.0107618
0.00599575
0.0104168
0.00638051
0.0100647
0.00667199
0.00967874
0.00688583
0.00935193
0.00691038
0.00899457
0.0069804
0.00851337
0.00675598
0.00835448
0.00608515
0.00824009
0.00532675
0.00697827
0.00438815
0.00553374
0.00311307
0.00453842
0.0013846
0.00394302
-0.000759037
0.0030326
-0.00109779
0.00127517
-0.000816234
-0.000663151
0.0121614
0.00445912
0.0119674
0.00492606
0.0117287
0.00541387
0.0114454
0.00587284
0.0111335
0.00630761
0.0107971
0.00671695
0.0103874
0.00708167
0.00983848
0.00743478
0.00918578
0.00756309
0.00859608
0.00757011
0.00763043
0.00772163
0.00628598
0.00742961
0.005065
0.00654772
0.00405422
0.00539893
0.00320583
0.00396145
0.00251787
0.00207256
0.0017114
4.7426e-05
0.00103861
-0.000424999
0.00069262
-0.00047024
2.94687e-05
0.0126511
0.00456536
0.0124657
0.00511151
0.0121937
0.00568582
0.0118232
0.00624339
0.0114419
0.00668889
0.0110629
0.00709594
0.010828
0.00731654
0.0107831
0.00747968
0.0106287
0.00771749
0.0106741
0.00752474
0.0108113
0.00758437
0.0103134
0.00792751
0.00905518
0.00780599
0.00752885
0.00692526
0.00595135
0.00553896
0.0044452
0.00357871
0.00244
0.00205263
0.0008409
0.0011741
9.96025e-05
0.000271058
0.000129071
0.0132108
0.00466497
0.0130117
0.00531062
0.0127643
0.00593329
0.0123574
0.0066502
0.0117825
0.00726381
0.0111307
0.00774777
0.0102594
0.00818786
0.00943387
0.00830518
0.00846732
0.00868404
0.00740968
0.00858238
0.00713656
0.0078575
0.00753257
0.00753149
0.00794245
0.00739611
0.00756614
0.00730157
0.00634329
0.00676181
0.00459607
0.00532592
0.00277509
0.00387361
0.00150741
0.00244178
0.000602184
0.00117628
0.000731255
0.0139173
0.00472066
0.0136258
0.00560207
0.0132542
0.00630491
0.0128366
0.00706781
0.0124115
0.0076889
0.0122407
0.00791859
0.0121274
0.00830112
0.0120873
0.00834527
0.0119953
0.00877606
0.0111265
0.00945122
0.00956389
0.00942006
0.00818293
0.00891244
0.00745541
0.00812364
0.00702061
0.00773638
0.00631507
0.00746734
0.00504949
0.00659151
0.00348187
0.00544123
0.00206085
0.00386281
0.00091907
0.00231806
0.00165033
0.0147639
0.00470266
0.014563
0.00580303
0.0138658
0.00700205
0.0130421
0.0078915
0.0118832
0.00884781
0.0104904
0.00931142
0.00923593
0.0095556
0.00839948
0.00918172
0.00858498
0.00859055
0.00937804
0.00865817
0.00959955
0.00919855
0.00892967
0.00958233
0.0079208
0.00913251
0.00715025
0.00850693
0.00639734
0.00822024
0.00522985
0.00775901
0.00387908
0.006792
0.00250617
0.00523572
0.00119212
0.0036321
0.00284245
0.015853
0.00469122
0.0155187
0.00613731
0.014895
0.00762577
0.0145103
0.00827618
0.0144694
0.00888872
0.0141257
0.00965519
0.0133906
0.0102906
0.0116574
0.0109149
0.00964193
0.0106061
0.00854541
0.00975468
0.00844783
0.00929613
0.00835652
0.00967364
0.00777075
0.00971828
0.00700818
0.00926949
0.00624173
0.0089867
0.0052909
0.00870984
0.00411663
0.00796627
0.00276682
0.00658553
0.00131999
0.00507893
0.00416244
0.0174891
0.00455033
0.0165638
0.00706254
0.0146215
0.00956816
0.0122583
0.0106394
0.0107726
0.0103743
0.0104465
0.0099813
0.0111836
0.00955353
0.0117866
0.0103119
0.0109815
0.0114112
0.00939098
0.0113452
0.00821343
0.0104737
0.00771647
0.0101706
0.00719237
0.0102424
0.00656397
0.00989789
0.00593121
0.00961946
0.00513462
0.00950642
0.00416849
0.00893241
0.00292243
0.00783158
0.00145372
0.00654764
0.00561616
0.0180813
0.00283291
0.0190622
0.00608161
0.0192592
0.00937121
0.0177251
0.0121734
0.0148557
0.0132438
0.0118315
0.0130055
0.00991747
0.0114675
0.0100509
0.0101785
0.0105428
0.0109192
0.0100251
0.011863
0.00884485
0.0116539
0.00788336
0.0111321
0.00711224
0.0110135
0.00633388
0.0106763
0.00561489
0.0103385
0.004915
0.0102063
0.00398268
0.00986473
0.00282516
0.0089891
0.00142165
0.00795116
0.00703781
0.00596125
-0.00312834
0.0106607
0.00138215
0.014229
0.00580289
0.0160006
0.0104018
0.0156626
0.0135818
0.0140163
0.0146518
0.0114393
0.0140445
0.00948602
0.0121318
0.00934206
0.0110632
0.00937506
0.01183
0.00876747
0.0122615
0.00789485
0.0120047
0.00701615
0.0118922
0.00614587
0.0115465
0.00529964
0.0111847
0.00447663
0.0110293
0.00348604
0.0108553
0.00241563
0.0100595
0.00125948
0.00910731
0.00829728
-0.000246617
-0.00288172
0.0050529
-0.00391737
0.00859441
0.00226138
0.011008
0.0079882
0.0131489
0.0114409
0.0137576
0.0140431
0.0125604
0.0152418
0.0103307
0.0143615
0.0089301
0.0124638
0.00872317
0.0120369
0.00847633
0.0125084
0.00783716
0.0126439
0.00700105
0.0127283
0.0060182
0.0125294
0.00507712
0.0121258
0.00424373
0.0118627
0.00331028
0.0117888
0.00223265
0.0111371
0.00114873
0.0101912
0.00944601
-0.00128451
-0.00159721
-0.00115242
-0.00404946
0.00279438
-0.00168542
0.00559182
0.00519076
0.00894224
0.00809053
0.0117846
0.0112007
0.0124007
0.0146257
0.0111187
0.0156435
0.00935493
0.0142276
0.0084046
0.0129872
0.00797763
0.0129353
0.0074432
0.0131783
0.0067693
0.0134022
0.0059626
0.0133361
0.00505542
0.0130329
0.0041639
0.0127542
0.00320225
0.0127504
0.00214018
0.0121992
0.00100492
0.0113265
0.0104509
-0.000530333
-0.00106688
-0.00274572
-0.00183407
-0.00211691
-0.00231423
0.000432783
0.00264107
0.00239274
0.00613057
0.00715212
0.00644131
0.0109031
0.0108747
0.0114587
0.0150878
0.0100904
0.0155959
0.00865728
0.0144203
0.0078584
0.0137342
0.00732471
0.013712
0.00667381
0.0140531
0.00583041
0.0141795
0.00491545
0.0139479
0.00396807
0.0137016
0.00301996
0.0136985
0.00207321
0.013146
0.0010364
0.0123633
0.0114873
-0.00251797
0.00145109
-0.00426272
-8.9323e-05
-0.00579934
-0.000777611
-0.00364434
0.000486073
-0.00123728
0.00372351
0.000835006
0.00436902
0.00665707
0.00505267
0.0105702
0.0111747
0.0109277
0.0152384
0.00947441
0.0158736
0.00806073
0.0151479
0.00709963
0.0146731
0.00642637
0.0147264
0.00565784
0.014948
0.00476059
0.0148451
0.00385921
0.014603
0.00291179
0.014646
0.00197261
0.0140851
0.000963031
0.0133729
0.0124504
-0.00182493
0.00327602
-0.00394252
0.00202827
-0.00511013
0.000390003
-0.00555098
0.000926915
-0.00201661
0.000189145
0.000425149
0.00192726
0.00258204
0.00289578
0.00771634
0.00604043
0.0104232
0.0125315
0.0101788
0.016118
0.00871768
0.016609
0.00734519
0.0160456
0.0063364
0.0157352
0.00550431
0.0157801
0.00463259
0.0157169
0.00369846
0.0155371
0.00277668
0.0155677
0.00189437
0.0149675
0.000920731
0.0143465
0.0133711
-0.000944187
0.00422021
-0.00189127
0.00297535
-0.00234039
0.000839121
-0.00225702
0.000843544
-0.00106313
-0.00100474
0.00256641
-0.00170229
0.00332599
0.0021362
0.00529841
0.00406801
0.00887243
0.00895747
0.010113
0.0148775
0.00925925
0.0174628
0.00779697
0.0175079
0.00654754
0.0169846
0.0054974
0.0168302
0.00451742
0.0166968
0.00358616
0.0164684
0.00267845
0.0164755
0.00179514
0.0158508
0.000854081
0.0152876
0.0142252
-0.000388129
0.00460834
-0.00069953
0.00328675
-0.000717329
0.00085692
0.00117389
-0.00104768
0.00251056
-0.00234141
0.00483947
-0.0040312
0.00677425
0.000201422
0.00630494
0.00453732
0.00782863
0.00743378
0.0093834
0.0133227
0.00920601
0.0176401
0.00792848
0.0187854
0.00655792
0.0183552
0.00545293
0.0179352
0.00445165
0.0176981
0.0034579
0.0174621
0.00253523
0.0173981
0.00166914
0.0167169
0.000759224
0.0161975
0.0149844
8.8898e-05
0.00451944
0.000341385
0.00303426
0.00105207
0.000146234
0.00282282
-0.00281843
0.00498297
-0.00450156
0.00659724
-0.00564546
0.00854843
-0.00174977
0.00828563
0.00480012
0.00806389
0.00765552
0.00898916
0.0123974
0.00894197
0.0176873
0.00786378
0.0198636
0.00652034
0.0196986
0.00530124
0.0191543
0.00426542
0.018734
0.00332472
0.0184028
0.00243939
0.0182835
0.00159487
0.0175614
0.00070556
0.0170868
0.01569
0.000255784
0.00426365
0.000977649
0.0023124
0.00215018
-0.0010263
0.00379809
-0.00446634
0.00582797
-0.00653144
0.0073661
-0.00718359
0.00869762
-0.00308129
0.00917355
0.0043242
0.00846661
0.00836246
0.00848199
0.012382
0.00836668
0.0178027
0.00746713
0.0207631
0.00620669
0.020959
0.00504405
0.0203169
0.00402601
0.019752
0.00309444
0.0193344
0.00222613
0.0191518
0.00138401
0.0184035
0.000548781
0.017922
0.0162387
0.000326648
0.00393701
0.00120286
0.00143619
0.00232325
-0.00214669
0.00395017
-0.00609326
0.00567422
-0.00825549
0.00712675
-0.00863613
0.00792779
-0.00388233
0.00865953
0.00359246
0.00831838
0.00870361
0.007859
0.0128414
0.00752754
0.0181341
0.00675825
0.0215324
0.00564674
0.0220706
0.00452521
0.0214385
0.0035767
0.0207005
0.0027259
0.0201852
0.00195813
0.0199195
0.00124379
0.0191178
0.000512258
0.0186536
0.016751
0.000411109
0.0035259
0.00114914
0.000698159
0.00211817
-0.00311572
0.00347001
-0.0074451
0.004859
-0.00964448
0.00601344
-0.00979057
0.00651954
-0.00438843
0.00725508
0.00285692
0.00723357
0.00872513
0.00676722
0.0133078
0.00638888
0.0185124
0.0057281
0.0221932
0.00480867
0.02299
0.00385049
0.0223967
0.0030064
0.0215446
0.00227032
0.0209213
0.00159318
0.0205967
0.000931201
0.0197798
0.000281165
0.0193036
0.0170322
0.000549891
0.00297601
0.00116761
8.04362e-05
0.0019119
-0.00386001
0.00272489
-0.00825809
0.00350286
-0.0104224
0.00423639
-0.0105241
0.00471496
-0.004867
0.00539289
0.00217898
0.00557034
0.00854768
0.00523439
0.0136437
0.00488036
0.0188665
0.00441756
0.022656
0.00372958
0.023678
0.00299043
0.0231358
0.00234084
0.0221942
0.00171336
0.0215487
0.00116197
0.0211481
0.000655654
0.0202861
0.000184165
0.0197751
0.0172163
0.000900783
0.00207522
0.00134082
-0.000359596
0.00194154
-0.00446074
0.00254164
-0.00885819
0.0026987
-0.0105795
0.00283867
-0.0106641
0.00336929
-0.00539762
0.0038393
0.00170897
0.0039293
0.00845768
0.00360745
0.0139656
0.00318304
0.0192909
0.0027943
0.0230447
0.00239856
0.0240737
0.00197171
0.0235627
0.0015481
0.0226178
0.00113078
0.0219661
0.000726909
0.0215519
0.000323495
0.0206895
-3.42782e-05
0.0201329
0.0171821
0.00110277
0.000972453
0.00152789
-0.000784716
0.00210092
-0.00503377
0.00247573
-0.00923301
0.00224554
-0.0103493
0.00178415
-0.0102027
0.00202286
-0.00563633
0.00198235
0.00174948
0.00205075
0.00838928
0.00179268
0.0142237
0.001465
0.0196186
0.00127671
0.023233
0.00111468
0.0242357
0.000954661
0.0237227
0.000783468
0.022789
0.000517178
0.0222324
0.000271588
0.0217975
1.14231e-05
0.0209497
-0.000177693
0.020322
0.0170044
0.000975272
-2.81852e-06
0.00154063
-0.00135007
0.00227475
-0.00576789
0.00241096
-0.00936921
0.0019463
-0.00988464
0.000879088
-0.00913547
0.000514501
-0.00527175
0.00041146
0.00185252
0.0002936
0.00850714
-4.79026e-05
0.0145652
-0.000297304
0.019868
-0.000290256
0.023226
-0.000132589
0.0240781
-1.51029e-05
0.0236052
-3.17109e-06
0.0227771
-6.12984e-05
0.0222905
-0.000177765
0.021914
-0.000318194
0.0210901
-0.000356311
0.0203601
0.0166481
0.00136714
-0.00136996
0.00192366
-0.00190659
0.00297216
-0.0068164
0.00288655
-0.0092836
0.00202788
-0.00902598
0.000449961
-0.00755755
-0.000368257
-0.00445353
-0.000914434
0.0023987
-0.0013681
0.00896081
-0.00184007
0.0150371
-0.00201047
0.0200384
-0.00167338
0.0228889
-0.00118896
0.0235937
-0.000787847
0.0232041
-0.000578086
0.0225673
-0.000568176
0.0222806
-0.000543447
0.0218893
-0.000554293
0.021101
-0.000464164
0.02027
0.0161839
0.000919322
-0.00228928
0.0020009
-0.00298817
0.00328333
-0.00809883
0.00303108
-0.00903135
0.00190465
-0.00789955
0.000140273
-0.00579317
-0.00112009
-0.00319316
-0.0020939
0.0033725
-0.00277467
0.00964158
-0.00324696
0.0155094
-0.00322813
0.0200195
-0.00265277
0.0223135
-0.00199627
0.0229372
-0.00145291
0.0226607
-0.00112514
0.0222395
-0.000946629
0.0221021
-0.000854551
0.0217972
-0.000797306
0.0210437
-0.000583006
0.0200557
0.0156009
-0.000249976
-0.00203931
0.00249033
-0.00572847
0.00349357
-0.00910207
0.0028604
-0.00839818
0.00147761
-0.00651675
-0.000306734
-0.00400883
-0.001955
-0.0015449
-0.00300035
0.00441786
-0.00380588
0.0104471
-0.00414676
0.0158503
-0.00383844
0.0197112
-0.0031215
0.0215966
-0.00241777
0.0222334
-0.00181232
0.0220553
-0.00143224
0.0218595
-0.00122881
0.0218986
-0.00103637
0.0216047
-0.000878849
0.0208862
-0.000589246
0.0197661
0.0150116
0.000723688
-0.00276299
0.00349176
-0.00849654
0.00316314
-0.00877345
0.00226272
-0.00749776
0.00104076
-0.00529479
-0.000538394
-0.00242967
-0.00235082
0.000267523
-0.00340247
0.00546952
-0.00432677
0.0113714
-0.00441825
0.0159418
-0.00388739
0.0191803
-0.00320209
0.0209113
-0.00248482
0.0215162
-0.0019314
0.0215018
-0.00156773
0.0214958
-0.00128846
0.0216194
-0.00108824
0.0214045
-0.000943777
0.0207417
-0.000624807
0.0194471
0.0143868
0.00206537
-0.00482837
0.00274306
-0.00917423
0.00243441
-0.0084648
0.00156345
-0.0066268
0.000542757
-0.0042741
-0.000741972
-0.00114494
-0.00248022
0.00200577
-0.0034115
0.00640081
-0.00425577
0.0122157
-0.00415514
0.0158412
-0.00361406
0.0186393
-0.00294421
0.0202414
-0.00230722
0.0208792
-0.0018151
0.0210097
-0.00147356
0.0211542
-0.00126668
0.0214125
-0.00108545
0.0212233
-0.000884875
0.0205412
-0.000510606
0.0190728
0.0138762
0.00201766
-0.00684603
0.00195233
-0.0091089
0.00148002
-0.00799249
0.000851331
-0.00599811
4.99406e-05
-0.00347271
-0.00083236
-0.000262643
-0.00219374
0.00336715
-0.00308472
0.00729178
-0.00363862
0.0127696
-0.00347717
0.0156797
-0.00307198
0.0182341
-0.00249792
0.0196674
-0.00201082
0.0203921
-0.00163257
0.0206315
-0.001353
0.0208747
-0.00111432
0.0211738
-0.000919293
0.0210283
-0.000742955
0.0203648
-0.000462015
0.0187919
0.0134142
0.000748546
-0.00759457
0.00125549
-0.00961585
0.00108633
-0.00782333
0.000752145
-0.00566392
0.000202148
-0.00292272
-0.000477644
0.000417148
-0.001512
0.0044015
-0.00238453
0.00816432
-0.0027013
0.0130863
-0.00269914
0.0156775
-0.00235591
0.0178909
-0.00192966
0.0192411
-0.00161099
0.0200734
-0.00130802
0.0203285
-0.00105572
0.0206224
-0.000897315
0.0210154
-0.000784175
0.0209151
-0.000643416
0.0202241
-0.000329273
0.0184777
0.0130849
0.000939938
-0.00853451
0.00106144
-0.00973734
0.000898393
-0.00766028
0.000702073
-0.0054676
0.000383332
-0.00260397
-4.82885e-05
0.000848769
-0.0006871
0.00504032
-0.00138788
0.00886509
-0.00154741
0.0132459
-0.00175431
0.0158844
-0.00158469
0.0177212
-0.00134167
0.0189981
-0.00116037
0.0198921
-0.00100585
0.020174
-0.000875755
0.0204923
-0.000729675
0.0208693
-0.000582169
0.0207676
-0.000377343
0.0200193
-0.000166863
0.0182673
0.0129181
0.000489545
-0.00902406
0.000794415
-0.0100422
0.000899543
-0.00776541
0.000956506
-0.00552457
0.000814489
-0.00246196
0.00046191
0.00120135
0.000242274
0.00525995
-0.000294857
0.00940222
-0.000515688
0.0134667
-0.000804324
0.0161731
-0.00082561
0.0177425
-0.000747306
0.0189198
-0.000664675
0.0198095
-0.000578365
0.0200877
-0.000472367
0.0203863
-0.000375128
0.0207721
-0.000289287
0.0206818
-0.000259291
0.0199893
-0.000182045
0.01819
0.012736
0.000668141
-0.0096922
0.000985971
-0.01036
0.00122006
-0.00799951
0.00141322
-0.00571772
0.00141937
-0.0024681
0.00120583
0.00141489
0.00110341
0.00536237
0.000701876
0.00980376
0.000567768
0.0136008
0.000201232
0.0165396
-0.000115851
0.0180596
-0.000218117
0.019022
-0.000242545
0.0198339
-0.000260649
0.0201058
-0.000258785
0.0203844
-0.000236761
0.0207501
-0.000229187
0.0206742
-9.83502e-05
0.0198584
0.00010616
0.0179855
0.0128422
0.000594912
-0.0102871
0.00103536
-0.0108005
0.00152551
-0.00848965
0.00193123
-0.00612345
0.00209148
-0.00262835
0.00202205
0.00148431
0.00177493
0.00560948
0.00160387
0.00997483
0.00129891
0.0139058
0.000950645
0.0168879
0.000526778
0.0184835
0.00025791
0.0192909
0.000118221
0.0199736
2.47241e-05
0.0201993
1.70911e-05
0.0203921
7.06158e-05
0.0206965
0.00017768
0.0205671
0.000152133
0.019884
-3.8194e-05
0.0181758
0.012804
0.000767553
-0.0110547
0.00130225
-0.0113352
0.00193391
-0.00912132
0.00246184
-0.00665137
0.00270839
-0.0028749
0.00271361
0.0014791
0.00237605
0.00594703
0.00227881
0.0100721
0.00196752
0.014217
0.00161497
0.0172404
0.0010418
0.0190566
0.000593371
0.0197393
0.00035529
0.0202117
0.000240603
0.020314
0.000213322
0.0204193
0.000191358
0.0207185
6.23252e-05
0.0206962
3.82117e-05
0.0199081
0.000157969
0.0180561
0.012962
0.000796277
-0.0118509
0.00146018
-0.0119991
0.00221112
-0.00987226
0.00280765
-0.0072479
0.00309603
-0.00316329
0.00313203
0.0014431
0.00279553
0.00628354
0.00256929
0.0102983
0.00223564
0.0145507
0.00190672
0.0175694
0.0014166
0.0195468
0.000920914
0.020235
0.000574459
0.0205581
0.000308437
0.02058
0.000185833
0.0205419
0.00018798
0.0207164
0.000316861
0.0205673
0.000371695
0.0198532
0.000168396
0.0182594
0.0131304
0.000883731
-0.0127347
0.00160524
-0.0127206
0.00236827
-0.0106353
0.00295124
-0.00783087
0.00322665
-0.0034387
0.00324391
0.00142584
0.00299211
0.00653534
0.00263917
0.0106513
0.00239412
0.0147957
0.00204637
0.0179171
0.00150019
0.0200929
0.000934334
0.0208009
0.000563545
0.0209289
0.000380896
0.0207626
0.00032218
0.0206007
0.000333419
0.0207051
0.000207036
0.0206937
2.76551e-05
0.0200326
-5.15065e-05
0.0183385
0.0130789
0.000863137
-0.0135978
0.00161082
-0.0134683
0.00233635
-0.0113608
0.00283565
-0.00833017
0.00303817
-0.00364122
0.00299951
0.00146451
0.00280661
0.00672823
0.00238455
0.0110733
0.00214809
0.0150322
0.0018386
0.0182266
0.00146766
0.0204639
0.00102255
0.021246
0.000622019
0.0213294
0.000284778
0.0210999
7.23346e-05
0.0208131
-3.88349e-05
0.0208163
4.12053e-05
0.0206136
0.000237639
0.0198362
0.000301992
0.0182742
0.0133808
0.000809362
-0.0144072
0.00148351
-0.0141424
0.00210548
-0.0119828
0.00247997
-0.00870466
0.00256638
-0.00372763
0.00248946
0.00154142
0.00232044
0.00689726
0.00198928
0.0114045
0.00184586
0.0151756
0.00150475
0.0185677
0.0011082
0.0208604
0.000654934
0.0216992
0.000287239
0.0216971
6.63356e-05
0.0213208
-1.67859e-05
0.0208962
0.000102143
0.0206974
0.000142215
0.0205736
-5.04587e-05
0.0200289
-0.000313467
0.0185372
0.0130674
0.000677975
-0.0150851
0.00123824
-0.0147027
0.00170239
-0.0124469
0.0018902
-0.00889246
0.00185324
-0.00369068
0.00172052
0.00167414
0.00157206
0.00704572
0.00128145
0.0116951
0.00115329
0.0153038
0.000912542
0.0188085
0.000680025
0.021093
0.000404422
0.0219749
9.56897e-05
0.0220059
-0.00017422
0.0215907
-0.000333401
0.0210554
-0.000503422
0.0208674
-0.000524518
0.0205947
-0.00025935
0.0197637
0.000121306
0.0181565
0.0131887
0.000525186
-0.0156103
0.00088494
-0.0150625
0.00114154
-0.0127035
0.00114877
-0.0088997
0.00100457
-0.00354648
0.000865667
0.00181305
0.000777086
0.0071343
0.000605798
0.0118664
0.000476307
0.0154333
0.000292586
0.0189922
5.08273e-05
0.0213347
-0.000265965
0.0222916
-0.000523709
0.0222636
-0.000692098
0.0217591
-0.00076394
0.0211272
-0.000574241
0.0206777
-0.000343664
0.0203641
-0.000310379
0.0197304
-0.000458256
0.0183044
0.0127304
0.000264143
-0.0158745
0.000419154
-0.0152175
0.000449713
-0.0127341
0.00029666
-0.00874664
7.03882e-05
-0.00332021
-8.74759e-05
0.00197091
-0.000132513
0.00717934
-0.00028782
0.0120217
-0.000420443
0.0155659
-0.000565887
0.0191376
-0.00071132
0.0214801
-0.000831202
0.0224115
-0.000993789
0.0224262
-0.00109617
0.0218615
-0.00109856
0.0211296
-0.00120987
0.020789
-0.00128238
0.0204366
-0.00108557
0.0195336
-0.000516144
0.017735
0.0122143
-1.65288e-05
-0.0158579
-0.00011231
-0.0151217
-0.000237972
-0.0126084
-0.000517182
-0.00846744
-0.000848376
-0.00298901
-0.00104453
0.00216706
-0.00117588
0.00731069
-0.00128653
0.0121323
-0.00137139
0.0156508
-0.0014553
0.0192215
-0.00159132
0.0216162
-0.0017179
0.0225381
-0.00176378
0.0224721
-0.00179834
0.021896
-0.00185555
0.0211869
-0.00168394
0.0206174
-0.00137281
0.0201255
-0.000978969
0.0191398
-0.000574704
0.0173307
0.0116396
-0.000233348
-0.0156246
-0.000586644
-0.0147684
-0.000911412
-0.0122837
-0.0013416
-0.00803725
-0.00174357
-0.00258705
-0.00199507
0.00241857
-0.00216301
0.00747863
-0.00222878
0.0121981
-0.0023335
0.0157555
-0.00239232
0.0192803
-0.00242669
0.0216505
-0.00239553
0.0225069
-0.00241138
0.0224879
-0.00239901
0.0218836
-0.00224852
0.0210364
-0.00216855
0.0205374
-0.00219086
0.0201478
-0.00212463
0.0190735
-0.00160728
0.0168134
0.0100323
-0.000449177
-0.0151754
-0.00102158
-0.014196
-0.0015554
-0.0117498
-0.00208067
-0.00751197
-0.00260453
-0.00206319
-0.00290648
0.00272053
-0.00314718
0.00771933
-0.00320735
0.0122583
-0.00328282
0.015831
-0.00331434
0.0193119
-0.00334917
0.0216854
-0.00334382
0.0225016
-0.00323314
0.0223773
-0.00312155
0.0217721
-0.00312973
0.0210445
-0.0030666
0.0204743
-0.00287759
0.0199588
-0.00236117
0.0185571
-0.00109252
0.0155447
0.00893978
-0.00058388
-0.0145915
-0.00132546
-0.0134544
-0.0020326
-0.0110427
-0.00269332
-0.00685125
-0.00326405
-0.00149247
-0.00365004
0.00310652
-0.00389323
0.00796252
-0.00397994
0.012345
-0.0040936
0.0159446
-0.00414277
0.019361
-0.00412088
0.0216635
-0.00395733
0.022338
-0.00388641
0.0223063
-0.0039067
0.0217923
-0.00375653
0.0208944
-0.0035141
0.0202318
-0.003234
0.0196787
-0.00337003
0.0186932
-0.0030925
0.0152672
0.00584729
-0.000727326
-0.0138642
-0.00159689
-0.0125848
-0.00243536
-0.0102042
-0.00322829
-0.00605832
-0.00386909
-0.000851669
-0.00435623
0.00359367
-0.00466294
0.00826922
-0.00481243
0.0124945
-0.00494825
0.0160804
-0.00500537
0.0194182
-0.00497742
0.0216355
-0.00487893
0.0222396
-0.00471388
0.0221413
-0.00451512
0.0215936
-0.00455165
0.0209309
-0.0046789
0.0203591
-0.004782
0.0197818
-0.00447786
0.018389
-0.00384453
0.0146338
0.00200275
-0.000860611
-0.0130036
-0.00185677
-0.0115887
-0.0028354
-0.0092256
-0.00369155
-0.00520217
-0.0043933
-0.000149919
-0.00484651
0.00404687
-0.00517839
0.0086011
-0.00535309
0.0126692
-0.00554547
0.0162728
-0.00563342
0.0195061
-0.00555529
0.0215574
-0.00528421
0.0219685
-0.00516775
0.0220248
-0.00524634
0.0216722
-0.00531103
0.0209956
-0.00548709
0.0205352
-0.00528034
0.019575
-0.00389004
0.0169987
-0.00172095
0.0124648
0.000281806
-0.00103667
-0.0119669
-0.00215165
-0.0104737
-0.00322457
-0.00815268
-0.00411893
-0.00430781
-0.00487251
0.000603658
-0.00538418
0.00455854
-0.00580015
0.00901708
-0.00605274
0.0129218
-0.00623349
0.0164536
-0.0063
0.0195726
-0.00618957
0.021447
-0.00606853
0.0218474
-0.00596863
0.0219249
-0.00577645
0.02148
-0.00574084
0.02096
-0.00570906
0.0205034
-0.00578168
0.0196476
-0.0053179
0.0165349
-0.000797004
0.00794387
-0.000515197
-0.00118328
-0.0107837
-0.0024306
-0.00922639
-0.00352214
-0.00706114
-0.00441759
-0.00341236
-0.00513154
0.00131761
-0.00573131
0.00515832
-0.00612196
0.00940772
-0.00640565
0.0132054
-0.00661091
0.0166588
-0.00666115
0.0196228
-0.00648924
0.0212751
-0.006189
0.0215472
-0.00604253
0.0217785
-0.00614349
0.021581
-0.00625614
0.0210726
-0.00630565
0.0205529
-0.00591772
0.0192597
-0.00478377
0.015401
0.000531385
0.00262871
1.61876e-05
-0.00123177
-0.00955189
-0.00254989
-0.00790826
-0.00369565
-0.00591538
-0.00461511
-0.0024929
-0.00536161
0.00206411
-0.00593424
0.00573095
-0.00638552
0.009859
-0.00675936
0.0135793
-0.00693593
0.0168354
-0.00693868
0.0196256
-0.0067459
0.0210823
-0.0066446
0.0214459
-0.00663897
0.0217728
-0.00654125
0.0214832
-0.00669483
0.0212262
-0.00678997
0.020648
-0.00610403
0.0185738
-0.00334379
0.0126407
0.00067019
-0.00138527
0.000686377
-0.00127976
-0.00827212
-0.00268018
-0.00650785
-0.0038666
-0.00472895
-0.00474251
-0.00161699
-0.00555961
0.00288121
-0.0061793
0.00635063
-0.0065929
0.0102726
-0.00687617
0.0138626
-0.00698785
0.0169471
-0.00694254
0.0195803
-0.0067483
0.0208881
-0.00649104
0.0211886
-0.00632187
0.0216037
-0.00647209
0.0216334
-0.00679581
0.0215499
-0.00704521
0.0208974
-0.00642373
0.0179523
-0.00345446
0.00967147
-0.00169461
-0.00314512
-0.00100823
-0.00112082
-0.00715131
-0.00244454
-0.00518413
-0.00371546
-0.00345803
-0.004603
-0.000729449
-0.00540034
0.00367855
-0.00609644
0.00704673
-0.00650399
0.0106802
-0.00679766
0.0141562
-0.00691983
0.0170692
-0.00679866
0.0194591
-0.00653821
0.0206276
-0.00645146
0.0211019
-0.00658908
0.0217413
-0.00666656
0.0217109
-0.00682785
0.0217112
-0.00684335
0.0209129
-0.00591692
0.0170258
-0.00283806
0.00659261
-0.0022144
-0.00376877
-0.00322264
-0.00116673
-0.00598458
-0.00245171
-0.00389914
-0.00370743
-0.00220231
-0.0046314
0.00019452
-0.00532032
0.00436746
-0.00607458
0.00780099
-0.00648993
0.0110955
-0.00665256
0.0143189
-0.00663564
0.0170523
-0.00646059
0.0192841
-0.0063367
0.0205037
-0.00620931
0.0209745
-0.00602841
0.0215604
-0.00611821
0.0218007
-0.00631446
0.0219075
-0.00590412
0.0205026
-0.00441236
0.0155341
-0.00180627
0.00398652
-0.00157604
-0.003999
-0.00479868
-0.00104387
-0.00494071
-0.00225787
-0.00268514
-0.00345633
-0.00100386
-0.00434758
0.00108578
-0.00507986
0.00509974
-0.00572159
0.00844273
-0.00606004
0.0114339
-0.00617823
0.0144371
-0.00620638
0.0170805
-0.00602975
0.0191074
-0.0057453
0.0202193
-0.00559044
0.0208196
-0.00574647
0.0217164
-0.00583536
0.0218896
-0.00558079
0.0216529
-0.00474579
0.0196676
-0.00312082
0.0139091
-0.00137363
0.00223933
-0.00115555
-0.00421708
-0.00595423
-0.000953713
-0.00398699
-0.00210652
-0.00153233
-0.00339774
0.000287362
-0.00428261
0.00197064
-0.00479594
0.00561307
-0.00525828
0.00890507
-0.00560206
0.0117777
-0.00573282
0.0145678
-0.00564726
0.0169949
-0.00539043
0.0188506
-0.00527533
0.0201042
-0.00521802
0.0207623
-0.00489344
0.0213918
-0.00454392
0.0215401
-0.00421794
0.0213269
-0.00353272
0.0189824
-0.00210998
0.0124864
-0.00103031
0.00115967
-0.000675132
-0.00457226
-0.00662936
-0.000917305
-0.00306969
-0.0019943
-0.000455335
-0.00322607
0.00151913
-0.00405469
0.00279926
-0.0044312
0.00598959
-0.00478609
0.00925996
-0.005046
0.0120376
-0.00508133
0.0146031
-0.00500012
0.0169137
-0.00482538
0.0186759
-0.00452245
0.0198012
-0.0041626
0.0204025
-0.00405562
0.0212849
-0.00385709
0.0213416
-0.00330357
0.0207734
-0.00225562
0.0179344
-0.000851773
0.0110825
-0.000356169
0.000664062
-0.000203706
-0.00472473
-0.00683307
-0.000737543
-0.00233214
-0.00165752
0.000464644
-0.00280803
0.00266963
-0.00372489
0.00371611
-0.00415011
0.00641481
-0.00437643
0.00948628
-0.00450423
0.0121654
-0.0045243
0.0146232
-0.00436353
0.0167529
-0.00403258
0.0183449
-0.00382934
0.019598
-0.00376965
0.0203428
-0.00326035
0.0207756
-0.00250466
0.0205859
-0.00161941
0.0198882
-0.000685109
0.0170001
0.00045108
0.00994634
0.00051754
0.000597602
0.000353478
-0.00456067
-0.00647959
-0.00060825
-0.00172389
-0.00136766
0.00122405
-0.00254117
0.00384315
-0.00348911
0.00466405
-0.00386625
0.00679195
-0.00399191
0.00961194
-0.00403913
0.0122127
-0.00394652
0.0145306
-0.00375007
0.0165565
-0.00357757
0.0181724
-0.00324349
0.0192639
-0.00266666
0.0197659
-0.00219014
0.020299
-0.00170464
0.0201004
-0.000789366
0.0189729
0.000322518
0.0158882
0.00154255
0.00872631
0.00121298
0.000927173
0.000716188
-0.00406387
-0.0057634
-0.000496729
-0.00122716
-0.00106061
0.00178793
-0.00206303
0.00484558
-0.00302784
0.00562885
-0.0035147
0.00727882
-0.00367966
0.00977689
-0.00365368
0.0121867
-0.00354861
0.0144255
-0.00329883
0.0163067
-0.00289541
0.017769
-0.0024726
0.0188411
-0.0023414
0.0196348
-0.00165185
0.0196095
-0.000549908
0.0189984
0.00054168
0.0178813
0.00146557
0.0149643
0.00227627
0.00791561
0.00179643
0.00140702
0.00102788
-0.00329532
-0.00473552
-0.000347189
-0.000879975
-0.000685981
0.00212672
-0.00150708
0.00566667
-0.0025183
0.00664007
-0.00311823
0.00787876
-0.00332173
0.00998039
-0.0032835
0.0121484
-0.0030937
0.0142357
-0.00278106
0.0159941
-0.00255538
0.0175433
-0.00217011
0.0184558
-0.00133719
0.0188018
-0.000608378
0.0188807
-1.23013e-05
0.0184024
0.00113441
0.0167346
0.00212854
0.0139702
0.002674
0.00737015
0.00231151
0.00176951
0.00129649
-0.00228031
-0.00343903
-0.000237041
-0.000642935
-0.000409714
0.0022994
-0.00100955
0.00626651
-0.00195015
0.00758068
-0.00256785
0.00849646
-0.00282978
0.0102423
-0.00284401
0.0121627
-0.00270681
0.0140985
-0.00243839
0.0157256
-0.00190766
0.0170126
-0.0013278
0.017876
-0.00107977
0.0185538
-0.000315201
0.0181161
0.000979661
0.0171075
0.0018595
0.0158547
0.00273631
0.0130934
0.00288334
0.00722313
0.00230405
0.00234879
0.00122645
-0.0012027
-0.00221258
-0.000125198
-0.000517737
-8.68848e-05
0.00226108
-0.000410638
0.00659026
-0.00125063
0.00842067
-0.00195372
0.00919955
-0.002291
0.0105796
-0.00234153
0.0122132
-0.00215612
0.0139131
-0.00179508
0.0153646
-0.00150006
0.0167176
-0.00113394
0.0175098
-0.000147637
0.0175675
0.000514488
0.017454
0.00103833
0.0165837
0.002109
0.014784
0.00325105
0.0119514
0.00330239
0.00717178
0.00289069
0.0027605
0.00162945
5.85386e-05
-0.000583139
-2.21454e-05
-0.000495592
9.39764e-05
0.00214496
5.61807e-05
0.00662805
-0.000591482
0.00906833
-0.0012401
0.00984817
-0.00158846
0.010928
-0.00168251
0.0123073
-0.00155648
0.0137871
-0.00136548
0.0151736
-0.000774369
0.0161265
-0.00014445
0.0168799
2.23676e-05
0.0174007
0.000723399
0.0167529
0.00195726
0.0153498
0.00229056
0.0144508
0.0027056
0.0115363
0.00258096
0.00729642
0.00211324
0.00322822
0.00115562
0.00101616
0.000572479
4.63452e-05
-0.000541937
0.000290364
0.00190094
0.000543203
0.00637522
0.000129773
0.00948176
-0.000463249
0.0104412
-0.000834216
0.0112989
-0.000972575
0.0124456
-0.000861432
0.0136759
-0.000474248
0.0147864
-0.000269673
0.0159219
7.42097e-05
0.016536
0.00108107
0.0163938
0.00147626
0.0163578
0.00160937
0.0152167
0.00264526
0.0134149
0.00351253
0.010669
0.00317613
0.00763282
0.00216801
0.00423634
0.000858987
0.00232518
0.00143147
0.000125623
-0.00066756
0.000395304
0.00163126
0.000854192
0.00591633
0.000713624
0.00962233
0.000250253
0.0109046
-9.15131e-05
0.0116407
-0.00016928
0.0125234
-8.51045e-05
0.0135918
8.76901e-07
0.0147004
0.000604265
0.0153185
0.00116532
0.015975
0.00119169
0.0163675
0.00176802
0.0157814
0.00256626
0.0144185
0.00252394
0.0134572
0.00209177
0.0111012
0.00215484
0.00756975
0.00152525
0.00486593
0.000321163
0.00352927
0.00175263
0.000185748
-0.000853308
0.000500998
0.00131601
0.0010823
0.00533503
0.00123845
0.00946618
0.000954198
0.0111888
0.000681754
0.0119131
0.000521594
0.0126835
0.000643123
0.0134702
0.00105075
0.0142928
0.00109791
0.0152713
0.0014059
0.015667
0.0022483
0.0155251
0.00232609
0.0157036
0.00211699
0.0146276
0.00259049
0.0129837
0.00299497
0.0106967
0.00200787
0.00855685
0.000391076
0.00648272
-0.000298855
0.0042192
0.00145377
0.000261463
-0.00111477
0.000544236
0.00103324
0.00118508
0.00469418
0.00163878
0.00901248
0.0015522
0.0112754
0.00135423
0.0121111
0.00133618
0.0127016
0.00135624
0.0134502
0.0014416
0.0142074
0.00203102
0.0146819
0.0023479
0.0153501
0.00221435
0.0156586
0.00264946
0.0152685
0.00312726
0.0141498
0.00256439
0.0135466
0.00172774
0.0115334
0.000765846
0.00951875
-0.000103028
0.00735159
-0.000411198
0.00452737
0.00104258
0.000285242
-0.00140001
0.000548271
0.000770208
0.00123173
0.00401072
0.00190898
0.00833523
0.00206276
0.0111216
0.00196789
0.012206
0.0018377
0.0128318
0.00203187
0.013256
0.00238112
0.0138582
0.00229644
0.0147666
0.00266055
0.014986
0.00326169
0.0150575
0.00303227
0.015498
0.00261793
0.0145641
0.00260782
0.0135567
0.00237956
0.0117616
0.00124935
0.010649
-0.000196214
0.00879716
-0.000289796
0.00462096
0.00075278
0.00035837
-0.00175838
0.000547558
0.00058102
0.00122006
0.00333822
0.00207424
0.00748105
0.00241831
0.0107775
0.00250066
0.0121236
0.00259442
0.012738
0.00249219
0.0133582
0.00265827
0.0136921
0.00329246
0.0141324
0.00333713
0.0149414
0.00315749
0.0152371
0.00352635
0.0151291
0.00367753
0.0144129
0.00293226
0.0143019
0.00192284
0.0127711
0.00131779
0.011254
0.000577196
0.00953776
7.01262e-05
0.00512802
0.000822906
0.000383112
-0.0021415
0.000559601
0.000404531
0.00121707
0.00268076
0.00217259
0.00652553
0.00279418
0.010156
0.00292356
0.0119943
0.00293596
0.0127256
0.00325238
0.0130418
0.00335837
0.0135861
0.00329338
0.0141974
0.00384185
0.0143929
0.00426987
0.0148091
0.00386396
0.015535
0.00338278
0.0148941
0.00330857
0.0143761
0.00262281
0.0134568
0.000714263
0.0131626
-6.45097e-05
0.0103165
8.73373e-05
0.00497618
0.000910243
0.000322549
-0.00246404
0.000699373
2.77077e-05
0.00128085
0.00209928
0.00219871
0.00560767
0.00289444
0.00946023
0.00334578
0.0115429
0.0035494
0.012522
0.00344027
0.0131509
0.0038231
0.0132033
0.00432524
0.0136952
0.00415339
0.0145647
0.00420356
0.0147589
0.00468082
0.0150578
0.00466368
0.0149112
0.00370736
0.0153325
0.0029183
0.0142459
0.0029131
0.0131677
0.00188501
0.0113446
0.000713927
0.00614726
0.00162417
0.000100605
-0.00256465
0.000698055
-0.000569742
0.00120178
0.00159555
0.00217398
0.00463547
0.00321065
0.00842356
0.00357728
0.0111763
0.00386832
0.012231
0.00426811
0.0127511
0.00410746
0.013364
0.00430316
0.0134995
0.00504794
0.0138199
0.00526928
0.0145376
0.00487082
0.0154562
0.00472132
0.0150607
0.00494167
0.0151121
0.00429954
0.014888
0.0028011
0.0146662
0.00257592
0.0115698
0.00220796
0.00651522
0.00383213
-2.95489e-05
-0.0025351
0.000725192
-0.00132448
0.00120534
0.00111541
0.00212717
0.00371363
0.00308059
0.00747014
0.00391484
0.010342
0.00421544
0.0119304
0.00437015
0.0125964
0.00499047
0.0127436
0.00511535
0.0133746
0.00500055
0.0139347
0.00555532
0.0139828
0.00628538
0.0147262
0.00613156
0.0152146
0.00551751
0.0157262
0.00513149
0.015274
0.00458702
0.0152107
0.00240384
0.013753
0.000777122
0.00814193
0.00460925
2.3429e-05
-0.00255853
0.000724865
-0.00202592
0.00111957
0.000720706
0.00192487
0.00290832
0.00312098
0.00627403
0.00390221
0.00956081
0.00459082
0.0112417
0.00496628
0.012221
0.00489828
0.0128116
0.00558533
0.0126876
0.00624477
0.0132753
0.00619426
0.0140333
0.00617764
0.0147428
0.00661973
0.0147725
0.00699832
0.0153476
0.00639592
0.0158764
0.00565838
0.0159482
0.00509838
0.014313
0.00137854
0.0118618
0.00598779
0.000139511
-0.00269804
0.00068061
-0.00256702
0.00107276
0.000328553
0.00168215
0.00229894
0.00290123
0.00505495
0.00401159
0.00845045
0.00457631
0.010677
0.00521958
0.0115777
0.00583947
0.0121918
0.00573318
0.0127939
0.00610976
0.0128987
0.00715477
0.0129883
0.00782235
0.0140752
0.00775297
0.0148418
0.00779772
0.0153028
0.00811449
0.0155597
0.0076129
0.0164498
0.00656272
0.0153632
0.00568808
0.0127364
0.0116759
0.000235918
-0.00293396
0.000452554
-0.00278365
0.000906613
-0.000125505
0.00129615
0.0019094
0.00253797
0.00381312
0.00381479
0.00717364
0.00482887
0.00966294
0.00527186
0.0111347
0.00586673
0.0115969
0.00680434
0.0118563
0.00697867
0.0127244
0.00705841
0.0129086
0.00785579
0.0132778
0.00885347
0.0138442
0.00944921
0.0147071
0.00982724
0.0151816
0.00990768
0.0163693
0.00829821
0.0169726
0.0047302
0.0163044
0.0164061
0.000283354
-0.00321731
0.000426016
-0.00292632
0.000822913
-0.000522402
0.00117571
0.00155661
0.00193485
0.00305398
0.00348097
0.00562752
0.00467433
0.00846959
0.0056748
0.0101342
0.00600808
0.0112636
0.00659926
0.0112651
0.00766048
0.0116632
0.00850673
0.0120623
0.0089184
0.0128661
0.00942248
0.0133401
0.0101116
0.014018
0.0108692
0.014424
0.0119796
0.015259
0.012081
0.0168712
0.0122317
0.0161537
0.0184338
0.010204
0.000275625
-0.00349294
0.000309325
-0.00296002
0.000573891
-0.000786969
0.00103416
0.00109634
0.00147646
0.00261168
0.00286015
0.00424382
0.00428552
0.00704422
0.00550704
0.00891272
0.00653384
0.0102368
0.00703968
0.0107592
0.00748466
0.0112182
0.0085592
0.0109878
0.00976708
0.0116583
0.0108502
0.012257
0.0119531
0.0129151
0.0124463
0.0139308
0.0139063
0.013799
0.01461
0.0161674
0.0175225
0.0132413
0.0167453
0.019211
0.000229608
-0.00372255
0.000217024
-0.00294743
0.00032061
-0.000890554
0.000701209
0.000715736
0.00118102
0.00213187
0.001945
0.00347985
0.00382036
0.00516886
0.00522784
0.00750524
0.00612753
0.00933713
0.00765491
0.00923186
0.00821584
0.0106573
0.00868799
0.0105156
0.00984652
0.0104997
0.010573
0.0115305
0.0125108
0.0109773
0.0136616
0.01278
0.0161055
0.0113551
0.0176927
0.0145803
0.0195565
0.0113775
0.0136381
0.0226637
5.8066e-05
-0.00378061
-0.000116672
-0.00277269
-6.46009e-05
-0.000942625
9.27737e-05
0.000558362
0.000752953
0.00147169
0.00132059
0.00291221
0.00238761
0.00410184
0.00457965
0.0053132
0.00635433
0.00756245
0.00689948
0.00868671
0.00897982
0.00857693
0.0095776
0.00991786
0.0112586
0.00881876
0.0117468
0.0110423
0.0131099
0.00961416
0.0142816
0.0116083
0.0166492
0.00898744
0.0190015
0.012228
0.020299
0.0100799
0.0109571
0.02298
-0.000118124
-0.00366249
-0.00035655
-0.00253427
-0.000519381
-0.000779793
-0.000357837
0.000396817
8.55707e-05
0.00102828
0.00077297
0.00222481
0.00186142
0.00301339
0.00253646
0.00463816
0.00579982
0.00429908
0.00640515
0.00808138
0.00818195
0.00680012
0.00902157
0.00907824
0.0103604
0.00747995
0.0121614
0.00924132
0.0140708
0.00770476
0.0151276
0.0105514
0.0162662
0.00784887
0.018863
0.00963114
0.0200042
0.00893875
0.00874449
0.0222168
-0.000381032
-0.00328146
-0.00065283
-0.00226247
-0.000830472
-0.000602151
-0.000916188
0.000482533
-0.000758672
0.000870768
-0.000328234
0.00179437
0.000800298
0.00188486
0.00108921
0.00434925
0.00406992
0.00131837
0.00562294
0.00652836
0.00838644
0.00403663
0.0107781
0.00668659
0.010338
0.00792004
0.0114589
0.00812037
0.013868
0.0052957
0.0161005
0.00831891
0.0170061
0.00694326
0.0192745
0.0073628
0.0207899
0.00742329
0.00707312
0.0224613
-0.000415681
-0.00286578
-0.000933687
-0.00174446
-0.00139739
-0.000138447
-0.0011423
0.000227438
-0.00117531
0.000903778
-0.000732493
0.00135156
0.000342064
0.000810304
0.00102456
0.00366676
0.0027671
-0.000424179
0.00316567
0.0061298
0.0041658
0.0030365
0.00836479
0.0024876
0.01019
0.0060948
0.010557
0.00775343
0.0115651
0.00428759
0.014396
0.00548797
0.0163427
0.00499654
0.0185286
0.00517693
0.020869
0.00508294
0.00513756
0.0228045
-0.000797644
-0.00206813
-0.00139006
-0.00115205
-0.00189885
0.000370347
-0.00179008
0.000118663
-0.00242516
0.00153886
-0.00106426
-9.34223e-06
-0.0003876
0.000133646
-0.000504631
0.00378379
0.00151521
-0.00244402
0.00254452
0.00510049
0.00114032
0.0044407
0.00407059
-0.000442672
0.00922409
0.000941295
0.0110707
0.00590682
0.01091
0.00444833
0.0125886
0.00380932
0.0145309
0.00305421
0.0163183
0.00338954
0.0187154
0.00268585
0.00295616
0.0208968
-0.000923239
-0.00114489
-0.00128051
-0.000794774
-0.000729437
-0.000180729
-0.000663719
5.29454e-05
0.000150042
0.000725097
0.000959374
-0.000818674
0.00024527
0.000847749
0.000725736
0.00330333
0.000742247
-0.00246053
0.00343249
0.00241025
0.00387786
0.00399533
0.00352892
-9.37348e-05
0.00595835
-0.00148813
0.00934293
0.00252224
0.0107176
0.00307371
0.0125786
0.00194831
0.0142776
0.00135521
0.0159235
0.0017436
0.0176118
0.000997599
0.0012676
0.0193003
-0.00114489
-0.00193967
-0.0021204
-0.00206745
-0.00134235
-0.00216103
-0.00131328
0.00199005
-0.000470482
0.00193976
0.00593509
0.00584136
0.00435323
0.00687547
0.00994917
0.0118975
0.0132527
0.0149963
0.0159939
0.0172615
-0.00295055
0.0131545
-0.00528936
0.00233881
-0.00611075
0.000821392
-0.00410907
-0.00200168
-0.00127676
-0.00283231
-0.00260318
0.00132642
-0.0058663
0.00326312
-0.00728429
0.00141798
-0.00836328
0.00107899
-0.00822815
-0.000135134
-0.00797422
-0.000253922
-0.00730894
-0.000665285
-0.00666497
-0.000643974
-0.00676426
9.92981e-05
-0.00737393
0.000609664
-0.00846949
0.00109556
-0.00990823
0.00143874
-0.011619
0.00171077
-0.0132016
0.00158256
-0.0142433
0.0010417
-0.0150331
0.000789791
-0.015298
0.000264969
-0.0152149
-8.31518e-05
-0.0149272
-0.000287631
-0.0142848
-0.000642415
-0.0132753
-0.00100956
-0.0118052
-0.0014701
-0.0101333
-0.00167192
-0.00847934
-0.00165391
-0.00669116
-0.00178819
-0.00451836
-0.0021728
-0.00251776
-0.0020006
-0.000467132
-0.00205063
0.00143641
-0.00190354
0.00316099
-0.00172459
0.00466923
-0.00150824
0.00581004
-0.00114081
0.00675507
-0.00094503
0.00742694
-0.000671867
0.00773824
-0.000311303
0.00786638
-0.000128133
0.00787442
-8.0464e-06
0.00792163
-4.72069e-05
0.00819818
-0.000276546
0.00845893
-0.000260752
0.0084874
-2.84703e-05
0.00797786
0.000509536
0.00665296
0.0013249
0.00476038
0.00189258
0.00258254
0.00217784
0.000313085
0.00226946
-0.00181403
0.00212712
-0.00373906
0.00192503
-0.00543557
0.00169651
-0.00676122
0.00132565
-0.00750875
0.000747535
-0.00763678
0.000128027
-0.00727055
-0.000366232
-0.00650139
-0.000769162
-0.00512275
-0.00137863
-0.00350206
-0.00162069
-0.00147759
-0.00202447
0.000589439
-0.00206703
0.00294832
-0.00235888
0.0051704
-0.00222208
0.00733367
-0.00216327
0.00933954
-0.00200587
0.0112144
-0.00187487
0.0128138
-0.00159941
0.0142985
-0.00148466
0.0154724
-0.0011739
0.0161182
-0.000645841
0.0168529
-0.00073467
0.0166802
0.000172699
0.0160521
0.00062806
0.0152771
0.00077501
0.0128419
0.00243517
0.00947634
0.0033656
0.00606762
0.00340872
0.00213554
0.0202947
0.0120708
0.0135154
0.00911813
0.00920719
0.00512962
0.00257766
0.00462785
-0.00341519
0.00316054
-0.00336698
0.00127822
-0.00243595
0.00233209
-0.00216563
0.00114766
-0.00148622
0.000399583
-0.00142658
-0.000194776
-0.000725684
-0.000954813
9.24129e-05
-0.00148338
0.000658252
-0.00120981
0.000794774
-3.72239e-05
-1.32042e-05
0.00141764
-0.00134976
0.00243212
-0.00289963
0.00298861
-0.00410494
0.00291609
-0.00507497
0.00255259
-0.00583711
0.00180384
-0.0062193
0.00117198
-0.00642745
0.000473121
-0.00624652
-0.000264079
-0.00566189
-0.000872268
-0.00484278
-0.00146152
-0.00390526
-0.00194708
-0.00280514
-0.00257023
-0.00140632
-0.00307074
9.83412e-05
-0.00315857
0.00199435
-0.0036842
0.00366893
-0.00384737
0.00549203
-0.0038237
0.0073116
-0.0038702
0.008914
-0.00350594
0.0104276
-0.00323819
0.0117731
-0.00285377
0.012872
-0.0022397
0.013765
-0.00183797
0.0143988
-0.00130574
0.0148733
-0.000785801
0.0151446
-0.000399377
0.0151785
-4.19825e-05
0.0149455
0.000185798
0.0142412
0.000427758
0.0132313
0.00074911
0.0122152
0.000987642
0.0114233
0.00130149
0.0108648
0.00188336
0.0100234
0.00273397
0.00879686
0.00340441
0.00725132
0.00381499
0.00558894
0.0037895
0.00413422
0.00337975
0.00297651
0.00285422
0.00217754
0.00212462
0.00178578
0.0011393
0.00168411
0.000229696
0.00212981
-0.000811937
0.00288977
-0.00152912
0.00421157
-0.00270043
0.00573579
-0.00314491
0.00758796
-0.00387664
0.00942599
-0.00390506
0.0114991
-0.004432
0.0134218
-0.00414482
0.0153625
-0.00410397
0.0170389
-0.00368224
0.0186839
-0.00351986
0.0201576
-0.00307312
0.0213302
-0.00265725
0.0223742
-0.00221791
0.0232285
-0.00150015
0.0235574
-0.00106352
0.0240167
-0.000286605
0.0236566
0.000988119
0.0230293
0.00140233
0.0219213
0.00354318
0.0214667
0.00382024
0.0194848
0.00539056
0.00500261
0.022982
0.0117525
0.021382
0.0107182
0.0193679
0.0071437
0.01878
0.00521571
0.0174626
0.00447795
0.0154484
0.0032924
0.0150018
0.00277871
0.0143981
0.00175139
0.013704
0.00109369
0.0129986
0.000510549
0.0120524
-8.59387e-06
0.0107507
-0.000181655
0.00919537
0.000345514
0.00796154
0.00119661
0.00756391
0.00181527
0.00752744
0.00246859
0.00758937
0.00292668
0.00753972
0.00296574
0.00740842
0.00268389
0.00723204
0.00198022
0.00705009
0.00135393
0.00705305
0.000470156
0.00714208
-0.00035311
0.00743504
-0.00116522
0.00786181
-0.0018883
0.00858909
-0.00267436
0.00936776
-0.0033489
0.0101557
-0.00385867
0.0114764
-0.00447924
0.0125918
-0.00479963
0.0138622
-0.00511773
0.015068
-0.00502959
0.016168
-0.00497012
0.017335
-0.00467296
0.0181946
-0.00409775
0.0189975
-0.00365669
0.0197442
-0.00298646
0.0202131
-0.00230685
0.0206594
-0.00175197
0.0209295
-0.00105595
0.0210474
-0.000517236
0.0210958
-9.04336e-05
0.0208405
0.00044107
0.0204979
0.000770414
0.0199785
0.00126849
0.019238
0.0017282
0.0182833
0.00225613
0.0174215
0.00274522
0.016785
0.00337038
0.0164342
0.00375525
0.0160284
0.00422079
0.0155515
0.00426641
0.0149195
0.00401171
0.0142806
0.00349313
0.0137894
0.00261588
0.0134435
0.00148515
0.0132294
0.000443857
0.0136247
-0.0012073
0.0141551
-0.00205953
0.0150905
-0.00363584
0.0161223
-0.00417667
0.0174752
-0.00522957
0.0187
-0.00512987
0.0202328
-0.00596478
0.021357
-0.005269
0.0226894
-0.00543634
0.0235939
-0.00458681
0.0247827
-0.00470859
0.0255792
-0.00386963
0.0265599
-0.00363793
0.0270375
-0.00269559
0.0279184
-0.00238097
0.027973
-0.00111814
0.0284984
-0.000811989
0.0282982
0.00118831
0.0280025
0.001698
0.0279028
0.00364292
0.0270783
0.00464473
0.0264304
0.00603841
0.00642321
0.0241314
0.0106012
0.0255112
0.00933833
0.0251446
0.0075103
0.025087
0.00527331
0.0251004
0.00446455
0.0247534
0.00363937
0.0246422
0.00288999
0.0241502
0.0022434
0.0237659
0.00147794
0.0233775
0.000898934
0.0226615
0.000707391
0.0218831
0.000596764
0.0213355
0.000893098
0.0209204
0.00161178
0.020472
0.00226366
0.0201362
0.00280432
0.0199842
0.00307872
0.0200104
0.00293952
0.0198722
0.00282214
0.0197291
0.00212333
0.0195848
0.00149818
0.0193928
0.000662203
0.0193383
-0.000298698
0.0193006
-0.00112744
0.0195942
-0.00218197
0.0198187
-0.00289884
0.0202856
-0.00381578
0.0208523
-0.00442535
0.0214475
-0.00507446
0.0220304
-0.00538248
0.0225881
-0.00567548
0.0231557
-0.00559718
0.0235514
-0.00536578
0.0239608
-0.00508239
0.024289
-0.00442597
0.0245116
-0.00387931
0.0247388
-0.00321364
0.0248588
-0.00242682
0.0249381
-0.00183134
0.0250014
-0.00111918
0.0249667
-0.000482558
0.0249632
-8.69409e-05
0.0247822
0.000622023
0.0246117
0.000940996
0.0243289
0.00155124
0.0240015
0.00205557
0.0236705
0.00258721
0.0232754
0.00314031
0.0229702
0.00367555
0.0227706
0.00395489
0.0226114
0.00437993
0.0226607
0.00421713
0.0226398
0.00403264
0.0227236
0.0034093
0.0228263
0.00251319
0.0229021
0.00140929
0.0229649
0.000381059
0.0233262
-0.00156854
0.023576
-0.00230941
0.0240237
-0.0040835
0.0244917
-0.00464467
0.0250832
-0.00582103
0.0255941
-0.00564079
0.0262672
-0.00663785
0.0266171
-0.00561896
0.0272408
-0.00606003
0.0275365
-0.00488254
0.0281255
-0.00529756
0.0283865
-0.00413059
0.0289977
-0.00424917
0.0292599
-0.00295778
0.0298186
-0.00293969
0.0300767
-0.00137621
0.0302773
-0.00101264
0.0305691
0.000896594
0.0303018
0.00196524
0.030376
0.00356878
0.0298845
0.00513623
0.0296888
0.00623408
0.00708955
0.0243178
0.00850013
0.0259706
0.00768557
0.0270294
0.00645151
0.0272128
0.00508991
0.0275626
0.00411478
0.0278602
0.00334172
0.0280117
0.00273849
0.0280904
0.00216467
0.0278545
0.00171392
0.0276272
0.00112622
0.0273295
0.00100506
0.0269448
0.000981503
0.026759
0.00107886
0.026885
0.00148575
0.0270659
0.0020828
0.0273862
0.00248401
0.0277453
0.00271963
0.0280703
0.0026145
0.028515
0.00237742
0.0286762
0.00196213
0.0289434
0.00123097
0.0289854
0.000620238
0.0290111
-0.000324366
0.0291285
-0.0012449
0.0290436
-0.00209704
0.0291127
-0.00296796
0.0290538
-0.00375683
0.0290452
-0.00441679
0.0289518
-0.00498102
0.0288146
-0.00524532
0.0285565
-0.00541741
0.0283366
-0.00537726
0.0280223
-0.00505141
0.0277263
-0.00478643
0.0274718
-0.0041715
0.0272135
-0.00362098
0.0269964
-0.00299656
0.02678
-0.00221036
0.0266153
-0.00166669
0.0264595
-0.000963396
0.0263291
-0.000352152
0.0261979
4.42325e-05
0.0260683
0.00075167
0.0260013
0.001008
0.0259447
0.00160786
0.0259782
0.00202207
0.0261393
0.00242608
0.0262972
0.0029824
0.0266018
0.00337099
0.0269379
0.00361875
0.0272592
0.00405867
0.0277345
0.00374181
0.0280944
0.00367279
0.0284267
0.00307696
0.0287812
0.00215865
0.0289621
0.00122839
0.0291771
0.000166037
0.02916
-0.00155136
0.0291963
-0.00234575
0.0290644
-0.00395159
0.0289329
-0.00451313
0.0286823
-0.00557051
0.0287737
-0.00573211
0.028674
-0.00653817
0.0285596
-0.00550459
0.0285692
-0.00606967
0.0286146
-0.00492788
0.028751
-0.00543393
0.0288337
-0.00421334
0.0290854
-0.00450084
0.0294203
-0.00329266
0.0296725
-0.00319198
0.0301566
-0.00186024
0.0302488
-0.00110488
0.030707
0.00043839
0.0305529
0.00211937
0.0305891
0.00353263
0.0304124
0.00531286
0.0303572
0.00628931
0.00746168
0.0242172
0.00674419
0.0257889
0.00611391
0.0268514
0.00538897
0.0275363
0.00440509
0.0280178
0.0036332
0.0285218
0.00283779
0.0289254
0.00233481
0.0292368
0.00185328
0.0294735
0.00147729
0.0294139
0.00118582
0.0295148
0.000904151
0.0295566
0.000939635
0.0296627
0.000972803
0.029947
0.0012014
0.0304336
0.00159624
0.0309966
0.00192097
0.0316266
0.0020897
0.032156
0.00208509
0.0327474
0.00178599
0.0332387
0.0014708
0.0335366
0.000933068
0.0338239
0.000333022
0.0338313
-0.000331853
0.0338025
-0.00121608
0.0335899
-0.00188439
0.0333095
-0.0026876
0.0328839
-0.00333118
0.0323391
-0.00387204
0.0317026
-0.00434446
0.030992
-0.00453478
0.0302545
-0.00467993
0.0295078
-0.00463057
0.0288071
-0.00435072
0.0281564
-0.00413571
0.0275567
-0.00357176
0.02707
-0.00313431
0.0265966
-0.00252315
0.0262323
-0.00184607
0.0259464
-0.0013808
0.0256483
-0.000665248
0.0254477
-0.000151534
0.0252258
0.000266141
0.0250955
0.000881944
0.0250161
0.00108743
0.025044
0.00157991
0.0251721
0.00189401
0.0254412
0.00215694
0.0258122
0.00261144
0.0263832
0.00279996
0.0269984
0.00300358
0.0277436
0.00331344
0.0284932
0.00299222
0.0291822
0.00298375
0.0298099
0.00244929
0.030279
0.00168959
0.0305552
0.000952157
0.0308645
-0.000143285
0.0306454
-0.00133227
0.0305127
-0.00221305
0.0301339
-0.00357276
0.02973
-0.00410921
0.029126
-0.00496657
0.0290705
-0.00567658
0.0287006
-0.0061683
0.0286366
-0.00544056
0.0283332
-0.00576624
0.028386
-0.00498075
0.0282879
-0.00533579
0.0283403
-0.00426573
0.0284151
-0.0045756
0.0286516
-0.00352923
0.0287695
-0.00330989
0.0291369
-0.00222757
0.029223
-0.00119104
0.029665
-3.55352e-06
0.0296233
0.00216102
0.0297641
0.00339189
0.0296845
0.00539245
0.0296663
0.00630747
0.00760554
0.024465
0.00508369
0.0260782
0.00450078
0.0271826
0.00428454
0.0281246
0.00346306
0.0287612
0.00299667
0.0292593
0.00233965
0.0297503
0.0018438
0.0300692
0.00153435
0.0304444
0.00110212
0.0306038
0.00102639
0.0307874
0.000720634
0.0309804
0.000746613
0.0311961
0.00075703
0.0314867
0.000910799
0.0319998
0.00108316
0.0325698
0.00135102
0.0332214
0.00143805
0.0338005
0.001506
0.0343463
0.00124025
0.0348429
0.000974205
0.0351778
0.000598091
0.0354256
8.52111e-05
0.0354511
-0.000357363
0.0352905
-0.00105541
0.0349707
-0.00156461
0.0344884
-0.00220525
0.033845
-0.00268785
0.0330658
-0.0030928
0.0322021
-0.00348073
0.0313017
-0.00363441
0.0304188
-0.00379704
0.0295394
-0.00375119
0.0287526
-0.00356392
0.0280414
-0.00342447
0.0273859
-0.00291625
0.0268344
-0.00258286
0.026306
-0.00199469
0.0259128
-0.00145288
0.0255638
-0.00103183
0.0252669
-0.000368394
0.0250618
5.35698e-05
0.0249172
0.000410742
0.0248666
0.000932568
0.0248027
0.00115133
0.0249504
0.00143225
0.0250716
0.00177276
0.0252877
0.00194082
0.0257126
0.00218662
0.0261679
0.00234464
0.0267113
0.00246011
0.0275043
0.00252051
0.0281332
0.00236332
0.0288573
0.00225962
0.0295454
0.0017612
0.0299448
0.00129015
0.030312
0.000585002
0.03051
-0.000341256
0.0303073
-0.0011296
0.0301802
-0.00208592
0.0297958
-0.00318838
0.0293936
-0.00370707
0.0290719
-0.00464478
0.0288744
-0.0054791
0.0284247
-0.0057186
0.0284036
-0.00541948
0.0278429
-0.0052056
0.027547
-0.00468484
0.0268818
-0.00467061
0.0266177
-0.00400156
0.0261325
-0.00409042
0.0258005
-0.00319726
0.0256574
-0.00316674
0.0254324
-0.00200257
0.0255056
-0.00126424
0.0255896
-8.76049e-05
0.0257935
0.0019571
0.0262843
0.00290111
0.0263963
0.00528052
0.0269616
0.00574216
0.00748394
0.0227423
0.00323824
0.0245001
0.00274296
0.0258932
0.00289143
0.0270815
0.00227478
0.0279485
0.00212969
0.0286326
0.00165552
0.02917
0.0013064
0.029589
0.0011153
0.0299499
0.000741216
0.0302167
0.000759629
0.0304389
0.000498458
0.0306259
0.000559598
0.0308985
0.000484432
0.0311826
0.000626672
0.0315953
0.000670455
0.0321212
0.000825174
0.0326526
0.000906642
0.0332617
0.00089685
0.0336926
0.000809346
0.0341425
0.000524321
0.0344412
0.000299359
0.034599
-7.25471e-05
0.0346236
-0.000381928
0.0343615
-0.000793347
0.0340295
-0.00123263
0.0334084
-0.00158417
0.032737
-0.0020164
0.0318737
-0.0022295
0.0309571
-0.00256415
0.0300532
-0.00273052
0.0290761
-0.00281988
0.0282201
-0.00289525
0.0273462
-0.00268997
0.0265777
-0.00265601
0.0259238
-0.00226235
0.0252444
-0.00190348
0.0247578
-0.00150804
0.0243034
-0.000998469
0.0239096
-0.000638015
0.0237014
-0.000160272
0.0235302
0.000224832
0.0234209
0.000520006
0.0234953
0.000858214
0.0236104
0.00103623
0.0238035
0.00123909
0.0240885
0.00148777
0.024488
0.00154134
0.0249839
0.00169068
0.025482
0.00184657
0.0261267
0.00181544
0.0268534
0.00179385
0.0274489
0.00176773
0.0281795
0.00152907
0.0287881
0.00115257
0.0291685
0.000909822
0.0295179
0.000235519
0.0295792
-0.00040252
0.0293489
-0.000899298
0.0292046
-0.00194161
0.0286749
-0.00265867
0.0281823
-0.00321448
0.0282114
-0.00467394
0.0276897
-0.00495736
0.0267263
-0.00475523
0.025894
-0.00458711
0.0247208
-0.00403243
0.0232699
-0.00323391
0.0215829
-0.00298367
0.020202
-0.00262058
0.0186119
-0.00250036
0.0176844
-0.00226979
0.0168995
-0.00238185
0.0164881
-0.00159117
0.0168287
-0.00160482
0.0163817
0.000359359
0.0174266
0.000912197
0.0177941
0.00253364
0.0188024
0.00427221
0.0205309
0.00401371
0.00685043
0.021053
0.00148552
0.0225587
0.00123731
0.0240493
0.00140084
0.0252814
0.00104268
0.0263331
0.00107798
0.027206
0.000782652
0.0278602
0.00065214
0.0284359
0.000539634
0.028851
0.000326111
0.0292344
0.000376226
0.0295474
0.000185458
0.0298184
0.000288546
0.030137
0.000165826
0.0304683
0.000295385
0.0308479
0.000290902
0.0313364
0.000336653
0.0317988
0.000444263
0.0323765
0.000319095
0.0327577
0.000428136
0.0331624
0.000119688
0.0333463
0.000115393
0.0334352
-0.000161381
0.0333786
-0.000325383
0.0330521
-0.000466797
0.0326376
-0.000818102
0.0319184
-0.000865006
0.0311646
-0.00126257
0.0301757
-0.00124067
0.0291588
-0.00154723
0.028048
-0.0016197
0.0268408
-0.00161265
0.0257803
-0.00183482
0.0246171
-0.00152672
0.0236435
-0.00168245
0.0227295
-0.00134832
0.0218351
-0.0010091
0.0213558
-0.00102871
0.0207389
-0.0003816
0.0202974
-0.000196503
0.02029
-0.000152915
0.0201518
0.000363026
0.0201874
0.000484447
0.0205324
0.000513186
0.0208412
0.000727478
0.0212498
0.000830452
0.0218389
0.000898654
0.0224663
0.000913935
0.0231694
0.000987585
0.023914
0.00110199
0.0247566
0.000972851
0.0255848
0.000965668
0.026337
0.0010155
0.0271293
0.000736785
0.0277045
0.000577375
0.0281094
0.000504881
0.0284
-5.50588e-05
0.0282849
-0.000287375
0.0279432
-0.000557583
0.0274703
-0.00146876
0.0264129
-0.00160123
0.0253634
-0.00216501
0.0245006
-0.00381111
0.0236207
-0.00407753
0.021871
-0.00300547
0.0193473
-0.00206341
0.016115
-0.000800131
0.0130319
-0.00015081
0.0105673
-0.000519066
0.00900085
-0.00105415
0.00785316
-0.00135267
0.00687184
-0.00128847
0.00600876
-0.00151877
0.00528173
-0.000864143
0.0047521
-0.00107519
0.00516458
-5.31224e-05
0.00548385
0.000592927
0.0061922
0.00182529
0.00873382
0.0017306
0.0103997
0.00234783
0.00500348
0.018747
0.0199843
0.0213852
0.0224278
0.0235058
0.0242885
0.0249406
0.0254803
0.0258064
0.0261826
0.026368
0.0266566
0.0268224
0.0271178
0.0274087
0.0277454
0.0281896
0.0285087
0.0289369
0.0290565
0.0291719
0.0290106
0.0286852
0.0282184
0.0274003
0.0265353
0.0252727
0.024032
0.0224848
0.0208651
0.0192524
0.0174176
0.0158909
0.0142085
0.0128601
0.011851
0.0108223
0.0104407
0.0102442
0.0100913
0.0104543
0.0109388
0.011452
0.0121794
0.0130099
0.0139085
0.0148225
0.0158101
0.0169121
0.0178849
0.0188506
0.0198661
0.0206029
0.0211802
0.0216851
0.02163
0.0213427
0.0207851
0.0193163
0.0177151
0.0155501
0.011739
0.00766145
0.00465598
0.00259257
0.00179244
0.00164163
0.00112257
6.84172e-05
-0.00128425
-0.00257272
-0.00409149
-0.00495563
-0.00603082
-0.00608394
-0.00549101
-0.00366572
-0.00193512
0.000412707
)
;

boundaryField
{
    inlet
    {
        type            calculated;
        value           nonuniform List<scalar> 
20
(
-0.01
-0.01
-0.01
-0.01
-0.01
-0.01
-0.01
-0.01
-0.01
-0.01
-0.01
-0.01
-0.01
-0.01
-0.01
-0.01
-0.01
-0.01
-0.01
-0.01
)
;
    }
    outlet
    {
        type            calculated;
        value           nonuniform List<scalar> 10(0.00393208 0.0166177 0.0250098 0.0290224 0.0299851 0.0295224 0.0270832 0.0211644 0.0122467 0.00541618);
    }
    walls
    {
        type            calculated;
        value           uniform 0;
    }
    frontAndBack
    {
        type            empty;
        value           nonuniform List<scalar> 0();
    }
}


// ************************************************************************* //
