/*--------------------------------*- C++ -*----------------------------------*\
| =========                 |                                                 |
| \\      /  F ield         | OpenFOAM: The Open Source CFD Toolbox           |
|  \\    /   O peration     | Version:  2306                                  |
|   \\  /    A nd           | Website:  www.openfoam.com                      |
|    \\/     M anipulation  |                                                 |
\*---------------------------------------------------------------------------*/
FoamFile
{
    version     2.0;
    format      ascii;
    arch        "LSB;label=32;scalar=64";
    class       volVectorField;
    location    "0.325";
    object      U;
}
// * * * * * * * * * * * * * * * * * * * * * * * * * * * * * * * * * * * * * //

dimensions      [0 1 -1 0 0 0 0];

internalField   nonuniform List<vector> 
4400
(
(9.90185 0.0455337 0)
(9.80621 0.0986824 0)
(9.70016 0.120985 0)
(9.57015 0.125764 0)
(9.41827 0.124498 0)
(9.25214 0.123443 0)
(9.0807 0.124149 0)
(8.90814 0.125681 0)
(8.73736 0.126983 0)
(8.56773 0.127411 0)
(8.40022 0.126875 0)
(8.23325 0.125546 0)
(8.06807 0.123771 0)
(7.90315 0.121733 0)
(7.74008 0.119673 0)
(7.57751 0.117519 0)
(7.41708 0.115446 0)
(7.2575 0.113242 0)
(7.10019 0.11108 0)
(6.94407 0.10876 0)
(6.79034 0.106451 0)
(6.63802 0.104049 0)
(6.48819 0.101606 0)
(6.33986 0.0991494 0)
(6.19423 0.0966107 0)
(6.05004 0.0941641 0)
(5.90885 0.0915904 0)
(5.7689 0.0891588 0)
(5.6323 0.0866041 0)
(5.49661 0.0842419 0)
(5.36464 0.0817754 0)
(5.23322 0.0795066 0)
(5.10574 0.0771897 0)
(4.97843 0.0750607 0)
(4.85505 0.0729387 0)
(4.73147 0.0709971 0)
(4.61164 0.0691589 0)
(4.49116 0.0675214 0)
(4.37407 0.0660877 0)
(4.2557 0.06489 0)
(4.14021 0.06403 0)
(4.02267 0.063446 0)
(3.90731 0.0633136 0)
(3.78898 0.0634804 0)
(3.67189 0.0642321 0)
(3.5507 0.0652764 0)
(3.42949 0.0670508 0)
(3.30281 0.0690865 0)
(3.17454 0.0720047 0)
(3.03916 0.0751903 0)
(2.90037 0.0793658 0)
(2.75243 0.0838043 0)
(2.59916 0.08931 0)
(2.43427 0.0949896 0)
(2.26221 0.101764 0)
(2.07571 0.108439 0)
(1.88047 0.116055 0)
(1.66805 0.122998 0)
(1.44597 0.130391 0)
(1.20473 0.135994 0)
(0.954191 0.140849 0)
(0.68408 0.141494 0)
(0.406555 0.135333 0)
(0.128263 0.105258 0)
(-0.1256 0.0513386 0)
(-0.374996 -0.0306458 0)
(-0.555959 -0.121942 0)
(-0.676753 -0.231175 0)
(-0.692004 -0.353865 0)
(-0.631103 -0.492317 0)
(-0.438636 -0.61775 0)
(-0.178996 -0.707236 0)
(0.110297 -0.577275 0)
(0.268238 -0.225318 0)
(0.378463 0.465479 0)
(-0.371076 0.923379 0)
(-0.626554 0.332593 0)
(-0.238758 -0.0847155 0)
(0.0124076 -0.0923414 0)
(-0.116169 -0.256496 0)
(10.0005 0.0612078 0)
(10.0316 0.137419 0)
(10.0699 0.173619 0)
(10.1048 0.184954 0)
(10.1329 0.186109 0)
(10.1498 0.186316 0)
(10.1593 0.188185 0)
(10.1606 0.192077 0)
(10.1595 0.195789 0)
(10.1534 0.199255 0)
(10.1471 0.200979 0)
(10.1364 0.202146 0)
(10.1256 0.202035 0)
(10.1103 0.20191 0)
(10.0943 0.201263 0)
(10.0744 0.200731 0)
(10.0532 0.20009 0)
(10.029 0.199353 0)
(10.003 0.198613 0)
(9.97464 0.197635 0)
(9.94456 0.196635 0)
(9.91225 0.195476 0)
(9.87863 0.194186 0)
(9.84228 0.19285 0)
(9.80561 0.191347 0)
(9.7652 0.189876 0)
(9.72577 0.188244 0)
(9.68135 0.186691 0)
(9.63931 0.18494 0)
(9.59106 0.183416 0)
(9.5463 0.181605 0)
(9.49449 0.180169 0)
(9.44674 0.178395 0)
(9.39152 0.177134 0)
(9.34046 0.175491 0)
(9.28179 0.174568 0)
(9.22707 0.173158 0)
(9.16469 0.172769 0)
(9.10585 0.171802 0)
(9.03924 0.17212 0)
(8.9756 0.171867 0)
(8.90392 0.173121 0)
(8.83459 0.173929 0)
(8.7568 0.176405 0)
(8.68043 0.178732 0)
(8.5953 0.182694 0)
(8.51001 0.187056 0)
(8.41586 0.192907 0)
(8.31938 0.199631 0)
(8.21381 0.208042 0)
(8.10354 0.217281 0)
(7.9833 0.229022 0)
(7.85611 0.240963 0)
(7.71714 0.256593 0)
(7.56922 0.271432 0)
(7.40678 0.291185 0)
(7.2334 0.308936 0)
(7.04227 0.332449 0)
(6.83787 0.352518 0)
(6.6126 0.378445 0)
(6.37132 0.398637 0)
(6.1064 0.423805 0)
(5.82279 0.438475 0)
(5.51441 0.455213 0)
(5.19035 0.452875 0)
(4.84923 0.44996 0)
(4.46857 0.417911 0)
(4.06811 0.385346 0)
(3.59168 0.324906 0)
(3.07635 0.283592 0)
(2.39001 0.216289 0)
(1.57997 0.217445 0)
(0.530139 0.1561 0)
(-0.183902 0.0155575 0)
(-0.580735 0.0940204 0)
(-0.548483 0.0444953 0)
(-0.227957 -0.542634 0)
(-0.590356 -0.678911 0)
(-0.622723 -0.0299848 0)
(-0.514642 0.530494 0)
(10.0005 0.0267921 0)
(10.0164 0.0696229 0)
(10.0432 0.100011 0)
(10.0744 0.117365 0)
(10.1087 0.126964 0)
(10.139 0.131771 0)
(10.1676 0.136 0)
(10.1906 0.140291 0)
(10.2133 0.14538 0)
(10.2326 0.150403 0)
(10.2537 0.154885 0)
(10.2728 0.158748 0)
(10.2935 0.161682 0)
(10.3129 0.164123 0)
(10.3323 0.166161 0)
(10.3512 0.167702 0)
(10.3687 0.169657 0)
(10.3865 0.170615 0)
(10.4019 0.172631 0)
(10.4184 0.17312 0)
(10.4321 0.175009 0)
(10.4469 0.175263 0)
(10.4591 0.176757 0)
(10.4716 0.176987 0)
(10.4827 0.177945 0)
(10.4924 0.178398 0)
(10.5024 0.178747 0)
(10.5089 0.179603 0)
(10.5176 0.179343 0)
(10.5209 0.180643 0)
(10.528 0.180051 0)
(10.528 0.181596 0)
(10.5329 0.18113 0)
(10.53 0.182779 0)
(10.5319 0.1828 0)
(10.526 0.184638 0)
(10.5245 0.185407 0)
(10.5155 0.187592 0)
(10.5102 0.189497 0)
(10.4976 0.192216 0)
(10.4882 0.195544 0)
(10.4714 0.199332 0)
(10.4573 0.204252 0)
(10.4358 0.209782 0)
(10.4164 0.216798 0)
(10.3893 0.224374 0)
(10.3638 0.23445 0)
(10.3298 0.244344 0)
(10.2975 0.258313 0)
(10.2552 0.271173 0)
(10.2147 0.289688 0)
(10.1625 0.306243 0)
(10.1121 0.33007 0)
(10.0477 0.350934 0)
(9.9857 0.380591 0)
(9.9061 0.406511 0)
(9.83023 0.441902 0)
(9.73182 0.472979 0)
(9.63876 0.513674 0)
(9.51768 0.547932 0)
(9.40184 0.592386 0)
(9.25425 0.625009 0)
(9.10655 0.66811 0)
(8.9272 0.6908 0)
(8.73413 0.722628 0)
(8.51404 0.72587 0)
(8.25213 0.73985 0)
(7.96291 0.72582 0)
(7.60957 0.738143 0)
(7.22318 0.742316 0)
(6.75691 0.801478 0)
(6.23934 0.872371 0)
(5.66519 0.99492 0)
(4.99166 0.995323 0)
(4.40277 0.913222 0)
(3.40153 0.78215 0)
(2.75729 0.515209 0)
(1.45657 0.394675 0)
(0.0804339 -0.100795 0)
(-0.188382 -0.49637 0)
(10.0005 0.018911 0)
(10.0097 0.0524415 0)
(10.0283 0.0808313 0)
(10.0506 0.100988 0)
(10.0786 0.11493 0)
(10.1046 0.123001 0)
(10.1324 0.128449 0)
(10.1555 0.132615 0)
(10.1802 0.13616 0)
(10.2007 0.140601 0)
(10.2241 0.143623 0)
(10.2449 0.147988 0)
(10.2687 0.149855 0)
(10.2907 0.153266 0)
(10.3146 0.154093 0)
(10.3378 0.156485 0)
(10.3611 0.157107 0)
(10.3847 0.158705 0)
(10.4072 0.159567 0)
(10.4308 0.160567 0)
(10.4529 0.161717 0)
(10.4761 0.162291 0)
(10.4979 0.163583 0)
(10.5204 0.163778 0)
(10.542 0.165273 0)
(10.5634 0.165141 0)
(10.585 0.166861 0)
(10.6046 0.166611 0)
(10.6263 0.168384 0)
(10.6437 0.168413 0)
(10.6658 0.170071 0)
(10.6801 0.170693 0)
(10.7027 0.172252 0)
(10.7136 0.173752 0)
(10.7363 0.175208 0)
(10.7441 0.178022 0)
(10.7662 0.179349 0)
(10.7709 0.18389 0)
(10.7921 0.185414 0)
(10.7933 0.191794 0)
(10.8133 0.194214 0)
(10.8111 0.202399 0)
(10.8288 0.206694 0)
(10.8243 0.216451 0)
(10.8377 0.224022 0)
(10.832 0.234909 0)
(10.8398 0.247204 0)
(10.8329 0.259456 0)
(10.8348 0.276839 0)
(10.8259 0.292275 0)
(10.822 0.313819 0)
(10.8099 0.335224 0)
(10.8005 0.359852 0)
(10.7838 0.389482 0)
(10.7685 0.416942 0)
(10.7469 0.455877 0)
(10.7238 0.486472 0)
(10.6969 0.534812 0)
(10.6643 0.567953 0)
(10.6283 0.625333 0)
(10.5869 0.658194 0)
(10.5325 0.722711 0)
(10.4823 0.751234 0)
(10.3965 0.816665 0)
(10.33 0.838637 0)
(10.197 0.897184 0)
(10.0982 0.919268 0)
(9.89953 0.975607 0)
(9.75311 1.01676 0)
(9.47212 1.08906 0)
(9.26767 1.1719 0)
(8.88916 1.27413 0)
(8.62395 1.37913 0)
(8.12355 1.46045 0)
(7.76602 1.494 0)
(7.13484 1.52151 0)
(6.5872 1.49012 0)
(5.88255 1.49197 0)
(5.01008 1.48236 0)
(4.14965 1.22469 0)
(10.0004 0.0133585 0)
(10.0065 0.0383173 0)
(10.0202 0.0605744 0)
(10.0364 0.0776472 0)
(10.0594 0.0907554 0)
(10.0807 0.0987157 0)
(10.1069 0.104611 0)
(10.1276 0.108156 0)
(10.1535 0.111432 0)
(10.172 0.114479 0)
(10.1976 0.117195 0)
(10.2155 0.120586 0)
(10.242 0.122595 0)
(10.2604 0.125728 0)
(10.2877 0.126734 0)
(10.307 0.129272 0)
(10.3345 0.129812 0)
(10.3543 0.131648 0)
(10.3814 0.13241 0)
(10.4016 0.133542 0)
(10.4284 0.134906 0)
(10.4485 0.1354 0)
(10.4753 0.137248 0)
(10.4951 0.137267 0)
(10.5219 0.139555 0)
(10.5412 0.139173 0)
(10.5678 0.141973 0)
(10.5865 0.141243 0)
(10.6128 0.144555 0)
(10.6307 0.143832 0)
(10.6565 0.147359 0)
(10.6732 0.147288 0)
(10.6989 0.150661 0)
(10.7136 0.151873 0)
(10.7395 0.154922 0)
(10.7519 0.157764 0)
(10.7776 0.160791 0)
(10.7879 0.165304 0)
(10.8129 0.16883 0)
(10.821 0.17531 0)
(10.8456 0.179298 0)
(10.8506 0.188983 0)
(10.8753 0.192792 0)
(10.8771 0.206946 0)
(10.9007 0.210994 0)
(10.901 0.229233 0)
(10.9214 0.236002 0)
(10.9217 0.256542 0)
(10.9379 0.269204 0)
(10.939 0.290523 0)
(10.9502 0.311772 0)
(10.9526 0.333128 0)
(10.9593 0.364727 0)
(10.9611 0.386951 0)
(10.9673 0.428256 0)
(10.9633 0.454585 0)
(10.9746 0.502936 0)
(10.9595 0.536026 0)
(10.9787 0.590698 0)
(10.9502 0.628593 0)
(10.9758 0.691103 0)
(10.9311 0.730335 0)
(10.9598 0.798942 0)
(10.8918 0.839695 0)
(10.918 0.910497 0)
(10.8165 0.956299 0)
(10.8297 1.03271 0)
(10.6861 1.09107 0)
(10.6718 1.18397 0)
(10.482 1.26547 0)
(10.4243 1.38247 0)
(10.1879 1.49485 0)
(10.0699 1.62249 0)
(9.78805 1.75065 0)
(9.57505 1.85078 0)
(9.24411 1.96313 0)
(8.87307 2.00855 0)
(8.45315 2.06527 0)
(7.84082 2.03828 0)
(7.19029 1.94513 0)
(10.0012 0.00958169 0)
(10.0039 0.027897 0)
(10.0165 0.0449881 0)
(10.0274 0.0584364 0)
(10.0482 0.0703466 0)
(10.0646 0.0772697 0)
(10.0902 0.0838535 0)
(10.1079 0.0866625 0)
(10.1348 0.0905606 0)
(10.1513 0.0923045 0)
(10.1787 0.0954008 0)
(10.1942 0.097378 0)
(10.2228 0.100029 0)
(10.2382 0.101976 0)
(10.268 0.103908 0)
(10.2838 0.105538 0)
(10.3143 0.106855 0)
(10.3306 0.10811 0)
(10.3609 0.109195 0)
(10.3777 0.110252 0)
(10.4077 0.111446 0)
(10.4248 0.112352 0)
(10.4542 0.113682 0)
(10.4717 0.114539 0)
(10.5005 0.116051 0)
(10.5183 0.116901 0)
(10.5462 0.11865 0)
(10.5645 0.119513 0)
(10.5909 0.121671 0)
(10.6101 0.122545 0)
(10.6342 0.125384 0)
(10.6547 0.126242 0)
(10.6765 0.130025 0)
(10.6974 0.131181 0)
(10.7176 0.135509 0)
(10.7379 0.138187 0)
(10.7572 0.141989 0)
(10.776 0.14771 0)
(10.7952 0.150454 0)
(10.8112 0.159653 0)
(10.8321 0.162069 0)
(10.8426 0.17466 0)
(10.8679 0.177253 0)
(10.8703 0.194027 0)
(10.9016 0.196891 0)
(10.8958 0.218036 0)
(10.932 0.223334 0)
(10.9197 0.246721 0)
(10.9594 0.258326 0)
(10.9416 0.281954 0)
(10.9848 0.302261 0)
(10.9616 0.326048 0)
(11.0088 0.356486 0)
(10.9802 0.379999 0)
(11.032 0.422927 0)
(10.9982 0.445554 0)
(11.0544 0.501149 0)
(11.017 0.525805 0)
(11.0749 0.589622 0)
(11.0367 0.621848 0)
(11.0916 0.688532 0)
(11.0543 0.731867 0)
(11.1009 0.798546 0)
(11.0625 0.855922 0)
(11.0972 0.920534 0)
(11.0493 0.999235 0)
(11.071 1.06098 0)
(11.0027 1.17143 0)
(11.007 1.2346 0)
(10.9139 1.38291 0)
(10.89 1.45892 0)
(10.7755 1.63868 0)
(10.71 1.73901 0)
(10.5773 1.92629 0)
(10.4505 2.04927 0)
(10.2862 2.20155 0)
(10.0598 2.333 0)
(9.80752 2.41319 0)
(9.43226 2.53156 0)
(8.99446 2.53478 0)
(10.0024 0.00680937 0)
(10.002 0.0200617 0)
(10.0147 0.0326533 0)
(10.022 0.042975 0)
(10.0412 0.0525534 0)
(10.0549 0.05846 0)
(10.0783 0.0644425 0)
(10.0955 0.066944 0)
(10.1202 0.0706088 0)
(10.1382 0.071741 0)
(10.1633 0.074579 0)
(10.1812 0.0758017 0)
(10.2071 0.0782084 0)
(10.2247 0.0797117 0)
(10.2519 0.0813174 0)
(10.2696 0.0831598 0)
(10.2979 0.0836586 0)
(10.3157 0.0859356 0)
(10.3443 0.0854336 0)
(10.3627 0.0884295 0)
(10.3908 0.0871485 0)
(10.41 0.0909253 0)
(10.4368 0.0889851 0)
(10.4575 0.0935115 0)
(10.4825 0.0913085 0)
(10.5046 0.096063 0)
(10.5279 0.094404 0)
(10.551 0.0985431 0)
(10.5728 0.0984241 0)
(10.5967 0.101359 0)
(10.6167 0.103299 0)
(10.6414 0.1051 0)
(10.6598 0.109104 0)
(10.6841 0.110211 0)
(10.7023 0.1161 0)
(10.7246 0.117133 0)
(10.7438 0.124651 0)
(10.7629 0.126424 0)
(10.7838 0.135279 0)
(10.7989 0.138446 0)
(10.8228 0.148835 0)
(10.8316 0.153781 0)
(10.8614 0.165787 0)
(10.8607 0.173951 0)
(10.8993 0.186225 0)
(10.8867 0.200289 0)
(10.9362 0.21167 0)
(10.9108 0.232518 0)
(10.9708 0.244973 0)
(10.935 0.270853 0)
(11.0017 0.287602 0)
(10.9622 0.317279 0)
(11.0274 0.340263 0)
(10.9941 0.373496 0)
(11.0489 0.40416 0)
(11.0298 0.441283 0)
(11.0691 0.47962 0)
(11.0671 0.522813 0)
(11.0903 0.566808 0)
(11.104 0.618925 0)
(11.1129 0.667054 0)
(11.1377 0.730119 0)
(11.1338 0.782398 0)
(11.1656 0.858291 0)
(11.147 0.917563 0)
(11.1825 1.00722 0)
(11.1464 1.08108 0)
(11.1788 1.18528 0)
(11.125 1.2828 0)
(11.1474 1.40484 0)
(11.0727 1.53298 0)
(11.0844 1.67564 0)
(10.9832 1.83382 0)
(10.9811 1.99788 0)
(10.8488 2.16466 0)
(10.8084 2.35299 0)
(10.6352 2.49133 0)
(10.5114 2.70018 0)
(10.2558 2.79864 0)
(10.0065 3.00414 0)
(10.0032 0.00441187 0)
(10.0009 0.0139253 0)
(10.0137 0.0220352 0)
(10.0191 0.0299588 0)
(10.0367 0.0362394 0)
(10.0493 0.0413448 0)
(10.0701 0.0453789 0)
(10.0881 0.048005 0)
(10.1095 0.0503016 0)
(10.1302 0.0517361 0)
(10.1515 0.0533395 0)
(10.1734 0.0547464 0)
(10.1948 0.056088 0)
(10.2169 0.0575742 0)
(10.2393 0.058698 0)
(10.2615 0.0601721 0)
(10.285 0.0608897 0)
(10.3072 0.0623803 0)
(10.3314 0.0627007 0)
(10.3538 0.0645284 0)
(10.3782 0.0645287 0)
(10.4007 0.0667167 0)
(10.4247 0.0666307 0)
(10.4478 0.0690991 0)
(10.4709 0.0692523 0)
(10.4946 0.0717942 0)
(10.5169 0.0723877 0)
(10.5408 0.0749664 0)
(10.5625 0.0762263 0)
(10.5862 0.0786827 0)
(10.6075 0.0813549 0)
(10.6307 0.0827747 0)
(10.6518 0.0884588 0)
(10.6734 0.0874227 0)
(10.6957 0.0974947 0)
(10.7138 0.0938261 0)
(10.7391 0.107844 0)
(10.7523 0.103367 0)
(10.7813 0.119537 0)
(10.7887 0.116417 0)
(10.8229 0.1337 0)
(10.8217 0.133077 0)
(10.865 0.151102 0)
(10.8514 0.154687 0)
(10.9063 0.171607 0)
(10.88 0.18302 0)
(10.9448 0.196195 0)
(10.9097 0.217939 0)
(10.9795 0.227842 0)
(10.9418 0.25898 0)
(11.0104 0.268194 0)
(10.9771 0.308448 0)
(11.038 0.317052 0)
(11.0161 0.368204 0)
(11.064 0.377259 0)
(11.058 0.436471 0)
(11.0903 0.452855 0)
(11.1022 0.513892 0)
(11.1178 0.544046 0)
(11.1476 0.603422 0)
(11.1467 0.652066 0)
(11.192 0.706419 0)
(11.1759 0.780452 0)
(11.2335 0.827397 0)
(11.2009 0.931161 0)
(11.2692 0.975336 0)
(11.2162 1.10883 0)
(11.2943 1.15989 0)
(11.2157 1.3218 0)
(11.3017 1.39441 0)
(11.1967 1.57656 0)
(11.2808 1.69001 0)
(11.1568 1.88131 0)
(11.2233 2.04023 0)
(11.0809 2.24102 0)
(11.1185 2.42338 0)
(10.9412 2.64247 0)
(10.9219 2.83016 0)
(10.7004 3.05591 0)
(10.5619 3.25387 0)
(10.0031 0.00204957 0)
(10.0008 0.00891372 0)
(10.0124 0.0122165 0)
(10.0182 0.0185748 0)
(10.0332 0.0206284 0)
(10.047 0.0256544 0)
(10.0642 0.0264107 0)
(10.0847 0.0298905 0)
(10.1016 0.029744 0)
(10.1269 0.0321642 0)
(10.1425 0.032003 0)
(10.1706 0.0339117 0)
(10.185 0.0340756 0)
(10.2145 0.0355487 0)
(10.2292 0.0362073 0)
(10.2589 0.0371492 0)
(10.2748 0.0382522 0)
(10.304 0.038591 0)
(10.3218 0.0402197 0)
(10.3498 0.040281 0)
(10.3693 0.0420692 0)
(10.396 0.0424924 0)
(10.4166 0.0438207 0)
(10.4426 0.0454324 0)
(10.4635 0.0459263 0)
(10.4893 0.048785 0)
(10.51 0.0489119 0)
(10.5356 0.0523048 0)
(10.5561 0.0531093 0)
(10.5814 0.0563468 0)
(10.6015 0.058484 0)
(10.6266 0.0614589 0)
(10.6464 0.0652306 0)
(10.6698 0.0677631 0)
(10.6916 0.0738631 0)
(10.7103 0.0756419 0)
(10.7373 0.0843533 0)
(10.7484 0.086226 0)
(10.7821 0.0965146 0)
(10.7852 0.100191 0)
(10.8255 0.111413 0)
(10.8208 0.117298 0)
(10.8678 0.130198 0)
(10.8548 0.138736 0)
(10.9089 0.152043 0)
(10.8889 0.1675 0)
(10.9474 0.176226 0)
(10.9242 0.204776 0)
(10.9836 0.205368 0)
(10.9606 0.248758 0)
(11.0188 0.243641 0)
(10.9991 0.298399 0)
(11.0522 0.293204 0)
(11.042 0.355049 0)
(11.0839 0.355284 0)
(11.089 0.419714 0)
(11.1162 0.432016 0)
(11.1398 0.493305 0)
(11.149 0.524986 0)
(11.1951 0.579074 0)
(11.1821 0.634632 0)
(11.2526 0.681781 0)
(11.217 0.762643 0)
(11.3097 0.807602 0)
(11.251 0.911554 0)
(11.3634 0.96621 0)
(11.2834 1.08479 0)
(11.4039 1.16862 0)
(11.3158 1.29255 0)
(11.4244 1.41945 0)
(11.3372 1.55665 0)
(11.4279 1.71497 0)
(11.3333 1.89342 0)
(11.4023 2.06368 0)
(11.3019 2.29071 0)
(11.322 2.47665 0)
(11.2222 2.7394 0)
(11.1704 2.93951 0)
(11.0445 3.23547 0)
(10.9067 3.44273 0)
(10.0022 -0.000135181 0)
(10.0017 0.00420743 0)
(10.0109 0.00318442 0)
(10.0188 0.00755543 0)
(10.0305 0.00606356 0)
(10.0474 0.00999966 0)
(10.06 0.00841745 0)
(10.0848 0.0113618 0)
(10.0962 0.0100078 0)
(10.1272 0.0120007 0)
(10.1364 0.0113974 0)
(10.1711 0.0125457 0)
(10.1788 0.0127567 0)
(10.215 0.0131362 0)
(10.2231 0.0142967 0)
(10.259 0.0138565 0)
(10.2692 0.015899 0)
(10.3035 0.0148225 0)
(10.3168 0.0175724 0)
(10.3487 0.0163874 0)
(10.3651 0.0192082 0)
(10.3942 0.0185199 0)
(10.4134 0.0210499 0)
(10.4403 0.0211859 0)
(10.4612 0.0235908 0)
(10.4866 0.0242469 0)
(10.5088 0.0269644 0)
(10.5326 0.0279785 0)
(10.5561 0.0311207 0)
(10.5782 0.032838 0)
(10.6025 0.0363245 0)
(10.6239 0.0387201 0)
(10.6476 0.0434313 0)
(10.6686 0.0452734 0)
(10.6928 0.0530338 0)
(10.711 0.053174 0)
(10.7385 0.0645709 0)
(10.7516 0.0640566 0)
(10.7829 0.0772461 0)
(10.7922 0.0790408 0)
(10.825 0.0919035 0)
(10.8324 0.0976726 0)
(10.867 0.110391 0)
(10.8701 0.119985 0)
(10.9097 0.132878 0)
(10.9066 0.14838 0)
(10.9512 0.158349 0)
(10.9448 0.18428 0)
(10.9904 0.189517 0)
(10.9855 0.225236 0)
(11.0282 0.230832 0)
(11.0297 0.270829 0)
(11.064 0.282466 0)
(11.0798 0.324729 0)
(11.0975 0.34366 0)
(11.136 0.388874 0)
(11.1318 0.416873 0)
(11.1965 0.464317 0)
(11.1683 0.502921 0)
(11.2623 0.556038 0)
(11.207 0.602021 0)
(11.3309 0.668391 0)
(11.253 0.718743 0)
(11.3953 0.803904 0)
(11.3087 0.861815 0)
(11.4543 0.96395 0)
(11.3689 1.04552 0)
(11.5069 1.15195 0)
(11.4309 1.28007 0)
(11.5454 1.38667 0)
(11.4944 1.56138 0)
(11.5572 1.69486 0)
(11.5494 1.89741 0)
(11.5445 2.07155 0)
(11.5594 2.31442 0)
(11.5075 2.51632 0)
(11.5015 2.80111 0)
(11.4085 3.03974 0)
(11.3568 3.35579 0)
(11.2086 3.61911 0)
(10.0006 -0.00216124 0)
(10.0034 -0.000721419 0)
(10.0091 -0.00532713 0)
(10.0205 -0.00369873 0)
(10.0289 -0.00782051 0)
(10.0491 -0.00595322 0)
(10.0586 -0.00898021 0)
(10.0862 -0.00752251 0)
(10.0952 -0.00921523 0)
(10.1283 -0.00856059 0)
(10.136 -0.00876612 0)
(10.1718 -0.00920422 0)
(10.1788 -0.00817367 0)
(10.2153 -0.00951314 0)
(10.2237 -0.0074139 0)
(10.259 -0.00953154 0)
(10.2703 -0.00632218 0)
(10.3031 -0.00922145 0)
(10.3187 -0.00462173 0)
(10.3478 -0.00834643 0)
(10.3677 -0.00272085 0)
(10.393 -0.00658963 0)
(10.4166 -0.000975576 0)
(10.4392 -0.00360218 0)
(10.465 0.000953827 0)
(10.4856 0.000157339 0)
(10.5133 0.00395143 0)
(10.5314 0.00414574 0)
(10.5618 0.00861591 0)
(10.5769 0.00869259 0)
(10.6093 0.0147566 0)
(10.6232 0.0144507 0)
(10.6545 0.0224783 0)
(10.6701 0.021332 0)
(10.6986 0.0325607 0)
(10.7157 0.0295529 0)
(10.7434 0.0446441 0)
(10.7589 0.0411153 0)
(10.7882 0.0570014 0)
(10.8017 0.0579223 0)
(10.8314 0.0702253 0)
(10.8443 0.0787248 0)
(10.8743 0.0880037 0)
(10.8853 0.100968 0)
(10.9179 0.112772 0)
(10.926 0.125985 0)
(10.9596 0.142252 0)
(10.9704 0.158706 0)
(10.9981 0.174161 0)
(11.0183 0.200169 0)
(11.0364 0.212681 0)
(11.0686 0.246841 0)
(11.075 0.261961 0)
(11.1243 0.300442 0)
(11.1123 0.319884 0)
(11.1872 0.365775 0)
(11.1516 0.387273 0)
(11.2528 0.443206 0)
(11.1994 0.468275 0)
(11.3181 0.533693 0)
(11.2578 0.567435 0)
(11.3834 0.637171 0)
(11.3276 0.694447 0)
(11.4485 0.753991 0)
(11.4069 0.853908 0)
(11.516 0.89952 0)
(11.4916 1.04111 0)
(11.5851 1.09352 0)
(11.5802 1.2641 0)
(11.6525 1.34186 0)
(11.6618 1.54631 0)
(11.7205 1.65185 0)
(11.7254 1.8945 0)
(11.7635 2.05606 0)
(11.7728 2.3094 0)
(11.7601 2.55151 0)
(11.7593 2.82845 0)
(11.7061 3.12467 0)
(11.6467 3.43237 0)
(11.5482 3.80093 0)
(9.99938 -0.004106 0)
(10.0046 -0.00592488 0)
(10.0087 -0.0139403 0)
(10.0215 -0.0153865 0)
(10.0303 -0.0217221 0)
(10.0502 -0.0224693 0)
(10.0619 -0.0262211 0)
(10.0872 -0.0269534 0)
(10.1001 -0.0281396 0)
(10.1291 -0.0295821 0)
(10.1418 -0.0287117 0)
(10.1724 -0.031286 0)
(10.1849 -0.0290227 0)
(10.2163 -0.0324227 0)
(10.2294 -0.029165 0)
(10.2607 -0.0330575 0)
(10.2756 -0.0287895 0)
(10.3058 -0.0330002 0)
(10.3238 -0.0277204 0)
(10.3511 -0.0320091 0)
(10.3729 -0.0264796 0)
(10.3967 -0.0299021 0)
(10.4221 -0.0252305 0)
(10.4435 -0.0267593 0)
(10.4704 -0.0233909 0)
(10.491 -0.0231151 0)
(10.5185 -0.0202228 0)
(10.5379 -0.0190193 0)
(10.5673 -0.0156043 0)
(10.5839 -0.0138162 0)
(10.6159 -0.00985821 0)
(10.6303 -0.00701942 0)
(10.6623 -0.00264306 0)
(10.6779 0.00101557 0)
(10.7074 0.00706621 0)
(10.7243 0.0100672 0)
(10.7537 0.0193388 0)
(10.768 0.0216839 0)
(10.8003 0.0328525 0)
(10.8124 0.0378742 0)
(10.8436 0.0472925 0)
(10.8595 0.0582761 0)
(10.8848 0.0653274 0)
(10.9057 0.0813792 0)
(10.9288 0.0885812 0)
(10.9488 0.108187 0)
(10.9747 0.116317 0)
(10.9936 0.141123 0)
(11.0181 0.148466 0)
(11.0436 0.180176 0)
(11.0608 0.187938 0)
(11.0957 0.224085 0)
(11.1072 0.237532 0)
(11.1506 0.273382 0)
(11.1555 0.297759 0)
(11.2114 0.331277 0)
(11.2086 0.368884 0)
(11.2737 0.39933 0)
(11.273 0.455028 0)
(11.3378 0.478497 0)
(11.3465 0.557273 0)
(11.408 0.578856 0)
(11.4311 0.670921 0)
(11.4807 0.711104 0)
(11.5291 0.803858 0)
(11.5639 0.872204 0)
(11.6255 0.97838 0)
(11.6719 1.062 0)
(11.7145 1.20433 0)
(11.7936 1.30897 0)
(11.8085 1.47617 0)
(11.9106 1.63815 0)
(11.8987 1.82707 0)
(12.0204 2.03658 0)
(11.9624 2.29064 0)
(12.0862 2.54367 0)
(12 2.83917 0)
(12.059 3.18326 0)
(11.9602 3.50218 0)
(11.9196 3.90177 0)
(9.99966 -0.00599195 0)
(10.0042 -0.0118803 0)
(10.0101 -0.0227043 0)
(10.0218 -0.0282947 0)
(10.0343 -0.0355939 0)
(10.0518 -0.0403079 0)
(10.0687 -0.0430398 0)
(10.0898 -0.047558 0)
(10.1089 -0.0463822 0)
(10.132 -0.051598 0)
(10.1516 -0.0481349 0)
(10.1756 -0.0539529 0)
(10.1949 -0.0500552 0)
(10.2201 -0.0550995 0)
(10.2388 -0.052121 0)
(10.2661 -0.0553453 0)
(10.284 -0.0531459 0)
(10.3132 -0.0552682 0)
(10.3313 -0.0523164 0)
(10.3599 -0.0552364 0)
(10.38 -0.0502069 0)
(10.4064 -0.0545621 0)
(10.4292 -0.04795 0)
(10.454 -0.0523037 0)
(10.4776 -0.045913 0)
(10.5025 -0.0485852 0)
(10.5258 -0.0431375 0)
(10.5501 -0.0439223 0)
(10.5758 -0.0389035 0)
(10.5954 -0.0379775 0)
(10.627 -0.0336931 0)
(10.6405 -0.0299888 0)
(10.6762 -0.027341 0)
(10.6876 -0.020631 0)
(10.7227 -0.0180335 0)
(10.7351 -0.0112867 0)
(10.7696 -0.00469855 0)
(10.7809 -0.000918184 0)
(10.8171 0.010889 0)
(10.8263 0.0140053 0)
(10.8628 0.0259722 0)
(10.8737 0.0356611 0)
(10.9075 0.0418168 0)
(10.92 0.0609096 0)
(10.9552 0.064213 0)
(10.9638 0.0859605 0)
(11.0049 0.0948702 0)
(11.0101 0.114561 0)
(11.0515 0.129077 0)
(11.0636 0.151471 0)
(11.0964 0.167755 0)
(11.1203 0.193274 0)
(11.1464 0.217552 0)
(11.1774 0.238024 0)
(11.203 0.277716 0)
(11.2389 0.293088 0)
(11.2644 0.343624 0)
(11.306 0.36426 0)
(11.3355 0.415775 0)
(11.3767 0.453785 0)
(11.4182 0.499697 0)
(11.457 0.558614 0)
(11.508 0.609143 0)
(11.5522 0.675608 0)
(11.6077 0.749833 0)
(11.6607 0.823366 0)
(11.7226 0.911546 0)
(11.7819 1.02547 0)
(11.8509 1.11315 0)
(11.9238 1.26732 0)
(11.9815 1.40261 0)
(12.0822 1.56501 0)
(12.1213 1.76745 0)
(12.2228 1.98763 0)
(12.264 2.21984 0)
(12.3357 2.52234 0)
(12.3513 2.83458 0)
(12.3886 3.16639 0)
(12.3505 3.60214 0)
(12.3159 3.94803 0)
(9.99965 -0.00778494 0)
(10.0047 -0.0188329 0)
(10.0113 -0.0326483 0)
(10.0246 -0.0421555 0)
(10.0384 -0.0511578 0)
(10.0579 -0.0583046 0)
(10.076 -0.0614853 0)
(10.0983 -0.0673632 0)
(10.1183 -0.0662557 0)
(10.1414 -0.0722129 0)
(10.1621 -0.0693754 0)
(10.185 -0.0750737 0)
(10.206 -0.072908 0)
(10.2299 -0.0765177 0)
(10.2502 -0.0764227 0)
(10.2771 -0.076867 0)
(10.295 -0.0782894 0)
(10.326 -0.0770111 0)
(10.3414 -0.0778122 0)
(10.3745 -0.0773757 0)
(10.3898 -0.0758882 0)
(10.4217 -0.0769579 0)
(10.4396 -0.0738758 0)
(10.4695 -0.0747594 0)
(10.4886 -0.0720783 0)
(10.5186 -0.0711042 0)
(10.5374 -0.0693043 0)
(10.5669 -0.0665161 0)
(10.5881 -0.0648785 0)
(10.6128 -0.0606188 0)
(10.6403 -0.0593513 0)
(10.6586 -0.0527144 0)
(10.69 -0.0524874 0)
(10.7075 -0.0435535 0)
(10.7362 -0.0426081 0)
(10.7574 -0.0342617 0)
(10.7839 -0.0290036 0)
(10.8032 -0.0236593 0)
(10.8355 -0.0133573 0)
(10.8466 -0.00916586 0)
(10.886 0.00345462 0)
(10.8938 0.00949646 0)
(10.9317 0.0232017 0)
(10.9448 0.0306514 0)
(10.9774 0.0480951 0)
(10.994 0.0543125 0)
(11.0278 0.0776888 0)
(11.0422 0.0833702 0)
(11.079 0.109284 0)
(11.0957 0.121774 0)
(11.1295 0.142248 0)
(11.1536 0.168771 0)
(11.1849 0.181521 0)
(11.2126 0.220398 0)
(11.247 0.231447 0)
(11.2785 0.27808 0)
(11.3118 0.291263 0)
(11.3547 0.344842 0)
(11.3833 0.364767 0)
(11.4399 0.419521 0)
(11.465 0.45554 0)
(11.5375 0.511411 0)
(11.5585 0.555505 0)
(11.6467 0.636421 0)
(11.6745 0.669051 0)
(11.7643 0.787792 0)
(11.8151 0.827288 0)
(11.901 0.960265 0)
(11.9799 1.03381 0)
(12.0519 1.20018 0)
(12.1773 1.2817 0)
(12.2267 1.51953 0)
(12.3736 1.64068 0)
(12.4387 1.90695 0)
(12.5555 2.15274 0)
(12.6357 2.42464 0)
(12.7163 2.81108 0)
(12.7651 3.13712 0)
(12.7796 3.60976 0)
(12.7663 4.06564 0)
(9.99865 -0.0102233 0)
(10.0067 -0.0269414 0)
(10.0127 -0.0450618 0)
(10.0307 -0.0574786 0)
(10.0443 -0.0693213 0)
(10.0689 -0.0767603 0)
(10.0862 -0.0814825 0)
(10.1126 -0.0870468 0)
(10.131 -0.0864392 0)
(10.1565 -0.0934776 0)
(10.1762 -0.0896755 0)
(10.1994 -0.0980353 0)
(10.2215 -0.0939811 0)
(10.2438 -0.0999586 0)
(10.2672 -0.0992166 0)
(10.2914 -0.0991409 0)
(10.3128 -0.103396 0)
(10.3414 -0.0976782 0)
(10.3591 -0.10479 0)
(10.3912 -0.0973579 0)
(10.4075 -0.103455 0)
(10.4394 -0.097505 0)
(10.4575 -0.10083 0)
(10.4881 -0.0967691 0)
(10.5063 -0.0974872 0)
(10.5391 -0.0954593 0)
(10.5539 -0.0920954 0)
(10.5901 -0.0938934 0)
(10.6039 -0.0848243 0)
(10.6372 -0.0901263 0)
(10.6575 -0.0782451 0)
(10.6825 -0.0818411 0)
(10.7097 -0.0727758 0)
(10.7314 -0.0704663 0)
(10.7573 -0.0650529 0)
(10.783 -0.0592588 0)
(10.8048 -0.052428 0)
(10.8318 -0.0485794 0)
(10.8557 -0.0357817 0)
(10.8784 -0.0355864 0)
(10.9057 -0.0177426 0)
(10.9292 -0.0173954 0)
(10.9508 0.000578091 0)
(10.984 0.00628778 0)
(10.9966 0.0210312 0)
(11.0356 0.0338523 0)
(11.0498 0.0455893 0)
(11.0836 0.0652092 0)
(11.1067 0.0741916 0)
(11.1363 0.102263 0)
(11.1628 0.106793 0)
(11.1943 0.144933 0)
(11.2239 0.147936 0)
(11.2542 0.186903 0)
(11.2925 0.206724 0)
(11.3211 0.226029 0)
(11.3645 0.278356 0)
(11.4012 0.278656 0)
(11.4406 0.347016 0)
(11.4955 0.357897 0)
(11.5273 0.417229 0)
(11.6006 0.454464 0)
(11.6353 0.508034 0)
(11.7127 0.561427 0)
(11.7734 0.627535 0)
(11.8353 0.691769 0)
(11.9428 0.76809 0)
(11.9823 0.870384 0)
(12.1358 0.946695 0)
(12.1719 1.07883 0)
(12.36 1.22155 0)
(12.3823 1.33128 0)
(12.6425 1.59043 0)
(12.6163 1.71846 0)
(12.925 2.05608 0)
(12.8983 2.30608 0)
(13.1493 2.68797 0)
(13.1634 3.10469 0)
(13.2807 3.5697 0)
(13.2815 4.09985 0)
(9.99852 -0.0135081 0)
(10.0087 -0.0378861 0)
(10.0173 -0.0605653 0)
(10.0389 -0.0767264 0)
(10.0567 -0.090129 0)
(10.0838 -0.0979513 0)
(10.1047 -0.102872 0)
(10.1306 -0.108587 0)
(10.1524 -0.10746 0)
(10.1744 -0.116554 0)
(10.1992 -0.110616 0)
(10.2165 -0.123188 0)
(10.2464 -0.114968 0)
(10.2605 -0.126247 0)
(10.2939 -0.120357 0)
(10.3086 -0.125505 0)
(10.3401 -0.125018 0)
(10.3602 -0.123814 0)
(10.3857 -0.127005 0)
(10.4124 -0.123336 0)
(10.4323 -0.126254 0)
(10.4635 -0.123263 0)
(10.4803 -0.124275 0)
(10.5151 -0.122206 0)
(10.5273 -0.121385 0)
(10.5684 -0.12094 0)
(10.5741 -0.115652 0)
(10.6205 -0.120205 0)
(10.6248 -0.107389 0)
(10.6669 -0.11719 0)
(10.6805 -0.100607 0)
(10.711 -0.108099 0)
(10.7344 -0.0967001 0)
(10.7602 -0.0945111 0)
(10.7815 -0.0911235 0)
(10.8146 -0.0813252 0)
(10.8267 -0.0799973 0)
(10.8663 -0.0692335 0)
(10.877 -0.0645305 0)
(10.9126 -0.0553593 0)
(10.9305 -0.0467113 0)
(10.9588 -0.038136 0)
(10.9824 -0.0264905 0)
(11.0078 -0.0178612 0)
(11.0345 -0.00225997 0)
(11.0567 0.00393812 0)
(11.0902 0.0281196 0)
(11.1061 0.0260461 0)
(11.1476 0.0657706 0)
(11.161 0.0501764 0)
(11.2055 0.106644 0)
(11.2222 0.083648 0)
(11.2663 0.146201 0)
(11.2901 0.129394 0)
(11.3323 0.187571 0)
(11.3655 0.184108 0)
(11.4066 0.235868 0)
(11.4477 0.247658 0)
(11.4952 0.291507 0)
(11.5378 0.322206 0)
(11.6009 0.358471 0)
(11.6421 0.408293 0)
(11.7207 0.438867 0)
(11.7736 0.512629 0)
(11.8538 0.543176 0)
(11.9289 0.618303 0)
(12.0344 0.708249 0)
(12.0873 0.723674 0)
(12.2734 0.910562 0)
(12.2857 0.921528 0)
(12.5355 1.09928 0)
(12.5718 1.22999 0)
(12.8233 1.37262 0)
(12.9196 1.62895 0)
(13.171 1.80916 0)
(13.2998 2.18701 0)
(13.5306 2.49455 0)
(13.6634 2.99459 0)
(13.8012 3.50405 0)
(13.9104 4.11844 0)
(9.99776 -0.0189949 0)
(10.0128 -0.0520197 0)
(10.0257 -0.0810638 0)
(10.0529 -0.0996214 0)
(10.078 -0.115247 0)
(10.1052 -0.121344 0)
(10.1348 -0.128236 0)
(10.153 -0.132041 0)
(10.1864 -0.133514 0)
(10.1954 -0.142472 0)
(10.2343 -0.137205 0)
(10.2377 -0.152117 0)
(10.2808 -0.140735 0)
(10.2849 -0.157045 0)
(10.3256 -0.145112 0)
(10.3376 -0.156843 0)
(10.3675 -0.149892 0)
(10.3934 -0.154586 0)
(10.4082 -0.153182 0)
(10.4486 -0.152462 0)
(10.4506 -0.154933 0)
(10.501 -0.149199 0)
(10.4958 -0.156909 0)
(10.5513 -0.143681 0)
(10.5418 -0.158094 0)
(10.6006 -0.139144 0)
(10.589 -0.153413 0)
(10.6467 -0.139287 0)
(10.6404 -0.141912 0)
(10.6864 -0.140307 0)
(10.6966 -0.130776 0)
(10.7229 -0.134083 0)
(10.751 -0.125197 0)
(10.7639 -0.120311 0)
(10.7983 -0.120238 0)
(10.8096 -0.105814 0)
(10.8433 -0.110033 0)
(10.8525 -0.0923517 0)
(10.8927 -0.0960454 0)
(10.8908 -0.076413 0)
(10.9433 -0.0803115 0)
(10.9326 -0.0580389 0)
(10.9876 -0.0599428 0)
(10.9828 -0.0403495 0)
(11.0277 -0.032884 0)
(11.0362 -0.0220519 0)
(11.0709 -0.00363679 0)
(11.0917 0.00313594 0)
(11.1162 0.0229242 0)
(11.1532 0.0378999 0)
(11.1647 0.0475955 0)
(11.2198 0.0820384 0)
(11.2222 0.0702307 0)
(11.2885 0.136943 0)
(11.2946 0.0980128 0)
(11.3585 0.187376 0)
(11.3844 0.152389 0)
(11.4351 0.22455 0)
(11.4859 0.22589 0)
(11.5343 0.271899 0)
(11.5948 0.300044 0)
(11.6547 0.335412 0)
(11.7331 0.384726 0)
(11.7845 0.414639 0)
(11.9071 0.476452 0)
(11.9471 0.524469 0)
(12.1027 0.585752 0)
(12.1627 0.662124 0)
(12.3385 0.720085 0)
(12.4358 0.855453 0)
(12.6097 0.895395 0)
(12.7901 1.09215 0)
(12.9799 1.17299 0)
(13.183 1.40089 0)
(13.4676 1.60041 0)
(13.667 1.89827 0)
(13.9818 2.25933 0)
(14.2249 2.75636 0)
(14.4112 3.30672 0)
(14.6363 4.09669 0)
(9.99633 -0.0271233 0)
(10.0206 -0.0691762 0)
(10.0405 -0.0998963 0)
(10.0766 -0.116797 0)
(10.1096 -0.126533 0)
(10.1373 -0.131386 0)
(10.1739 -0.134831 0)
(10.1836 -0.140861 0)
(10.2253 -0.142189 0)
(10.2216 -0.152777 0)
(10.2696 -0.148976 0)
(10.2612 -0.162632 0)
(10.3091 -0.153943 0)
(10.3061 -0.167623 0)
(10.3429 -0.158346 0)
(10.3545 -0.169201 0)
(10.3711 -0.162085 0)
(10.4025 -0.169994 0)
(10.3961 -0.164034 0)
(10.447 -0.170627 0)
(10.4207 -0.165203 0)
(10.4863 -0.168729 0)
(10.4464 -0.16765 0)
(10.5195 -0.163494 0)
(10.474 -0.169631 0)
(10.545 -0.1589 0)
(10.5053 -0.165452 0)
(10.5613 -0.159286 0)
(10.541 -0.153783 0)
(10.5702 -0.161497 0)
(10.5764 -0.140948 0)
(10.5797 -0.158333 0)
(10.6034 -0.131452 0)
(10.5971 -0.14941 0)
(10.6192 -0.121602 0)
(10.6211 -0.13915 0)
(10.6301 -0.108661 0)
(10.6447 -0.126634 0)
(10.642 -0.0956716 0)
(10.6685 -0.108905 0)
(10.6522 -0.0826043 0)
(10.6976 -0.0892078 0)
(10.6613 -0.0637781 0)
(10.7284 -0.072428 0)
(10.6787 -0.0370039 0)
(10.7552 -0.0563388 0)
(10.7073 -0.00727395 0)
(10.7854 -0.0353654 0)
(10.7399 0.0231157 0)
(10.8295 -0.0122873 0)
(10.7735 0.060049 0)
(10.8901 0.00939249 0)
(10.8123 0.0998213 0)
(10.9679 0.0389597 0)
(10.8608 0.139275 0)
(11.0601 0.0680388 0)
(10.9375 0.200044 0)
(11.1423 0.0810583 0)
(11.0744 0.285488 0)
(11.2059 0.0961403 0)
(11.2581 0.369532 0)
(11.2989 0.142803 0)
(11.4365 0.427096 0)
(11.4879 0.251327 0)
(11.5692 0.436569 0)
(11.7969 0.415591 0)
(11.7249 0.481127 0)
(12.1015 0.509508 0)
(12.0444 0.691 0)
(12.399 0.540147 0)
(12.4325 0.890482 0)
(12.8421 0.786728 0)
(12.8787 1.02516 0)
(13.4192 1.1532 0)
(13.5018 1.31079 0)
(14.1044 1.60941 0)
(14.3304 1.86987 0)
(14.9256 2.46148 0)
(15.1719 2.98571 0)
(15.6655 4.05092 0)
(9.99699 -0.0622311 0)
(10.0349 -0.13627 0)
(10.067 -0.174227 0)
(10.1068 -0.184055 0)
(10.1325 -0.186584 0)
(10.1493 -0.185236 0)
(10.1631 -0.188598 0)
(10.1564 -0.190598 0)
(10.1681 -0.196271 0)
(10.1457 -0.197006 0)
(10.1605 -0.202025 0)
(10.1268 -0.198373 0)
(10.1416 -0.204317 0)
(10.1022 -0.195929 0)
(10.1103 -0.204759 0)
(10.0719 -0.193103 0)
(10.0665 -0.20327 0)
(10.0354 -0.191365 0)
(10.0125 -0.199628 0)
(9.9923 -0.189967 0)
(9.95089 -0.195253 0)
(9.943 -0.186524 0)
(9.88381 -0.191975 0)
(9.88673 -0.180176 0)
(9.81429 -0.189255 0)
(9.82117 -0.172359 0)
(9.74763 -0.184801 0)
(9.74332 -0.164598 0)
(9.68758 -0.178487 0)
(9.65413 -0.155367 0)
(9.6323 -0.172496 0)
(9.56145 -0.142679 0)
(9.5751 -0.1669 0)
(9.47446 -0.12875 0)
(9.51174 -0.15763 0)
(9.39712 -0.117197 0)
(9.4444 -0.143304 0)
(9.3285 -0.10559 0)
(9.37822 -0.12921 0)
(9.26715 -0.0879748 0)
(9.31856 -0.119129 0)
(9.21062 -0.0645369 0)
(9.27466 -0.109555 0)
(9.15145 -0.0405599 0)
(9.25843 -0.096251 0)
(9.08703 -0.0173298 0)
(9.26851 -0.080943 0)
(9.03189 0.00878658 0)
(9.29107 -0.0656254 0)
(9.00247 0.0363677 0)
(9.32018 -0.0476019 0)
(9.00355 0.0649788 0)
(9.36499 -0.0298183 0)
(9.02841 0.100975 0)
(9.4439 -0.0194699 0)
(9.05809 0.150094 0)
(9.59754 -0.0115615 0)
(9.04684 0.194256 0)
(9.86644 0.025103 0)
(9.02598 0.208828 0)
(10.13 0.0982555 0)
(9.18757 0.216907 0)
(10.245 0.16564 0)
(9.56323 0.267519 0)
(10.3011 0.18981 0)
(10.0719 0.386211 0)
(10.3715 0.150749 0)
(10.612 0.556872 0)
(10.7213 0.158959 0)
(10.9643 0.67041 0)
(11.4155 0.270898 0)
(11.4619 0.775953 0)
(12.0116 0.418659 0)
(12.339 0.987963 0)
(12.749 0.60557 0)
(13.3882 1.22694 0)
(13.9914 1.09213 0)
(14.8044 1.7022 0)
(15.6171 2.12447 0)
(16.5288 3.09535 0)
(9.89948 -0.0452881 0)
(9.80847 -0.0988768 0)
(9.69697 -0.120614 0)
(9.57284 -0.126209 0)
(9.41547 -0.123951 0)
(9.25568 -0.123998 0)
(9.07834 -0.123295 0)
(8.91222 -0.126349 0)
(8.73545 -0.125837 0)
(8.57308 -0.128116 0)
(8.3991 -0.125591 0)
(8.24044 -0.126044 0)
(8.06772 -0.122667 0)
(7.91285 -0.121572 0)
(7.74095 -0.11902 0)
(7.59064 -0.116466 0)
(7.42 -0.115083 0)
(7.27491 -0.111293 0)
(7.10652 -0.110599 0)
(6.96691 -0.106281 0)
(6.80215 -0.105292 0)
(6.66825 -0.101164 0)
(6.50745 -0.0992407 0)
(6.38029 -0.0960238 0)
(6.22305 -0.0923654 0)
(6.10504 -0.090799 0)
(5.95036 -0.0847755 0)
(5.84364 -0.0852619 0)
(5.69115 -0.0772284 0)
(5.59679 -0.07849 0)
(5.44799 -0.0703165 0)
(5.36471 -0.0700199 0)
(5.22393 -0.0635959 0)
(5.14729 -0.0609992 0)
(5.02188 -0.0553995 0)
(4.94593 -0.053089 0)
(4.84245 -0.0450656 0)
(4.7654 -0.0456228 0)
(4.683 -0.0349181 0)
(4.6114 -0.035582 0)
(4.54356 -0.0274506 0)
(4.48198 -0.023234 0)
(4.43496 -0.0195191 0)
(4.36545 -0.0148571 0)
(4.37093 -0.00511751 0)
(4.2578 -0.0140233 0)
(4.34773 0.0134233 0)
(4.17448 -0.013389 0)
(4.35152 0.0266745 0)
(4.12586 -0.00591779 0)
(4.38687 0.035179 0)
(4.09715 0.00507721 0)
(4.483 0.0497953 0)
(4.064 -0.00113943 0)
(4.64953 0.0925691 0)
(4.05255 -0.0230531 0)
(4.85451 0.126 0)
(4.06819 -0.0220155 0)
(5.15932 0.166911 0)
(4.04529 -0.0679827 0)
(5.57127 0.254846 0)
(4.08209 -0.0840075 0)
(6.01942 0.281606 0)
(4.18058 -0.127196 0)
(6.49371 0.507266 0)
(4.58724 -0.343544 0)
(6.62105 0.639473 0)
(5.46193 -0.16881 0)
(6.81448 0.444315 0)
(5.9855 -0.0840692 0)
(7.84741 0.754695 0)
(6.22898 -0.48139 0)
(8.88084 1.25435 0)
(7.25293 -0.587944 0)
(9.7631 1.38564 0)
(8.70193 -0.498333 0)
(11.217 1.70504 0)
(10.7012 -0.281807 0)
(13.5949 2.16872 0)
(14.0123 0.667256 0)
(-0.207854 -0.296354 0)
(0.0240272 -0.184318 0)
(0.168662 -0.0484874 0)
(0.305484 -0.004874 0)
(0.445998 0.0119161 0)
(0.520384 0.00469038 0)
(0.524983 0.0287482 0)
(0.434225 0.0682625 0)
(0.320188 0.0582969 0)
(0.187727 0.0388919 0)
(-0.136249 0.215508 0)
(-0.901151 0.511264 0)
(-1.79637 0.431602 0)
(-2.21589 0.291574 0)
(-2.70813 0.245715 0)
(-2.82412 0.0348621 0)
(-2.70144 -0.0406809 0)
(-2.41712 -0.172385 0)
(-1.80873 -0.296894 0)
(-0.537569 -0.502755 0)
(-0.361385 0.181985 0)
(-0.00893135 -0.166675 0)
(0.263354 -0.229551 0)
(0.310498 -0.313115 0)
(0.344031 -0.235957 0)
(0.393445 -0.077763 0)
(0.427249 0.0669161 0)
(0.339434 0.154667 0)
(0.0174852 0.181318 0)
(-0.607596 0.475284 0)
(-1.49538 0.953113 0)
(-2.16634 1.07305 0)
(-2.68522 0.814808 0)
(-3.00383 0.634066 0)
(-3.29003 0.372933 0)
(-3.31206 0.0282218 0)
(-3.17517 -0.269732 0)
(-2.62732 -0.881523 0)
(-1.92459 -1.39356 0)
(-0.212341 -1.97833 0)
(-0.531757 -1.0256 0)
(-0.691588 -0.933599 0)
(-0.354838 -0.303665 0)
(0.0427955 -0.0536204 0)
(0.338049 -0.102289 0)
(0.331657 -0.101901 0)
(0.0955458 0.075899 0)
(-0.156155 0.506337 0)
(-0.511545 0.973183 0)
(-1.10986 1.41942 0)
(-1.84357 1.66008 0)
(-2.25392 1.55343 0)
(-2.46788 1.19542 0)
(-2.71851 0.903422 0)
(-2.74688 0.49289 0)
(-2.71986 -0.0286195 0)
(-2.49458 -0.690579 0)
(-1.69413 -1.81414 0)
(-1.31794 -2.63924 0)
(0.125525 -3.04063 0)
(2.95461 0.936389 0)
(1.11775 -0.102781 0)
(-0.155917 -1.1333 0)
(-0.467226 -1.1603 0)
(-0.340702 -0.521914 0)
(0.0835484 0.227098 0)
(0.0861641 0.56521 0)
(-0.215237 0.759423 0)
(-0.810337 1.19319 0)
(-1.24993 1.87427 0)
(-1.60814 2.1074 0)
(-1.80102 1.77597 0)
(-1.98491 1.36466 0)
(-2.01536 0.931808 0)
(-1.75692 0.347124 0)
(-1.60829 -0.207769 0)
(-1.36631 -1.03032 0)
(-0.553212 -2.24918 0)
(-0.706437 -2.9555 0)
(0.0277362 -3.13398 0)
(6.30739 1.82185 0)
(5.32629 1.63513 0)
(4.2641 1.51083 0)
(2.04653 0.480711 0)
(0.0908854 -0.677964 0)
(-0.472232 -0.55007 0)
(-0.423628 0.302223 0)
(-0.109221 1.44228 0)
(-0.171257 1.99296 0)
(-0.570105 2.17446 0)
(-1.05922 2.05933 0)
(-1.28579 1.8454 0)
(-1.33871 1.42259 0)
(-1.10975 0.698001 0)
(-0.754357 0.0252798 0)
(-0.701172 -0.515032 0)
(-0.60496 -1.40072 0)
(0.117603 -2.41829 0)
(-0.481076 -2.94562 0)
(0.0215313 -3.58614 0)
(8.42759 2.59181 0)
(7.70268 2.51894 0)
(6.77212 2.41053 0)
(5.59003 2.25708 0)
(4.10359 2.03278 0)
(1.86985 1.02593 0)
(-0.144179 0.232966 0)
(-0.582024 0.609931 0)
(-0.216533 1.55766 0)
(0.255253 2.63609 0)
(0.213558 2.92035 0)
(0.131537 2.29572 0)
(-0.0988288 1.45426 0)
(-0.0981212 0.4299 0)
(0.0230127 -0.0978492 0)
(0.135958 -0.361138 0)
(0.0290749 -1.65273 0)
(0.434828 -2.40557 0)
(-0.543754 -2.89922 0)
(0.273448 -3.83761 0)
(9.5888 3.05992 0)
(9.1353 3.21593 0)
(8.45393 3.21741 0)
(7.66868 3.31392 0)
(6.65344 3.25106 0)
(5.24628 3.10357 0)
(3.47455 2.565 0)
(1.43155 1.77711 0)
(0.021271 1.32207 0)
(-0.337747 1.8013 0)
(0.165087 2.24204 0)
(0.392291 2.20245 0)
(0.256626 1.78079 0)
(0.514019 0.583443 0)
(0.620766 -0.244533 0)
(0.943834 -0.765497 0)
(0.355048 -1.86547 0)
(0.182691 -2.29342 0)
(-0.820243 -2.83962 0)
(0.432586 -3.86618 0)
(10.2722 3.45637 0)
(9.94477 3.67091 0)
(9.52798 3.83483 0)
(8.94113 4.02562 0)
(8.29684 4.18259 0)
(7.4005 4.21943 0)
(6.29133 4.15836 0)
(4.7659 3.77368 0)
(3.08572 3.05621 0)
(1.44951 2.42734 0)
(0.575527 2.02975 0)
(0.501075 1.84067 0)
(0.389741 1.15772 0)
(0.667658 0.0413829 0)
(0.305088 -0.337633 0)
(0.518344 0.105699 0)
(0.0660778 -0.228249 0)
(0.276791 -0.805829 0)
(-0.0655028 -2.6014 0)
(0.804661 -3.85852 0)
(10.7194 3.76958 0)
(10.4662 3.95883 0)
(10.1719 4.3358 0)
(9.78212 4.49655 0)
(9.32799 4.81968 0)
(8.73259 5.01919 0)
(8.09185 5.14799 0)
(7.15132 5.02033 0)
(6.0081 4.75796 0)
(4.63503 4.0664 0)
(3.28133 3.23547 0)
(2.38787 2.38895 0)
(1.54522 1.64713 0)
(2.14409 0.407344 0)
(2.12245 -0.431043 0)
(2.12346 -1.06472 0)
(1.41683 -2.37316 0)
(1.7811 -3.11528 0)
(1.45874 -4.17511 0)
(1.26905 -4.29001 0)
(11.0777 3.97101 0)
(10.8677 4.26835 0)
(10.6464 4.58429 0)
(10.3166 4.96865 0)
(10.0429 5.2264 0)
(9.59404 5.53696 0)
(9.14982 5.7803 0)
(8.61212 5.90426 0)
(7.84511 5.74768 0)
(7.11271 5.2748 0)
(5.85372 4.56233 0)
(5.43965 3.16174 0)
(4.71917 1.37328 0)
(4.94654 -0.108415 0)
(4.40868 0.0639234 0)
(4.76687 1.17137 0)
(4.0208 1.37425 0)
(3.53248 0.259252 0)
(2.56817 -0.393026 0)
(1.90503 0.00395581 0)
(11.4204 4.09244 0)
(11.2327 4.53468 0)
(11.0482 4.84407 0)
(10.7875 5.22527 0)
(10.4809 5.61618 0)
(10.2033 5.92043 0)
(9.81869 6.17142 0)
(9.50018 6.35196 0)
(8.83499 6.42889 0)
(8.38716 6.18327 0)
(6.91926 5.61069 0)
(5.5985 5.03522 0)
(2.70671 3.43067 0)
(-1.57803 0.0315699 0)
(-4.2446 -0.408176 0)
(-4.46964 -0.984004 0)
(-3.62656 -2.46174 0)
(-3.34909 -3.12985 0)
(-2.05321 -3.06351 0)
(-0.642158 -1.16256 0)
(11.7783 4.29566 0)
(11.6491 4.66251 0)
(11.4038 5.13524 0)
(11.2127 5.49193 0)
(10.897 5.86711 0)
(10.6314 6.26201 0)
(10.1868 6.56554 0)
(10.0287 6.72707 0)
(9.44297 6.76386 0)
(9.41144 6.72549 0)
(8.77511 6.18787 0)
(8.476 5.63165 0)
(8.24403 5.49622 0)
(7.54227 5.16147 0)
(6.57796 3.89176 0)
(4.59265 2.0634 0)
(4.55079 0.107479 0)
(3.67595 -0.412525 0)
(2.69203 -1.42234 0)
(-0.245699 -2.1848 0)
(12.1941 4.45827 0)
(12.0649 4.87637 0)
(11.8435 5.31841 0)
(11.6061 5.81106 0)
(11.2638 6.18013 0)
(11.0446 6.50369 0)
(10.5175 6.81843 0)
(10.2957 7.21542 0)
(9.51232 7.33656 0)
(9.02799 7.60275 0)
(8.27528 7.84386 0)
(6.87888 7.29177 0)
(5.46582 6.19301 0)
(4.47075 4.71497 0)
(3.70487 3.08023 0)
(2.94814 1.12424 0)
(2.22043 -1.3158 0)
(1.1285 -1.66456 0)
(0.908289 -0.519599 0)
(0.47122 0.525066 0)
(12.6668 4.55179 0)
(12.5554 5.09098 0)
(12.2862 5.60805 0)
(12.0939 6.06568 0)
(11.5894 6.6149 0)
(11.4062 7.00699 0)
(10.8424 7.11787 0)
(10.8216 7.2374 0)
(10.6423 7.25627 0)
(10.5498 7.00051 0)
(10.8771 7.17917 0)
(10.8407 7.41484 0)
(9.85618 7.03961 0)
(8.46509 5.81711 0)
(6.56528 4.31906 0)
(5.2563 2.54138 0)
(3.6217 1.3246 0)
(1.37084 0.726946 0)
(0.293494 -0.275945 0)
(-0.057964 -0.402377 0)
(13.2067 4.70195 0)
(13.1252 5.27531 0)
(12.8029 5.89746 0)
(12.6307 6.43613 0)
(12.034 6.80252 0)
(11.6796 7.49328 0)
(10.7707 8.00167 0)
(9.94073 8.3185 0)
(9.08124 8.81097 0)
(7.74639 8.55634 0)
(6.78975 7.93608 0)
(7.38486 7.90981 0)
(7.91662 8.01965 0)
(8.17621 7.56671 0)
(6.953 6.55565 0)
(5.65844 4.80684 0)
(3.6941 3.09761 0)
(1.90929 1.76089 0)
(1.02769 0.737322 0)
(0.21177 0.559632 0)
(13.8404 4.78914 0)
(13.8292 5.57287 0)
(13.372 6.25675 0)
(13.2199 7.09105 0)
(12.5614 7.42116 0)
(12.3643 7.41694 0)
(12.2367 7.71135 0)
(12.0196 7.66755 0)
(12.2418 8.10104 0)
(11.8978 8.73577 0)
(10.4311 8.37495 0)
(8.72234 7.80805 0)
(7.57018 7.31039 0)
(7.35677 7.37106 0)
(6.78058 7.12507 0)
(5.94362 5.91875 0)
(4.33526 4.65051 0)
(2.58648 3.17119 0)
(1.47496 1.75355 0)
(0.439014 1.07742 0)
(14.5839 4.80504 0)
(14.6259 5.7617 0)
(14.1983 6.50577 0)
(13.7395 7.4902 0)
(12.8011 8.68521 0)
(11.2468 9.23406 0)
(9.94762 9.56123 0)
(8.43988 9.35714 0)
(7.99149 8.85736 0)
(9.12686 9.38496 0)
(9.93115 9.74005 0)
(9.52552 9.4994 0)
(8.2578 8.64353 0)
(7.45902 8.08562 0)
(6.84918 7.84199 0)
(6.05258 7.25428 0)
(4.60539 6.23519 0)
(3.1382 4.63191 0)
(1.82858 2.96232 0)
(0.611564 2.25647 0)
(15.6471 5.06005 0)
(15.6535 6.30835 0)
(15.1432 7.24167 0)
(14.7194 7.48765 0)
(14.8262 8.05342 0)
(14.5167 8.62787 0)
(14.0777 9.35985 0)
(12.8568 9.69329 0)
(10.3991 9.18916 0)
(8.62886 8.70065 0)
(8.32254 9.16646 0)
(8.72645 9.75169 0)
(8.14415 9.45763 0)
(7.36875 8.84039 0)
(6.61402 8.58634 0)
(6.0168 8.35402 0)
(4.76566 7.45254 0)
(3.48575 5.92104 0)
(1.98459 4.33517 0)
(0.701137 3.47348 0)
(17.2429 4.88826 0)
(17.2682 6.83924 0)
(16.3672 9.10551 0)
(13.6071 10.2309 0)
(11.2349 10.4878 0)
(10.2123 10.1508 0)
(10.4988 10.2692 0)
(11.9312 11.1637 0)
(11.9168 11.2671 0)
(10.2494 10.4495 0)
(8.36554 9.62861 0)
(7.93499 9.90289 0)
(7.51054 10.1068 0)
(6.86894 9.66442 0)
(6.27341 9.35614 0)
(5.72683 9.01638 0)
(4.73207 8.40151 0)
(3.61872 7.1549 0)
(2.17183 5.75868 0)
(0.794542 4.83653 0)
(16.9749 3.54055 0)
(18.853 5.91496 0)
(20.3482 8.6127 0)
(19.4671 10.3923 0)
(16.7541 11.1927 0)
(13.2844 10.9674 0)
(9.98511 9.78892 0)
(9.31004 10.0187 0)
(10.5672 11.4291 0)
(10.8433 11.7487 0)
(9.41439 10.9587 0)
(8.20609 10.3476 0)
(7.47344 10.4416 0)
(6.71717 10.1658 0)
(5.9398 9.81181 0)
(5.36269 9.84416 0)
(4.66755 9.33628 0)
(3.35848 8.43016 0)
(2.23894 7.24356 0)
(0.617468 6.27313 0)
(2.12051 1.06211 0)
(8.70067 5.12721 0)
(12.9125 8.81328 0)
(16.2544 12.2622 0)
(16.7581 13.5924 0)
(15.505 13.8863 0)
(12.6817 12.734 0)
(9.56278 10.8188 0)
(8.84733 10.8661 0)
(9.79013 12.1641 0)
(9.26941 12.2018 0)
(8.29436 11.705 0)
(7.4334 11.4323 0)
(6.60894 11.0851 0)
(5.66525 10.7812 0)
(4.98384 10.5147 0)
(4.13091 10.2908 0)
(2.91455 9.38745 0)
(1.86714 8.48138 0)
(0.644676 7.62503 0)
(-3.66363 -6.24669 0)
(2.9453 -1.83799 0)
(6.81832 3.52161 0)
(10.2599 9.07883 0)
(13.0153 12.9194 0)
(14.0098 14.3961 0)
(13.5542 14.5711 0)
(11.3544 13.1293 0)
(8.83306 11.3981 0)
(8.73001 11.8146 0)
(8.79286 12.4794 0)
(8.15121 12.333 0)
(7.47012 12.3068 0)
(6.60018 11.9471 0)
(5.47079 11.5433 0)
(4.65517 11.4454 0)
(3.9436 11.2816 0)
(2.78257 10.6388 0)
(1.62677 9.64773 0)
(0.693435 8.95421 0)
(0.273602 -0.0719314 0)
(-3.1661 -5.76778 0)
(0.328256 0.677664 0)
(4.93032 6.52625 0)
(7.44624 10.2982 0)
(10.7027 13.8688 0)
(12.4366 15.2202 0)
(12.3016 14.8678 0)
(10.0702 13.1349 0)
(8.57129 12.3436 0)
(8.12516 12.7266 0)
(7.66851 13.0267 0)
(7.14527 13.1189 0)
(6.49862 13.0469 0)
(5.44656 12.6254 0)
(4.63356 12.2602 0)
(3.80243 12.3121 0)
(2.67703 11.6 0)
(1.61032 10.7187 0)
(0.369208 9.85809 0)
(0.187991 -2.66925 0)
(-1.37711 -1.70973 0)
(-4.89726 -3.61109 0)
(0.240157 4.6135 0)
(0.952593 6.66677 0)
(4.17445 9.36186 0)
(9.47888 14.3372 0)
(12.0081 16.0257 0)
(11.285 15.0102 0)
(9.2055 13.5089 0)
(8.01185 13.1106 0)
(7.50608 13.3252 0)
(7.05678 13.7052 0)
(6.37773 13.654 0)
(5.32747 13.5064 0)
(4.43942 13.2383 0)
(3.58557 13.13 0)
(2.5272 12.7401 0)
(1.59173 11.8267 0)
(0.42987 10.9524 0)
(-1.64271 0.560844 0)
(-3.43129 -1.65172 0)
(-5.98445 -0.819653 0)
(-5.93643 1.27741 0)
(-0.518097 6.38533 0)
(-1.68848 4.15859 0)
(3.11331 8.1588 0)
(9.70399 14.5705 0)
(11.7161 16.2711 0)
(10.5774 15.4555 0)
(8.62481 14.4402 0)
(7.3567 14.0792 0)
(6.75045 14.3012 0)
(6.1594 14.5676 0)
(5.1487 14.2238 0)
(4.33334 14.0395 0)
(3.48793 14.1889 0)
(2.39742 13.4961 0)
(1.49422 12.8971 0)
(0.411852 12.0491 0)
(-1.14617 2.50159 0)
(-2.82601 1.46068 0)
(-4.90892 -0.438794 0)
(-5.95201 -0.124401 0)
(-4.18191 1.6408 0)
(0.431181 4.47428 0)
(0.193232 2.5353 0)
(4.73885 8.67436 0)
(10.0814 14.6258 0)
(11.15 16.3052 0)
(9.71716 15.9421 0)
(7.88748 15.327 0)
(6.74905 15.1397 0)
(5.92314 15.2418 0)
(5.0274 15.349 0)
(4.18551 15.0316 0)
(3.32056 14.9827 0)
(2.29097 14.5688 0)
(1.48211 13.7703 0)
(0.300019 12.7551 0)
(-0.701192 3.71424 0)
(-1.42179 2.26091 0)
(-2.25003 0.952108 0)
(-2.68369 1.66469 0)
(-1.7112 -1.32861 0)
(0.0104705 -0.20744 0)
(4.26787 3.31593 0)
(2.89023 3.93869 0)
(7.05875 10.9425 0)
(10.3923 15.7406 0)
(10.3762 16.9816 0)
(8.63761 16.6364 0)
(7.06085 16.3252 0)
(5.97831 16.3357 0)
(4.88907 16.0642 0)
(4.06396 15.9774 0)
(3.21582 16.0421 0)
(2.19674 15.264 0)
(1.34618 14.8155 0)
(0.29518 13.9215 0)
(-0.361482 4.5888 0)
(-0.560308 3.54037 0)
(-0.73206 0.891244 0)
(-0.7614 0.0909089 0)
(3.03227 -0.667072 0)
(2.78853 -3.5367 0)
(6.20975 1.39989 0)
(6.76779 4.14694 0)
(5.9999 7.55346 0)
(8.94956 14.2259 0)
(10.1455 17.6841 0)
(8.94964 18.0965 0)
(7.19556 17.4631 0)
(5.84834 17.2396 0)
(4.85397 17.2711 0)
(3.93785 16.9049 0)
(3.07536 16.848 0)
(2.0183 16.343 0)
(1.27457 15.6554 0)
(0.195921 14.4589 0)
(-0.015832 4.69045 0)
(0.133758 3.19071 0)
(0.438375 0.654436 0)
(1.92928 -2.26861 0)
(3.88271 -3.81758 0)
(5.8892 -5.05558 0)
(7.05841 -1.13551 0)
(9.44274 4.51831 0)
(7.48674 6.69166 0)
(8.24994 12.1455 0)
(9.69205 17.4206 0)
(8.89946 19.2135 0)
(7.21749 18.964 0)
(5.72924 18.3684 0)
(4.62615 17.9159 0)
(3.7895 17.8564 0)
(2.92619 17.791 0)
(1.97836 16.9764 0)
(1.16635 16.6456 0)
(0.190935 15.42 0)
(0.0244807 4.38219 0)
(0.512884 2.94034 0)
(1.45733 -0.32149 0)
(3.12814 -3.64762 0)
(4.70254 -5.61725 0)
(6.50271 -6.56266 0)
(7.5391 -2.6964 0)
(10.0765 4.47426 0)
(8.75708 7.97468 0)
(7.85444 11.9001 0)
(8.97454 17.2595 0)
(8.49144 20.0168 0)
(6.86989 20.0887 0)
(5.39166 19.6499 0)
(4.39951 19.2759 0)
(3.53911 18.7247 0)
(2.72762 18.6528 0)
(1.72345 18.0534 0)
(0.985906 17.4392 0)
(0.0477761 15.86 0)
(-0.164427 4.08989 0)
(0.891075 1.75705 0)
(1.60496 -1.8392 0)
(3.30446 -5.57975 0)
(4.80824 -7.97846 0)
(5.99313 -8.40924 0)
(7.21071 -3.91352 0)
(9.20556 3.59607 0)
(8.6923 8.16863 0)
(7.54786 12.189 0)
(8.14832 17.7254 0)
(7.68187 21.0451 0)
(6.24449 21.4987 0)
(4.84629 20.749 0)
(3.90662 20.0712 0)
(3.13631 19.8114 0)
(2.35432 19.4827 0)
(1.54813 18.5929 0)
(0.872703 18.2746 0)
(0.124132 16.5805 0)
(-0.109082 3.6552 0)
(0.986509 1.02504 0)
(1.49703 -2.60941 0)
(2.91084 -6.74697 0)
(4.3123 -8.8685 0)
(4.75891 -9.29679 0)
(6.26304 -4.19346 0)
(7.3796 3.14118 0)
(7.41329 8.5095 0)
(6.6842 12.6845 0)
(7.01942 17.9041 0)
(6.5323 21.5798 0)
(5.28423 22.3736 0)
(4.11431 21.9578 0)
(3.30694 21.2002 0)
(2.59415 20.4486 0)
(1.9587 20.2808 0)
(1.20699 19.5844 0)
(0.609823 18.9921 0)
(-0.0702335 16.8234 0)
(-0.0172479 3.2268 0)
(1.15675 0.315882 0)
(1.35374 -3.66977 0)
(2.54048 -8.17121 0)
(3.28333 -10.3768 0)
(3.11591 -10.3882 0)
(4.66465 -4.52493 0)
(5.18488 2.70758 0)
(5.56605 8.79293 0)
(5.27402 13.6152 0)
(5.46492 18.8227 0)
(5.02225 22.5158 0)
(4.08503 23.3784 0)
(3.19669 22.6972 0)
(2.57861 21.8478 0)
(1.98491 21.3825 0)
(1.42788 20.8812 0)
(0.886281 19.9275 0)
(0.381926 19.5285 0)
(-0.0299241 17.2025 0)
(0.368535 2.6163 0)
(1.45087 -0.176798 0)
(1.36757 -4.36098 0)
(2.55344 -8.45089 0)
(2.84169 -10.2851 0)
(2.09438 -10.445 0)
(3.21181 -5.11504 0)
(3.58554 1.83108 0)
(3.96868 8.58274 0)
(3.80569 14.0831 0)
(3.69781 19.2624 0)
(3.2167 22.9425 0)
(2.61246 23.9935 0)
(2.12767 23.5849 0)
(1.68625 22.5288 0)
(1.29269 21.6751 0)
(0.956862 21.3949 0)
(0.494269 20.645 0)
(0.119882 20.04 0)
(-0.178889 17.2252 0)
(0.454939 1.52262 0)
(1.71612 -0.483984 0)
(1.46668 -4.57108 0)
(2.61117 -9.06608 0)
(2.65509 -10.4303 0)
(1.51991 -10.4186 0)
(1.8746 -5.43308 0)
(1.81791 1.77762 0)
(2.17078 8.66727 0)
(1.97789 14.4154 0)
(1.75628 19.7801 0)
(1.48948 23.537 0)
(1.23178 24.4947 0)
(0.995056 23.8005 0)
(0.839269 22.8615 0)
(0.640297 22.3656 0)
(0.386904 21.7891 0)
(0.159746 20.7802 0)
(-0.143757 20.2585 0)
(-0.206367 17.1702 0)
(0.164135 0.377171 0)
(1.61327 -1.20137 0)
(1.65937 -5.40453 0)
(2.68855 -9.2784 0)
(2.42341 -9.89086 0)
(1.31096 -9.36103 0)
(0.420287 -5.35085 0)
(0.419246 1.84404 0)
(0.485276 8.65649 0)
(0.100357 14.6371 0)
(-0.091887 20.0733 0)
(-0.260724 23.5003 0)
(-0.181443 24.4377 0)
(-0.039868 23.9901 0)
(-0.0244061 22.9852 0)
(-0.011348 22.2755 0)
(-0.085304 21.9293 0)
(-0.284856 21.1945 0)
(-0.394232 20.436 0)
(-0.291986 16.883 0)
(1.04044 -0.370802 0)
(1.46748 -1.4472 0)
(2.54157 -5.83177 0)
(3.25961 -9.01427 0)
(2.76917 -9.30963 0)
(1.38515 -8.26151 0)
(-0.576906 -4.90911 0)
(-0.45549 2.21687 0)
(-1.08703 9.0609 0)
(-1.62462 15.3067 0)
(-1.83283 20.4266 0)
(-1.79005 23.5439 0)
(-1.35059 24.195 0)
(-0.98176 23.5443 0)
(-0.673398 22.8127 0)
(-0.546619 22.5353 0)
(-0.574826 22.0323 0)
(-0.518958 21.0826 0)
(-0.600193 20.3629 0)
(-0.330303 16.4791 0)
(1.51377 -2.38579 0)
(0.378391 -2.17721 0)
(3.29046 -7.61394 0)
(3.55231 -9.02124 0)
(2.71653 -8.27885 0)
(1.37333 -6.53303 0)
(-1.15043 -3.88914 0)
(-1.36532 2.95103 0)
(-2.63625 9.44241 0)
(-3.09478 15.3404 0)
(-3.15913 20.2148 0)
(-2.91043 22.7941 0)
(-2.27278 23.408 0)
(-1.66423 23.1968 0)
(-1.30431 22.5779 0)
(-0.986625 22.1776 0)
(-0.859532 21.8902 0)
(-0.855876 21.2167 0)
(-0.765438 20.2201 0)
(-0.368406 15.923 0)
(-1.11227 -2.05706 0)
(0.775847 -3.4675 0)
(3.72478 -8.51608 0)
(3.56055 -8.86002 0)
(2.41512 -7.26023 0)
(0.800321 -4.81768 0)
(-1.61508 -2.21425 0)
(-2.39811 4.10232 0)
(-3.76274 9.96335 0)
(-4.10701 15.8258 0)
(-3.87792 20.1148 0)
(-3.54292 22.1304 0)
(-2.6761 22.7374 0)
(-2.09633 22.3402 0)
(-1.58534 22.0465 0)
(-1.26635 22.1555 0)
(-1.14554 21.7754 0)
(-0.931677 20.9345 0)
(-0.83244 19.9538 0)
(-0.31833 15.344 0)
(-1.86329 -2.3022 0)
(3.34416 -8.54634 0)
(3.396 -9.26943 0)
(2.89033 -8.06779 0)
(1.8326 -6.01189 0)
(0.459612 -3.26475 0)
(-1.6295 -0.674516 0)
(-2.9775 4.97395 0)
(-4.19711 10.8081 0)
(-4.44323 15.8726 0)
(-4.13443 19.3495 0)
(-3.65026 21.026 0)
(-2.72324 21.7191 0)
(-2.18097 21.8189 0)
(-1.72866 21.7424 0)
(-1.36118 21.6932 0)
(-1.16371 21.5106 0)
(-1.03709 20.8856 0)
(-0.856529 19.598 0)
(-0.375259 14.6774 0)
(1.26396 -2.759 0)
(2.54226 -8.32097 0)
(2.75494 -8.54766 0)
(2.04684 -7.13126 0)
(1.21448 -4.81333 0)
(0.0190649 -1.73395 0)
(-1.49429 1.10292 0)
(-3.21845 5.72411 0)
(-4.05303 11.7764 0)
(-4.3773 15.9167 0)
(-3.97441 18.7618 0)
(-3.29057 20.5793 0)
(-2.53633 21.2076 0)
(-2.06917 21.0874 0)
(-1.56741 21.1695 0)
(-1.31541 21.522 0)
(-1.19598 21.2569 0)
(-0.991143 20.5524 0)
(-0.808558 19.2474 0)
(-0.175973 14.0829 0)
(1.95058 -6.73548 0)
(1.81624 -9.40994 0)
(1.80232 -8.39071 0)
(1.27252 -6.26075 0)
(0.566404 -3.74479 0)
(-0.415312 -0.529224 0)
(-1.17447 2.77148 0)
(-3.04394 6.74722 0)
(-3.42992 12.3394 0)
(-3.84603 15.4363 0)
(-3.32521 18.1804 0)
(-2.7714 19.6545 0)
(-2.22519 20.2997 0)
(-1.79578 20.7366 0)
(-1.42933 21.0186 0)
(-1.22153 21.167 0)
(-1.01223 21.092 0)
(-0.843671 20.468 0)
(-0.636878 18.8933 0)
(-0.2719 13.6543 0)
(0.181475 -7.36967 0)
(1.10787 -9.44431 0)
(1.28278 -7.87539 0)
(0.9778 -5.80995 0)
(0.656091 -3.20333 0)
(-0.260005 0.0323454 0)
(-0.616969 3.91194 0)
(-2.39893 7.65153 0)
(-2.40426 12.8864 0)
(-3.13032 15.4984 0)
(-2.44273 17.9404 0)
(-2.16891 19.4368 0)
(-1.76532 20.2845 0)
(-1.43868 20.3433 0)
(-1.13296 20.5524 0)
(-0.94282 21.0687 0)
(-0.841782 20.8841 0)
(-0.724972 20.188 0)
(-0.589582 18.5548 0)
(-0.0581682 13.0579 0)
(0.781724 -8.12141 0)
(0.949044 -9.7672 0)
(1.0416 -7.77724 0)
(0.845042 -5.4435 0)
(0.680115 -2.62212 0)
(0.035028 0.751107 0)
(-0.0956228 4.87377 0)
(-1.35007 8.54821 0)
(-1.31572 13.0661 0)
(-1.96264 15.5615 0)
(-1.58331 17.5931 0)
(-1.53565 18.7696 0)
(-1.22236 19.6089 0)
(-1.06625 20.1298 0)
(-0.90475 20.5641 0)
(-0.824617 20.8145 0)
(-0.639191 20.7939 0)
(-0.525051 20.1154 0)
(-0.257812 18.3568 0)
(-0.044748 13.1338 0)
(0.224763 -8.94185 0)
(0.645295 -9.89682 0)
(0.893674 -7.523 0)
(0.980407 -5.29561 0)
(1.04728 -2.41472 0)
(0.644632 1.08453 0)
(0.475941 5.29397 0)
(-0.1496 9.23773 0)
(-0.376765 13.4201 0)
(-0.770317 16.0646 0)
(-0.800167 17.6369 0)
(-0.853415 19.0251 0)
(-0.688663 20.0118 0)
(-0.618268 20.0517 0)
(-0.519651 20.2498 0)
(-0.412268 20.8253 0)
(-0.344686 20.6933 0)
(-0.227507 19.9195 0)
(-0.284396 18.1482 0)
(-0.0943692 12.5649 0)
(0.436676 -9.24945 0)
(0.805195 -10.2251 0)
(1.15842 -7.95265 0)
(1.34758 -5.63553 0)
(1.59118 -2.40606 0)
(1.38651 1.39848 0)
(1.10418 5.35487 0)
(0.992964 9.76783 0)
(0.535579 13.4665 0)
(0.396191 16.2474 0)
(0.00682477 17.7086 0)
(-0.249891 18.6069 0)
(-0.19372 19.4012 0)
(-0.279535 19.9683 0)
(-0.231966 20.4277 0)
(-0.273795 20.6138 0)
(-0.193912 20.5633 0)
(-0.257001 19.883 0)
(0.0400878 17.9878 0)
(0.216267 12.8798 0)
(0.30875 -10.1156 0)
(0.796644 -10.6051 0)
(1.35042 -8.14659 0)
(1.73984 -5.86773 0)
(2.17192 -2.55036 0)
(2.10857 1.44791 0)
(1.85609 5.39229 0)
(1.78429 9.91631 0)
(1.34371 13.7991 0)
(1.16226 16.7686 0)
(0.734903 18.291 0)
(0.325795 19.3381 0)
(0.208194 20.1621 0)
(0.0685382 20.1113 0)
(0.0112476 20.1834 0)
(0.0379865 20.7356 0)
(0.0798991 20.6205 0)
(0.294539 19.8004 0)
(0.0418452 18.1535 0)
(-0.115497 12.7613 0)
(0.42283 -10.645 0)
(1.03846 -11.143 0)
(1.66741 -8.97298 0)
(2.15528 -6.52237 0)
(2.70963 -2.81909 0)
(2.68006 1.44151 0)
(2.65276 5.66447 0)
(2.24533 9.82199 0)
(2.15422 13.8197 0)
(1.86196 16.8814 0)
(1.3498 18.5755 0)
(0.73371 19.0939 0)
(0.501258 19.6327 0)
(0.255925 20.1562 0)
(0.250846 20.5073 0)
(0.194104 20.6143 0)
(0.20718 20.5532 0)
(-0.0624049 19.8831 0)
(0.117028 17.8631 0)
(0.218465 12.6519 0)
(0.404752 -11.5958 0)
(1.1184 -11.7516 0)
(1.88428 -9.55217 0)
(2.45748 -7.03679 0)
(3.03841 -3.10965 0)
(3.03075 1.39682 0)
(3.23028 5.99427 0)
(2.4636 10.0099 0)
(2.5904 14.3218 0)
(2.06023 17.3435 0)
(1.71789 19.3125 0)
(1.14809 20.2568 0)
(0.775471 20.7338 0)
(0.421731 20.4402 0)
(0.195165 20.2939 0)
(0.172322 20.7304 0)
(0.186523 20.6218 0)
(0.473461 19.7919 0)
(0.28038 18.3715 0)
(0.101888 13.383 0)
(0.45568 -12.3715 0)
(1.24567 -12.5223 0)
(2.02371 -10.4828 0)
(2.57786 -7.75848 0)
(3.14507 -3.45349 0)
(3.13808 1.34446 0)
(3.43515 6.27753 0)
(2.58316 10.2003 0)
(2.74661 14.398 0)
(2.22211 17.4479 0)
(1.87037 19.5033 0)
(1.21935 20.0069 0)
(0.733568 20.2176 0)
(0.394109 20.5744 0)
(0.340609 20.7242 0)
(0.305232 20.7426 0)
(0.378958 20.6978 0)
(0.0669952 20.0813 0)
(0.0104842 18.1237 0)
(-0.137637 12.6279 0)
(0.422191 -13.3094 0)
(1.23109 -13.2069 0)
(2.00439 -11.122 0)
(2.49065 -8.24086 0)
(2.961 -3.68561 0)
(2.94569 1.36036 0)
(3.15269 6.50046 0)
(2.49796 10.7732 0)
(2.41894 14.8736 0)
(1.94043 18.0267 0)
(1.78133 20.3451 0)
(1.28893 21.3833 0)
(0.8289 21.5438 0)
(0.404258 20.9567 0)
(0.132953 20.553 0)
(0.0249538 20.7516 0)
(-0.0935632 20.5991 0)
(0.175665 19.7648 0)
(0.262646 18.3351 0)
(0.411723 13.6797 0)
(0.421548 -14.0884 0)
(1.12295 -13.9714 0)
(1.80704 -11.8889 0)
(2.19388 -8.72474 0)
(2.53266 -3.84568 0)
(2.47675 1.43451 0)
(2.52689 6.66691 0)
(2.19334 11.0613 0)
(1.97329 14.8967 0)
(1.6606 18.1769 0)
(1.44427 20.3555 0)
(0.924957 20.943 0)
(0.424096 20.989 0)
(0.118859 21.1609 0)
(-0.00156391 21.0456 0)
(-0.0349253 20.8388 0)
(0.223727 20.7356 0)
(0.0749631 20.2453 0)
(-0.137472 18.665 0)
(-0.554535 12.9892 0)
(0.349308 -14.8909 0)
(0.939809 -14.5069 0)
(1.47665 -12.2881 0)
(1.69917 -8.91072 0)
(1.87277 -3.797 0)
(1.7508 1.53971 0)
(1.6728 6.95572 0)
(1.57252 11.5894 0)
(1.15992 15.3126 0)
(1.03399 18.8118 0)
(0.917089 21.2474 0)
(0.560845 22.37 0)
(0.260447 22.3831 0)
(-0.0916419 21.5514 0)
(-0.278419 20.868 0)
(-0.386063 20.822 0)
(-0.60937 20.6327 0)
(-0.408646 19.7103 0)
(-0.134195 17.9092 0)
(0.403578 13.1544 0)
(0.28143 -15.3854 0)
(0.695845 -14.9664 0)
(1.02183 -12.6485 0)
(1.05464 -8.95651 0)
(1.08346 -3.68475 0)
(0.912281 1.71971 0)
(0.75709 7.00321 0)
(0.901662 11.7427 0)
(0.423601 15.2798 0)
(0.436305 18.7933 0)
(0.236711 20.9798 0)
(-0.107171 21.6526 0)
(-0.420923 21.6863 0)
(-0.603416 21.7023 0)
(-0.795278 21.3281 0)
(-0.80284 20.8691 0)
(-0.367631 20.5662 0)
(-0.26807 20.1089 0)
(-0.281415 19.0148 0)
(-0.652673 13.4459 0)
(0.119034 -15.7257 0)
(0.348475 -15.0883 0)
(0.437134 -12.6756 0)
(0.326908 -8.76761 0)
(0.200108 -3.40199 0)
(-0.0507481 1.92034 0)
(-0.17314 7.24946 0)
(-0.0207486 12.0367 0)
(-0.477686 15.6659 0)
(-0.429893 19.3535 0)
(-0.560714 21.85 0)
(-0.748745 23.0429 0)
(-0.839577 23.0155 0)
(-1.12319 21.9741 0)
(-1.14893 21.06 0)
(-1.10272 20.8505 0)
(-1.30041 20.648 0)
(-1.14154 19.6601 0)
(-0.892674 17.3402 0)
(-0.209242 11.852 0)
(0.00655139 -15.8602 0)
(-0.0545017 -15.1591 0)
(-0.198956 -12.6524 0)
(-0.395152 -8.59761 0)
(-0.70678 -3.09951 0)
(-1.05848 2.05065 0)
(-1.14693 7.29836 0)
(-1.05074 12.1497 0)
(-1.41475 15.5935 0)
(-1.28315 19.1115 0)
(-1.42522 21.3428 0)
(-1.59418 22.0073 0)
(-1.73655 21.9816 0)
(-1.73223 21.9278 0)
(-1.89001 21.4719 0)
(-1.9371 20.796 0)
(-1.49333 20.1767 0)
(-1.18353 19.4715 0)
(-0.627558 18.4752 0)
(-0.384287 13.1251 0)
(-0.110306 -15.7108 0)
(-0.402535 -14.8824 0)
(-0.837601 -12.382 0)
(-1.21159 -8.18931 0)
(-1.57479 -2.77948 0)
(-2.00192 2.36795 0)
(-2.13109 7.5012 0)
(-2.02607 12.378 0)
(-2.32946 16.0118 0)
(-2.25015 19.5966 0)
(-2.30084 22.1107 0)
(-2.36014 23.3101 0)
(-2.27334 23.2939 0)
(-2.47738 22.1586 0)
(-2.41836 21.0294 0)
(-2.22931 20.6581 0)
(-2.23563 20.4885 0)
(-1.9932 19.5939 0)
(-1.89533 16.8368 0)
(-1.40947 10.0945 0)
(-0.196828 -15.3168 0)
(-0.743424 -14.4184 0)
(-1.40434 -11.9203 0)
(-1.97862 -7.62144 0)
(-2.33279 -2.26265 0)
(-2.92092 2.60348 0)
(-3.08836 7.63308 0)
(-3.03489 12.2401 0)
(-3.27766 15.7392 0)
(-3.1885 19.2217 0)
(-3.19909 21.4722 0)
(-3.25228 21.9878 0)
(-3.30039 21.8169 0)
(-3.092 21.7332 0)
(-3.13194 21.3561 0)
(-3.27182 20.6627 0)
(-3.01364 19.8003 0)
(-2.83008 18.416 0)
(-1.70439 16.4502 0)
(-0.182748 10.5275 0)
(-0.252311 -14.7449 0)
(-0.943038 -13.7079 0)
(-1.84683 -11.3469 0)
(-2.51659 -7.14753 0)
(-3.00522 -1.6873 0)
(-3.6645 2.99545 0)
(-3.8112 8.06188 0)
(-3.82371 12.5631 0)
(-4.03786 16.2214 0)
(-4.06008 19.6775 0)
(-3.98778 22.1051 0)
(-3.98862 23.1952 0)
(-3.76157 23.2715 0)
(-3.90762 22.1876 0)
(-3.91818 20.8507 0)
(-3.70355 20.2385 0)
(-3.60958 20.0023 0)
(-3.11656 19.234 0)
(-3.00165 16.2607 0)
(-2.79178 8.36704 0)
(-0.322663 -14.1057 0)
(-1.10669 -12.8758 0)
(-2.23072 -10.4598 0)
(-2.96031 -6.36367 0)
(-3.62327 -1.19933 0)
(-4.31677 3.32419 0)
(-4.53004 8.08583 0)
(-4.66117 12.402 0)
(-4.88383 15.9404 0)
(-4.9442 19.3236 0)
(-4.81026 21.5396 0)
(-4.84649 21.7824 0)
(-4.8594 21.3668 0)
(-4.52305 21.1912 0)
(-4.43224 21.0045 0)
(-4.61404 20.559 0)
(-4.50874 19.7382 0)
(-4.95395 17.7463 0)
(-4.29673 13.3635 0)
(-2.80068 2.8379 0)
(-0.393174 -13.3553 0)
(-1.2818 -12.0041 0)
(-2.54898 -9.64026 0)
(-3.4396 -5.50989 0)
(-4.11842 -0.424741 0)
(-4.82651 4.00962 0)
(-5.0389 8.6073 0)
(-5.1912 12.7795 0)
(-5.43892 16.4592 0)
(-5.59162 19.7567 0)
(-5.39417 21.8926 0)
(-5.46264 22.7011 0)
(-5.07341 23.0307 0)
(-5.14653 22.2724 0)
(-5.35141 20.854 0)
(-5.24194 19.9735 0)
(-5.35917 19.2791 0)
(-4.72181 17.9426 0)
(-4.03217 13.7852 0)
(1.30619 0.812365 0)
(-0.49823 -12.4841 0)
(-1.52928 -10.9838 0)
(-2.86501 -8.60538 0)
(-3.88371 -4.70165 0)
(-4.56759 0.153728 0)
(-5.31992 4.26078 0)
(-5.59185 8.86835 0)
(-5.90275 12.8478 0)
(-6.16638 16.3284 0)
(-6.26852 19.4521 0)
(-6.02017 21.4567 0)
(-6.11295 21.5226 0)
(-6.04241 21.0442 0)
(-5.81802 20.6802 0)
(-5.74433 20.6653 0)
(-5.9908 20.5281 0)
(-5.53047 19.78 0)
(-5.28769 17.3322 0)
(-5.36805 12.1887 0)
(3.60864 -0.36364 0)
(-0.55452 -11.3374 0)
(-1.76701 -9.86613 0)
(-3.18066 -7.5902 0)
(-4.15357 -3.77134 0)
(-4.82065 1.13661 0)
(-5.67092 5.02156 0)
(-5.90989 9.35177 0)
(-6.24216 13.171 0)
(-6.53239 16.7573 0)
(-6.64086 19.8526 0)
(-6.36799 21.488 0)
(-6.47511 21.9833 0)
(-5.90775 22.6585 0)
(-6.02772 22.4422 0)
(-6.43833 21.2899 0)
(-6.35858 20.4052 0)
(-6.58083 19.151 0)
(-5.70871 15.4958 0)
(-2.40288 5.41861 0)
(2.89748 -0.493069 0)
(-0.562138 -10.039 0)
(-1.8331 -8.43583 0)
(-3.34567 -6.4981 0)
(-4.33213 -3.14575 0)
(-5.03007 1.45852 0)
(-5.84638 5.32412 0)
(-6.16946 9.57312 0)
(-6.56362 13.3835 0)
(-6.91325 16.7096 0)
(-6.92916 19.5009 0)
(-6.66293 21.1636 0)
(-6.71447 21.3496 0)
(-6.55202 21.0668 0)
(-6.67365 20.4971 0)
(-6.59531 20.7038 0)
(-7.01198 20.7573 0)
(-6.74618 19.334 0)
(-6.27703 14.278 0)
(0.806434 -0.626326 0)
(0.0230787 0.641064 0)
(-0.565651 -8.90982 0)
(-1.88949 -7.14605 0)
(-3.48894 -5.04637 0)
(-4.49764 -1.63716 0)
(-5.19261 2.80281 0)
(-6.02987 6.2914 0)
(-6.44698 10.2645 0)
(-6.74221 13.8289 0)
(-6.97888 16.9837 0)
(-6.9323 19.7893 0)
(-6.73914 20.9978 0)
(-6.78154 21.321 0)
(-6.16016 22.215 0)
(-6.33514 22.6375 0)
(-6.86858 22.008 0)
(-6.96472 20.9188 0)
(-7.16122 18.4226 0)
(-5.87928 11.4821 0)
(-1.06828 -2.76099 0)
(-2.0764 0.461822 0)
(-0.497008 -7.73261 0)
(-1.63938 -5.94777 0)
(-3.24641 -4.41721 0)
(-4.37178 -1.50929 0)
(-5.039 3.08636 0)
(-5.90698 6.48214 0)
(-6.36924 10.3119 0)
(-6.6109 13.9723 0)
(-6.95043 16.991 0)
(-6.8929 19.3515 0)
(-6.592 20.7427 0)
(-6.44966 21.2839 0)
(-6.28043 21.4215 0)
(-6.83459 20.7501 0)
(-6.7437 20.969 0)
(-7.21877 20.633 0)
(-6.76899 17.2218 0)
(-4.51555 7.70607 0)
(-1.8272 -3.41169 0)
(-1.89056 -2.42081 0)
(-0.554558 -6.55926 0)
(-1.66437 -4.40047 0)
(-3.20277 -2.57392 0)
(-4.42411 -0.034056 0)
(-4.96531 4.16949 0)
(-5.82285 7.55247 0)
(-6.3981 11.0137 0)
(-6.59441 14.2606 0)
(-6.73713 17.0195 0)
(-6.50052 19.5311 0)
(-6.33143 20.6198 0)
(-6.36439 20.8507 0)
(-5.91374 21.7195 0)
(-5.95778 22.6093 0)
(-6.39451 22.4512 0)
(-6.63723 20.6979 0)
(-5.91498 15.8357 0)
(-2.14183 5.14016 0)
(-1.90534 -3.72698 0)
(-0.719928 -4.25009 0)
(-0.46926 -5.48657 0)
(-1.50734 -3.38508 0)
(-2.91912 -1.72008 0)
(-4.12383 0.483017 0)
(-4.76767 4.61788 0)
(-5.49448 8.02463 0)
(-6.00402 11.1082 0)
(-6.13709 14.3126 0)
(-6.20847 17.1046 0)
(-6.19033 19.0199 0)
(-5.90763 20.2331 0)
(-5.59005 21.0788 0)
(-5.3331 21.7462 0)
(-6.06125 21.0796 0)
(-5.80053 21.0105 0)
(-5.75819 19.938 0)
(-4.57259 14.863 0)
(-0.972342 2.61166 0)
(-1.65569 -4.09772 0)
(-0.383845 -5.48835 0)
(-0.444513 -4.46854 0)
(-1.35057 -2.08123 0)
(-2.80539 -0.373021 0)
(-4.06861 1.54488 0)
(-4.65588 5.39341 0)
(-5.05123 8.66944 0)
(-5.49492 11.6082 0)
(-5.71978 14.4444 0)
(-5.79714 16.8514 0)
(-5.50765 19.0019 0)
(-5.24199 20.2279 0)
(-5.30358 20.5387 0)
(-5.04454 21.2106 0)
(-4.66448 22.3399 0)
(-4.51664 22.4653 0)
(-4.26676 19.8269 0)
(-3.48721 13.4272 0)
(-0.431267 1.58754 0)
(-1.26348 -4.42062 0)
(-0.119381 -6.37302 0)
(-0.43494 -3.51157 0)
(-1.27452 -0.909077 0)
(-2.64848 1.01747 0)
(-3.89135 2.4438 0)
(-4.34312 5.84044 0)
(-4.64067 9.11914 0)
(-4.96982 11.8422 0)
(-5.1621 14.5336 0)
(-4.99255 17.0795 0)
(-4.99817 18.7084 0)
(-4.75138 19.7625 0)
(-4.34579 20.7951 0)
(-3.79731 21.8894 0)
(-4.27412 21.1373 0)
(-3.65043 20.2655 0)
(-3.21631 18.2989 0)
(-1.81225 11.7677 0)
(0.0389502 0.648349 0)
(-0.507706 -4.71622 0)
(0.0608783 -6.73447 0)
(-0.34162 -2.70384 0)
(-1.02491 -0.0247173 0)
(-2.19763 1.94423 0)
(-3.45084 3.10023 0)
(-4.10531 6.06077 0)
(-4.3319 9.26888 0)
(-4.4605 12.0949 0)
(-4.54803 14.6013 0)
(-4.52614 16.6266 0)
(-4.25902 18.4737 0)
(-3.85373 19.8932 0)
(-3.80923 20.284 0)
(-3.68333 20.5243 0)
(-2.86357 21.3586 0)
(-2.22144 21.4874 0)
(-1.28256 17.7249 0)
(-0.296074 10.8066 0)
(1.03519 0.803613 0)
(0.367452 -4.51246 0)
(0.315103 -6.60928 0)
(-0.302045 -2.01794 0)
(-0.811217 0.902423 0)
(-1.86388 3.26019 0)
(-3.22643 4.18124 0)
(-3.82879 6.63185 0)
(-4.00896 9.64006 0)
(-4.01567 12.1949 0)
(-4.11687 14.5372 0)
(-3.81087 16.8012 0)
(-3.67016 18.3309 0)
(-3.56661 19.2422 0)
(-3.05247 20.1652 0)
(-2.15924 21.2975 0)
(-2.18882 20.2992 0)
(-1.31275 18.6233 0)
(-0.505188 16.6746 0)
(1.12957 9.55238 0)
(1.75999 0.617608 0)
(1.08506 -4.38742 0)
(0.482743 -6.11661 0)
(-0.258063 -1.45826 0)
(-0.635099 1.53172 0)
(-1.44311 4.41812 0)
(-2.69139 5.12879 0)
(-3.41268 6.91273 0)
(-3.70705 9.47477 0)
(-3.71132 12.0845 0)
(-3.61454 14.4339 0)
(-3.50619 16.2192 0)
(-3.17531 17.7984 0)
(-2.64007 19.2465 0)
(-2.39832 19.6978 0)
(-2.28084 19.2391 0)
(-1.08818 19.7119 0)
(0.018753 19.5448 0)
(0.8433 15.2222 0)
(2.22654 7.95727 0)
(2.32636 1.20448 0)
(1.61904 -3.60641 0)
(0.648602 -5.15294 0)
(-0.181765 -1.04139 0)
(-0.430884 1.95133 0)
(-0.90339 5.14706 0)
(-2.12061 6.00754 0)
(-2.94462 7.51574 0)
(-3.35839 9.97768 0)
(-3.33047 12.2255 0)
(-3.27257 14.3139 0)
(-2.95846 16.3018 0)
(-2.62121 17.8641 0)
(-2.52236 18.4247 0)
(-1.97396 19.2526 0)
(-0.735046 20.0469 0)
(-0.474239 18.6498 0)
(0.446989 16.4516 0)
(1.50794 15.0937 0)
(2.85983 8.36827 0)
(2.69519 1.93046 0)
(2.04137 -2.66317 0)
(0.765761 -4.06958 0)
(-0.130031 -0.740231 0)
(-0.277074 2.28261 0)
(-0.513615 6.12986 0)
(-1.52474 7.17733 0)
(-2.38038 8.15616 0)
(-2.7775 9.88562 0)
(-2.92099 11.964 0)
(-2.79962 14.0831 0)
(-2.62164 15.6316 0)
(-2.34152 16.9923 0)
(-1.54028 18.337 0)
(-1.15836 18.7077 0)
(-1.0785 17.7466 0)
(0.370497 17.8756 0)
(1.75305 17.2839 0)
(1.82123 13.0592 0)
(3.33114 5.99194 0)
(2.77869 1.32034 0)
(1.86749 -2.01709 0)
(0.756158 -2.85445 0)
(-0.0668913 -0.570671 0)
(-0.140747 2.23454 0)
(-0.0163293 6.34348 0)
(-0.825237 7.92451 0)
(-1.67152 8.74895 0)
(-2.23833 10.4944 0)
(-2.37409 12.2638 0)
(-2.32659 13.9849 0)
(-2.04023 15.6779 0)
(-1.54199 17.1696 0)
(-1.53578 17.4563 0)
(-0.820678 18.0367 0)
(0.507625 18.5414 0)
(0.535306 16.7471 0)
(1.45961 14.2348 0)
(2.85555 13.2339 0)
(3.52781 9.06566 0)
(3.223 3.70527 0)
(2.52329 -0.252604 0)
(0.870212 -1.40398 0)
(-0.0203435 -0.490143 0)
(-0.0105024 2.27876 0)
(0.235195 6.76329 0)
(-0.15183 8.82313 0)
(-1.02163 9.57715 0)
(-1.46529 10.5812 0)
(-1.73337 12.0625 0)
(-1.62229 13.7827 0)
(-1.51721 15.0477 0)
(-1.26181 16.0327 0)
(-0.339217 17.3885 0)
(0.0374272 17.4374 0)
(-0.010583 16.2399 0)
(1.41092 16.0711 0)
(2.4544 15.549 0)
(2.41453 10.7668 0)
(2.66772 4.87113 0)
(2.76538 1.70444 0)
(1.44503 0.394641 0)
(0.790669 0.200686 0)
(0.0299152 -0.5165 0)
(0.082897 1.9737 0)
(0.566497 6.48986 0)
(0.450731 9.28976 0)
(-0.204551 10.0512 0)
(-0.720943 11.2188 0)
(-0.952608 12.5058 0)
(-0.991204 13.6813 0)
(-0.773977 15.1178 0)
(-0.162929 16.3488 0)
(-0.402163 16.3764 0)
(0.511022 16.9377 0)
(1.57895 17.2904 0)
(1.4606 14.9883 0)
(1.63755 13.0599 0)
(3.65567 11.9081 0)
(3.51298 9.93577 0)
(2.94212 4.89606 0)
(1.28143 1.70795 0)
(0.354181 1.0129 0)
(0.08194 -0.587354 0)
(0.194461 1.82257 0)
(0.677358 6.23785 0)
(0.977742 9.6447 0)
(0.423321 10.8186 0)
(0.0597293 11.337 0)
(-0.254598 12.3 0)
(-0.0749082 13.6444 0)
(-0.0851998 14.4879 0)
(0.0608471 15.1972 0)
(1.11308 16.4934 0)
(1.1853 16.2069 0)
(1.08891 15.2294 0)
(2.32456 14.9954 0)
(2.85909 14.0471 0)
(2.37431 10.064 0)
(1.87637 5.46505 0)
(2.44165 3.52938 0)
(0.54 3.07177 0)
(0.0483894 1.94811 0)
(0.160195 -0.750274 0)
(0.240381 1.45132 0)
(0.838134 5.61282 0)
(1.33774 9.61592 0)
(1.08802 10.9691 0)
(0.764504 11.9183 0)
(0.594681 12.7674 0)
(0.440566 13.4499 0)
(0.831872 14.7324 0)
(1.29097 15.6173 0)
(0.83758 15.4107 0)
(1.86273 16.1217 0)
(2.58492 16.3371 0)
(2.10725 14.2302 0)
(2.13732 12.5374 0)
(2.96798 11.4104 0)
(3.17905 9.36597 0)
(0.988493 6.36906 0)
(-0.264557 3.91236 0)
(-0.285582 1.68162 0)
(0.242378 -0.979728 0)
(0.311379 1.18066 0)
(0.839008 5.06513 0)
(1.5916 9.33624 0)
(1.60617 11.4333 0)
(1.43383 11.9154 0)
(1.23711 12.5497 0)
(1.45704 13.5172 0)
(1.29453 13.9026 0)
(1.52275 14.6569 0)
(2.53966 15.7866 0)
(2.13188 15.2167 0)
(2.19534 14.7972 0)
(2.9696 14.5201 0)
(3.25161 13.5801 0)
(2.06138 10.6135 0)
(1.3597 7.74977 0)
(0.362476 6.52981 0)
(-0.711926 4.18332 0)
(0.0507265 1.08225 0)
(0.328558 -1.22809 0)
(0.26095 0.913868 0)
(0.88514 4.36995 0)
(1.68216 8.77748 0)
(2.03116 11.1878 0)
(2.00956 12.3741 0)
(1.9133 12.9271 0)
(1.73192 13.3135 0)
(2.38176 14.4364 0)
(2.43959 14.8953 0)
(2.09094 14.7926 0)
(3.12526 15.7047 0)
(3.38025 15.7746 0)
(2.75179 14.0845 0)
(2.39841 13.0862 0)
(2.8829 11.7664 0)
(2.08305 10.8241 0)
(0.222602 7.40489 0)
(-0.608615 4.92691 0)
(0.105564 0.924151 0)
(0.363464 -1.53275 0)
(0.31845 0.655196 0)
(0.843957 3.73138 0)
(1.7075 7.94612 0)
(2.32644 11.0828 0)
(2.4145 12.0184 0)
(2.54837 12.7109 0)
(2.6836 13.305 0)
(2.33089 13.3139 0)
(3.0092 14.383 0)
(3.63203 15.2289 0)
(3.04357 14.6259 0)
(3.16228 14.9055 0)
(3.81047 14.5672 0)
(3.61128 14.2201 0)
(2.24232 12.0641 0)
(1.5171 10.1331 0)
(1.02116 10.8218 0)
(0.135038 4.6594 0)
(-0.0127762 0.606004 0)
(0.328022 -1.90749 0)
(0.380036 0.556104 0)
(0.834181 3.05058 0)
(1.68966 7.11097 0)
(2.56773 10.5598 0)
(2.9471 12.3625 0)
(2.84092 12.8263 0)
(2.984 13.3001 0)
(3.61407 14.118 0)
(3.18306 14.068 0)
(3.37957 14.5372 0)
(4.24898 15.552 0)
(4.25159 15.5616 0)
(3.47132 14.5225 0)
(3.12331 13.9473 0)
(3.46146 13.2013 0)
(1.93384 12.7787 0)
(-0.630039 7.82569 0)
(0.412435 4.8955 0)
(-0.142565 1.01409 0)
(-0.0764194 -2.4496 0)
(0.658525 0.205197 0)
(0.859085 2.28591 0)
(1.77245 5.95559 0)
(2.65159 9.81233 0)
(2.99875 11.5806 0)
(3.63818 12.6837 0)
(3.48807 12.9534 0)
(3.38809 13.0218 0)
(4.37966 14.1916 0)
(4.36701 14.4782 0)
(3.99923 14.2878 0)
(4.25743 15.1532 0)
(5.02971 15.0206 0)
(4.30456 15.2058 0)
(3.05321 13.6376 0)
(2.48734 12.4126 0)
(2.96532 12.3608 0)
(0.976828 5.32517 0)
(0.697897 0.60951 0)
(-0.533131 -2.59718 0)
(0.717507 -0.169617 0)
(0.767493 1.80463 0)
(1.6651 5.07285 0)
(2.77949 9.04591 0)
(3.57641 11.6546 0)
(3.419 12.349 0)
(4.27475 13.2577 0)
(4.3741 13.566 0)
(3.90564 13.3133 0)
(4.76889 14.4495 0)
(5.36663 15.1747 0)
(5.21317 15.3463 0)
(4.39138 14.9667 0)
(4.79807 14.8592 0)
(4.93509 15.1216 0)
(3.48719 14.8763 0)
(1.60696 11.0491 0)
(3.90455 7.62511 0)
(0.826424 3.03486 0)
(-0.602888 -2.48238 0)
(0.571063 -0.885257 0)
(0.757341 1.3667 0)
(1.74974 4.25537 0)
(2.69912 7.87766 0)
(3.31349 10.5549 0)
(4.42803 12.2133 0)
(3.93868 12.3431 0)
(4.75146 13.0041 0)
(5.38007 13.7217 0)
(4.9778 13.4636 0)
(5.07157 14.0168 0)
(5.88334 15.163 0)
(6.65083 15.46 0)
(5.56848 15.9537 0)
(5.12771 14.6364 0)
(4.85858 14.1476 0)
(4.32379 12.9195 0)
(0.195432 5.39591 0)
(1.57364 4.94081 0)
(-0.215712 -2.5012 0)
(0.285775 -1.74188 0)
(1.01298 0.919642 0)
(1.38302 3.28368 0)
(2.53923 6.94814 0)
(3.80723 10.2506 0)
(3.86137 11.5939 0)
(5.25255 12.8675 0)
(4.73303 12.6667 0)
(5.09332 12.952 0)
(6.16432 14.1842 0)
(6.4936 14.1842 0)
(5.99802 14.7368 0)
(6.09298 14.7519 0)
(7.14706 15.2893 0)
(6.74694 16.4668 0)
(5.60143 16.0763 0)
(5.13485 13.4812 0)
(5.35729 10.5836 0)
(-2.60353 3.29789 0)
(0.156051 -2.61585 0)
(0.153231 -2.43645 0)
(1.13241 0.491114 0)
(0.970187 2.32219 0)
(2.53487 5.59649 0)
(3.39156 8.81816 0)
(4.6347 11.025 0)
(4.44029 11.6268 0)
(5.90239 12.8003 0)
(5.8941 12.5713 0)
(5.71737 12.5812 0)
(6.56052 13.6462 0)
(7.86213 14.5354 0)
(7.85001 15.2688 0)
(7.44104 15.4102 0)
(8.03575 14.6957 0)
(7.71798 16.0969 0)
(7.05749 15.3887 0)
(4.83894 12.0399 0)
(7.75195 10.3586 0)
(0.389128 -2.79764 0)
(0.0995403 -2.65062 0)
(0.771093 0.180028 0)
(1.03503 2.38975 0)
(1.67882 4.63571 0)
(3.49169 8.08721 0)
(4.26785 10.2892 0)
(5.33354 11.6094 0)
(5.22427 11.7639 0)
(6.42071 12.809 0)
(7.21554 13.0512 0)
(7.07769 12.7079 0)
(7.06607 13.5799 0)
(8.51983 13.9558 0)
(9.39983 15.5085 0)
(9.59449 16.6471 0)
(9.44365 16.331 0)
(10.5757 16.3372 0)
(6.76058 14.8143 0)
(1.25909 11.3398 0)
(0.422937 -3.10319 0)
(0.150744 -2.95386 0)
(0.647887 -0.437163 0)
(1.08135 1.46135 0)
(1.17514 2.88811 0)
(2.87777 6.31153 0)
(4.17075 9.08492 0)
(5.26955 10.6787 0)
(5.96526 11.432 0)
(6.2231 11.1757 0)
(6.88291 12.3946 0)
(8.37809 12.6993 0)
(9.06763 13.3286 0)
(8.77344 13.9565 0)
(9.71455 13.4988 0)
(11.2305 14.2275 0)
(10.6525 16.5303 0)
(12.6566 16.4219 0)
(13.6 16.2653 0)
(9.77802 18.1723 0)
(0.386307 -3.36557 0)
(0.131225 -2.93931 0)
(0.444998 -0.58928 0)
(0.78204 1.64672 0)
(1.17969 3.16948 0)
(1.88987 4.77636 0)
(4.03787 7.8564 0)
(4.61242 9.65557 0)
(6.33964 11.1069 0)
(6.80839 11.1935 0)
(7.38489 11.0763 0)
(7.63108 11.6425 0)
(9.33877 12.0088 0)
(10.734 13.1564 0)
(10.8832 14.6748 0)
(12.9331 14.0803 0)
(13.1795 14.4287 0)
(13.5131 16.8251 0)
(17.396 14.5279 0)
(17.9194 19.802 0)
(0.341448 -3.65649 0)
(0.0785897 -3.03919 0)
(0.329693 -1.03789 0)
(0.310783 0.429751 0)
(1.13755 2.08083 0)
(1.28125 3.78944 0)
(2.65992 5.97852 0)
(5.26921 8.32753 0)
(5.09813 9.3974 0)
(7.33616 10.648 0)
(7.89458 11.199 0)
(8.70032 10.5835 0)
(8.84405 11.3562 0)
(10.6478 11.0407 0)
(11.1851 11.6933 0)
(12.9708 13.8861 0)
(15.8002 12.7455 0)
(15.6323 15.9014 0)
(18.6685 12.6791 0)
(21.2562 16.1546 0)
(0.216749 -3.81975 0)
(-0.126279 -2.83114 0)
(-0.107464 -0.704763 0)
(-0.025631 1.05558 0)
(0.220372 2.08817 0)
(1.24729 3.07837 0)
(1.52502 4.49195 0)
(3.23294 6.64482 0)
(6.22876 8.93142 0)
(6.16318 8.16622 0)
(7.96706 10.0838 0)
(9.55703 10.5514 0)
(10.2183 10.068 0)
(11.4683 11.8262 0)
(13.1098 9.90262 0)
(12.4153 11.9839 0)
(16.4866 10.283 0)
(17.1883 14.3248 0)
(19.2109 11.4551 0)
(22.2739 12.6114 0)
(-0.017036 -3.7876 0)
(-0.253948 -2.77335 0)
(-0.483995 -1.21276 0)
(-0.52202 0.0858017 0)
(-0.167033 0.975152 0)
(0.304415 2.80257 0)
(1.38683 3.72714 0)
(2.03596 4.17761 0)
(3.66255 6.83016 0)
(6.90105 9.14265 0)
(6.94008 7.51282 0)
(8.50498 9.54178 0)
(10.1773 7.83102 0)
(10.2887 10.6076 0)
(14.6532 9.41903 0)
(13.3482 11.2915 0)
(16.0079 7.80295 0)
(17.7652 10.8211 0)
(18.7754 9.60874 0)
(21.6596 9.35577 0)
(-0.218376 -3.43424 0)
(-0.606104 -2.17644 0)
(-0.748598 -0.301527 0)
(-0.837286 0.689376 0)
(-1.09023 0.984441 0)
(-0.455663 1.63896 0)
(-0.0845251 2.51504 0)
(1.41006 4.80685 0)
(1.26671 1.54074 0)
(5.80466 6.6516 0)
(6.66734 6.14455 0)
(9.14496 8.97396 0)
(12.0119 7.19402 0)
(9.32842 8.28848 0)
(13.5897 6.72577 0)
(14.5348 10.3704 0)
(16.5129 8.14785 0)
(18.5489 8.48181 0)
(19.6936 8.3465 0)
(21.4762 7.56224 0)
(-0.256231 -3.24249 0)
(-0.655406 -2.47092 0)
(-1.248 -0.921768 0)
(-1.4302 0.24392 0)
(-0.975861 0.84842 0)
(-1.26987 1.98698 0)
(-0.127758 1.01377 0)
(0.694942 4.04815 0)
(1.77237 1.22207 0)
(2.80576 6.47968 0)
(4.62871 2.58135 0)
(2.9272 4.58419 0)
(12.9783 8.13547 0)
(8.91522 7.88205 0)
(11.1135 3.40317 0)
(12.8669 6.45735 0)
(15.258 6.32769 0)
(17.5773 6.37318 0)
(19.82 6.47102 0)
(21.4136 6.52597 0)
(-0.547379 -2.3095 0)
(-1.15615 -0.880027 0)
(-1.73981 0.686318 0)
(-1.80916 0.293521 0)
(-2.04273 1.05322 0)
(-2.58189 0.924108 0)
(0.573328 0.853798 0)
(-1.30982 3.63121 0)
(0.339022 -1.91712 0)
(2.30264 5.52866 0)
(3.55399 2.94698 0)
(-1.76536 -0.236189 0)
(10.2311 4.12895 0)
(9.75687 7.67048 0)
(10.7835 4.81378 0)
(11.88 4.34894 0)
(13.3049 3.76547 0)
(15.1678 3.96017 0)
(17.6873 3.46223 0)
(19.429 3.8301 0)
(-0.628325 -1.92081 0)
(-1.29488 -1.3716 0)
(-1.45564 -0.0313314 0)
(0.178173 -0.113805 0)
(-1.65708 1.74654 0)
(1.99428 -0.992633 0)
(-0.239932 -0.693625 0)
(0.961821 3.30571 0)
(-0.0930155 -3.98638 0)
(2.16414 4.00424 0)
(4.15602 5.50836 0)
(2.79315 -0.859839 0)
(4.96069 -1.95128 0)
(7.71783 4.0595 0)
(9.8078 4.44325 0)
(12.0757 3.2977 0)
(13.3536 2.17096 0)
(14.7247 2.56776 0)
(16.9994 1.66377 0)
(17.9761 1.76975 0)
(-0.657018 -0.239632 0)
(-1.801 -0.175091 0)
(-2.20178 -0.27026 0)
(-1.86066 0.251808 0)
(-2.39791 -0.0670325 0)
(-0.0252997 -0.341698 0)
(-4.91654 2.56805 0)
(2.84204 3.97023 0)
(0.543833 0.197859 0)
(-1.19057 1.55726 0)
(4.55233 3.35314 0)
(7.03975 0.890859 0)
(4.81042 -1.15918 0)
(4.87852 1.27098 0)
(8.07646 2.08948 0)
(11.5253 0.692443 0)
(12.5415 0.310803 0)
(14.185 0.927606 0)
(15.3079 0.326477 0)
(16.5502 0.68334 0)
(7.17896 8.7191 0)
(-11.5879 -10.2916 0)
(-0.372147 -6.09132 0)
(-9.98366 -9.6319 0)
(0.823813 -6.56783 0)
(-2.76318 1.54811 0)
(-3.20979 2.9254 0)
(-8.15316 0.802894 0)
(-7.26368 1.39082 0)
(-8.65346 -0.334788 0)
(-7.89788 0.0968009 0)
(-7.19697 -0.475001 0)
(-7.05276 -0.280186 0)
(-6.38668 -0.0280304 0)
(-7.46307 0.270502 0)
(-7.76147 0.66021 0)
(-9.64306 1.04082 0)
(-10.8658 1.13383 0)
(-12.8762 0.950166 0)
(-13.6003 0.598182 0)
(-14.8642 0.347561 0)
(-14.7816 0.0967233 0)
(-15.5136 0.128316 0)
(-14.6233 0.0584552 0)
(-14.6949 -0.255305 0)
(-13.4491 -0.571426 0)
(-13.0262 -0.94431 0)
(-10.3153 -0.969421 0)
(-9.31212 -0.711397 0)
(-7.98442 -0.687524 0)
(-5.04247 -1.22736 0)
(-3.89581 -0.830208 0)
(-1.16622 -0.888631 0)
(0.273142 -0.820315 0)
(2.34505 -0.703002 0)
(4.05674 -0.66604 0)
(5.06329 -0.466817 0)
(6.47774 -0.409337 0)
(7.12035 -0.352338 0)
(7.60571 -0.0990188 0)
(7.97718 -0.118366 0)
(7.87993 -0.0889374 0)
(7.98561 -0.396448 0)
(8.1629 -1.02375 0)
(8.47228 -1.01864 0)
(8.66722 -0.67272 0)
(8.51259 -0.266454 0)
(7.48588 0.165885 0)
(5.84842 0.47234 0)
(3.63995 0.740535 0)
(1.52125 1.01796 0)
(-0.964679 0.916443 0)
(-2.92064 0.854825 0)
(-4.74687 0.824144 0)
(-6.20196 0.64352 0)
(-7.27131 0.344656 0)
(-7.50154 0.0223187 0)
(-7.32254 -0.167897 0)
(-6.9759 -0.440665 0)
(-5.56166 -0.770177 0)
(-4.45677 -0.880022 0)
(-2.26287 -1.05597 0)
(-0.671083 -1.05195 0)
(1.90431 -1.22317 0)
(3.85331 -1.08479 0)
(6.21772 -1.04944 0)
(8.16804 -0.96622 0)
(10.2602 -0.812462 0)
(11.8784 -0.425305 0)
(13.5229 -0.668592 0)
(15.1649 -0.204724 0)
(15.6985 0.038257 0)
(16.9695 -0.191218 0)
(17.1451 0.445495 0)
(16.5826 0.931098 0)
(16.4878 0.335952 0)
(14.8345 2.39922 0)
(11.1288 3.57649 0)
(6.80094 0.481438 0)
(4.36759 -0.371051 0)
(17.3988 14.0027 0)
(19.0037 12.5433 0)
(11.5887 6.88604 0)
(9.24978 6.2929 0)
(-4.49274 2.15025 0)
(-3.47693 0.684298 0)
(-2.55143 2.97924 0)
(-2.85342 1.4684 0)
(-1.68988 0.305958 0)
(-1.14042 -0.112144 0)
(-1.53709 -0.820381 0)
(0.141032 -1.19979 0)
(0.202628 -0.937088 0)
(1.04164 0.332538 0)
(0.563788 1.32231 0)
(-0.644116 1.98281 0)
(-2.33426 2.13728 0)
(-3.84726 2.08195 0)
(-4.91768 1.83293 0)
(-5.00803 1.14566 0)
(-6.87271 0.891547 0)
(-5.76877 0.268824 0)
(-6.55097 -0.400589 0)
(-6.11829 -0.846317 0)
(-5.15595 -1.33807 0)
(-4.19282 -1.77566 0)
(-3.83978 -2.36729 0)
(-1.55606 -2.75299 0)
(-0.999827 -2.78767 0)
(1.04727 -3.17181 0)
(3.3227 -3.20059 0)
(3.91272 -3.16519 0)
(6.91939 -3.14178 0)
(7.91024 -2.7512 0)
(9.38947 -2.52725 0)
(11.601 -2.14616 0)
(11.798 -1.57573 0)
(13.7508 -1.29674 0)
(13.9639 -0.831793 0)
(14.6724 -0.425527 0)
(15.1896 -0.102728 0)
(15.2057 0.0676361 0)
(15.3828 0.258939 0)
(14.8944 0.536957 0)
(13.8202 0.610622 0)
(12.7759 0.656733 0)
(11.6098 1.19483 0)
(11.3383 2.22209 0)
(10.3034 3.08722 0)
(9.46748 3.40582 0)
(7.8244 3.2577 0)
(6.17663 3.01645 0)
(4.69218 2.60811 0)
(3.29107 2.14023 0)
(2.42999 1.59177 0)
(1.88451 0.840002 0)
(1.5502 0.120717 0)
(2.03434 -0.834869 0)
(2.37879 -1.47721 0)
(3.77559 -2.43058 0)
(4.901 -2.78985 0)
(6.8217 -3.44023 0)
(8.35458 -3.42734 0)
(10.4643 -3.69632 0)
(12.2332 -3.47628 0)
(14.312 -3.34931 0)
(15.9575 -3.12734 0)
(17.9265 -2.88039 0)
(19.185 -2.6175 0)
(20.9033 -2.16453 0)
(21.9702 -1.97195 0)
(22.9011 -1.10604 0)
(23.6526 -1.13922 0)
(24.3202 0.0488744 0)
(23.8087 0.553029 0)
(24.0455 1.18983 0)
(23.4984 2.96904 0)
(19.4852 3.04006 0)
(21.7729 5.52546 0)
(17.1294 4.31047 0)
(21.3102 13.5826 0)
(23.6068 10.3482 0)
(20.3908 5.76912 0)
(20.8575 3.87633 0)
(16.13 3.30712 0)
(17.1359 2.2268 0)
(14.4529 2.03691 0)
(14.7046 1.03739 0)
(14.3466 0.600751 0)
(13.6724 -0.113288 0)
(12.5288 -0.708006 0)
(12.511 -1.13966 0)
(10.038 -0.925 0)
(7.82085 -0.302225 0)
(7.67515 1.11727 0)
(6.99668 2.25048 0)
(7.35494 3.12911 0)
(7.60418 3.21462 0)
(6.77798 2.78787 0)
(8.08441 2.08986 0)
(6.42914 1.2675 0)
(7.73095 0.499659 0)
(6.67611 -0.305566 0)
(7.75116 -1.1759 0)
(7.63967 -1.85063 0)
(8.04177 -2.53363 0)
(9.60822 -3.20836 0)
(9.43294 -3.79297 0)
(11.1232 -4.1338 0)
(11.9184 -4.63832 0)
(13.4332 -4.92772 0)
(14.1993 -4.80977 0)
(15.7043 -4.85675 0)
(16.6624 -4.54116 0)
(17.6633 -4.00067 0)
(18.6306 -3.60627 0)
(19.2884 -2.9237 0)
(20.0915 -2.28942 0)
(20.432 -1.72664 0)
(20.9109 -1.04859 0)
(20.9795 -0.600972 0)
(21.3527 -0.126291 0)
(20.9584 0.233584 0)
(21.0133 0.439432 0)
(20.0186 0.894849 0)
(20.0207 1.3573 0)
(18.4905 1.68553 0)
(17.8193 1.99232 0)
(16.6403 2.57134 0)
(16.4538 3.21633 0)
(15.9051 3.98408 0)
(15.5935 4.12948 0)
(15.1019 3.74183 0)
(14.4471 3.23117 0)
(14.0626 2.36177 0)
(13.6774 1.20194 0)
(13.5432 0.261722 0)
(13.4564 -1.03419 0)
(14.181 -1.94248 0)
(14.6746 -3.46663 0)
(15.8169 -3.96824 0)
(16.5632 -4.81987 0)
(18.173 -4.99627 0)
(19.2368 -5.74836 0)
(20.8597 -5.24432 0)
(21.6782 -5.22075 0)
(23.1845 -4.554 0)
(23.7902 -4.4777 0)
(25.4241 -3.84848 0)
(25.7094 -3.38615 0)
(27.3282 -2.76146 0)
(27.0999 -2.16196 0)
(28.6695 -1.15778 0)
(27.9912 -0.717719 0)
(29.2352 1.15634 0)
(27.6936 1.38862 0)
(29.0414 3.43662 0)
(25.9022 4.30967 0)
(27.509 5.98797 0)
(25.055 6.04477 0)
(22.7424 11.2882 0)
(25.2627 9.47836 0)
(25.0328 7.33892 0)
(25.9732 5.41551 0)
(25.1474 4.81609 0)
(25.0503 3.80778 0)
(24.4439 3.09874 0)
(24.3936 2.54038 0)
(23.8247 1.47896 0)
(23.9891 0.950076 0)
(22.861 0.661012 0)
(22.9154 0.598444 0)
(21.9877 1.21662 0)
(21.2168 2.17149 0)
(19.8969 2.7295 0)
(20.1336 3.15999 0)
(19.0704 3.29781 0)
(20.34 3.16859 0)
(19.359 3.07702 0)
(20.1239 2.17177 0)
(19.8572 1.60098 0)
(19.3116 0.527336 0)
(20.0341 -0.35025 0)
(19.0992 -1.11485 0)
(19.8556 -2.17898 0)
(19.8159 -2.78197 0)
(20.2712 -3.74809 0)
(20.7059 -4.27315 0)
(21.195 -4.94867 0)
(21.7811 -5.24356 0)
(22.2809 -5.64771 0)
(22.8774 -5.5898 0)
(23.168 -5.42641 0)
(23.7848 -5.1736 0)
(23.9549 -4.54418 0)
(24.3617 -4.03046 0)
(24.5517 -3.35156 0)
(24.8717 -2.55929 0)
(24.8193 -1.95288 0)
(25.0985 -1.21647 0)
(24.9013 -0.545251 0)
(25.1735 -0.0815281 0)
(24.7372 0.496143 0)
(24.9719 0.8982 0)
(24.2576 1.46002 0)
(24.3223 1.91096 0)
(23.6083 2.49695 0)
(23.3287 3.03699 0)
(22.9044 3.71017 0)
(22.6115 4.15352 0)
(22.4647 4.58133 0)
(22.3762 4.55967 0)
(22.5849 4.37919 0)
(22.458 3.71186 0)
(23.1614 2.87769 0)
(22.7529 1.75067 0)
(23.4687 0.586716 0)
(23.0337 -1.22939 0)
(24.1545 -1.92 0)
(23.4305 -3.60825 0)
(24.9656 -4.2129 0)
(24.1404 -5.47765 0)
(25.8057 -5.31618 0)
(25.0389 -6.55498 0)
(27.1539 -5.76037 0)
(26.154 -6.10238 0)
(27.9145 -4.99742 0)
(26.8262 -5.31139 0)
(28.9711 -4.21368 0)
(27.8483 -4.2087 0)
(30.0261 -2.87831 0)
(28.7094 -2.87365 0)
(30.9306 -1.23425 0)
(29.6029 -1.00766 0)
(31.4208 0.985737 0)
(29.7983 1.71022 0)
(31.2629 3.4167 0)
(29.3482 4.83889 0)
(29.9398 5.91858 0)
(29.0005 6.72586 0)
(22.791 8.93418 0)
(25.0398 8.10845 0)
(26.0325 7.06003 0)
(27.4676 5.85278 0)
(27.5765 4.80104 0)
(28.2444 3.99499 0)
(27.8798 3.22261 0)
(28.2861 2.45773 0)
(27.8231 1.93706 0)
(28.0814 1.15931 0)
(27.7113 0.995264 0)
(27.4544 0.889202 0)
(27.1015 0.972474 0)
(26.841 1.38753 0)
(26.3922 2.00228 0)
(26.8029 2.47687 0)
(26.9097 2.86388 0)
(27.8817 2.80018 0)
(28.2189 2.64038 0)
(28.784 2.26498 0)
(28.9607 1.45946 0)
(29.2961 0.888743 0)
(29.1383 -0.162875 0)
(29.5412 -0.971377 0)
(29.0565 -1.8374 0)
(29.6043 -2.68525 0)
(29.0018 -3.47358 0)
(29.4444 -4.17575 0)
(28.8531 -4.82346 0)
(29.0637 -5.21061 0)
(28.4935 -5.52113 0)
(28.5199 -5.59547 0)
(27.9609 -5.37049 0)
(27.8541 -5.12808 0)
(27.4837 -4.52281 0)
(27.2018 -3.97488 0)
(27.0864 -3.31792 0)
(26.8329 -2.54416 0)
(26.6876 -1.94668 0)
(26.5482 -1.19091 0)
(26.3618 -0.516479 0)
(26.2688 -0.118479 0)
(26.1056 0.613845 0)
(26.0471 0.843932 0)
(25.8956 1.42546 0)
(25.8618 1.91458 0)
(25.9882 2.37374 0)
(25.9091 3.03924 0)
(26.4301 3.6268 0)
(26.4783 3.90805 0)
(27.0725 4.42919 0)
(27.1893 4.19544 0)
(28.0781 4.10117 0)
(27.9707 3.53523 0)
(29.2043 2.58824 0)
(28.6412 1.44586 0)
(29.7255 0.317412 0)
(28.8447 -1.48001 0)
(30.2568 -2.23281 0)
(28.4897 -3.91663 0)
(29.9097 -4.5102 0)
(28.0204 -5.71946 0)
(29.4819 -5.55781 0)
(27.3746 -6.65533 0)
(29.6713 -5.75722 0)
(27.6252 -6.40572 0)
(29.3377 -5.10209 0)
(27.3518 -5.66653 0)
(29.587 -4.417 0)
(28.0697 -4.65002 0)
(30.0889 -3.22137 0)
(28.6881 -3.18799 0)
(30.7491 -1.62146 0)
(29.7375 -1.04978 0)
(31.2597 0.615885 0)
(30.315 1.99729 0)
(31.2497 3.47652 0)
(30.2397 5.15438 0)
(30.2628 6.18514 0)
(29.9972 7.3815 0)
(23.0975 7.05948 0)
(24.8863 6.4631 0)
(25.9343 5.75964 0)
(27.3593 4.8181 0)
(27.8732 3.95842 0)
(28.6661 3.10056 0)
(28.8609 2.55907 0)
(29.2394 1.89719 0)
(29.3418 1.54899 0)
(29.5338 1.17756 0)
(29.6281 0.893144 0)
(29.7199 0.936116 0)
(29.5071 1.00651 0)
(29.896 1.28149 0)
(29.6882 1.76798 0)
(30.4524 2.16636 0)
(30.7268 2.50162 0)
(31.8249 2.50064 0)
(32.4536 2.24092 0)
(33.2258 1.88617 0)
(33.5688 1.24159 0)
(34.0406 0.562615 0)
(33.9051 -0.248871 0)
(34.3001 -1.15324 0)
(33.7474 -1.91559 0)
(33.9701 -2.7518 0)
(32.9783 -3.51705 0)
(33.0181 -4.15467 0)
(31.7835 -4.77011 0)
(31.6159 -5.09706 0)
(30.3291 -5.29145 0)
(29.9894 -5.30927 0)
(28.9356 -4.95239 0)
(28.4465 -4.66889 0)
(27.7553 -4.02323 0)
(27.1575 -3.4254 0)
(26.8172 -2.81757 0)
(26.3322 -2.0176 0)
(26.1056 -1.50691 0)
(25.7161 -0.810125 0)
(25.5927 -0.225748 0)
(25.1803 0.162169 0)
(25.268 0.834553 0)
(24.8489 1.07307 0)
(25.0929 1.62513 0)
(24.8904 2.02192 0)
(25.295 2.37505 0)
(25.3407 2.92988 0)
(26.1416 3.25858 0)
(26.3519 3.46332 0)
(27.5086 3.8854 0)
(27.7903 3.56256 0)
(29.1158 3.54598 0)
(29.2944 2.99767 0)
(30.5012 2.09098 0)
(30.3129 1.21734 0)
(31.3064 0.0713813 0)
(30.4223 -1.25792 0)
(31.6584 -2.15397 0)
(29.6297 -3.70922 0)
(30.8532 -4.31517 0)
(28.6366 -5.23593 0)
(29.9599 -5.56609 0)
(27.4199 -6.11924 0)
(29.9292 -5.29717 0)
(27.3471 -5.99648 0)
(29.2964 -5.02371 0)
(26.8113 -5.51392 0)
(29.0666 -4.41124 0)
(27.4865 -4.82555 0)
(29.1785 -3.74525 0)
(28.0107 -3.51649 0)
(29.4612 -2.2767 0)
(28.9713 -1.28855 0)
(29.9647 0.080509 0)
(29.7022 1.89112 0)
(30.1405 3.20369 0)
(29.7356 5.04009 0)
(29.5481 6.06382 0)
(29.5208 7.55846 0)
(23.5293 6.21555 0)
(25.1488 5.6263 0)
(26.5499 5.16279 0)
(27.5001 4.21688 0)
(28.5643 3.57626 0)
(29.0185 2.74847 0)
(29.7648 2.20064 0)
(29.9024 1.74092 0)
(30.3739 1.28456 0)
(30.4787 1.13685 0)
(30.7198 0.831797 0)
(30.9853 0.84051 0)
(30.8563 0.89391 0)
(31.419 1.08451 0)
(31.347 1.34417 0)
(32.1665 1.67628 0)
(32.4421 1.82038 0)
(33.403 1.91657 0)
(34.0303 1.60761 0)
(34.7783 1.28727 0)
(35.2144 0.81384 0)
(35.5926 0.197431 0)
(35.5979 -0.312227 0)
(35.7762 -1.06651 0)
(35.2509 -1.62165 0)
(35.1778 -2.34141 0)
(34.0462 -2.90522 0)
(33.8055 -3.41143 0)
(32.3658 -3.87555 0)
(31.9697 -4.0703 0)
(30.5987 -4.21416 0)
(30.034 -4.12089 0)
(29.0206 -3.86282 0)
(28.2979 -3.65499 0)
(27.6428 -3.11665 0)
(27.0124 -2.73612 0)
(26.4543 -2.1333 0)
(26.1932 -1.5466 0)
(25.6022 -1.08114 0)
(25.3788 -0.447066 0)
(25.2561 -0.0609446 0)
(24.7287 0.431627 0)
(25.0546 0.903943 0)
(24.6673 1.15975 0)
(24.8348 1.68362 0)
(24.9 1.8982 0)
(25.148 2.15462 0)
(25.2528 2.57747 0)
(25.9231 2.57666 0)
(26.2456 2.78788 0)
(27.1247 2.98679 0)
(27.6168 2.60659 0)
(28.7311 2.61631 0)
(29.0822 2.05987 0)
(30.0142 1.34577 0)
(30.2999 0.735697 0)
(30.7176 -0.324707 0)
(30.467 -1.26151 0)
(30.9389 -2.15754 0)
(29.4771 -3.53901 0)
(30.346 -4.14099 0)
(28.5567 -4.93525 0)
(29.5256 -5.83219 0)
(27.737 -5.89113 0)
(29.8601 -5.10005 0)
(26.6741 -5.34815 0)
(28.8447 -4.93406 0)
(25.5122 -5.18738 0)
(27.7564 -4.21236 0)
(25.0415 -4.58257 0)
(26.6429 -3.77028 0)
(24.9563 -3.61424 0)
(25.7695 -2.61525 0)
(25.5124 -1.42889 0)
(25.7139 -0.208627 0)
(26.146 1.88334 0)
(26.1686 2.98162 0)
(26.6343 4.99627 0)
(26.5593 5.8479 0)
(27.1513 7.58306 0)
(21.8265 4.23494 0)
(23.4182 3.68397 0)
(25.283 3.71426 0)
(26.1991 2.98081 0)
(27.6053 2.65024 0)
(28.1875 2.1447 0)
(29.0545 1.64659 0)
(29.4132 1.45645 0)
(29.775 0.980621 0)
(30.1711 0.977746 0)
(30.1565 0.699974 0)
(30.7427 0.726866 0)
(30.4483 0.722815 0)
(31.1858 0.881715 0)
(31.0276 0.981364 0)
(31.8462 1.19152 0)
(32.0662 1.20735 0)
(32.8064 1.26672 0)
(33.4331 1.0292 0)
(33.9753 0.761595 0)
(34.5719 0.432361 0)
(34.7106 -0.0245497 0)
(34.923 -0.350804 0)
(34.7525 -0.9307 0)
(34.4335 -1.34242 0)
(33.9764 -1.91898 0)
(33.1038 -2.33507 0)
(32.4425 -2.70042 0)
(31.3232 -3.07427 0)
(30.5358 -3.15587 0)
(29.5145 -3.34946 0)
(28.5574 -3.27646 0)
(27.776 -3.16838 0)
(26.7776 -3.1314 0)
(26.2175 -2.65816 0)
(25.4736 -2.47438 0)
(24.9267 -1.90229 0)
(24.5876 -1.34087 0)
(23.9942 -0.990365 0)
(23.841 -0.304725 0)
(23.5593 0.131367 0)
(23.4475 0.344438 0)
(23.4362 0.941149 0)
(23.5346 1.13903 0)
(23.6259 1.2599 0)
(23.8806 1.73547 0)
(24.2375 1.80405 0)
(24.6238 1.93396 0)
(25.0091 2.18104 0)
(25.9057 2.20532 0)
(26.3058 2.15634 0)
(27.0354 2.11901 0)
(28.0265 1.88179 0)
(28.3392 1.41598 0)
(29.1207 1.12447 0)
(29.6821 0.391894 0)
(29.5146 -0.323587 0)
(29.917 -0.964563 0)
(29.5274 -1.93124 0)
(28.7837 -2.8951 0)
(28.9446 -3.43103 0)
(27.7468 -4.50889 0)
(27.4482 -5.53802 0)
(27.3935 -5.64163 0)
(27.7646 -5.0882 0)
(24.1492 -4.1935 0)
(24.6758 -3.98351 0)
(20.892 -3.99303 0)
(22.4313 -3.44323 0)
(17.351 -3.218 0)
(19.4398 -2.47761 0)
(15.4692 -2.74614 0)
(17.3909 -1.69938 0)
(16.2825 -1.39819 0)
(16.4166 -0.0278348 0)
(17.5914 1.60804 0)
(16.8754 2.67339 0)
(19.4529 4.81136 0)
(18.9583 5.17968 0)
(21.4749 7.23947 0)
(20.5355 2.18474 0)
(21.2453 1.7734 0)
(23.5086 1.94441 0)
(24.2856 1.4652 0)
(25.8333 1.4419 0)
(26.7894 1.08485 0)
(27.4298 0.883127 0)
(28.4142 0.711623 0)
(28.3809 0.463557 0)
(29.3841 0.458904 0)
(29.0467 0.272222 0)
(29.999 0.353567 0)
(29.6702 0.265412 0)
(30.4425 0.422931 0)
(30.4104 0.426251 0)
(31.0431 0.504619 0)
(31.3965 0.560418 0)
(31.9119 0.480494 0)
(32.5211 0.501937 0)
(32.9946 0.225055 0)
(33.4641 0.115933 0)
(33.6845 -0.167922 0)
(33.6598 -0.433472 0)
(33.5221 -0.667664 0)
(33.0265 -1.1042 0)
(32.5088 -1.27961 0)
(31.6528 -1.67236 0)
(30.708 -1.78515 0)
(29.7682 -1.98304 0)
(28.4658 -2.14172 0)
(27.6346 -2.14321 0)
(26.0605 -2.29802 0)
(25.3175 -2.17117 0)
(23.8629 -2.12889 0)
(23.154 -1.92343 0)
(22.1874 -1.56992 0)
(21.5902 -1.29849 0)
(20.8844 -0.809128 0)
(20.6618 -0.486214 0)
(20.2717 -0.0810085 0)
(20.0372 0.299475 0)
(20.2334 0.530399 0)
(20.3399 0.769969 0)
(20.5933 0.983825 0)
(20.8676 1.0687 0)
(21.7014 1.2345 0)
(21.9329 1.36065 0)
(22.7653 1.34491 0)
(23.4656 1.51257 0)
(24.4339 1.49533 0)
(24.972 1.35969 0)
(26.0593 1.39064 0)
(26.8629 1.19163 0)
(27.3517 0.800871 0)
(28.2818 0.733149 0)
(28.4233 0.132729 0)
(28.5536 -0.416378 0)
(28.6494 -0.63969 0)
(27.94 -1.64004 0)
(27.0905 -2.11942 0)
(26.6362 -2.45688 0)
(24.5741 -4.09491 0)
(22.6073 -4.49816 0)
(22.9785 -4.88353 0)
(22.1046 -5.51001 0)
(18.269 -4.17179 0)
(13.8097 -1.76928 0)
(11.1937 -1.3071 0)
(9.95656 -1.56587 0)
(7.63529 -1.6683 0)
(8.49894 -1.72842 0)
(4.46984 -1.81316 0)
(7.69887 -1.08469 0)
(2.71867 -1.35485 0)
(5.77591 0.623132 0)
(5.67629 0.512361 0)
(4.13253 2.18404 0)
(9.6426 4.31137 0)
(7.13172 3.56247 0)
(12.7788 6.39214 0)
(18.2048 0.704067 0)
(18.9361 0.577038 0)
(20.6898 0.743164 0)
(21.6417 0.450595 0)
(22.9442 0.619137 0)
(23.9223 0.389007 0)
(24.5526 0.37433 0)
(25.3647 0.340668 0)
(25.5235 0.168216 0)
(26.1561 0.31018 0)
(26.1632 0.082901 0)
(26.5828 0.276523 0)
(26.698 0.105832 0)
(26.8807 0.227601 0)
(27.2385 0.211736 0)
(27.3618 0.147947 0)
(27.9475 0.298134 0)
(28.1368 0.0722113 0)
(28.7013 0.299128 0)
(29.0321 -0.00910741 0)
(29.2327 0.106574 0)
(29.4744 -0.102897 0)
(28.9382 -0.217854 0)
(28.9271 -0.225488 0)
(27.7552 -0.584835 0)
(27.4062 -0.407349 0)
(25.8436 -0.855659 0)
(24.8911 -0.61187 0)
(23.2569 -0.900788 0)
(21.5703 -0.934079 0)
(20.2784 -0.841403 0)
(18.0059 -1.26149 0)
(16.8665 -0.734745 0)
(14.7736 -1.07707 0)
(13.3388 -0.703651 0)
(12.5482 -0.244098 0)
(10.9062 -0.579411 0)
(10.7366 0.107386 0)
(10.4217 0.208605 0)
(9.82735 -0.159951 0)
(10.4397 0.409025 0)
(10.7212 0.595506 0)
(10.9708 0.332292 0)
(11.9439 0.439998 0)
(12.5017 0.748035 0)
(13.3875 0.718517 0)
(14.3266 0.477815 0)
(15.2026 0.754 0)
(16.2924 0.880828 0)
(17.3531 0.503578 0)
(18.3379 0.646308 0)
(19.3113 0.795028 0)
(20.4005 0.285213 0)
(20.8841 0.412482 0)
(21.7266 0.388136 0)
(21.811 -0.269526 0)
(21.7186 -0.11139 0)
(21.5344 -0.332532 0)
(20.3168 -1.23176 0)
(18.8131 -0.779419 0)
(17.3754 -1.3267 0)
(13.5148 -3.25333 0)
(9.06374 -2.93548 0)
(5.42442 0.091067 0)
(3.41211 2.44156 0)
(2.18504 2.51125 0)
(1.9081 1.24299 0)
(1.40401 -0.115658 0)
(0.713108 -0.638807 0)
(-0.61342 -0.851908 0)
(-2.07952 -0.734911 0)
(-3.50534 -0.856244 0)
(-4.47563 -0.376035 0)
(-6.33186 -0.517956 0)
(-4.86519 -0.537442 0)
(-7.00566 1.05212 0)
(-5.22852 2.16885 0)
(-0.66823 -0.103163 0)
(-4.0406 1.4859 0)
(5.22067 4.1999 0)
)
;

boundaryField
{
    inlet
    {
        type            fixedValue;
        value           uniform (10 0 0);
    }
    outlet
    {
        type            zeroGradient;
    }
    walls
    {
        type            fixedValue;
        value           uniform (0 0 0);
    }
    frontAndBack
    {
        type            empty;
    }
}


// ************************************************************************* //
