/*--------------------------------*- C++ -*----------------------------------*\
| =========                 |                                                 |
| \\      /  F ield         | OpenFOAM: The Open Source CFD Toolbox           |
|  \\    /   O peration     | Version:  2306                                  |
|   \\  /    A nd           | Website:  www.openfoam.com                      |
|    \\/     M anipulation  |                                                 |
\*---------------------------------------------------------------------------*/
FoamFile
{
    version     2.0;
    format      ascii;
    arch        "LSB;label=32;scalar=64";
    class       surfaceScalarField;
    location    "0.3";
    object      phi;
}
// * * * * * * * * * * * * * * * * * * * * * * * * * * * * * * * * * * * * * //

dimensions      [0 3 -1 0 0 0 0];

oriented        oriented;

internalField   nonuniform List<scalar> 
8520
(
0.00992783
7.21714e-05
0.00978963
0.000138197
0.00962949
0.000160141
0.00946827
0.000161219
0.00930944
0.000158831
0.00914917
0.000160271
0.00898637
0.000162802
0.00882096
0.000165412
0.00865369
0.000167271
0.00848562
0.000168071
0.00831789
0.000167722
0.00815105
0.000166841
0.00798557
0.000165479
0.00782129
0.000164281
0.00765853
0.000162764
0.00749705
0.000161478
0.0073372
0.000159849
0.00717883
0.000158375
0.00702223
0.000156598
0.00686733
0.000154896
0.00671436
0.000152973
0.0065633
0.000151061
0.00641425
0.000149045
0.00626728
0.000146974
0.00612241
0.000144869
0.00597971
0.000142701
0.00583921
0.000140503
0.00570087
0.000138332
0.00556484
0.000136031
0.00543092
0.000133928
0.00529941
0.000131509
0.00516982
0.000129586
0.00504265
0.000127175
0.00491713
0.000125515
0.00479388
0.000123249
0.00467203
0.000121856
0.00455205
0.000119972
0.00443318
0.000118876
0.00431559
0.000117583
0.00419862
0.000116972
0.00408221
0.00011641
0.00396576
0.000116451
0.00384903
0.000116735
0.00373132
0.00011771
0.00361234
0.000118976
0.00349107
0.000121274
0.00336738
0.00012369
0.00323975
0.000127628
0.00310824
0.000131506
0.00297097
0.000137273
0.00282796
0.000143014
0.00267719
0.00015077
0.00251851
0.000158677
0.00234994
0.000168565
0.00217118
0.000178763
0.00198043
0.000190755
0.0017774
0.000203024
0.00156067
0.000216734
0.00133044
0.000230228
0.00108591
0.000244529
0.000828659
0.000257251
0.000559489
0.00026917
0.000284754
0.000274736
1.61711e-05
0.000268582
-0.000229101
0.000245272
-0.00044064
0.00021154
-0.000593087
0.000152447
-0.000671813
7.87259e-05
-0.000654706
-1.71071e-05
-0.000536589
-0.000118118
-0.000309194
-0.000227395
-2.79954e-05
-0.000281198
0.000211368
-0.000239363
0.000328422
-0.000117054
7.07531e-05
0.000257669
-0.000405736
0.000476489
-0.000283823
-0.000121913
0.000110896
-0.000394719
0.000164776
-5.38795e-05
0.000206477
-4.17013e-05
0.0100357
3.64851e-05
0.0100799
9.40202e-05
0.0101108
0.000129226
0.0101273
0.000144736
0.0101357
0.000150361
0.0101431
0.000152867
0.0101493
0.000156635
0.0101532
0.000161503
0.0101536
0.000166872
0.0101502
0.000171463
0.010143
0.000174952
0.0101323
0.000177497
0.0101188
0.000178969
0.0101027
0.000180438
0.0100844
0.000181064
0.0100636
0.000182228
0.0100409
0.000182554
0.0100158
0.000183473
0.00998887
0.000183561
0.00995966
0.0001841
0.00992865
0.000183984
0.00989563
0.000184083
0.00986079
0.000183889
0.00982422
0.000183542
0.00978575
0.000183334
0.00974582
0.000182631
0.00970392
0.000182403
0.00966074
0.000181517
0.00961557
0.000181199
0.00956917
0.000180324
0.00952082
0.000179866
0.00947112
0.000179282
0.0094196
0.000178697
0.00936653
0.000178583
0.00931165
0.000178132
0.00925506
0.000178441
0.00919642
0.000178612
0.00913604
0.000179261
0.00907314
0.000180478
0.00900836
0.000181752
0.00894034
0.000184436
0.00887034
0.000186447
0.00879622
0.000190851
0.00871986
0.000194073
0.00863841
0.000200422
0.00855395
0.00020574
0.00846362
0.000214023
0.00836884
0.000222409
0.00826747
0.000232867
0.00815972
0.000245025
0.00804449
0.000258245
0.00792053
0.000274732
0.00778789
0.000291319
0.00764383
0.00031262
0.00748943
0.000333166
0.00732087
0.000359311
0.00713967
0.000384232
0.00694179
0.000414611
0.00672866
0.000443353
0.00649705
0.000476141
0.00624825
0.000506054
0.00598093
0.000536494
0.00569489
0.000560775
0.00538602
0.000577445
0.00505823
0.000573068
0.00470197
0.000567802
0.00430457
0.000549848
0.00385613
0.000527165
0.00333671
0.00050231
0.00272226
0.000496332
0.00196726
0.000527604
0.00109858
0.000587485
0.000248896
0.000610319
-0.00034112
0.000472962
-0.000506269
0.000422817
-0.000322331
0.000292552
-0.0003062
-0.000138045
-0.000354178
-0.000346741
-0.000275379
-0.000132679
0.000250882
-0.000319783
0.0100142
2.23045e-05
0.0100441
6.41206e-05
0.0100778
9.55462e-05
0.0101074
0.000115075
0.0101313
0.000126494
0.0101523
0.000131889
0.0101729
0.000135992
0.0101951
0.000139356
0.0102178
0.000144134
0.0102408
0.000148409
0.0102629
0.000152854
0.0102843
0.000156169
0.0103043
0.000158937
0.0103237
0.000161088
0.0103421
0.000162579
0.0103601
0.000164248
0.0103774
0.000165257
0.0103941
0.000166764
0.0104101
0.000167626
0.0104253
0.000168846
0.0104396
0.000169693
0.0104532
0.000170483
0.0104656
0.000171458
0.0104774
0.000171734
0.0104879
0.000172919
0.0104977
0.000172781
0.010506
0.000174148
0.0105136
0.000173844
0.0105196
0.000175204
0.0105248
0.00017515
0.0105285
0.000176202
0.0105308
0.000176982
0.010532
0.000177438
0.0105311
0.000179479
0.0105297
0.00017952
0.0105255
0.000182739
0.0105209
0.000183121
0.0105131
0.000187117
0.0105048
0.000188757
0.0104932
0.000193368
0.0104806
0.00019698
0.0104649
0.000202219
0.0104474
0.000208362
0.0104268
0.000214666
0.0104036
0.000223629
0.0103773
0.000232015
0.0103475
0.000243828
0.0103145
0.000255397
0.0102768
0.000270564
0.0102359
0.000285889
0.0101887
0.000305474
0.0101383
0.000325093
0.0100798
0.000349816
0.0100176
0.000374816
0.00994599
0.000404822
0.00986911
0.000436195
0.00978187
0.000471469
0.00968729
0.000509192
0.00958141
0.00054923
0.00946591
0.000591642
0.00933771
0.000634257
0.0091967
0.000677505
0.00904039
0.000717079
0.00886343
0.000754412
0.0086553
0.000781195
0.00841179
0.000811309
0.0081277
0.000833942
0.00779126
0.000863607
0.00740317
0.000890401
0.00695984
0.000939656
0.00648477
0.00100267
0.00599106
0.0010812
0.00544719
0.00115418
0.00472892
0.00119123
0.00395843
0.00119331
0.00309063
0.00116035
0.00190642
0.00104616
0.000578298
0.000981383
-0.000308612
0.000754231
0.000548444
-0.000606173
0.010007
1.53159e-05
0.0100268
4.43563e-05
0.0100519
7.0392e-05
0.010077
8.99918e-05
0.0101003
0.000103228
0.0101222
0.000109897
0.010143
0.000115232
0.0101642
0.000118139
0.0101862
0.000122135
0.0102095
0.000125127
0.010233
0.000129331
0.0102569
0.00013227
0.0102804
0.000135484
0.0103038
0.000137672
0.0103269
0.000139464
0.0103499
0.000141228
0.010373
0.000142144
0.0103959
0.000143908
0.0104191
0.000144457
0.0104417
0.000146183
0.0104647
0.000146712
0.010487
0.000148185
0.0105095
0.000148933
0.0105313
0.000149938
0.0105532
0.000151072
0.0105743
0.000151617
0.0105953
0.000153205
0.0106157
0.000153445
0.0106355
0.000155389
0.0106549
0.000155721
0.0106734
0.000157697
0.0106916
0.000158821
0.0107087
0.00016033
0.0107252
0.000162978
0.0107409
0.000163868
0.0107553
0.000168295
0.0107694
0.000169049
0.0107814
0.000175049
0.0107936
0.000176554
0.0108032
0.000183809
0.0108131
0.000187087
0.0108202
0.000195115
0.010827
0.000201526
0.0108318
0.000209943
0.0108349
0.000220494
0.0108369
0.000229963
0.0108362
0.000244555
0.0108348
0.000256798
0.0108303
0.000275126
0.0108247
0.000291484
0.0108158
0.000314303
0.0108058
0.000335128
0.0107918
0.000363865
0.0107771
0.000389454
0.010757
0.000424902
0.0107369
0.000456317
0.0107106
0.000497759
0.0106831
0.000536665
0.0106502
0.000582132
0.0106131
0.000628797
0.0105704
0.000676907
0.0105199
0.000728034
0.010459
0.000778007
0.0103833
0.000830144
0.0102843
0.000880187
0.0101603
0.000935238
0.01001
0.000984322
0.00982262
0.00105094
0.00960624
0.00110678
0.00934868
0.00119722
0.00907757
0.00127378
0.00876439
0.00139438
0.00841654
0.00150203
0.00797315
0.00163462
0.00746621
0.00170024
0.00685701
0.00176956
0.00614817
0.001755
0.00536948
0.00176007
0.00432001
0.0018037
0.00176787
0.00310058
0.0100043
1.10017e-05
0.0100166
3.21137e-05
0.010035
5.19523e-05
0.0100562
6.88009e-05
0.010078
8.14407e-05
0.0100988
8.9103e-05
0.0101192
9.47673e-05
0.0101396
9.78182e-05
0.0101607
0.000101024
0.0101824
0.000103379
0.0102051
0.000106662
0.010228
0.000109336
0.0102515
0.000112025
0.0102746
0.000114498
0.0102982
0.000115893
0.0103212
0.000118246
0.0103449
0.000118404
0.0103678
0.000120999
0.0103919
0.000120424
0.0104148
0.00012327
0.0104389
0.000122565
0.0104618
0.000125312
0.0104858
0.000124975
0.0105086
0.000127117
0.010532
0.00012763
0.0105548
0.000128827
0.0105774
0.000130591
0.0106002
0.000130664
0.0106217
0.00013388
0.0106444
0.000133025
0.0106647
0.000137471
0.010687
0.000136448
0.010706
0.000141377
0.0107276
0.000141382
0.0107454
0.000146049
0.0107657
0.000147959
0.0107825
0.000152257
0.0108012
0.000156361
0.010817
0.00016074
0.0108337
0.000167113
0.0108486
0.000172205
0.010863
0.000180715
0.0108768
0.000187721
0.010889
0.000197781
0.0109012
0.000208297
0.0109115
0.000219638
0.0109216
0.000234483
0.0109302
0.000248122
0.0109382
0.000267182
0.010945
0.000284679
0.0109512
0.000308056
0.0109558
0.000330553
0.0109609
0.000358801
0.0109632
0.000387117
0.0109671
0.00042104
0.0109681
0.000455293
0.0109698
0.000496088
0.0109705
0.000535959
0.0109691
0.000583477
0.0109679
0.000630071
0.0109627
0.000682061
0.0109542
0.00073658
0.0109394
0.000792725
0.010916
0.000853567
0.0108797
0.000916455
0.0108328
0.000982156
0.0107626
0.00105454
0.0106815
0.00113201
0.0105697
0.00121859
0.0104471
0.00131988
0.0102945
0.00142636
0.0101223
0.00156657
0.00992901
0.00169534
0.00970368
0.00185995
0.00943369
0.00197023
0.00907914
0.00212411
0.00864849
0.00218565
0.00806133
0.00234724
0.0074472
0.00241783
0.00257824
0.00663683
0.010003
7.95287e-06
0.0100118
2.34062e-05
0.0100256
3.81352e-05
0.010043
5.13851e-05
0.0100625
6.1968e-05
0.0100823
6.92776e-05
0.0101024
7.46169e-05
0.0101224
7.78968e-05
0.0101428
8.05959e-05
0.0101636
8.25856e-05
0.0101854
8.4825e-05
0.0102077
8.7076e-05
0.0102304
8.92719e-05
0.0102534
9.14826e-05
0.0102765
9.28774e-05
0.0102997
9.4992e-05
0.0103228
9.531e-05
0.0103462
9.76473e-05
0.0103695
9.71281e-05
0.0103929
9.98527e-05
0.0104163
9.91183e-05
0.0104397
0.00010192
0.0104631
0.000101543
0.0104864
0.00010386
0.0105096
0.000104397
0.0105326
0.000105817
0.0105555
0.000107721
0.0105782
0.00010796
0.0106005
0.000111598
0.0106229
0.000110629
0.0106443
0.000116057
0.0106664
0.00011437
0.0106867
0.000121033
0.0107083
0.00011983
0.0107276
0.000126733
0.0107482
0.000127348
0.0107667
0.000133753
0.0107859
0.000137167
0.0108038
0.000142801
0.0108211
0.000149815
0.0108388
0.000154514
0.0108538
0.000165801
0.0108714
0.000170063
0.0108838
0.000185347
0.0109012
0.00019096
0.0109117
0.00020913
0.0109281
0.000218045
0.0109373
0.000238951
0.0109527
0.000251792
0.0109609
0.0002765
0.0109752
0.000293748
0.0109832
0.000322499
0.010996
0.000346055
0.011005
0.000378058
0.0110163
0.000409733
0.0110266
0.000445031
0.0110372
0.000485525
0.0110488
0.000524324
0.0110577
0.000574566
0.0110709
0.000616884
0.0110759
0.000677051
0.0110875
0.000724959
0.0110861
0.000794195
0.0110911
0.00084854
0.0110777
0.000929831
0.0110708
0.000989075
0.0110372
0.00108813
0.011011
0.00115822
0.0109534
0.00127614
0.0109008
0.00137256
0.0108202
0.0015069
0.0107402
0.00164653
0.0106452
0.00179034
0.0105314
0.00197383
0.0103949
0.00210668
0.0101922
0.00232678
0.00994993
0.00242797
0.00960724
0.00268993
0.0092861
0.00273897
0.00301685
0.00884749
0.0100025
5.41277e-06
0.0100092
1.67516e-05
0.0100205
2.68155e-05
0.0100352
3.67341e-05
0.0100525
4.46494e-05
0.0100711
5.06811e-05
0.0100904
5.53025e-05
0.0101103
5.80375e-05
0.0101301
6.07397e-05
0.0101508
6.18507e-05
0.0101717
6.40091e-05
0.0101938
6.49228e-05
0.0102156
6.75347e-05
0.0102387
6.82958e-05
0.0102609
7.07557e-05
0.0102846
7.12224e-05
0.0103069
7.30494e-05
0.0103309
7.36627e-05
0.0103534
7.46289e-05
0.0103773
7.5936e-05
0.0104002
7.62569e-05
0.0104238
7.8307e-05
0.010447
7.82848e-05
0.0104701
8.0777e-05
0.0104937
8.07933e-05
0.0105161
8.34594e-05
0.0105399
8.38519e-05
0.0105615
8.64113e-05
0.0105854
8.77102e-05
0.0106062
8.97753e-05
0.0106297
9.25881e-05
0.0106501
9.39826e-05
0.0106727
9.84336e-05
0.0106927
9.98089e-05
0.0107142
0.000105258
0.0107338
0.000107725
0.010754
0.000113582
0.0107732
0.000117931
0.0107918
0.000124168
0.0108107
0.000130957
0.0108278
0.000137366
0.0108459
0.000147737
0.0108622
0.000153806
0.0108787
0.000168789
0.0108947
0.000174971
0.0109096
0.000194255
0.0109253
0.000202376
0.0109391
0.00022514
0.0109541
0.000236798
0.0109674
0.000263133
0.010982
0.000279227
0.0109951
0.000309314
0.0110095
0.000331649
0.0110234
0.000364238
0.0110373
0.000395788
0.0110529
0.00042939
0.0110662
0.000472313
0.0110839
0.000506548
0.0110958
0.000562676
0.011116
0.000596728
0.0111239
0.00066913
0.0111459
0.000702954
0.0111489
0.000791179
0.0111668
0.00083069
0.0111663
0.000930316
0.0111718
0.000983551
0.0111643
0.0010956
0.0111545
0.00116811
0.0111343
0.00129629
0.0111084
0.00139841
0.0110744
0.00154091
0.0110345
0.00168643
0.0109906
0.00183433
0.0109284
0.00203599
0.0108569
0.00217813
0.0107497
0.00243407
0.0106164
0.0025612
0.0104645
0.00284182
0.0102446
0.00295889
0.00320621
0.0100552
0.0100022
3.24102e-06
0.0100078
1.11242e-05
0.0100176
1.69701e-05
0.0100305
2.39085e-05
0.0100462
2.89253e-05
0.0100636
3.32359e-05
0.0100822
3.67862e-05
0.0101018
3.83953e-05
0.0101213
4.12053e-05
0.0101421
4.1066e-05
0.0101624
4.37049e-05
0.0101843
4.30388e-05
0.0102056
4.62498e-05
0.0102285
4.53904e-05
0.0102504
4.88077e-05
0.010274
4.76946e-05
0.0102963
5.06828e-05
0.0103201
4.99456e-05
0.0103428
5.18531e-05
0.0103663
5.24562e-05
0.0103896
5.29316e-05
0.0104126
5.53121e-05
0.0104366
5.43652e-05
0.0104589
5.84232e-05
0.0104833
5.63687e-05
0.0105049
6.18764e-05
0.0105298
5.89974e-05
0.0105505
6.57236e-05
0.0105756
6.25907e-05
0.0105954
6.99044e-05
0.0106204
6.76702e-05
0.0106398
7.4535e-05
0.0106638
7.44365e-05
0.0106833
8.03098e-05
0.0107058
8.27488e-05
0.0107256
8.79507e-05
0.0107463
9.28449e-05
0.0107664
9.78301e-05
0.0107852
0.000105398
0.0108057
0.000110469
0.0108224
0.000120614
0.0108432
0.000127002
0.0108582
0.000138743
0.0108788
0.000148214
0.0108928
0.000161012
0.0109128
0.000174235
0.0109263
0.000188865
0.0109454
0.000206076
0.0109594
0.00022279
0.010977
0.000245546
0.0109925
0.000263715
0.0110085
0.000293296
0.011026
0.00031417
0.0110411
0.000349121
0.0110603
0.000376524
0.0110756
0.000414134
0.0110962
0.000451763
0.0111119
0.000490794
0.0111339
0.000540655
0.0111486
0.000582011
0.0111728
0.000644974
0.0111853
0.000690445
0.0112092
0.000767325
0.0112197
0.000820141
0.0112393
0.000910757
0.011245
0.000977836
0.0112584
0.00108217
0.0112558
0.00117075
0.0112603
0.0012918
0.0112487
0.00140996
0.0112421
0.00154757
0.0112226
0.00170591
0.0112003
0.00185657
0.011172
0.00206431
0.0111228
0.00222735
0.0110812
0.0024757
0.0109861
0.00265627
0.0109257
0.00290226
0.0107711
0.00311347
0.00332762
0.0106497
0.0100018
1.40441e-06
0.0100071
5.8223e-06
0.010016
8.0985e-06
0.0100277
1.21722e-05
0.0100425
1.42206e-05
0.010059
1.66817e-05
0.0100771
1.87305e-05
0.0100963
1.91733e-05
0.0101158
2.16815e-05
0.0101364
2.04489e-05
0.0101567
2.33986e-05
0.0101783
2.15045e-05
0.0101995
2.49785e-05
0.010222
2.2974e-05
0.0102441
2.66153e-05
0.0102672
2.46656e-05
0.01029
2.78847e-05
0.0103133
2.66464e-05
0.0103365
2.86512e-05
0.0103596
2.9296e-05
0.0103833
2.92518e-05
0.0104061
3.2559e-05
0.0104303
3.01414e-05
0.0104525
3.61872e-05
0.0104771
3.17646e-05
0.0104989
4.01048e-05
0.0105236
3.42812e-05
0.010545
4.43575e-05
0.0105696
3.80127e-05
0.0105906
4.88905e-05
0.0106147
4.35232e-05
0.0106355
5.37313e-05
0.0106588
5.11214e-05
0.0106796
5.95285e-05
0.0107018
6.05334e-05
0.0107226
6.71965e-05
0.0107437
7.17831e-05
0.0107643
7.71918e-05
0.0107841
8.55819e-05
0.0108048
8.97898e-05
0.0108231
0.00010226
0.010844
0.000106178
0.0108611
0.000121625
0.0108817
0.000127632
0.0108982
0.000144437
0.0109183
0.000154182
0.0109345
0.000172634
0.0109546
0.000186016
0.0109704
0.000206958
0.0109907
0.00022531
0.0110071
0.00024722
0.0110268
0.000273672
0.0110453
0.000295612
0.0110643
0.000330187
0.0110852
0.000355626
0.0111038
0.000395542
0.0111277
0.000427815
0.0111453
0.000473212
0.0111724
0.00051357
0.0111903
0.000564086
0.0112174
0.000617833
0.0112381
0.000669786
0.011263
0.000742456
0.0112847
0.000798359
0.0113071
0.000888433
0.0113266
0.000958283
0.0113457
0.00106308
0.0113602
0.00115622
0.011374
0.00127805
0.0113832
0.00140074
0.0113868
0.00154398
0.011392
0.00170068
0.0113757
0.00187288
0.0113792
0.00206085
0.0113354
0.00227117
0.0113292
0.00248184
0.0112595
0.00272601
0.0112121
0.00294964
0.0111146
0.00321098
0.0034497
0.0109925
0.0100015
-1.33814e-07
0.0100069
4.96506e-07
0.0100152
-1.99162e-07
0.0100265
8.05407e-07
0.0100407
6.50802e-08
0.0100568
5.95094e-07
0.0100747
8.33195e-07
0.0100935
3.21019e-07
0.0101132
1.98363e-06
0.0101336
1.04143e-07
0.0101541
2.86301e-06
0.0101753
2.67139e-07
0.0101968
3.54462e-06
0.0102188
8.97276e-07
0.0102413
4.14509e-06
0.010264
1.97228e-06
0.0102872
4.69768e-06
0.0103102
3.60482e-06
0.0103337
5.14701e-06
0.0103569
6.13363e-06
0.0103806
5.57832e-06
0.0104037
9.3909e-06
0.0104275
6.34985e-06
0.0104507
1.30581e-05
0.0104744
7.99926e-06
0.0104976
1.69859e-05
0.0105211
1.07268e-05
0.0105441
2.13148e-05
0.0105675
1.4708e-05
0.0105902
2.61293e-05
0.0106133
2.04696e-05
0.0106356
3.13692e-05
0.0106582
2.85172e-05
0.0106804
3.74037e-05
0.0107022
3.87111e-05
0.0107242
4.5146e-05
0.0107451
5.09141e-05
0.010767
5.52591e-05
0.010787
6.55868e-05
0.0108087
6.8069e-05
0.010828
8.30328e-05
0.0108495
8.46786e-05
0.010868
0.000103067
0.0108894
0.000106244
0.0109074
0.0001265
0.010929
0.000132525
0.0109461
0.000155573
0.0109689
0.000163158
0.0109847
0.000191232
0.0110094
0.000200544
0.0110245
0.000232139
0.0110503
0.000247902
0.011067
0.00027893
0.0110926
0.000304521
0.0111114
0.000336863
0.011139
0.000367962
0.0111575
0.000409275
0.011189
0.000441764
0.0112083
0.000494228
0.0112405
0.000531876
0.0112644
0.00059397
0.0112953
0.000638892
0.0113224
0.000715333
0.0113534
0.000767325
0.0113816
0.000860214
0.0114114
0.000928548
0.0114405
0.00103397
0.011467
0.00112969
0.0114943
0.00125075
0.0115187
0.00137636
0.0115366
0.00152611
0.0115584
0.00167887
0.0115627
0.0018686
0.0115726
0.00205093
0.0115627
0.00228099
0.0115481
0.00249646
0.0115202
0.00275394
0.0114577
0.00301212
0.0113906
0.00327805
0.00356758
0.0112728
0.0100014
-1.4885e-06
0.010007
-5.10223e-06
0.010015
-8.24159e-06
0.0100266
-1.07708e-05
0.0100406
-1.39211e-05
0.0100567
-1.55765e-05
0.0100746
-1.70683e-05
0.0100934
-1.8453e-05
0.0101133
-1.79024e-05
0.0101335
-2.00662e-05
0.0101543
-1.79258e-05
0.0101753
-2.078e-05
0.010197
-1.81693e-05
0.0102189
-2.0999e-05
0.0102417
-1.86545e-05
0.0102642
-2.05224e-05
0.0102878
-1.88999e-05
0.0103106
-1.92094e-05
0.0103345
-1.87231e-05
0.0103576
-1.70138e-05
0.0103814
-1.82035e-05
0.0104049
-1.41343e-05
0.0104285
-1.72341e-05
0.0104523
-1.07144e-05
0.0104757
-1.54529e-05
0.0104996
-6.84544e-06
0.0105229
-1.25896e-05
0.0105467
-2.46704e-06
0.0105697
-8.35702e-06
0.0105934
2.46439e-06
0.0106161
-2.25218e-06
0.0106396
7.90787e-06
0.0106618
6.27728e-06
0.0106851
1.41142e-05
0.0107068
1.70787e-05
0.0107299
2.20011e-05
0.0107509
2.99409e-05
0.0107739
3.22494e-05
0.0107941
4.53987e-05
0.0108172
4.49298e-05
0.0108364
6.37957e-05
0.0108597
6.13799e-05
0.0108786
8.41783e-05
0.0109013
8.35968e-05
0.0109211
0.000106694
0.0109424
0.000111213
0.0109635
0.000134518
0.0109846
0.00014203
0.0110056
0.000170184
0.0110284
0.000177789
0.011049
0.00021153
0.0110737
0.00022323
0.0110951
0.000257458
0.0111209
0.000278765
0.0111449
0.000312841
0.0111712
0.000341639
0.0111988
0.000381717
0.0112259
0.000414642
0.0112574
0.000462758
0.0112854
0.000503876
0.011322
0.000557378
0.0113497
0.000611192
0.011392
0.000673049
0.0114203
0.000739013
0.0114656
0.00081491
0.011497
0.000897113
0.0115425
0.000988531
0.011577
0.00109515
0.0116221
0.00120565
0.0116544
0.00134404
0.0117008
0.00147975
0.0117246
0.00165505
0.011764
0.00182916
0.0117767
0.00203826
0.0117981
0.0022596
0.0117888
0.00250575
0.0117762
0.00276651
0.0117314
0.00305694
0.0116608
0.00334864
0.00366964
0.0115588
0.0100015
-2.98876e-06
0.0100073
-1.09438e-05
0.0100157
-1.66004e-05
0.0100279
-2.30117e-05
0.0100423
-2.82773e-05
0.010059
-3.23006e-05
0.0100771
-3.51219e-05
0.0100961
-3.74617e-05
0.0101161
-3.78993e-05
0.0101362
-4.02169e-05
0.0101572
-3.88612e-05
0.0101783
-4.19014e-05
0.0102001
-4.00052e-05
0.0102223
-4.31796e-05
0.0102451
-4.14573e-05
0.0102679
-4.33503e-05
0.0102915
-4.24972e-05
0.0103145
-4.21686e-05
0.0103386
-4.28392e-05
0.0103617
-4.00728e-05
0.0103859
-4.24739e-05
0.0104093
-3.75221e-05
0.0104334
-4.12596e-05
0.0104573
-3.46647e-05
0.0104808
-3.89153e-05
0.0105054
-3.15048e-05
0.0105281
-3.52624e-05
0.0105535
-2.78338e-05
0.0105753
-3.0146e-05
0.0106012
-2.34428e-05
0.0106221
-2.31984e-05
0.0106482
-1.82353e-05
0.0106686
-1.41205e-05
0.0106945
-1.177e-05
0.0107148
-3.15838e-06
0.01074
-3.1842e-06
0.0107605
9.36092e-06
0.0107845
8.25341e-06
0.0108057
2.41922e-05
0.0108288
2.18653e-05
0.01085
4.25723e-05
0.010873
3.83657e-05
0.0108939
6.33292e-05
0.0109168
6.0643e-05
0.0109384
8.51307e-05
0.0109603
8.93461e-05
0.0109836
0.000111162
0.0110051
0.000120603
0.0110287
0.000146553
0.0110526
0.000153913
0.0110753
0.000188798
0.0111011
0.00019745
0.0111271
0.000231445
0.0111506
0.000255247
0.0111832
0.000280229
0.011206
0.000318865
0.0112415
0.000346211
0.011269
0.000387088
0.011305
0.000426777
0.011338
0.000470899
0.0113765
0.000518904
0.0114141
0.000573524
0.0114557
0.000631537
0.0114992
0.000695471
0.011544
0.000770114
0.011592
0.000849142
0.0116433
0.000937211
0.011694
0.00104444
0.0117486
0.00115101
0.0118049
0.00128776
0.011858
0.00142667
0.0119143
0.00159878
0.0119619
0.00178156
0.0120105
0.00198967
0.0120366
0.0022335
0.0120623
0.00248004
0.0120571
0.00277168
0.0120315
0.00308254
0.0119719
0.00340828
0.00377153
0.01187
0.010002
-4.96454e-06
0.0100079
-1.68889e-05
0.0100175
-2.61461e-05
0.0100308
-3.63206e-05
0.0100463
-4.38025e-05
0.0100638
-4.97606e-05
0.0100824
-5.38026e-05
0.0101016
-5.66664e-05
0.010122
-5.82251e-05
0.010142
-6.022e-05
0.0101634
-6.02417e-05
0.0101844
-6.29733e-05
0.0102068
-6.23547e-05
0.0102291
-6.55481e-05
0.0102521
-6.44487e-05
0.0102753
-6.65388e-05
0.0102988
-6.59604e-05
0.0103222
-6.56269e-05
0.0103462
-6.67428e-05
0.0103697
-6.3647e-05
0.0103939
-6.66178e-05
0.0104178
-6.14614e-05
0.0104417
-6.5151e-05
0.0104663
-5.93071e-05
0.0104896
-6.21569e-05
0.010515
-5.69693e-05
0.0105375
-5.77464e-05
0.0105636
-5.39473e-05
0.0105855
-5.19671e-05
0.0106119
-4.98846e-05
0.0106333
-4.456e-05
0.0106596
-4.45815e-05
0.010681
-3.54638e-05
0.0107065
-3.72633e-05
0.0107287
-2.54248e-05
0.0107522
-2.66576e-05
0.0107764
-1.48017e-05
0.0107973
-1.26752e-05
0.0108234
-1.93652e-06
0.0108429
2.39906e-06
0.010869
1.64999e-05
0.0108896
1.77102e-05
0.0109137
3.92432e-05
0.0109363
3.79988e-05
0.0109596
6.18707e-05
0.0109822
6.67169e-05
0.0110079
8.55045e-05
0.0110284
0.000100114
0.0110573
0.000117655
0.0110778
0.000133343
0.011107
0.000159598
0.0111315
0.000172984
0.01116
0.000202954
0.0111878
0.000227469
0.0112191
0.000248921
0.0112485
0.000289411
0.0112828
0.000311961
0.011318
0.000351916
0.0113522
0.000392526
0.0113948
0.000428336
0.0114329
0.000480766
0.0114784
0.000528044
0.0115253
0.000584636
0.011575
0.000645812
0.011627
0.000718058
0.0116884
0.000787724
0.0117423
0.000883362
0.0118153
0.000971383
0.0118759
0.00109048
0.0119578
0.00120586
0.0120207
0.00136372
0.0121073
0.00151219
0.0121762
0.00171268
0.0122452
0.00192062
0.0123114
0.00216739
0.0123481
0.00244333
0.0123793
0.00274046
0.0123717
0.00309015
0.0123278
0.00345214
0.00385569
0.0122436
0.0100026
-7.56688e-06
0.0100092
-2.35115e-05
0.0100206
-3.75387e-05
0.0100355
-5.12142e-05
0.0100527
-6.10353e-05
0.0100714
-6.84609e-05
0.0100907
-7.30563e-05
0.0101105
-7.64647e-05
0.0101308
-7.84967e-05
0.0101511
-8.05942e-05
0.0101728
-8.18595e-05
0.0101945
-8.46786e-05
0.0102171
-8.49463e-05
0.0102402
-8.87121e-05
0.0102629
-8.70905e-05
0.0102873
-9.09343e-05
0.0103097
-8.83704e-05
0.0103348
-9.07181e-05
0.0103573
-8.9281e-05
0.0103826
-8.89709e-05
0.0104056
-8.96055e-05
0.0104309
-8.67372e-05
0.0104543
-8.86124e-05
0.0104795
-8.44321e-05
0.0105033
-8.60066e-05
0.0105282
-8.18589e-05
0.0105524
-8.19777e-05
0.010577
-7.84772e-05
0.0106015
-7.65031e-05
0.0106257
-7.40932e-05
0.0106503
-6.90973e-05
0.0106744
-6.86858e-05
0.0106986
-5.97416e-05
0.0107226
-6.11938e-05
0.010747
-4.98545e-05
0.0107697
-4.93962e-05
0.0107958
-4.08695e-05
0.0108159
-3.27492e-05
0.0108448
-3.08845e-05
0.0108619
-1.47247e-05
0.010893
-1.45263e-05
0.0109095
1.17266e-06
0.0109399
8.83329e-06
0.0109581
1.98036e-05
0.0109875
3.24485e-05
0.0110066
4.76325e-05
0.0110376
5.45365e-05
0.0110561
8.16167e-05
0.0110883
8.54818e-05
0.0111104
0.000111167
0.0111383
0.000131722
0.0111701
0.000141224
0.0111929
0.000180178
0.0112308
0.000189501
0.0112573
0.000222419
0.0112936
0.000253102
0.0113294
0.000276236
0.0113661
0.00031515
0.0114059
0.000352761
0.011451
0.000383223
0.0114923
0.000439491
0.011546
0.00047435
0.0115938
0.000536787
0.0116545
0.000585105
0.0117105
0.000662045
0.0117817
0.000716563
0.0118481
0.000816985
0.0119289
0.00089053
0.0120112
0.00100821
0.0120985
0.00111855
0.0122017
0.00126055
0.0122912
0.0014227
0.0124033
0.00160056
0.0124972
0.00182667
0.0125937
0.00207089
0.0126808
0.00235625
0.0127227
0.00269853
0.0127711
0.00304176
0.0127316
0.00349169
0.00390208
0.0126852
0.0100033
-1.08913e-05
0.0100117
-3.18929e-05
0.0100259
-5.17628e-05
0.0100432
-6.84829e-05
0.0100628
-8.05959e-05
0.0100828
-8.84543e-05
0.0101027
-9.2958e-05
0.010123
-9.68344e-05
0.0101433
-9.87624e-05
0.0101645
-0.000101763
0.0101865
-0.000103888
0.0102091
-0.000107301
0.0102321
-0.000107931
0.0102559
-0.000112555
0.0102787
-0.000109888
0.0103036
-0.000115834
0.010326
-0.000110714
0.0103517
-0.000116398
0.010374
-0.000111645
0.0104001
-0.000115003
0.0104229
-0.000112438
0.0104488
-0.00011268
0.0104723
-0.00011207
0.0104979
-0.000110049
0.010522
-0.000110064
0.0105472
-0.000107084
0.0105718
-0.000106609
0.0105966
-0.000103245
0.0106216
-0.000101562
0.0106462
-9.86866e-05
0.0106709
-9.37898e-05
0.0106963
-9.41037e-05
0.0107195
-8.28461e-05
0.0107465
-8.82446e-05
0.0107679
-7.12594e-05
0.0107956
-7.70495e-05
0.0108175
-6.28576e-05
0.0108428
-5.80095e-05
0.0108685
-5.65917e-05
0.0108893
-3.55552e-05
0.0109192
-4.43532e-05
0.0109379
-1.75992e-05
0.010967
-2.02248e-05
0.0109902
-3.44045e-06
0.0110134
9.30808e-06
0.0110439
1.71347e-05
0.0110632
3.52029e-05
0.0110964
4.84318e-05
0.0111171
6.4813e-05
0.0111513
7.68985e-05
0.0111721
0.000110957
0.0112121
0.000101258
0.0112311
0.00016115
0.0112756
0.000145047
0.0113001
0.000197872
0.0113417
0.000211462
0.0113785
0.000239481
0.0114177
0.000275938
0.0114624
0.000308059
0.0115087
0.000336944
0.0115559
0.000392251
0.0116118
0.000418479
0.0116696
0.000479017
0.0117278
0.000526837
0.0118036
0.000586263
0.0118665
0.000653663
0.0119612
0.000722298
0.0120339
0.000817828
0.012147
0.000895075
0.0122454
0.00102023
0.0123613
0.00114464
0.0124971
0.00128689
0.0126183
0.00147934
0.012771
0.00167396
0.0128872
0.00195469
0.0130371
0.00220635
0.0131195
0.00261613
0.0132152
0.00294603
0.0132314
0.00347558
0.00396007
0.0131734
0.0100045
-1.5422e-05
0.0100163
-4.36704e-05
0.0100354
-7.08636e-05
0.010056
-8.9026e-05
0.0100786
-0.000103196
0.0100988
-0.000108748
0.01012
-0.000114133
0.01014
-0.000116856
0.0101618
-0.000120566
0.0101833
-0.000123193
0.0102071
-0.00012767
0.0102295
-0.00012972
0.0102543
-0.000132759
0.0102772
-0.000135485
0.0103017
-0.000134397
0.0103255
-0.000139545
0.0103493
-0.00013457
0.0103742
-0.00014125
0.0103976
-0.000135036
0.0104234
-0.000140877
0.0104466
-0.000135591
0.0104731
-0.000139151
0.0104962
-0.000135264
0.0105227
-0.000136548
0.0105465
-0.000133775
0.0105723
-0.000132934
0.0105971
-0.000131448
0.0106217
-0.000127768
0.010648
-0.000127883
0.0106712
-0.000121882
0.0106981
-0.000120755
0.0107216
-0.000117555
0.0107468
-0.000108023
0.0107732
-0.000114618
0.0107942
-9.22822e-05
0.0108248
-0.000107647
0.010842
-8.00629e-05
0.0108748
-9.08816e-05
0.0108916
-7.32979e-05
0.0109232
-6.71761e-05
0.0109424
-6.35931e-05
0.0109713
-4.64988e-05
0.010993
-4.18645e-05
0.0110213
-3.18308e-05
0.0110439
-1.3232e-05
0.0110724
-1.14121e-05
0.0110983
9.35686e-06
0.0111226
2.41205e-05
0.0111572
3.01687e-05
0.0111754
5.87402e-05
0.0112177
6.86785e-05
0.0112368
8.20844e-05
0.0112782
0.000119803
0.0113067
0.000116521
0.0113459
0.000158649
0.0113799
0.00017749
0.0114288
0.000190559
0.0114577
0.000247031
0.0115231
0.000242669
0.0115521
0.000307994
0.0116251
0.000319213
0.0116641
0.000379482
0.0117482
0.000394936
0.0117935
0.00048149
0.0118888
0.000491006
0.0119621
0.000580332
0.0120468
0.000637659
0.0121572
0.000707381
0.0122623
0.000789999
0.0123869
0.000895656
0.0125242
0.00100726
0.0126841
0.00112705
0.012846
0.00131744
0.0130282
0.00149179
0.0132246
0.0017583
0.0133984
0.00203256
0.0135824
0.00243204
0.0136905
0.00283797
0.0138376
0.00332849
0.00400621
0.0137915
0.010007
-2.24042e-05
0.0100266
-6.33128e-05
0.0100521
-9.63761e-05
0.0100767
-0.00011361
0.0101009
-0.000127329
0.0101224
-0.00013032
0.0101441
-0.000135836
0.010165
-0.000137767
0.0101879
-0.000143405
0.0102109
-0.000146251
0.0102354
-0.00015218
0.0102591
-0.000153345
0.0102837
-0.000157382
0.0103069
-0.000158717
0.0103312
-0.000158639
0.0103544
-0.000162821
0.0103786
-0.00015877
0.0104023
-0.000164868
0.0104266
-0.00015935
0.0104505
-0.00016483
0.0104746
-0.000159699
0.010499
-0.000163535
0.0105226
-0.000158868
0.0105473
-0.000161193
0.0105707
-0.000157173
0.0105949
-0.000157154
0.0106187
-0.000155218
0.0106418
-0.00015095
0.0106661
-0.000152165
0.0106885
-0.000144286
0.0107123
-0.000144528
0.0107357
-0.000140978
0.0107564
-0.000128747
0.0107839
-0.000142025
0.0107988
-0.000107222
0.0108321
-0.000140931
0.010841
-8.89796e-05
0.0108786
-0.000128494
0.010885
-7.97332e-05
0.0109225
-0.00010464
0.0109313
-7.24004e-05
0.0109653
-8.05105e-05
0.010979
-5.55046e-05
0.0110088
-6.17088e-05
0.0110285
-3.29178e-05
0.011053
-3.58782e-05
0.0110812
-1.88301e-05
0.0111006
4.72489e-06
0.0111352
-4.44765e-06
0.0111551
3.87994e-05
0.0111906
3.31774e-05
0.0112197
5.30214e-05
0.0112473
9.21617e-05
0.0112962
6.76475e-05
0.0113104
0.000144509
0.0113796
0.000108225
0.0113933
0.00017685
0.011465
0.000175404
0.0114957
0.000211924
0.011569
0.000234672
0.011603
0.000285203
0.0117013
0.00028126
0.0117336
0.000362626
0.0118495
0.000365591
0.0118989
0.000441563
0.0120329
0.000446351
0.0120887
0.000581854
0.0122473
0.000548825
0.0123491
0.000688117
0.0124932
0.000751548
0.0126779
0.000822559
0.0128274
0.000977563
0.0130729
0.00107193
0.0132651
0.00129961
0.0135676
0.0014558
0.0137974
0.00180282
0.0140888
0.00214058
0.0142846
0.00264216
0.0144826
0.00313054
0.00390368
0.0145851
0.0100145
-3.68978e-05
0.0100441
-9.28929e-05
0.0100781
-0.000130395
0.0101075
-0.000143052
0.010132
-0.000151801
0.0101528
-0.00015111
0.0101743
-0.000157333
0.0101962
-0.000159676
0.0102199
-0.000167099
0.0102427
-0.000169071
0.0102659
-0.000175352
0.0102868
-0.000174242
0.0103085
-0.000179057
0.0103267
-0.000176984
0.010348
-0.00017992
0.010364
-0.000178804
0.0103856
-0.000180364
0.0103995
-0.000178772
0.0104211
-0.000180925
0.0104332
-0.000177015
0.0104539
-0.00018036
0.0104651
-0.000174717
0.0104841
-0.000177881
0.0104947
-0.000171769
0.010512
-0.000174455
0.0105218
-0.000166976
0.0105373
-0.000170772
0.0105466
-0.000160243
0.0105601
-0.000165677
0.0105691
-0.000153279
0.0105814
-0.000156785
0.0105886
-0.00014818
0.0106025
-0.000142638
0.010605
-0.000144551
0.0106235
-0.000125714
0.0106203
-0.000137688
0.0106429
-0.000111636
0.0106372
-0.000122778
0.0106596
-0.000102116
0.010657
-0.000102095
0.0106759
-9.12305e-05
0.0106778
-8.23952e-05
0.0106966
-7.43761e-05
0.0106977
-6.27824e-05
0.0107238
-5.90038e-05
0.0107202
-3.23153e-05
0.0107536
-5.22104e-05
0.0107532
5.11084e-06
0.0107889
-4.01797e-05
0.0107944
3.33767e-05
0.0108344
-6.89899e-06
0.0108415
4.59578e-05
0.0108958
3.78367e-05
0.0108996
6.38638e-05
0.0109666
7.7511e-05
0.0109817
9.31467e-05
0.0110458
0.000112705
0.011084
0.000137241
0.0111552
0.000140687
0.0111989
0.000191039
0.0112928
0.000191293
0.011344
0.000230066
0.0114587
0.000247951
0.0115137
0.000310577
0.0116868
0.00026842
0.0117196
0.000413522
0.0119317
0.000369771
0.0120141
0.000466431
0.0122123
0.00048996
0.0123799
0.000583949
0.0125907
0.000611752
0.0128193
0.000748954
0.0130885
0.00080275
0.013394
0.00099407
0.0137576
0.00109225
0.0141929
0.00136747
0.014608
0.00172553
0.0151515
0.00209857
0.0153036
0.00297851
0.00351532
0.0156919
0.0100358
-7.27286e-05
0.0100802
-0.000137284
0.0101108
-0.000161002
0.010128
-0.000160191
0.0101359
-0.000159685
0.010144
-0.000159255
0.01015
-0.000163305
0.0101546
-0.00016432
0.0101551
-0.000167544
0.0101525
-0.000166532
0.0101453
-0.000168148
0.0101358
-0.000164696
0.0101226
-0.000165909
0.0101074
-0.000161766
0.0100903
-0.00016282
0.0100701
-0.000158618
0.0100495
-0.000159758
0.0100252
-0.000154419
0.0100008
-0.000156588
0.00997312
-0.000149312
0.00994527
-0.000152515
0.00991468
-0.000144121
0.00988402
-0.00014722
0.00985098
-0.000138733
0.00981787
-0.000141345
0.0097832
-0.000132305
0.00974764
-0.000135216
0.00971225
-0.000124849
0.0096748
-0.000128227
0.0096387
-0.000117178
0.00960156
-0.000119643
0.00956311
-0.000109736
0.00952991
-0.000109437
0.0094871
-0.000101734
0.00946051
-9.91275e-05
0.00941387
-9.10442e-05
0.00939302
-9.07865e-05
0.00934663
-7.639e-05
0.00932866
-8.41508e-05
0.0092864
-5.98296e-05
0.00927125
-7.60785e-05
0.0092337
-4.48478e-05
0.00922314
-6.38187e-05
0.00919246
-3.20983e-05
0.00918313
-4.96711e-05
0.00916824
-1.74267e-05
0.00915512
-3.90947e-05
0.0091569
3.33571e-06
0.00914556
-2.88459e-05
0.00915789
2.10451e-05
0.0091624
-1.1404e-05
0.00917629
3.20619e-05
0.00920268
1.14531e-05
0.00922042
4.61251e-05
0.00926352
3.44102e-05
0.00930252
5.41449e-05
0.00934114
7.40834e-05
0.0094191
5.92825e-05
0.00946144
9.83432e-05
0.00955929
9.31919e-05
0.00962783
0.000122754
0.00976841
8.94814e-05
0.00979602
0.000220348
0.010036
7.05838e-05
0.0100626
0.000241803
0.0103122
0.000163987
0.0104071
0.000274796
0.0107317
0.00014189
0.0107197
0.000501982
0.0112797
2.39229e-05
0.0112188
0.000672628
0.0118655
0.000102299
0.0119254
0.000742841
0.0126461
0.000273332
0.012844
0.000894342
0.0137861
0.000425426
0.0141231
0.00138845
0.0155168
0.000704913
0.0158326
0.00266267
0.00220927
0.0171387
0.00992727
0.00978999
0.00962899
0.00946879
0.00930911
0.00914986
0.00898655
0.00882223
0.00865469
0.00848815
0.00832001
0.00815531
0.0079894
0.00782763
0.00766481
0.0075062
0.00734644
0.00719202
0.00703543
0.00688612
0.0067336
0.00658948
0.00644226
0.00630353
0.00616219
0.00602988
0.00589466
0.00576981
0.00564159
0.00552441
0.00540477
0.00529503
0.00518559
0.00508386
0.00498473
0.00489369
0.0048029
0.00472651
0.00464236
0.00458253
0.00450645
0.0044616
0.00439779
0.00436569
0.00431602
0.00429859
0.0042595
0.00426283
0.00423399
0.00425503
0.00424363
0.00427569
0.00428714
0.00433327
0.00436768
0.00442182
0.0044959
0.00455519
0.00465353
0.00474672
0.00486948
0.00495896
0.00517931
0.00524989
0.00549169
0.00565568
0.00593047
0.00607236
0.00657435
0.00659827
0.0072709
0.0073732
0.00811604
0.00838937
0.00928371
0.00970914
0.0110976
0.0118025
0.0144652
0.0166744
-0.000161671
0.00011997
-0.000299204
0.000137533
-0.000436485
0.000137281
-0.000460182
2.36974e-05
-0.000422347
-3.7835e-05
-0.000320364
-0.000101983
-0.000182066
-0.000138298
-9.54076e-05
-8.66588e-05
1.26477e-05
-0.000108055
0.00012299
-0.000110342
4.51773e-07
0.000122538
-0.000606909
0.000607361
-0.00153986
0.000932951
-0.00211367
0.000573813
-0.002197
8.33296e-05
-0.00205373
-0.00014327
-0.00173346
-0.000320268
-0.00125077
-0.000482694
-0.000576043
-0.000674727
-0.000576043
-0.000258974
5.91602e-05
-0.000289524
0.000168083
-0.000482895
0.000330652
-0.000638812
0.000179614
-0.000713074
3.64265e-05
-0.000569399
-0.000245657
-0.0003365
-0.000371197
-0.000175795
-0.000247364
-0.000148339
-0.000135511
-0.000307647
4.89656e-05
-0.000909969
0.00072486
-0.00171574
0.00141313
-0.00223601
0.00145323
-0.0024783
0.000816099
-0.00250839
0.00011342
-0.00233209
-0.000319569
-0.00199201
-0.000660351
-0.00147386
-0.00100084
-0.000578133
-0.00157046
-0.00115418
-0.00084364
0.000296626
-0.00093454
0.000258984
-0.000996946
0.000393058
-0.00104678
0.000229444
-0.00100018
-1.01658e-05
-0.000960921
-0.00028492
-0.000821714
-0.000510404
-0.000639637
-0.000429442
-0.000666376
-0.000108772
-0.000976119
0.000358708
-0.00131135
0.00106009
-0.00160456
0.00170634
-0.00182168
0.00167035
-0.00199805
0.000992472
-0.00207205
0.000187418
-0.0019564
-0.000435216
-0.00171747
-0.000899282
-0.00133419
-0.00138412
-0.000593904
-0.00231075
-0.00174808
0.00167631
0.0017209
0.000391359
0.00154394
-0.000511211
0.00129563
-0.00105879
0.000777028
-0.00151051
0.000441552
-0.00149403
-0.0003014
-0.00119827
-0.000806163
-0.000926093
-0.000701623
-0.000713231
-0.000321635
-0.000696763
0.000342241
-0.000827888
0.00119121
-0.000957286
0.00183574
-0.00111404
0.0018271
-0.00128428
0.00116271
-0.0014004
0.000303538
-0.00137881
-0.000456803
-0.00129026
-0.000987835
-0.00110797
-0.00156641
-0.000624697
-0.00279402
-0.00237278
0.00585545
0.00250228
0.00490569
0.0024937
0.0039019
0.00229942
0.00264501
0.00203392
0.00128664
0.00179992
0.000111548
0.000873688
-0.000875372
0.000180756
-0.000915522
-0.000661473
-0.00054075
-0.000696406
-0.00028751
8.9001e-05
-8.82777e-05
0.000991979
1.01831e-05
0.00173728
6.102e-05
0.00177627
3.54178e-05
0.00118831
-0.000265988
0.000604944
-0.00064488
-7.79113e-05
-0.000819273
-0.000813442
-0.000866578
-0.0015191
-0.000671768
-0.00298883
-0.00304454
0.00838358
0.00296619
0.00773989
0.00313739
0.0069683
0.00307101
0.00608154
0.00292069
0.00526889
0.00261257
0.00411029
0.00203228
0.00262562
0.00166543
0.00103607
0.000928076
0.000281942
5.77252e-05
0.000428047
-5.71044e-05
0.000760137
0.000659889
0.00108073
0.00141669
0.00117014
0.00168686
0.000762748
0.0015957
0.000179557
0.00118814
6.13488e-05
4.02973e-05
5.75899e-06
-0.000757852
-0.00035386
-0.00115948
-0.000655914
-0.00268678
-0.00370046
0.00968832
0.00333311
0.00934809
0.00347762
0.00885359
0.00356551
0.00826363
0.00351064
0.00758861
0.00328759
0.00644711
0.00317378
0.00554374
0.0025688
0.00422595
0.00224587
0.00249448
0.0017892
0.00148675
0.000950626
0.00149369
0.000652949
0.00179729
0.00111308
0.00184172
0.00164243
0.00157181
0.00186561
0.00171544
0.00104451
0.0016229
0.000132835
0.00057146
0.00029359
-0.000391721
-0.0001963
-0.000699616
-0.00237888
-0.00440008
0.0104328
0.00354995
0.0101759
0.00373455
0.0098885
0.00385292
0.00943493
0.00396421
0.00884091
0.00388161
0.00819202
0.00382268
0.00718355
0.00357726
0.00624348
0.00318594
0.00508368
0.002949
0.00361565
0.00241865
0.0028743
0.00139429
0.00300207
0.00098532
0.00330486
0.00133964
0.00348199
0.00168848
0.00373543
0.000791069
0.00334167
0.000526601
0.0021142
0.00152105
0.00126177
0.000656135
0.000424797
-0.00154191
-0.00397528
0.0108499
0.00369256
0.0106509
0.00393355
0.0103929
0.0041109
0.0100903
0.00426681
0.00958505
0.00438688
0.00909464
0.00431309
0.00833783
0.00433407
0.00747541
0.00404836
0.00666434
0.00376007
0.00529694
0.00378606
0.00362118
0.00307005
0.00257173
0.00203477
0.00225291
0.00165845
0.00194453
0.00199687
0.0015813
0.00115429
0.0012582
0.000849709
0.00179766
0.00098159
0.00232093
0.000132868
0.00176767
-0.000988659
-0.0022076
0.0111341
0.00383121
0.0109637
0.00410401
0.0107118
0.00436276
0.0104339
0.00454466
0.0100638
0.00475701
0.00954988
0.00482703
0.00901991
0.00486403
0.00813577
0.00493251
0.00745038
0.00444546
0.00706869
0.00416775
0.00622443
0.00391431
0.00585137
0.00240783
0.00616004
0.00134978
0.00595123
0.00220567
0.00567675
0.00142878
0.00539306
0.00113339
0.00584889
0.000525763
0.00629195
-0.000310196
0.00491067
0.00039263
0.00270306
0.0114121
0.00397791
0.0112284
0.00428774
0.0109957
0.00459537
0.0106838
0.00485657
0.0103434
0.0050974
0.00988134
0.00528913
0.00942111
0.00532426
0.00887928
0.00547433
0.00768378
0.00564096
0.00651895
0.00533258
0.00462193
0.00581133
0.00208111
0.00494865
0.000412539
0.00301835
0.000149254
0.00246896
0.000428608
0.00114942
0.000831126
0.000730877
0.000702053
0.000654837
0.00031837
7.34862e-05
0.000191444
0.000519556
0.00289451
0.0117278
0.00412009
0.0115193
0.00449622
0.0112726
0.00484212
0.0109649
0.00516427
0.0105771
0.00548512
0.0100953
0.00577099
0.00947131
0.00594823
0.00900803
0.00593761
0.00856743
0.00608156
0.00812191
0.0057781
0.00824468
0.00568856
0.00792318
0.00527015
0.00674647
0.00419506
0.0058642
0.00335122
0.0047411
0.00227253
0.00390828
0.0015637
0.00306207
0.00150105
0.00148168
0.00165388
-8.75175e-06
0.00200998
0.00288576
0.0120811
0.0042826
0.0118872
0.00469019
0.0115779
0.0051514
0.0112381
0.00550403
0.0108368
0.00588649
0.0103981
0.0062097
0.00972527
0.00662102
0.00885043
0.00681245
0.0078363
0.00709569
0.00644778
0.00716662
0.00484227
0.00729407
0.00350918
0.00660325
0.00291125
0.00479299
0.00279813
0.00346435
0.00195383
0.00311682
0.000972145
0.00254539
0.000525084
0.00194811
0.000119084
0.00205988
-0.00047841
0.00260748
0.00240735
0.0125122
0.00445561
0.0123051
0.00489731
0.0120078
0.00544864
0.011543
0.00596883
0.0110545
0.00637495
0.0105916
0.00667261
0.0102743
0.0069384
0.0100103
0.00707641
0.0097596
0.0073464
0.00961975
0.00730647
0.00890049
0.00801333
0.00696324
0.0085405
0.00443507
0.00732116
0.00244717
0.00545224
0.00117401
0.00438998
-1.4542e-05
0.00373395
-0.00106057
0.00299413
-0.0012731
0.00227241
-0.000910176
0.00224455
0.00149717
0.0130649
0.00456402
0.0127799
0.00518233
0.0124954
0.00573313
0.0120736
0.00639072
0.0114221
0.00702638
0.0106275
0.00746724
0.00955872
0.00800717
0.00834897
0.00828616
0.00697034
0.00872503
0.00614254
0.00813427
0.00648801
0.00766786
0.00656166
0.00846685
0.00524781
0.00863501
0.00320191
0.00749814
0.00142857
0.00616332
0.000117135
0.00504538
-0.000823491
0.00393476
-0.00134413
0.00279305
-0.00106811
0.00196854
0.000429058
0.0137058
0.00464972
0.0134018
0.00548632
0.0129249
0.00620994
0.0125068
0.00680883
0.0120983
0.00743489
0.011754
0.0078116
0.0115298
0.00823134
0.0113256
0.00849032
0.0107311
0.00931957
0.00896819
0.00989718
0.00740192
0.00923412
0.00675281
0.00911595
0.00583166
0.00955616
0.00422161
0.00910819
0.00247814
0.00790679
0.000977668
0.00654585
-0.000251249
0.00516367
-0.00100463
0.00354643
-0.000727583
0.00169149
-0.000298525
0.0144579
0.00477688
0.0142144
0.00572985
0.0135558
0.00686855
0.0127707
0.00759397
0.0117564
0.00844912
0.0102963
0.00927169
0.00884015
0.00968752
0.00809273
0.00923774
0.00851715
0.00889514
0.00866915
0.00974519
0.00777015
0.0101331
0.0069513
0.00993481
0.00630526
0.0102022
0.00516232
0.0102511
0.00364719
0.00942192
0.00223718
0.00795586
0.00106086
0.00634
0.000200431
0.00440685
-4.04328e-05
0.00193236
-0.000338958
0.0155578
0.00491101
0.0149951
0.00629258
0.0145983
0.00726538
0.0142499
0.00794238
0.0141851
0.00851393
0.0138578
0.00959897
0.0127593
0.010786
0.0106955
0.0113016
0.00906227
0.0105284
0.008566
0.0102415
0.00800699
0.0106921
0.00716447
0.0107773
0.00652236
0.0108443
0.00573922
0.0110343
0.00450353
0.0106576
0.00313945
0.00931995
0.00193285
0.0075466
0.00100872
0.00533099
0.000412067
0.00252901
7.31093e-05
0.0166226
0.00542709
0.0157384
0.00717682
0.0144797
0.00852406
0.0127037
0.00971837
0.0109827
0.010235
0.010344
0.0102377
0.0108805
0.0102495
0.0107822
0.0113998
0.00947806
0.0118325
0.00847108
0.0112484
0.00797426
0.0111889
0.00733184
0.0114198
0.00670828
0.0114679
0.00618102
0.0115615
0.00538386
0.0114548
0.00421714
0.0104867
0.0029293
0.00883443
0.00178147
0.00647882
0.000863733
0.00344674
0.000936842
0.0164099
0.00569164
0.018327
0.00525973
0.019356
0.00749505
0.0184899
0.0105844
0.0158241
0.0129008
0.0126574
0.0134043
0.0107531
0.0121538
0.0104493
0.0117036
0.00972193
0.0125599
0.00853095
0.0124394
0.00782069
0.0118992
0.00733455
0.0119059
0.00677652
0.0120259
0.00627285
0.0120652
0.00566482
0.0120628
0.00473491
0.0114166
0.00352812
0.0100412
0.00231843
0.00768852
0.00112959
0.00463558
0.00206643
0.00548851
0.000203133
0.00880273
0.00194551
0.0131484
0.00314935
0.0160739
0.00765901
0.0160912
0.0128834
0.0141677
0.0153278
0.0115498
0.0147717
0.0101408
0.0131127
0.00972649
0.0129742
0.00880287
0.013363
0.00780785
0.0128942
0.00724761
0.0124661
0.00682832
0.0124452
0.00636506
0.0125285
0.00581694
0.0126109
0.00502081
0.0122127
0.00398253
0.0110795
0.00269313
0.00897792
0.00119528
0.00613343
0.00326171
0.00145771
-0.00125458
0.00433562
-0.0009324
0.00840152
-0.00091655
0.0117694
0.00429111
0.0141349
0.0105179
0.0139983
0.0154644
0.0120481
0.0167219
0.0100108
0.01515
0.00921277
0.0137723
0.00868061
0.0138952
0.007822
0.0137528
0.00705924
0.0132289
0.00659582
0.0129086
0.00626143
0.0128628
0.00586932
0.013003
0.00522396
0.0128581
0.00425056
0.0120529
0.00297535
0.0102531
0.00154421
0.00756458
0.00480592
0.00193266
-0.00318724
0.00332178
-0.00232152
0.00538064
-0.00297541
0.00767514
0.00199661
0.0107681
0.00742486
0.011965
0.0142676
0.011492
0.017195
0.00980229
0.0168396
0.00869822
0.0148763
0.00830794
0.0142855
0.00765079
0.01441
0.00682375
0.0140559
0.00618484
0.0135475
0.00579156
0.0132561
0.00550975
0.0132848
0.00508529
0.0132825
0.00435628
0.0127819
0.00315979
0.0114496
0.00157524
0.00914913
0.00638116
-0.000225446
-0.00296179
0.000811926
-0.00335889
0.00237538
-0.00453887
0.00427406
9.79352e-05
0.00636022
0.00533869
0.0094498
0.011178
0.00968395
0.0169608
0.00913957
0.017384
0.00824154
0.0157744
0.00791788
0.0146091
0.0075965
0.0147314
0.00688839
0.014764
0.0061231
0.0143128
0.0055395
0.0138397
0.00513146
0.0136929
0.00468275
0.0137312
0.00394125
0.0135234
0.00287289
0.012518
0.00154459
0.0104774
0.00792575
-0.00290335
-5.84456e-05
-0.00304931
-0.00321292
-0.00251956
-0.00506862
-0.000314239
-0.00210739
0.00122435
0.00380011
0.00510083
0.00730152
0.00764041
0.0144212
0.00745985
0.0175646
0.00702721
0.016207
0.00699259
0.0146437
0.00716658
0.0145574
0.00682644
0.0151042
0.00610354
0.0150357
0.00535761
0.0145857
0.00479382
0.0142567
0.00435276
0.0141723
0.00377381
0.0141023
0.00282268
0.0134691
0.00142282
0.0118773
0.00934857
-0.00222025
0.0021618
-0.00488412
-0.00054905
-0.00634299
-0.00360975
-0.00555142
-0.00289897
-0.00275805
0.00100674
0.000662272
0.0038812
0.00522785
0.00985564
0.00695641
0.015836
0.00635428
0.0168091
0.00587391
0.0151241
0.00621699
0.0142143
0.0065358
0.0147854
0.00613944
0.0154321
0.00538843
0.0153367
0.00465912
0.014986
0.00405577
0.0147757
0.00334477
0.0148133
0.00240167
0.0144122
0.00128971
0.0129892
0.0106383
-0.00198548
0.00414729
-0.00422705
0.00169252
-0.00674222
-0.00109458
-0.00759786
-0.00204332
-0.00568626
-0.000904867
-0.00284411
0.00103906
0.00184839
0.00516313
0.00605077
0.0116336
0.00699681
0.0158631
0.0061311
0.0159898
0.00558801
0.0147574
0.00579694
0.0145764
0.00584831
0.0153807
0.00529408
0.0158909
0.00450807
0.015772
0.00383125
0.0154525
0.00324119
0.0154034
0.00247184
0.0151816
0.00124663
0.0142145
0.0118849
-0.00130464
0.00545192
-0.00288542
0.0032733
-0.00453016
0.000550169
-0.00579725
-0.000776235
-0.00558017
-0.00112195
-0.00444947
-9.16424e-05
-0.00130179
0.00201545
0.00353488
0.00679696
0.00730239
0.0120956
0.00738619
0.015906
0.00629977
0.0158438
0.00567082
0.0152054
0.00557372
0.0154778
0.00526074
0.0162039
0.00459065
0.0164421
0.00383836
0.0162048
0.00301804
0.0162237
0.00207444
0.0161252
0.00106549
0.0152234
0.0129504
-0.00087094
0.00632286
-0.00194792
0.00435028
-0.00248653
0.00108878
-0.00299431
-0.000268452
-0.00317295
-0.000943313
-0.00291944
-0.000345147
-0.00129744
0.000393449
0.00171091
0.00378861
0.0057796
0.00802691
0.00805824
0.0136274
0.00757323
0.0163288
0.0063871
0.0163915
0.0057018
0.0161631
0.00520177
0.0167039
0.00447428
0.0171696
0.00363023
0.0170488
0.00290608
0.0169479
0.00217901
0.0168522
0.00110238
0.0163
0.0140528
-0.000245063
0.00656793
-0.000822559
0.00492777
-0.00122632
0.00149254
-0.000663264
-0.000831512
-0.000426415
-0.00118016
5.02647e-05
-0.000821827
0.000655215
-0.000211501
0.00252512
0.0019187
0.0048332
0.00571883
0.00768885
0.0107717
0.00835267
0.015665
0.00731024
0.017434
0.00613801
0.0173353
0.00538566
0.0174563
0.00467571
0.0178795
0.00385826
0.0178663
0.00294481
0.0178613
0.00195089
0.0178461
0.000924909
0.017326
0.0149777
0.000400955
0.00616697
0.000409617
0.00491911
0.000195029
0.00170713
0.00112741
-0.00176389
0.00191422
-0.00196698
0.00280251
-0.00171011
0.0029691
-0.000378098
0.00430555
0.000582249
0.00538837
0.00463602
0.00729528
0.00886481
0.00860552
0.0143548
0.00808643
0.017953
0.00675062
0.0186711
0.00560834
0.0185985
0.00464114
0.0188467
0.00362656
0.0188809
0.00271751
0.0187704
0.00191501
0.0186486
0.000985054
0.018256
0.0159627
0.000792876
0.0053741
0.0013768
0.00433518
0.00200368
0.00108025
0.0030727
-0.00283291
0.00431627
-0.00321054
0.00509542
-0.00248926
0.00558822
-0.000870894
0.00599861
0.000171853
0.00679904
0.00383558
0.00748834
0.00817551
0.00854645
0.0132967
0.00838702
0.0181125
0.00713054
0.0199276
0.00579675
0.0199323
0.00477545
0.019868
0.00387107
0.0197852
0.00293932
0.0197021
0.00195671
0.0196313
0.000867365
0.0193453
0.0168301
0.000955055
0.00441904
0.00205061
0.00323963
0.00376666
-0.000635802
0.00513641
-0.00420266
0.00639896
-0.00447309
0.00697355
-0.00306385
0.00737677
-0.00127411
0.0075036
4.50204e-05
0.00801081
0.00332837
0.00806682
0.0081195
0.00847237
0.0128911
0.00842834
0.0181565
0.00738444
0.0209715
0.00600181
0.021315
0.00474222
0.0211276
0.00356182
0.0209656
0.00251738
0.0207466
0.0016381
0.0205105
0.000848344
0.0201351
0.0176784
0.000775698
0.00364334
0.00270874
0.00130659
0.00527276
-0.00319982
0.00683657
-0.00576648
0.00783166
-0.00546818
0.00827836
-0.00351054
0.00864918
-0.00164494
0.00863361
6.05928e-05
0.00864838
0.0033136
0.00841522
0.00835266
0.00826898
0.0130374
0.00804829
0.0183772
0.00710342
0.0219164
0.0057605
0.0226579
0.00456326
0.0223248
0.0035849
0.021944
0.00269856
0.0216329
0.00181381
0.0213953
0.000769704
0.0211792
0.0184482
0.000737605
0.00290574
0.00394589
-0.00190169
0.00640152
-0.00565545
0.00766046
-0.00702542
0.00830836
-0.00611608
0.00862204
-0.00382422
0.00906469
-0.00208759
0.00905647
6.88183e-05
0.00881013
0.00355993
0.00840344
0.00875936
0.0078849
0.0135559
0.00745003
0.0188121
0.00663376
0.0227326
0.00548962
0.023802
0.00429276
0.0235217
0.00315548
0.0230813
0.00214584
0.0226425
0.00128455
0.0222566
0.000636806
0.0218269
0.019085
0.001515
0.00139074
0.00497531
-0.005362
0.00700845
-0.00768859
0.00785612
-0.00787309
0.00815646
-0.00641642
0.00842888
-0.00409665
0.00876595
-0.00242465
0.00868699
0.000147778
0.00826953
0.00397739
0.00777864
0.00925024
0.00713607
0.0141985
0.00654532
0.0194028
0.00573281
0.0235452
0.00465144
0.0248834
0.00362084
0.0245523
0.00277622
0.0239259
0.00206872
0.02335
0.00140868
0.0229166
0.000576794
0.0226588
0.0196618
0.00284948
-0.00145874
0.00531691
-0.00782944
0.00695501
-0.00932669
0.0076309
-0.00854897
0.00776613
-0.00655164
0.0079493
-0.00427982
0.00813531
-0.00261066
0.00790496
0.000378126
0.00728731
0.00459504
0.00665035
0.00988721
0.00595999
0.0148888
0.00532942
0.0200334
0.00465563
0.024219
0.00386714
0.0256719
0.00302184
0.0253976
0.00220763
0.0247401
0.00145487
0.0241028
0.000772119
0.0235994
0.000332536
0.0230984
0.0199943
0.00337564
-0.00483438
0.00512735
-0.00958115
0.00615086
-0.0103502
0.00666119
-0.00905931
0.00683795
-0.00672841
0.00703943
-0.0044813
0.00706814
-0.00263937
0.00667998
0.000766291
0.00590422
0.0053708
0.00515215
0.0106393
0.00445349
0.0155875
0.00385908
0.0206278
0.00329959
0.0247784
0.00264696
0.0263245
0.002015
0.0260296
0.00148163
0.0252735
0.00105681
0.0245276
0.000705394
0.0239508
0.000275935
0.0235279
0.0202702
0.00257098
-0.00740535
0.004282
-0.0112922
0.00509295
-0.0111611
0.00535821
-0.00932457
0.00548129
-0.00685149
0.00565049
-0.0046505
0.00563085
-0.00261973
0.00514239
0.00125475
0.0043318
0.00618139
0.00353988
0.0114312
0.00285338
0.016274
0.0022724
0.0212088
0.00184724
0.0252036
0.00149919
0.0266726
0.00114839
0.0263804
0.000840084
0.0255818
0.000530224
0.0248375
0.000188773
0.0242922
-3.55849e-05
0.0237522
0.0202346
0.00217336
-0.00957871
0.00371099
-0.0128298
0.00444457
-0.0118947
0.00457548
-0.00945548
0.00443708
-0.00671309
0.0043482
-0.00456162
0.00410121
-0.00237274
0.0034791
0.00187686
0.0026025
0.00705799
0.00183175
0.0122019
0.00119045
0.0169153
0.000720031
0.0216792
0.000422534
0.0255011
0.000197466
0.0268976
8.93156e-05
0.0264885
-6.94424e-06
0.0256781
-0.000114684
0.0249452
-0.000152231
0.0243298
-0.000117951
0.0237179
0.0201167
0.00190272
-0.0114814
0.00297462
-0.0139017
0.00343004
-0.0123501
0.00344979
-0.00947523
0.0032054
-0.0064687
0.00289487
-0.00425109
0.00238751
-0.00186538
0.00166873
0.00259564
0.000801534
0.00792518
5.16316e-05
0.0129518
-0.000604859
0.0175718
-0.00108012
0.0221545
-0.0011966
0.0256176
-0.00102808
0.0267291
-0.000800435
0.0262609
-0.000619331
0.025497
-0.000477018
0.0248029
-0.000420785
0.0242735
-0.000380429
0.0236776
0.0197363
0.00128014
-0.0127616
0.00208175
-0.0147033
0.00227705
-0.0125454
0.00210348
-0.00930167
0.00173826
-0.00610347
0.00123871
-0.00375154
0.000541552
-0.00116823
-0.000190193
0.00332739
-0.000971634
0.00870662
-0.00165764
0.0136378
-0.0022312
0.0181453
-0.00255036
0.0224736
-0.00250358
0.0255708
-0.00215177
0.0263773
-0.00172002
0.0258291
-0.00139217
0.0251691
-0.00118433
0.0245951
-0.000980871
0.0240701
-0.000568157
0.0232649
0.0191681
0.00108099
-0.0138426
0.0016251
-0.0152474
0.00165214
-0.0125725
0.001235
-0.00888453
0.000590487
-0.00545896
-0.000194868
-0.00296619
-0.0010267
-0.000336399
-0.00186837
0.00416906
-0.00263128
0.00946953
-0.00328261
0.0142892
-0.00382009
0.0186828
-0.00406083
0.0227144
-0.00381274
0.0253227
-0.0031754
0.0257399
-0.0025387
0.0251924
-0.00198273
0.0246131
-0.00145902
0.0240713
-0.00100315
0.0236142
-0.000669608
0.0229313
0.0184985
0.000732835
-0.0145754
0.000923675
-0.0154383
0.0007205
-0.0123693
0.000218035
-0.00838206
-0.000592299
-0.00464862
-0.00153619
-0.0020223
-0.00254244
0.000669855
-0.00345728
0.0050839
-0.004244
0.0102563
-0.00489037
0.0149355
-0.00533573
0.0191282
-0.00533194
0.0227106
-0.00475615
0.0247469
-0.00389541
0.0248792
-0.00309167
0.0243887
-0.0024561
0.0239776
-0.0020341
0.0236493
-0.00166493
0.023245
-0.000979695
0.0222461
0.0175188
0.000263071
-0.0148385
0.000276212
-0.0154514
-7.04119e-05
-0.0120227
-0.000711617
-0.00774086
-0.00165343
-0.00370681
-0.00282376
-0.000851967
-0.00400174
0.00184783
-0.00500844
0.0060906
-0.00578598
0.0110338
-0.00633838
0.0154879
-0.00659776
0.0193875
-0.00634978
0.0224626
-0.0055347
0.0239319
-0.00451173
0.0238562
-0.00362476
0.0235017
-0.00290151
0.0232543
-0.00218835
0.0229362
-0.00151751
0.0225742
-0.000898899
0.0216275
0.0166199
0.000270148
-0.0151086
3.80445e-05
-0.0152193
-0.000470732
-0.0115139
-0.00128659
-0.006925
-0.00240814
-0.00258526
-0.00376512
0.000505014
-0.00514689
0.0032296
-0.00623596
0.00717967
-0.00703793
0.0118358
-0.00748467
0.0159347
-0.0075029
0.0194058
-0.00696394
0.0219237
-0.00590798
0.0228759
-0.00477354
0.0227218
-0.00381807
0.0225462
-0.00306503
0.0225013
-0.00250662
0.0223778
-0.00197828
0.0220459
-0.00120488
0.0208541
0.015415
-0.000151412
-0.0149572
-0.000483802
-0.0148869
-0.00105561
-0.0109421
-0.00181662
-0.00616399
-0.00290119
-0.00150069
-0.00434284
0.00194666
-0.00584482
0.00473157
-0.0069901
0.00832496
-0.00774893
0.0125946
-0.00802775
0.0162135
-0.00780575
0.0191838
-0.00707841
0.0211963
-0.00593823
0.0217357
-0.00486587
0.0216494
-0.00404407
0.0217244
-0.00331668
0.0217739
-0.00257986
0.021641
-0.00190687
0.0213729
-0.00106514
0.0200124
0.0143499
-0.000160546
-0.0147967
-0.000597479
-0.01445
-0.00123827
-0.0103013
-0.0020671
-0.00533515
-0.00314671
-0.000421084
-0.00459774
0.00339769
-0.00611897
0.00625281
-0.00724679
0.00945278
-0.00792699
0.0132748
-0.00808076
0.0163673
-0.00772815
0.0188312
-0.00691855
0.0203867
-0.00581843
0.0206356
-0.00485845
0.0206895
-0.00402918
0.0208952
-0.00328365
0.0210284
-0.00266905
0.0210264
-0.00194578
0.0206496
-0.0011813
0.0192479
0.0131686
-0.000282017
-0.0145146
-0.000799031
-0.013933
-0.00146429
-0.00963606
-0.002211
-0.00458845
-0.00317051
0.000538429
-0.00449576
0.00472295
-0.00595783
0.00771487
-0.00702732
0.0105223
-0.00762583
0.0138733
-0.00768465
0.0164261
-0.00725517
0.0184017
-0.00640801
0.0195395
-0.00542673
0.0196543
-0.00461784
0.0198806
-0.00393982
0.0202171
-0.003273
0.0203616
-0.00261328
0.0203666
-0.00208153
0.0201178
-0.00115344
0.0183198
0.0120151
-0.000397357
-0.0141173
-0.000924137
-0.0134062
-0.00155714
-0.00900306
-0.00226114
-0.00388445
-0.0030831
0.00136039
-0.00422399
0.00586383
-0.00553269
0.00902357
-0.00649582
0.0114854
-0.00697595
0.0143534
-0.00699916
0.0164493
-0.00662034
0.0180229
-0.00588878
0.018808
-0.00516902
0.0189346
-0.00454522
0.0192568
-0.00387247
0.0195444
-0.00321427
0.0197034
-0.00258061
0.019733
-0.0017097
0.0192469
-0.000931055
0.0175411
0.0110841
-0.000356363
-0.0137609
-0.000932337
-0.0128302
-0.00156543
-0.00836997
-0.00221304
-0.00323684
-0.00291005
0.0020574
-0.00385244
0.00680622
-0.00497667
0.0101478
-0.00586801
0.0123767
-0.00628329
0.0147687
-0.00629954
0.0164655
-0.00596715
0.0176905
-0.00534678
0.0181876
-0.00476102
0.0183488
-0.00416505
0.0186608
-0.00357781
0.0189572
-0.00298126
0.0191068
-0.00240707
0.0191588
-0.00196871
0.0188086
-0.0011289
0.0167013
0.00995518
-0.000454113
-0.0133068
-0.000997043
-0.0122873
-0.00158286
-0.00778416
-0.00215162
-0.00266807
-0.00273203
0.00263781
-0.00346825
0.00754244
-0.00439481
0.0110744
-0.00515094
0.0131329
-0.00549785
0.0151156
-0.00550683
0.0164745
-0.0052663
0.01745
-0.00482809
0.0177494
-0.00444587
0.0179666
-0.00406134
0.0182763
-0.00357102
0.0184668
-0.00301528
0.0185511
-0.00238791
0.0185314
-0.00155641
0.0179771
-0.000705993
0.0158509
0.00924919
-0.000398952
-0.0129079
-0.000953942
-0.0117323
-0.00153591
-0.00720219
-0.00207657
-0.00212741
-0.00257847
0.00313971
-0.00315
0.00811396
-0.00387853
0.0118029
-0.0045431
0.0137974
-0.00487242
0.015445
-0.00493983
0.0165419
-0.00475768
0.0172678
-0.0044791
0.0174708
-0.00419351
0.017681
-0.00376014
0.0178429
-0.00324079
0.0179475
-0.00272352
0.0180338
-0.00222777
0.0180357
-0.00166143
0.0174107
-0.00101195
0.0152014
0.00823723
-0.00043414
-0.0124737
-0.000964094
-0.0112023
-0.00150966
-0.00665663
-0.00201433
-0.00162274
-0.00243203
0.00355742
-0.00288594
0.00856787
-0.00345929
0.0123763
-0.00404838
0.0143865
-0.00436447
0.015761
-0.00440745
0.0165849
-0.00424197
0.0171023
-0.00407488
0.0173037
-0.00382657
0.0174327
-0.00356735
0.0175837
-0.00323624
0.0176164
-0.00278331
0.0175809
-0.00221308
0.0174654
-0.00165554
0.0168532
-0.000814946
0.0143608
0.00742229
-0.000403308
-0.0120704
-0.000932387
-0.0106733
-0.00145943
-0.00612959
-0.00195932
-0.00112285
-0.00234017
0.00393827
-0.00268922
0.00891691
-0.00312281
0.0128098
-0.00362827
0.014892
-0.00393333
0.0160661
-0.00405936
0.016711
-0.00395172
0.0169947
-0.00385708
0.0172091
-0.00373291
0.0173085
-0.00348218
0.0173329
-0.00308428
0.0172185
-0.00264416
0.0171408
-0.00220148
0.0170227
-0.00140935
0.0160611
-0.000691456
0.0136429
0.00673083
-0.000403269
-0.0116671
-0.000918582
-0.0101579
-0.00142863
-0.00561954
-0.00188657
-0.000664909
-0.00224422
0.00429592
-0.00252947
0.00920217
-0.00287821
0.0131586
-0.0033587
0.0153725
-0.00373064
0.0164381
-0.00384134
0.0168216
-0.00372988
0.0168832
-0.0036821
0.0171613
-0.00349724
0.0171236
-0.0032649
0.0171006
-0.00295989
0.0169135
-0.00258666
0.0167675
-0.002175
0.0166111
-0.00184286
0.0157289
-0.0011843
0.0129844
0.00554653
-0.000396862
-0.0112703
-0.000902977
-0.00965183
-0.0014039
-0.00511862
-0.00185438
-0.000214432
-0.00223092
0.00467246
-0.0025256
0.00949685
-0.00284179
0.0134748
-0.00327672
0.0158074
-0.00356479
0.0167261
-0.00369507
0.0169519
-0.0036625
0.0168506
-0.00355867
0.0170575
-0.00345408
0.017019
-0.00333681
0.0169833
-0.00313572
0.0167124
-0.00281285
0.0164447
-0.00230762
0.0161058
-0.0016489
0.0150702
-0.000652411
0.0119879
0.00489412
-0.000403265
-0.010867
-0.000914199
-0.00914089
-0.0014016
-0.00463121
-0.00186058
0.000244549
-0.00224715
0.00505903
-0.00256282
0.00981251
-0.00285675
0.0137687
-0.00323292
0.0161836
-0.00359923
0.0170924
-0.0037396
0.0170923
-0.00368919
0.0168002
-0.00363933
0.0170076
-0.00353267
0.0169124
-0.00334286
0.0167935
-0.00301261
0.0163821
-0.00263667
0.0160687
-0.00240396
0.0158731
-0.00193375
0.0146
-0.00138405
0.0114382
0.00351007
-0.000434882
-0.0104321
-0.000964158
-0.00861162
-0.00147491
-0.00412046
-0.00196494
0.000734586
-0.00237773
0.00547181
-0.00272394
0.0101587
-0.0030666
0.0141114
-0.00346656
0.0165835
-0.00371167
0.0173375
-0.00379097
0.0171716
-0.00384242
0.0168517
-0.00371367
0.0168789
-0.00353805
0.0167368
-0.00337019
0.0166257
-0.00324289
0.0162548
-0.00307721
0.015903
-0.00250443
0.0153004
-0.0022266
0.0143222
-0.00193791
0.0111495
0.00157216
-0.000483127
-0.009949
-0.00105079
-0.00804395
-0.00161017
-0.00356109
-0.00213637
0.00126079
-0.002634
0.00596944
-0.00306361
0.0105883
-0.00341869
0.0144664
-0.00369387
0.0168587
-0.00392629
0.01757
-0.00402559
0.0172709
-0.00399021
0.0168163
-0.00386462
0.0167533
-0.00378143
0.0166536
-0.00365214
0.0164964
-0.00340296
0.0160056
-0.00303965
0.0155397
-0.00280441
0.0150651
-0.00182793
0.0133457
-0.000886784
0.0102084
0.000685374
-0.000543315
-0.00940569
-0.00117175
-0.00741552
-0.00176735
-0.00296549
-0.00233922
0.00183266
-0.00288707
0.00651729
-0.00335696
0.0110582
-0.00373749
0.014847
-0.00407989
0.0172011
-0.00423012
0.0177202
-0.00421665
0.0172574
-0.00428322
0.0168829
-0.00420348
0.0166735
-0.00401928
0.0164694
-0.00375319
0.0162303
-0.00342217
0.0156746
-0.00308343
0.015201
-0.00250688
0.0144886
-0.00154872
0.0123876
-0.000261657
0.0089213
0.000423717
-0.000620717
-0.00878497
-0.00132444
-0.0067118
-0.00200538
-0.00228455
-0.00265993
0.00248721
-0.00328744
0.0071448
-0.00385401
0.0116248
-0.00427299
0.015266
-0.00445196
0.0173801
-0.0045126
0.0177808
-0.00455723
0.0173021
-0.00453568
0.0168613
-0.00436883
0.0165067
-0.00422211
0.0163226
-0.00398704
0.0159952
-0.00374805
0.0154356
-0.00324488
0.0146978
-0.00225192
0.0134956
-0.00144814
0.0115838
0.000116659
0.0073565
0.000540376
-0.000714078
-0.0080709
-0.00149472
-0.00593115
-0.00227776
-0.00150151
-0.00303281
0.00324226
-0.00373403
0.00784602
-0.00430735
0.0121981
-0.00466977
0.0156284
-0.00486262
0.0175729
-0.0048887
0.0178069
-0.00479686
0.0172102
-0.00483814
0.0169026
-0.00478062
0.0164492
-0.00457463
0.0161166
-0.00436827
0.0157889
-0.00397864
0.015046
-0.00329287
0.0140121
-0.00267199
0.0128747
-0.00143282
0.0103446
0.000862397
0.00506128
0.00140277
-0.00079507
-0.00727583
-0.00165872
-0.00506751
-0.00247811
-0.00068212
-0.00328288
0.00404704
-0.00403792
0.00860106
-0.0046495
0.0128097
-0.00507969
0.0160586
-0.0051859
0.0176792
-0.00512172
0.0177427
-0.00514603
0.0172345
-0.00513643
0.016893
-0.00502786
0.0163406
-0.0049889
0.0160777
-0.00476362
0.0155636
-0.00431491
0.0145973
-0.00384926
0.0135464
-0.00276057
0.011786
-0.000349377
0.00793342
0.00148929
0.00322261
0.00289207
-0.00090682
-0.00636901
-0.00185746
-0.00411686
-0.00274775
0.000208165
-0.00360332
0.00490261
-0.00443715
0.00943489
-0.00508275
0.0134553
-0.00537325
0.0163491
-0.00545046
0.0177564
-0.00542593
0.0177182
-0.00536703
0.0171756
-0.00546805
0.016994
-0.00557146
0.016444
-0.005449
0.0159552
-0.00522844
0.015343
-0.00502244
0.0143913
-0.00431121
0.0128352
-0.00206348
0.00953828
0.000273915
0.00559603
0.000940177
0.00255635
0.00383224
-0.000967679
-0.00540133
-0.00197661
-0.00310793
-0.00292584
0.00115739
-0.00382944
0.00580621
-0.00462013
0.0102256
-0.00520981
0.014045
-0.00557047
0.0167097
-0.00561421
0.0178001
-0.00554313
0.0176471
-0.0057075
0.01734
-0.00584878
0.0171353
-0.00590509
0.0165003
-0.00602752
0.0160777
-0.00609744
0.0154129
-0.00571308
0.0140069
-0.00415295
0.0112751
-0.00203008
0.00741541
-0.000496402
0.00406235
-0.000345822
0.00240576
0.00348642
-0.00102123
-0.0043801
-0.0020578
-0.00207136
-0.00302114
0.00212073
-0.00395085
0.00673592
-0.00474152
0.0110163
-0.00537602
0.0146795
-0.00562811
0.0169618
-0.00568156
0.0178535
-0.00578428
0.0177499
-0.00588107
0.0174368
-0.00613962
0.0173939
-0.00651189
0.0168726
-0.00677846
0.0163442
-0.006824
0.0154585
-0.00604136
0.0132243
-0.00440977
0.00964347
-0.00292431
0.00592995
-0.00164771
0.00278574
-0.00126507
0.00202313
0.00222135
-0.00106631
-0.00331379
-0.00212813
-0.00100954
-0.00308537
0.00307797
-0.00400745
0.00765801
-0.00477307
0.0117819
-0.00524688
0.0151533
-0.00554321
0.0172582
-0.0056722
0.0179825
-0.00574714
0.0178248
-0.0061158
0.0178055
-0.00654891
0.017827
-0.00698553
0.0173092
-0.00744166
0.0168004
-0.00739124
0.0154081
-0.00646922
0.0123023
-0.0051941
0.00836836
-0.00388381
0.00461965
-0.00288959
0.00179153
-0.00158151
0.000715042
0.000639841
-0.00106648
-0.0022473
-0.0021222
4.61683e-05
-0.0030254
0.00398117
-0.00384683
0.00847944
-0.00452398
0.012459
-0.00507285
0.0157021
-0.00535083
0.0175361
-0.0054838
0.0181155
-0.00580172
0.0181427
-0.00618697
0.0181907
-0.00671605
0.018356
-0.0074483
0.0180415
-0.00790345
0.0172555
-0.00764795
0.0151526
-0.00671713
0.0113714
-0.0058414
0.00749263
-0.00454129
0.00331955
-0.00352592
0.000776164
-0.00180463
-0.00100625
-0.00116479
-0.00103174
-0.00121556
-0.00206082
0.00107525
-0.00292386
0.00484421
-0.00368022
0.00923581
-0.00435602
0.0131348
-0.00476878
0.0161149
-0.0050256
0.017793
-0.00526075
0.0183507
-0.00553915
0.0184211
-0.00611836
0.0187699
-0.00690002
0.0191377
-0.0075829
0.0187243
-0.00789659
0.0175692
-0.00759847
0.0148544
-0.00705072
0.0108237
-0.00624782
0.00668972
-0.00502017
0.0020919
-0.00384856
-0.000395442
-0.0020356
-0.00281921
-0.00320039
-0.000967811
-0.000247749
-0.00192259
0.00203003
-0.0026887
0.00561032
-0.00334741
0.00989452
-0.00382229
0.0136097
-0.00421496
0.0165076
-0.00447917
0.0180572
-0.00476836
0.0186398
-0.00528005
0.0189328
-0.00592558
0.0194154
-0.00661691
0.019829
-0.00731764
0.0194251
-0.00765489
0.0179064
-0.00753908
0.0147386
-0.0072852
0.0105698
-0.00648822
0.00589275
-0.00545601
0.00105968
-0.00381091
-0.00204054
-0.00204474
-0.00458538
-0.00524513
-0.000879103
0.000631354
-0.00171113
0.00286206
-0.00232688
0.00622606
-0.00283661
0.0104042
-0.00328706
0.0140602
-0.0036057
0.0168262
-0.00390679
0.0183583
-0.00425552
0.0189886
-0.00467097
0.0193482
-0.00537632
0.0201208
-0.00623229
0.020685
-0.00687542
0.0200682
-0.00707811
0.0181091
-0.00712201
0.0147825
-0.00707961
0.0105274
-0.00659187
0.00540501
-0.00545974
-7.24462e-05
-0.00393113
-0.00356915
-0.00210441
-0.0064121
-0.00734954
-0.000763614
0.00139497
-0.00149999
0.00359843
-0.00198071
0.00670678
-0.00238514
0.0108087
-0.00265771
0.0143327
-0.00292865
0.0170971
-0.00307637
0.018506
-0.00338344
0.0192956
-0.00396164
0.0199264
-0.00463751
0.0207967
-0.00525923
0.0213067
-0.00580369
0.0206127
-0.00618153
0.018487
-0.00642969
0.0150307
-0.00655925
0.010657
-0.00595474
0.00480049
-0.00516971
-0.00085748
-0.00363327
-0.00510559
-0.00183588
-0.00820949
-0.00918543
-0.000613014
0.00200798
-0.00121937
0.00420479
-0.00154212
0.00702953
-0.00171412
0.0109807
-0.00184369
0.0144623
-0.00195215
0.0172056
-0.00219591
0.0187498
-0.00257244
0.0196722
-0.00294871
0.0203027
-0.00345199
0.0212999
-0.00411104
0.0219658
-0.00457635
0.021078
-0.00481939
0.01873
-0.0050791
0.0152904
-0.00513362
0.0107115
-0.00493332
0.00460019
-0.00421599
-0.00157481
-0.00282825
-0.00649333
-0.00131068
-0.00972706
-0.0104961
-0.000448473
0.00245645
-0.000918998
0.00467532
-0.00109961
0.00721014
-0.00109625
0.0109773
-0.00105594
0.014422
-0.00118371
0.0173334
-0.00121407
0.0187801
-0.00131633
0.0197744
-0.00164989
0.0206363
-0.00206484
0.0217149
-0.00242237
0.0223233
-0.00286617
0.0215218
-0.00329717
0.019161
-0.00345654
0.0154498
-0.00336498
0.01062
-0.00310111
0.00433632
-0.00261943
-0.00205649
-0.00195746
-0.0071553
-0.00105845
-0.0106261
-0.0115546
-0.000284965
0.00274142
-0.000624784
0.00501514
-0.000677063
0.00726242
-0.000440422
0.0107407
-0.000262105
0.0142437
-5.51741e-05
0.0171264
-2.88751e-05
0.0187538
-0.000126601
0.0198722
-0.000192253
0.0207019
-0.000323158
0.0218458
-0.000681826
0.022682
-0.000850185
0.0216901
-0.000845637
0.0191565
-0.00100379
0.0156079
-0.00120755
0.0108237
-0.00128902
0.0044178
-0.00132077
-0.00202474
-0.00117437
-0.0073017
-0.000869663
-0.0109308
-0.0124242
-0.000109158
0.00285058
-0.000303147
0.00520912
-0.000265199
0.00722447
0.000195636
0.0102798
0.000561369
0.0138779
0.000903093
0.0167847
0.00104554
0.0186114
0.00123079
0.0196869
0.00130261
0.0206301
0.00148206
0.0216663
0.00176932
0.0223947
0.00167113
0.0217883
0.00135464
0.0194729
0.00131882
0.0156437
0.00160899
0.0105335
0.00152169
0.0045051
0.0012052
-0.00170825
0.000665401
-0.00676191
5.105e-05
-0.0103164
-0.0123732
5.97577e-05
0.00279082
-5.48704e-05
0.00532375
8.48566e-05
0.00708475
0.000648284
0.00971641
0.00115824
0.013368
0.0018972
0.0160457
0.0022589
0.0182497
0.00260887
0.0193369
0.00296053
0.0202785
0.00349016
0.0211367
0.00377668
0.0221082
0.00410577
0.0214592
0.00434091
0.0192378
0.00420635
0.0157783
0.00363199
0.0111079
0.00299783
0.00513926
0.00269003
-0.00140045
0.00235084
-0.00642272
0.00137661
-0.00934219
-0.0109966
0.000171259
0.00261956
0.000268309
0.0052267
0.000312995
0.00704006
0.0010237
0.0090057
0.00184975
0.0125419
0.00271299
0.0151825
0.00328988
0.0176728
0.00383274
0.0187941
0.00437228
0.0197389
0.00512805
0.020381
0.00614505
0.0210912
0.00651677
0.0210875
0.00656088
0.0191937
0.00659003
0.0157491
0.00671881
0.0109791
0.00597785
0.00588022
0.00397194
0.000605465
0.00237223
-0.00482301
0.00133073
-0.00830069
-0.00966583
0.000280968
0.00233859
0.000495467
0.0050122
0.000637879
0.00689765
0.00116536
0.00847823
0.00224882
0.0114585
0.00328416
0.0141472
0.00410234
0.0168546
0.00487759
0.0180188
0.00559318
0.0190233
0.00644082
0.0195333
0.00743685
0.0200952
0.00862282
0.0199015
0.00919223
0.0186243
0.00897398
0.0159674
0.00816477
0.0117883
0.0075874
0.00645759
0.00672326
0.0014696
0.00394198
-0.00204173
0.0014883
-0.005847
-0.00817753
0.000328141
0.00201045
0.000706419
0.00463393
0.000896558
0.00670751
0.00134463
0.00803015
0.00250821
0.0102949
0.00363926
0.0130161
0.0048105
0.0156834
0.00554836
0.017281
0.00635419
0.0182175
0.00729459
0.0185929
0.00854594
0.0188439
0.00945893
0.0189885
0.0102579
0.0178253
0.0105449
0.0156804
0.0100085
0.0123248
0.0083993
0.00806674
0.00668291
0.00318599
0.00543635
-0.000795161
0.00224563
-0.00265629
-0.0059319
0.000398113
0.00161234
0.000773874
0.00425816
0.00128133
0.00620005
0.00149267
0.00781882
0.00243081
0.00935675
0.00364868
0.0117982
0.00493998
0.0143921
0.00605261
0.0161683
0.00701694
0.0172532
0.00777078
0.0178391
0.0087434
0.0178712
0.0100749
0.017657
0.0109153
0.0169849
0.0111592
0.0154366
0.0106432
0.0128407
0.00956587
0.0091441
0.00721872
0.00553314
0.00486669
0.00155687
0.00339841
-0.00118802
-0.00253349
0.000423442
0.0011889
0.000887688
0.00379392
0.00148276
0.00560497
0.00177115
0.00753043
0.00234827
0.00877964
0.00353506
0.0106115
0.0050523
0.0128748
0.00618231
0.0150383
0.00716196
0.0162735
0.00817108
0.01683
0.00898894
0.0170534
0.00961084
0.0170351
0.0104446
0.0161511
0.0110165
0.0148646
0.0106531
0.0132041
0.00916145
0.0106358
0.00762069
0.0070739
0.00492427
0.00425329
0.00233206
0.00140419
-0.000201432
0.000504774
0.000684124
0.00090195
0.00339674
0.00167087
0.00483605
0.00204238
0.00715893
0.00241768
0.00840434
0.0032356
0.00979353
0.00450343
0.011607
0.00596754
0.0135742
0.00715147
0.0150896
0.00795375
0.0160277
0.00891256
0.0160946
0.00985113
0.0160966
0.0101992
0.015803
0.0103012
0.0147626
0.0103275
0.0131779
0.00948204
0.0114812
0.00700474
0.0095512
0.00509351
0.00616451
0.00213718
0.00436053
0.00193574
0.000601695
8.24293e-05
0.00101775
0.00298069
0.00159113
0.00426267
0.00219359
0.00655646
0.0025124
0.00808553
0.00305869
0.00924724
0.00412832
0.0105374
0.00544936
0.0122532
0.00666912
0.0138698
0.00787902
0.0148178
0.00848345
0.0154901
0.009081
0.015499
0.009838
0.0150461
0.00990653
0.0146941
0.00928265
0.0138018
0.00846961
0.0122942
0.00724619
0.0107746
0.00461014
0.00880056
0.00336327
0.0056074
0.00529902
0.000788427
-0.000705998
0.00115561
0.0026135
0.00153737
0.00388092
0.00228907
0.00580476
0.00272049
0.00765411
0.00305594
0.00891179
0.00371795
0.00987535
0.00482994
0.0111412
0.00595976
0.01274
0.00703698
0.0137405
0.00817522
0.0143519
0.00879782
0.0148764
0.00906299
0.0147809
0.00930992
0.0144472
0.0091641
0.0139476
0.00804224
0.0134161
0.00659054
0.0122263
0.00477667
0.0106144
0.00130968
0.00907439
0.0066087
0.000908257
-0.00161425
0.00121789
0.00230386
0.00146233
0.00363648
0.00215222
0.00511486
0.00275208
0.00705426
0.00308159
0.00858228
0.00348605
0.00947089
0.00432837
0.0102989
0.0054921
0.0115763
0.00659799
0.0126347
0.0072947
0.0136552
0.00811382
0.0140573
0.0088536
0.0140411
0.00881859
0.0144822
0.0084787
0.0142875
0.00804051
0.0138543
0.00670246
0.0135644
0.00504276
0.0122741
0.00376149
0.0103557
0.0103702
0.000883121
-0.00249738
0.00128505
0.00190194
0.00136218
0.00355935
0.0019766
0.00450044
0.0027669
0.00626396
0.00327952
0.00806966
0.0037103
0.0090401
0.00406568
0.00994348
0.00466931
0.0109726
0.00573045
0.0115735
0.00684161
0.012544
0.00738523
0.0135137
0.00794041
0.0134859
0.00859734
0.0138252
0.00848411
0.0144007
0.00778686
0.0145515
0.00722973
0.0141215
0.00536021
0.0141436
0.00169563
0.0140202
0.0120658
0.00070236
-0.00319974
0.00103586
0.00156844
0.00133355
0.00326166
0.00166736
0.00416663
0.00236808
0.00556323
0.00310739
0.00733035
0.00351736
0.00863013
0.00406386
0.00939698
0.00479919
0.0102373
0.00542276
0.0109499
0.00625287
0.0117139
0.00727742
0.0124891
0.00783457
0.0129288
0.00809487
0.0135649
0.00860777
0.0138878
0.00851915
0.0146402
0.00738649
0.0152542
0.00691018
0.01462
0.00571801
0.0152124
0.0177838
0.000202764
-0.0034025
0.000945849
0.000825355
0.00118439
0.00302312
0.00162544
0.00372558
0.00221388
0.00497479
0.00301044
0.00653379
0.00373098
0.0079096
0.00408764
0.00904032
0.00444382
0.00988113
0.00531558
0.0100782
0.00594311
0.0110864
0.00661016
0.0118221
0.0076182
0.0119207
0.0084151
0.012768
0.00842792
0.013875
0.0091722
0.0138959
0.00929771
0.0151287
0.00741203
0.0165056
0.00564163
0.0169828
0.0234255
-2.63614e-06
-0.00339986
0.00064263
0.000180089
0.00094546
0.00272029
0.00104438
0.00362666
0.0015701
0.00444907
0.00251276
0.00559113
0.00323996
0.0071824
0.00422828
0.008052
0.00478369
0.00932571
0.00533527
0.00952661
0.00618335
0.0102383
0.00707949
0.0109259
0.00742779
0.0115724
0.00860301
0.0115928
0.00953081
0.0129472
0.00943969
0.013987
0.0108719
0.0136965
0.0111572
0.0162203
0.0116719
0.0164681
0.0199583
0.0151391
-0.000135851
-0.00326401
0.000606565
-0.000562327
0.000998436
0.00232842
0.00128405
0.00334105
0.00164577
0.00408735
0.00230467
0.00493223
0.00303984
0.00644723
0.00379832
0.00729352
0.00466865
0.00845538
0.00568284
0.00851242
0.00606865
0.00985249
0.00721299
0.00978158
0.00803404
0.0107514
0.00855785
0.011069
0.010484
0.011021
0.0113049
0.0131661
0.0122658
0.0127356
0.0133783
0.0151078
0.017958
0.0118883
0.0194198
0.0184966
-5.77986e-05
-0.00320621
0.000514381
-0.00113451
0.000770173
0.00207263
0.000763928
0.0033473
0.000885431
0.00396585
0.00144096
0.0043767
0.00273977
0.00514843
0.00360642
0.00642687
0.00462874
0.00743307
0.00537158
0.00776958
0.00682017
0.00840391
0.00708276
0.00951899
0.00897004
0.0088641
0.00917232
0.0108667
0.0108725
0.00932082
0.0118643
0.0121743
0.0152726
0.00932734
0.0147096
0.0156707
0.0179382
0.00865973
0.0161959
0.0211622
-0.000102114
-0.0031041
0.000119707
-0.00135633
0.000758649
0.00143369
0.000912948
0.003193
0.00144337
0.00343543
0.00149751
0.00432255
0.0022335
0.00441244
0.00251494
0.00614543
0.00505321
0.0048948
0.00473431
0.00808847
0.00727414
0.00586408
0.00722689
0.00956624
0.0095399
0.0065511
0.00966109
0.0107455
0.0124808
0.00650109
0.011735
0.0129201
0.0150067
0.00605571
0.0167216
0.0139558
0.0170774
0.00830398
0.0117876
0.0214856
0.000161767
-0.00326587
0.000286314
-0.00148088
0.000823246
0.000896754
0.00106674
0.0029495
0.00113665
0.00336551
0.000771367
0.00468784
0.00227648
0.00290732
0.0016188
0.00680311
0.00424988
0.00226372
0.0042338
0.00810456
0.00730848
0.00278939
0.00742667
0.00944805
0.010842
0.00313573
0.0104507
0.0111369
0.013077
0.00387483
0.0142956
0.0117015
0.0149022
0.00544906
0.0183181
0.0105399
0.01805
0.00857203
0.00888127
0.0209564
-0.000278486
-0.00298738
-0.000343438
-0.00141593
-0.000347179
0.000900494
5.989e-05
0.00254244
0.00121111
0.00221429
0.00145216
0.00444678
0.00261708
0.00174241
0.00271465
0.00670554
0.00565337
-0.000675005
0.00537063
0.0083873
0.00884338
-0.000683357
0.00852553
0.0097659
0.0108185
0.000842774
0.0124518
0.00950357
0.0129647
0.00336188
0.0155294
0.00913687
0.0152452
0.00573321
0.0181712
0.00761388
0.019082
0.00766128
0.00712176
0.0208415
5.80947e-05
-0.00304548
0.000617501
-0.00197533
0.00135221
0.000165783
0.00168708
0.00220757
0.00165188
0.00224949
0.00234906
0.0037496
0.00349005
0.000601424
0.00310715
0.00708843
0.00545427
-0.00302212
0.00558427
0.0082573
0.00702228
-0.00212137
0.00872427
0.00806391
0.00860197
0.000965066
0.0114247
0.0066809
0.0118283
0.00295822
0.0145811
0.00638404
0.0151396
0.00517475
0.017334
0.00541951
0.0192546
0.00574068
0.00541332
0.020963
-0.000124933
-0.00292054
1.57624e-05
-0.00211603
0.000454595
-0.00027305
0.000532844
0.00212932
0.000576523
0.00220582
0.00208276
0.00224336
0.00332248
-0.000638292
0.00362766
0.00678324
0.00339588
-0.00279034
0.00560701
0.00604617
0.00528876
-0.00180312
0.00780944
0.00554324
0.00748756
0.00128694
0.0100112
0.0041573
0.0108997
0.00206966
0.0134012
0.00388256
0.014907
0.00366892
0.0166982
0.00362832
0.0186279
0.00381104
0.00354412
0.0204971
-0.0009838
-0.00193674
-0.0016785
-0.00142133
-0.00171987
-0.000231682
-0.000238238
0.000647688
5.95961e-05
0.00190798
0.000387244
0.00191571
0.00139725
-0.0016483
0.00407697
0.00410352
0.00246219
-0.00117556
0.00526798
0.00324038
0.00434924
-0.000884378
0.007323
0.00256948
0.00794472
0.000665218
0.0104106
0.00169143
0.0113823
0.00109792
0.0134633
0.00180157
0.0152941
0.00183813
0.0170556
0.00186681
0.0188813
0.00198535
0.00183805
0.0205874
-0.00193675
-0.00335808
-0.00358976
-0.00294207
-0.00103409
0.000881624
-0.000766675
0.00333685
0.00216129
0.00540167
0.00451729
0.00708677
0.00775199
0.00944342
0.0105413
0.0123429
0.014181
0.0160478
0.0180332
0.0198712
-1.40976e-05
0.0151532
-0.00198933
0.00197523
0.00343982
-0.00542915
0.00294071
0.000499107
-0.00354223
0.00648294
-0.00772533
0.0041831
-0.0113342
0.00360884
-0.0144772
0.003143
-0.0166463
0.00216911
-0.017992
0.00134567
-0.0182162
0.000224278
-0.0179232
-0.000293038
-0.0168737
-0.00104949
-0.0154764
-0.00139726
-0.0134115
-0.00206494
-0.01013
-0.00328147
-0.00684831
-0.00328172
-0.00470252
-0.00214579
-0.00135878
-0.00334374
0.00124744
-0.00260622
0.00383019
-0.00258275
0.00598372
-0.00215353
0.00703577
-0.00105205
0.00654233
0.000493439
0.00495731
0.00158502
0.00324568
0.00171163
0.00160987
0.00163581
-0.000346101
0.00195597
-0.00285708
0.00251097
-0.00579279
0.00293572
-0.00877772
0.00298492
-0.0115936
0.00281592
-0.0142091
0.00261548
-0.0166104
0.00240131
-0.0187204
0.00210999
-0.0203196
0.00159919
-0.0213337
0.00101408
-0.0217472
0.000413517
-0.0215488
-0.000198355
-0.0207533
-0.000795591
-0.0193718
-0.00138148
-0.0175344
-0.00183736
-0.0152848
-0.00224966
-0.0125705
-0.00271424
-0.00953958
-0.00303094
-0.00681973
-0.00271985
-0.00367751
-0.00314221
-0.000759768
-0.00291774
0.00208533
-0.0028451
0.00471425
-0.00262891
0.00707352
-0.00235927
0.00915904
-0.00208552
0.0108714
-0.00171234
0.0122878
-0.00141639
0.0133287
-0.00104091
0.0141229
-0.000794198
0.0145797
-0.00045681
0.0148264
-0.000246671
0.0147646
6.17604e-05
0.014609
0.000155645
0.0142971
0.000311836
0.0138643
0.000432839
0.0133159
0.000548411
0.0125543
0.000761558
0.0116551
0.00089918
0.0106122
0.00104297
0.00960961
0.00100255
0.00869691
0.000912705
0.00803428
0.000662628
0.00766002
0.000374263
0.00737501
0.000285007
0.00712471
0.000250298
0.00681711
0.000307606
0.00654847
0.000268635
0.00645401
9.4457e-05
0.00646613
-1.21118e-05
0.00652417
-5.80429e-05
0.00672263
-0.000198459
0.00659397
0.000128659
0.000265938
0.0193728
0.0142769
0.00868073
0.0126673
-0.00483343
0.00808502
-0.0080173
0.00368297
-0.00591955
0.00438519
-0.00500678
0.00327033
-0.0047643
0.00336636
-0.00579628
0.00417498
-0.00700301
0.00337583
-0.00798103
0.00232369
-0.00853076
0.000774003
-0.00814808
-0.000675713
-0.00680535
-0.00239223
-0.00531203
-0.00289058
-0.00300193
-0.00437504
-0.0011503
-0.0051331
0.000794783
-0.0052268
0.00356622
-0.00491723
0.00510971
-0.00488723
0.00669122
-0.00418773
0.00759831
-0.00348984
0.00821569
-0.00277091
0.00859697
-0.00143333
0.00870091
0.000389506
0.00843609
0.00184984
0.0075948
0.00255293
0.00612869
0.00310191
0.00413029
0.00395436
0.00177636
0.0048649
-0.000559248
0.00527133
-0.00279655
0.00522222
-0.00492568
0.00494505
-0.00693865
0.00462846
-0.0087699
0.00423256
-0.0103219
0.00366202
-0.0115288
0.00280607
-0.0122912
0.00177644
-0.0124133
0.000535688
-0.012078
-0.000533691
-0.0111555
-0.00171814
-0.00978579
-0.00275115
-0.00798298
-0.00364018
-0.00556862
-0.00466402
-0.00302851
-0.00525435
-0.000394952
-0.00566449
0.00246733
-0.00558214
0.00565195
-0.00632683
0.00824175
-0.00550754
0.0111378
-0.00574115
0.0136174
-0.00510851
0.0158865
-0.00462835
0.0178604
-0.00405941
0.0195091
-0.00336103
0.0208591
-0.00276644
0.0218896
-0.00207143
0.0226369
-0.00154149
0.0230733
-0.000893232
0.0232366
-0.000409914
0.0232271
7.11903e-05
0.0229469
0.000435858
0.0225622
0.000696538
0.0220357
0.000959411
0.0215365
0.00104761
0.0210379
0.00126008
0.0206901
0.00124704
0.0203634
0.00136964
0.0201046
0.00126136
0.0198235
0.00119384
0.0193805
0.0011056
0.0188848
0.000869967
0.0181515
0.00101825
0.0176844
0.000717416
0.0170796
0.000912475
0.0168608
0.00048739
0.0164371
0.000518165
0.0162505
0.0001745
0.0160054
0.000187049
0.0156833
0.000123586
0.0155918
0.000220178
0.0007262
0.0217983
0.0136408
0.0220428
0.0124229
0.0195278
0.0106
0.014031
0.00917975
0.0107615
0.0076547
0.00807365
0.0059582
0.00641486
0.00502516
0.00617625
0.00441359
0.00639322
0.00315887
0.00669201
0.0020249
0.00723932
0.000226697
0.00793126
-0.00136766
0.00875346
-0.00321442
0.0102497
-0.00438684
0.0113677
-0.00549305
0.0124762
-0.00624156
0.0137282
-0.00647879
0.0150524
-0.00624143
0.0158165
-0.00565134
0.0164871
-0.00485833
0.0168642
-0.00386699
0.0167801
-0.00268677
0.0164675
-0.00112071
0.0161149
0.000742088
0.0156367
0.00232804
0.0146267
0.00356292
0.0131139
0.00461476
0.0115845
0.0054837
0.01023
0.00621942
0.00889922
0.00660211
0.00748724
0.0066342
0.00599053
0.00644176
0.00451499
0.006104
0.00316237
0.00558518
0.00202169
0.0048027
0.00127201
0.00355575
0.000708819
0.00233963
0.000602719
0.000641788
0.000814497
-0.000745469
0.00157483
-0.00247847
0.00271028
-0.0038866
0.00422857
-0.00515847
0.00613702
-0.00657247
0.00795267
-0.00707001
0.0104362
-0.00814799
0.0126502
-0.00779614
0.0150885
-0.00876512
0.017327
-0.0077461
0.0196514
-0.00806548
0.0216307
-0.00708784
0.0235614
-0.00655909
0.0251592
-0.00565719
0.0265993
-0.0048011
0.0277292
-0.00389637
0.0286766
-0.00301884
0.0293243
-0.0021892
0.0297868
-0.00135575
0.0299363
-0.000559328
0.0299118
9.56348e-05
0.0297059
0.000641804
0.029291
0.00111142
0.028888
0.00136235
0.0282491
0.00168658
0.0278462
0.00166291
0.0271755
0.00191779
0.0268906
0.00165456
0.0262636
0.00188835
0.026052
0.00140547
0.0255141
0.00164342
0.0253112
0.00107289
0.0250011
0.00132837
0.0248037
0.000914757
0.0247105
0.00100573
0.0244981
0.000699808
0.0244573
0.000558968
0.0241838
0.000447944
0.024196
0.000174887
0.0238899
0.000429642
0.0238586
0.000251479
0.000904554
0.0229518
0.0121746
0.0244866
0.0108881
0.0249903
0.0100962
0.0251794
0.0089907
0.0251459
0.00768818
0.0242965
0.00680759
0.0235516
0.00577009
0.0231257
0.00483946
0.0228837
0.00340089
0.0230165
0.0018921
0.0229154
0.000327795
0.0232254
-0.00167768
0.0233997
-0.00338869
0.0236358
-0.00462291
0.023739
-0.00559629
0.0236282
-0.0061308
0.0234484
-0.00629899
0.0231281
-0.00592114
0.0226723
-0.00519553
0.022259
-0.00444501
0.0216893
-0.00329724
0.0211606
-0.00215813
0.0208517
-0.00081181
0.020704
0.000889854
0.0206521
0.00237995
0.0205657
0.00364932
0.0203494
0.00483097
0.0198272
0.00600592
0.0191532
0.00689346
0.0184077
0.00734755
0.0175039
0.00753798
0.0166744
0.00727133
0.0158038
0.00697457
0.0152415
0.00614744
0.0147433
0.00530097
0.0143391
0.00395993
0.0141572
0.00252157
0.0140244
0.000774579
0.0143684
-0.00108952
0.0148351
-0.00294514
0.0158628
-0.00491435
0.0168392
-0.00613485
0.0180022
-0.0077354
0.0193729
-0.00844079
0.0206327
-0.00940773
0.0222406
-0.0094041
0.0236335
-0.0101579
0.0251917
-0.00930434
0.0267539
-0.00962763
0.0279797
-0.00831366
0.0293124
-0.00789183
0.0303732
-0.00671797
0.0313454
-0.00577326
0.032209
-0.00476004
0.0327839
-0.00359374
0.0333757
-0.00278099
0.0334906
-0.00147062
0.0337158
-0.000784534
0.0334496
0.000361829
0.0334758
0.000615554
0.0329498
0.00163743
0.0327818
0.00153041
0.0321307
0.00233765
0.0318678
0.00192587
0.0312331
0.00255247
0.0309517
0.00193592
0.0305076
0.00233245
0.0302576
0.00165546
0.0300341
0.0018669
0.0297312
0.00137587
0.0295987
0.0014608
0.0292641
0.00124942
0.029202
0.00106776
0.0288916
0.00101023
0.0289238
0.000526818
0.0287711
0.000600601
0.0288917
5.42852e-05
0.0288702
0.000451164
0.028944
0.000177697
0.000812082
0.0234066
0.0097244
0.0251921
0.00910257
0.0268128
0.00847551
0.0283109
0.00749264
0.0293541
0.0066449
0.0301543
0.00600739
0.030783
0.00514141
0.0313356
0.00428689
0.0316145
0.00312199
0.0317801
0.00172652
0.0318555
0.000252413
0.0315749
-0.00139715
0.0310941
-0.00290788
0.0304439
-0.00397269
0.0296277
-0.00478009
0.0286327
-0.00513586
0.0274803
-0.00514659
0.0264487
-0.00488947
0.0254327
-0.0041796
0.0245738
-0.00358608
0.0238931
-0.00261653
0.023295
-0.00156002
0.0230588
-0.000575586
0.0232198
0.000728851
0.0236242
0.00197548
0.0240989
0.00317465
0.0247386
0.00419131
0.0253747
0.00536982
0.0259189
0.0063492
0.0263843
0.0068822
0.0267268
0.0071955
0.0269485
0.00704957
0.0271035
0.00681956
0.0272226
0.00602841
0.0272754
0.00524818
0.0274425
0.00379275
0.0274989
0.00246516
0.0274549
0.000818618
0.027666
-0.00130065
0.0277865
-0.00306559
0.027979
-0.00510689
0.0282498
-0.00640567
0.0284494
-0.00793497
0.028725
-0.00871638
0.0288275
-0.00951024
0.0294015
-0.00997811
0.0297171
-0.0104735
0.0307152
-0.0103025
0.0313719
-0.0102843
0.0319591
-0.00890092
0.0326507
-0.00858337
0.0331733
-0.00724055
0.0337648
-0.00636475
0.034219
-0.00521431
0.0345512
-0.00392589
0.0347643
-0.00299405
0.0346434
-0.00134974
0.0346945
-0.000835688
0.0343668
0.000689572
0.0343366
0.000645698
0.0339081
0.00206599
0.0337819
0.00165659
0.0332943
0.00282531
0.0330855
0.00213463
0.032593
0.00304495
0.0323582
0.00217073
0.0319703
0.00272032
0.0317436
0.00188217
0.0315074
0.00210315
0.0312531
0.00163013
0.031148
0.00156592
0.0309228
0.00147459
0.0309284
0.00106221
0.0307205
0.0012181
0.030784
0.000463323
0.0307167
0.00066785
0.0307866
-1.56052e-05
0.030864
0.000373831
0.0310113
3.03119e-05
0.000608644
0.0231712
0.00739469
0.0250696
0.00720421
0.026879
0.00666604
0.0283627
0.00600895
0.0296738
0.00533387
0.0309761
0.00470501
0.0320767
0.00404081
0.0330561
0.00330753
0.0337328
0.00244531
0.0340563
0.00140295
0.0341797
0.000129106
0.0337653
-0.000982756
0.0330411
-0.00218372
0.0320996
-0.00303123
0.0309923
-0.00367271
0.0297661
-0.00390972
0.028594
-0.00397452
0.0274761
-0.00377147
0.0265226
-0.00322611
0.0257231
-0.00278656
0.0250319
-0.00192534
0.0246867
-0.00121489
0.0242342
-0.000123075
0.0243288
0.000634281
0.0246282
0.00167612
0.0251107
0.00269212
0.026006
0.00329604
0.0270252
0.00435053
0.028456
0.00491842
0.0296658
0.00567238
0.0310228
0.00583852
0.0322189
0.00585345
0.0332646
0.00577392
0.0342567
0.00503627
0.0349335
0.0045714
0.0355136
0.00321271
0.0358572
0.00212152
0.0360823
0.000593501
0.0359302
-0.0011485
0.0357268
-0.00286221
0.0352366
-0.00461673
0.0346945
-0.0058636
0.0341297
-0.00737012
0.0334045
-0.00799117
0.0328678
-0.00897352
0.0323976
-0.00950796
0.0321298
-0.0102057
0.0327602
-0.0109329
0.0328811
-0.0104052
0.0331625
-0.00918233
0.0331589
-0.00857979
0.0332005
-0.0072821
0.0334039
-0.00656815
0.0333251
-0.00513551
0.0334375
-0.00403829
0.0329047
-0.00246133
0.0326837
-0.00112865
0.0322463
-0.000398292
0.0320976
0.000838265
0.0316852
0.00105808
0.0315326
0.00221858
0.0312304
0.00195874
0.0310822
0.00297357
0.0308279
0.0023889
0.0306638
0.00320907
0.0305891
0.00224545
0.0304227
0.00288669
0.0304507
0.00185415
0.0301966
0.0023573
0.0301803
0.00164643
0.0298946
0.00185164
0.0297973
0.00157191
0.0294913
0.00136818
0.0293588
0.0013506
0.0292573
0.000564796
0.0292546
0.000670583
0.0292474
-8.42786e-06
0.0293989
0.000222356
0.0295171
-8.79363e-05
0.000426034
0.0229318
0.00542592
0.0248419
0.00529403
0.0265421
0.0049659
0.028036
0.00451504
0.0293508
0.00401905
0.0305894
0.00346643
0.031671
0.0029592
0.0326443
0.00233424
0.0333772
0.00171243
0.0337872
0.000992917
0.0338606
5.5713e-05
0.0335545
-0.000676679
0.0329739
-0.00160311
0.0321126
-0.00216987
0.031196
-0.00275615
0.030156
-0.00286973
0.0292174
-0.00303591
0.0282254
-0.00277949
0.0274509
-0.00245163
0.0267685
-0.00210409
0.0261392
-0.00129607
0.0259286
-0.00100426
0.0256042
0.000201264
0.0257814
0.000457068
0.0260423
0.00141529
0.0265575
0.00217689
0.0273419
0.00251166
0.0282262
0.00346623
0.0296546
0.00349003
0.0309179
0.00440906
0.0324836
0.00427281
0.0338686
0.0044685
0.035376
0.00426648
0.0366052
0.00380707
0.0377708
0.00340577
0.0385695
0.00241401
0.039083
0.00160799
0.0394519
0.000224611
0.0391695
-0.000866088
0.038778
-0.00247069
0.0378701
-0.00370884
0.0370123
-0.00500579
0.0359225
-0.00628029
0.0350164
-0.00708511
0.0343996
-0.00835667
0.0335525
-0.00866086
0.0333975
-0.0100507
0.0332956
-0.010831
0.0328039
-0.00991353
0.0328498
-0.00922815
0.0317417
-0.00747177
0.0308955
-0.00643587
0.0300342
-0.0057068
0.0295012
-0.00460256
0.028667
-0.00320408
0.0276988
-0.00149317
0.0271071
-0.000536871
0.0262888
0.000419947
0.0262644
0.000862679
0.0255864
0.00173614
0.0257956
0.00200932
0.0254138
0.00234053
0.025709
0.00267837
0.0253441
0.00275381
0.0255069
0.0030463
0.0251476
0.0026047
0.025295
0.00273937
0.0251684
0.00198068
0.0252542
0.00227152
0.0254263
0.00147436
0.0253103
0.00196762
0.0255547
0.00132751
0.0251539
0.00176896
0.0252693
0.0012352
0.0248262
0.00100787
0.0247247
0.000772122
0.0247874
-7.11255e-05
0.0247742
0.000235586
0.0250322
-0.000346014
0.00019422
0.022387
0.00353595
0.0242487
0.00343238
0.0259472
0.00326741
0.0275094
0.00295281
0.0288963
0.00263214
0.0301368
0.00222591
0.0312249
0.00187116
0.032136
0.00142315
0.0328458
0.00100261
0.0333075
0.000531222
0.0333401
2.30775e-05
0.0331847
-0.000521255
0.0326852
-0.00110366
0.0320009
-0.00148551
0.0311755
-0.00193079
0.0302486
-0.0019428
0.0293477
-0.002135
0.0283849
-0.00181672
0.0276671
-0.00173379
0.0269195
-0.0013565
0.0264368
-0.000813378
0.0261224
-0.000689838
0.025985
0.000338594
0.0261464
0.000295729
0.0263793
0.0011824
0.0271261
0.00143007
0.0277508
0.00188692
0.0288371
0.0023799
0.0299475
0.00237968
0.0313095
0.0030471
0.0327917
0.00279055
0.0341239
0.00313627
0.0357395
0.00265096
0.0368609
0.00268566
0.0382434
0.00202322
0.0389671
0.00169035
0.039681
0.000894074
0.0398706
3.50095e-05
0.0396984
-0.000693841
0.0391911
-0.00196344
0.0381022
-0.00261992
0.0371909
-0.00409455
0.0355467
-0.00463609
0.0346773
-0.00621567
0.0334042
-0.00708353
0.0331113
-0.00836801
0.0327426
-0.00968197
0.030813
-0.00890137
0.0286701
-0.0077707
0.0274077
-0.0079657
0.0252344
-0.00529852
0.0223051
-0.00350651
0.0200731
-0.00347478
0.0181459
-0.00267539
0.0164961
-0.00155431
0.0154543
-0.000451353
0.0143721
0.000545363
0.0136967
0.00109533
0.013183
0.00137638
0.01309
0.00182912
0.0133488
0.00175053
0.0134053
0.00228405
0.0138941
0.00218955
0.0142681
0.00237977
0.0149538
0.00236067
0.0153379
0.00222053
0.0159607
0.00211657
0.0162898
0.00165164
0.0168487
0.00171255
0.0170128
0.00131027
0.0173971
0.00158335
0.0175046
0.00121998
0.0178259
0.00144768
0.0181368
0.00092431
0.0184924
0.000652308
0.0190551
0.000209371
0.0192399
-0.00025589
0.0197695
-0.000294012
0.019991
-0.000567487
1.28072e-05
0.0223483
0.00177505
0.0240826
0.00169802
0.02573
0.00162003
0.0272756
0.00140721
0.0286492
0.00125852
0.0298723
0.00100289
0.0309006
0.00084284
0.0317492
0.00057453
0.0323621
0.000389667
0.0327589
0.000134503
0.032862
-8.00098e-05
0.0327346
-0.000393885
0.0322794
-0.000648462
0.0317027
-0.000908773
0.0308806
-0.00110874
0.030078
-0.00114018
0.0291982
-0.0012552
0.0284123
-0.0010308
0.0277957
-0.00111724
0.0271353
-0.000696113
0.0269445
-0.000622592
0.0265322
-0.000277499
0.0267586
0.000112159
0.0268838
0.000170581
0.0272926
0.000773599
0.0281179
0.000604764
0.0287433
0.00126151
0.0300239
0.00109933
0.0309563
0.00144729
0.0324784
0.00152495
0.0338348
0.00143414
0.0352461
0.00172499
0.0367253
0.00117172
0.0378535
0.00155753
0.0391557
0.000721035
0.0398122
0.00103379
0.0405954
0.00011089
0.0404832
0.000147156
0.0404913
-0.000701878
0.0396132
-0.0010854
0.0385504
-0.00155707
0.0370344
-0.00257855
0.0348482
-0.00244991
0.0331094
-0.00447691
0.02991
-0.00388404
0.0287022
-0.00716023
0.0271828
-0.00816255
0.023381
-0.00509957
0.0186841
-0.00307388
0.0123063
-0.00158788
0.00694456
6.32401e-05
0.00259975
0.000838298
-0.00015224
-0.000722796
-0.00125182
-0.00157581
-0.00155553
-0.0012506
-0.00153395
-0.000472939
-0.00104061
5.20274e-05
-0.000579949
0.000634672
0.000335575
0.00046086
0.00111561
0.00104908
0.00193379
0.000932348
0.00305175
0.00116608
0.00402541
0.0012159
0.00517967
0.00122551
0.00630516
0.00123518
0.00743023
0.00109545
0.00850344
0.00104337
0.00934762
0.000807461
0.0102325
0.000827655
0.0109081
0.000634703
0.0118393
0.000652095
0.012431
0.000628307
0.013172
0.00070666
0.0132585
0.000837786
0.0134369
0.000473923
0.0136996
-5.32753e-05
0.0138867
-0.000443064
0.0144515
-0.000858773
0.0143098
-0.000425738
0.000157551
0.0216463
0.0233443
0.0249643
0.0263715
0.0276301
0.028633
0.0294758
0.0300503
0.03044
0.0305745
0.0304945
0.0301006
0.0294521
0.0285434
0.0274346
0.0262944
0.0250392
0.0240084
0.0228912
0.0221951
0.0215725
0.021295
0.0214072
0.0215777
0.0223513
0.0229561
0.0242176
0.0253169
0.0267642
0.0282892
0.0297233
0.0314483
0.03262
0.0341776
0.0348986
0.0359324
0.0360433
0.0361904
0.0354886
0.0344032
0.0328461
0.0302675
0.0278176
0.0233407
0.0194567
0.0122965
0.0041339
-0.000965667
-0.00403955
-0.00562743
-0.00556419
-0.00472589
-0.00544869
-0.0070245
-0.0082751
-0.00874804
-0.00869602
-0.00806134
-0.00760048
-0.0065514
-0.00561905
-0.00445297
-0.00323707
-0.00201156
-0.000776383
0.000319071
0.00136244
0.0021699
0.00299756
0.00363226
0.00428435
0.00491266
0.00561932
0.0064571
0.00693103
0.00687775
0.00643469
0.00557591
0.00515018
)
;

boundaryField
{
    inlet
    {
        type            calculated;
        value           nonuniform List<scalar> 
20
(
-0.01
-0.01
-0.01
-0.01
-0.01
-0.01
-0.01
-0.01
-0.01
-0.01
-0.01
-0.01
-0.01
-0.01
-0.01
-0.01
-0.01
-0.01
-0.01
-0.01
)
;
    }
    outlet
    {
        type            calculated;
        value           nonuniform List<scalar> 10(0.00632803 0.0151316 0.0236803 0.0290364 0.0312148 0.0296997 0.0252641 0.0201724 0.014165 0.00530773);
    }
    walls
    {
        type            calculated;
        value           uniform 0;
    }
    frontAndBack
    {
        type            empty;
        value           nonuniform List<scalar> 0();
    }
}


// ************************************************************************* //
