/*--------------------------------*- C++ -*----------------------------------*\
| =========                 |                                                 |
| \\      /  F ield         | OpenFOAM: The Open Source CFD Toolbox           |
|  \\    /   O peration     | Version:  2306                                  |
|   \\  /    A nd           | Website:  www.openfoam.com                      |
|    \\/     M anipulation  |                                                 |
\*---------------------------------------------------------------------------*/
FoamFile
{
    version     2.0;
    format      ascii;
    arch        "LSB;label=32;scalar=64";
    class       volVectorField;
    location    "0.3";
    object      U;
}
// * * * * * * * * * * * * * * * * * * * * * * * * * * * * * * * * * * * * * //

dimensions      [0 1 -1 0 0 0 0];

internalField   nonuniform List<vector> 
4400
(
(9.90182 0.0455263 0)
(9.80624 0.0987082 0)
(9.70013 0.120972 0)
(9.57016 0.125786 0)
(9.4182 0.12447 0)
(9.25217 0.12346 0)
(9.08063 0.124124 0)
(8.90821 0.125706 0)
(8.73729 0.126964 0)
(8.56778 0.127425 0)
(8.40013 0.126855 0)
(8.23329 0.125568 0)
(8.06802 0.123749 0)
(7.90317 0.121765 0)
(7.7401 0.11964 0)
(7.57746 0.117558 0)
(7.41713 0.115411 0)
(7.25736 0.113265 0)
(7.10034 0.11105 0)
(6.94391 0.108772 0)
(6.79054 0.106454 0)
(6.63784 0.104026 0)
(6.48842 0.101635 0)
(6.3397 0.0991069 0)
(6.19443 0.0966736 0)
(6.04994 0.0940883 0)
(5.909 0.0916593 0)
(5.76886 0.0890818 0)
(5.63241 0.0866707 0)
(5.49664 0.0841562 0)
(5.36477 0.0818284 0)
(5.23326 0.0794451 0)
(5.10595 0.0772295 0)
(4.97843 0.0749953 0)
(4.85541 0.0729712 0)
(4.73144 0.0709353 0)
(4.61214 0.0691967 0)
(4.49114 0.0674331 0)
(4.37467 0.0661192 0)
(4.25578 0.0647914 0)
(4.14092 0.0640599 0)
(4.02291 0.0633347 0)
(3.90818 0.0633239 0)
(3.7894 0.0633775 0)
(3.67301 0.0641848 0)
(3.55131 0.0651938 0)
(3.431 0.0669113 0)
(3.30365 0.0690349 0)
(3.17659 0.0717734 0)
(3.04035 0.0751338 0)
(2.90307 0.0790378 0)
(2.75421 0.0837229 0)
(2.60262 0.0888795 0)
(2.43697 0.0948648 0)
(2.26656 0.101219 0)
(2.07969 0.108223 0)
(1.88596 0.115397 0)
(1.67372 0.122652 0)
(1.45298 0.129589 0)
(1.21251 0.135498 0)
(0.963213 0.139886 0)
(0.694551 0.140823 0)
(0.418073 0.134229 0)
(0.141089 0.104459 0)
(-0.111415 0.0505854 0)
(-0.358657 -0.0308295 0)
(-0.538665 -0.122406 0)
(-0.65877 -0.230341 0)
(-0.673886 -0.352315 0)
(-0.61477 -0.489383 0)
(-0.422442 -0.61499 0)
(-0.168605 -0.702497 0)
(0.116549 -0.575626 0)
(0.272333 -0.240951 0)
(0.397039 0.42149 0)
(-0.273641 0.911793 0)
(-0.487242 0.359105 0)
(-0.0570216 -0.0648279 0)
(0.256258 -0.0683461 0)
(0.0643578 -0.175516 0)
(10.0004 0.0612 0)
(10.0317 0.137422 0)
(10.0698 0.173665 0)
(10.1048 0.184907 0)
(10.1327 0.186174 0)
(10.1498 0.186214 0)
(10.1592 0.188301 0)
(10.1607 0.191964 0)
(10.1595 0.195918 0)
(10.1533 0.199126 0)
(10.1472 0.201063 0)
(10.1362 0.202092 0)
(10.1259 0.202048 0)
(10.1098 0.201945 0)
(10.095 0.201194 0)
(10.0736 0.200836 0)
(10.0541 0.199966 0)
(10.0279 0.199469 0)
(10.0041 0.198479 0)
(9.97354 0.197735 0)
(9.94562 0.196546 0)
(9.9113 0.195512 0)
(9.87948 0.194138 0)
(9.84168 0.19287 0)
(9.8061 0.191311 0)
(9.76499 0.18992 0)
(9.7259 0.188159 0)
(9.68149 0.186789 0)
(9.63917 0.1848 0)
(9.59138 0.183568 0)
(9.54613 0.181367 0)
(9.49477 0.180417 0)
(9.44671 0.17805 0)
(9.39169 0.177436 0)
(9.34059 0.175116 0)
(9.28199 0.174806 0)
(9.2272 0.172892 0)
(9.1651 0.172847 0)
(9.10584 0.171655 0)
(9.04002 0.172044 0)
(8.9754 0.1718 0)
(8.9051 0.172939 0)
(8.83434 0.173859 0)
(8.7582 0.176204 0)
(8.68053 0.178508 0)
(8.59652 0.182625 0)
(8.51099 0.18655 0)
(8.41662 0.192928 0)
(8.32157 0.19896 0)
(8.21414 0.207893 0)
(8.10701 0.216678 0)
(7.98354 0.228454 0)
(7.86076 0.240512 0)
(7.71784 0.255505 0)
(7.57494 0.271095 0)
(7.40849 0.289573 0)
(7.2403 0.308545 0)
(7.04541 0.330376 0)
(6.84638 0.35187 0)
(6.61758 0.375972 0)
(6.38195 0.397635 0)
(6.1139 0.420834 0)
(5.836 0.437146 0)
(5.52513 0.451787 0)
(5.20721 0.451103 0)
(4.86343 0.447006 0)
(4.49074 0.415913 0)
(4.08711 0.382836 0)
(3.62116 0.324056 0)
(3.10169 0.282198 0)
(2.42824 0.21802 0)
(1.61765 0.220059 0)
(0.580351 0.1615 0)
(-0.135635 0.000158941 0)
(-0.538631 0.0358965 0)
(-0.497745 -0.0571495 0)
(-0.148786 -0.661338 0)
(-0.414263 -0.815785 0)
(-0.301014 -0.0539649 0)
(-0.287414 0.618563 0)
(9.99982 0.0268075 0)
(10.0171 0.0696557 0)
(10.0425 0.100019 0)
(10.075 0.11737 0)
(10.1081 0.126932 0)
(10.1396 0.131767 0)
(10.167 0.136024 0)
(10.1911 0.140284 0)
(10.2128 0.145409 0)
(10.233 0.150357 0)
(10.2534 0.154891 0)
(10.2729 0.158791 0)
(10.2936 0.161579 0)
(10.3125 0.164321 0)
(10.3329 0.165878 0)
(10.3504 0.168095 0)
(10.3696 0.169167 0)
(10.3853 0.171148 0)
(10.4032 0.172032 0)
(10.417 0.173682 0)
(10.4335 0.174481 0)
(10.4455 0.175623 0)
(10.4604 0.176507 0)
(10.4706 0.177011 0)
(10.4836 0.178097 0)
(10.4918 0.17801 0)
(10.5028 0.179311 0)
(10.5087 0.17882 0)
(10.5178 0.180251 0)
(10.5209 0.179608 0)
(10.5281 0.181046 0)
(10.5281 0.1806 0)
(10.533 0.181961 0)
(10.53 0.181935 0)
(10.532 0.183482 0)
(10.5263 0.183808 0)
(10.5244 0.186116 0)
(10.5163 0.186672 0)
(10.5095 0.190208 0)
(10.4992 0.191222 0)
(10.4868 0.1963 0)
(10.4739 0.198141 0)
(10.4554 0.205173 0)
(10.439 0.208356 0)
(10.4142 0.21762 0)
(10.3929 0.223196 0)
(10.3616 0.23454 0)
(10.3338 0.243905 0)
(10.2956 0.257283 0)
(10.2592 0.271583 0)
(10.2137 0.287452 0)
(10.1661 0.307465 0)
(10.1124 0.326577 0)
(10.0511 0.35275 0)
(9.98719 0.37618 0)
(9.91 0.408229 0)
(9.8325 0.437102 0)
(9.73701 0.474077 0)
(9.64178 0.508477 0)
(9.52429 0.548415 0)
(9.40676 0.586539 0)
(9.26125 0.624762 0)
(9.11577 0.66165 0)
(8.93283 0.68977 0)
(8.75064 0.715502 0)
(8.51719 0.724594 0)
(8.27814 0.73194 0)
(7.9643 0.724373 0)
(7.64647 0.729532 0)
(7.22558 0.740685 0)
(6.80295 0.791617 0)
(6.24948 0.870226 0)
(5.71544 0.982229 0)
(5.0257 0.989416 0)
(4.45266 0.894119 0)
(3.43877 0.733941 0)
(2.69722 0.460544 0)
(1.29319 0.25041 0)
(-0.210049 -0.160307 0)
(-0.463627 -0.165755 0)
(9.99974 0.0188289 0)
(10.0105 0.0525705 0)
(10.0274 0.0808039 0)
(10.0513 0.10097 0)
(10.0777 0.114992 0)
(10.1054 0.122844 0)
(10.1316 0.128743 0)
(10.1561 0.132242 0)
(10.1796 0.136646 0)
(10.2011 0.14 0)
(10.2239 0.144299 0)
(10.2448 0.147312 0)
(10.2689 0.150527 0)
(10.2903 0.152672 0)
(10.3153 0.154599 0)
(10.3369 0.15611 0)
(10.3622 0.157338 0)
(10.3834 0.158554 0)
(10.4086 0.159611 0)
(10.4294 0.160544 0)
(10.4543 0.161679 0)
(10.4747 0.162252 0)
(10.4993 0.163583 0)
(10.5191 0.163732 0)
(10.5433 0.165263 0)
(10.5623 0.165145 0)
(10.586 0.166767 0)
(10.6039 0.166731 0)
(10.627 0.168128 0)
(10.6434 0.168769 0)
(10.6659 0.169431 0)
(10.6804 0.171559 0)
(10.7021 0.170971 0)
(10.7147 0.175176 0)
(10.7352 0.173466 0)
(10.7458 0.179576 0)
(10.7644 0.177744 0)
(10.7735 0.184972 0)
(10.7891 0.18438 0)
(10.7974 0.192112 0)
(10.8089 0.193884 0)
(10.8166 0.201995 0)
(10.8236 0.2068 0)
(10.83 0.21579 0)
(10.8333 0.223823 0)
(10.8367 0.23471 0)
(10.8369 0.246178 0)
(10.8366 0.259591 0)
(10.833 0.275721 0)
(10.8292 0.291385 0)
(10.8208 0.314003 0)
(10.8132 0.332088 0)
(10.8001 0.361804 0)
(10.7864 0.384117 0)
(10.7708 0.420013 0)
(10.7464 0.448947 0)
(10.7312 0.489851 0)
(10.6919 0.526573 0)
(10.6769 0.57154 0)
(10.6212 0.615307 0)
(10.6012 0.662121 0)
(10.5275 0.710991 0)
(10.4952 0.754267 0)
(10.3959 0.8052 0)
(10.3413 0.838284 0)
(10.2014 0.888184 0)
(10.1081 0.914212 0)
(9.91082 0.969417 0)
(9.76084 1.0074 0)
(9.49385 1.08444 0)
(9.27114 1.15945 0)
(8.92439 1.26867 0)
(8.62131 1.36603 0)
(8.16892 1.44847 0)
(7.75638 1.47989 0)
(7.15587 1.50371 0)
(6.5638 1.49999 0)
(5.78003 1.53212 0)
(4.90808 1.56101 0)
(3.6791 1.36697 0)
(10.0007 0.0133569 0)
(10.0063 0.0384069 0)
(10.0201 0.0605529 0)
(10.0363 0.0776813 0)
(10.059 0.0907947 0)
(10.0809 0.0986711 0)
(10.1063 0.104795 0)
(10.1282 0.107891 0)
(10.1526 0.111745 0)
(10.1729 0.114042 0)
(10.1966 0.117691 0)
(10.2165 0.120059 0)
(10.2409 0.123085 0)
(10.2614 0.125274 0)
(10.2867 0.127045 0)
(10.308 0.129101 0)
(10.3335 0.129721 0)
(10.3553 0.131928 0)
(10.3805 0.131873 0)
(10.4026 0.134222 0)
(10.4274 0.134015 0)
(10.4498 0.13627 0)
(10.4741 0.136305 0)
(10.4966 0.138123 0)
(10.5206 0.13869 0)
(10.5427 0.139923 0)
(10.5667 0.141239 0)
(10.5876 0.141851 0)
(10.6122 0.144004 0)
(10.631 0.144211 0)
(10.6569 0.147046 0)
(10.6725 0.147433 0)
(10.7002 0.150471 0)
(10.7121 0.151888 0)
(10.7415 0.154718 0)
(10.7498 0.157822 0)
(10.7803 0.160391 0)
(10.785 0.165522 0)
(10.8163 0.16824 0)
(10.8179 0.175335 0)
(10.8488 0.179369 0)
(10.8484 0.187468 0)
(10.8773 0.194999 0)
(10.876 0.202731 0)
(10.9023 0.215585 0)
(10.8997 0.223209 0)
(10.9241 0.240915 0)
(10.9191 0.251254 0)
(10.9426 0.271834 0)
(10.9343 0.287914 0)
(10.9576 0.310874 0)
(10.9459 0.333382 0)
(10.9682 0.360844 0)
(10.9552 0.388628 0)
(10.9737 0.423038 0)
(10.9624 0.456004 0)
(10.9755 0.496975 0)
(10.9652 0.537626 0)
(10.9744 0.582251 0)
(10.9617 0.631742 0)
(10.9662 0.67992 0)
(10.9502 0.732858 0)
(10.9422 0.788264 0)
(10.9215 0.838593 0)
(10.8913 0.900704 0)
(10.8554 0.954027 0)
(10.7986 1.01903 0)
(10.7284 1.09237 0)
(10.6445 1.16319 0)
(10.5195 1.27032 0)
(10.4096 1.35748 0)
(10.2114 1.49798 0)
(10.077 1.60085 0)
(9.78058 1.74739 0)
(9.61814 1.84395 0)
(9.17825 1.96175 0)
(8.9623 2.04397 0)
(8.29178 2.11525 0)
(7.95739 2.18143 0)
(6.96162 2.18976 0)
(10.001 0.00972054 0)
(10.0044 0.0279294 0)
(10.0158 0.0448586 0)
(10.0281 0.058685 0)
(10.0472 0.0700633 0)
(10.0658 0.0776946 0)
(10.0886 0.0834472 0)
(10.1096 0.0870191 0)
(10.1326 0.0901466 0)
(10.1537 0.0926238 0)
(10.1761 0.0951121 0)
(10.197 0.0976238 0)
(10.22 0.0997054 0)
(10.2411 0.102331 0)
(10.2653 0.103384 0)
(10.2864 0.106174 0)
(10.312 0.105962 0)
(10.3325 0.109126 0)
(10.3594 0.107991 0)
(10.3789 0.111456 0)
(10.4069 0.110121 0)
(10.4253 0.113479 0)
(10.4542 0.112651 0)
(10.4715 0.115229 0)
(10.5012 0.115633 0)
(10.5173 0.116839 0)
(10.5478 0.119108 0)
(10.5625 0.118547 0)
(10.5937 0.123008 0)
(10.6066 0.120849 0)
(10.6389 0.12719 0)
(10.6491 0.124412 0)
(10.6831 0.13155 0)
(10.69 0.129771 0)
(10.7258 0.136566 0)
(10.7293 0.136927 0)
(10.7665 0.143186 0)
(10.7666 0.145874 0)
(10.8051 0.152208 0)
(10.802 0.157308 0)
(10.8408 0.164008 0)
(10.8356 0.172069 0)
(10.8735 0.179456 0)
(10.8671 0.190625 0)
(10.9036 0.199994 0)
(10.8958 0.213585 0)
(10.9316 0.226757 0)
(10.9218 0.242345 0)
(10.957 0.260621 0)
(10.9464 0.278754 0)
(10.9794 0.302382 0)
(10.9703 0.325028 0)
(10.9991 0.352806 0)
(10.9943 0.382885 0)
(11.0167 0.414214 0)
(11.019 0.45159 0)
(11.0326 0.490083 0)
(11.0446 0.530793 0)
(11.0479 0.579606 0)
(11.0683 0.624256 0)
(11.0631 0.678225 0)
(11.0863 0.73378 0)
(11.0738 0.786911 0)
(11.0935 0.85473 0)
(11.0719 0.913228 0)
(11.0786 0.987363 0)
(11.0503 1.06441 0)
(11.0257 1.14508 0)
(10.9979 1.24807 0)
(10.9223 1.347 0)
(10.9022 1.47386 0)
(10.7581 1.60546 0)
(10.7553 1.74487 0)
(10.5219 1.91393 0)
(10.5381 2.03776 0)
(10.1945 2.24241 0)
(10.178 2.30794 0)
(9.72997 2.55603 0)
(9.54285 2.54896 0)
(9.08013 2.84496 0)
(10.0005 0.00685891 0)
(10.0041 0.0202492 0)
(10.0126 0.0324216 0)
(10.0242 0.0433329 0)
(10.0393 0.0521823 0)
(10.0572 0.0589355 0)
(10.0763 0.063912 0)
(10.0977 0.0673713 0)
(10.1183 0.0700845 0)
(10.1406 0.072191 0)
(10.1613 0.0741791 0)
(10.1834 0.0760558 0)
(10.2052 0.0780048 0)
(10.2266 0.0797622 0)
(10.2506 0.0813556 0)
(10.2707 0.0829892 0)
(10.2976 0.0838589 0)
(10.3155 0.0856474 0)
(10.3455 0.0857655 0)
(10.3606 0.0878979 0)
(10.3938 0.0877423 0)
(10.406 0.0900017 0)
(10.4417 0.0900849 0)
(10.4516 0.0920943 0)
(10.4888 0.0928234 0)
(10.4977 0.0943878 0)
(10.5347 0.0960179 0)
(10.5441 0.0969483 0)
(10.5792 0.0998839 0)
(10.5902 0.0999388 0)
(10.6228 0.10461 0)
(10.6352 0.103784 0)
(10.6655 0.110164 0)
(10.6786 0.109247 0)
(10.7072 0.1165 0)
(10.7202 0.117021 0)
(10.7478 0.123816 0)
(10.7593 0.127657 0)
(10.7875 0.132694 0)
(10.7958 0.141611 0)
(10.8256 0.144016 0)
(10.8303 0.158995 0)
(10.8611 0.159287 0)
(10.8638 0.179704 0)
(10.8936 0.180161 0)
(10.8967 0.204416 0)
(10.9225 0.207216 0)
(10.9294 0.235183 0)
(10.9489 0.240718 0)
(10.9611 0.273421 0)
(10.9745 0.283089 0)
(10.991 0.318445 0)
(11.0007 0.337654 0)
(11.0201 0.371203 0)
(11.0274 0.403905 0)
(11.0494 0.436573 0)
(11.055 0.479687 0)
(11.0795 0.516686 0)
(11.0835 0.5679 0)
(11.1098 0.608471 0)
(11.1131 0.672575 0)
(11.1355 0.712234 0)
(11.1442 0.793579 0)
(11.1523 0.832803 0)
(11.1685 0.932992 0)
(11.1598 0.97646 0)
(11.1767 1.09638 0)
(11.1468 1.15485 0)
(11.1693 1.29137 0)
(11.0957 1.38149 0)
(11.1444 1.52817 0)
(11.0034 1.66816 0)
(11.0848 1.81178 0)
(10.8852 2.01096 0)
(10.9566 2.14057 0)
(10.7441 2.38169 0)
(10.7231 2.49666 0)
(10.5345 2.76107 0)
(10.3567 2.8598 0)
(10.1708 3.1281 0)
(10.0003 0.00435891 0)
(10.0037 0.0141236 0)
(10.011 0.0219329 0)
(10.0215 0.0300403 0)
(10.035 0.0362118 0)
(10.051 0.0412365 0)
(10.0692 0.0454404 0)
(10.0889 0.0476789 0)
(10.1096 0.0506698 0)
(10.1305 0.0512732 0)
(10.1523 0.0539612 0)
(10.1729 0.053937 0)
(10.1963 0.0570276 0)
(10.2156 0.0565357 0)
(10.2418 0.0598658 0)
(10.2587 0.0590203 0)
(10.289 0.0620452 0)
(10.3026 0.0614019 0)
(10.3372 0.0635467 0)
(10.3472 0.0638709 0)
(10.3857 0.0649404 0)
(10.3923 0.0665155 0)
(10.4337 0.066617 0)
(10.438 0.0693053 0)
(10.4806 0.0688329 0)
(10.4846 0.0723444 0)
(10.526 0.0717137 0)
(10.532 0.0756435 0)
(10.5697 0.0755494 0)
(10.5798 0.0793048 0)
(10.612 0.0805483 0)
(10.6269 0.0837908 0)
(10.6538 0.0866067 0)
(10.6723 0.0899463 0)
(10.6951 0.093751 0)
(10.7156 0.0980463 0)
(10.7358 0.10281 0)
(10.7565 0.107941 0)
(10.776 0.114774 0)
(10.7952 0.120202 0)
(10.8146 0.129551 0)
(10.8326 0.136486 0)
(10.8509 0.146941 0)
(10.8692 0.157812 0)
(10.8855 0.168365 0)
(10.9039 0.183703 0)
(10.9193 0.196334 0)
(10.937 0.214128 0)
(10.9522 0.231974 0)
(10.9696 0.251345 0)
(10.9843 0.274673 0)
(11.0023 0.298437 0)
(11.0167 0.325092 0)
(11.0351 0.355496 0)
(11.0501 0.387452 0)
(11.0691 0.42038 0)
(11.0854 0.465457 0)
(11.1034 0.494226 0)
(11.1238 0.558418 0)
(11.1378 0.581534 0)
(11.1628 0.665023 0)
(11.1735 0.687198 0)
(11.2007 0.784891 0)
(11.2038 0.818081 0)
(11.2416 0.921182 0)
(11.2186 0.977617 0)
(11.2815 1.08625 0)
(11.2179 1.16988 0)
(11.306 1.29006 0)
(11.2052 1.40861 0)
(11.302 1.54168 0)
(11.1803 1.70169 0)
(11.2636 1.85021 0)
(11.1356 2.05477 0)
(11.1858 2.20529 0)
(11.0614 2.46292 0)
(11.0547 2.60051 0)
(10.9292 2.89132 0)
(10.8562 3.04546 0)
(10.7014 3.28388 0)
(9.99996 0.00231727 0)
(10.0035 0.00864137 0)
(10.01 0.0125547 0)
(10.0198 0.0180003 0)
(10.0325 0.0212529 0)
(10.0471 0.0245359 0)
(10.0652 0.0274166 0)
(10.083 0.0284136 0)
(10.1048 0.0312778 0)
(10.1233 0.0305943 0)
(10.1473 0.0336005 0)
(10.1653 0.0323047 0)
(10.1915 0.0356394 0)
(10.2079 0.0341266 0)
(10.2369 0.0375942 0)
(10.2509 0.0360982 0)
(10.2838 0.0391123 0)
(10.2948 0.0383106 0)
(10.3317 0.0400576 0)
(10.3396 0.0410082 0)
(10.38 0.0409064 0)
(10.3852 0.0440779 0)
(10.4277 0.0420659 0)
(10.4315 0.0474187 0)
(10.4744 0.0438085 0)
(10.4787 0.0512298 0)
(10.5195 0.0461214 0)
(10.5271 0.0556294 0)
(10.5626 0.0493688 0)
(10.5762 0.0603799 0)
(10.6043 0.0543698 0)
(10.6252 0.0651973 0)
(10.6449 0.0616836 0)
(10.6733 0.0706067 0)
(10.6846 0.0710821 0)
(10.7201 0.0776648 0)
(10.7236 0.0822752 0)
(10.7647 0.0872335 0)
(10.7629 0.0956287 0)
(10.8061 0.0998229 0)
(10.8028 0.111549 0)
(10.8445 0.116184 0)
(10.8427 0.13065 0)
(10.8809 0.136953 0)
(10.882 0.153809 0)
(10.9159 0.163018 0)
(10.9208 0.181227 0)
(10.9502 0.196631 0)
(10.9585 0.212727 0)
(10.9856 0.238876 0)
(10.9947 0.251284 0)
(11.0232 0.287566 0)
(11.0304 0.301687 0)
(11.0621 0.342139 0)
(11.0681 0.364272 0)
(11.1023 0.407139 0)
(11.1079 0.437064 0)
(11.145 0.485938 0)
(11.1502 0.521814 0)
(11.188 0.579323 0)
(11.1993 0.622166 0)
(11.2258 0.688684 0)
(11.2561 0.74331 0)
(11.2601 0.816802 0)
(11.3116 0.88959 0)
(11.2951 0.973074 0)
(11.3579 1.06514 0)
(11.3293 1.16582 0)
(11.3893 1.28274 0)
(11.3574 1.40431 0)
(11.4039 1.54838 0)
(11.3698 1.70774 0)
(11.3989 1.86398 0)
(11.3573 2.07797 0)
(11.3669 2.24683 0)
(11.311 2.48893 0)
(11.2904 2.70769 0)
(11.2273 2.92419 0)
(11.1328 3.20199 0)
(11.0857 3.39596 0)
(9.99926 0.000576095 0)
(10.0038 0.003286 0)
(10.009 0.00394136 0)
(10.0194 0.00651846 0)
(10.0309 0.00704703 0)
(10.0455 0.00845638 0)
(10.0633 0.00969754 0)
(10.0802 0.00954906 0)
(10.1027 0.0118436 0)
(10.1195 0.0101352 0)
(10.1453 0.0132237 0)
(10.1614 0.010819 0)
(10.1893 0.0143431 0)
(10.2043 0.0118239 0)
(10.2344 0.0154759 0)
(10.2479 0.0131254 0)
(10.2807 0.016467 0)
(10.2922 0.0148622 0)
(10.3283 0.0171002 0)
(10.3377 0.0175267 0)
(10.3763 0.0174947 0)
(10.3838 0.0210154 0)
(10.4238 0.0180494 0)
(10.4306 0.0249309 0)
(10.4706 0.0194406 0)
(10.4785 0.0290056 0)
(10.5155 0.0220343 0)
(10.528 0.0331858 0)
(10.5579 0.0261667 0)
(10.5793 0.0374915 0)
(10.598 0.0321876 0)
(10.6312 0.0422303 0)
(10.6369 0.0401273 0)
(10.6823 0.0482376 0)
(10.6755 0.0496343 0)
(10.7315 0.0563228 0)
(10.7145 0.0609929 0)
(10.7774 0.066573 0)
(10.7556 0.0752568 0)
(10.8189 0.0790607 0)
(10.7988 0.0925685 0)
(10.8574 0.0954678 0)
(10.8419 0.111919 0)
(10.895 0.117794 0)
(10.884 0.133966 0)
(10.9321 0.145025 0)
(10.9261 0.162629 0)
(10.9681 0.175097 0)
(10.9693 0.199803 0)
(11.0038 0.211163 0)
(11.0133 0.241912 0)
(11.0407 0.25904 0)
(11.0581 0.288114 0)
(11.0804 0.317868 0)
(11.1034 0.344725 0)
(11.1242 0.384349 0)
(11.1508 0.415052 0)
(11.1705 0.461151 0)
(11.2028 0.500268 0)
(11.2197 0.548609 0)
(11.2572 0.606704 0)
(11.2751 0.648684 0)
(11.312 0.733882 0)
(11.3342 0.774163 0)
(11.3703 0.880304 0)
(11.3912 0.933349 0)
(11.4322 1.05506 0)
(11.4434 1.13469 0)
(11.4911 1.26676 0)
(11.4927 1.38817 0)
(11.5373 1.53345 0)
(11.5332 1.69176 0)
(11.5651 1.88085 0)
(11.5555 2.04575 0)
(11.5623 2.30361 0)
(11.5457 2.4796 0)
(11.5149 2.76796 0)
(11.4842 2.99324 0)
(11.3993 3.26036 0)
(11.3359 3.53707 0)
(9.99914 -0.000864076 0)
(10.0037 -0.00227646 0)
(10.009 -0.00432114 0)
(10.0193 -0.00486411 0)
(10.0307 -0.00691004 0)
(10.0456 -0.00729981 0)
(10.0631 -0.00805039 0)
(10.0805 -0.00894585 0)
(10.1025 -0.00786273 0)
(10.1197 -0.00994142 0)
(10.1451 -0.00746801 0)
(10.1617 -0.0103103 0)
(10.1891 -0.00727549 0)
(10.2051 -0.0100855 0)
(10.2338 -0.00716902 0)
(10.2493 -0.0092388 0)
(10.2796 -0.00706226 0)
(10.2945 -0.00771789 0)
(10.3267 -0.00687259 0)
(10.341 -0.00528856 0)
(10.374 -0.0064649 0)
(10.3883 -0.00220035 0)
(10.421 -0.00552808 0)
(10.4363 0.00120668 0)
(10.4672 -0.00359003 0)
(10.4854 0.00488523 0)
(10.5119 -0.000619606 0)
(10.536 0.0092375 0)
(10.5543 0.0033379 0)
(10.5881 0.0144316 0)
(10.5951 0.00892977 0)
(10.6401 0.0200771 0)
(10.6358 0.0171077 0)
(10.6906 0.0261008 0)
(10.6769 0.0279026 0)
(10.7389 0.0335305 0)
(10.7187 0.0407314 0)
(10.7846 0.0436224 0)
(10.7624 0.0554783 0)
(10.8261 0.0569368 0)
(10.8089 0.0727653 0)
(10.8638 0.0737218 0)
(10.8567 0.0934755 0)
(10.9006 0.0941344 0)
(10.9033 0.118643 0)
(10.9384 0.11875 0)
(10.9495 0.148608 0)
(10.9758 0.149454 0)
(10.9974 0.182795 0)
(11.0133 0.188288 0)
(11.0456 0.222089 0)
(11.0543 0.235305 0)
(11.0941 0.269314 0)
(11.0978 0.28932 0)
(11.1472 0.328737 0)
(11.1424 0.349088 0)
(11.2037 0.402659 0)
(11.1954 0.419427 0)
(11.2575 0.486237 0)
(11.2598 0.510677 0)
(11.3134 0.578954 0)
(11.3286 0.621841 0)
(11.3781 0.693972 0)
(11.3994 0.751547 0)
(11.4501 0.834596 0)
(11.4736 0.914872 0)
(11.5291 1.00361 0)
(11.5465 1.1163 0)
(11.6141 1.22409 0)
(11.6197 1.35589 0)
(11.6888 1.51107 0)
(11.6982 1.65647 0)
(11.7448 1.8566 0)
(11.7575 2.04991 0)
(11.78 2.26666 0)
(11.7805 2.52504 0)
(11.7675 2.76172 0)
(11.7357 3.06455 0)
(11.688 3.32705 0)
(11.5852 3.64069 0)
(9.99943 -0.00220927 0)
(10.0035 -0.00817904 0)
(10.0098 -0.0124962 0)
(10.0199 -0.0168051 0)
(10.0318 -0.0207986 0)
(10.0475 -0.0235194 0)
(10.0648 -0.0257694 0)
(10.0836 -0.0276637 0)
(10.1046 -0.0276939 0)
(10.1234 -0.0300452 0)
(10.1474 -0.0284155 0)
(10.1655 -0.0313632 0)
(10.1915 -0.0292242 0)
(10.2092 -0.0319131 0)
(10.2362 -0.0301558 0)
(10.2541 -0.0316484 0)
(10.2817 -0.0307225 0)
(10.3003 -0.0306354 0)
(10.3282 -0.0306201 0)
(10.3481 -0.0288315 0)
(10.3748 -0.0299669 0)
(10.3968 -0.0262475 0)
(10.4211 -0.0289052 0)
(10.446 -0.022845 0)
(10.4675 -0.0272624 0)
(10.4952 -0.0187469 0)
(10.5137 -0.0245822 0)
(10.5446 -0.0141817 0)
(10.559 -0.0202411 0)
(10.5948 -0.00934405 0)
(10.6033 -0.0136879 0)
(10.6449 -0.00404933 0)
(10.6474 -0.00486074 0)
(10.6937 0.00240147 0)
(10.6917 0.00583973 0)
(10.7412 0.0108237 0)
(10.7358 0.0187229 0)
(10.7876 0.021035 0)
(10.7804 0.0350223 0)
(10.8312 0.0326263 0)
(10.8278 0.0547917 0)
(10.871 0.0483368 0)
(10.8773 0.0749416 0)
(10.9098 0.0723373 0)
(10.9254 0.0943956 0)
(10.9517 0.103286 0)
(10.9709 0.119469 0)
(10.9957 0.134573 0)
(11.0181 0.156207 0)
(11.0387 0.167257 0)
(11.0692 0.199584 0)
(11.0832 0.210711 0)
(11.1204 0.24446 0)
(11.135 0.26685 0)
(11.1718 0.296317 0)
(11.1907 0.331554 0)
(11.2316 0.360344 0)
(11.2463 0.405799 0)
(11.3002 0.438239 0)
(11.3089 0.492455 0)
(11.3722 0.53222 0)
(11.3821 0.597 0)
(11.4503 0.644223 0)
(11.4646 0.723604 0)
(11.5345 0.784536 0)
(11.5606 0.873772 0)
(11.6227 0.963081 0)
(11.6664 1.06318 0)
(11.7237 1.17758 0)
(11.7688 1.31891 0)
(11.8377 1.43839 0)
(11.8688 1.64226 0)
(11.943 1.78952 0)
(11.9628 2.02444 0)
(12.0249 2.24648 0)
(12.0184 2.50165 0)
(12.0596 2.78908 0)
(12.0096 3.08148 0)
(12.0011 3.41265 0)
(11.8815 3.74024 0)
(9.999 -0.00390764 0)
(10.0044 -0.0142647 0)
(10.0106 -0.0213024 0)
(10.022 -0.0295024 0)
(10.0342 -0.0353328 0)
(10.0516 -0.0403995 0)
(10.069 -0.0437846 0)
(10.0897 -0.0466352 0)
(10.1098 -0.0476596 0)
(10.1305 -0.0502212 0)
(10.1529 -0.049439 0)
(10.1731 -0.0527213 0)
(10.197 -0.0509421 0)
(10.2169 -0.0545324 0)
(10.242 -0.0526113 0)
(10.2621 -0.0549525 0)
(10.288 -0.0541076 0)
(10.3087 -0.0537585 0)
(10.3351 -0.0550515 0)
(10.3567 -0.0515444 0)
(10.3824 -0.0550885 0)
(10.4053 -0.0490185 0)
(10.4297 -0.0537948 0)
(10.4541 -0.0465703 0)
(10.4775 -0.050862 0)
(10.5027 -0.0442096 0)
(10.5257 -0.0462976 0)
(10.5511 -0.0413951 0)
(10.5737 -0.0403258 0)
(10.5997 -0.0375564 0)
(10.6212 -0.0327908 0)
(10.6479 -0.032609 0)
(10.669 -0.0232347 0)
(10.6947 -0.0263385 0)
(10.7169 -0.0119011 0)
(10.7412 -0.0174911 0)
(10.7632 0.000359344 0)
(10.789 -0.0048909 0)
(10.8075 0.0136508 0)
(10.837 0.0109649 0)
(10.8525 0.0299269 0)
(10.8826 0.0289361 0)
(10.8997 0.0505079 0)
(10.9273 0.0497992 0)
(10.9463 0.0746125 0)
(10.9746 0.0758375 0)
(10.9909 0.102206 0)
(11.0243 0.106054 0)
(11.0381 0.13708 0)
(11.0724 0.139277 0)
(11.0908 0.17839 0)
(11.1212 0.182603 0)
(11.1461 0.218574 0)
(11.1749 0.241828 0)
(11.2057 0.263652 0)
(11.2303 0.304605 0)
(11.2768 0.329783 0)
(11.2856 0.367962 0)
(11.3568 0.410364 0)
(11.3529 0.449049 0)
(11.4361 0.500051 0)
(11.4388 0.546286 0)
(11.521 0.614987 0)
(11.5348 0.659136 0)
(11.6209 0.751151 0)
(11.6416 0.814513 0)
(11.7362 0.902211 0)
(11.7598 1.01619 0)
(11.8688 1.10876 0)
(11.8905 1.24591 0)
(12.0145 1.39575 0)
(12.0304 1.54322 0)
(12.1596 1.75643 0)
(12.1766 1.94013 0)
(12.2803 2.21397 0)
(12.301 2.45752 0)
(12.3477 2.77721 0)
(12.3517 3.11142 0)
(12.3284 3.44978 0)
(12.2586 3.86585 0)
(9.99796 -0.00638198 0)
(10.0063 -0.0204358 0)
(10.0109 -0.0317388 0)
(10.0262 -0.043006 0)
(10.0372 -0.0513827 0)
(10.0593 -0.0578828 0)
(10.0748 -0.0626465 0)
(10.1002 -0.0656255 0)
(10.117 -0.0681899 0)
(10.1426 -0.0699815 0)
(10.1604 -0.0712903 0)
(10.1858 -0.0733831 0)
(10.2047 -0.0737847 0)
(10.23 -0.0763515 0)
(10.2504 -0.076063 0)
(10.2753 -0.0777898 0)
(10.2976 -0.0777665 0)
(10.3218 -0.0772984 0)
(10.3459 -0.0787059 0)
(10.3695 -0.0757835 0)
(10.3943 -0.0785075 0)
(10.4179 -0.0740766 0)
(10.4425 -0.0767646 0)
(10.4669 -0.07234 0)
(10.4911 -0.0735308 0)
(10.5158 -0.0702303 0)
(10.5402 -0.0690637 0)
(10.5646 -0.0672197 0)
(10.5891 -0.0633245 0)
(10.6137 -0.0630059 0)
(10.6376 -0.0560339 0)
(10.6625 -0.0572288 0)
(10.6865 -0.0475573 0)
(10.7102 -0.0486067 0)
(10.7356 -0.0390635 0)
(10.7578 -0.0357948 0)
(10.7826 -0.0303875 0)
(10.808 -0.0203004 0)
(10.8262 -0.0176236 0)
(10.8602 -0.00631506 0)
(10.8697 0.00322077 0)
(10.9098 0.00593832 0)
(10.9175 0.0286219 0)
(10.956 0.0248751 0)
(10.9669 0.0501627 0)
(11.0055 0.0562165 0)
(11.0116 0.0697536 0)
(11.0615 0.0928186 0)
(11.0574 0.0989524 0)
(11.114 0.126367 0)
(11.1157 0.140818 0)
(11.1592 0.163569 0)
(11.1817 0.18511 0)
(11.2136 0.215307 0)
(11.2416 0.230164 0)
(11.283 0.276101 0)
(11.3061 0.290978 0)
(11.3531 0.335149 0)
(11.3875 0.373109 0)
(11.4276 0.40448 0)
(11.4767 0.459634 0)
(11.5187 0.505459 0)
(11.5762 0.549967 0)
(11.6203 0.628254 0)
(11.6959 0.676679 0)
(11.7386 0.756233 0)
(11.8269 0.853252 0)
(11.8862 0.915665 0)
(11.9786 1.06144 0)
(12.0483 1.14654 0)
(12.155 1.31637 0)
(12.2449 1.45607 0)
(12.328 1.65269 0)
(12.4556 1.87691 0)
(12.5085 2.10453 0)
(12.635 2.42016 0)
(12.6588 2.71429 0)
(12.7368 3.11005 0)
(12.7025 3.5034 0)
(12.695 3.92465 0)
(9.99832 -0.00944481 0)
(10.0073 -0.0279558 0)
(10.0131 -0.0443243 0)
(10.0314 -0.0586475 0)
(10.0435 -0.0690648 0)
(10.0699 -0.0770809 0)
(10.0852 -0.0816401 0)
(10.1142 -0.0857869 0)
(10.1294 -0.0879838 0)
(10.1581 -0.0907909 0)
(10.1734 -0.092326 0)
(10.202 -0.095384 0)
(10.2177 -0.0954349 0)
(10.247 -0.10012 0)
(10.2639 -0.0972856 0)
(10.2934 -0.103258 0)
(10.3117 -0.0983747 0)
(10.3409 -0.10362 0)
(10.3602 -0.0995629 0)
(10.3897 -0.101884 0)
(10.4082 -0.100538 0)
(10.4395 -0.0992575 0)
(10.4562 -0.100252 0)
(10.4896 -0.096485 0)
(10.5052 -0.0982714 0)
(10.539 -0.0934594 0)
(10.555 -0.0948836 0)
(10.5885 -0.089549 0)
(10.6043 -0.0900325 0)
(10.6391 -0.0847245 0)
(10.6527 -0.0828233 0)
(10.6898 -0.079495 0)
(10.7019 -0.0727175 0)
(10.7383 -0.0731278 0)
(10.753 -0.0612722 0)
(10.7851 -0.0626826 0)
(10.8034 -0.0514708 0)
(10.8347 -0.0455434 0)
(10.8494 -0.0434224 0)
(10.8881 -0.0239824 0)
(10.8938 -0.0317061 0)
(10.9398 -0.00373587 0)
(10.9437 -0.0114057 0)
(10.9854 0.0151608 0)
(10.9985 0.0131903 0)
(11.0323 0.0406293 0)
(11.0492 0.0367185 0)
(11.0892 0.072889 0)
(11.0944 0.0686815 0)
(11.1504 0.0984667 0)
(11.1475 0.119197 0)
(11.2058 0.120808 0)
(11.2114 0.173249 0)
(11.2664 0.16289 0)
(11.274 0.215971 0)
(11.3392 0.22556 0)
(11.3467 0.264316 0)
(11.4069 0.290529 0)
(11.4442 0.33222 0)
(11.4778 0.360333 0)
(11.5456 0.414935 0)
(11.5799 0.442515 0)
(11.644 0.518189 0)
(11.7056 0.536774 0)
(11.7663 0.644368 0)
(11.8428 0.665551 0)
(11.9136 0.779038 0)
(12.0146 0.84985 0)
(12.0787 0.943949 0)
(12.2187 1.07525 0)
(12.2944 1.18129 0)
(12.4325 1.36813 0)
(12.5514 1.51246 0)
(12.6888 1.7539 0)
(12.8048 2.00126 0)
(12.9439 2.27744 0)
(13.0399 2.67631 0)
(13.1447 3.00848 0)
(13.167 3.5437 0)
(13.1756 3.96822 0)
(9.9993 -0.0133992 0)
(10.0082 -0.0379241 0)
(10.0179 -0.0606102 0)
(10.0391 -0.0772889 0)
(10.0557 -0.0901431 0)
(10.0851 -0.0981379 0)
(10.1028 -0.102822 0)
(10.1331 -0.107229 0)
(10.1491 -0.109242 0)
(10.178 -0.11286 0)
(10.1939 -0.114889 0)
(10.2226 -0.118321 0)
(10.2385 -0.119115 0)
(10.2687 -0.12369 0)
(10.2853 -0.121108 0)
(10.3162 -0.127339 0)
(10.334 -0.121935 0)
(10.3641 -0.128291 0)
(10.3833 -0.122857 0)
(10.4132 -0.127212 0)
(10.432 -0.123627 0)
(10.4633 -0.125106 0)
(10.4807 -0.123292 0)
(10.5136 -0.122574 0)
(10.5303 -0.121382 0)
(10.5634 -0.119707 0)
(10.5805 -0.117929 0)
(10.6138 -0.116118 0)
(10.6296 -0.112584 0)
(10.6657 -0.112136 0)
(10.6776 -0.104053 0)
(10.7173 -0.108499 0)
(10.7272 -0.0921452 0)
(10.7653 -0.103285 0)
(10.781 -0.0804784 0)
(10.8094 -0.0912093 0)
(10.8361 -0.073698 0)
(10.8548 -0.069843 0)
(10.887 -0.0694676 0)
(10.9049 -0.0461163 0)
(10.9353 -0.0567934 0)
(10.954 -0.0305273 0)
(10.9889 -0.0287707 0)
(10.997 -0.0219757 0)
(11.0473 0.00608385 0)
(11.044 -0.00598009 0)
(11.0963 0.0348703 0)
(11.1096 0.0233142 0)
(11.1316 0.0638481 0)
(11.1844 0.0519895 0)
(11.1774 0.107547 0)
(11.2449 0.0767904 0)
(11.2483 0.15407 0)
(11.2996 0.124236 0)
(11.3201 0.181224 0)
(11.3787 0.198622 0)
(11.3841 0.212754 0)
(11.4696 0.262046 0)
(11.4713 0.28422 0)
(11.5541 0.309046 0)
(11.5808 0.372941 0)
(11.6606 0.387417 0)
(11.6886 0.442626 0)
(11.8037 0.509181 0)
(11.8154 0.527062 0)
(11.9554 0.636457 0)
(11.9959 0.658307 0)
(12.1195 0.783287 0)
(12.2114 0.833554 0)
(12.3346 0.953254 0)
(12.4763 1.08651 0)
(12.5862 1.18394 0)
(12.7943 1.41306 0)
(12.9058 1.54925 0)
(13.1317 1.87201 0)
(13.2649 2.08908 0)
(13.4717 2.54754 0)
(13.5868 2.91116 0)
(13.6961 3.49398 0)
(13.7752 4.05341 0)
(9.9976 -0.0190591 0)
(10.0132 -0.0516012 0)
(10.0238 -0.0817489 0)
(10.0554 -0.0994985 0)
(10.073 -0.115741 0)
(10.1113 -0.121124 0)
(10.1267 -0.128451 0)
(10.1628 -0.130361 0)
(10.1754 -0.135966 0)
(10.2073 -0.137402 0)
(10.222 -0.143755 0)
(10.2504 -0.144007 0)
(10.2693 -0.14903 0)
(10.2948 -0.149911 0)
(10.3186 -0.150448 0)
(10.3408 -0.15451 0)
(10.3687 -0.150049 0)
(10.3877 -0.156889 0)
(10.4172 -0.14985 0)
(10.4367 -0.156966 0)
(10.4632 -0.149959 0)
(10.4879 -0.155344 0)
(10.5079 -0.149488 0)
(10.5393 -0.152502 0)
(10.5534 -0.148215 0)
(10.5889 -0.148139 0)
(10.6002 -0.146763 0)
(10.6366 -0.141378 0)
(10.648 -0.144876 0)
(10.6823 -0.133364 0)
(10.6973 -0.139299 0)
(10.724 -0.127967 0)
(10.7509 -0.126084 0)
(10.7591 -0.126841 0)
(10.8095 -0.106728 0)
(10.7908 -0.124375 0)
(10.8658 -0.0894873 0)
(10.83 -0.111642 0)
(10.9087 -0.0802142 0)
(10.884 -0.087921 0)
(10.9389 -0.0725739 0)
(10.9441 -0.0636994 0)
(10.973 -0.0553571 0)
(10.9941 -0.0445678 0)
(11.0206 -0.0314321 0)
(11.0392 -0.0185884 0)
(11.066 -0.0158785 0)
(11.1018 0.0236861 0)
(11.0965 -0.0058334 0)
(11.1783 0.0663012 0)
(11.136 0.0247108 0)
(11.2409 0.0903559 0)
(11.2055 0.0777704 0)
(11.2974 0.113503 0)
(11.2776 0.12793 0)
(11.3807 0.159597 0)
(11.3459 0.163707 0)
(11.4719 0.229367 0)
(11.4513 0.198041 0)
(11.5454 0.303886 0)
(11.5976 0.257223 0)
(11.6292 0.372287 0)
(11.7561 0.337121 0)
(11.7527 0.453202 0)
(11.9304 0.440723 0)
(11.9063 0.53305 0)
(12.1383 0.592373 0)
(12.1124 0.637458 0)
(12.356 0.739245 0)
(12.3941 0.815526 0)
(12.6396 0.928312 0)
(12.7215 1.0347 0)
(13.0055 1.19663 0)
(13.1501 1.38288 0)
(13.4133 1.58165 0)
(13.6657 1.90449 0)
(13.8807 2.24707 0)
(14.1824 2.77725 0)
(14.2307 3.27173 0)
(14.5545 4.1057 0)
(9.99322 -0.0266628 0)
(10.0249 -0.069036 0)
(10.0344 -0.100764 0)
(10.0841 -0.116002 0)
(10.0989 -0.127841 0)
(10.1502 -0.130373 0)
(10.158 -0.135967 0)
(10.2021 -0.139054 0)
(10.2052 -0.144575 0)
(10.2428 -0.148728 0)
(10.2495 -0.154024 0)
(10.2807 -0.156548 0)
(10.2936 -0.159963 0)
(10.3182 -0.162442 0)
(10.3363 -0.162131 0)
(10.3558 -0.167021 0)
(10.3755 -0.163382 0)
(10.3928 -0.169377 0)
(10.4097 -0.165076 0)
(10.4301 -0.169696 0)
(10.4385 -0.166082 0)
(10.4675 -0.169207 0)
(10.4641 -0.165397 0)
(10.5023 -0.167831 0)
(10.489 -0.163793 0)
(10.5322 -0.164516 0)
(10.5146 -0.161815 0)
(10.5557 -0.159283 0)
(10.5429 -0.157926 0)
(10.5702 -0.154564 0)
(10.5771 -0.148282 0)
(10.5741 -0.154198 0)
(10.6168 -0.129754 0)
(10.5728 -0.158428 0)
(10.653 -0.10576 0)
(10.58 -0.159626 0)
(10.6712 -0.0863124 0)
(10.6096 -0.147939 0)
(10.6645 -0.0772988 0)
(10.6602 -0.123594 0)
(10.647 -0.0712226 0)
(10.7117 -0.0983614 0)
(10.6416 -0.0561621 0)
(10.7509 -0.0780054 0)
(10.6507 -0.0355401 0)
(10.7911 -0.051103 0)
(10.6578 -0.02132 0)
(10.8458 -0.0140821 0)
(10.669 -0.00291916 0)
(10.897 0.0114191 0)
(10.7172 0.0417822 0)
(10.9184 0.0129919 0)
(10.8111 0.109205 0)
(10.9366 0.0148565 0)
(10.9054 0.165912 0)
(11.0037 0.0499956 0)
(10.9767 0.19215 0)
(11.113 0.119118 0)
(11.07 0.219667 0)
(11.2207 0.163647 0)
(11.219 0.305456 0)
(11.339 0.181783 0)
(11.3765 0.391675 0)
(11.5448 0.25832 0)
(11.52 0.457718 0)
(11.7956 0.330628 0)
(11.7637 0.587362 0)
(12.0263 0.436886 0)
(12.0723 0.652122 0)
(12.3798 0.663545 0)
(12.4253 0.746485 0)
(12.7895 0.88247 0)
(12.9429 0.968903 0)
(13.3159 1.16775 0)
(13.5351 1.2984 0)
(14.0508 1.60216 0)
(14.2934 1.94553 0)
(14.83 2.40169 0)
(15.1045 3.17685 0)
(15.4283 4.02115 0)
(9.99277 -0.062249 0)
(10.0405 -0.13571 0)
(10.0607 -0.175347 0)
(10.1146 -0.182771 0)
(10.1228 -0.188148 0)
(10.161 -0.18401 0)
(10.1494 -0.189859 0)
(10.1726 -0.189511 0)
(10.1502 -0.197286 0)
(10.1651 -0.195875 0)
(10.1404 -0.202824 0)
(10.1476 -0.197795 0)
(10.1222 -0.203946 0)
(10.1204 -0.196993 0)
(10.0949 -0.202716 0)
(10.0841 -0.195181 0)
(10.0583 -0.2016 0)
(10.0397 -0.191958 0)
(10.0122 -0.200688 0)
(9.989 -0.187718 0)
(9.95731 -0.198398 0)
(9.93336 -0.183605 0)
(9.89567 -0.194048 0)
(9.8723 -0.179272 0)
(9.82982 -0.188915 0)
(9.80508 -0.173273 0)
(9.76235 -0.183782 0)
(9.73074 -0.165447 0)
(9.69704 -0.1777 0)
(9.64685 -0.156834 0)
(9.63915 -0.169603 0)
(9.55137 -0.147746 0)
(9.59145 -0.159781 0)
(9.44803 -0.1369 0)
(9.54884 -0.150056 0)
(9.34945 -0.122149 0)
(9.4988 -0.141969 0)
(9.27171 -0.103592 0)
(9.43172 -0.132875 0)
(9.22139 -0.0858804 0)
(9.35319 -0.117772 0)
(9.18895 -0.0713995 0)
(9.28154 -0.0992773 0)
(9.1616 -0.0523159 0)
(9.22699 -0.0886676 0)
(9.14176 -0.0181567 0)
(9.18893 -0.0889603 0)
(9.12948 0.022296 0)
(9.18344 -0.0812595 0)
(9.10193 0.0492775 0)
(9.2397 -0.0577396 0)
(9.04631 0.0713629 0)
(9.36447 -0.0371724 0)
(8.98212 0.106462 0)
(9.5147 -0.019675 0)
(8.98707 0.134514 0)
(9.61186 0.0182657 0)
(9.11818 0.155221 0)
(9.67271 0.0519525 0)
(9.28605 0.203669 0)
(9.83952 0.0663795 0)
(9.42198 0.27218 0)
(10.0629 0.0746217 0)
(9.66767 0.374983 0)
(10.2683 0.0611324 0)
(9.93286 0.470641 0)
(10.7126 0.130002 0)
(10.1118 0.517642 0)
(11.2134 0.254642 0)
(10.5748 0.559145 0)
(11.5873 0.399827 0)
(11.2523 0.633907 0)
(12.1327 0.551424 0)
(12.1097 0.814436 0)
(12.8478 0.768006 0)
(13.2552 1.06345 0)
(14.0089 1.27557 0)
(14.6834 1.59815 0)
(15.5673 2.33454 0)
(16.3291 3.24685 0)
(9.89894 -0.0454698 0)
(9.80906 -0.0986991 0)
(9.69652 -0.120898 0)
(9.57331 -0.125892 0)
(9.41427 -0.124275 0)
(9.25664 -0.123693 0)
(9.07674 -0.123601 0)
(8.91399 -0.125991 0)
(8.73284 -0.12621 0)
(8.57518 -0.127603 0)
(8.39653 -0.126041 0)
(8.24299 -0.125551 0)
(8.06543 -0.122878 0)
(7.91515 -0.121635 0)
(7.7391 -0.118477 0)
(7.59271 -0.117416 0)
(7.41857 -0.113839 0)
(7.27675 -0.112879 0)
(7.105 -0.109014 0)
(6.96891 -0.107821 0)
(6.7998 -0.103891 0)
(6.67103 -0.102305 0)
(6.50411 -0.0983853 0)
(6.38417 -0.0963834 0)
(6.21899 -0.0925478 0)
(6.10925 -0.0899121 0)
(5.94624 -0.0864149 0)
(5.84722 -0.0829814 0)
(5.6883 -0.0797515 0)
(5.59817 -0.0760339 0)
(5.44829 -0.0719251 0)
(5.36186 -0.0696009 0)
(5.22919 -0.0623603 0)
(5.13939 -0.0637164 0)
(5.03161 -0.0515994 0)
(4.93518 -0.0571676 0)
(4.85288 -0.0418052 0)
(4.75591 -0.0476153 0)
(4.69058 -0.0351834 0)
(4.60431 -0.0338875 0)
(4.55033 -0.0312235 0)
(4.47178 -0.019345 0)
(4.44813 -0.0239636 0)
(4.34638 -0.012426 0)
(4.39127 -0.00677384 0)
(4.23722 -0.014462 0)
(4.35929 0.0139079 0)
(4.17083 -0.0140925 0)
(4.34132 0.0244204 0)
(4.14024 -0.00268915 0)
(4.36883 0.0353551 0)
(4.10745 -0.000951746 0)
(4.47357 0.0593737 0)
(4.06265 -0.00912495 0)
(4.65384 0.0948378 0)
(4.02885 -0.0302374 0)
(4.8708 0.143416 0)
(4.07321 -0.04095 0)
(5.0857 0.152789 0)
(4.16326 -0.00732576 0)
(5.42866 0.189811 0)
(4.18283 -0.10156 0)
(5.86172 0.394121 0)
(4.41824 -0.231877 0)
(6.11874 0.431788 0)
(4.83325 -0.119909 0)
(6.63453 0.4447 0)
(4.95954 -0.271295 0)
(7.49799 0.830101 0)
(5.37999 -0.5242 0)
(8.03896 1.02454 0)
(6.34878 -0.423581 0)
(8.59752 1.02302 0)
(7.45395 -0.287068 0)
(9.6637 1.12787 0)
(8.60163 -0.271233 0)
(11.4658 1.64845 0)
(10.3251 -0.369289 0)
(14.1668 2.61261 0)
(13.6757 0.310028 0)
(-0.13644 -0.170955 0)
(-0.20762 -0.062144 0)
(-0.395013 0.0801253 0)
(-0.471218 0.109174 0)
(-0.452468 0.0828009 0)
(-0.381817 -0.00358295 0)
(-0.244907 -0.0380361 0)
(-0.122267 -0.018287 0)
(-0.064188 -0.0201939 0)
(0.098768 -0.0702911 0)
(0.113279 -0.119753 0)
(-0.105242 0.197037 0)
(-1.07875 0.611376 0)
(-2.10554 0.433854 0)
(-2.21343 0.075422 0)
(-2.14187 -0.0454027 0)
(-1.90844 -0.125921 0)
(-1.46753 -0.203081 0)
(-1.05155 -0.247707 0)
(-0.0832359 -0.301083 0)
(-0.315689 0.44315 0)
(-0.229885 0.362514 0)
(-0.372058 0.18555 0)
(-0.602332 -0.0715161 0)
(-0.718246 -0.17889 0)
(-0.661197 -0.228564 0)
(-0.458561 -0.261024 0)
(-0.21843 -0.170659 0)
(-0.124035 -0.214905 0)
(-0.168912 -0.172558 0)
(-0.450556 0.354947 0)
(-1.3127 0.971876 0)
(-2.09622 1.18495 0)
(-2.51052 0.657902 0)
(-2.51929 0.0731103 0)
(-2.44029 -0.259818 0)
(-2.17839 -0.541737 0)
(-1.70243 -0.779185 0)
(-1.27011 -1.12432 0)
(0.140177 -0.872005 0)
(-0.699999 -0.362873 0)
(-0.958016 -0.0850198 0)
(-0.953702 0.478007 0)
(-1.02666 0.479771 0)
(-1.04752 0.283449 0)
(-0.988148 -0.18535 0)
(-0.918377 -0.431728 0)
(-0.70167 -0.299769 0)
(-0.539135 -0.040125 0)
(-0.77878 0.275423 0)
(-1.1368 1.05622 0)
(-1.44741 1.79627 0)
(-1.82949 1.65792 0)
(-1.94871 0.907733 0)
(-2.06033 0.128856 0)
(-2.01224 -0.424978 0)
(-1.84598 -0.836384 0)
(-1.52176 -1.28762 0)
(-1.11707 -2.07319 0)
(-0.0312043 -1.49384 0)
(2.60286 1.06894 0)
(0.911925 0.718935 0)
(-0.233061 0.370427 0)
(-0.750572 -0.0792739 0)
(-1.48317 -0.329233 0)
(-1.43895 -0.496237 0)
(-1.41392 -0.592503 0)
(-1.03146 -0.532501 0)
(-0.797489 -0.188062 0)
(-0.587949 0.456902 0)
(-0.753839 1.13064 0)
(-0.922628 1.63971 0)
(-1.08924 1.58608 0)
(-1.23516 0.990464 0)
(-1.31811 0.209498 0)
(-1.39013 -0.433152 0)
(-1.3478 -0.964334 0)
(-1.22434 -1.54028 0)
(-0.939781 -2.63549 0)
(-0.237017 -2.0611 0)
(6.39347 2.19974 0)
(5.28678 2.12807 0)
(4.28926 2.06131 0)
(3.41711 1.58293 0)
(1.93436 1.3116 0)
(0.781797 0.00202695 0)
(-0.614375 -1.15545 0)
(-1.03987 -1.00754 0)
(-0.682524 -0.444702 0)
(-0.412237 0.240443 0)
(-0.146271 1.19713 0)
(-0.0270803 2.01275 0)
(0.0315656 2.12741 0)
(0.0713168 1.39179 0)
(-0.00311026 0.425116 0)
(-0.499206 -0.532933 0)
(-0.764719 -1.15188 0)
(-0.856291 -1.72528 0)
(-0.836886 -2.99534 0)
(-0.413905 -2.72505 0)
(8.53379 2.74306 0)
(8.16114 2.99042 0)
(7.20556 2.7187 0)
(6.72389 2.63241 0)
(5.59537 2.25086 0)
(4.61638 1.57526 0)
(3.8151 1.5488 0)
(1.65815 -0.162504 0)
(0.309754 -0.914288 0)
(0.310518 -0.0406613 0)
(0.570449 0.864693 0)
(0.896724 1.46473 0)
(1.16155 1.46925 0)
(1.13149 1.08898 0)
(0.302384 0.83894 0)
(0.0618947 0.396778 0)
(0.106794 -0.287049 0)
(-0.103605 -1.05649 0)
(-0.676325 -2.85069 0)
(-0.502904 -3.47969 0)
(9.84522 3.20249 0)
(9.55399 3.3431 0)
(9.09999 3.39698 0)
(8.60498 3.21068 0)
(7.87263 3.09299 0)
(7.26913 2.72966 0)
(5.87501 1.95085 0)
(5.1862 1.91783 0)
(3.44501 1.04105 0)
(1.5253 -0.0627471 0)
(1.45045 0.48527 0)
(1.58402 1.49413 0)
(1.9269 2.02214 0)
(1.61394 1.98278 0)
(1.39599 1.38856 0)
(2.20549 -0.340936 0)
(1.11132 -1.453 0)
(-0.0874428 -1.5782 0)
(-0.701416 -2.86342 0)
(-0.496176 -4.18611 0)
(10.5314 3.48646 0)
(10.3533 3.60744 0)
(9.9779 3.71531 0)
(9.78063 3.80448 0)
(9.09334 3.54857 0)
(8.7142 3.5854 0)
(7.73929 3.09631 0)
(6.81311 2.70274 0)
(5.79458 2.5056 0)
(4.41026 1.88071 0)
(2.79017 0.717709 0)
(2.87748 0.559727 0)
(3.05322 1.11607 0)
(3.37102 1.87847 0)
(3.51247 0.887808 0)
(4.22501 0.695973 0)
(2.49627 2.21301 0)
(1.51417 1.33829 0)
(0.793487 -1.53022 0)
(0.2555 -4.21937 0)
(10.8651 3.63731 0)
(10.8184 3.85685 0)
(10.4657 3.9649 0)
(10.3282 4.11353 0)
(9.86334 4.1667 0)
(9.41086 3.98667 0)
(8.89332 4.08322 0)
(7.91516 3.58424 0)
(7.14851 3.40971 0)
(6.1915 3.1226 0)
(4.61978 2.30542 0)
(2.54088 1.62917 0)
(2.44451 1.7162 0)
(1.99868 1.53887 0)
(1.87271 0.508894 0)
(1.38116 0.112637 0)
(1.1176 0.353322 0)
(2.22416 -0.307384 0)
(2.35522 -1.86793 0)
(1.66047 -4.35594 0)
(11.1872 3.77064 0)
(11.0528 4.02939 0)
(10.8616 4.25268 0)
(10.552 4.3838 0)
(10.3784 4.58778 0)
(9.76675 4.56568 0)
(9.4515 4.56308 0)
(8.74528 4.59298 0)
(7.75043 4.08642 0)
(7.29454 4.14323 0)
(6.57033 3.32065 0)
(6.0386 1.99373 0)
(5.67539 1.69366 0)
(6.16602 2.665 0)
(6.06254 2.07602 0)
(5.57535 1.93323 0)
(5.45205 2.01842 0)
(5.56707 0.694944 0)
(6.24061 0.186077 0)
(4.804 0.762454 0)
(11.4947 3.93083 0)
(11.2912 4.2072 0)
(11.1533 4.50574 0)
(10.8198 4.71222 0)
(10.5771 4.91706 0)
(10.1876 5.10829 0)
(9.58108 5.07958 0)
(9.28677 5.1981 0)
(8.32485 5.0349 0)
(7.24695 4.74343 0)
(6.18452 5.33005 0)
(3.53671 3.53061 0)
(0.164412 0.965626 0)
(0.589805 1.37139 0)
(-0.202668 0.47186 0)
(1.05182 0.0106029 0)
(0.753452 -1.15249 0)
(0.562882 -1.30818 0)
(-0.109077 0.418624 0)
(0.654575 3.75022 0)
(11.816 4.08434 0)
(11.5886 4.42388 0)
(11.4263 4.74219 0)
(11.1244 5.06123 0)
(10.7686 5.29276 0)
(10.4557 5.52404 0)
(9.83604 5.70959 0)
(9.29514 5.77107 0)
(8.93856 5.86076 0)
(8.29977 5.1848 0)
(8.11964 5.22962 0)
(8.0693 5.26724 0)
(7.36739 4.5785 0)
(6.43908 3.7548 0)
(5.57014 1.97882 0)
(3.90432 1.59937 0)
(3.65374 2.33748 0)
(2.32732 1.41561 0)
(0.537096 0.821715 0)
(-0.526959 2.53773 0)
(12.1501 4.21909 0)
(11.975 4.65989 0)
(11.727 5.01937 0)
(11.4703 5.36756 0)
(11.0184 5.76322 0)
(10.6729 5.94383 0)
(10.1557 6.15756 0)
(9.4535 6.39354 0)
(8.47056 6.86823 0)
(7.36821 7.13174 0)
(5.64232 7.00689 0)
(3.86287 6.13209 0)
(2.98163 4.43402 0)
(3.04457 3.39566 0)
(2.62581 2.86667 0)
(1.16556 1.72379 0)
(0.835935 0.953911 0)
(0.165113 2.10036 0)
(0.0442538 3.03317 0)
(-0.8846 3.06467 0)
(12.563 4.43575 0)
(12.4045 4.8213 0)
(12.1353 5.40298 0)
(11.8256 5.72812 0)
(11.3807 6.16268 0)
(10.9268 6.61112 0)
(10.3131 6.77161 0)
(10.1688 6.64034 0)
(9.81563 6.5781 0)
(9.69491 6.50507 0)
(9.73813 7.12885 0)
(8.26369 7.04275 0)
(5.7404 5.45884 0)
(3.24346 3.74872 0)
(1.6274 3.33628 0)
(0.596093 3.19332 0)
(-0.648009 2.67954 0)
(-1.59686 1.82363 0)
(-0.874876 2.15357 0)
(-0.807072 1.91342 0)
(13.0634 4.60404 0)
(12.9398 5.09696 0)
(12.5822 5.62785 0)
(12.3382 6.26262 0)
(11.6733 6.53088 0)
(11.3314 7.03464 0)
(10.2555 7.74511 0)
(9.08065 8.31961 0)
(7.78271 8.85435 0)
(5.88953 8.33382 0)
(6.13555 8.22789 0)
(7.04484 9.18784 0)
(6.38778 8.4455 0)
(4.319 6.63782 0)
(2.00641 5.09145 0)
(0.687225 4.18677 0)
(-0.461163 3.39554 0)
(-1.30762 2.64658 0)
(-1.28928 2.29286 0)
(-0.697165 1.09039 0)
(13.655 4.68814 0)
(13.5885 5.48714 0)
(13.1399 6.04773 0)
(12.9156 6.73707 0)
(12.2471 7.29234 0)
(11.8256 7.28928 0)
(11.7713 7.39922 0)
(11.4769 7.42299 0)
(11.5068 8.17301 0)
(10.0349 8.50869 0)
(7.89014 7.86451 0)
(6.84787 8.43249 0)
(6.57617 9.23432 0)
(5.28448 8.48415 0)
(3.20527 7.22446 0)
(1.63053 5.88548 0)
(0.291094 4.40415 0)
(-0.852261 2.84748 0)
(-1.13637 1.47785 0)
(-0.18129 -0.291509 0)
(14.307 4.75028 0)
(14.3723 5.64734 0)
(13.8156 6.51087 0)
(13.3401 7.20872 0)
(12.6742 8.29008 0)
(11.1572 9.27449 0)
(9.57936 9.94049 0)
(7.83537 9.79866 0)
(8.13776 9.71396 0)
(9.06788 10.4337 0)
(8.56176 9.95489 0)
(7.15836 9.44784 0)
(6.61486 9.93915 0)
(6.02399 9.8938 0)
(4.35923 8.70644 0)
(2.8639 7.13619 0)
(1.50904 5.69448 0)
(0.438141 3.96583 0)
(-0.0430411 1.72399 0)
(-0.014109 -0.408037 0)
(15.5101 5.24672 0)
(15.2034 6.03466 0)
(14.9511 6.92714 0)
(14.1593 7.30266 0)
(14.2938 7.61891 0)
(14.3636 8.30355 0)
(13.9592 9.17083 0)
(11.9118 9.48005 0)
(9.35778 9.01687 0)
(8.39548 9.78168 0)
(8.57437 10.6075 0)
(7.67817 10.2676 0)
(6.77304 10.3582 0)
(6.35165 10.6602 0)
(5.16242 10.274 0)
(3.70693 8.85079 0)
(2.38748 7.03919 0)
(1.35567 5.01945 0)
(0.747779 2.28826 0)
(0.200069 -0.175285 0)
(16.8748 5.36703 0)
(16.5034 7.23799 0)
(15.6366 8.48142 0)
(13.903 9.7375 0)
(11.4379 10.5443 0)
(10.0549 10.7071 0)
(10.8495 11.3354 0)
(11.5002 12.0321 0)
(10.4034 11.2439 0)
(8.49745 10.4361 0)
(8.10602 10.9706 0)
(7.75063 11.3223 0)
(6.93423 11.1235 0)
(6.54296 11.1831 0)
(5.84149 10.9789 0)
(4.85467 9.9764 0)
(3.52179 8.34587 0)
(2.37367 5.91017 0)
(1.33352 2.94133 0)
(0.514164 0.321759 0)
(17.3033 4.51569 0)
(17.8756 5.62681 0)
(19.0047 7.47057 0)
(19.3697 9.04857 0)
(18.0247 10.6323 0)
(14.4385 10.9476 0)
(10.9252 10.3441 0)
(10.2691 11.5318 0)
(10.4952 12.4285 0)
(9.09245 11.7618 0)
(7.96741 11.2856 0)
(7.5754 11.6754 0)
(7.00206 11.9625 0)
(6.47929 11.9749 0)
(6.02185 11.9183 0)
(5.33703 11.0653 0)
(4.23309 9.49594 0)
(2.93245 7.15049 0)
(1.74032 3.90719 0)
(0.675847 1.67138 0)
(7.15017 4.73191 0)
(6.01791 5.80039 0)
(9.70547 6.87813 0)
(15.0809 10.6247 0)
(17.4756 13.4317 0)
(16.3557 14.5213 0)
(12.8288 13.3066 0)
(9.81559 12.0911 0)
(9.81936 12.7824 0)
(9.48283 13.0435 0)
(8.23967 12.3419 0)
(7.40929 12.0507 0)
(7.03113 12.2041 0)
(6.54447 12.425 0)
(6.08517 12.4906 0)
(5.58677 11.9904 0)
(4.59642 10.696 0)
(3.46474 8.33672 0)
(2.04586 5.581 0)
(0.485131 2.56926 0)
(0.910602 -3.65326 0)
(2.41743 -1.51256 0)
(5.85394 0.0392901 0)
(9.36998 5.48327 0)
(14.4123 11.7627 0)
(15.6108 15.3899 0)
(13.6271 15.5806 0)
(10.2632 13.8115 0)
(8.95897 13.1746 0)
(9.02902 13.6678 0)
(8.44761 13.4168 0)
(7.31117 12.8218 0)
(6.7851 12.5838 0)
(6.34287 12.5554 0)
(6.06619 12.6993 0)
(5.65711 12.407 0)
(4.92255 11.4341 0)
(3.71332 9.6041 0)
(2.39114 6.65752 0)
(0.841969 4.03968 0)
(1.18448 0.201254 0)
(3.29523 -0.877234 0)
(2.90343 -2.1957 0)
(6.33467 2.22207 0)
(9.95916 9.13103 0)
(12.5305 14.6081 0)
(12.8536 17.1004 0)
(10.3965 15.9894 0)
(8.46593 14.1922 0)
(8.28387 14.1009 0)
(8.2145 14.1292 0)
(7.23627 13.7057 0)
(6.45047 13.305 0)
(5.86308 13.1643 0)
(5.57971 13.1748 0)
(5.3758 13.0857 0)
(4.88275 12.4238 0)
(4.02145 10.7543 0)
(2.50214 8.46674 0)
(0.732067 5.55167 0)
(-2.17113 -5.7783 0)
(1.96794 -3.10712 0)
(-0.785079 -4.26238 0)
(4.90177 1.77725 0)
(3.94001 4.97897 0)
(9.61827 13.4892 0)
(10.263 16.5104 0)
(9.73523 17.0147 0)
(8.16161 15.3689 0)
(7.60925 14.6526 0)
(7.93525 14.7346 0)
(7.34217 14.3484 0)
(6.54135 13.7365 0)
(5.69583 13.3651 0)
(5.25803 13.441 0)
(4.92881 13.4985 0)
(4.52527 13.1262 0)
(3.56996 12.0028 0)
(2.35744 9.58041 0)
(0.815928 7.01545 0)
(-2.10779 -0.445661 0)
(-3.12353 -4.19241 0)
(-3.85469 -4.35784 0)
(-1.81747 -1.58526 0)
(1.02768 5.58743 0)
(1.88381 9.20534 0)
(8.35018 17.1707 0)
(7.71665 17.4131 0)
(7.02312 15.723 0)
(6.52099 14.4831 0)
(7.21167 14.9506 0)
(7.16604 15.2964 0)
(6.52638 14.8537 0)
(5.6778 14.2051 0)
(5.00138 13.8759 0)
(4.57987 13.9427 0)
(4.16253 13.845 0)
(3.55404 12.9026 0)
(2.28739 11.2696 0)
(0.590379 8.68546 0)
(-0.969123 0.425104 0)
(-3.70639 -1.59057 0)
(-6.83418 -4.9143 0)
(-6.88495 -2.12254 0)
(-3.35305 3.08605 0)
(-1.84394 6.41965 0)
(3.31539 12.9011 0)
(7.17325 18.1091 0)
(6.66243 16.907 0)
(5.70525 14.7049 0)
(6.01656 14.1429 0)
(6.57143 15.0267 0)
(6.46876 15.3217 0)
(5.76342 14.9656 0)
(5.03364 14.5749 0)
(4.33931 14.3472 0)
(3.80851 14.3248 0)
(3.00009 13.9283 0)
(1.96379 12.2446 0)
(0.658065 9.78373 0)
(-1.01095 3.31887 0)
(-3.19187 0.408303 0)
(-5.88191 -2.34089 0)
(-7.85501 -2.98074 0)
(-6.67702 -0.736087 0)
(-4.63769 1.97074 0)
(-0.558268 7.69053 0)
(4.51152 14.9016 0)
(7.07303 17.4563 0)
(6.51656 16.028 0)
(5.79604 14.5149 0)
(5.6738 14.6974 0)
(5.96709 15.5702 0)
(5.68214 15.6761 0)
(4.95428 15.3198 0)
(4.14116 15.0585 0)
(3.48844 15.0667 0)
(3.06097 14.6847 0)
(2.06757 13.6856 0)
(0.462481 11.4877 0)
(-0.687451 4.90616 0)
(-2.19067 2.75929 0)
(-3.87837 0.0592311 0)
(-5.14838 -1.44943 0)
(-6.09208 -1.25436 0)
(-5.14782 0.150738 0)
(-3.12698 3.21703 0)
(0.659499 8.63163 0)
(6.21958 15.2013 0)
(7.69475 16.6409 0)
(7.06211 15.3954 0)
(5.92124 14.7347 0)
(5.59332 15.3477 0)
(5.50409 16.1247 0)
(5.04283 16.1439 0)
(4.21161 15.7456 0)
(3.44847 15.7102 0)
(2.64592 15.6353 0)
(1.65442 14.5603 0)
(0.505997 12.0711 0)
(-0.479572 5.95392 0)
(-1.46893 3.88472 0)
(-2.65683 0.876108 0)
(-2.29926 -0.26568 0)
(-3.50318 -1.17219 0)
(-2.73204 -0.371923 0)
(-2.75691 0.677548 0)
(0.283501 4.78575 0)
(3.21782 9.39858 0)
(7.44912 15.2445 0)
(8.37987 16.3289 0)
(7.12658 15.646 0)
(5.97895 15.6455 0)
(5.43173 16.3409 0)
(4.95902 16.7766 0)
(4.04369 16.6486 0)
(3.14629 16.5937 0)
(2.68826 16.4429 0)
(1.82248 15.8367 0)
(0.432076 13.8443 0)
(-0.3625 6.77233 0)
(-0.229288 4.6976 0)
(-1.53025 1.24048 0)
(-0.821171 -0.283684 0)
(-0.472964 -0.869274 0)
(-0.302518 -0.411788 0)
(0.277206 -0.0296301 0)
(1.47413 2.84534 0)
(3.09456 6.14525 0)
(6.09025 11.9371 0)
(8.66086 16.107 0)
(8.34048 16.9024 0)
(6.74725 16.5146 0)
(5.65088 16.9393 0)
(5.04892 17.4098 0)
(4.28287 17.315 0)
(3.38566 17.3015 0)
(2.52845 17.2949 0)
(1.50787 16.7037 0)
(0.333556 14.1165 0)
(-0.227929 6.60137 0)
(0.844947 5.15155 0)
(0.0114884 1.76403 0)
(0.459325 -1.34384 0)
(1.901 -1.53066 0)
(2.14051 -1.38978 0)
(3.34218 -0.400917 0)
(3.18419 0.732675 0)
(4.94095 4.93921 0)
(5.60026 9.19911 0)
(8.30829 14.8108 0)
(9.0209 17.5901 0)
(7.69785 17.8585 0)
(6.03658 17.778 0)
(5.11372 18.2613 0)
(4.09843 18.357 0)
(3.05533 18.2605 0)
(2.38758 18.1767 0)
(1.5286 17.7462 0)
(0.489003 15.7513 0)
(0.104978 5.84626 0)
(1.24605 4.83581 0)
(1.58408 1.65132 0)
(2.45743 -2.30351 0)
(4.01584 -2.41823 0)
(4.56868 -2.09909 0)
(5.63311 -0.457241 0)
(5.43884 0.323548 0)
(6.67443 4.04041 0)
(6.59597 8.13437 0)
(7.85571 13.5488 0)
(9.12177 17.9477 0)
(8.24049 19.1651 0)
(6.38103 19.1379 0)
(5.12314 19.1292 0)
(4.26877 19.0963 0)
(3.36618 19.0914 0)
(2.53167 19.0577 0)
(1.49409 18.8127 0)
(0.190307 16.1293 0)
(0.717424 4.86863 0)
(1.11446 3.81919 0)
(2.76868 0.520098 0)
(4.6395 -3.43289 0)
(6.02183 -3.93627 0)
(6.61684 -2.78174 0)
(7.29157 -1.1667 0)
(7.22167 0.0692467 0)
(7.78971 3.45551 0)
(7.95615 7.86849 0)
(7.84527 12.6543 0)
(8.8981 17.8748 0)
(8.54143 20.3081 0)
(6.71056 20.4572 0)
(5.22751 20.4966 0)
(4.05671 20.442 0)
(2.9498 20.223 0)
(2.07419 20.003 0)
(1.20834 19.548 0)
(0.526027 17.3043 0)
(0.797331 4.0135 0)
(0.992363 2.91817 0)
(4.00514 -1.62375 0)
(6.30573 -5.02202 0)
(7.61442 -5.24223 0)
(8.00604 -3.5895 0)
(8.39088 -1.58656 0)
(8.59547 -0.00698455 0)
(8.44159 3.13937 0)
(8.68325 8.1879 0)
(7.9361 12.8352 0)
(8.40602 18.1507 0)
(8.25597 21.3359 0)
(6.52884 21.875 0)
(4.92405 21.4476 0)
(3.96217 21.1713 0)
(3.07586 21.0204 0)
(2.30639 20.9106 0)
(1.3968 20.817 0)
(0.104269 18.0739 0)
(-0.239841 3.15846 0)
(2.04148 -0.0944411 0)
(5.24887 -4.47203 0)
(7.19015 -6.41613 0)
(8.12918 -5.87166 0)
(8.5717 -3.7292 0)
(8.59512 -1.93267 0)
(9.05692 0.122151 0)
(8.82734 3.16875 0)
(8.87407 8.33906 0)
(7.8259 13.1735 0)
(7.74989 18.5332 0)
(7.67094 22.3434 0)
(6.20447 23.2502 0)
(4.73079 23.0821 0)
(3.6242 22.6906 0)
(2.59605 22.2297 0)
(1.66362 21.7855 0)
(0.856731 21.2547 0)
(0.438382 18.5901 0)
(-0.809966 2.39977 0)
(3.95911 -4.24921 0)
(5.98439 -7.19656 0)
(7.56518 -7.65817 0)
(7.90368 -6.40255 0)
(8.48351 -4.08335 0)
(8.34728 -2.45627 0)
(8.65256 0.00196518 0)
(8.42806 3.61734 0)
(8.31928 8.83636 0)
(7.25407 13.8065 0)
(6.84692 19.0823 0)
(6.73026 23.166 0)
(5.34126 24.3967 0)
(3.91141 23.8985 0)
(3.10809 23.3092 0)
(2.34455 22.8582 0)
(1.73241 22.5755 0)
(1.10943 22.4651 0)
(0.0675061 19.6254 0)
(0.95492 0.634438 0)
(4.41089 -6.45018 0)
(6.14386 -8.63873 0)
(7.46975 -8.37213 0)
(7.54131 -6.494 0)
(8.05488 -4.12247 0)
(7.77691 -2.43002 0)
(7.93647 0.27277 0)
(7.5752 4.31591 0)
(7.19177 9.57336 0)
(6.16393 14.4954 0)
(5.63669 19.7191 0)
(5.48392 23.9756 0)
(4.37663 25.3982 0)
(3.30103 25.2544 0)
(2.54944 24.6352 0)
(1.80047 23.9549 0)
(1.07363 23.348 0)
(0.46586 22.7276 0)
(0.183137 19.5744 0)
(2.32252 -3.33478 0)
(4.16849 -8.5298 0)
(5.54018 -9.67895 0)
(6.57016 -8.79731 0)
(6.65722 -6.76169 0)
(7.22256 -4.54238 0)
(6.72173 -2.89028 0)
(6.85069 0.450647 0)
(6.35748 5.03936 0)
(5.64867 10.4371 0)
(4.62814 15.4337 0)
(4.12588 20.4332 0)
(4.01248 24.5884 0)
(3.05936 26.1362 0)
(2.17213 25.6932 0)
(1.70905 24.9073 0)
(1.18966 24.2194 0)
(0.848585 23.7457 0)
(0.576397 23.5069 0)
(0.0100131 20.4944 0)
(1.41111 -6.67002 0)
(3.38969 -10.9897 0)
(4.71771 -11.0583 0)
(5.33977 -9.33092 0)
(5.37022 -6.75622 0)
(5.81071 -4.50262 0)
(5.27722 -2.58813 0)
(5.43528 0.950168 0)
(4.8478 5.74613 0)
(4.0259 11.047 0)
(3.01802 15.9909 0)
(2.52557 21.0323 0)
(2.36341 25.1145 0)
(1.6895 26.5738 0)
(1.21814 26.3874 0)
(0.988107 25.6818 0)
(0.666715 24.9469 0)
(0.339409 24.346 0)
(0.0673673 23.649 0)
(-0.161803 20.0694 0)
(1.13968 -8.63308 0)
(2.94642 -12.098 0)
(4.05011 -11.4902 0)
(4.72508 -9.28866 0)
(4.44245 -6.79135 0)
(4.60626 -4.64545 0)
(3.86314 -2.55209 0)
(3.86727 1.62393 0)
(3.09417 6.71791 0)
(2.27679 11.9576 0)
(1.40309 16.7851 0)
(0.882434 21.5908 0)
(0.711509 25.443 0)
(0.276239 26.9014 0)
(0.0928901 26.5057 0)
(0.0721334 25.6338 0)
(-0.110594 24.8136 0)
(-0.165064 24.1986 0)
(-0.127213 23.7735 0)
(-0.086779 20.4251 0)
(1.24898 -10.6703 0)
(2.37858 -13.4514 0)
(3.17127 -12.2522 0)
(3.57463 -9.5806 0)
(3.36593 -6.58198 0)
(3.23272 -4.40646 0)
(2.33358 -2.18426 0)
(2.11204 2.24717 0)
(1.20086 7.60265 0)
(0.468781 12.6516 0)
(-0.309789 17.3036 0)
(-0.83692 22.0749 0)
(-0.999948 25.7203 0)
(-1.10596 26.9187 0)
(-0.943696 26.5059 0)
(-0.741834 25.6897 0)
(-0.577063 25.0599 0)
(-0.441924 24.5955 0)
(-0.320112 23.8882 0)
(-0.479928 19.9448 0)
(0.635815 -12.3167 0)
(1.71678 -14.4758 0)
(2.20281 -12.4216 0)
(2.24038 -9.28842 0)
(1.96885 -6.24571 0)
(1.65694 -3.94619 0)
(0.71387 -1.46557 0)
(0.244293 3.0441 0)
(-0.654762 8.45034 0)
(-1.22905 13.4793 0)
(-1.92194 18.0789 0)
(-2.32783 22.491 0)
(-2.35769 25.8229 0)
(-2.33573 26.8696 0)
(-2.00086 26.2476 0)
(-1.52961 25.4898 0)
(-1.29584 24.7195 0)
(-1.11829 23.9882 0)
(-0.844889 23.3452 0)
(-0.258564 19.4514 0)
(0.694062 -13.2371 0)
(1.33339 -14.9262 0)
(1.68687 -12.5156 0)
(1.54856 -9.04626 0)
(0.931699 -5.70413 0)
(0.327934 -3.35876 0)
(-0.854971 -0.815095 0)
(-1.51521 3.86182 0)
(-2.39263 9.20565 0)
(-2.83842 14.021 0)
(-3.4942 18.4331 0)
(-3.82662 22.6835 0)
(-3.82363 25.5534 0)
(-3.53745 26.0557 0)
(-2.88608 25.4923 0)
(-2.24845 24.8603 0)
(-1.76831 24.3864 0)
(-1.21821 24.1072 0)
(-0.67835 23.392 0)
(-0.659178 19.1169 0)
(0.496508 -14.3389 0)
(0.848661 -15.4202 0)
(0.824274 -12.5966 0)
(0.564204 -8.6999 0)
(-0.0974586 -5.0782 0)
(-0.945776 -2.47629 0)
(-2.34027 0.161543 0)
(-3.15891 4.66208 0)
(-4.0332 9.97127 0)
(-4.43016 14.8012 0)
(-5.08947 19.1171 0)
(-5.25787 22.8212 0)
(-4.96118 25.1016 0)
(-4.36199 25.4528 0)
(-3.48514 24.9773 0)
(-2.71241 24.5274 0)
(-2.22525 24.0059 0)
(-1.85422 23.3359 0)
(-1.39712 22.4013 0)
(-0.538377 17.7146 0)
(0.133356 -14.7188 0)
(0.327229 -15.4571 0)
(0.149986 -12.0239 0)
(-0.322815 -7.92473 0)
(-1.02117 -4.09177 0)
(-2.0871 -1.44165 0)
(-3.66649 1.3128 0)
(-4.74781 5.70391 0)
(-5.60478 10.7623 0)
(-5.95092 15.2619 0)
(-6.52068 19.2551 0)
(-6.42735 22.6507 0)
(-5.91063 24.4027 0)
(-5.03079 24.3026 0)
(-3.99341 23.8189 0)
(-3.2541 23.3906 0)
(-2.59813 23.1167 0)
(-1.82162 22.9583 0)
(-1.08456 22.1738 0)
(-0.684938 17.5396 0)
(0.312573 -14.9854 0)
(0.181494 -15.3514 0)
(-0.143843 -11.9434 0)
(-0.789954 -7.40117 0)
(-1.69103 -3.122 0)
(-2.90288 -0.168468 0)
(-4.64732 2.53457 0)
(-5.95505 6.65955 0)
(-6.85799 11.4841 0)
(-7.22116 15.8409 0)
(-7.6484 19.5851 0)
(-7.23192 22.269 0)
(-6.40775 23.407 0)
(-5.32255 23.3438 0)
(-4.24376 23.0873 0)
(-3.37163 23.0852 0)
(-2.72413 22.9214 0)
(-2.26237 22.4296 0)
(-1.60333 21.1172 0)
(-0.832885 15.5614 0)
(-0.0594679 -15.2148 0)
(-0.281499 -15.2038 0)
(-0.76317 -11.2065 0)
(-1.3454 -6.54437 0)
(-2.17978 -2.01864 0)
(-3.39956 1.19164 0)
(-5.21771 3.92339 0)
(-6.69709 7.68126 0)
(-7.5914 12.1767 0)
(-7.91595 16.0146 0)
(-8.15899 19.1848 0)
(-7.40811 21.5456 0)
(-6.51483 22.3635 0)
(-5.3506 22.1281 0)
(-4.36228 22.0887 0)
(-3.65652 21.9994 0)
(-2.97624 21.7334 0)
(-2.19101 21.4607 0)
(-1.55104 20.4617 0)
(-0.522295 15.308 0)
(0.0243089 -14.8031 0)
(-0.378463 -14.6269 0)
(-0.883346 -10.678 0)
(-1.59319 -5.76033 0)
(-2.45343 -0.898942 0)
(-3.62956 2.67075 0)
(-5.42173 5.4625 0)
(-6.95727 8.84828 0)
(-7.81566 12.8557 0)
(-8.07137 16.2449 0)
(-8.16626 19.0632 0)
(-7.27439 20.7779 0)
(-6.38139 21.0486 0)
(-5.28898 21.1081 0)
(-4.39436 21.2722 0)
(-3.59297 21.4656 0)
(-2.94041 21.5976 0)
(-2.39302 21.3964 0)
(-1.40035 19.7336 0)
(-0.935607 13.4775 0)
(-0.0744627 -14.8552 0)
(-0.531351 -14.3938 0)
(-1.12394 -10.0955 0)
(-1.78647 -5.03453 0)
(-2.56462 0.062479 0)
(-3.58148 4.00478 0)
(-5.24238 6.8519 0)
(-6.72674 9.84834 0)
(-7.56274 13.4703 0)
(-7.73565 16.2766 0)
(-7.77324 18.3689 0)
(-6.71927 19.7978 0)
(-5.96652 20.1109 0)
(-4.94607 20.2353 0)
(-4.20235 20.6176 0)
(-3.61233 20.7626 0)
(-2.91677 20.5624 0)
(-2.25108 19.9835 0)
(-1.93371 18.5955 0)
(-0.354285 12.6309 0)
(-0.162881 -14.2272 0)
(-0.663371 -13.5464 0)
(-1.23707 -9.25459 0)
(-1.88145 -4.21664 0)
(-2.58545 0.989908 0)
(-3.40787 5.29799 0)
(-4.8661 8.36139 0)
(-6.20539 10.9601 0)
(-6.96054 14.0232 0)
(-7.06259 16.3403 0)
(-7.0872 18.264 0)
(-6.11541 19.2018 0)
(-5.58188 19.1486 0)
(-4.80954 19.5308 0)
(-4.19061 19.7814 0)
(-3.50797 19.8501 0)
(-2.89632 20.0382 0)
(-2.31587 20.0262 0)
(-1.01804 18.1747 0)
(-0.751629 11.7286 0)
(-0.0971839 -14.0281 0)
(-0.641401 -13.2687 0)
(-1.26472 -8.79849 0)
(-1.89367 -3.62374 0)
(-2.50924 1.68937 0)
(-3.16295 6.30711 0)
(-4.37283 9.52496 0)
(-5.55442 11.8202 0)
(-6.30078 14.4867 0)
(-6.32204 16.4263 0)
(-6.42126 17.6604 0)
(-5.48017 18.2902 0)
(-5.16893 18.6383 0)
(-4.40994 18.9235 0)
(-3.8406 19.2999 0)
(-3.28838 19.6455 0)
(-2.61918 19.648 0)
(-2.08831 18.8634 0)
(-1.89782 16.9113 0)
(-0.406722 10.0782 0)
(-0.208099 -13.4703 0)
(-0.724024 -12.4158 0)
(-1.30441 -7.96766 0)
(-1.90197 -2.91504 0)
(-2.41671 2.35271 0)
(-2.91631 7.18696 0)
(-3.89542 10.6331 0)
(-4.8325 12.7868 0)
(-5.52187 14.9468 0)
(-5.53239 16.3937 0)
(-5.57667 17.6804 0)
(-4.90783 18.1342 0)
(-4.73384 18.1419 0)
(-4.20446 18.5353 0)
(-3.84419 18.7753 0)
(-3.27633 18.6557 0)
(-2.71268 18.5429 0)
(-2.11735 18.3165 0)
(-0.958046 16.3918 0)
(-0.396838 10.1204 0)
(-0.126205 -13.101 0)
(-0.681839 -12.0722 0)
(-1.26404 -7.52637 0)
(-1.85169 -2.37136 0)
(-2.33153 2.93381 0)
(-2.7271 7.89479 0)
(-3.49298 11.4756 0)
(-4.19927 13.4029 0)
(-4.89353 15.211 0)
(-4.87873 16.5523 0)
(-5.01517 17.2666 0)
(-4.47817 17.3956 0)
(-4.45954 17.8524 0)
(-3.96278 18.0511 0)
(-3.54123 18.1268 0)
(-2.97497 18.4333 0)
(-2.40491 18.6861 0)
(-1.97429 18.0505 0)
(-1.36148 15.6016 0)
(-0.612867 8.29029 0)
(-0.18624 -12.6534 0)
(-0.700008 -11.3566 0)
(-1.26382 -6.85346 0)
(-1.80388 -1.86737 0)
(-2.25491 3.34066 0)
(-2.5764 8.37458 0)
(-3.17983 12.15 0)
(-3.66808 14.2097 0)
(-4.37414 15.7276 0)
(-4.39071 16.5262 0)
(-4.3792 17.2697 0)
(-4.07651 17.6131 0)
(-4.05385 17.5815 0)
(-3.64207 17.7402 0)
(-3.45772 17.9745 0)
(-3.02376 17.8634 0)
(-2.49692 17.4848 0)
(-1.85122 16.6433 0)
(-1.45144 14.6172 0)
(-0.2355 8.02264 0)
(-0.138211 -12.2362 0)
(-0.681753 -10.9491 0)
(-1.22395 -6.38005 0)
(-1.74805 -1.34359 0)
(-2.2119 3.77337 0)
(-2.48725 8.81833 0)
(-2.92918 12.6701 0)
(-3.22405 14.6336 0)
(-3.96436 15.8353 0)
(-3.89819 16.7544 0)
(-4.12415 17.0864 0)
(-3.80455 17.0968 0)
(-3.85984 17.4103 0)
(-3.61668 17.5607 0)
(-3.34614 17.2883 0)
(-2.86223 17.2385 0)
(-2.41262 17.362 0)
(-2.01239 16.9362 0)
(-0.726323 14.2726 0)
(-0.523441 7.30823 0)
(-0.158441 -11.852 0)
(-0.672379 -10.3556 0)
(-1.20959 -5.84107 0)
(-1.69577 -0.891358 0)
(-2.14005 4.06592 0)
(-2.40539 9.00209 0)
(-2.72501 12.9576 0)
(-2.91978 15.1871 0)
(-3.69485 16.4101 0)
(-3.73744 16.7581 0)
(-3.85398 16.9535 0)
(-3.60565 17.4298 0)
(-3.69181 17.3018 0)
(-3.33229 17.1496 0)
(-3.16839 17.2203 0)
(-2.808 17.1451 0)
(-2.37195 16.9118 0)
(-1.77334 15.75 0)
(-1.84823 13.2873 0)
(-0.624308 5.67242 0)
(-0.143424 -11.4379 0)
(-0.677331 -9.90928 0)
(-1.18802 -5.37855 0)
(-1.66548 -0.434426 0)
(-2.12268 4.49161 0)
(-2.43495 9.3947 0)
(-2.69923 13.4076 0)
(-2.83726 15.6543 0)
(-3.63013 16.5088 0)
(-3.42776 16.9891 0)
(-3.85585 16.9886 0)
(-3.51477 17.017 0)
(-3.52946 17.0812 0)
(-3.37081 17.2534 0)
(-3.2465 16.8206 0)
(-3.00718 16.5519 0)
(-2.62682 16.1714 0)
(-2.10221 15.0914 0)
(-1.03691 12.3606 0)
(-0.227885 5.76942 0)
(-0.158037 -11.0557 0)
(-0.684853 -9.35903 0)
(-1.21154 -4.87135 0)
(-1.66199 -0.0436642 0)
(-2.135 4.78252 0)
(-2.47702 9.58558 0)
(-2.74622 13.5469 0)
(-2.81772 15.9791 0)
(-3.52456 17.0874 0)
(-3.56067 17.0756 0)
(-3.87785 16.7956 0)
(-3.50684 17.2393 0)
(-3.69263 17.1089 0)
(-3.39946 16.7646 0)
(-3.22458 16.5783 0)
(-2.79316 16.2477 0)
(-2.49528 16.1147 0)
(-2.2887 15.513 0)
(-1.4349 12.2337 0)
(-1.14337 4.38119 0)
(-0.177244 -10.6171 0)
(-0.737035 -8.86942 0)
(-1.27315 -4.36899 0)
(-1.75886 0.514348 0)
(-2.26431 5.25796 0)
(-2.63239 9.98415 0)
(-2.92082 14.015 0)
(-3.02382 16.5179 0)
(-3.78034 17.1835 0)
(-3.5084 17.2046 0)
(-4.02408 16.9773 0)
(-3.71648 16.889 0)
(-3.70515 16.7604 0)
(-3.38968 16.9181 0)
(-3.25643 16.3257 0)
(-3.16935 16.1107 0)
(-2.87459 15.7357 0)
(-2.04702 13.5088 0)
(-2.49092 10.6605 0)
(-1.42637 2.11615 0)
(-0.206437 -10.1744 0)
(-0.813255 -8.29126 0)
(-1.38827 -3.84339 0)
(-1.90992 0.968009 0)
(-2.48546 5.73991 0)
(-2.93377 10.4444 0)
(-3.28281 14.3402 0)
(-3.39523 16.721 0)
(-3.82405 17.6606 0)
(-3.87152 17.3414 0)
(-4.23243 16.8148 0)
(-3.79927 16.9909 0)
(-3.93186 16.8895 0)
(-3.6684 16.4488 0)
(-3.56204 16.2231 0)
(-3.1359 15.7188 0)
(-2.67576 14.805 0)
(-2.81004 14.4268 0)
(-1.31843 10.2902 0)
(-0.116784 0.991047 0)
(-0.240241 -9.65194 0)
(-0.90886 -7.7161 0)
(-1.54524 -3.23412 0)
(-2.08986 1.49381 0)
(-2.71885 6.174 0)
(-3.22546 10.7377 0)
(-3.57112 14.6635 0)
(-3.69549 17.2043 0)
(-4.27696 17.6498 0)
(-4.06734 17.2733 0)
(-4.39868 16.9824 0)
(-4.22587 16.6513 0)
(-4.25809 16.4387 0)
(-3.80229 16.5825 0)
(-3.59187 15.7891 0)
(-3.2185 15.1546 0)
(-2.87624 15.1693 0)
(-1.69037 13.0238 0)
(-2.04031 10.5721 0)
(1.76915 0.379714 0)
(-0.276286 -9.05149 0)
(-1.037 -7.02176 0)
(-1.73467 -2.62488 0)
(-2.37373 2.20272 0)
(-3.09271 6.947 0)
(-3.67139 11.5068 0)
(-4.09096 15.2012 0)
(-4.2873 17.2784 0)
(-4.40919 17.9025 0)
(-4.50392 17.4331 0)
(-4.72946 16.8531 0)
(-4.42344 16.7146 0)
(-4.40027 16.6463 0)
(-4.08811 16.0222 0)
(-3.80173 15.7095 0)
(-3.55379 15.5993 0)
(-2.87165 14.2185 0)
(-1.22184 12.0043 0)
(-1.9832 8.26919 0)
(2.16711 0.342897 0)
(-0.325456 -8.393 0)
(-1.18014 -6.274 0)
(-1.94633 -1.86436 0)
(-2.69634 2.87025 0)
(-3.50582 7.53569 0)
(-4.14648 11.9621 0)
(-4.55991 15.4835 0)
(-4.58073 17.6907 0)
(-4.93113 17.8303 0)
(-4.82362 17.1559 0)
(-4.90018 16.9263 0)
(-4.86049 16.4276 0)
(-4.85331 16.0849 0)
(-4.31933 16.1963 0)
(-4.24169 15.5687 0)
(-3.58096 14.1956 0)
(-2.78159 13.2241 0)
(-2.30072 11.4004 0)
(-0.693787 6.23153 0)
(2.16752 0.939516 0)
(-0.366203 -7.64162 0)
(-1.30717 -5.48472 0)
(-2.14426 -1.09054 0)
(-2.90882 3.61726 0)
(-3.79596 8.17018 0)
(-4.4537 12.5148 0)
(-4.8747 15.9821 0)
(-5.13933 17.5885 0)
(-5.05859 17.8041 0)
(-5.19213 17.3882 0)
(-5.2738 16.9183 0)
(-5.12621 16.464 0)
(-5.04275 16.3844 0)
(-4.92622 15.6826 0)
(-4.45206 14.7591 0)
(-3.95177 14.153 0)
(-3.53465 12.7348 0)
(-1.61172 9.45591 0)
(0.78017 3.90295 0)
(2.12281 1.89463 0)
(-0.432933 -6.7668 0)
(-1.46481 -4.51609 0)
(-2.37314 -0.205364 0)
(-3.18562 4.61788 0)
(-4.14301 9.20521 0)
(-4.89237 13.2769 0)
(-5.34576 16.1748 0)
(-5.26427 17.8227 0)
(-5.47864 17.7845 0)
(-5.48679 17.0245 0)
(-5.43562 16.8368 0)
(-5.61059 16.3504 0)
(-5.70957 15.8202 0)
(-5.17927 15.5205 0)
(-5.06877 14.7157 0)
(-4.70999 13.2888 0)
(-3.5686 11.305 0)
(-0.277397 6.61404 0)
(0.684421 2.59121 0)
(1.25893 3.75505 0)
(-0.458284 -5.87228 0)
(-1.55225 -3.60683 0)
(-2.5058 0.654296 0)
(-3.36253 5.33809 0)
(-4.32979 9.81581 0)
(-5.09547 13.6883 0)
(-5.39974 16.623 0)
(-5.64826 17.7225 0)
(-5.48852 17.5456 0)
(-5.69601 17.288 0)
(-5.89828 17.1331 0)
(-5.96671 16.4223 0)
(-6.01214 16.1268 0)
(-6.0308 15.2633 0)
(-5.97145 14.028 0)
(-5.07642 12.4753 0)
(-2.90514 7.91888 0)
(-0.878725 4.89499 0)
(-0.407281 2.41839 0)
(-0.125049 4.10892 0)
(-0.482844 -4.84297 0)
(-1.61419 -2.54527 0)
(-2.58207 1.67264 0)
(-3.44692 6.26396 0)
(-4.41868 10.636 0)
(-5.18415 14.5112 0)
(-5.71033 16.8037 0)
(-5.53402 17.8139 0)
(-5.71841 17.7437 0)
(-5.94655 17.2849 0)
(-5.97409 17.021 0)
(-6.46294 16.5512 0)
(-6.84223 15.8433 0)
(-6.78229 15.2922 0)
(-6.5439 13.863 0)
(-5.10605 9.85958 0)
(-3.63748 6.4969 0)
(-1.86527 3.1112 0)
(-1.89015 2.57317 0)
(-0.375571 3.05775 0)
(-0.490086 -3.84921 0)
(-1.64667 -1.51328 0)
(-2.62609 2.6559 0)
(-3.47082 7.31196 0)
(-4.45524 11.4929 0)
(-5.21991 14.7959 0)
(-5.44968 17.0401 0)
(-5.66321 17.812 0)
(-5.59022 17.5769 0)
(-5.9125 17.4297 0)
(-6.44935 17.5761 0)
(-6.90169 16.8389 0)
(-7.38211 16.5317 0)
(-7.49613 15.4001 0)
(-7.01983 12.1838 0)
(-5.49484 9.08079 0)
(-4.63317 5.34485 0)
(-3.37167 2.21099 0)
(-2.29341 1.59394 0)
(-0.766653 1.42072 0)
(-0.487251 -2.76821 0)
(-1.61981 -0.473669 0)
(-2.57935 3.49983 0)
(-3.34772 7.98366 0)
(-4.24339 11.9618 0)
(-4.90081 15.4277 0)
(-5.46055 17.3429 0)
(-5.29718 17.9744 0)
(-5.53329 17.9392 0)
(-6.04286 17.9704 0)
(-6.44161 17.8169 0)
(-7.28676 17.5677 0)
(-8.04605 16.7586 0)
(-7.85043 14.9675 0)
(-7.09342 12.2109 0)
(-6.07017 7.63636 0)
(-5.18647 3.92197 0)
(-4.14255 1.44051 0)
(-2.58793 -0.164103 0)
(-0.955979 -0.14777 0)
(-0.463301 -1.7267 0)
(-1.56022 0.566726 0)
(-2.4815 4.42372 0)
(-3.23064 8.90601 0)
(-3.99269 12.9729 0)
(-4.78966 15.9384 0)
(-4.9833 17.6406 0)
(-5.18398 18.1314 0)
(-5.18522 18.1036 0)
(-5.74622 18.2108 0)
(-6.60347 18.6879 0)
(-7.59834 18.1346 0)
(-8.02499 17.4089 0)
(-7.76651 15.2346 0)
(-7.197 10.3228 0)
(-6.73381 7.14549 0)
(-5.25731 2.81914 0)
(-4.81132 0.135583 0)
(-2.58848 -1.97723 0)
(-1.31827 -2.29477 0)
(-0.427784 -0.713439 0)
(-1.4625 1.54937 0)
(-2.28136 5.2074 0)
(-2.94325 9.52565 0)
(-3.60117 13.1843 0)
(-4.09317 16.1596 0)
(-4.59761 17.7765 0)
(-4.47313 18.4135 0)
(-4.86888 18.6748 0)
(-5.53978 19.1916 0)
(-6.41665 19.3499 0)
(-7.21372 19.1678 0)
(-7.95323 17.501 0)
(-7.54495 13.9775 0)
(-7.44679 10.9797 0)
(-6.78107 6.19016 0)
(-5.85879 1.22309 0)
(-4.63561 -0.980851 0)
(-2.83375 -3.91106 0)
(-1.01725 -4.36818 0)
(-0.377771 0.206506 0)
(-1.32612 2.43574 0)
(-1.97973 5.90058 0)
(-2.53085 10.0611 0)
(-3.00361 13.844 0)
(-3.60647 16.6727 0)
(-3.79527 18.2709 0)
(-4.16674 18.8504 0)
(-4.15493 19.053 0)
(-4.96379 19.5387 0)
(-5.87549 20.2163 0)
(-7.0791 19.2763 0)
(-7.22134 17.7346 0)
(-7.07575 15.0797 0)
(-7.17183 9.71213 0)
(-6.98066 5.09402 0)
(-5.67496 0.846389 0)
(-4.77835 -3.3463 0)
(-2.88536 -5.59279 0)
(-1.07251 -6.48758 0)
(-0.31269 1.01812 0)
(-1.16135 3.21802 0)
(-1.72066 6.46974 0)
(-2.1032 10.7321 0)
(-2.5184 14.2632 0)
(-2.80597 16.9456 0)
(-3.25564 18.2988 0)
(-3.02737 18.9299 0)
(-3.5227 19.567 0)
(-4.16688 20.5475 0)
(-5.24657 20.8312 0)
(-5.73116 20.6089 0)
(-6.36194 18.208 0)
(-6.33092 13.7925 0)
(-6.85409 10.6231 0)
(-5.96222 5.48859 0)
(-5.55138 -1.08224 0)
(-4.24758 -4.24462 0)
(-2.68589 -7.70428 0)
(-0.751192 -8.6724 0)
(-0.224493 1.7106 0)
(-0.953191 3.8903 0)
(-1.37778 6.84868 0)
(-1.56927 10.752 0)
(-1.72262 14.2636 0)
(-2.00187 17.0696 0)
(-2.02315 18.6672 0)
(-2.50182 19.6491 0)
(-2.46659 20.1954 0)
(-3.20492 20.94 0)
(-3.84173 21.7871 0)
(-4.8137 20.3561 0)
(-4.80047 18.2556 0)
(-5.09576 15.8802 0)
(-5.34201 10.3346 0)
(-5.13275 3.42154 0)
(-4.33237 -0.94988 0)
(-3.4531 -6.49987 0)
(-1.93999 -9.29583 0)
(-0.464202 -10.1855 0)
(-0.138532 2.23909 0)
(-0.716643 4.43405 0)
(-1.03076 7.10024 0)
(-1.06138 11.0923 0)
(-1.01189 14.5717 0)
(-1.08769 17.3915 0)
(-1.36593 18.7719 0)
(-1.15038 19.5997 0)
(-1.37961 20.368 0)
(-1.70955 21.7097 0)
(-2.52759 22.0736 0)
(-2.67268 21.8392 0)
(-3.38298 19.2856 0)
(-3.47076 14.4384 0)
(-3.81421 10.4652 0)
(-2.95119 5.62348 0)
(-2.8591 -1.96979 0)
(-1.95482 -6.61949 0)
(-1.64329 -10.2176 0)
(-0.341898 -10.8228 0)
(-0.0616439 2.62335 0)
(-0.469912 4.85299 0)
(-0.772519 7.26593 0)
(-0.46462 10.8578 0)
(-0.37285 14.2431 0)
(-0.161381 17.1544 0)
(0.0450873 18.7723 0)
(-0.118735 20.0389 0)
(-0.0948261 20.9877 0)
(-0.25353 21.8089 0)
(-0.429066 22.7837 0)
(-1.09935 21.2995 0)
(-0.767402 19.0305 0)
(-1.02325 16.6977 0)
(-1.12336 11.165 0)
(-1.33936 3.0441 0)
(-1.08135 -2.56968 0)
(-1.20725 -7.4963 0)
(-0.898973 -10.802 0)
(-0.722216 -12.0047 0)
(0.0127745 2.81889 0)
(-0.204276 5.13013 0)
(-0.429137 7.20098 0)
(-0.0148539 10.5267 0)
(0.394471 14.159 0)
(0.784131 17.1134 0)
(0.932127 18.7693 0)
(1.15868 19.7676 0)
(1.34894 20.6011 0)
(1.45881 22.0281 0)
(1.35987 22.6276 0)
(1.81967 22.5155 0)
(1.15515 19.9327 0)
(1.2575 15.0005 0)
(1.06366 10.6689 0)
(1.94369 5.82793 0)
(1.55342 -1.17675 0)
(1.21383 -7.10473 0)
(0.36692 -10.9339 0)
(-0.224053 -12.6804 0)
(0.0675005 2.8491 0)
(0.0798977 5.27746 0)
(-0.211801 7.1712 0)
(0.438142 10.0697 0)
(0.819184 13.6267 0)
(1.63641 16.43 0)
(2.02202 18.4773 0)
(2.47711 19.6785 0)
(2.69569 20.7376 0)
(3.37408 21.6318 0)
(3.63461 22.7993 0)
(3.43916 21.5392 0)
(4.21894 19.4979 0)
(3.93612 16.85 0)
(4.0851 11.058 0)
(3.28565 3.67183 0)
(3.18976 -2.12289 0)
(2.82409 -5.85796 0)
(2.31758 -8.99175 0)
(0.61807 -11.353 0)
(0.150257 2.73004 0)
(0.233268 5.33044 0)
(0.269591 7.04682 0)
(0.450743 9.25268 0)
(1.62699 13.0376 0)
(2.24787 15.7075 0)
(3.04652 18.0433 0)
(3.52784 19.0787 0)
(4.02038 20.0434 0)
(4.72036 20.8628 0)
(5.55366 21.7421 0)
(6.38233 22.1322 0)
(5.99526 19.7107 0)
(6.5323 15.4354 0)
(6.21808 11.6909 0)
(7.22296 6.90073 0)
(5.43927 -0.468098 0)
(3.15755 -6.47046 0)
(2.01505 -9.19175 0)
(0.77913 -10.1733 0)
(0.18237 2.493 0)
(0.429286 5.14294 0)
(0.540063 6.98547 0)
(0.815791 8.8066 0)
(1.5913 12.104 0)
(3.00205 14.6337 0)
(3.55139 17.3905 0)
(4.55999 18.5828 0)
(5.09038 19.5049 0)
(6.02491 20.157 0)
(6.85113 20.7289 0)
(7.67754 20.1515 0)
(9.02076 19.2207 0)
(8.74741 16.7112 0)
(8.87198 11.0787 0)
(7.64837 5.61744 0)
(8.17008 1.9312 0)
(5.85057 -2.98952 0)
(2.5231 -6.93575 0)
(0.481267 -8.6849 0)
(0.25409 2.20276 0)
(0.432658 4.86784 0)
(1.01546 6.86998 0)
(0.755008 8.12067 0)
(2.05637 10.7898 0)
(2.96039 13.6748 0)
(4.40479 16.2973 0)
(5.10471 17.5201 0)
(5.8995 18.6513 0)
(6.61568 18.8074 0)
(7.90673 19.4576 0)
(9.01637 19.925 0)
(9.42269 18.0549 0)
(10.6448 15.477 0)
(10.1456 12.772 0)
(10.0894 7.53898 0)
(7.08575 1.26835 0)
(7.04662 -0.682704 0)
(3.70516 -4.34373 0)
(1.04101 -7.15797 0)
(0.277931 1.81466 0)
(0.529411 4.44286 0)
(1.07728 6.5225 0)
(1.44007 8.00161 0)
(1.6036 9.79141 0)
(3.2954 12.3361 0)
(4.1326 15.1268 0)
(5.54174 16.952 0)
(6.54345 17.7456 0)
(7.36755 18.5109 0)
(7.96912 18.0864 0)
(9.31689 17.8059 0)
(10.676 17.7471 0)
(10.7303 15.73 0)
(11.3795 11.7956 0)
(10.1919 8.65279 0)
(9.42104 5.17447 0)
(5.37495 -0.963118 0)
(4.70521 -1.00569 0)
(2.22877 -5.06071 0)
(0.303973 1.43376 0)
(0.510944 4.04488 0)
(1.35821 5.95441 0)
(1.51509 7.61491 0)
(2.10381 8.95174 0)
(2.59498 11.2905 0)
(4.51099 13.5496 0)
(5.57724 15.4259 0)
(6.65983 16.6761 0)
(7.55267 16.9963 0)
(8.67785 17.7269 0)
(9.075 17.4134 0)
(9.88549 15.8241 0)
(10.9585 15.0695 0)
(10.7285 13.6445 0)
(10.8209 9.44551 0)
(7.88463 5.81217 0)
(7.59337 4.37873 0)
(2.34194 -1.19742 0)
(2.67505 0.579245 0)
(0.325428 0.959521 0)
(0.676104 3.61657 0)
(1.19065 5.22844 0)
(2.08307 7.45696 0)
(2.03991 8.5808 0)
(2.81354 9.89831 0)
(3.66888 12.2132 0)
(5.29592 14.5365 0)
(6.6052 15.8951 0)
(7.59142 16.6668 0)
(8.16468 16.1648 0)
(9.53061 16.5114 0)
(10.0018 16.43 0)
(10.1698 14.2041 0)
(10.4126 12.4705 0)
(10.1571 11.5044 0)
(9.23142 8.25852 0)
(5.03442 4.0024 0)
(5.55056 3.89375 0)
(-1.54656 -1.09466 0)
(0.444898 0.452571 0)
(0.778804 3.23403 0)
(1.2019 4.49775 0)
(2.03249 6.92602 0)
(2.38602 8.31945 0)
(2.59492 9.70082 0)
(3.54402 10.9516 0)
(4.77948 12.634 0)
(5.99795 14.1206 0)
(7.35892 15.247 0)
(8.3056 16.0304 0)
(8.47738 15.4159 0)
(9.52211 14.8379 0)
(10.0359 15.2439 0)
(9.61613 13.535 0)
(9.01064 11.2033 0)
(8.03788 10.4848 0)
(6.9576 8.13228 0)
(1.86023 4.32335 0)
(5.30433 5.52824 0)
(0.583772 -0.266931 0)
(0.962623 2.76643 0)
(1.26924 4.05681 0)
(1.89597 6.19401 0)
(2.67083 7.80225 0)
(2.7662 8.78389 0)
(3.34444 10.11 0)
(4.119 11.7825 0)
(5.50919 13.6545 0)
(6.35323 14.2681 0)
(7.60162 14.7252 0)
(8.74606 15.6127 0)
(8.68167 15.1025 0)
(9.24798 13.7973 0)
(9.35407 13.8673 0)
(8.88555 13.0624 0)
(7.21875 10.8093 0)
(6.09189 9.35488 0)
(3.92142 7.65768 0)
(-1.5283 4.46047 0)
(0.596911 -1.15436 0)
(1.16594 2.50755 0)
(1.15989 3.66318 0)
(1.90278 5.41139 0)
(2.36527 7.55375 0)
(3.16322 9.06406 0)
(3.07677 9.69219 0)
(3.87055 10.4854 0)
(4.74068 11.6863 0)
(6.31245 13.1949 0)
(6.78816 13.9268 0)
(7.65949 13.8223 0)
(8.64379 14.3183 0)
(8.8741 15.0065 0)
(8.63096 13.6533 0)
(8.31591 13.488 0)
(7.74629 13.4391 0)
(5.94885 11.4338 0)
(3.66953 9.45365 0)
(4.41006 9.59033 0)
(0.570244 -2.01498 0)
(1.06986 2.04015 0)
(1.58317 3.65796 0)
(1.2035 4.72648 0)
(2.77276 6.4394 0)
(2.80015 8.0267 0)
(3.73583 9.11798 0)
(3.78084 10.111 0)
(4.31502 11.4925 0)
(4.97694 11.8972 0)
(6.51067 13.3252 0)
(7.16713 14.4298 0)
(7.50413 13.5125 0)
(8.36903 13.7636 0)
(8.80118 14.9062 0)
(8.04746 13.8852 0)
(7.34587 13.3515 0)
(7.37241 13.4939 0)
(3.62621 12.3452 0)
(-0.576437 10.5994 0)
(0.0684199 -3.15183 0)
(1.21661 1.79602 0)
(0.981473 3.37754 0)
(1.71772 4.33367 0)
(1.60998 6.19737 0)
(3.18302 8.18609 0)
(3.1095 9.10565 0)
(3.8673 9.66226 0)
(4.33362 10.4188 0)
(5.32934 11.3453 0)
(5.41049 11.5449 0)
(7.05577 12.3682 0)
(7.65177 13.5935 0)
(7.93714 13.6744 0)
(8.22823 13.5697 0)
(9.1995 15.1223 0)
(7.69618 14.5655 0)
(7.50141 14.0198 0)
(5.85453 14.3714 0)
(4.6786 15.2539 0)
(-0.477316 -3.36998 0)
(0.806329 1.17256 0)
(1.26407 3.07936 0)
(0.990531 3.90683 0)
(2.2632 4.83096 0)
(2.26405 6.42111 0)
(3.68607 8.02094 0)
(3.95209 9.30469 0)
(4.09459 9.96878 0)
(4.89109 10.397 0)
(5.84408 12.0483 0)
(5.90505 12.5301 0)
(7.29268 11.9774 0)
(8.1697 13.5631 0)
(8.58751 14.1743 0)
(8.56678 13.7516 0)
(9.73242 15.4744 0)
(9.48292 15.8277 0)
(6.77156 16.1573 0)
(2.19995 18.5639 0)
(-0.681298 -3.36872 0)
(0.675937 0.607518 0)
(0.693462 2.94997 0)
(1.10911 3.59463 0)
(0.959579 5.15982 0)
(2.28443 6.68795 0)
(2.73677 7.89736 0)
(3.85 8.61447 0)
(4.68291 9.96798 0)
(4.97559 9.80723 0)
(5.59147 9.9095 0)
(6.94882 11.2365 0)
(7.06579 11.9215 0)
(8.07078 11.7047 0)
(9.20678 13.4027 0)
(10.4313 14.5197 0)
(8.87862 13.7879 0)
(11.9804 15.989 0)
(13.597 17.0725 0)
(7.90628 22.6302 0)
(-0.483944 -3.28751 0)
(0.265045 -0.18512 0)
(0.876243 2.62623 0)
(1.10724 3.77169 0)
(1.48142 3.82494 0)
(1.86004 4.48184 0)
(2.79061 6.42266 0)
(3.47598 7.70244 0)
(3.96917 8.4073 0)
(5.63463 9.47474 0)
(5.58521 10.6369 0)
(6.61589 10.4128 0)
(7.8111 10.972 0)
(8.60187 11.9715 0)
(8.7025 11.7129 0)
(11.6263 13.6633 0)
(12.6652 14.6058 0)
(9.88656 15.1049 0)
(19.4222 14.4561 0)
(15.8803 21.8814 0)
(-0.200873 -3.2273 0)
(0.117183 -1.00821 0)
(0.820651 1.9755 0)
(0.678558 2.67903 0)
(0.91857 4.20232 0)
(0.863324 5.5282 0)
(2.12549 6.29849 0)
(3.21881 7.11051 0)
(4.35735 8.56614 0)
(4.52511 7.78478 0)
(6.58992 8.68577 0)
(6.82295 9.8979 0)
(7.6855 9.82696 0)
(9.47305 10.4268 0)
(10.2236 11.2296 0)
(9.69563 11.769 0)
(16.2237 11.7319 0)
(12.4821 16.4747 0)
(16.2066 9.39981 0)
(21.9336 18.5295 0)
(0.24523 -3.07856 0)
(-0.411676 -1.13043 0)
(0.602939 2.40573 0)
(1.02016 4.40583 0)
(0.836137 3.8747 0)
(1.77835 3.30685 0)
(1.62045 4.21147 0)
(2.25025 5.8918 0)
(3.55027 6.25923 0)
(5.47151 8.37268 0)
(5.07557 8.0472 0)
(8.02546 8.81384 0)
(8.09279 9.00593 0)
(8.87102 10.4083 0)
(12.6195 8.23719 0)
(10.2445 13.2447 0)
(14.6171 6.08941 0)
(16.5657 15.6811 0)
(14.4839 8.42042 0)
(21.968 13.5767 0)
(0.344493 -3.30966 0)
(-0.0493814 -1.8075 0)
(0.570246 0.177129 0)
(0.955952 1.57541 0)
(1.50691 2.9898 0)
(0.318593 5.10627 0)
(1.67466 4.4367 0)
(1.94927 6.61091 0)
(2.25647 4.03033 0)
(4.51995 7.06488 0)
(5.80607 4.78345 0)
(6.3817 9.50552 0)
(10.7324 4.61083 0)
(8.63481 11.6194 0)
(13.9043 3.90429 0)
(12.7305 12.885 0)
(14.215 5.36199 0)
(17.5921 12.4996 0)
(17.0754 9.32372 0)
(20.4478 9.88478 0)
(-0.100358 -2.9679 0)
(-0.476265 -0.929759 0)
(-0.136162 1.84912 0)
(-0.710787 4.63268 0)
(0.930057 3.74149 0)
(0.955289 4.48049 0)
(2.6923 1.69579 0)
(1.31865 6.30806 0)
(5.57167 1.08766 0)
(3.58326 8.81153 0)
(9.14109 0.305639 0)
(6.36471 9.83159 0)
(12.1836 0.846542 0)
(9.5331 10.3749 0)
(14.1187 3.38333 0)
(13.4994 10.6922 0)
(15.5649 6.12206 0)
(16.7668 8.77145 0)
(18.376 8.15271 0)
(19.9706 7.69499 0)
(0.152933 -3.16843 0)
(-0.0149944 -1.72056 0)
(1.19774 -0.0985169 0)
(1.20709 0.325691 0)
(2.66766 0.908137 0)
(0.0641814 3.92325 0)
(5.44464 1.59851 0)
(0.548568 7.13969 0)
(6.40183 -2.91493 0)
(3.75116 7.83426 0)
(7.95807 -2.10748 0)
(6.37732 8.82095 0)
(10.3207 0.661744 0)
(8.1696 8.4124 0)
(13 3.6656 0)
(12.3248 7.98798 0)
(15.3615 6.00767 0)
(16.003 6.57236 0)
(18.2297 6.68268 0)
(19.9081 6.38963 0)
(0.458544 -3.2119 0)
(-0.791794 -2.61529 0)
(0.848526 0.353246 0)
(-0.0419457 3.81942 0)
(1.22506 3.28622 0)
(0.121029 3.88364 0)
(3.9897 -0.181536 0)
(2.73964 7.04705 0)
(3.70047 -2.96532 0)
(3.95952 7.67492 0)
(6.25304 -1.73398 0)
(5.35442 7.72003 0)
(9.10386 1.605 0)
(7.1585 5.68934 0)
(11.4159 2.78651 0)
(11.6079 5.02232 0)
(14.3593 4.45398 0)
(15.6743 4.47085 0)
(17.5743 4.74936 0)
(19.4301 4.49473 0)
(-0.453749 -2.37359 0)
(-1.76316 -1.43204 0)
(-1.85159 -1.02466 0)
(-1.20968 0.289234 0)
(0.551196 1.24554 0)
(-0.193035 1.0669 0)
(0.434507 -1.4756 0)
(3.33119 6.22709 0)
(3.25542 -2.18824 0)
(2.92209 5.51675 0)
(5.82961 -1.34382 0)
(4.40415 4.34223 0)
(8.57498 1.25762 0)
(8.61493 2.63165 0)
(11.2257 1.47356 0)
(12.1938 2.61014 0)
(14.4547 2.6208 0)
(16.2222 2.57522 0)
(17.8761 2.7638 0)
(19.559 2.51068 0)
(-0.981804 -1.22974 0)
(-3.24869 -1.1048 0)
(-3.69734 0.730407 0)
(-2.8068 1.25365 0)
(-4.00887 2.67082 0)
(2.70357 2.83386 0)
(-1.79454 -1.18913 0)
(1.10886 3.08311 0)
(3.7482 0.272532 0)
(2.04518 1.64503 0)
(6.45933 -0.558974 0)
(4.48533 0.685714 0)
(7.83205 -0.077237 0)
(8.78585 0.419608 0)
(9.9913 0.509044 0)
(11.2135 1.04827 0)
(13.1957 1.15786 0)
(15.2032 1.27283 0)
(17.0592 1.30146 0)
(18.6891 1.26712 0)
(15.3082 18.3207 0)
(-13.3342 -13.548 0)
(7.07765 -11.8842 0)
(2.34173 -2.32124 0)
(2.23057 2.9872 0)
(-8.27471 0.633689 0)
(-8.76299 0.573135 0)
(-14.579 0.784875 0)
(-15.6053 0.494248 0)
(-18.1932 -0.652601 0)
(-17.558 -0.62723 0)
(-18.4754 -0.463873 0)
(-16.0662 -1.12093 0)
(-16.9173 -0.662608 0)
(-13.3661 -1.55538 0)
(-14.103 -3.30476 0)
(-4.91417 -2.87829 0)
(-8.42053 -1.29421 0)
(-1.76182 -3.11724 0)
(-0.551775 -2.61946 0)
(2.59877 -2.77012 0)
(5.1694 -2.34891 0)
(6.94874 -1.49843 0)
(7.00437 -1.04337 0)
(5.72056 -0.852581 0)
(4.08663 -0.496049 0)
(2.58703 0.0237195 0)
(0.795148 0.625407 0)
(-1.53381 1.18643 0)
(-4.55814 1.46341 0)
(-7.58532 1.50235 0)
(-10.5465 1.4231 0)
(-13.2142 1.33728 0)
(-15.763 1.20198 0)
(-17.8284 1.03206 0)
(-19.5981 0.799081 0)
(-20.7735 0.530761 0)
(-21.4943 0.227606 0)
(-21.3724 -0.0971116 0)
(-20.8551 -0.517708 0)
(-19.8162 -0.75384 0)
(-18.3448 -1.01356 0)
(-16.2388 -1.20728 0)
(-13.4914 -1.42686 0)
(-11.229 -1.38302 0)
(-7.83853 -1.36034 0)
(-5.43245 -1.31999 0)
(-2.1514 -1.32254 0)
(0.658325 -1.12507 0)
(3.28183 -0.999557 0)
(5.84492 -0.870694 0)
(8.00341 -0.730593 0)
(9.92195 -0.578931 0)
(11.5331 -0.406293 0)
(12.7937 -0.307839 0)
(13.8198 -0.136297 0)
(14.4134 -0.103752 0)
(14.8979 0.0988168 0)
(14.855 0.13285 0)
(14.8816 0.246105 0)
(14.4778 0.27675 0)
(14.2521 0.425295 0)
(13.6138 0.653514 0)
(13.0329 0.774576 0)
(12.1146 1.01184 0)
(11.0898 0.853845 0)
(10.1191 0.835413 0)
(9.00564 0.203753 0)
(8.42882 -0.0302077 0)
(7.7013 -0.344935 0)
(7.61148 -0.0858112 0)
(7.10299 0.228401 0)
(7.00912 0.194336 0)
(6.65706 0.351901 0)
(6.36889 -0.215135 0)
(6.71779 -0.022551 0)
(6.13375 -0.241335 0)
(7.00009 -0.218088 0)
(6.54212 0.276628 0)
(6.29929 0.10724 0)
(16.3192 15.7175 0)
(24.2191 15.8644 0)
(-3.27113 3.42518 0)
(-8.90213 2.44372 0)
(-5.3073 7.03356 0)
(-5.33669 5.80172 0)
(-5.18412 5.52553 0)
(-5.00745 4.93081 0)
(-6.67579 3.38881 0)
(-8.69689 2.68981 0)
(-6.0476 0.93942 0)
(-11.8656 -0.500297 0)
(-4.179 -1.62917 0)
(-8.04553 -2.56588 0)
(-3.87263 -3.46358 0)
(-1.47557 -4.01681 0)
(-0.452148 -4.22856 0)
(2.06113 -3.35203 0)
(4.47493 -3.31052 0)
(6.07965 -2.46646 0)
(7.10136 -1.93178 0)
(7.98709 -1.44847 0)
(8.16091 -0.339603 0)
(8.62624 1.84703 0)
(8.72204 3.66397 0)
(8.55628 3.95032 0)
(7.20426 3.57137 0)
(5.26495 3.74641 0)
(2.90029 4.14436 0)
(0.521858 4.26349 0)
(-1.88592 4.0999 0)
(-4.05829 3.74756 0)
(-6.21421 3.39844 0)
(-8.21646 3.04833 0)
(-9.77139 2.6322 0)
(-10.9842 1.91051 0)
(-11.9423 1.1024 0)
(-12.1888 0.346004 0)
(-12.4257 -0.53276 0)
(-11.0603 -1.46145 0)
(-10.4116 -2.45585 0)
(-8.8078 -3.12479 0)
(-6.70061 -3.74622 0)
(-4.23436 -4.49738 0)
(-1.22864 -4.60415 0)
(0.307416 -4.45892 0)
(5.09585 -5.08845 0)
(5.9766 -4.34415 0)
(10.1166 -4.45676 0)
(11.9243 -3.96947 0)
(14.7666 -3.54501 0)
(16.6215 -3.12867 0)
(18.63 -2.52875 0)
(20.0383 -2.14377 0)
(21.4303 -1.51248 0)
(22.2328 -1.23737 0)
(23.0946 -0.637152 0)
(23.1454 -0.470914 0)
(23.5746 0.0514721 0)
(22.8641 0.146693 0)
(23.208 0.431438 0)
(22.0586 0.550846 0)
(22.1323 0.566795 0)
(20.9683 0.854122 0)
(20.9579 0.723157 0)
(20.4553 1.13887 0)
(19.9523 0.960036 0)
(20.4183 1.37401 0)
(19.1273 1.15211 0)
(19.9241 1.06981 0)
(17.7094 0.763828 0)
(18.4968 0.383836 0)
(16.7621 0.462957 0)
(17.3302 0.117065 0)
(16.5644 0.353138 0)
(16.3805 -0.0250569 0)
(16.2325 0.130882 0)
(15.6064 -0.124972 0)
(15.873 0.0694236 0)
(15.0098 0.503852 0)
(17.0426 14.3894 0)
(25.9758 13.6222 0)
(20.2214 11.0517 0)
(17.9835 7.1711 0)
(12.4232 4.29754 0)
(7.91436 2.38971 0)
(7.61429 2.03766 0)
(4.41367 2.53111 0)
(7.15679 2.37308 0)
(5.20007 1.44132 0)
(7.5381 0.0857321 0)
(7.53958 -1.15546 0)
(9.13072 -3.37124 0)
(9.40145 -4.0931 0)
(11.2959 -5.46255 0)
(12.0188 -6.49434 0)
(13.4127 -6.73185 0)
(14.2247 -6.84501 0)
(15.4673 -6.48779 0)
(16.1142 -5.6791 0)
(16.6817 -5.04452 0)
(17.1768 -3.91993 0)
(16.5157 -2.21553 0)
(15.9586 -0.669743 0)
(16.0764 0.721374 0)
(15.7233 1.83018 0)
(13.9938 2.78134 0)
(12.1396 3.74762 0)
(10.5827 4.87956 0)
(9.47019 5.51916 0)
(7.89506 5.63535 0)
(6.75234 5.49549 0)
(4.83048 5.21668 0)
(3.84566 4.86287 0)
(2.11483 4.1538 0)
(1.63606 3.1447 0)
(0.788699 2.02498 0)
(0.595308 0.530618 0)
(0.627094 -0.833141 0)
(0.982314 -2.61544 0)
(2.62485 -3.75565 0)
(2.78678 -5.00352 0)
(6.26343 -6.39052 0)
(6.39245 -6.72006 0)
(10.0799 -7.62446 0)
(10.6719 -7.22124 0)
(14.6078 -8.19039 0)
(15.305 -7.1935 0)
(18.885 -7.32268 0)
(19.9361 -6.50029 0)
(22.8117 -5.84082 0)
(23.83 -5.10205 0)
(26.0351 -4.26253 0)
(26.8331 -3.44337 0)
(28.3394 -2.67064 0)
(28.9322 -1.84516 0)
(29.6597 -1.20333 0)
(30.0411 -0.403471 0)
(29.9409 0.0513744 0)
(30.1303 0.668876 0)
(29.2903 0.888691 0)
(29.5915 1.27526 0)
(28.0881 1.38869 0)
(28.6107 1.55977 0)
(26.7898 1.68397 0)
(27.7196 1.56403 0)
(25.7855 1.68957 0)
(26.9546 1.22842 0)
(25.0965 1.34193 0)
(25.9412 0.74891 0)
(24.6858 1.13815 0)
(25.0859 0.860564 0)
(24.7256 1.1801 0)
(24.5008 0.815335 0)
(24.7708 0.733256 0)
(24.0052 0.42224 0)
(24.5062 0.220977 0)
(23.7087 0.334226 0)
(24.121 0.257592 0)
(23.5525 0.909005 0)
(19.9058 12.6708 0)
(24.0236 11.374 0)
(25.4711 11.0808 0)
(25.3751 9.44072 0)
(25.8072 8.52487 0)
(23.6394 7.61076 0)
(24.1206 6.58351 0)
(22.2044 5.60861 0)
(22.7092 3.90879 0)
(22.7596 2.32015 0)
(23.148 0.489942 0)
(23.6257 -1.38876 0)
(24.0432 -2.91468 0)
(24.0763 -4.20829 0)
(24.2191 -5.18557 0)
(23.7233 -5.80134 0)
(23.696 -6.15778 0)
(23.1036 -5.6924 0)
(22.7355 -5.23449 0)
(22.5969 -4.52481 0)
(21.8972 -3.09448 0)
(21.3784 -1.92662 0)
(21.0664 -0.408004 0)
(20.6261 1.62867 0)
(20.5147 3.22242 0)
(21.0042 4.44624 0)
(20.5337 5.61912 0)
(20.1269 6.7926 0)
(18.9087 7.43067 0)
(18.6949 7.6123 0)
(17.4454 7.49469 0)
(16.9079 7.07061 0)
(15.8227 6.5994 0)
(15.0922 5.72189 0)
(14.8887 4.82823 0)
(14.4038 3.49991 0)
(14.2646 2.19312 0)
(14.4327 0.520321 0)
(14.2392 -1.002 0)
(14.9588 -2.85146 0)
(15.7128 -4.75123 0)
(16.7929 -5.95428 0)
(17.4464 -7.62632 0)
(19.2804 -8.28386 0)
(19.8163 -9.446 0)
(21.6585 -9.13283 0)
(22.5289 -10.0681 0)
(24.311 -9.06426 0)
(25.5207 -9.52615 0)
(27.2398 -8.2909 0)
(28.3343 -7.83214 0)
(29.854 -6.6445 0)
(30.5311 -5.75981 0)
(31.9906 -4.67073 0)
(32.063 -3.65555 0)
(33.5199 -2.72015 0)
(32.9927 -1.65546 0)
(34.3377 -0.810835 0)
(33.0972 0.0982295 0)
(34.2648 0.513705 0)
(32.5831 1.25555 0)
(33.6723 1.34331 0)
(31.7612 1.96334 0)
(32.6572 1.74848 0)
(30.9096 2.28426 0)
(31.6115 1.82161 0)
(30.2464 2.1979 0)
(30.6807 1.5159 0)
(29.8995 1.74828 0)
(29.9444 1.18542 0)
(29.7362 1.39467 0)
(29.3141 1.04715 0)
(29.4026 1.00079 0)
(28.7896 0.761992 0)
(29.1389 0.461892 0)
(28.6228 0.47619 0)
(28.9821 0.0880331 0)
(28.7382 0.467127 0)
(28.9493 0.238904 0)
(28.9603 0.899823 0)
(21.657 10.4281 0)
(23.5487 9.65676 0)
(26.1755 9.35832 0)
(27.3005 8.72647 0)
(29.1401 7.9641 0)
(29.4357 7.31764 0)
(30.3943 6.30119 0)
(30.5107 5.27712 0)
(31.1141 3.94034 0)
(31.5884 2.23901 0)
(32.1811 0.449044 0)
(32.1543 -1.24483 0)
(32.2106 -2.95005 0)
(31.4379 -4.06731 0)
(30.5109 -5.15787 0)
(29.3018 -5.759 0)
(28.0909 -5.89539 0)
(26.7282 -5.9248 0)
(25.8585 -5.22901 0)
(25.02 -4.51939 0)
(24.1921 -3.5214 0)
(23.4409 -2.29141 0)
(23.135 -1.20028 0)
(23.092 0.311181 0)
(23.092 1.75077 0)
(23.9486 3.0548 0)
(24.4736 4.24128 0)
(24.9677 5.49201 0)
(25.2175 6.63065 0)
(25.6576 7.17908 0)
(26.346 7.60336 0)
(26.4386 7.53981 0)
(26.8138 7.29608 0)
(26.8704 6.60386 0)
(27.0464 5.68971 0)
(27.5511 4.22823 0)
(27.6554 2.84645 0)
(27.8541 1.03003 0)
(27.8997 -1.03107 0)
(28.3118 -2.66199 0)
(28.2338 -4.66433 0)
(28.8453 -5.97737 0)
(28.1842 -7.58678 0)
(29.4247 -8.59313 0)
(28.1187 -9.5522 0)
(29.9673 -9.82579 0)
(28.4267 -10.3945 0)
(30.7069 -9.78417 0)
(29.7752 -10.186 0)
(32.042 -8.96366 0)
(31.7098 -8.59481 0)
(33.2561 -7.36415 0)
(33.1266 -6.31388 0)
(34.2398 -5.29629 0)
(33.9409 -3.91294 0)
(34.9653 -3.14828 0)
(34.4744 -1.53174 0)
(35.2925 -0.925463 0)
(34.2585 0.507708 0)
(34.8713 0.553709 0)
(33.8241 1.77737 0)
(34.2591 1.50928 0)
(33.2375 2.49027 0)
(33.3926 1.92433 0)
(32.6622 2.66045 0)
(32.5503 1.99425 0)
(32.0644 2.47049 0)
(31.7943 1.88121 0)
(31.6312 2.12301 0)
(31.321 1.76261 0)
(31.2771 1.70738 0)
(30.9692 1.49722 0)
(30.9091 1.07239 0)
(30.7964 1.09674 0)
(30.7519 0.439682 0)
(30.74 0.606972 0)
(30.655 -0.0225786 0)
(30.8531 0.388648 0)
(30.8149 0.106803 0)
(31.2128 0.724731 0)
(21.9656 8.15032 0)
(23.4967 7.79868 0)
(25.8207 7.4659 0)
(27.2606 6.94377 0)
(29.0993 6.25657 0)
(30.186 5.62199 0)
(31.4117 4.75735 0)
(32.2832 3.93533 0)
(33.1125 2.8738 0)
(33.7544 1.66268 0)
(34.4094 0.222062 0)
(34.3561 -1.15849 0)
(34.3144 -2.38599 0)
(33.0913 -3.47243 0)
(32.1647 -4.18674 0)
(30.4477 -4.5319 0)
(29.1824 -4.63495 0)
(27.8633 -4.26807 0)
(26.9841 -3.49616 0)
(26.0019 -2.92321 0)
(25.3468 -2.01307 0)
(24.6469 -1.09254 0)
(24.4706 -0.0888249 0)
(24.2177 0.906762 0)
(24.2862 1.99407 0)
(24.458 3.06895 0)
(25.7057 3.82977 0)
(26.0756 4.81525 0)
(27.6359 5.78145 0)
(28.3413 6.56953 0)
(30.2413 6.9947 0)
(31.2387 7.03362 0)
(32.5824 6.97484 0)
(33.6039 6.21314 0)
(34.5692 5.64265 0)
(35.391 4.14882 0)
(36.1804 2.7867 0)
(36.1695 1.00188 0)
(36.5936 -0.943487 0)
(36.3094 -2.65556 0)
(36.2155 -4.56981 0)
(35.3788 -5.94727 0)
(34.6981 -7.54226 0)
(33.9948 -8.62478 0)
(32.8327 -9.55966 0)
(33.0525 -10.2835 0)
(31.2868 -10.511 0)
(33.0467 -10.523 0)
(31.1033 -10.5199 0)
(33.8912 -9.38444 0)
(32.1386 -9.17752 0)
(34.054 -7.76149 0)
(32.9018 -6.92093 0)
(33.5898 -5.60586 0)
(33.0037 -4.29801 0)
(33.0859 -3.23113 0)
(33.1768 -1.47451 0)
(32.6201 -0.930987 0)
(32.4709 0.737653 0)
(31.6696 0.675599 0)
(32.0082 2.20112 0)
(31.1039 1.77493 0)
(31.5054 3.05111 0)
(30.5131 2.35118 0)
(31.1324 3.27227 0)
(30.2198 2.29498 0)
(30.7604 2.78664 0)
(30.1797 1.85066 0)
(30.4473 2.10151 0)
(30.2138 1.59241 0)
(29.9732 1.61243 0)
(29.9857 1.60574 0)
(29.4045 1.19458 0)
(29.7095 1.4867 0)
(28.9514 0.62076 0)
(29.3897 0.777421 0)
(28.8862 -0.00907668 0)
(29.4629 0.22325 0)
(29.2435 -0.115215 0)
(29.78 0.42802 0)
(21.9094 6.4771 0)
(23.4822 6.31196 0)
(25.4775 5.89172 0)
(26.9903 5.3608 0)
(28.6214 4.7392 0)
(29.8015 4.02672 0)
(31.0353 3.40627 0)
(31.9516 2.60621 0)
(32.865 1.8819 0)
(33.4427 1.04241 0)
(34.0907 0.017363 0)
(34.1341 -0.870373 0)
(33.9958 -1.95885 0)
(33.0337 -2.64863 0)
(32.1885 -3.27589 0)
(30.7199 -3.50223 0)
(29.7886 -3.46006 0)
(28.6716 -3.17909 0)
(27.8072 -2.74367 0)
(26.9221 -2.43139 0)
(26.4293 -1.65244 0)
(25.8465 -1.1498 0)
(25.6445 -0.105659 0)
(25.5007 0.473396 0)
(25.9575 1.38422 0)
(25.7531 2.4402 0)
(27.0329 2.89938 0)
(27.2811 3.95283 0)
(28.9731 4.27977 0)
(29.6165 5.20896 0)
(31.5605 5.29162 0)
(32.7379 5.33245 0)
(34.5805 5.27351 0)
(35.7865 4.56227 0)
(37.4021 4.20498 0)
(38.2008 2.94534 0)
(39.4209 1.96151 0)
(39.4477 0.415118 0)
(39.968 -0.895907 0)
(39.4059 -2.4372 0)
(39.2255 -3.97999 0)
(37.7318 -5.12755 0)
(37.1166 -6.66013 0)
(35.2114 -7.39655 0)
(34.8914 -8.73507 0)
(33.3246 -9.43811 0)
(33.2504 -10.0864 0)
(33.0663 -10.812 0)
(32.0818 -9.98693 0)
(33.8063 -9.21882 0)
(30.7399 -8.69656 0)
(32.8779 -7.44484 0)
(29.5183 -6.77936 0)
(30.6389 -5.0939 0)
(27.9078 -4.17775 0)
(28.6212 -2.1362 0)
(27.4858 -1.12874 0)
(27.0496 -0.0860726 0)
(26.512 0.624247 0)
(25.5084 1.09994 0)
(26.3212 1.87449 0)
(24.9801 1.82253 0)
(26.2868 2.73817 0)
(24.7306 2.34613 0)
(26.3275 3.31516 0)
(24.4185 2.36618 0)
(26.0074 3.23146 0)
(24.3639 2.00061 0)
(25.861 2.58046 0)
(24.841 1.64097 0)
(25.7034 1.92167 0)
(25.3619 1.56749 0)
(25.2485 1.47414 0)
(25.6776 1.28925 0)
(24.4133 0.640375 0)
(25.2313 0.703534 0)
(24.073 0.0514614 0)
(24.985 0.385631 0)
(24.6357 -0.00744042 0)
(25.3692 0.503501 0)
(21.3873 4.56356 0)
(23.0538 4.47027 0)
(24.8615 4.23956 0)
(26.5047 3.84279 0)
(28.0071 3.37298 0)
(29.3847 2.86268 0)
(30.4783 2.3681 0)
(31.6108 1.81954 0)
(32.3794 1.2667 0)
(33.1213 0.719583 0)
(33.5395 0.0531973 0)
(33.7113 -0.606071 0)
(33.4791 -1.39042 0)
(32.8009 -1.82068 0)
(32.0106 -2.40451 0)
(30.8277 -2.35106 0)
(30.0155 -2.5352 0)
(28.7561 -2.24738 0)
(28.0109 -2.11778 0)
(27.1079 -1.78067 0)
(26.5495 -0.999072 0)
(26.2677 -0.933365 0)
(25.7247 0.4006 0)
(26.0277 0.378032 0)
(26.0197 1.33692 0)
(26.597 1.91519 0)
(27.1599 2.25331 0)
(28.0883 3.23934 0)
(29.1966 2.98555 0)
(30.2717 3.94459 0)
(31.7401 3.61012 0)
(33.0903 3.91449 0)
(34.8492 3.55115 0)
(36.097 3.24363 0)
(37.8215 2.76057 0)
(38.5834 1.95764 0)
(39.8827 1.27089 0)
(39.9826 0.0503746 0)
(40.46 -0.6882 0)
(39.8938 -2.11953 0)
(39.4433 -3.03094 0)
(38.2101 -4.32394 0)
(36.9828 -5.40756 0)
(35.4193 -6.30708 0)
(34.3463 -8.00209 0)
(32.4943 -8.51202 0)
(32.7516 -10.5348 0)
(30.2474 -11.0314 0)
(31.431 -9.55778 0)
(28.2575 -8.75001 0)
(25.2299 -7.13998 0)
(24.5471 -6.82469 0)
(20.4484 -5.84641 0)
(20.011 -4.87774 0)
(15.3843 -2.90514 0)
(17.9562 -1.08114 0)
(13.334 0.211746 0)
(15.893 1.12329 0)
(11.6984 1.36771 0)
(14.3676 2.31207 0)
(12.5067 2.18468 0)
(13.8207 2.87931 0)
(13.5197 2.72204 0)
(13.8164 3.15822 0)
(15.1875 2.86474 0)
(14.347 2.81767 0)
(16.5933 2.34737 0)
(14.983 1.99205 0)
(17.6973 2.1219 0)
(15.978 1.42253 0)
(17.8987 2.11522 0)
(17.1546 1.16874 0)
(17.8462 2.21408 0)
(17.9973 1.22121 0)
(17.9142 1.15811 0)
(18.9727 0.638719 0)
(18.6674 -0.314081 0)
(19.8036 -0.0719957 0)
(19.5588 -0.764209 0)
(20.342 -0.0932898 0)
(21.4081 2.39941 0)
(23.0269 2.24652 0)
(24.6673 2.11999 0)
(26.2848 1.86675 0)
(27.7116 1.65946 0)
(29.1546 1.38034 0)
(30.1417 1.19059 0)
(31.3274 0.907731 0)
(31.9378 0.648028 0)
(32.7931 0.334142 0)
(32.9246 -0.00292261 0)
(33.289 -0.425151 0)
(32.8519 -0.820143 0)
(32.504 -1.12838 0)
(31.5895 -1.40392 0)
(30.7562 -1.41364 0)
(29.718 -1.64555 0)
(28.7331 -1.44277 0)
(28.076 -1.46661 0)
(27.2416 -1.10383 0)
(27.0279 -0.757358 0)
(26.5801 -0.564715 0)
(26.5566 0.185208 0)
(26.5755 0.185436 0)
(26.8903 0.959474 0)
(27.6993 0.980325 0)
(27.9365 1.5275 0)
(29.5398 1.69709 0)
(29.8155 1.78345 0)
(31.9157 2.14143 0)
(32.4155 1.94756 0)
(34.5585 2.34663 0)
(35.6 1.78475 0)
(37.2503 2.05687 0)
(38.6984 1.2812 0)
(39.4057 1.26727 0)
(40.8921 0.490668 0)
(40.4609 0.0122163 0)
(41.5272 -0.58396 0)
(40.0185 -1.54195 0)
(40.2794 -1.84983 0)
(38.0638 -3.2375 0)
(36.9306 -3.24288 0)
(34.8091 -4.96619 0)
(31.7687 -5.33472 0)
(30.8404 -6.8684 0)
(25.556 -9.01898 0)
(24.0853 -8.94784 0)
(23.2616 -8.04379 0)
(16.5527 -6.69046 0)
(9.89683 -1.59703 0)
(3.60454 1.6516 0)
(0.872682 0.282166 0)
(-1.35574 -0.401959 0)
(-1.18862 -0.430533 0)
(-1.60574 0.191202 0)
(-1.67557 0.632235 0)
(-0.0158833 1.25545 0)
(-1.32941 1.32197 0)
(2.16328 1.73579 0)
(0.0633416 1.67992 0)
(3.69935 2.05769 0)
(2.69651 1.94775 0)
(5.16225 1.91477 0)
(5.35116 1.94305 0)
(7.07562 1.7259 0)
(7.81063 1.78597 0)
(8.91594 1.28933 0)
(9.92597 1.27966 0)
(10.2615 1.03194 0)
(11.7737 0.954975 0)
(11.7031 1.01182 0)
(13.706 0.558794 0)
(12.5953 0.653083 0)
(13.9275 0.300045 0)
(12.9315 -0.0838674 0)
(13.8149 -0.00137762 0)
(14.0974 -0.364635 0)
(14.0709 -0.427261 0)
(14.5808 0.0630172 0)
(20.7717 1.16403 0)
(22.2687 1.049 0)
(24.0609 0.988092 0)
(25.3756 0.801304 0)
(26.8679 0.734417 0)
(27.9463 0.518152 0)
(28.9402 0.45675 0)
(29.6941 0.255667 0)
(30.2311 0.169601 0)
(30.6864 -0.038775 0)
(30.6537 -0.147988 0)
(30.7184 -0.37072 0)
(30.0178 -0.499976 0)
(29.5925 -0.658783 0)
(28.1571 -0.711598 0)
(27.3052 -0.747148 0)
(25.4986 -0.861961 0)
(24.7123 -0.600261 0)
(23.2408 -0.764704 0)
(22.4251 -0.226286 0)
(21.9273 -0.40987 0)
(21.0278 0.0487256 0)
(21.6488 0.0598403 0)
(20.7425 0.0999722 0)
(22.3018 0.674872 0)
(22.2017 0.154392 0)
(23.4425 1.06847 0)
(24.7541 0.42256 0)
(25.3293 1.0302 0)
(27.9492 0.823045 0)
(27.9759 0.790951 0)
(31.0594 1.17336 0)
(31.1273 0.451926 0)
(33.8589 1.20226 0)
(34.2334 0.101806 0)
(35.7593 0.919724 0)
(36.3841 -0.234352 0)
(36.1177 0.34606 0)
(36.9114 -0.589793 0)
(34.5462 -0.48367 0)
(35.404 -0.861406 0)
(30.8873 -1.60402 0)
(31.1962 -0.950668 0)
(25.1176 -3.21522 0)
(23.2161 -1.16782 0)
(17.9383 -5.49328 0)
(6.09193 -5.27018 0)
(0.823249 1.09124 0)
(-3.39628 3.53216 0)
(-5.00132 3.1032 0)
(-5.04655 1.30424 0)
(-5.01953 -0.757507 0)
(-5.09221 -2.11849 0)
(-6.53054 -2.07509 0)
(-7.75612 -1.35185 0)
(-8.54349 -0.756023 0)
(-8.5912 -0.358341 0)
(-8.33265 0.297492 0)
(-7.9258 -0.145685 0)
(-6.85367 0.58794 0)
(-6.31018 0.331063 0)
(-4.75331 0.470848 0)
(-4.07687 0.518501 0)
(-2.38967 0.486343 0)
(-1.51456 0.45752 0)
(-0.0822518 0.383777 0)
(0.77654 0.266204 0)
(1.76046 0.306418 0)
(2.67729 0.26076 0)
(3.15352 0.278884 0)
(4.17903 0.362729 0)
(4.4314 0.419864 0)
(5.47998 0.857339 0)
(5.93596 0.860713 0)
(6.80126 0.511728 0)
(6.85814 -0.129758 0)
(6.8243 -1.06364 0)
(5.65257 -1.38407 0)
(5.2349 -0.405419 0)
(5.40568 0.350645 0)
)
;

boundaryField
{
    inlet
    {
        type            fixedValue;
        value           uniform (10 0 0);
    }
    outlet
    {
        type            zeroGradient;
    }
    walls
    {
        type            fixedValue;
        value           uniform (0 0 0);
    }
    frontAndBack
    {
        type            empty;
    }
}


// ************************************************************************* //
