/*--------------------------------*- C++ -*----------------------------------*\
| =========                 |                                                 |
| \\      /  F ield         | OpenFOAM: The Open Source CFD Toolbox           |
|  \\    /   O peration     | Version:  2306                                  |
|   \\  /    A nd           | Website:  www.openfoam.com                      |
|    \\/     M anipulation  |                                                 |
\*---------------------------------------------------------------------------*/
FoamFile
{
    version     2.0;
    format      ascii;
    arch        "LSB;label=32;scalar=64";
    class       surfaceScalarField;
    location    "0.15";
    object      phi;
}
// * * * * * * * * * * * * * * * * * * * * * * * * * * * * * * * * * * * * * //

dimensions      [0 3 -1 0 0 0 0];

oriented        oriented;

internalField   nonuniform List<scalar> 
8520
(
0.00992784
7.21646e-05
0.00978962
0.000138213
0.00962953
0.000160094
0.00946828
0.000161249
0.00930946
0.000158821
0.0091492
0.00016026
0.0089864
0.000162802
0.00882101
0.000165391
0.00865374
0.000167266
0.00848571
0.000168029
0.00831797
0.00016774
0.0081512
0.00016677
0.0079857
0.000165504
0.00782155
0.000164145
0.00765875
0.000162799
0.00749741
0.000161347
0.00733757
0.000159833
0.00717934
0.000158234
0.0070228
0.000156536
0.00686804
0.000154757
0.0067152
0.000152849
0.00656434
0.000150851
0.0064155
0.000148848
0.00626876
0.000146734
0.00612421
0.000144549
0.00598185
0.000142358
0.00584179
0.000140061
0.00570394
0.000137858
0.00556842
0.000135513
0.00543524
0.000133182
0.00530438
0.000130865
0.00517582
0.000128555
0.00504945
0.000126376
0.00492526
0.000124183
0.00480315
0.000122115
0.00468295
0.000120198
0.00456455
0.000118403
0.0044477
0.000116853
0.00433223
0.000115464
0.0042178
0.000114435
0.00410414
0.000113657
0.00399079
0.000113346
0.0038774
0.000113396
0.00376348
0.000113917
0.00364844
0.000115045
0.00353179
0.000116641
0.00341266
0.000119133
0.00329052
0.000122139
0.00316423
0.000126295
0.00303312
0.00013111
0.00289596
0.000137157
0.0027517
0.000144256
0.00259927
0.000152433
0.00243704
0.000162231
0.00226422
0.000172822
0.00207883
0.000185386
0.00188015
0.000198682
0.00166644
0.000213714
0.00143705
0.000229384
0.00119103
0.000246025
0.000928471
0.000262557
0.000649788
0.000278683
0.000357146
0.000292642
5.25732e-05
0.000304572
-0.00025999
0.000312563
-0.000567878
0.000307888
-0.000830035
0.000262157
-0.000988489
0.000158454
-0.00100134
1.28557e-05
-0.000863951
-0.000137394
-0.000583245
-0.000280707
-0.000221893
-0.000361352
6.16981e-05
-0.000283591
0.00015566
-9.39618e-05
6.40279e-05
9.16322e-05
-5.51484e-05
0.000119176
0.000114077
-0.000169225
0.000366135
-0.000252058
0.0002894
7.67347e-05
0.000213098
7.63027e-05
0.0100357
3.64624e-05
0.0100798
9.40815e-05
0.0101108
0.000129093
0.0101272
0.000144872
0.0101358
0.00015025
0.0101431
0.000152937
0.0101494
0.000156544
0.0101532
0.000161537
0.0101537
0.000166787
0.0101503
0.000171448
0.0101431
0.000174943
0.0101325
0.00017738
0.010119
0.000179013
0.0101029
0.000180171
0.0100845
0.000181199
0.010064
0.000181905
0.0100412
0.00018262
0.0100163
0.000183138
0.00998927
0.000183543
0.00996024
0.000183786
0.00992927
0.000183823
0.00989641
0.000183716
0.00986169
0.000183561
0.00982525
0.000183181
0.00978708
0.000182713
0.00974723
0.000182211
0.0097058
0.000181489
0.0096627
0.000180955
0.00961813
0.000180088
0.00957197
0.000179341
0.00952424
0.000178595
0.00947503
0.000177764
0.00942417
0.000177237
0.00937184
0.000176512
0.00931779
0.000176165
0.00926213
0.000175858
0.00920463
0.0001759
0.00914531
0.000176176
0.00908394
0.00017683
0.00902043
0.000177951
0.00895456
0.000179526
0.00888604
0.000181865
0.00881462
0.000184811
0.00874002
0.000188524
0.00866176
0.000193305
0.00857962
0.000198774
0.00849276
0.000205998
0.00840111
0.000213786
0.0083034
0.00022401
0.0081996
0.000234911
0.00808812
0.000248634
0.00796875
0.00026363
0.00783988
0.000281298
0.00770062
0.000301488
0.00754976
0.000323688
0.00738546
0.000349688
0.00720689
0.000377244
0.00701159
0.000409014
0.00679861
0.000442369
0.00656568
0.000478952
0.00631084
0.000517396
0.00603318
0.000556344
0.00572908
0.000596741
0.00540147
0.000632183
0.00504949
0.000664546
0.00468183
0.000675544
0.00428405
0.000659942
0.00381799
0.000624519
0.00324481
0.000586036
0.0025531
0.000554312
0.00167749
0.000594906
0.000643571
0.000672564
-0.000379589
0.000739569
-0.000968176
0.000494626
-0.00109656
0.000220013
-0.000887907
-8.94744e-05
-0.000642921
-0.000414211
-0.000421917
-0.000473062
-0.000324378
-2.08042e-05
0.000327229
-0.000438509
0.0100142
2.23099e-05
0.010044
6.41962e-05
0.0100778
9.53475e-05
0.0101073
0.000115348
0.0101314
0.000126177
0.0101522
0.00013214
0.010173
0.000135695
0.010195
0.000139553
0.0102179
0.000143873
0.0102409
0.000148515
0.0102631
0.0001527
0.0102844
0.000156131
0.0103045
0.000158853
0.0103238
0.000160876
0.0103424
0.000162647
0.0103604
0.00016391
0.0103777
0.000165279
0.0103944
0.000166405
0.0104104
0.000167556
0.0104257
0.000168518
0.0104401
0.000169407
0.0104537
0.000170152
0.0104663
0.000170942
0.010478
0.000171449
0.0104887
0.000171978
0.0104984
0.00017253
0.0105071
0.000172788
0.0105146
0.000173498
0.0105211
0.000173576
0.0105262
0.000174252
0.0105302
0.000174586
0.0105328
0.00017521
0.010534
0.000175948
0.0105338
0.000176705
0.0105322
0.000177819
0.0105289
0.000179141
0.010524
0.000180763
0.0105173
0.000182919
0.0105089
0.000185246
0.0104982
0.000188627
0.0104858
0.000191972
0.0104707
0.000196971
0.0104536
0.000201861
0.0104336
0.00020857
0.010411
0.000215915
0.0103853
0.000224425
0.010356
0.000235319
0.0103237
0.000246066
0.0102865
0.000261225
0.010246
0.000275425
0.0101996
0.000295015
0.0101486
0.000314587
0.0100914
0.000338494
0.0100275
0.000365388
0.00995695
0.000394276
0.00987746
0.000429176
0.00978983
0.000464874
0.00969149
0.000507357
0.00958258
0.000551278
0.00946066
0.000600872
0.00932579
0.000652266
0.00917453
0.000707609
0.00900847
0.0007628
0.00882306
0.000817594
0.00861994
0.000867662
0.00838682
0.000908669
0.0081042
0.000942553
0.00775185
0.000976873
0.00732626
0.00101163
0.00682816
0.00105241
0.00630025
0.00112282
0.0057692
0.00120361
0.0052289
0.00127988
0.00445345
0.00127007
0.00347102
0.00120245
0.00223229
0.00114925
0.000724403
0.00109368
-0.000618863
0.000870205
-0.00117624
0.000536572
0.000421281
-0.00127029
0.0100069
1.53917e-05
0.0100267
4.43705e-05
0.0100519
7.02384e-05
0.0100769
9.02745e-05
0.0101003
0.000102766
0.0101222
0.000110277
0.0101431
0.000114769
0.0101642
0.000118467
0.0101864
0.000121732
0.0102095
0.000125328
0.0102332
0.000129052
0.010257
0.0001323
0.0102806
0.000135278
0.0103039
0.000137542
0.0103271
0.000139456
0.0103502
0.000140855
0.0103732
0.000142227
0.0103962
0.000143391
0.0104192
0.000144584
0.0104422
0.000145567
0.0104649
0.000146674
0.0104875
0.000147533
0.0105098
0.000148681
0.0105319
0.000149287
0.0105536
0.000150342
0.010575
0.000151077
0.0105959
0.000151929
0.0106164
0.000152977
0.0106364
0.000153589
0.0106557
0.000154905
0.0106746
0.000155775
0.0106926
0.000157192
0.0107099
0.000158583
0.0107265
0.000160172
0.0107421
0.000162181
0.0107569
0.000164383
0.0107705
0.000167094
0.0107833
0.000170188
0.0107947
0.000173854
0.0108051
0.000178226
0.0108139
0.000183145
0.0108216
0.00018929
0.0108277
0.000195737
0.0108321
0.000204121
0.0108352
0.000212821
0.0108361
0.00022359
0.0108354
0.000235943
0.0108326
0.000248949
0.0108273
0.000266517
0.0108205
0.000282229
0.0108098
0.000305702
0.0107982
0.000326151
0.0107819
0.000354765
0.0107641
0.000383274
0.0107422
0.000416146
0.0107164
0.000454992
0.0106879
0.00049331
0.0106534
0.000541879
0.0106158
0.000588852
0.010572
0.000644678
0.0105225
0.000701754
0.0104665
0.000763625
0.010403
0.000826371
0.010327
0.000893565
0.0102383
0.000956356
0.0101203
0.00102671
0.00996895
0.00109386
0.00977913
0.00116669
0.0095481
0.00124266
0.00927682
0.00132369
0.00897802
0.00142161
0.00866157
0.00152006
0.00829258
0.00164887
0.00779328
0.00176937
0.0071613
0.00183443
0.00645267
0.00185788
0.00570837
0.00183798
0.00466996
0.00190862
0.00329381
0.00191272
0.0018709
0.00184419
0.0100043
1.10819e-05
0.0100166
3.20748e-05
0.010035
5.18793e-05
0.0100563
6.89639e-05
0.010078
8.10141e-05
0.0100988
8.94544e-05
0.0101193
9.43448e-05
0.0101397
9.80714e-05
0.0101607
0.000100723
0.0101826
0.00010343
0.0102051
0.000106533
0.0102282
0.000109166
0.0102515
0.000111994
0.0102749
0.0001142
0.0102983
0.000116058
0.0103215
0.000117611
0.0103449
0.000118813
0.0103682
0.000120071
0.0103918
0.000121047
0.0104153
0.000122055
0.0104388
0.000123123
0.0104623
0.000124031
0.0104857
0.000125271
0.0105092
0.00012588
0.0105322
0.000127279
0.0105553
0.000127959
0.0105779
0.000129343
0.0106006
0.000130317
0.0106227
0.000131504
0.0106446
0.000132988
0.010666
0.00013437
0.010687
0.000136154
0.0107075
0.000138082
0.0107276
0.00014009
0.0107469
0.000142868
0.0107658
0.000145473
0.0107838
0.000149094
0.0108013
0.000152719
0.0108179
0.000157279
0.0108336
0.000162475
0.0108486
0.000168118
0.0108625
0.000175477
0.0108758
0.000182406
0.0108875
0.000192448
0.0108989
0.000201432
0.0109083
0.000214132
0.0109174
0.000226858
0.0109247
0.000241601
0.0109311
0.00026019
0.0109365
0.000276772
0.0109397
0.000302538
0.0109435
0.000322377
0.0109433
0.000354975
0.0109454
0.000381153
0.010942
0.000419484
0.010942
0.000455043
0.0109366
0.000498685
0.010933
0.000545481
0.0109269
0.000594931
0.0109191
0.000652502
0.0109107
0.000710187
0.0109
0.000774257
0.010883
0.00084342
0.0108651
0.000911449
0.0108298
0.000991713
0.0107872
0.00106924
0.0107229
0.00115823
0.0106441
0.00124542
0.0105379
0.00134892
0.0104135
0.00144802
0.0102585
0.00157663
0.0100769
0.00170172
0.00985838
0.00186735
0.00961523
0.00201252
0.0092987
0.00215096
0.00889152
0.00226506
0.00835563
0.00237386
0.00772901
0.00253525
0.00696999
0.00267174
0.00268388
0.00615701
0.010003
8.05545e-06
0.0100118
2.3288e-05
0.0100255
3.81506e-05
0.0100432
5.13409e-05
0.0100625
6.17259e-05
0.0100824
6.95066e-05
0.0101024
7.43314e-05
0.0101225
7.80288e-05
0.0101427
8.04303e-05
0.0101637
8.24935e-05
0.0101854
8.48e-05
0.0102078
8.68021e-05
0.0102305
8.92884e-05
0.0102535
9.12374e-05
0.0102766
9.28848e-05
0.0102997
9.45488e-05
0.010323
9.55006e-05
0.0103461
9.69474e-05
0.0103696
9.75445e-05
0.0103929
9.87606e-05
0.0104165
9.9553e-05
0.0104398
0.000100695
0.0104634
0.000101731
0.0104867
0.000102582
0.0105099
0.000104022
0.010533
0.00010485
0.0105559
0.000106513
0.0105787
0.000107499
0.010601
0.000109139
0.0106232
0.000110782
0.0106451
0.000112522
0.0106665
0.000114747
0.0106878
0.000116835
0.0107082
0.000119614
0.0107286
0.000122458
0.0107481
0.000126054
0.0107675
0.000129702
0.0107857
0.000134422
0.0108039
0.000139169
0.010821
0.000145306
0.0108376
0.000151552
0.0108536
0.000159476
0.0108685
0.000167454
0.0108831
0.000177881
0.0108966
0.000187939
0.0109094
0.00020136
0.0109216
0.000214601
0.0109325
0.000230753
0.0109435
0.000249215
0.0109527
0.000267482
0.0109621
0.000293221
0.0109706
0.000313875
0.010978
0.000347571
0.0109862
0.000372922
0.0109921
0.00041359
0.0110005
0.000446685
0.011005
0.000494123
0.0110146
0.000535854
0.0110178
0.000591787
0.0110285
0.000641749
0.0110317
0.000707049
0.0110403
0.000765665
0.011042
0.000841728
0.0110449
0.000908477
0.0110372
0.000999485
0.0110303
0.00107606
0.0110095
0.00117905
0.0109816
0.0012733
0.0109423
0.00138826
0.0108844
0.00150594
0.0108146
0.00164638
0.0107242
0.00179215
0.0106282
0.00196337
0.0105117
0.00212898
0.0103506
0.0023121
0.0101372
0.00247844
0.00982364
0.00268742
0.00951288
0.00284601
0.00912357
0.00306105
0.0031261
0.00868136
0.0100024
5.66674e-06
0.0100093
1.63983e-05
0.0100204
2.70339e-05
0.0100353
3.64549e-05
0.0100524
4.46212e-05
0.0100711
5.08362e-05
0.0100904
5.49964e-05
0.0101101
5.83057e-05
0.0101302
6.0363e-05
0.0101507
6.20171e-05
0.0101718
6.36368e-05
0.0101936
6.50326e-05
0.0102158
6.71215e-05
0.0102384
6.8594e-05
0.0102612
7.00794e-05
0.0102842
7.15444e-05
0.0103073
7.24083e-05
0.0103304
7.38023e-05
0.0103538
7.41975e-05
0.010377
7.55209e-05
0.0104005
7.60882e-05
0.0104238
7.74308e-05
0.0104473
7.81968e-05
0.0104705
7.94011e-05
0.0104938
8.06808e-05
0.0105168
8.18563e-05
0.0105398
8.35019e-05
0.0105626
8.47321e-05
0.0105851
8.66069e-05
0.0106074
8.8475e-05
0.0106294
9.05314e-05
0.0106512
9.30177e-05
0.0106725
9.54984e-05
0.0106936
9.85469e-05
0.010714
0.000102051
0.0107343
0.000105677
0.0107537
0.000110378
0.0107732
0.000114857
0.0107914
0.000120991
0.01081
0.000126754
0.010827
0.000134542
0.0108444
0.000142044
0.0108602
0.000151665
0.0108765
0.000161609
0.010891
0.000173388
0.0109061
0.000186302
0.0109195
0.000201134
0.0109333
0.000216995
0.010946
0.000236538
0.0109584
0.000255015
0.0109705
0.000281121
0.0109823
0.000302156
0.0109935
0.000336333
0.0110057
0.000360689
0.0110158
0.000403543
0.0110293
0.00043314
0.0110392
0.000484255
0.0110536
0.000521453
0.0110645
0.000580857
0.0110799
0.000626336
0.0110909
0.000696053
0.0111068
0.000749755
0.0111168
0.000831719
0.0111292
0.000896156
0.0111368
0.000991864
0.0111447
0.00106818
0.0111424
0.0011813
0.0111436
0.00127213
0.011126
0.00140587
0.0111116
0.00152035
0.0110775
0.00168042
0.0110498
0.00181986
0.0109981
0.00201505
0.0109559
0.00217121
0.0108649
0.00240308
0.0107683
0.00257501
0.0106217
0.00283403
0.0104627
0.00300509
0.0102669
0.00325679
0.0034172
0.00997582
0.0100021
3.61456e-06
0.0100079
1.05419e-05
0.0100175
1.74039e-05
0.0100305
2.34705e-05
0.010046
2.90948e-05
0.0100635
3.33432e-05
0.0100821
3.64115e-05
0.0101015
3.89052e-05
0.0101214
4.04596e-05
0.0101418
4.16704e-05
0.0101626
4.28122e-05
0.0101839
4.3691e-05
0.0102057
4.53374e-05
0.0102281
4.61835e-05
0.0102506
4.76096e-05
0.0102736
4.85379e-05
0.0102965
4.95316e-05
0.0103198
5.05037e-05
0.010343
5.1022e-05
0.0103663
5.21884e-05
0.0103897
5.27334e-05
0.010413
5.41034e-05
0.0104365
5.47094e-05
0.0104597
5.62126e-05
0.010483
5.73081e-05
0.0105061
5.88336e-05
0.0105292
6.03875e-05
0.010552
6.18599e-05
0.0105746
6.40105e-05
0.0105972
6.58678e-05
0.0106193
6.85078e-05
0.0106415
7.08104e-05
0.0106629
7.40486e-05
0.0106844
7.70279e-05
0.0107053
8.11943e-05
0.0107259
8.50516e-05
0.0107462
9.01094e-05
0.0107658
9.52884e-05
0.0107853
0.000101415
0.0108039
0.00010824
0.0108225
0.000115887
0.0108402
0.000124345
0.0108576
0.000134276
0.0108748
0.000144409
0.0108907
0.000157462
0.0109075
0.000169485
0.0109223
0.000186408
0.0109385
0.000200749
0.0109525
0.000222515
0.0109682
0.000239346
0.0109819
0.000267446
0.0109972
0.00028686
0.0110112
0.000322259
0.0110258
0.000346084
0.0110417
0.000387655
0.0110556
0.000419301
0.0110737
0.000466135
0.0110879
0.000507258
0.0111082
0.000560592
0.0111225
0.000612008
0.0111453
0.000673275
0.0111595
0.00073553
0.0111814
0.000809814
0.011198
0.000879598
0.0112156
0.00097419
0.0112317
0.00105207
0.011245
0.001168
0.0112555
0.00126166
0.0112596
0.00140175
0.0112634
0.00151657
0.0112579
0.0016859
0.0112499
0.00182784
0.0112381
0.00202689
0.0112098
0.00219953
0.0111817
0.00243113
0.0111231
0.00263366
0.01107
0.00288715
0.0109646
0.00311047
0.0108603
0.00336103
0.00361857
0.010659
0.0100019
1.74946e-06
0.0100072
5.21412e-06
0.010016
8.59978e-06
0.0100278
1.1673e-05
0.0100424
1.45223e-05
0.010059
1.67165e-05
0.010077
1.83953e-05
0.0100961
1.98139e-05
0.0101159
2.06909e-05
0.0101362
2.13852e-05
0.0101568
2.21416e-05
0.0101779
2.25732e-05
0.0101995
2.37632e-05
0.0102217
2.39777e-05
0.010244
2.52931e-05
0.010267
2.55658e-05
0.0102898
2.67296e-05
0.0103132
2.70736e-05
0.0103363
2.79549e-05
0.0103598
2.86718e-05
0.010383
2.95211e-05
0.0104066
3.0529e-05
0.0104299
3.14249e-05
0.0104534
3.27329e-05
0.0104766
3.41145e-05
0.0104999
3.54696e-05
0.010523
3.7325e-05
0.0105461
3.87517e-05
0.0105689
4.11964e-05
0.0105916
4.32278e-05
0.0106142
4.58457e-05
0.0106362
4.88187e-05
0.0106587
5.16089e-05
0.0106799
5.58051e-05
0.0107018
5.92516e-05
0.0107225
6.44152e-05
0.0107436
6.89965e-05
0.0107637
7.51518e-05
0.0107838
8.12934e-05
0.0108034
8.86854e-05
0.0108226
9.66521e-05
0.0108415
0.000105462
0.0108599
0.000115867
0.0108782
0.00012611
0.0108958
0.000139878
0.0109136
0.000151674
0.0109308
0.000169255
0.0109477
0.000183814
0.0109654
0.00020478
0.0109809
0.000223835
0.011
0.000248382
0.0110148
0.000272107
0.0110344
0.000302609
0.0110504
0.000330058
0.01107
0.000368055
0.0110879
0.000401418
0.0111088
0.000445215
0.0111284
0.000487682
0.0111502
0.00053876
0.0111737
0.000588539
0.0111951
0.000651872
0.0112205
0.000710104
0.0112459
0.000784452
0.0112683
0.0008572
0.011297
0.000945453
0.0113192
0.00102989
0.0113446
0.00114259
0.0113647
0.00124157
0.0113885
0.00137797
0.0114004
0.00150466
0.0114214
0.00166488
0.0114238
0.00182545
0.0114372
0.00201348
0.0114245
0.00221225
0.0114244
0.00243123
0.0113913
0.00266674
0.0113668
0.00291172
0.0112972
0.00318006
0.0112116
0.00344659
0.00373217
0.011098
0.0100017
3.44697e-08
0.0100069
5.74543e-08
0.0100152
2.49996e-07
0.0100266
2.87178e-07
0.0100407
4.70238e-07
0.0100569
5.02097e-07
0.0100746
6.90782e-07
0.0100935
8.72486e-07
0.0101132
1.00538e-06
0.0101335
1.1326e-06
0.0101541
1.51374e-06
0.0101751
1.52922e-06
0.0101967
2.22369e-06
0.0102187
1.91145e-06
0.0102411
2.96796e-06
0.010264
2.62999e-06
0.0102868
3.88744e-06
0.0103103
3.56469e-06
0.0103334
4.90096e-06
0.0103571
5.0109e-06
0.0103803
6.29819e-06
0.010404
6.85638e-06
0.0104273
8.04352e-06
0.0104508
9.26895e-06
0.0104743
1.06125e-05
0.0104976
1.21882e-05
0.0105211
1.38151e-05
0.0105442
1.56926e-05
0.0105674
1.79699e-05
0.0105903
2.03303e-05
0.0106131
2.30243e-05
0.0106358
2.61257e-05
0.0106581
2.93042e-05
0.0106804
3.35403e-05
0.0107021
3.7509e-05
0.0107239
4.26082e-05
0.010745
4.79216e-05
0.0107663
5.38512e-05
0.0107867
6.09039e-05
0.0108073
6.80623e-05
0.0108273
7.66372e-05
0.010847
8.57594e-05
0.0108669
9.5939e-05
0.0108858
0.000107296
0.0109056
0.000120057
0.010924
0.000133298
0.0109435
0.000149705
0.0109619
0.000165403
0.0109812
0.000185482
0.0110002
0.000204833
0.0110193
0.000229298
0.0110396
0.000251848
0.0110586
0.000283553
0.011081
0.000307674
0.0110999
0.000349128
0.0111259
0.00037544
0.0111447
0.000426393
0.011174
0.000458363
0.0111957
0.000517117
0.0112255
0.000558695
0.0112521
0.000625301
0.0112833
0.00067891
0.0113131
0.000754657
0.0113453
0.000824972
0.0113812
0.000909528
0.0114098
0.0010013
0.0114506
0.00110182
0.011479
0.00121318
0.0115173
0.00133969
0.0115463
0.00147566
0.0115795
0.00163167
0.0116049
0.00180001
0.0116291
0.00198934
0.0116422
0.00219915
0.011652
0.00242139
0.0116485
0.00267021
0.0116229
0.00293736
0.0115908
0.00321219
0.0115131
0.00352428
0.00382622
0.011419
0.0100016
-1.60389e-06
0.0100069
-5.20931e-06
0.0100151
-7.95237e-06
0.0100267
-1.12608e-05
0.0100406
-1.34557e-05
0.0100569
-1.57994e-05
0.0100745
-1.69716e-05
0.0100935
-1.81309e-05
0.0101132
-1.86708e-05
0.0101335
-1.91405e-05
0.0101542
-1.91604e-05
0.0101753
-1.95511e-05
0.0101969
-1.94562e-05
0.0102189
-2.00794e-05
0.0102415
-1.95934e-05
0.0102643
-2.01805e-05
0.0102875
-1.92759e-05
0.0103108
-1.97317e-05
0.0103342
-1.84946e-05
0.0103576
-1.84741e-05
0.0103812
-1.72902e-05
0.0104047
-1.66662e-05
0.0104284
-1.5651e-05
0.0104519
-1.42255e-05
0.0104756
-1.31012e-05
0.0104992
-1.14067e-05
0.0105227
-9.66139e-06
0.0105464
-8.03499e-06
0.0105694
-5.01195e-06
0.0105932
-3.48505e-06
0.0106159
4.13834e-07
0.0106393
2.65563e-06
0.0106619
6.75246e-06
0.0106844
1.10268e-05
0.0107072
1.47338e-05
0.0107286
2.11534e-05
0.0107514
2.51912e-05
0.0107721
3.30796e-05
0.0107943
3.87101e-05
0.0108148
4.75632e-05
0.0108364
5.50735e-05
0.0108567
6.54332e-05
0.0108777
7.49274e-05
0.0108982
8.68454e-05
0.0109183
9.98803e-05
0.0109397
0.0001119
0.0109588
0.000130629
0.0109812
0.000143042
0.0110005
0.000166123
0.0110225
0.00018288
0.0110441
0.000207718
0.0110654
0.000230556
0.0110892
0.000259734
0.0111113
0.000285575
0.0111377
0.000322674
0.0111602
0.000352977
0.0111914
0.00039521
0.0112151
0.000434632
0.0112485
0.000483705
0.0112786
0.000528622
0.0113122
0.000591673
0.0113475
0.000643647
0.0113861
0.000716025
0.0114237
0.000787358
0.0114668
0.00086649
0.0115093
0.000958772
0.0115551
0.00105603
0.0116009
0.00116741
0.0116494
0.00129118
0.0116964
0.00142859
0.0117448
0.00158328
0.0117906
0.00175427
0.0118293
0.00195061
0.0118709
0.00215755
0.0118907
0.0024016
0.0119087
0.00265221
0.011907
0.00293907
0.0118777
0.00324149
0.0118327
0.00356928
0.00391253
0.0117464
0.0100018
-3.42201e-06
0.0100073
-1.06528e-05
0.0100159
-1.65829e-05
0.0100279
-2.32292e-05
0.0100423
-2.79408e-05
0.010059
-3.24475e-05
0.0100771
-3.50471e-05
0.0100961
-3.72099e-05
0.0101161
-3.86158e-05
0.0101362
-3.92516e-05
0.0101572
-4.01988e-05
0.0101782
-4.05008e-05
0.0102003
-4.16124e-05
0.0102222
-4.19362e-05
0.0102452
-4.26194e-05
0.0102679
-4.28742e-05
0.0102914
-4.27357e-05
0.0103147
-4.30161e-05
0.0103382
-4.19802e-05
0.0103619
-4.22105e-05
0.0103854
-4.07682e-05
0.0104093
-4.06333e-05
0.0104329
-3.923e-05
0.0104568
-3.81398e-05
0.0104807
-3.70078e-05
0.0105044
-3.50994e-05
0.0105285
-3.378e-05
0.010552
-3.14948e-05
0.010576
-2.89878e-05
0.0105995
-2.6976e-05
0.010623
-2.31105e-05
0.0106465
-2.08417e-05
0.0106695
-1.6274e-05
0.0106927
-1.2174e-05
0.0107155
-8.07307e-06
0.0107382
-1.51302e-06
0.0107606
2.76696e-06
0.0107832
1.05064e-05
0.0108046
1.72557e-05
0.0108277
2.45499e-05
0.0108483
3.44056e-05
0.0108713
4.24742e-05
0.0108922
5.40375e-05
0.0109143
6.47082e-05
0.0109363
7.79369e-05
0.0109576
9.0525e-05
0.0109804
0.000107852
0.0110019
0.000121576
0.0110256
0.000142404
0.0110468
0.000161656
0.0110734
0.000181102
0.0110933
0.000210675
0.0111236
0.000229402
0.0111448
0.000264393
0.0111756
0.00029194
0.0112025
0.000325999
0.0112337
0.000364069
0.011264
0.000404324
0.0113012
0.000446511
0.0113337
0.000496085
0.0113739
0.000551501
0.0114167
0.000600818
0.0114561
0.000676665
0.0115076
0.000735861
0.011554
0.000820118
0.011609
0.00090372
0.0116631
0.00100192
0.0117249
0.00110562
0.0117838
0.00123233
0.0118524
0.00135992
0.0119122
0.00152356
0.0119843
0.00168216
0.0120427
0.00189215
0.0121044
0.00209591
0.0121542
0.00235175
0.01219
0.00261638
0.0122109
0.00291819
0.0122116
0.0032408
0.0121709
0.00360996
0.00397172
0.0121117
0.0100022
-5.64594e-06
0.0100079
-1.63045e-05
0.0100177
-2.64216e-05
0.0100305
-3.60395e-05
0.0100463
-4.37145e-05
0.0100636
-4.97138e-05
0.0100824
-5.39251e-05
0.0101017
-5.64442e-05
0.0101219
-5.88765e-05
0.010142
-5.93483e-05
0.0101634
-6.1576e-05
0.0101845
-6.15855e-05
0.0102071
-6.41855e-05
0.0102291
-6.39841e-05
0.0102524
-6.59356e-05
0.0102753
-6.5709e-05
0.0102988
-6.63007e-05
0.0103223
-6.64649e-05
0.0103458
-6.55109e-05
0.0103698
-6.61889e-05
0.0103933
-6.43261e-05
0.0104176
-6.48477e-05
0.0104414
-6.30486e-05
0.0104655
-6.22357e-05
0.0104898
-6.13429e-05
0.0105136
-5.88494e-05
0.0105382
-5.84184e-05
0.0105618
-5.50943e-05
0.0105861
-5.33085e-05
0.0106102
-5.10556e-05
0.0106335
-4.64445e-05
0.0106583
-4.56134e-05
0.0106806
-3.85858e-05
0.0107056
-3.71611e-05
0.0107277
-3.01288e-05
0.0107519
-2.57857e-05
0.0107744
-1.97393e-05
0.0107975
-1.25726e-05
0.0108207
-5.93209e-06
0.0108428
2.42701e-06
0.0108668
1.0409e-05
0.0108877
2.16047e-05
0.0109131
2.86075e-05
0.0109328
4.49988e-05
0.0109594
5.13457e-05
0.0109794
7.05757e-05
0.0110053
8.19529e-05
0.011028
9.88082e-05
0.011052
0.000118417
0.0110781
0.000135562
0.0111018
0.000157476
0.01113
0.000182413
0.0111556
0.000203816
0.0111854
0.000234574
0.0112146
0.000262753
0.0112462
0.000294383
0.0112803
0.000329943
0.0113144
0.0003703
0.0113546
0.000406312
0.0113919
0.00045879
0.0114389
0.000504472
0.0114819
0.000557822
0.0115345
0.000624039
0.0115863
0.0006841
0.011646
0.00076042
0.0117063
0.000843381
0.0117754
0.000932825
0.0118445
0.00103657
0.0119266
0.00115023
0.0119982
0.00128827
0.0120979
0.00142385
0.0121689
0.00161118
0.0122731
0.00178799
0.0123467
0.00202224
0.0124341
0.00226439
0.0124983
0.0025522
0.0125477
0.0028688
0.0125754
0.00321313
0.0125664
0.00361887
0.00402756
0.0125106
0.0100025
-8.18991e-06
0.0100091
-2.28867e-05
0.0100206
-3.78796e-05
0.0100353
-5.0786e-05
0.0100527
-6.10379e-05
0.0100714
-6.84115e-05
0.0100906
-7.32196e-05
0.0101107
-7.64865e-05
0.0101306
-7.88189e-05
0.0101515
-8.02528e-05
0.0101727
-8.27854e-05
0.0101948
-8.3655e-05
0.0102174
-8.67754e-05
0.0102401
-8.67234e-05
0.0102636
-8.93446e-05
0.0102867
-8.88852e-05
0.0103104
-8.99394e-05
0.0103341
-9.01734e-05
0.0103576
-8.90403e-05
0.0103821
-9.06966e-05
0.0104053
-8.75499e-05
0.0104306
-9.0119e-05
0.0104537
-8.61186e-05
0.0104792
-8.77829e-05
0.0105027
-8.47942e-05
0.0105277
-8.38792e-05
0.010552
-8.27199e-05
0.0105761
-7.91502e-05
0.0106012
-7.84086e-05
0.0106246
-7.45307e-05
0.0106498
-7.15956e-05
0.0106733
-6.91047e-05
0.0106979
-6.32392e-05
0.0107215
-6.07368e-05
0.010746
-5.46249e-05
0.010769
-4.8819e-05
0.0107939
-4.46174e-05
0.0108163
-3.49137e-05
0.0108413
-3.0943e-05
0.0108638
-2.01314e-05
0.010888
-1.37632e-05
0.0109118
-2.14837e-06
0.0109353
5.05313e-06
0.0109597
2.0638e-05
0.0109835
2.7511e-05
0.0110085
4.56153e-05
0.0110321
5.82786e-05
0.0110596
7.13259e-05
0.0110821
9.59088e-05
0.0111119
0.000105788
0.011137
0.000132371
0.011165
0.00015444
0.0111967
0.000172056
0.0112246
0.000206677
0.0112581
0.000229274
0.011294
0.000258465
0.0113272
0.000296748
0.011368
0.000329502
0.0114112
0.000363165
0.0114503
0.000419628
0.0115054
0.000449364
0.0115503
0.000512991
0.0116114
0.000562931
0.0116673
0.000628134
0.0117374
0.000690325
0.0118028
0.000778007
0.0118869
0.000848733
0.0119657
0.000957743
0.0120599
0.0010561
0.0121578
0.0011903
0.0122648
0.00131684
0.0123772
0.00149888
0.012491
0.0016741
0.0126171
0.00189621
0.0127206
0.00216082
0.0128357
0.00243712
0.0129244
0.00278012
0.0129775
0.00316004
0.0130189
0.00357745
0.00407663
0.0129698
0.0100028
-1.09443e-05
0.0100119
-3.2007e-05
0.0100253
-5.13316e-05
0.0100435
-6.8914e-05
0.0100623
-7.98948e-05
0.0100831
-8.91921e-05
0.0101023
-9.24229e-05
0.0101235
-9.76876e-05
0.0101429
-9.82292e-05
0.0101651
-0.000102482
0.0101862
-0.000103861
0.0102096
-0.000107091
0.0102321
-0.000109246
0.0102559
-0.000110519
0.0102792
-0.000112621
0.010303
-0.000112663
0.0103266
-0.000113599
0.0103507
-0.000114202
0.0103745
-0.000112844
0.0103992
-0.000115388
0.0104228
-0.000111224
0.0104482
-0.000115531
0.0104719
-0.000109731
0.0104974
-0.00011335
0.0105216
-0.000109015
0.0105463
-0.000108552
0.0105719
-0.000108336
0.010595
-0.000102225
0.0106221
-0.000105499
0.0106442
-9.66125e-05
0.0106715
-9.88716e-05
0.0106941
-9.17417e-05
0.0107199
-8.90316e-05
0.0107443
-8.51986e-05
0.0107679
-7.82259e-05
0.0107943
-7.5179e-05
0.0108159
-6.61696e-05
0.010844
-6.30385e-05
0.0108636
-5.0592e-05
0.0108935
-5.00235e-05
0.010912
-3.22884e-05
0.0109423
-3.23524e-05
0.0109626
-1.53432e-05
0.0109895
-6.25684e-06
0.0110154
1.68996e-06
0.0110377
2.3258e-05
0.0110683
2.76868e-05
0.0110904
4.92036e-05
0.01112
6.63317e-05
0.0111478
7.79803e-05
0.0111746
0.000105573
0.0112073
0.000121782
0.0112364
0.00014297
0.0112707
0.000172335
0.0113035
0.00019652
0.0113441
0.000217776
0.011377
0.000263868
0.0114259
0.000280626
0.0114657
0.00032339
0.0115162
0.000369114
0.0115683
0.00039724
0.0116246
0.000456675
0.0116843
0.000503262
0.011754
0.000558466
0.0118218
0.000622532
0.0119084
0.00069135
0.0119855
0.000771691
0.012094
0.000849195
0.0121833
0.000966767
0.0123186
0.00105504
0.0124264
0.001209
0.0125765
0.00134882
0.0127259
0.00152466
0.0128693
0.00175286
0.0130469
0.00198326
0.0131775
0.00230643
0.0133372
0.00262047
0.0134353
0.00306192
0.0135295
0.00348326
0.0040849
0.0135212
0.0100038
-1.47749e-05
0.0100168
-4.49938e-05
0.0100346
-6.91613e-05
0.0100566
-9.08186e-05
0.0100778
-0.000101142
0.0100994
-0.000110828
0.0101193
-0.000112247
0.0101406
-0.000119056
0.0101611
-0.000118687
0.010184
-0.00012539
0.0102062
-0.000126076
0.0102301
-0.000130978
0.0102536
-0.00013273
0.0102773
-0.000134233
0.0103016
-0.000136927
0.0103246
-0.000135699
0.0103499
-0.000138838
0.0103725
-0.000136831
0.0103986
-0.000138965
0.0104213
-0.000138064
0.0104477
-0.000137673
0.010471
-0.000138805
0.0104971
-0.000135763
0.0105212
-0.000137508
0.0105467
-0.000134484
0.0105713
-0.000133189
0.0105968
-0.000133803
0.010621
-0.000126416
0.0106473
-0.000131772
0.0106704
-0.000119806
0.0106975
-0.000125954
0.01072
-0.000114228
0.0107473
-0.000116306
0.0107698
-0.000107693
0.0107967
-0.000105168
0.0108195
-9.79487e-05
0.0108458
-9.24958e-05
0.0108693
-8.65445e-05
0.0108943
-7.56146e-05
0.0109196
-7.52514e-05
0.010943
-5.56904e-05
0.0109693
-5.87207e-05
0.0109935
-3.94558e-05
0.0110182
-3.10119e-05
0.0110462
-2.62834e-05
0.0110683
1.1459e-06
0.0110994
-3.42142e-06
0.0111226
2.60246e-05
0.0111536
3.53308e-05
0.0111803
5.12517e-05
0.011213
7.28866e-05
0.0112402
9.46285e-05
0.0112803
0.000102844
0.0113049
0.000147703
0.0113535
0.000147915
0.0113819
0.00018935
0.0114315
0.00021431
0.011472
0.000240079
0.0115228
0.000272652
0.0115731
0.00031882
0.0116306
0.000339687
0.0116926
0.000394734
0.0117558
0.000440007
0.0118306
0.000483735
0.0119128
0.000540331
0.0119914
0.000612676
0.0121032
0.000659956
0.0121927
0.0007597
0.0123277
0.000831718
0.012442
0.000940727
0.0126123
0.00103874
0.0127476
0.00121348
0.012965
0.00130729
0.013127
0.00159084
0.013369
0.00174131
0.0135695
0.00210586
0.0137654
0.00242461
0.0139633
0.00286407
0.0141023
0.00334421
0.00398981
0.0141974
0.0100069
-2.1628e-05
0.0100268
-6.4917e-05
0.010052
-9.43626e-05
0.010077
-0.000115807
0.0101007
-0.000124876
0.0101224
-0.000132553
0.0101439
-0.000133732
0.0101648
-0.00013991
0.0101877
-0.000141597
0.0102106
-0.000148353
0.0102352
-0.00015059
0.0102588
-0.00015463
0.0102833
-0.000157277
0.0103067
-0.000157585
0.010331
-0.000161205
0.0103541
-0.000158868
0.0103786
-0.000163331
0.0104018
-0.000159997
0.0104267
-0.000163843
0.0104499
-0.000161245
0.0104749
-0.000162693
0.0104982
-0.000162145
0.0105227
-0.000160288
0.0105466
-0.000161368
0.0105702
-0.00015808
0.0105947
-0.000157669
0.0106173
-0.000156425
0.010642
-0.000151148
0.0106644
-0.000154104
0.0106884
-0.000143839
0.0107113
-0.000148861
0.0107337
-0.000136576
0.0107579
-0.000140509
0.0107784
-0.000128182
0.0108034
-0.000130213
0.0108236
-0.000118123
0.0108469
-0.000115779
0.0108706
-0.000110337
0.0108878
-9.27754e-05
0.0109195
-0.00010696
0.0109281
-6.42343e-05
0.0109678
-9.84629e-05
0.0109714
-4.30723e-05
0.0110135
-7.3083e-05
0.0110194
-3.21456e-05
0.0110597
-3.92319e-05
0.0110687
-1.24104e-05
0.0111105
-1.57665e-05
0.011121
2.48494e-05
0.0111662
6.01501e-06
0.0111809
5.82085e-05
0.0112243
5.12253e-05
0.0112502
7.69412e-05
0.0112919
0.00010603
0.0113234
0.000116374
0.011377
0.000135801
0.0114037
0.000187631
0.011474
0.000169771
0.0115042
0.000242388
0.0115828
0.0002402
0.0116243
0.000298212
0.0117155
0.000303597
0.0117643
0.000391174
0.0118693
0.000378737
0.0119411
0.000468505
0.0120488
0.000505029
0.0121639
0.000544846
0.0122759
0.000647684
0.0124081
0.000699458
0.012588
0.000760844
0.0127002
0.00092661
0.0129574
0.000956213
0.0131305
0.0011342
0.0134018
0.00131956
0.0136727
0.0014704
0.0139833
0.0017953
0.0142548
0.00215311
0.0145506
0.00256823
0.0147657
0.00312914
0.0038206
0.0149349
0.0100147
-3.63664e-05
0.0100436
-9.38165e-05
0.0100786
-0.000129298
0.010107
-0.000144259
0.0101327
-0.000150501
0.010152
-0.0001519
0.0101749
-0.000156666
0.0101951
-0.000160127
0.0102205
-0.000166945
0.0102416
-0.000169436
0.0102663
-0.00017528
0.0102861
-0.000174438
0.0103083
-0.000179459
0.0103271
-0.000176385
0.010347
-0.000181122
0.0103655
-0.000177387
0.0103839
-0.000181694
0.0104017
-0.000177811
0.0104192
-0.000181353
0.0104351
-0.000177208
0.0104527
-0.000180271
0.0104658
-0.000175195
0.0104839
-0.000178376
0.0104941
-0.000171557
0.0105121
-0.000176087
0.0105206
-0.000166184
0.0105369
-0.000172767
0.0105454
-0.000159644
0.0105591
-0.000167765
0.0105679
-0.000152684
0.0105796
-0.000160495
0.0105876
-0.000144627
0.010599
-0.000151941
0.0106052
-0.000134331
0.0106174
-0.000142457
0.0106218
-0.000122446
0.0106351
-0.000129147
0.0106378
-0.000112995
0.0106535
-0.00010851
0.0106536
-0.000107015
0.0106732
-8.38238e-05
0.0106711
-9.64032e-05
0.0106936
-6.55599e-05
0.0106931
-7.26463e-05
0.0107156
-5.46246e-05
0.0107199
-4.3502e-05
0.0107432
-3.57522e-05
0.0107507
-2.32554e-05
0.0107818
-6.18225e-06
0.0107886
-7.86249e-07
0.0108326
1.41469e-05
0.010837
4.68121e-05
0.0108907
2.33225e-05
0.0109045
9.22129e-05
0.0109626
5.82393e-05
0.0109831
0.000115346
0.0110623
0.000108413
0.0110752
0.000156858
0.0111825
0.000135062
0.0111994
0.000223356
0.0113242
0.000173392
0.011356
0.000271762
0.0114922
0.000254986
0.01156
0.000310986
0.01168
0.000348507
0.0118142
0.000370784
0.0119499
0.00040917
0.0120771
0.000520423
0.0122945
0.000482115
0.0124495
0.000605868
0.0126546
0.000721479
0.0129526
0.000658189
0.0131396
0.000947263
0.0135425
0.000916592
0.0138964
0.00111653
0.0142925
0.00139917
0.0148606
0.00158507
0.0152777
0.00215105
0.0157106
0.00269623
0.00358866
0.0159426
0.0100359
-7.22999e-05
0.0100799
-0.000137806
0.0101112
-0.000160534
0.0101274
-0.000160525
0.0101363
-0.000159414
0.0101436
-0.000159149
0.0101505
-0.000163597
0.0101542
-0.000163804
0.0101555
-0.000168291
0.010152
-0.000165936
0.0101457
-0.00016895
0.0101354
-0.000164135
0.0101227
-0.000166701
0.0101075
-0.000161222
0.0100898
-0.000163408
0.0100707
-0.000158352
0.0100487
-0.00015963
0.010026
-0.000155103
0.01
-0.000155397
0.00997377
-0.000150967
0.00994454
-0.000151046
0.00991491
-0.000145563
0.00988316
-0.000146624
0.00985059
-0.000138989
0.00981674
-0.00014224
0.00978205
-0.000131484
0.00974632
-0.000137046
0.00971035
-0.000123669
0.00967304
-0.000130455
0.00963629
-0.000115934
0.00959804
-0.000122244
0.00956142
-0.000108011
0.00952263
-0.000113148
0.00948751
-9.92107e-05
0.00944871
-0.00010366
0.00941519
-8.89219e-05
0.00937972
-9.36822e-05
0.00934418
-7.74498e-05
0.00931865
-8.29773e-05
0.00927676
-6.51325e-05
0.00926439
-7.14476e-05
0.00921966
-5.1671e-05
0.00921453
-6.04316e-05
0.00917776
-3.58769e-05
0.00917376
-5.06231e-05
0.00914775
-1.74977e-05
0.00915191
-3.99059e-05
0.0091293
-6.44645e-07
0.00914486
-2.17435e-05
0.00913396
1.01149e-05
0.00914982
-1.71521e-06
0.00916498
3.16491e-05
0.00918087
7.42919e-06
0.0092183
5.4791e-05
0.00924306
3.3475e-05
0.00929867
5.97402e-05
0.00933479
7.22864e-05
0.00942007
7.15797e-05
0.00945214
0.000102995
0.00958208
9.34185e-05
0.00963202
0.000123448
0.00976471
0.000139069
0.00987017
0.000149524
0.0100426
0.000138596
0.0100847
0.000306388
0.0104212
3.424e-05
0.010405
0.000425384
0.0108078
0.000117599
0.0108502
0.000439774
0.0113086
0.000147444
0.0113416
0.000688439
0.0120222
-2.23407e-05
0.0119654
0.00100406
0.0128338
4.81933e-05
0.0129368
0.00101354
0.013933
0.000402949
0.0142548
0.00126322
0.0156065
0.0007994
0.0161089
0.00219383
0.00229491
0.0174026
0.0099277
0.00978989
0.00962936
0.00946883
0.00930942
0.00915027
0.00898667
0.00882287
0.00865458
0.00848864
0.00831969
0.00815556
0.00798886
0.00782764
0.00766423
0.00750588
0.00734625
0.00719114
0.00703575
0.00688478
0.00673373
0.00658817
0.00644155
0.00630256
0.00616032
0.00602883
0.00589179
0.00576812
0.00563766
0.00552173
0.00539948
0.00529147
0.00517832
0.00507911
0.00497545
0.00488653
0.00479285
0.0047154
0.00463242
0.00456729
0.00449584
0.00444417
0.00438374
0.00434786
0.00429724
0.00427974
0.00423984
0.00423919
0.00421745
0.00422756
0.00422585
0.0042575
0.00426493
0.00431972
0.00435319
0.00441293
0.00448522
0.0045568
0.00465979
0.00475321
0.00487666
0.00501573
0.00516525
0.00530385
0.00561024
0.00564448
0.00606986
0.00618746
0.00662724
0.00677468
0.00746312
0.00744078
0.00844484
0.00849303
0.00950658
0.00990952
0.0111727
0.0119721
0.014166
0.0164609
-7.22443e-05
0.000148547
-7.93402e-05
7.09594e-06
0.000168535
-0.000247875
0.000454366
-0.000285832
0.000706817
-0.000252451
0.000895184
-0.000188367
0.000914105
-1.89208e-05
0.000642877
0.000271228
3.92765e-05
0.0006036
-0.000888685
0.000927961
-0.00195343
0.00106475
-0.00293956
0.000986127
-0.00347936
0.000539796
-0.00346084
-1.85177e-05
-0.00327169
-0.000189144
-0.00311028
-0.000161411
-0.0029245
-0.000185782
-0.00234915
-0.000575349
-0.000946965
-0.00140219
-0.000946965
-0.000574383
0.000284421
-0.000720066
0.000152779
-0.00069415
-0.000273791
-0.000607644
-0.000372337
-0.000448429
-0.000411665
-0.000476187
-0.000160609
-0.000710697
0.000215589
-0.00120509
0.000765622
-0.00189701
0.00129552
-0.00255636
0.00158732
-0.00319704
0.00170543
-0.00367946
0.00146855
-0.00391314
0.000773476
-0.0039819
5.02409e-05
-0.00401331
-0.000157737
-0.00395825
-0.000216466
-0.00363215
-0.000511889
-0.00268768
-0.00151981
-0.000916225
-0.00317365
-0.00186319
-0.00130704
0.000321172
-0.00138194
0.000227674
-0.00143721
-0.000218523
-0.00140939
-0.000400148
-0.00135152
-0.000469537
-0.00128895
-0.000223183
-0.00134414
0.000270784
-0.00155281
0.000974285
-0.0018478
0.00159051
-0.00227286
0.00201238
-0.00275965
0.00219222
-0.00313249
0.00184138
-0.00340232
0.0010433
-0.00363829
0.000286216
-0.00371005
-8.59726e-05
-0.00344954
-0.000476978
-0.0028452
-0.00111623
-0.00193757
-0.00242744
-0.000814222
-0.00429699
-0.00267741
0.000467078
0.00169828
-0.000598118
0.00129287
-0.00137638
0.000559737
-0.00186767
9.11476e-05
-0.00156691
-0.000770303
-0.00125602
-0.000534069
-0.00114855
0.000163314
-0.00113342
0.000959154
-0.00122513
0.00168221
-0.00143133
0.00221859
-0.00177738
0.00253827
-0.00226266
0.00232665
-0.00277647
0.00155712
-0.0031412
0.000650942
-0.00309849
-0.000128676
-0.00255643
-0.00101904
-0.00181194
-0.00186072
-0.00127323
-0.00296615
-0.000924879
-0.00464535
-0.00360229
0.00524551
0.00260978
0.00415005
0.00238833
0.00263911
0.00207068
0.00110801
0.00162224
-0.000258433
0.000596139
-0.000803022
1.05199e-05
-0.000603228
-3.64797e-05
-0.000416321
0.000772247
-0.000298396
0.00156429
-0.000420845
0.00234104
-0.000815529
0.00293296
-0.00136031
0.00287143
-0.00199785
0.00219466
-0.00246917
0.00112226
-0.00252286
-7.4985e-05
-0.00189936
-0.00164254
-0.00124634
-0.00251374
-0.00105811
-0.00315438
-0.000800982
-0.00490247
-0.00440327
0.00804734
0.00324379
0.0072289
0.00320677
0.00618672
0.00311286
0.00517308
0.00263588
0.00347839
0.00229083
0.00165707
0.00183184
0.000617475
0.00100311
0.000437069
0.000952654
0.000401825
0.00159953
0.000460055
0.00228281
0.000420743
0.00297227
-6.87337e-05
0.00336091
-0.000821306
0.00294723
-0.00135248
0.00165344
-0.00146547
3.79999e-05
-0.0011594
-0.00194861
-0.000681038
-0.0029921
-0.00061494
-0.00322048
-0.000341873
-0.00517554
-0.00474515
0.00959607
0.00362354
0.00907017
0.00373267
0.00847023
0.0037128
0.00746472
0.0036414
0.0063223
0.00343325
0.00497236
0.00318178
0.0031084
0.00286708
0.00185988
0.00220117
0.0014493
0.0020101
0.00118838
0.00254373
0.000926942
0.00323371
0.00068546
0.00360239
0.000424152
0.00320854
0.000183331
0.00189426
-0.000221584
0.000442915
-0.000267481
-0.00190271
-0.000116938
-0.00314265
-0.000158293
-0.00317912
-0.000283549
-0.00505028
-0.0050287
0.0104438
0.0038387
0.0101256
0.00405087
0.00965132
0.00418709
0.00903273
0.00425999
0.00817304
0.00429294
0.0071464
0.00420842
0.00587706
0.00413641
0.00422488
0.00385336
0.00291397
0.00332101
0.00241439
0.00304332
0.00238279
0.0032653
0.00242387
0.00356131
0.00232127
0.00331114
0.00211993
0.0020956
0.00171751
0.000845336
0.00138904
-0.00157425
0.000767316
-0.00252092
0.000134611
-0.00254642
-0.000343728
-0.00457195
-0.00537242
0.0109213
0.00401543
0.0107072
0.00426492
0.0103807
0.00451366
0.00992431
0.00471634
0.0093561
0.00486115
0.00859246
0.00497206
0.00770972
0.00501915
0.0065523
0.00501078
0.00514771
0.00472561
0.00395818
0.00423285
0.00332409
0.00389938
0.00304226
0.00384314
0.00313608
0.00321732
0.00322843
0.00200325
0.0032546
0.000819174
0.00330983
-0.00162948
0.00187659
-0.00108768
0.000201897
-0.000871725
-0.000317182
-0.00405287
-0.0056896
0.0112923
0.00414216
0.0110909
0.00446627
0.010843
0.0047616
0.0105217
0.00503764
0.0100739
0.00530897
0.00952779
0.00551816
0.0088726
0.00567435
0.00808522
0.00579815
0.00711823
0.0056926
0.00608905
0.00526203
0.00538795
0.00460048
0.00519636
0.00403473
0.00520149
0.00321219
0.00531292
0.00189182
0.00533346
0.000798637
0.00460319
-0.00089922
0.00277205
0.000743461
0.00154516
0.000355171
0.000677765
-0.00318548
-0.00501184
0.0116156
0.00427293
0.011461
0.00462084
0.0112215
0.00500111
0.0109287
0.00533046
0.0105855
0.00565219
0.0101703
0.00593337
0.00967122
0.00617338
0.00912443
0.00634494
0.0082688
0.00654823
0.00702729
0.00650355
0.00554269
0.00608508
0.00414038
0.00543704
0.00300423
0.00434833
0.00244353
0.00245253
0.00244084
0.000801325
0.00158001
-3.83923e-05
0.00179591
0.000527566
0.00313287
-0.000981789
0.00185443
-0.00190704
-0.00315741
0.0119859
0.00439878
0.0118213
0.00478541
0.0116118
0.00521063
0.0113377
0.00560461
0.0109951
0.00599479
0.0105497
0.00637868
0.0101088
0.00661431
0.0096616
0.00679216
0.00936734
0.00684249
0.00899529
0.0068756
0.00865137
0.006429
0.00829145
0.00579697
0.00811742
0.00452236
0.00782833
0.00274161
0.00840613
0.000223527
0.00861592
-0.000248183
0.00844855
0.000694936
0.0076377
-0.000170933
0.00467921
0.00105145
0.0015218
0.0124165
0.00449291
0.012233
0.00496883
0.0120147
0.00542893
0.011703
0.00591637
0.0114174
0.00628039
0.0110593
0.00673682
0.0104785
0.00719511
0.00974505
0.00752556
0.00885147
0.00773608
0.00766583
0.00806124
0.00591439
0.00818043
0.00407526
0.0076361
0.00222284
0.00637479
0.000705467
0.00425898
-0.000630513
0.00155951
-0.0019214
0.0010427
-0.00278015
0.00155369
-0.00319033
0.000239247
-0.00189933
-0.000239556
-0.000377527
0.0129037
0.00455902
0.012724
0.00514849
0.0124892
0.00566381
0.0121278
0.00627773
0.0116464
0.00676174
0.0112747
0.00710852
0.0110557
0.00741417
0.0108283
0.00775294
0.0107285
0.00783591
0.0107564
0.00803332
0.0102142
0.00872267
0.00876651
0.00908376
0.00669619
0.00844511
0.00410047
0.0068547
0.000545798
0.00511418
-0.00234614
0.00393464
-0.00338465
0.00259221
-0.00319946
5.40533e-05
-0.00191898
-0.00152004
-0.0022965
0.0134429
0.00463733
0.0132901
0.00530131
0.0130206
0.00593333
0.0127149
0.00658338
0.0121643
0.00731241
0.0113957
0.00787711
0.0106136
0.00819624
0.00956615
0.00880039
0.00816432
0.00923773
0.00724124
0.00895639
0.00734292
0.00862099
0.0076241
0.00880258
0.00718666
0.00888255
0.00550777
0.00853359
0.00302918
0.00759277
0.000754139
0.00620968
-0.000513003
0.00385935
-0.0011453
0.00068635
-0.00129505
-0.00137029
-0.00359155
0.0141239
0.00471083
0.0139327
0.00549249
0.013558
0.006308
0.0130986
0.00704288
0.012795
0.00761598
0.0124929
0.00817923
0.0122986
0.00839051
0.0124504
0.00864855
0.0121053
0.00958284
0.0107361
0.0103257
0.00923777
0.0101193
0.00830157
0.00973878
0.00769812
0.009486
0.0068652
0.0093665
0.00557185
0.00888611
0.00424156
0.00753998
0.00287582
0.00522508
0.00164494
0.00191723
0.000896011
-0.000621361
-0.00269554
0.0149708
0.00467493
0.0147838
0.00567947
0.0143007
0.00679115
0.0134806
0.00786294
0.0125235
0.00857308
0.0113566
0.0093461
0.00990454
0.00984261
0.00903832
0.00951477
0.00943377
0.00918738
0.00998226
0.00977716
0.0096932
0.0104084
0.0089128
0.0105192
0.0081882
0.0102106
0.00770834
0.00984636
0.00718113
0.00941333
0.00617423
0.00854688
0.00471182
0.00668748
0.00294365
0.00368541
0.00167407
0.000648214
-0.00102147
0.0160872
0.00453032
0.0156982
0.00606848
0.0151399
0.00734942
0.0148273
0.00817558
0.0147434
0.00865694
0.0147061
0.00938343
0.0140483
0.0105003
0.0120164
0.0115467
0.0100042
0.0111996
0.00916266
0.0106187
0.00904054
0.0105305
0.00877326
0.0107865
0.00824949
0.0107344
0.00778171
0.0103141
0.00734585
0.00984918
0.00673802
0.00915471
0.00560727
0.00781824
0.00398036
0.00531232
0.00189774
0.00273083
0.000876275
0.0176712
0.00426177
0.0167766
0.0069631
0.0151558
0.00897019
0.0132864
0.010045
0.0117234
0.0102199
0.0111533
0.00995349
0.0120035
0.00965019
0.0126255
0.0109247
0.0115697
0.0122554
0.0100075
0.0121808
0.00897282
0.0115652
0.00838559
0.0113737
0.00782572
0.0112942
0.00727719
0.0108627
0.006859
0.0102674
0.00638636
0.00962735
0.00548044
0.00872416
0.00400602
0.00678673
0.00198254
0.00475431
0.00285881
0.0178955
0.00282711
0.0188692
0.00598948
0.0192932
0.00854611
0.0187359
0.0106024
0.0166713
0.0122845
0.0135226
0.0131022
0.0111686
0.0120042
0.0109654
0.0111279
0.0111575
0.0120633
0.010416
0.0129223
0.00930207
0.0126791
0.00846823
0.0122075
0.00768999
0.0120725
0.00690441
0.0116482
0.00619295
0.0109788
0.00556982
0.0102505
0.00491177
0.00938221
0.00365775
0.00804075
0.00189572
0.00651635
0.00475453
0.00564733
-0.00282022
0.00987503
0.00176178
0.0141113
0.00430981
0.0164395
0.00827424
0.0173144
0.0114095
0.0162828
0.0141338
0.0134796
0.0148074
0.01113
0.0134775
0.0104335
0.0127597
0.0100745
0.0132814
0.00927528
0.0134783
0.00837529
0.0131075
0.00753715
0.0129106
0.00661726
0.0125681
0.00579303
0.0118031
0.00503323
0.0110103
0.00420748
0.010208
0.00311369
0.00913454
0.0016326
0.00799743
0.00638714
-0.00157853
-0.0012417
0.00268437
-0.00250111
0.00729332
-0.000299136
0.010874
0.00469357
0.0140669
0.0082166
0.0157304
0.0124703
0.0146919
0.0158459
0.0121404
0.016029
0.0102241
0.014676
0.00933701
0.0141685
0.00864365
0.0141717
0.00792836
0.0138228
0.00725712
0.0135819
0.00640657
0.0134187
0.0054009
0.0128087
0.00436783
0.0120434
0.00343566
0.0111401
0.00245368
0.0101165
0.0012063
0.00924481
0.00759344
-0.00145522
0.00021352
-0.0014253
-0.00253103
0.0018574
-0.00358184
0.00642972
0.000121252
0.00969909
0.00494722
0.0130723
0.00909707
0.0143194
0.0145988
0.012889
0.0174594
0.0107698
0.0167953
0.00930922
0.0156291
0.00833408
0.0151468
0.00747275
0.0146841
0.00676946
0.0142852
0.00599207
0.0141961
0.00507094
0.0137299
0.00417183
0.0129425
0.00320157
0.0121104
0.00210187
0.0112162
0.00105678
0.0102899
0.00865021
0.00188176
-0.00166824
0.00197232
-0.00262159
0.00161362
-0.00322313
0.00494131
-0.00320643
0.00698044
0.00290808
0.0095379
0.00653961
0.0121185
0.0120182
0.0124172
0.0171607
0.0108164
0.0183961
0.00909011
0.0173554
0.00784338
0.0163935
0.00693723
0.0155903
0.00627598
0.0149464
0.00567144
0.0148006
0.00482929
0.014572
0.0037755
0.0139962
0.0028004
0.0130855
0.00194541
0.0120712
0.000938174
0.0112971
0.00958839
0.000497884
-0.00216613
0.00223515
-0.00435886
0.0037638
-0.00475178
0.00563243
-0.00507507
0.00725723
0.00128328
0.00791924
0.00587761
0.00995022
0.00998727
0.0109589
0.0161521
0.0102344
0.0191206
0.00876194
0.0188278
0.00743225
0.0177232
0.00633679
0.0166857
0.00559253
0.0156907
0.00505747
0.0153357
0.00442403
0.0152055
0.00363322
0.0147871
0.00275897
0.0139597
0.00177005
0.0130601
0.000797142
0.0122701
0.0103855
0.000838511
-0.00300464
0.00220218
-0.00572253
0.00447808
-0.00702768
0.00588534
-0.00648232
0.00769018
-0.000521561
0.00773189
0.00583589
0.00846219
0.00925697
0.00940566
0.0152086
0.00935333
0.0191729
0.00834626
0.0198349
0.00708669
0.0189828
0.0059415
0.0178309
0.00511269
0.0165195
0.00463089
0.0158175
0.00413513
0.0157012
0.00339306
0.0155291
0.00246066
0.0148921
0.00160154
0.0139192
0.000840083
0.0130315
0.0112256
0.0013034
-0.00430804
0.00264565
-0.00706478
0.00436127
-0.0087433
0.00545297
-0.00757402
0.00685223
-0.00192082
0.00724438
0.00544373
0.00715935
0.009342
0.00766649
0.0147015
0.00768808
0.0191513
0.00727543
0.0202475
0.00645935
0.0197989
0.00552964
0.0187606
0.00467651
0.0173726
0.00404691
0.0164471
0.00350687
0.0162413
0.00289459
0.0161414
0.00228404
0.0155027
0.00158178
0.0146215
0.000706738
0.0139065
0.0119324
0.00049833
-0.00480637
0.00166126
-0.0082277
0.0030025
-0.0100845
0.00402085
-0.00859237
0.0048804
-0.00278037
0.00561179
0.00471234
0.00560651
0.00934728
0.00589738
0.0144106
0.00580692
0.0192418
0.00545415
0.0206003
0.00506729
0.0201857
0.00443141
0.0193965
0.00378077
0.0180232
0.00334149
0.0168864
0.00303583
0.0165469
0.00263781
0.0165394
0.00197622
0.0161643
0.00124885
0.0153489
0.000629237
0.0145262
0.0125616
-0.000247002
-0.00455937
-0.000112557
-0.00836215
0.000243637
-0.0104407
0.00118715
-0.00953588
0.00220046
-0.00379368
0.00307651
0.00383628
0.0037925
0.00863129
0.00402681
0.0141763
0.0042039
0.0190647
0.00385519
0.020949
0.00342578
0.0206152
0.00315337
0.0196689
0.00279254
0.0183841
0.00247873
0.0172002
0.00228147
0.0167442
0.00199848
0.0168224
0.00165781
0.0165049
0.00120545
0.0158012
0.000546767
0.0151848
0.0131084
-0.000187652
-0.00437171
-0.00121979
-0.00733001
-0.00171245
-0.00994808
-0.00147107
-0.00977726
-0.000726578
-0.00453817
0.000360368
0.00274934
0.000722802
0.00826886
0.00132715
0.0135719
0.00227459
0.0181172
0.00277334
0.0204503
0.0026547
0.0207338
0.00237092
0.0199527
0.00212587
0.0186291
0.00194875
0.0173773
0.00186395
0.016829
0.00177501
0.0169114
0.00145325
0.0168267
0.000971378
0.0162831
0.00047576
0.0156805
0.0135841
-0.00147954
-0.00289217
-0.00301091
-0.00579864
-0.00423188
-0.00872711
-0.00454766
-0.00946149
-0.00416007
-0.00492575
-0.00340346
0.00199272
-0.00229476
0.00716016
-0.001898
0.0131752
-0.00052516
0.0167444
0.000646572
0.0192785
0.00178238
0.019598
0.00205495
0.0196801
0.00193998
0.0187441
0.00175481
0.0175624
0.0016222
0.0169616
0.00142859
0.017105
0.0011818
0.0170735
0.000845137
0.0166198
0.000367556
0.016158
0.0139517
-0.00148768
-0.00140449
-0.00375023
-0.00353609
-0.00579683
-0.00668051
-0.00704302
-0.00821529
-0.0068343
-0.00513447
-0.00606564
0.00122406
-0.00481071
0.00590522
-0.00405161
0.0124161
-0.00300611
0.0156989
-0.00148736
0.0177598
-9.87e-05
0.0182093
0.00102478
0.0185566
0.00139827
0.0183706
0.00134927
0.0176114
0.00125325
0.0170576
0.00119971
0.0171585
0.00103565
0.0172376
0.000716444
0.016939
0.000312698
0.0165618
0.0142644
-0.00207388
0.000669392
-0.00438822
-0.00122175
-0.00674014
-0.00432859
-0.00849153
-0.0064639
-0.00856912
-0.00505688
-0.00741789
7.28343e-05
-0.00681613
0.00530346
-0.00533864
0.0109386
-0.00390345
0.0142637
-0.00190717
0.0157635
-0.000948088
0.0172502
-9.46566e-05
0.0177032
0.000598472
0.0176775
0.00092245
0.0172875
0.00101422
0.0169659
0.000932599
0.0172401
0.00078296
0.0173872
0.000553186
0.0171688
0.000242082
0.0168729
0.0145065
-0.00187083
0.00254022
-0.0038374
0.000744821
-0.00606518
-0.00210081
-0.00796778
-0.00456131
-0.00872803
-0.00429662
-0.00764073
-0.00101447
-0.00677034
0.00443307
-0.00550624
0.00967447
-0.00402901
0.0127865
-0.00198793
0.0137224
-0.000355674
0.015618
0.000107906
0.0172396
0.000308887
0.0174765
0.000494935
0.0171014
0.000610159
0.0168506
0.000699091
0.0171512
0.000666308
0.01742
0.00048642
0.0173486
0.000167472
0.0171918
0.0146739
-0.000525845
0.00306606
-0.00224134
0.00246032
-0.00377453
-0.000567621
-0.00520612
-0.00312972
-0.00633979
-0.00316295
-0.00645203
-0.000902231
-0.00517947
0.00316051
-0.0036029
0.0080979
-0.00270748
0.0118911
-0.00178459
0.0127995
-0.000204796
0.0140382
0.00091982
0.016115
0.00091803
0.0174783
0.000742315
0.0172771
0.000691953
0.016901
0.00067413
0.017169
0.000620381
0.0174737
0.000457703
0.0175113
0.000234325
0.0174152
0.0149082
0.000508136
0.00255793
-0.000809059
0.00377751
-0.000875195
-0.000501486
-0.00122765
-0.00277726
-0.00195994
-0.00243066
-0.00289399
3.18137e-05
-0.00292258
0.00318911
-0.00171111
0.00688643
-0.00067295
0.0108529
-0.000222576
0.0123491
0.000111294
0.0137043
0.00119142
0.0150349
0.00169686
0.0169729
0.00141304
0.0175609
0.00101164
0.0173024
0.000811117
0.0173696
0.000657642
0.0176272
0.000475407
0.0176936
0.0001687
0.0177219
0.0150769
-0.000248056
0.00280598
0.000545948
0.00298351
0.002164
-0.00211954
0.0025852
-0.00319846
0.0023655
-0.00221096
0.00171474
0.000682566
0.0009396
0.00396425
0.000680168
0.00714586
0.0011389
0.0103942
0.00142243
0.0120656
0.00135657
0.0137702
0.00146511
0.0149264
0.00199425
0.0164437
0.00198005
0.0175752
0.00152488
0.0177576
0.00111937
0.0177751
0.000873474
0.0178731
0.000604702
0.0179623
0.000318597
0.018008
0.0153955
-0.000105935
0.00291192
0.00330665
-0.000429079
0.00523361
-0.0040465
0.00591778
-0.00388263
0.00585078
-0.00214395
0.00547305
0.00106029
0.00480814
0.00462916
0.00390908
0.00804491
0.00339082
0.0109124
0.00295082
0.0125056
0.00279958
0.0139214
0.00231407
0.0154119
0.00233544
0.0164223
0.00237208
0.0175385
0.00201169
0.0181179
0.00151028
0.0182765
0.00105024
0.0183331
0.00070673
0.0183058
0.000304757
0.01841
0.0157003
0.00203725
0.000874672
0.00586163
-0.00425346
0.00732155
-0.00550643
0.00778391
-0.00434499
0.00760427
-0.00196431
0.00739596
0.00126861
0.00707345
0.00495167
0.00644341
0.00867495
0.0056786
0.0116773
0.00453388
0.0136503
0.00392088
0.0145344
0.00337746
0.0159553
0.00277703
0.0170228
0.0025441
0.0177714
0.00224374
0.0184183
0.0017471
0.0187731
0.00128965
0.0187906
0.000840361
0.0187551
0.000427014
0.0188234
0.0161273
0.00391143
-0.00303676
0.00641819
-0.00676022
0.00742726
-0.0065155
0.00777182
-0.00468955
0.00778476
-0.00197724
0.00784333
0.00121003
0.00780987
0.00498513
0.00769061
0.00879422
0.00726632
0.0121015
0.00611792
0.0147987
0.00488671
0.0157656
0.00425903
0.016583
0.00348619
0.0177956
0.00285859
0.018399
0.00248742
0.0187895
0.00202509
0.0192354
0.00144609
0.0193696
0.000959596
0.0192416
0.000448193
0.0193348
0.0165755
0.00353866
-0.00657542
0.00559766
-0.00881922
0.00653526
-0.0074531
0.00702218
-0.00517647
0.0072877
-0.00224277
0.00761764
0.000880095
0.00775897
0.0048438
0.00795079
0.0086024
0.00782827
0.0122241
0.00715362
0.0154734
0.00583566
0.0170836
0.00489616
0.0175225
0.00406626
0.0186255
0.00320733
0.019258
0.00255838
0.0194384
0.00204577
0.019748
0.00153519
0.0198802
0.00100333
0.0197735
0.000493594
0.0198445
0.0170691
0.00285667
-0.00943209
0.00460432
-0.0105669
0.00549251
-0.00834129
0.00611438
-0.00579834
0.00663513
-0.00276351
0.00711814
0.00039709
0.00734166
0.00462027
0.0076839
0.00826016
0.00772442
0.0121836
0.0074784
0.0157194
0.00639404
0.018168
0.00528414
0.0186324
0.00448277
0.0194269
0.00356068
0.0201801
0.00279184
0.0202073
0.00220973
0.0203302
0.00161685
0.0204731
0.00107219
0.0203181
0.000508474
0.0204082
0.0175776
0.00224273
-0.0116748
0.00366505
-0.0119892
0.00451427
-0.00919052
0.00529423
-0.0065783
0.00604477
-0.00351406
0.00660411
-0.000162247
0.00685449
0.00436989
0.00713703
0.00797762
0.00719455
0.012126
0.00724218
0.0156718
0.00658942
0.0188207
0.00543928
0.0197825
0.0046109
0.0202553
0.00375703
0.0210339
0.00282275
0.0211415
0.00209704
0.0210559
0.00153771
0.0210324
0.00101053
0.0208453
0.000501669
0.0209171
0.0180792
0.00174591
-0.0134207
0.00289409
-0.0131374
0.00375545
-0.0100519
0.00464796
-0.0074708
0.00548939
-0.00435549
0.00606635
-0.000739205
0.00638921
0.00404702
0.00652781
0.00783903
0.00652779
0.0121261
0.00659363
0.0156059
0.00625002
0.0191643
0.00532116
0.0207114
0.00449996
0.0210765
0.00372678
0.0218071
0.00289437
0.0219739
0.00217125
0.021779
0.0015498
0.0216538
0.00100167
0.0213934
0.000446728
0.021472
0.018526
0.00135263
-0.0147734
0.00228316
-0.0140679
0.00310996
-0.0108787
0.00408632
-0.00844717
0.00495997
-0.00522914
0.00546454
-0.00124377
0.00575576
0.0037558
0.00576384
0.00783094
0.00568833
0.0122016
0.00574708
0.0155472
0.00564788
0.0192635
0.00486992
0.0214893
0.00414821
0.0217982
0.00351969
0.0224357
0.00268643
0.0228072
0.00191712
0.0225483
0.00134094
0.02223
0.000857087
0.0218773
0.000414488
0.0219146
0.0189405
0.00101827
-0.0157916
0.00174284
-0.0147925
0.0025297
-0.0116655
0.00347268
-0.00939014
0.00426537
-0.00602184
0.00470631
-0.00168471
0.00492413
0.00353798
0.00484799
0.00790708
0.00470116
0.0123484
0.00464375
0.0156046
0.00469935
0.0192079
0.00422495
0.0219637
0.00356788
0.0224552
0.00302533
0.0229782
0.00241701
0.0234155
0.0017729
0.0231924
0.00120436
0.0227986
0.000723322
0.0223583
0.000291657
0.0223463
0.0192321
0.000719529
-0.0165112
0.00123845
-0.0153114
0.00190611
-0.0123332
0.00273936
-0.0102234
0.00338817
-0.00667065
0.00364656
-0.0019431
0.00380902
0.00337551
0.00364553
0.00807058
0.00349154
0.0125024
0.00346122
0.0156349
0.00354345
0.0191257
0.00324313
0.0222641
0.00284587
0.0228525
0.00243351
0.0233906
0.00184843
0.0240006
0.00129179
0.023749
0.000857532
0.0232328
0.000492725
0.0227231
0.000195669
0.0226433
0.0194278
0.000462039
-0.0169732
0.000759607
-0.015609
0.00122438
-0.012798
0.00184874
-0.0108478
0.00232889
-0.0071508
0.00246774
-0.00208195
0.00249124
0.00335201
0.00233369
0.00822814
0.00216364
0.0126724
0.00212346
0.0156751
0.00229289
0.0189563
0.00221504
0.0223419
0.00188584
0.0231817
0.00161856
0.0236579
0.00131582
0.0243033
0.000913551
0.0241513
0.000487535
0.0236588
0.000191714
0.023019
2.28261e-05
0.0228122
0.0194506
0.000194103
-0.0171673
0.000287421
-0.0157023
0.000497881
-0.0130084
0.000822966
-0.0111728
0.00103883
-0.00736666
0.00103252
-0.00207564
0.000961466
0.00342307
0.000834523
0.00835508
0.000775797
0.0127312
0.00076799
0.0156829
0.000988363
0.0187359
0.00102925
0.022301
0.000906676
0.0233043
0.000775769
0.0237888
0.000524846
0.0245543
0.000204686
0.0244715
-3.14953e-06
0.0238667
-0.000131607
0.0231474
-0.000164611
0.0228452
0.019286
-9.62295e-05
-0.0170711
-0.000257893
-0.0155406
-0.000281548
-0.0129848
-0.00026047
-0.0111939
-0.000259131
-0.007368
-0.000395538
-0.00193923
-0.000542732
0.00357026
-0.000668048
0.0084804
-0.000665892
0.012729
-0.000595295
0.0156123
-0.00046614
0.0186067
-0.00031151
0.0221464
-0.000315306
0.0233081
-0.000336126
0.0238096
-0.000380679
0.0245988
-0.000513672
0.0246045
-0.000658881
0.0240119
-0.00065483
0.0231434
-0.000485877
0.0226763
0.0188001
-0.000339264
-0.0167318
-0.000798788
-0.0150811
-0.00108778
-0.0126958
-0.00130886
-0.0109728
-0.00155634
-0.00712052
-0.00188377
-0.0016118
-0.00213486
0.00382135
-0.0021952
0.00854074
-0.00204118
0.012575
-0.00191634
0.0154874
-0.00191021
0.0186006
-0.00177093
0.0220071
-0.00150759
0.0230447
-0.00135643
0.0236584
-0.00137471
0.0246171
-0.00141067
0.0246404
-0.00133872
0.0239399
-0.00115867
0.0229633
-0.000734495
0.0222521
0.0180656
-0.000566915
-0.0161649
-0.00131943
-0.0143286
-0.00193638
-0.0120788
-0.00239157
-0.0105177
-0.00281709
-0.006695
-0.00319392
-0.00123497
-0.00348341
0.00411085
-0.00355495
0.00861228
-0.00341788
0.0124379
-0.00336495
0.0154345
-0.00337452
0.0186102
-0.0031453
0.0217779
-0.00277713
0.0226766
-0.00251576
0.0233971
-0.00240769
0.024509
-0.00235922
0.024592
-0.00221203
0.0237927
-0.00186192
0.0226132
-0.00124318
0.0216334
0.0168224
-0.000872589
-0.0152923
-0.00184042
-0.0133607
-0.00280781
-0.0111114
-0.00349604
-0.00982943
-0.00402673
-0.00616432
-0.00449354
-0.000768157
-0.00487759
0.0044949
-0.00503313
0.00876783
-0.00494183
0.0123466
-0.00490564
0.0153983
-0.00489144
0.018596
-0.00448449
0.0213709
-0.00385589
0.022048
-0.00357995
0.0231211
-0.00347422
0.0244033
-0.00333953
0.0244573
-0.00311165
0.0235649
-0.00275808
0.0222596
-0.00182424
0.0206995
0.0149982
-0.00113282
-0.0141595
-0.00228325
-0.0122103
-0.00339471
-0.00999998
-0.00435504
-0.0088691
-0.00499829
-0.00552107
-0.00545555
-0.000310898
-0.00583069
0.00487004
-0.00613525
0.0090724
-0.00625427
0.0124656
-0.00632243
0.0154665
-0.00614011
0.0184137
-0.00549416
0.020725
-0.00487688
0.0214307
-0.00470088
0.0229451
-0.00458778
0.0242902
-0.0043732
0.0242427
-0.00412397
0.0233156
-0.00364106
0.0217767
-0.00232759
0.0193861
0.0126706
-0.00112607
-0.0130334
-0.00252075
-0.0108156
-0.00387411
-0.00864662
-0.00508985
-0.00765336
-0.00592402
-0.00468689
-0.00634094
0.00010602
-0.00660914
0.00513824
-0.00692028
0.00938354
-0.0070779
0.0126232
-0.00707187
0.0154605
-0.00676239
0.0181042
-0.00609578
0.0200584
-0.00567992
0.0210148
-0.00564852
0.0229137
-0.00554159
0.0241833
-0.00533086
0.0240319
-0.00511663
0.0231014
-0.00495629
0.0216164
-0.00395533
0.0183851
0.00871528
-0.00141825
-0.0116152
-0.00289049
-0.00934339
-0.00449819
-0.00703892
-0.00585776
-0.00629379
-0.00673534
-0.00380931
-0.00708367
0.000454342
-0.00714638
0.00520095
-0.00720651
0.00944367
-0.00726189
0.0126786
-0.00724519
0.0154438
-0.00693327
0.0177923
-0.00647488
0.0196
-0.00648667
0.0210266
-0.00669735
0.0231244
-0.00671731
0.0242032
-0.00649932
0.023814
-0.0063096
0.0229117
-0.00617865
0.0214854
-0.00513867
0.0173451
0.00357661
-0.00135738
-0.0102578
-0.00290334
-0.00779742
-0.00465017
-0.0052921
-0.0062605
-0.00468345
-0.00738409
-0.00268572
-0.00787601
0.00094626
-0.00789558
0.00522052
-0.0077932
0.00934129
-0.00767811
0.0125635
-0.00750487
0.0152705
-0.00729045
0.0175778
-0.00724328
0.0195528
-0.00758285
0.0213662
-0.00785647
0.023398
-0.00769171
0.0240384
-0.0073828
0.023505
-0.00713032
0.0226592
-0.00646333
0.0208184
-0.00432376
0.0152056
-0.000747151
-0.00148095
-0.00877684
-0.00303631
-0.00624207
-0.00476123
-0.00356717
-0.00652837
-0.00291631
-0.00790266
-0.00131143
-0.00861844
0.00166203
-0.00872634
0.00532843
-0.00854523
0.00916017
-0.00837466
0.012393
-0.00831034
0.0152062
-0.00831529
0.0175828
-0.00847146
0.019709
-0.00876785
0.0216626
-0.00871487
0.023345
-0.00830404
0.0236276
-0.00787863
0.0230796
-0.00740056
0.0221811
-0.0060512
0.0194691
-0.00260207
0.0117564
-0.00334922
-0.00133656
-0.00744028
-0.0028671
-0.00471152
-0.00470722
-0.00172706
-0.00663272
-0.000990808
-0.00816235
0.000218195
-0.00916129
0.00266098
-0.00956153
0.00572867
-0.0096116
0.00921024
-0.00960035
0.0123817
-0.00951837
0.0151242
-0.00945529
0.0175197
-0.00948859
0.0197423
-0.0094376
0.0216116
-0.00903028
0.0229377
-0.00841299
0.0230103
-0.00790628
0.0225729
-0.00697154
0.0212464
-0.00486909
0.0173666
-0.00138159
0.00826893
-0.0047308
-0.00132263
-0.00611764
-0.00272848
-0.00330568
-0.00445307
-2.46254e-06
-0.00634393
0.000900047
-0.0079827
0.00185697
-0.00922238
0.00390066
-0.00996477
0.00647106
-0.010233
0.00947846
-0.0102406
0.0123893
-0.0101797
0.0150633
-0.0101389
0.0174789
-0.00999699
0.0196004
-0.00965098
0.0212656
-0.00891046
0.0221972
-0.00814542
0.0222453
-0.00724221
0.0216697
-0.00590559
0.0199098
-0.00344926
0.0149103
-0.0002201
0.00503977
-0.00495091
-0.00118397
-0.00493368
-0.00242972
-0.00205993
-0.00399101
0.00155883
-0.00583614
0.00274517
-0.00753145
0.00355228
-0.00890591
0.00527512
-0.00983525
0.00740041
-0.0102775
0.00992072
-0.0104942
0.012606
-0.0104948
0.015064
-0.0102746
0.0172586
-0.00981306
0.0191389
-0.00912281
0.0205753
-0.00819464
0.021269
-0.00727113
0.0213218
-0.00627977
0.0206784
-0.00466007
0.0182901
-0.00205396
0.0123042
0.000332025
0.00265379
-0.00461888
-0.00103065
-0.00390302
-0.00213016
-0.000960424
-0.00350399
0.00293266
-0.00523053
0.00447171
-0.00684782
0.00516958
-0.00815386
0.00658115
-0.00912507
0.00837162
-0.00971078
0.0105064
-0.00992586
0.0128211
-0.00982695
0.0149651
-0.00952849
0.0169601
-0.00901327
0.0186237
-0.00831174
0.0198738
-0.00734673
0.020304
-0.00633203
0.0203071
-0.00494381
0.0192901
-0.00312001
0.0164663
-0.00117953
0.0103637
0.000483387
0.000990868
-0.00413549
-0.000890387
-0.00301264
-0.00178314
-6.76703e-05
-0.00292592
0.00407544
-0.0044562
0.00600199
-0.0059382
0.00665158
-0.00715999
0.00780294
-0.00815791
0.00936954
-0.00874165
0.0110902
-0.00897511
0.0130545
-0.00895196
0.014942
-0.00863737
0.0166455
-0.00799293
0.0179792
-0.00711494
0.0189958
-0.00617018
0.0193593
-0.00502206
0.019159
-0.00363887
0.0179069
-0.00200706
0.0148345
-0.000523352
0.00888
0.000411013
5.65031e-05
-0.00372448
-0.000733163
-0.00227947
-0.00152839
0.000727552
-0.00245513
0.00500218
-0.00377115
0.00731801
-0.00508811
0.00796854
-0.00617649
0.00889132
-0.00702087
0.0102139
-0.00757298
0.0116423
-0.00777373
0.0132553
-0.00764832
0.0148165
-0.00725118
0.0162484
-0.00667479
0.0174028
-0.00594386
0.0182649
-0.00498755
0.018403
-0.00383057
0.018002
-0.00252724
0.0166036
-0.000991882
0.0132991
7.41918e-06
0.0078807
0.00034408
-0.000280157
-0.0033804
-0.000628609
-0.00165086
-0.00123187
0.00133081
-0.00192974
0.00570006
-0.00299315
0.00838142
-0.00418258
0.00915797
-0.00513111
0.00983984
-0.0058788
0.0109616
-0.00635299
0.0121165
-0.00650986
0.0134121
-0.00643329
0.01474
-0.00614971
0.0159648
-0.00556735
0.0168205
-0.00465502
0.0173525
-0.00376792
0.0175159
-0.00269291
0.016927
-0.00143848
0.0153492
-0.000221813
0.0120824
0.000366433
0.00729246
0.000479381
-0.000393106
-0.00290102
-0.000501832
-0.00114903
-0.00101019
0.00183917
-0.00156759
0.00625745
-0.00244626
0.00926009
-0.00344341
0.0101551
-0.00425784
0.0106543
-0.00484033
0.0115441
-0.0052634
0.0125395
-0.00544089
0.0135896
-0.00530994
0.014609
-0.00489246
0.0155473
-0.00434035
0.0162684
-0.00366745
0.0166796
-0.00277077
0.0166192
-0.00181697
0.0159732
-0.00070215
0.0142344
0.000251259
0.011129
0.000693833
0.00684988
0.000646086
-0.000345358
-0.00225493
-0.000431982
-0.00071705
-0.0008576
0.00226479
-0.00121356
0.00661341
-0.00185734
0.00990388
-0.00272502
0.0110228
-0.00343473
0.011364
-0.00395515
0.0120645
-0.00428135
0.0128657
-0.00438819
0.0136965
-0.00425282
0.0144737
-0.00399262
0.0152871
-0.00353044
0.0158062
-0.00275304
0.0159022
-0.00196049
0.0158266
-0.000975184
0.0149879
-7.79093e-05
0.0133371
0.000477568
0.0105735
0.000933472
0.00639398
0.000759684
-0.00017157
-0.00149525
-0.000333965
-0.000383085
-0.000670019
0.00260084
-0.000978826
0.00692222
-0.00148354
0.0104086
-0.00218345
0.0117227
-0.00281042
0.011991
-0.0031991
0.0124532
-0.00345746
0.0131241
-0.003621
0.01386
-0.00359526
0.0144479
-0.00322946
0.0149213
-0.00275144
0.0153282
-0.0022575
0.0154083
-0.00146664
0.0150358
-0.000842992
0.0143642
8.36794e-05
0.0124104
0.000685143
0.00997208
0.00116542
0.0059137
0.000913211
8.06432e-05
-0.000582039
-0.000301611
-8.1474e-05
-0.000598089
0.00289732
-0.000798305
0.00712243
-0.00111296
0.0107233
-0.00169134
0.0123011
-0.00221732
0.0125169
-0.00259571
0.0128316
-0.00282018
0.0133486
-0.00290878
0.0139486
-0.00282555
0.0143647
-0.00265978
0.0147556
-0.00230812
0.0149765
-0.00169421
0.0147944
-0.0011238
0.0144654
-0.000510181
0.0137506
0.000247209
0.011653
0.000651844
0.00956745
0.00143333
0.00513221
0.000904306
0.000609669
0.000322267
-0.000285318
0.000203844
-0.000519036
0.00313104
-0.000670375
0.00727377
-0.000922345
0.0109752
-0.00134529
0.012724
-0.00181558
0.0129872
-0.0021223
0.0131383
-0.00226599
0.0134923
-0.00238906
0.0140717
-0.00251013
0.0144858
-0.00231291
0.0145584
-0.00198435
0.0146479
-0.00175526
0.0145653
-0.00121972
0.0139298
-0.000633456
0.0131643
-0.000150491
0.0111701
0.000620071
0.00879689
0.00151343
0.00423884
0.000927872
0.00119523
0.00125014
-0.00023911
0.000442954
-0.000475053
0.00336698
-0.000577043
0.00737576
-0.000692614
0.0110908
-0.00104435
0.0130758
-0.0014173
0.0133602
-0.00169868
0.0134197
-0.00190252
0.0136961
-0.00198283
0.014152
-0.00196911
0.014472
-0.00199365
0.0145829
-0.00185783
0.0145121
-0.0015078
0.0142153
-0.00120031
0.0136223
-0.000766478
0.0127305
-0.000344751
0.0107483
0.000810388
0.00764175
0.00139548
0.00365375
0.00083189
0.00175883
0.00208203
-0.000202224
0.000645178
-0.000417396
0.00358215
-0.000511154
0.00746952
-0.000606753
0.0111864
-0.000804749
0.0132738
-0.00112777
0.0136832
-0.00141114
0.0137031
-0.00153129
0.0138163
-0.00162595
0.0142466
-0.00183322
0.0146793
-0.00185992
0.0146096
-0.00182465
0.0144768
-0.00184858
0.0142392
-0.00162572
0.0133995
-0.00143558
0.0125403
-0.000591585
0.00990435
0.000606271
0.00644389
0.000743969
0.00351605
0.000463885
0.00203891
0.00254591
-0.000240948
0.000886126
-0.000392423
0.00373363
-0.000419747
0.00749684
-0.000421756
0.0111884
-0.000605315
0.0134573
-0.000860671
0.0139385
-0.00106825
0.0139106
-0.0012891
0.0140371
-0.00142301
0.0143805
-0.00149243
0.0147487
-0.00172552
0.0148427
-0.00185276
0.0146041
-0.00181325
0.0141997
-0.00186652
0.0134528
-0.00150607
0.0121799
-0.000596142
0.00899442
-0.000231186
0.00607893
-0.000132812
0.00341768
-9.46078e-05
0.00200071
0.00245131
-0.000163335
0.00104946
-0.000320299
0.00389059
-0.000372038
0.00754858
-0.000354806
0.0111712
-0.000389503
0.013492
-0.000587275
0.0141363
-0.00085587
0.0141792
-0.00100026
0.0141815
-0.00113287
0.0145132
-0.00140208
0.0150179
-0.00160223
0.0150428
-0.00184904
0.0148509
-0.00220037
0.014551
-0.00237362
0.013626
-0.0021189
0.0119252
-0.00169579
0.00857131
-0.00144
0.00582314
-0.00122389
0.00320157
-0.0006728
0.00144962
0.00177851
-0.000135277
0.00118474
-0.000269142
0.00402446
-0.000220686
0.00750013
-0.00012861
0.0110791
-0.000195036
0.0135584
-0.000359534
0.0143008
-0.000497501
0.0143172
-0.000755519
0.0144395
-0.000960026
0.0147177
-0.00111857
0.0151765
-0.00151556
0.0154398
-0.00194331
0.0152786
-0.00231733
0.014925
-0.00252184
0.0138305
-0.00226003
0.0116634
-0.00257357
0.00888485
-0.00261812
0.0058677
-0.0022048
0.00278825
-0.00125277
0.000497581
0.000525737
-0.000112689
0.00129743
-0.000119447
0.00403121
-0.000115619
0.0074963
-8.38461e-06
0.0109719
6.86277e-05
0.0134814
-1.89252e-05
0.0143884
-0.000271121
0.0145694
-0.000417021
0.0145854
-0.000634349
0.014935
-0.000980341
0.0155225
-0.00135615
0.0158157
-0.00185824
0.0157807
-0.0023681
0.0154349
-0.00282756
0.01429
-0.00331608
0.0121519
-0.00368558
0.00925435
-0.00362689
0.00580901
-0.00302522
0.00218658
-0.0017813
-0.000746342
-0.00125556
3.26078e-05
0.00126482
-2.92695e-05
0.00409309
0.000100867
0.00736616
0.000297624
0.0107751
0.000336793
0.0134423
0.000257657
0.0144675
0.000188973
0.0146381
-8.83256e-05
0.0148627
-0.000332732
0.0151794
-0.000572177
0.0157619
-0.00103939
0.0162829
-0.00162932
0.0163707
-0.00224884
0.0160544
-0.00270091
0.014742
-0.00295096
0.0124019
-0.00362116
0.00992455
-0.0037425
0.00593035
-0.00303395
0.00147803
-0.00188255
-0.00189774
-0.00313812
9.52526e-05
0.00116957
0.000145008
0.00404334
0.000283915
0.00722726
0.000533862
0.0105252
0.000739766
0.0132364
0.000726883
0.0144804
0.000506443
0.0148585
0.000401438
0.0149677
0.000151799
0.015429
-0.000212878
0.0161266
-0.000654925
0.0167249
-0.00125713
0.0169729
-0.00180891
0.0166062
-0.0024916
0.0154247
-0.00358834
0.0134987
-0.00386775
0.010204
-0.00343697
0.00549957
-0.0027817
0.000822759
-0.00171699
-0.00296245
-0.0048551
0.000178745
0.000990823
0.000311886
0.0039102
0.000542317
0.00699683
0.000885761
0.0101817
0.00106348
0.0130586
0.00111368
0.0144302
0.00109594
0.0148763
0.000842036
0.0152216
0.00067176
0.0155993
0.000444531
0.0163538
1.91629e-05
0.0171503
-0.000524512
0.0175165
-0.00117957
0.0172612
-0.0016495
0.0158947
-0.00177279
0.013622
-0.00199457
0.0104257
-0.00236239
0.00586739
-0.00240144
0.000861815
-0.00153955
-0.00382434
-0.00639466
0.000428645
0.000562178
0.000408135
0.00393071
0.000769204
0.00663576
0.00121063
0.00974028
0.00157265
0.0126966
0.00166399
0.0143388
0.00156218
0.0149781
0.0015453
0.0152385
0.00134142
0.0158032
0.00114439
0.0165509
0.000844193
0.0174505
0.000417195
0.0179435
3.90413e-05
0.0176394
-0.000669579
0.0166033
-0.00160218
0.0145546
-0.00173642
0.01056
-0.00156278
0.00569376
-0.00111532
0.000414352
-0.000994045
-0.00394562
-0.0073887
0.000523163
3.90153e-05
0.00065522
0.00379865
0.00104139
0.00624959
0.00152105
0.00926062
0.00190784
0.0123098
0.00218132
0.0140654
0.0022764
0.014883
0.00214901
0.0153659
0.00214757
0.0158046
0.00208058
0.0166178
0.00198322
0.0175478
0.00164791
0.0182789
0.00110016
0.0181872
0.000919099
0.0167843
0.000978587
0.0144951
0.000321536
0.011217
-0.000207297
0.00622259
-0.000875012
0.00108207
-0.000665444
-0.00415519
-0.00805414
0.000262189
-0.000223173
0.000707178
0.00335366
0.00135129
0.00560547
0.00187714
0.00873478
0.0024674
0.0117196
0.00276111
0.0137716
0.00286445
0.0147796
0.00300329
0.0152271
0.00297044
0.0158375
0.00302321
0.0165651
0.00301359
0.0175575
0.00302556
0.0182669
0.002936
0.0182767
0.00226868
0.0174517
0.00160656
0.0151572
0.00200751
0.0108161
0.00233272
0.00589738
0.00163401
0.00178078
0.00107503
-0.00359621
-0.00697912
-3.7922e-05
-0.000185251
0.00067199
0.00264375
0.00123853
0.00503894
0.00201716
0.00795614
0.00277901
0.0109577
0.00334606
0.0132046
0.00363063
0.0144951
0.00370779
0.0151499
0.00391627
0.015629
0.0041062
0.0163751
0.00436061
0.0173031
0.00433657
0.0182909
0.00425546
0.0183578
0.0044534
0.0172537
0.00400112
0.0156095
0.00207693
0.0127403
0.000821707
0.00715261
0.000571122
0.00203137
0.000193364
-0.00321845
-0.00678575
-0.000190698
5.44709e-06
0.00093563
0.00151742
0.00144399
0.00453058
0.00219975
0.00720038
0.00310253
0.0100549
0.00379669
0.0125104
0.00423149
0.0140603
0.00457286
0.0148085
0.00477198
0.0154299
0.0050411
0.016106
0.00543275
0.0169114
0.00593912
0.0177846
0.00598777
0.0183092
0.00544892
0.0177926
0.00550968
0.0155487
0.00588131
0.0123686
0.0042361
0.00879782
0.00181105
0.00445642
0.000472919
-0.00188032
-0.00631283
-0.000229933
0.00023538
0.000691502
0.000595984
0.00124047
0.00398161
0.00213573
0.00630511
0.00326286
0.00892781
0.00420649
0.0115668
0.00489103
0.0133757
0.00522954
0.01447
0.0056587
0.0150007
0.00608396
0.0156808
0.00656341
0.0164319
0.00696831
0.0173797
0.00750305
0.0177744
0.00789284
0.0174028
0.00698093
0.0164606
0.00606142
0.0132881
0.00605889
0.00880034
0.00487285
0.00564246
0.0018071
0.00118542
-0.00450573
-0.000126296
0.000361677
0.000232233
0.000237455
0.00130156
0.00291229
0.002132
0.00547467
0.00341331
0.0076465
0.00448318
0.0104969
0.00533457
0.0125243
0.00598447
0.0138201
0.00638406
0.0146011
0.00682838
0.0152364
0.00746371
0.0157966
0.00830575
0.0165376
0.00859051
0.0174897
0.00873069
0.0172626
0.00923048
0.0159608
0.00805733
0.0144613
0.00580274
0.0110549
0.00532016
0.00612505
0.00335463
0.00315095
-0.0011511
-0.000141219
0.000502896
-7.01062e-05
0.000166342
0.00112171
0.00172048
0.00198101
0.00461537
0.00315074
0.00647678
0.0046304
0.00901728
0.00576229
0.0113924
0.00641916
0.0131633
0.00708114
0.0139391
0.00771391
0.0146037
0.00824081
0.0152697
0.00895239
0.015826
0.0100599
0.0163822
0.0103474
0.0169751
0.00968051
0.0166277
0.00954781
0.014594
0.00819615
0.0124066
0.00519594
0.00912526
0.00400216
0.00434474
0.00285106
-8.58295e-05
0.000588725
-0.000432918
0.000513431
0.000597026
0.000690534
0.00210861
0.00310378
0.00306624
0.00551915
0.00435694
0.00772658
0.00583725
0.00991214
0.00697574
0.0120248
0.00751062
0.0134042
0.00808889
0.0140254
0.00893582
0.0144228
0.009701
0.0150608
0.0102253
0.0158579
0.0113912
0.0158092
0.011963
0.0160559
0.0105715
0.0159855
0.00951743
0.0134607
0.00704271
0.0116
0.00215818
0.00922927
0.00500924
-9.67058e-05
0.000685431
-0.000213852
0.000630577
0.00018149
0.000295192
0.00169848
0.00158679
0.00283407
0.00438357
0.00413124
0.0064294
0.00552305
0.00852033
0.00693646
0.0106114
0.0081229
0.0122178
0.00876571
0.0133826
0.00920069
0.0139878
0.0102012
0.0140603
0.0112593
0.0147998
0.0114725
0.015596
0.0122919
0.0152365
0.0128975
0.0153799
0.0108259
0.0155323
0.0092352
0.0131906
0.00700624
0.0114582
0.0120155
-1.38365e-05
0.000699268
0.000207663
0.000409077
0.000101171
0.000401684
0.000869651
0.000818307
0.00254216
0.00271106
0.00380888
0.00516269
0.00510749
0.00722172
0.0065603
0.00915856
0.00779291
0.0109852
0.0090401
0.0121354
0.00987221
0.0131557
0.0101891
0.0137434
0.0112902
0.0136987
0.0127281
0.0141582
0.0127086
0.015256
0.0132581
0.0148303
0.013817
0.0149735
0.0105818
0.0164258
0.00682912
0.0152109
0.0188446
0.000179905
0.000519363
0.000946996
-0.000358014
0.00112777
0.000220913
0.000956
0.000990073
0.00185433
0.00181272
0.00345101
0.00356601
0.00475455
0.00591818
0.00607487
0.00783824
0.00756525
0.00949482
0.00876701
0.0109337
0.00998483
0.0119379
0.0111465
0.0125818
0.0113277
0.0135175
0.0123632
0.0131227
0.0140332
0.0135859
0.013735
0.0151285
0.0146637
0.0140447
0.0154939
0.0155956
0.0143685
0.0163363
0.0165252
0.0166879
0.000430301
8.90616e-05
0.00127013
-0.00119785
0.00204501
-0.000553958
0.00237866
0.000656421
0.0021805
0.00201088
0.00273706
0.00300945
0.00411712
0.00453811
0.00537959
0.00657578
0.00664341
0.008231
0.00830519
0.00927187
0.00931746
0.0109256
0.0109497
0.0109496
0.0125114
0.0119558
0.012675
0.0129591
0.0139349
0.012326
0.0156085
0.013455
0.0158236
0.0138296
0.0165914
0.0148278
0.0199737
0.012954
0.0154091
0.0210897
0.000844153
-0.000755091
0.00155442
-0.00190811
0.00228988
-0.00128942
0.0030657
-0.000119405
0.00313367
0.00194291
0.00299826
0.00314487
0.00355111
0.00398526
0.00483389
0.005293
0.00609385
0.00697104
0.00731681
0.00804891
0.00922675
0.00901564
0.0100119
0.0101644
0.012082
0.00988567
0.0136687
0.0113724
0.0143949
0.0115998
0.0154443
0.0124056
0.018237
0.0110369
0.0190017
0.0140631
0.0201912
0.0117645
0.011919
0.0236813
0.000963302
-0.00171839
0.00176665
-0.00271146
0.00242157
-0.00194434
0.00301585
-0.000713682
0.00334243
0.00161633
0.00301314
0.00347415
0.00307113
0.00392727
0.00355567
0.00480845
0.00507952
0.0054472
0.00591929
0.00720913
0.00884242
0.00609252
0.00959204
0.00941478
0.011387
0.00809067
0.0124282
0.0103312
0.0156408
0.00838723
0.0152283
0.0128181
0.0172554
0.00900985
0.0199181
0.0114004
0.0201529
0.0115298
0.00985191
0.02222
0.000971942
-0.00269034
0.00163378
-0.0033733
0.00223002
-0.00254058
0.00259252
-0.00107618
0.00287965
0.00132921
0.00300815
0.00334564
0.00289324
0.00404219
0.0031655
0.00453619
0.00405032
0.00456237
0.00425882
0.00700064
0.00762987
0.00272147
0.00825841
0.00878624
0.012657
0.00369204
0.0114685
0.0115197
0.0152837
0.00457207
0.0163662
0.0117356
0.0166355
0.00874054
0.0193703
0.00866559
0.0207164
0.0101836
0.008971
0.0215974
0.000686451
-0.00337679
0.000980234
-0.00366709
0.00102911
-0.00258946
0.00115774
-0.00120482
0.00146381
0.00102314
0.00173589
0.00307356
0.00152865
0.00424943
0.00159745
0.00446739
0.00316188
0.00299795
0.00263318
0.00752934
0.006036
-0.000681361
0.00490641
0.00991584
0.00944128
-0.000842822
0.00907334
0.0118876
0.0108955
0.00274988
0.0153237
0.00730737
0.0163351
0.00772918
0.0181978
0.00680287
0.0206587
0.00772268
0.00780532
0.0218244
0.00013228
-0.00350907
-4.13989e-05
-0.00349341
-0.000208571
-0.00242228
-0.000302683
-0.00111071
1.52681e-05
0.000705188
0.000614768
0.00247406
0.00116193
0.00370227
0.00125433
0.00437499
0.00162256
0.00262971
0.000282603
0.0088693
0.00320639
-0.00360515
0.00322977
0.00989245
0.00517599
-0.00278904
0.00849725
0.00856637
0.0081152
0.00313193
0.0119986
0.00342394
0.0145007
0.00522716
0.016036
0.00526753
0.0186763
0.00508242
0.00572171
0.0207599
-0.000580434
-0.00292863
-0.0014087
-0.00266514
-0.00197643
-0.00185456
-0.00221496
-0.000872179
-0.00206744
0.000557668
-0.00143701
0.00184363
-0.00189544
0.0041607
-0.000106482
0.00258604
0.00316105
-0.000637823
0.00280242
0.00922793
0.00368808
-0.00449081
0.00713593
0.0064446
0.00635047
-0.00200359
0.00948259
0.00543426
0.00875501
0.00385951
0.0102984
0.00188056
0.0126466
0.00287896
0.0145125
0.00340166
0.0165007
0.00309417
0.00347582
0.0187466
-0.00088715
-0.00204148
-0.00210828
-0.00144401
-0.00300665
-0.000956181
-0.00320998
-0.000668857
-0.00275538
0.000103071
-0.00187283
0.00096108
0.000681561
0.00160632
0.00300034
0.000267258
0.00234634
1.61755e-05
0.00466992
0.00690435
0.00241349
-0.00223438
0.00607047
0.00278762
0.00505878
-0.000991894
0.00812877
0.00236426
0.0095424
0.00244589
0.0101767
0.00124629
0.0117945
0.00126113
0.0136704
0.00152572
0.0152531
0.00151145
0.00145839
0.0172706
-0.00204148
-0.0034855
-0.00444168
-0.00511054
-0.00500747
-0.00404639
-0.00244007
-0.00217281
-0.00215663
0.00474772
0.00251334
0.00530096
0.00430906
0.00667333
0.00911922
0.0103655
0.0116266
0.0131524
0.0146638
0.0161222
0.00148794
0.0152
-0.00085196
0.0023399
0.00267185
-0.00352381
0.00152634
0.00114551
-0.00250626
0.0040326
-0.00301107
0.000504805
-0.00184554
-0.00116553
-0.00122563
-0.000619906
0.000111177
-0.00133681
0.000358197
-0.00024702
-0.000209971
0.000568168
-0.000822473
0.000612502
-0.000729308
-9.31639e-05
-0.00115532
0.000426015
-0.00194843
0.000793112
-0.0015724
-0.000376033
-0.0020059
0.000433501
-0.00245461
0.000448712
-0.00308862
0.000634004
-0.00422078
0.00113216
-0.00580394
0.00158317
-0.00783842
0.00203448
-0.0100105
0.00217208
-0.0122828
0.00227227
-0.0143328
0.00205003
-0.0160929
0.00176009
-0.0173387
0.00124582
-0.0180105
0.000671771
-0.0180157
5.24169e-06
-0.0176024
-0.000413343
-0.0167252
-0.000877181
-0.0155331
-0.00119213
-0.0141848
-0.00134826
-0.0129032
-0.00128162
-0.0117506
-0.0011526
-0.0108212
-0.000929382
-0.0101458
-0.000675426
-0.00972425
-0.000421548
-0.00944413
-0.000280121
-0.00925391
-0.000190218
-0.00907819
-0.000175723
-0.00879703
-0.000281154
-0.00840377
-0.000393258
-0.00786642
-0.000537357
-0.00705979
-0.000806628
-0.0060782
-0.000981589
-0.0049065
-0.0011717
-0.00360094
-0.00130556
-0.00223558
-0.00136536
-0.000889599
-0.00134598
0.000420607
-0.00131021
0.00159429
-0.00117368
0.002534
-0.000939707
0.00332752
-0.000793517
0.00389125
-0.000563733
0.00428576
-0.00039451
0.00455044
-0.000264681
0.00472909
-0.000178653
0.0048444
-0.000115303
0.00493519
-9.0792e-05
0.00501493
-7.97436e-05
0.0050858
-7.0873e-05
0.00516914
-8.33394e-05
0.00525781
-8.86681e-05
0.0053601
-0.000102287
0.0054492
-8.91052e-05
0.00555034
-0.000101132
0.00563654
-8.62057e-05
0.00570845
-7.19103e-05
0.00577086
-6.24047e-05
0.00578212
-1.12611e-05
0.00573203
5.00825e-05
0.0055547
0.000177339
0.005235
0.000319699
0.00474194
0.000493055
0.0041153
0.000626641
0.00343344
0.000681858
0.00283103
0.000602412
0.00228653
0.000544502
0.000369157
0.0220916
0.0141981
0.0150054
0.00942615
0.000784536
0.010697
-0.00315149
0.00508154
-0.00363587
0.00451699
-0.00513625
0.00200518
-0.00449053
-0.00181125
-0.00217335
-0.00293708
-0.000303211
-0.00320695
0.00107311
-0.00162334
0.000696257
0.000945023
-0.000412707
0.00172147
-7.3221e-05
-0.00043265
-0.00127473
0.00162752
-0.00143634
0.000954727
-0.00110655
-0.000705828
-0.00122059
0.00054754
-0.0011229
0.000351025
-0.00158461
0.00109571
-0.00233212
0.00187967
-0.00333183
0.00258287
-0.00453706
0.0032397
-0.0059607
0.00359573
-0.00742177
0.00373334
-0.00886766
0.00349593
-0.0100605
0.00295289
-0.0108738
0.00205919
-0.011182
0.00097994
-0.0110183
-0.000158425
-0.010347
-0.00108469
-0.00931547
-0.0019087
-0.00800255
-0.00250504
-0.00658762
-0.00276319
-0.00521892
-0.00265032
-0.00402065
-0.00235087
-0.00303945
-0.00191058
-0.00231436
-0.00140052
-0.00178183
-0.000954076
-0.00142296
-0.000638985
-0.00115275
-0.000460432
-0.000866572
-0.000461902
-0.000529524
-0.000618202
-8.21566e-05
-0.000840626
0.000555537
-0.00117505
0.00131928
-0.00157037
0.00226745
-0.00192977
0.003384
-0.00228825
0.00462167
-0.00254323
0.00597603
-0.00271972
0.0073734
-0.00274336
0.00869672
-0.00263352
0.00996905
-0.00244602
0.0111356
-0.00210623
0.0121112
-0.00176917
0.0129313
-0.00138384
0.0135968
-0.00105999
0.0140852
-0.000753025
0.0144589
-0.000552359
0.0147086
-0.000365024
0.0148949
-0.000277129
0.0150056
-0.000190391
0.0150623
-0.000127617
0.0150506
-7.15868e-05
0.014991
-2.91165e-05
0.0148957
-6.9743e-06
0.0148156
-8.96733e-06
0.0147452
-3.07355e-05
0.0147029
-4.39718e-05
0.0146497
-1.86674e-05
0.0145656
2.17215e-05
0.0144495
0.000104836
0.0143093
0.000190261
0.0141399
0.000346746
0.0139394
0.000520176
0.0137229
0.000709503
0.0135213
0.000828318
0.0132555
0.000947604
0.0129642
0.000893742
0.0125725
0.000936162
0.00079365
0.0236742
0.0142052
0.0221832
0.0109171
0.0220957
0.0107845
0.0193238
0.00785346
0.017462
0.00637873
0.0151819
0.0042853
0.0112356
0.00213505
0.00562257
0.00267597
0.0010165
0.00139912
-0.000958465
0.00035162
-0.00146489
0.00145145
-0.000397524
0.000654095
-0.00105422
0.000224046
-0.000226215
0.000799517
0.00102002
-0.000291505
0.00105806
-0.000743873
0.00190137
-0.00029577
0.00303897
-0.000786572
0.00423317
-9.84878e-05
0.00548575
0.000627091
0.0060224
0.00204623
0.00568238
0.00357972
0.00474428
0.00453383
0.00361957
0.00485806
0.00255902
0.00455647
0.00173993
0.00377198
0.00117768
0.00262144
0.00100731
0.00115031
0.00120291
-0.000354024
0.00186053
-0.00174231
0.00284752
-0.00289568
0.00407231
-0.00372984
0.00546313
-0.004154
0.00688161
-0.0040688
0.0081993
-0.00366856
0.00929411
-0.00300539
0.010174
-0.00228044
0.0107657
-0.00154575
0.0111371
-0.00101038
0.0113568
-0.000680108
0.0115282
-0.000633309
0.0116836
-0.000773576
0.0119555
-0.00111252
0.0123108
-0.00153042
0.0127982
-0.00205774
0.0134163
-0.00254791
0.0141529
-0.00302475
0.014979
-0.00336942
0.015833
-0.00357371
0.0167296
-0.00363988
0.0175847
-0.00348862
0.01843
-0.00329137
0.0192277
-0.00290392
0.02001
-0.00255147
0.0207234
-0.00209725
0.0214199
-0.00175646
0.0220306
-0.00136376
0.0226099
-0.00113166
0.0230856
-0.000840744
0.0235093
-0.00070076
0.0238056
-0.000486767
0.0240403
-0.000362236
0.0241422
-0.000173569
0.0241947
-8.15821e-05
0.0241456
4.21499e-05
0.0240759
6.07145e-05
0.0239573
8.79019e-05
0.0238245
8.88252e-05
0.023679
0.000126812
0.023491
0.000209685
0.0233104
0.000285481
0.0231008
0.000399862
0.0229022
0.000545371
0.022701
0.000721373
0.0224866
0.000923846
0.0222747
0.00104028
0.0220339
0.00118832
0.0217528
0.00117492
0.0214593
0.00122957
0.001119
0.0246182
0.0118071
0.0250249
0.0105105
0.0272525
0.00855685
0.0270999
0.00800613
0.0269568
0.00652177
0.0256231
0.00561903
0.0241117
0.00364641
0.0242713
0.0025164
0.0233594
0.00231101
0.0216976
0.00201345
0.0213356
0.0018134
0.0206646
0.00132511
0.0199879
0.000900774
0.0200417
0.000745743
0.0192813
0.000468894
0.018382
0.000155378
0.0175751
0.000511135
0.0161301
0.000658474
0.0148883
0.0011433
0.0136886
0.00182682
0.0129526
0.00278219
0.0128689
0.00366341
0.0130372
0.00436556
0.013253
0.00464224
0.0133728
0.00443668
0.0134491
0.00369561
0.0135294
0.00254117
0.0136583
0.00102137
0.0139972
-0.000692895
0.0145457
-0.00229082
0.015234
-0.00358397
0.0159756
-0.00447144
0.0167517
-0.00493007
0.0175402
-0.00485731
0.0183839
-0.00451226
0.0191661
-0.00378763
0.0199207
-0.00303499
0.020591
-0.00221607
0.0212078
-0.00162724
0.0217141
-0.0011864
0.0221275
-0.00104671
0.0224679
-0.00111392
0.0227528
-0.00139748
0.0230707
-0.00184828
0.0233877
-0.00237473
0.0237469
-0.00290714
0.0240818
-0.00335961
0.0244444
-0.00373204
0.0247787
-0.00390804
0.0251247
-0.00398583
0.0254543
-0.00381823
0.0258062
-0.00364333
0.0261418
-0.00323943
0.0265174
-0.00292708
0.0268683
-0.00244819
0.0272594
-0.00214758
0.0276222
-0.00172653
0.0279921
-0.0015016
0.028313
-0.00116158
0.0285709
-0.000958641
0.0287456
-0.00066148
0.0288494
-0.000466074
0.0288832
-0.000207409
0.0288539
-5.22135e-05
0.0288208
7.51991e-05
0.0287278
0.000153784
0.0286236
0.00019201
0.0284674
0.000245068
0.028313
0.000281204
0.0281765
0.000346218
0.0280323
0.000429615
0.0278858
0.000546426
0.0277394
0.000691801
0.0276336
0.000827173
0.0275478
0.00100956
0.027471
0.00111715
0.027407
0.00125224
0.0273082
0.00127373
0.027232
0.00130581
0.00127213
0.0243726
0.00903185
0.0259329
0.00895017
0.0271019
0.0073878
0.0281551
0.00695295
0.0287069
0.00596992
0.0291418
0.00518421
0.0288815
0.00390666
0.0286811
0.0027168
0.0284921
0.00250002
0.0284735
0.00203207
0.0284852
0.00180164
0.0283624
0.00144795
0.0280517
0.00121149
0.0278773
0.000920157
0.0275659
0.000780205
0.0270995
0.000621833
0.0269127
0.000697923
0.0265876
0.00098356
0.0261594
0.00157155
0.0256769
0.00230929
0.0252874
0.00317164
0.0250647
0.00388614
0.0250475
0.00438274
0.025244
0.00444577
0.0255672
0.0041135
0.0259546
0.00330818
0.0263203
0.00217545
0.0266217
0.000719977
0.0269176
-0.000988763
0.0271532
-0.00252636
0.0273576
-0.00378846
0.0275225
-0.00463633
0.0276414
-0.00504897
0.0277481
-0.00496393
0.0278478
-0.004612
0.0280107
-0.00395057
0.0282408
-0.00326503
0.0285235
-0.00249875
0.0288462
-0.00194995
0.0291713
-0.00151153
0.0294727
-0.00134813
0.0297217
-0.00136288
0.0298971
-0.00157294
0.0299939
-0.00194504
0.0299968
-0.00237764
0.0299258
-0.00283616
0.0297549
-0.00318871
0.0295334
-0.00351056
0.0292833
-0.00365794
0.0290466
-0.00374912
0.0288687
-0.00364029
0.0287617
-0.0035363
0.0287647
-0.00324248
0.0288487
-0.0030111
0.0290147
-0.00261417
0.0292445
-0.00237734
0.0295471
-0.00202912
0.029899
-0.00185356
0.0302445
-0.00150706
0.0304975
-0.00121162
0.0306548
-0.000818821
0.03073
-0.000541258
0.0308115
-0.000288892
0.0308003
-4.10345e-05
0.0307541
0.000121397
0.0306668
0.000241146
0.0305346
0.000324182
0.0303544
0.000425283
0.0301648
0.000470735
0.0299869
0.000524118
0.0297936
0.000622908
0.0296044
0.00073562
0.0294222
0.000874042
0.0292806
0.000968773
0.0291743
0.00111591
0.0290931
0.00119835
0.0290334
0.00131188
0.0289735
0.00133369
0.0289066
0.00137271
0.00136324
0.0239281
0.00692821
0.0258456
0.00703265
0.0269445
0.00628884
0.0281682
0.00572926
0.0290123
0.00512587
0.0298822
0.00431433
0.0302625
0.00352638
0.0303246
0.00265465
0.0306093
0.00221536
0.0308331
0.00180825
0.0310871
0.00154764
0.0311971
0.00133793
0.0312243
0.00118436
0.0311573
0.000987137
0.0310826
0.000854888
0.0309451
0.000759275
0.0308057
0.000837388
0.0306915
0.00109772
0.0306623
0.00160082
0.030809
0.00216254
0.0311816
0.00279905
0.0317754
0.00329229
0.0325116
0.00364654
0.033291
0.0036664
0.0340418
0.00336275
0.0347041
0.00264588
0.0352135
0.00166603
0.0355106
0.000422887
0.0355726
-0.00105078
0.0354132
-0.00236695
0.0350079
-0.00338318
0.0344619
-0.00409036
0.0338039
-0.00439093
0.0332022
-0.00436225
0.0326318
-0.00404157
0.032212
-0.00353079
0.031904
-0.002957
0.0317377
-0.00233243
0.0316551
-0.00186736
0.0316203
-0.00147676
0.0316155
-0.00134336
0.0315481
-0.00129545
0.0314449
-0.00146978
0.0312023
-0.00170237
0.0308864
-0.00206174
0.0304562
-0.00240595
0.0299892
-0.00272169
0.0294953
-0.00301674
0.0290385
-0.0032011
0.0286563
-0.00336698
0.0283861
-0.00337007
0.0282337
-0.00338388
0.0282183
-0.00322707
0.0282862
-0.00307896
0.0284636
-0.00279166
0.0286636
-0.0025773
0.0289455
-0.00231099
0.0293114
-0.00221944
0.0296611
-0.00185675
0.0299261
-0.00147665
0.0299977
-0.000890471
0.0299725
-0.000515988
0.0298995
-0.000215937
0.0299159
-5.7476e-05
0.0299027
0.000134598
0.0298193
0.000324565
0.0296473
0.000496251
0.0294838
0.000588754
0.0293225
0.000631981
0.0291618
0.000684833
0.0289958
0.000788971
0.028856
0.000875365
0.0287388
0.000991227
0.0286475
0.0010601
0.028593
0.00117039
0.0285626
0.00122875
0.0285611
0.00131341
0.0285605
0.00133433
0.0285654
0.0013678
0.00138243
0.0225345
0.00515358
0.0244964
0.00507076
0.0260719
0.00471331
0.0274491
0.00435207
0.0286959
0.00387906
0.029648
0.00336221
0.0304255
0.00274892
0.0308451
0.00223498
0.0313323
0.0017282
0.0316764
0.00146413
0.03201
0.00121404
0.0322551
0.00109285
0.0324726
0.000966911
0.0325953
0.000864363
0.0326899
0.000760344
0.0327026
0.000746537
0.0327185
0.000821538
0.0328134
0.00100283
0.0330801
0.00133406
0.0335132
0.00172945
0.0341466
0.00216564
0.0349356
0.00250334
0.0358685
0.00271357
0.0368167
0.00271823
0.0377062
0.00247329
0.0384273
0.00192472
0.038951
0.00114237
0.0392018
0.000172113
0.0390648
-0.00091383
0.0386134
-0.00191554
0.0378897
-0.00265951
0.0370151
-0.00321569
0.0360704
-0.00344631
0.03521
-0.0035018
0.0343958
-0.00322736
0.0337646
-0.00289958
0.0331953
-0.00238769
0.0328278
-0.00196501
0.0325004
-0.00153995
0.0322944
-0.00127073
0.0320889
-0.0011379
0.031893
-0.00109953
0.0316634
-0.00124018
0.0313465
-0.00138548
0.0310246
-0.00173984
0.030599
-0.00198029
0.0302315
-0.00235422
0.0298132
-0.00259845
0.0294688
-0.00285667
0.0291484
-0.00304658
0.0289079
-0.00312964
0.0287634
-0.00323937
0.0286789
-0.00314252
0.0287309
-0.00313099
0.0287858
-0.00284651
0.0288653
-0.00265682
0.0290871
-0.00253283
0.0292297
-0.00236199
0.029341
-0.00196803
0.0294061
-0.00154176
0.0294618
-0.000946169
0.0294334
-0.000487635
0.0292325
-1.49912e-05
0.0290589
0.000116075
0.0288701
0.000323442
0.0286846
0.000510068
0.0284745
0.000706321
0.0282987
0.000764594
0.0280793
0.000851302
0.0278608
0.000903348
0.0276733
0.000976536
0.0275264
0.00102225
0.0274152
0.00110243
0.0273181
0.00115715
0.0272613
0.00122718
0.0272303
0.00125972
0.0272469
0.00129685
0.0272721
0.00130913
0.0273151
0.0013248
0.00129457
0.0205237
0.00337645
0.0223568
0.00323769
0.0240753
0.00299484
0.0255872
0.00284015
0.0269788
0.0024875
0.0281047
0.00223633
0.0290445
0.00180908
0.0297223
0.00155717
0.0303119
0.00113862
0.0307736
0.00100237
0.0312129
0.000774798
0.0315465
0.000759217
0.0318905
0.000622903
0.032129
0.000625876
0.0323804
0.000508993
0.032558
0.000568873
0.0327893
0.000590254
0.0330494
0.000742769
0.0334959
0.000887564
0.0340617
0.00116364
0.0347999
0.00142736
0.035628
0.00167532
0.0365713
0.0017702
0.037514
0.0017756
0.0384068
0.00158047
0.0391216
0.00120989
0.0396277
0.000636286
0.0397972
2.66868e-06
0.0396319
-0.000748581
0.0391161
-0.00139976
0.0384296
-0.00197296
0.037548
-0.00233409
0.0366595
-0.00255784
0.0357366
-0.00257891
0.0349239
-0.00241466
0.034191
-0.0021667
0.0335803
-0.00177694
0.0331208
-0.00150555
0.0326882
-0.00110733
0.0324123
-0.000994789
0.0320417
-0.000767353
0.0318057
-0.0008635
0.0314162
-0.000850647
0.0311016
-0.00107092
0.0306517
-0.00128994
0.0301844
-0.00151303
0.0296995
-0.00186931
0.0291153
-0.0020142
0.0286276
-0.00236903
0.028023
-0.00244191
0.0276215
-0.00272815
0.027094
-0.00271188
0.026691
-0.00273949
0.0263827
-0.0028227
0.0260681
-0.00253195
0.0261657
-0.00275437
0.0262701
-0.00263729
0.0260649
-0.00215678
0.0258271
-0.00173017
0.0255921
-0.00130676
0.0254426
-0.000796718
0.0253448
-0.000389787
0.0253976
-6.77762e-05
0.0252216
0.00029204
0.0249447
0.000600336
0.0248099
0.000644878
0.0247307
0.000785538
0.0246648
0.000830409
0.0245468
0.00096934
0.0244808
0.000969329
0.0244365
0.00102085
0.0244576
0.00100119
0.0244882
0.00107181
0.0245649
0.00108049
0.0246588
0.00113322
0.0248024
0.00111617
0.0249742
0.00112502
0.0251689
0.00111445
0.0253935
0.00110021
0.00109765
0.0190198
0.00162723
0.0208207
0.00143675
0.0224035
0.00141207
0.0239849
0.00125875
0.0252948
0.00117762
0.0265318
0.000999333
0.027492
0.000848856
0.028355
0.000694217
0.0289739
0.000519715
0.0295463
0.000429961
0.0300023
0.000318817
0.0304389
0.000322612
0.0308337
0.000228041
0.0311788
0.000280852
0.0315045
0.000183204
0.0318002
0.000273204
0.0321606
0.000229823
0.0325247
0.000378679
0.0330232
0.000389084
0.0336147
0.000572167
0.0343719
0.00067015
0.0352092
0.000838034
0.0361332
0.000846204
0.037049
0.000859791
0.0379081
0.00072136
0.0385862
0.000531761
0.0390133
0.000209223
0.039103
-8.70795e-05
0.0388786
-0.000524167
0.0383054
-0.000826545
0.0375555
-0.00122303
0.0365425
-0.0013211
0.0355284
-0.00154378
0.03439
-0.00144051
0.0334524
-0.001477
0.0325101
-0.00122443
0.0318447
-0.00111152
0.031211
-0.000871843
0.0307547
-0.000651093
0.0303694
-0.000609479
0.0299614
-0.000359357
0.0296771
-0.000579137
0.0291751
-0.000348679
0.0288672
-0.00076304
0.0281784
-0.00060112
0.027683
-0.00101762
0.0268418
-0.00102815
0.0260939
-0.00126632
0.0252152
-0.00149034
0.0241696
-0.00139622
0.0234152
-0.00197377
0.0221955
-0.00149217
0.0214485
-0.00199253
0.0202144
-0.00158861
0.0189748
-0.00129232
0.0185632
-0.00234277
0.0180535
-0.00212763
0.0175515
-0.00165478
0.0171263
-0.00130493
0.0167334
-0.000913819
0.0163537
-0.000417067
0.0159144
4.95132e-05
0.0155277
0.000318876
0.0152422
0.000577577
0.01505
0.000792556
0.0148377
0.000857122
0.0146721
0.000951192
0.0145653
0.000937208
0.0145775
0.000957129
0.0146845
0.000862316
0.0148798
0.000825523
0.0151347
0.000746307
0.0154714
0.000735115
0.0158669
0.000684989
0.0162865
0.000713653
0.016769
0.000633663
0.0172386
0.000655361
0.0177282
0.000624917
0.0182257
0.00060266
0.000604031
0.0177494
0.0191862
0.0205982
0.021857
0.0230346
0.0240339
0.0248828
0.025577
0.0260967
0.0265267
0.0268455
0.0271681
0.0273962
0.027677
0.0278602
0.0281334
0.0283632
0.0287419
0.029131
0.0297032
0.0303733
0.0312114
0.0320576
0.0329174
0.0336387
0.0341705
0.0343797
0.0342926
0.0337685
0.0329419
0.0317189
0.0303978
0.028854
0.0274135
0.0259365
0.0247121
0.0236005
0.0227287
0.0220776
0.0214681
0.0211088
0.0205296
0.0201809
0.0194179
0.0188168
0.0177992
0.016771
0.0155047
0.0140143
0.0126181
0.0106444
0.00915218
0.00715965
0.00557104
0.00427872
0.00193595
-0.000191679
-0.00184646
-0.00315139
-0.00406521
-0.00448228
-0.00443276
-0.00411389
-0.00353631
-0.00274375
-0.00188663
-0.00093544
1.7686e-06
0.000958897
0.00182121
0.00264674
0.00339304
0.00412816
0.00481315
0.0055268
0.00616046
0.00681582
0.00744074
0.0080434
)
;

boundaryField
{
    inlet
    {
        type            calculated;
        value           nonuniform List<scalar> 
20
(
-0.01
-0.01
-0.01
-0.01
-0.01
-0.01
-0.01
-0.01
-0.01
-0.01
-0.01
-0.01
-0.01
-0.01
-0.01
-0.01
-0.01
-0.01
-0.01
-0.01
)
;
    }
    outlet
    {
        type            calculated;
        value           nonuniform List<scalar> 10(0.00191737 0.012148 0.021134 0.0270789 0.0288154 0.0285462 0.027403 0.0255904 0.0187193 0.00864743);
    }
    walls
    {
        type            calculated;
        value           uniform 0;
    }
    frontAndBack
    {
        type            empty;
        value           nonuniform List<scalar> 0();
    }
}


// ************************************************************************* //
