/*--------------------------------*- C++ -*----------------------------------*\
| =========                 |                                                 |
| \\      /  F ield         | OpenFOAM: The Open Source CFD Toolbox           |
|  \\    /   O peration     | Version:  2306                                  |
|   \\  /    A nd           | Website:  www.openfoam.com                      |
|    \\/     M anipulation  |                                                 |
\*---------------------------------------------------------------------------*/
FoamFile
{
    version     2.0;
    format      ascii;
    arch        "LSB;label=32;scalar=64";
    class       volVectorField;
    location    "0.15";
    object      U;
}
// * * * * * * * * * * * * * * * * * * * * * * * * * * * * * * * * * * * * * //

dimensions      [0 1 -1 0 0 0 0];

internalField   nonuniform List<vector> 
4400
(
(9.90179 0.0455193 0)
(9.80627 0.0987133 0)
(9.70008 0.120953 0)
(9.57022 0.125797 0)
(9.4182 0.124474 0)
(9.2522 0.12345 0)
(9.08063 0.124135 0)
(8.90831 0.125687 0)
(8.73726 0.126973 0)
(8.56791 0.127398 0)
(8.40014 0.126865 0)
(8.23357 0.125535 0)
(8.06799 0.123751 0)
(7.90351 0.121708 0)
(7.74014 0.119635 0)
(7.578 0.117514 0)
(7.41722 0.115374 0)
(7.25808 0.113214 0)
(7.1006 0.110982 0)
(6.94487 0.108725 0)
(6.79096 0.106347 0)
(6.63912 0.103923 0)
(6.48922 0.101477 0)
(6.34142 0.0989887 0)
(6.19569 0.0964417 0)
(6.05224 0.0939013 0)
(5.91103 0.0913337 0)
(5.77201 0.0888213 0)
(5.63533 0.0862843 0)
(5.50094 0.083732 0)
(5.36892 0.0812956 0)
(5.2392 0.0788658 0)
(5.11171 0.0765208 0)
(4.98646 0.0742019 0)
(4.86332 0.0719806 0)
(4.74219 0.0698608 0)
(4.62293 0.0678854 0)
(4.50533 0.0660394 0)
(4.38923 0.0643944 0)
(4.27432 0.0629654 0)
(4.1604 0.0618103 0)
(4.04693 0.060964 0)
(3.93375 0.0604853 0)
(3.82015 0.0603678 0)
(3.70586 0.0607538 0)
(3.59017 0.0615512 0)
(3.47251 0.0629144 0)
(3.35214 0.0647756 0)
(3.22809 0.0673265 0)
(3.09988 0.0704127 0)
(2.96599 0.0742609 0)
(2.82589 0.0787825 0)
(2.67799 0.0840688 0)
(2.52129 0.0902156 0)
(2.35457 0.096982 0)
(2.17609 0.104647 0)
(1.98511 0.112854 0)
(1.77945 0.121557 0)
(1.559 0.130485 0)
(1.32136 0.138961 0)
(1.06754 0.146694 0)
(0.795976 0.151903 0)
(0.509384 0.154136 0)
(0.208677 0.15111 0)
(-0.10212 0.144313 0)
(-0.427053 0.115479 0)
(-0.735319 0.0148399 0)
(-0.963951 -0.176809 0)
(-1.02926 -0.386596 0)
(-0.944025 -0.584262 0)
(-0.727645 -0.759041 0)
(-0.390855 -0.886446 0)
(-0.0454444 -0.741066 0)
(0.149183 -0.178815 0)
(0.15434 0.542945 0)
(-0.0247591 0.929638 0)
(-0.0634754 0.653297 0)
(0.271222 0.157216 0)
(0.420624 -0.13786 0)
(0.182504 -0.304673 0)
(10.0003 0.0611949 0)
(10.0318 0.137446 0)
(10.0696 0.173594 0)
(10.105 0.184956 0)
(10.1325 0.186151 0)
(10.1501 0.186213 0)
(10.1589 0.188288 0)
(10.1611 0.191949 0)
(10.159 0.195894 0)
(10.154 0.199082 0)
(10.1466 0.201078 0)
(10.1371 0.201997 0)
(10.1251 0.202087 0)
(10.111 0.201752 0)
(10.0941 0.20126 0)
(10.075 0.200631 0)
(10.0532 0.199978 0)
(10.0294 0.199242 0)
(10.0033 0.198434 0)
(9.97525 0.197502 0)
(9.94501 0.196438 0)
(9.91314 0.195187 0)
(9.87925 0.193938 0)
(9.84365 0.192491 0)
(9.80633 0.190974 0)
(9.76719 0.189405 0)
(9.72673 0.187669 0)
(9.68423 0.186079 0)
(9.64054 0.184234 0)
(9.59496 0.182496 0)
(9.54813 0.180686 0)
(9.49961 0.178909 0)
(9.44957 0.177206 0)
(9.39796 0.175503 0)
(9.34477 0.173871 0)
(9.2899 0.172447 0)
(9.23339 0.171083 0)
(9.17488 0.170073 0)
(9.11471 0.169157 0)
(9.05209 0.168745 0)
(8.98767 0.168524 0)
(8.92029 0.168941 0)
(8.85058 0.169753 0)
(8.77756 0.171249 0)
(8.70119 0.173544 0)
(8.62133 0.176473 0)
(8.53658 0.180728 0)
(8.44814 0.18556 0)
(8.35288 0.192162 0)
(8.25332 0.199593 0)
(8.14508 0.208867 0)
(8.03091 0.219654 0)
(7.90675 0.231999 0)
(7.77342 0.246836 0)
(7.6295 0.262821 0)
(7.47188 0.281998 0)
(7.30279 0.302225 0)
(7.11547 0.325677 0)
(6.91394 0.3501 0)
(6.69129 0.377267 0)
(6.44887 0.40454 0)
(6.18419 0.433731 0)
(5.89323 0.460543 0)
(5.5785 0.487637 0)
(5.23352 0.507725 0)
(4.85898 0.520752 0)
(4.45444 0.514192 0)
(4.02734 0.476225 0)
(3.5421 0.408127 0)
(2.97988 0.336696 0)
(2.22413 0.266124 0)
(1.27045 0.268059 0)
(0.024891 0.249736 0)
(-0.872367 -0.0426549 0)
(-1.11768 -0.410462 0)
(-0.989322 -0.750553 0)
(-0.698454 -1.05751 0)
(-0.554508 -0.704041 0)
(-0.34211 0.316995 0)
(-0.324995 0.774204 0)
(10.0002 0.0267642 0)
(10.0166 0.0697619 0)
(10.0429 0.0998226 0)
(10.0748 0.117579 0)
(10.1082 0.126729 0)
(10.1395 0.131904 0)
(10.167 0.135857 0)
(10.1913 0.140367 0)
(10.2126 0.145271 0)
(10.2334 0.150354 0)
(10.2531 0.15487 0)
(10.2735 0.158646 0)
(10.2932 0.161653 0)
(10.3133 0.16397 0)
(10.3324 0.166083 0)
(10.3513 0.167664 0)
(10.3691 0.169303 0)
(10.3864 0.170713 0)
(10.4027 0.172057 0)
(10.4183 0.1733 0)
(10.4329 0.174312 0)
(10.447 0.17524 0)
(10.46 0.176088 0)
(10.4721 0.176729 0)
(10.4834 0.177258 0)
(10.4935 0.177781 0)
(10.5029 0.178046 0)
(10.5108 0.178536 0)
(10.5178 0.178702 0)
(10.5236 0.178934 0)
(10.5281 0.179303 0)
(10.5315 0.179365 0)
(10.5333 0.18001 0)
(10.534 0.180147 0)
(10.5329 0.180978 0)
(10.5306 0.181551 0)
(10.5264 0.182788 0)
(10.5206 0.183983 0)
(10.5131 0.18587 0)
(10.5035 0.187952 0)
(10.4921 0.1908 0)
(10.4784 0.194125 0)
(10.4621 0.19836 0)
(10.4441 0.203293 0)
(10.4221 0.209523 0)
(10.399 0.216548 0)
(10.3704 0.225502 0)
(10.341 0.235188 0)
(10.3052 0.247635 0)
(10.2676 0.260727 0)
(10.2235 0.277417 0)
(10.1757 0.295025 0)
(10.1218 0.316384 0)
(10.0615 0.340027 0)
(9.99531 0.366536 0)
(9.92008 0.397252 0)
(9.83849 0.429954 0)
(9.74458 0.467708 0)
(9.64434 0.507851 0)
(9.52648 0.551342 0)
(9.40366 0.599281 0)
(9.25508 0.645831 0)
(9.1039 0.699031 0)
(8.91595 0.743252 0)
(8.72629 0.793149 0)
(8.48454 0.821493 0)
(8.23532 0.849035 0)
(7.91474 0.840046 0)
(7.56698 0.838193 0)
(7.12871 0.827376 0)
(6.65244 0.882034 0)
(6.0811 0.966115 0)
(5.46789 1.1218 0)
(4.76432 1.08253 0)
(4.04051 0.924403 0)
(3.02596 0.631797 0)
(1.64496 0.383819 0)
(-0.232771 -0.113826 0)
(-1.12132 -0.372188 0)
(-1.1675 -0.21002 0)
(10.0002 0.0188764 0)
(10.0099 0.0526271 0)
(10.0278 0.0806021 0)
(10.0511 0.101299 0)
(10.0778 0.114584 0)
(10.1054 0.1232 0)
(10.1315 0.128328 0)
(10.1565 0.132537 0)
(10.1792 0.136264 0)
(10.2017 0.140202 0)
(10.2233 0.14402 0)
(10.2458 0.147381 0)
(10.268 0.150297 0)
(10.2915 0.15258 0)
(10.3145 0.154538 0)
(10.3381 0.155873 0)
(10.3613 0.157242 0)
(10.3848 0.158292 0)
(10.4077 0.159427 0)
(10.4309 0.160312 0)
(10.4533 0.161258 0)
(10.4763 0.162008 0)
(10.4985 0.162952 0)
(10.5206 0.163511 0)
(10.5427 0.164208 0)
(10.5639 0.164939 0)
(10.5856 0.165309 0)
(10.6057 0.166396 0)
(10.6265 0.166484 0)
(10.6455 0.16771 0)
(10.6653 0.168048 0)
(10.6831 0.169298 0)
(10.7013 0.17011 0)
(10.7178 0.171516 0)
(10.7342 0.172786 0)
(10.7493 0.174816 0)
(10.7636 0.176626 0)
(10.7768 0.179617 0)
(10.7888 0.182078 0)
(10.7997 0.186495 0)
(10.8094 0.189868 0)
(10.8176 0.196091 0)
(10.8246 0.201096 0)
(10.83 0.209017 0)
(10.8334 0.217014 0)
(10.8364 0.2263 0)
(10.8349 0.238721 0)
(10.8356 0.249689 0)
(10.8286 0.267058 0)
(10.826 0.281427 0)
(10.8143 0.303177 0)
(10.8058 0.323702 0)
(10.7907 0.349123 0)
(10.7743 0.378028 0)
(10.7552 0.408071 0)
(10.731 0.44551 0)
(10.705 0.482796 0)
(10.6738 0.528104 0)
(10.6381 0.573937 0)
(10.5978 0.62783 0)
(10.5524 0.680452 0)
(10.496 0.743111 0)
(10.4405 0.799615 0)
(10.3591 0.865675 0)
(10.2836 0.921411 0)
(10.165 0.981671 0)
(10.0483 1.028 0)
(9.87025 1.084 0)
(9.6907 1.12936 0)
(9.43502 1.2091 0)
(9.17667 1.29015 0)
(8.83998 1.40999 0)
(8.48175 1.51288 0)
(8.03589 1.56695 0)
(7.51422 1.55878 0)
(6.88203 1.54917 0)
(6.13867 1.59752 0)
(5.19543 1.69296 0)
(4.06618 1.54122 0)
(2.65597 1.19629 0)
(10.0002 0.013472 0)
(10.0067 0.0383526 0)
(10.0197 0.0604412 0)
(10.0369 0.0779417 0)
(10.0583 0.090313 0)
(10.0818 0.0991061 0)
(10.1055 0.104269 0)
(10.1291 0.108276 0)
(10.1517 0.111293 0)
(10.174 0.11427 0)
(10.1957 0.117391 0)
(10.2177 0.12008 0)
(10.2398 0.122873 0)
(10.2628 0.12512 0)
(10.2857 0.127094 0)
(10.3092 0.128601 0)
(10.3326 0.12998 0)
(10.3564 0.131161 0)
(10.3798 0.132317 0)
(10.4037 0.13324 0)
(10.4266 0.134355 0)
(10.4509 0.1352 0)
(10.4736 0.136461 0)
(10.4975 0.137024 0)
(10.5203 0.138335 0)
(10.5436 0.138984 0)
(10.5666 0.140223 0)
(10.5889 0.141177 0)
(10.6116 0.142195 0)
(10.6331 0.143495 0)
(10.6555 0.14479 0)
(10.6758 0.146249 0)
(10.6977 0.148117 0)
(10.7166 0.149742 0)
(10.7379 0.152338 0)
(10.7554 0.154568 0)
(10.7756 0.157988 0)
(10.7915 0.161014 0)
(10.8104 0.165636 0)
(10.8247 0.169695 0)
(10.8418 0.175871 0)
(10.8549 0.181615 0)
(10.8694 0.189257 0)
(10.8815 0.19779 0)
(10.8928 0.206917 0)
(10.9044 0.218934 0)
(10.9116 0.23075 0)
(10.9233 0.245691 0)
(10.9252 0.262703 0)
(10.9381 0.279702 0)
(10.9337 0.303862 0)
(10.9479 0.32413 0)
(10.9378 0.354613 0)
(10.9521 0.382525 0)
(10.9378 0.416613 0)
(10.9506 0.456399 0)
(10.9338 0.494136 0)
(10.9442 0.544786 0)
(10.9237 0.59176 0)
(10.9347 0.647483 0)
(10.9054 0.708406 0)
(10.9183 0.768072 0)
(10.8783 0.836468 0)
(10.8834 0.905782 0)
(10.8331 0.97253 0)
(10.8159 1.04904 0)
(10.7443 1.12305 0)
(10.697 1.19924 0)
(10.5873 1.30157 0)
(10.4991 1.38629 0)
(10.3438 1.52153 0)
(10.196 1.62806 0)
(9.9859 1.77396 0)
(9.75471 1.88218 0)
(9.46161 1.99998 0)
(9.10117 2.09606 0)
(8.66825 2.19539 0)
(8.11035 2.28256 0)
(7.41571 2.3358 0)
(6.56777 2.3442 0)
(10.0003 0.00977803 0)
(10.005 0.0278963 0)
(10.0153 0.0448224 0)
(10.0287 0.058784 0)
(10.0466 0.0696929 0)
(10.0666 0.0779635 0)
(10.0881 0.0831217 0)
(10.1102 0.0871406 0)
(10.1323 0.0900073 0)
(10.1541 0.0924921 0)
(10.1759 0.0951614 0)
(10.1973 0.0972586 0)
(10.2197 0.0998341 0)
(10.2416 0.101895 0)
(10.2648 0.103676 0)
(10.2872 0.105387 0)
(10.311 0.106534 0)
(10.3341 0.107996 0)
(10.3576 0.108852 0)
(10.3812 0.109968 0)
(10.4042 0.110949 0)
(10.4287 0.111942 0)
(10.4508 0.11315 0)
(10.4755 0.113818 0)
(10.4974 0.115305 0)
(10.5219 0.116025 0)
(10.5438 0.117603 0)
(10.5676 0.118595 0)
(10.5891 0.11997 0)
(10.6123 0.12161 0)
(10.6337 0.123107 0)
(10.6558 0.125167 0)
(10.6769 0.127205 0)
(10.6977 0.129463 0)
(10.7184 0.132516 0)
(10.7381 0.1353 0)
(10.7577 0.139254 0)
(10.7764 0.143213 0)
(10.7949 0.14782 0)
(10.812 0.153876 0)
(10.8298 0.159017 0)
(10.8447 0.167816 0)
(10.8622 0.173945 0)
(10.8742 0.185418 0)
(10.8919 0.194095 0)
(10.9008 0.207392 0)
(10.9179 0.220852 0)
(10.9253 0.235191 0)
(10.9395 0.255207 0)
(10.9482 0.271021 0)
(10.957 0.298274 0)
(10.9689 0.317094 0)
(10.972 0.351818 0)
(10.9868 0.375364 0)
(10.9855 0.418046 0)
(11.0026 0.448417 0)
(10.9987 0.497678 0)
(11.0163 0.540413 0)
(11.0128 0.590891 0)
(11.0283 0.651545 0)
(11.0263 0.703767 0)
(11.0407 0.773947 0)
(11.0336 0.842308 0)
(11.0488 0.907224 0)
(11.0326 0.997191 0)
(11.0371 1.06626 0)
(11.0157 1.16386 0)
(10.9976 1.25806 0)
(10.9607 1.36401 0)
(10.9232 1.48355 0)
(10.8516 1.61385 0)
(10.7911 1.75416 0)
(10.6824 1.90967 0)
(10.5787 2.06856 0)
(10.4306 2.2303 0)
(10.2369 2.3919 0)
(10.0296 2.54966 0)
(9.66954 2.69875 0)
(9.39829 2.87354 0)
(8.78115 2.94938 0)
(10.0002 0.00698955 0)
(10.0041 0.0200434 0)
(10.0126 0.0325831 0)
(10.024 0.0431465 0)
(10.0393 0.0520646 0)
(10.0571 0.0590684 0)
(10.0764 0.0636871 0)
(10.0975 0.0674691 0)
(10.1185 0.0699496 0)
(10.1403 0.072097 0)
(10.1616 0.0741419 0)
(10.1832 0.075805 0)
(10.2052 0.0779484 0)
(10.2271 0.0796752 0)
(10.2497 0.0811336 0)
(10.272 0.082841 0)
(10.2955 0.0837103 0)
(10.3184 0.0853261 0)
(10.3418 0.0857821 0)
(10.3651 0.0871708 0)
(10.3884 0.0878091 0)
(10.4125 0.089112 0)
(10.4349 0.0899715 0)
(10.4592 0.0909767 0)
(10.4813 0.0923688 0)
(10.5059 0.0933031 0)
(10.5275 0.0950787 0)
(10.5517 0.0960362 0)
(10.5728 0.0979216 0)
(10.597 0.0995594 0)
(10.6174 0.101507 0)
(10.641 0.103923 0)
(10.6608 0.105964 0)
(10.6834 0.109319 0)
(10.7031 0.111776 0)
(10.7244 0.116331 0)
(10.7437 0.119378 0)
(10.7633 0.12509 0)
(10.7825 0.129586 0)
(10.8002 0.136062 0)
(10.8192 0.143047 0)
(10.8347 0.150295 0)
(10.8536 0.159859 0)
(10.8666 0.169277 0)
(10.8862 0.180592 0)
(10.8956 0.193972 0)
(10.9169 0.207042 0)
(10.9221 0.224614 0)
(10.9452 0.241707 0)
(10.9472 0.261902 0)
(10.9704 0.286309 0)
(10.972 0.3084 0)
(10.9929 0.340875 0)
(10.997 0.36818 0)
(11.0144 0.405981 0)
(11.0216 0.442559 0)
(11.0371 0.487122 0)
(11.0459 0.528378 0)
(11.0617 0.589805 0)
(11.0705 0.628399 0)
(11.0891 0.708282 0)
(11.0935 0.753651 0)
(11.1178 0.837619 0)
(11.1144 0.90327 0)
(11.1402 0.990559 0)
(11.1298 1.07132 0)
(11.1541 1.1759 0)
(11.1248 1.27122 0)
(11.1575 1.39504 0)
(11.0921 1.51494 0)
(11.132 1.66202 0)
(11.0305 1.80912 0)
(11.0737 1.98442 0)
(10.9181 2.15507 0)
(10.978 2.3582 0)
(10.7342 2.52726 0)
(10.7917 2.77022 0)
(10.4523 2.92015 0)
(10.452 3.18473 0)
(10.0148 3.3063 0)
(10.0002 0.00472109 0)
(10.0037 0.0136211 0)
(10.0109 0.022271 0)
(10.0214 0.02966 0)
(10.0347 0.0362717 0)
(10.0513 0.041406 0)
(10.0686 0.0450517 0)
(10.0894 0.0480917 0)
(10.1088 0.0500778 0)
(10.1312 0.0517067 0)
(10.1512 0.0532684 0)
(10.1739 0.0543863 0)
(10.1949 0.056241 0)
(10.2174 0.0572663 0)
(10.2391 0.0586881 0)
(10.2619 0.0598811 0)
(10.2848 0.060845 0)
(10.3076 0.0620966 0)
(10.3311 0.0625679 0)
(10.354 0.063853 0)
(10.3781 0.0644532 0)
(10.401 0.0657915 0)
(10.4247 0.0664668 0)
(10.4477 0.0677799 0)
(10.4714 0.0689469 0)
(10.4945 0.0703538 0)
(10.5175 0.0718597 0)
(10.5404 0.0733432 0)
(10.5629 0.0751315 0)
(10.5861 0.0772651 0)
(10.6079 0.0793201 0)
(10.6305 0.0819539 0)
(10.6518 0.0847033 0)
(10.6735 0.0875189 0)
(10.695 0.091932 0)
(10.7153 0.0946256 0)
(10.7361 0.100956 0)
(10.7559 0.104034 0)
(10.7753 0.111946 0)
(10.795 0.116659 0)
(10.8127 0.125515 0)
(10.8319 0.132863 0)
(10.8487 0.142804 0)
(10.866 0.152915 0)
(10.8839 0.16528 0)
(10.8972 0.177505 0)
(10.9186 0.193998 0)
(10.9259 0.208179 0)
(10.9521 0.229729 0)
(10.9535 0.24687 0)
(10.9841 0.273897 0)
(10.9807 0.294426 0)
(11.0153 0.329749 0)
(11.0086 0.351005 0)
(11.0457 0.399588 0)
(11.0389 0.420616 0)
(11.0765 0.480433 0)
(11.0709 0.51116 0)
(11.1101 0.570947 0)
(11.1048 0.621488 0)
(11.1445 0.682425 0)
(11.1435 0.742794 0)
(11.1786 0.822679 0)
(11.1798 0.882517 0)
(11.2187 0.985465 0)
(11.2054 1.05437 0)
(11.2589 1.17621 0)
(11.2217 1.26119 0)
(11.291 1.40713 0)
(11.2182 1.513 0)
(11.3136 1.68907 0)
(11.1942 1.81656 0)
(11.3052 2.03506 0)
(11.1589 2.17696 0)
(11.2492 2.43498 0)
(11.0949 2.59936 0)
(11.137 2.87181 0)
(10.9699 3.06925 0)
(10.9338 3.33029 0)
(10.7441 3.52893 0)
(10.0001 0.00272075 0)
(10.0035 0.00798247 0)
(10.0099 0.0130226 0)
(10.0201 0.0174857 0)
(10.032 0.0215493 0)
(10.048 0.0246413 0)
(10.0639 0.0270329 0)
(10.0845 0.029025 0)
(10.1029 0.0303638 0)
(10.1254 0.0313991 0)
(10.1448 0.032479 0)
(10.1679 0.0331709 0)
(10.1884 0.0345878 0)
(10.2112 0.0350154 0)
(10.2325 0.0363284 0)
(10.2557 0.0369499 0)
(10.278 0.0380041 0)
(10.3013 0.0387647 0)
(10.3241 0.0393458 0)
(10.3477 0.0404973 0)
(10.3713 0.0409995 0)
(10.3945 0.0424523 0)
(10.4181 0.0428602 0)
(10.4412 0.0445796 0)
(10.4653 0.0454882 0)
(10.4878 0.0472219 0)
(10.5118 0.0487225 0)
(10.5337 0.0501982 0)
(10.5579 0.0526709 0)
(10.5798 0.0541909 0)
(10.6031 0.0575174 0)
(10.625 0.0592573 0)
(10.6471 0.0632046 0)
(10.6693 0.0659844 0)
(10.6906 0.0702088 0)
(10.7123 0.0748724 0)
(10.7328 0.0788594 0)
(10.7537 0.0859352 0)
(10.7738 0.0902759 0)
(10.7935 0.099229 0)
(10.8134 0.105464 0)
(10.8317 0.115187 0)
(10.8515 0.124753 0)
(10.8683 0.135183 0)
(10.8884 0.148428 0)
(10.9035 0.160603 0)
(10.9244 0.177488 0)
(10.9375 0.192033 0)
(10.9596 0.214189 0)
(10.971 0.229788 0)
(10.9942 0.26027 0)
(11.0045 0.276601 0)
(11.0297 0.314016 0)
(11.0382 0.338605 0)
(11.0672 0.374068 0)
(11.0735 0.416356 0)
(11.106 0.449026 0)
(11.1135 0.502498 0)
(11.1466 0.547001 0)
(11.1551 0.601406 0)
(11.1951 0.660629 0)
(11.1956 0.725698 0)
(11.2477 0.791721 0)
(11.2427 0.871295 0)
(11.2963 0.955222 0)
(11.2933 1.04178 0)
(11.3462 1.15079 0)
(11.3371 1.25295 0)
(11.3917 1.38631 0)
(11.378 1.51128 0)
(11.4215 1.67318 0)
(11.4102 1.833 0)
(11.4318 2.0163 0)
(11.4256 2.22175 0)
(11.412 2.42827 0)
(11.413 2.66827 0)
(11.3483 2.90551 0)
(11.3497 3.16756 0)
(11.2213 3.4079 0)
(11.1781 3.69798 0)
(10.0004 0.000888196 0)
(10.003 0.00270139 0)
(10.0098 0.00438152 0)
(10.019 0.00600289 0)
(10.0312 0.00738577 0)
(10.0459 0.00848997 0)
(10.0623 0.00939128 0)
(10.0816 0.0102632 0)
(10.1006 0.0107524 0)
(10.122 0.0112288 0)
(10.1422 0.0117861 0)
(10.1648 0.0121123 0)
(10.1855 0.0129935 0)
(10.2083 0.0129337 0)
(10.2293 0.0140851 0)
(10.2533 0.0140655 0)
(10.2744 0.0152724 0)
(10.2991 0.0152823 0)
(10.3203 0.0164041 0)
(10.3459 0.0168053 0)
(10.3675 0.0179841 0)
(10.3928 0.0185542 0)
(10.4145 0.0198985 0)
(10.4397 0.020724 0)
(10.4619 0.0226521 0)
(10.4865 0.0235143 0)
(10.5086 0.0258083 0)
(10.5329 0.0270288 0)
(10.5551 0.0295507 0)
(10.5794 0.0320029 0)
(10.6009 0.0339385 0)
(10.625 0.038158 0)
(10.646 0.039608 0)
(10.6698 0.0454273 0)
(10.6908 0.0477324 0)
(10.7131 0.0537681 0)
(10.7346 0.0584673 0)
(10.7551 0.0640643 0)
(10.7772 0.0715905 0)
(10.7963 0.0776695 0)
(10.8183 0.0871434 0)
(10.8365 0.0950436 0)
(10.8579 0.106313 0)
(10.8759 0.116032 0)
(10.8965 0.130687 0)
(10.9145 0.141435 0)
(10.9348 0.16026 0)
(10.9525 0.174227 0)
(10.9728 0.194019 0)
(10.9908 0.217032 0)
(11.0109 0.234056 0)
(11.03 0.267557 0)
(11.0501 0.287898 0)
(11.0706 0.321529 0)
(11.092 0.359047 0)
(11.1123 0.385259 0)
(11.1409 0.439469 0)
(11.1523 0.470368 0)
(11.1988 0.528682 0)
(11.1949 0.572794 0)
(11.2595 0.639883 0)
(11.2469 0.690508 0)
(11.3225 0.772242 0)
(11.3041 0.836815 0)
(11.3903 0.928694 0)
(11.3698 1.01042 0)
(11.4514 1.12475 0)
(11.448 1.2219 0)
(11.5063 1.35891 0)
(11.5247 1.48896 0)
(11.5616 1.64809 0)
(11.5865 1.81202 0)
(11.6132 2.00828 0)
(11.6268 2.20404 0)
(11.6411 2.44091 0)
(11.6367 2.67509 0)
(11.6342 2.93648 0)
(11.581 3.21543 0)
(11.5681 3.50014 0)
(11.441 3.77092 0)
(10.0012 -0.000822711 0)
(10.0021 -0.00256918 0)
(10.0106 -0.00389948 0)
(10.0183 -0.00540524 0)
(10.0317 -0.00645913 0)
(10.0454 -0.00751504 0)
(10.0628 -0.00804243 0)
(10.0813 -0.00848907 0)
(10.1008 -0.00875408 0)
(10.122 -0.00898742 0)
(10.1423 -0.00879847 0)
(10.1652 -0.00904382 0)
(10.1852 -0.0085598 0)
(10.2091 -0.0091573 0)
(10.229 -0.00814723 0)
(10.2544 -0.00886991 0)
(10.2739 -0.00748681 0)
(10.3006 -0.0082687 0)
(10.3198 -0.00658813 0)
(10.3479 -0.00688729 0)
(10.3668 -0.00535855 0)
(10.3951 -0.00498207 0)
(10.4139 -0.00384642 0)
(10.4424 -0.00231724 0)
(10.4617 -0.00148016 0)
(10.4893 0.000801706 0)
(10.5091 0.00163427 0)
(10.5356 0.0043155 0)
(10.557 0.00613271 0)
(10.582 0.00867197 0)
(10.604 0.0118533 0)
(10.6278 0.0140274 0)
(10.65 0.0188155 0)
(10.6736 0.0213482 0)
(10.6952 0.0272479 0)
(10.7185 0.0309098 0)
(10.7394 0.0374247 0)
(10.7622 0.0429451 0)
(10.7829 0.0501598 0)
(10.8051 0.0576644 0)
(10.8255 0.065899 0)
(10.8468 0.0756579 0)
(10.8675 0.0850959 0)
(10.8876 0.0978103 0)
(10.9101 0.108528 0)
(10.9267 0.124712 0)
(10.9538 0.137623 0)
(10.9653 0.156301 0)
(10.9977 0.175257 0)
(11.0056 0.191687 0)
(11.0411 0.223578 0)
(11.048 0.233852 0)
(11.0869 0.279104 0)
(11.0914 0.290854 0)
(11.136 0.338733 0)
(11.1413 0.36324 0)
(11.1824 0.411475 0)
(11.2037 0.444225 0)
(11.2312 0.503131 0)
(11.2667 0.541074 0)
(11.2983 0.607967 0)
(11.3254 0.662115 0)
(11.3772 0.732486 0)
(11.3942 0.806534 0)
(11.462 0.88396 0)
(11.4666 0.982942 0)
(11.5615 1.07124 0)
(11.5426 1.1929 0)
(11.6616 1.31095 0)
(11.6324 1.45135 0)
(11.7544 1.60521 0)
(11.7262 1.78002 0)
(11.8391 1.96327 0)
(11.8063 2.19361 0)
(11.9056 2.40208 0)
(11.8574 2.68016 0)
(11.9211 2.952 0)
(11.867 3.23275 0)
(11.8474 3.57043 0)
(11.7833 3.89241 0)
(10.0014 -0.00251022 0)
(10.0022 -0.00810243 0)
(10.011 -0.0122149 0)
(10.0191 -0.0172217 0)
(10.0326 -0.0203301 0)
(10.0474 -0.0238282 0)
(10.0645 -0.0255346 0)
(10.0843 -0.0274611 0)
(10.103 -0.0282941 0)
(10.1255 -0.029267 0)
(10.1449 -0.0295129 0)
(10.1688 -0.0302517 0)
(10.188 -0.0303978 0)
(10.2129 -0.0311135 0)
(10.2321 -0.030918 0)
(10.2584 -0.0314476 0)
(10.2773 -0.0309906 0)
(10.3048 -0.0311975 0)
(10.3236 -0.0304313 0)
(10.3522 -0.0300503 0)
(10.3709 -0.0293614 0)
(10.3996 -0.0283952 0)
(10.4184 -0.0276368 0)
(10.4473 -0.0261501 0)
(10.4664 -0.0248191 0)
(10.4947 -0.0237029 0)
(10.5141 -0.0210208 0)
(10.5421 -0.0205793 0)
(10.5621 -0.0161397 0)
(10.5895 -0.0158206 0)
(10.6093 -0.0110062 0)
(10.6364 -0.0088359 0)
(10.6559 -0.00535074 0)
(10.6833 0.000585368 0)
(10.7018 0.00209735 0)
(10.7293 0.0113608 0)
(10.7471 0.0126655 0)
(10.774 0.023352 0)
(10.7925 0.0266617 0)
(10.8174 0.0377466 0)
(10.8375 0.043334 0)
(10.8605 0.0554752 0)
(10.8814 0.0636801 0)
(10.9043 0.0758241 0)
(10.9248 0.0904192 0)
(10.948 0.0982587 0)
(10.9695 0.123476 0)
(10.991 0.128026 0)
(11.0159 0.157306 0)
(11.0354 0.172031 0)
(11.0617 0.191625 0)
(11.0854 0.225782 0)
(11.1062 0.238949 0)
(11.1409 0.279372 0)
(11.1542 0.304574 0)
(11.199 0.341318 0)
(11.2097 0.37705 0)
(11.2621 0.422622 0)
(11.2702 0.4617 0)
(11.335 0.513459 0)
(11.3397 0.570836 0)
(11.4108 0.621772 0)
(11.4285 0.693673 0)
(11.4892 0.762403 0)
(11.5315 0.84149 0)
(11.5795 0.927094 0)
(11.6456 1.02986 0)
(11.6824 1.13295 0)
(11.7666 1.25779 0)
(11.8049 1.3949 0)
(11.8894 1.54698 0)
(11.9324 1.71861 0)
(12.0161 1.9239 0)
(12.0572 2.11458 0)
(12.1193 2.39697 0)
(12.1596 2.62532 0)
(12.1889 2.9476 0)
(12.1847 3.26547 0)
(12.1961 3.60143 0)
(12.1029 3.97604 0)
(10.0005 -0.00452001 0)
(10.0036 -0.0137929 0)
(10.0111 -0.0214291 0)
(10.0215 -0.0295083 0)
(10.0346 -0.0351149 0)
(10.0516 -0.0404454 0)
(10.0687 -0.0437985 0)
(10.0899 -0.0463311 0)
(10.1087 -0.0484584 0)
(10.132 -0.0491224 0)
(10.1514 -0.050988 0)
(10.1754 -0.0510176 0)
(10.1948 -0.0529864 0)
(10.2195 -0.0527921 0)
(10.2393 -0.0542026 0)
(10.2651 -0.0541445 0)
(10.2852 -0.0544062 0)
(10.3116 -0.0547942 0)
(10.3322 -0.0535855 0)
(10.359 -0.0544916 0)
(10.3799 -0.0523457 0)
(10.4067 -0.0531112 0)
(10.4277 -0.050922 0)
(10.4552 -0.0503693 0)
(10.4757 -0.0492213 0)
(10.5036 -0.0467633 0)
(10.5236 -0.046627 0)
(10.5518 -0.0425968 0)
(10.5724 -0.0420562 0)
(10.5993 -0.0381051 0)
(10.621 -0.0356394 0)
(10.646 -0.0325832 0)
(10.6694 -0.0277021 0)
(10.693 -0.0246802 0)
(10.7166 -0.0185369 0)
(10.7401 -0.0144224 0)
(10.7625 -0.00706985 0)
(10.787 -0.00262525 0)
(10.8083 0.00809036 0)
(10.833 0.0108417 0)
(10.8538 0.0260863 0)
(10.8792 0.0284198 0)
(10.8981 0.0452476 0)
(10.9272 0.0522931 0)
(10.9415 0.0660755 0)
(10.9755 0.0817523 0)
(10.9874 0.0918597 0)
(11.0222 0.115078 0)
(11.0364 0.12586 0)
(11.0702 0.151905 0)
(11.0863 0.168691 0)
(11.1212 0.195506 0)
(11.1414 0.218538 0)
(11.1709 0.248323 0)
(11.2061 0.277963 0)
(11.2247 0.309397 0)
(11.2718 0.348961 0)
(11.2955 0.384244 0)
(11.3359 0.428805 0)
(11.3787 0.475601 0)
(11.4127 0.528602 0)
(11.4691 0.576344 0)
(11.5007 0.653203 0)
(11.5798 0.705232 0)
(11.5947 0.790491 0)
(11.7079 0.871793 0)
(11.7142 0.965355 0)
(11.8384 1.06519 0)
(11.8608 1.1959 0)
(11.9905 1.30734 0)
(12.0126 1.48874 0)
(12.1641 1.62173 0)
(12.1813 1.8525 0)
(12.3264 2.05359 0)
(12.353 2.29999 0)
(12.4735 2.60264 0)
(12.4778 2.89518 0)
(12.5752 3.25529 0)
(12.5008 3.64716 0)
(12.5841 4.02809 0)
(9.99988 -0.0071039 0)
(10.0045 -0.0196919 0)
(10.0124 -0.0322383 0)
(10.0244 -0.0425902 0)
(10.0392 -0.0514463 0)
(10.0573 -0.0577243 0)
(10.0767 -0.0628636 0)
(10.0979 -0.0654962 0)
(10.119 -0.0687444 0)
(10.141 -0.0693034 0)
(10.1624 -0.072401 0)
(10.1846 -0.0722754 0)
(10.2062 -0.0754311 0)
(10.2291 -0.0749735 0)
(10.2512 -0.077423 0)
(10.2752 -0.0770257 0)
(10.2977 -0.0780349 0)
(10.3221 -0.0780519 0)
(10.3453 -0.0775689 0)
(10.3697 -0.0780119 0)
(10.3938 -0.0766968 0)
(10.4175 -0.0766751 0)
(10.4424 -0.0756165 0)
(10.4662 -0.0740763 0)
(10.491 -0.0739714 0)
(10.5152 -0.0709328 0)
(10.5391 -0.0706705 0)
(10.5647 -0.0677014 0)
(10.5879 -0.0648593 0)
(10.6136 -0.0643666 0)
(10.6366 -0.0573667 0)
(10.6615 -0.0592341 0)
(10.6857 -0.0493444 0)
(10.7097 -0.0503593 0)
(10.7334 -0.0413747 0)
(10.7586 -0.0378779 0)
(10.7796 -0.0320464 0)
(10.8077 -0.0230123 0)
(10.8264 -0.0199628 0)
(10.8547 -0.00585097 0)
(10.875 -0.00582493 0)
(10.9008 0.0153455 0)
(10.923 0.0107913 0)
(10.9497 0.03891 0)
(10.9688 0.0350862 0)
(11.0004 0.0603995 0)
(11.0178 0.0708253 0)
(11.0474 0.0827245 0)
(11.0738 0.11041 0)
(11.0938 0.118605 0)
(11.1293 0.145949 0)
(11.1512 0.168427 0)
(11.179 0.188824 0)
(11.2173 0.219175 0)
(11.2388 0.247499 0)
(11.2777 0.277262 0)
(11.3159 0.309972 0)
(11.3468 0.354748 0)
(11.3891 0.381086 0)
(11.4428 0.439764 0)
(11.4667 0.47779 0)
(11.5443 0.533716 0)
(11.5726 0.593215 0)
(11.655 0.654563 0)
(11.6892 0.726082 0)
(11.7982 0.80593 0)
(11.8205 0.891691 0)
(11.9584 0.994664 0)
(11.9911 1.0928 0)
(12.134 1.2527 0)
(12.1867 1.33726 0)
(12.3452 1.58535 0)
(12.3995 1.69056 0)
(12.5724 1.98035 0)
(12.6209 2.19796 0)
(12.7937 2.49875 0)
(12.8177 2.85229 0)
(12.9586 3.19067 0)
(12.9413 3.66193 0)
(12.978 4.08898 0)
(10.0008 -0.00999496 0)
(10.0042 -0.0273453 0)
(10.016 -0.0445945 0)
(10.0276 -0.0582261 0)
(10.0479 -0.0690067 0)
(10.0652 -0.0770948 0)
(10.0901 -0.0817792 0)
(10.1089 -0.0860569 0)
(10.1347 -0.088096 0)
(10.1532 -0.0907224 0)
(10.1787 -0.0929819 0)
(10.1973 -0.0944644 0)
(10.2226 -0.0974315 0)
(10.2426 -0.0975701 0)
(10.268 -0.100426 0)
(10.2898 -0.0999304 0)
(10.3151 -0.101231 0)
(10.3374 -0.101725 0)
(10.3635 -0.100279 0)
(10.3852 -0.103081 0)
(10.4128 -0.0983602 0)
(10.4332 -0.103272 0)
(10.4622 -0.0965561 0)
(10.4828 -0.101293 0)
(10.5106 -0.095553 0)
(10.5336 -0.0968405 0)
(10.5577 -0.0945871 0)
(10.5859 -0.0908087 0)
(10.6051 -0.0916392 0)
(10.6372 -0.0850637 0)
(10.6536 -0.0855946 0)
(10.6861 -0.0792825 0)
(10.7046 -0.0772722 0)
(10.7334 -0.0710022 0)
(10.7559 -0.0685836 0)
(10.7807 -0.0590577 0)
(10.8062 -0.058297 0)
(10.8281 -0.0458282 0)
(10.8576 -0.04287 0)
(10.8727 -0.0339022 0)
(10.912 -0.0219369 0)
(10.9159 -0.0201235 0)
(10.9656 -4.13696e-05 0)
(10.9641 0.00103619 0)
(11.0133 0.0208573 0)
(11.0197 0.0292622 0)
(11.0589 0.0466909 0)
(11.0753 0.0583598 0)
(11.1116 0.0816718 0)
(11.1281 0.0918634 0)
(11.1686 0.118081 0)
(11.1882 0.139943 0)
(11.2232 0.153717 0)
(11.2575 0.194572 0)
(11.2864 0.207783 0)
(11.3239 0.241199 0)
(11.369 0.279811 0)
(11.3943 0.30399 0)
(11.4574 0.343887 0)
(11.4844 0.395449 0)
(11.5585 0.4199 0)
(11.577 0.488693 0)
(11.6919 0.527108 0)
(11.6845 0.599986 0)
(11.8288 0.644334 0)
(11.8414 0.747648 0)
(11.9772 0.79069 0)
(12.0224 0.918517 0)
(12.1674 0.996316 0)
(12.238 1.11867 0)
(12.3886 1.27235 0)
(12.4934 1.38521 0)
(12.6574 1.63522 0)
(12.7739 1.76852 0)
(12.9605 2.10442 0)
(13.0705 2.34449 0)
(13.2436 2.71854 0)
(13.3335 3.16061 0)
(13.4598 3.54947 0)
(13.4539 4.1615 0)
(10.0024 -0.0130189 0)
(10.0041 -0.0387615 0)
(10.0221 -0.0594517 0)
(10.0339 -0.0783115 0)
(10.0614 -0.088718 0)
(10.0787 -0.0995253 0)
(10.1091 -0.101745 0)
(10.1264 -0.108715 0)
(10.1556 -0.108139 0)
(10.1719 -0.114189 0)
(10.1995 -0.114152 0)
(10.2171 -0.118818 0)
(10.2434 -0.119735 0)
(10.264 -0.122209 0)
(10.2889 -0.123402 0)
(10.3129 -0.124358 0)
(10.336 -0.124687 0)
(10.3619 -0.125983 0)
(10.3844 -0.124278 0)
(10.4109 -0.127213 0)
(10.4339 -0.122916 0)
(10.4597 -0.127288 0)
(10.4838 -0.121756 0)
(10.5093 -0.12491 0)
(10.5334 -0.121511 0)
(10.5598 -0.119727 0)
(10.5822 -0.121356 0)
(10.6112 -0.113068 0)
(10.6314 -0.118769 0)
(10.6615 -0.107628 0)
(10.6819 -0.111536 0)
(10.7091 -0.103833 0)
(10.7352 -0.100053 0)
(10.755 -0.099305 0)
(10.7885 -0.0870649 0)
(10.8019 -0.0914696 0)
(10.8391 -0.073212 0)
(10.8515 -0.080563 0)
(10.8884 -0.0573273 0)
(10.9 -0.0666361 0)
(10.9402 -0.0414017 0)
(10.9462 -0.0449999 0)
(10.9928 -0.0296805 0)
(10.9959 -0.0136353 0)
(11.0415 -0.0170624 0)
(11.0508 0.0174753 0)
(11.0919 0.00981327 0)
(11.1007 0.0399 0)
(11.1557 0.0516517 0)
(11.1453 0.0639373 0)
(11.222 0.0927025 0)
(11.2073 0.103632 0)
(11.2726 0.131798 0)
(11.2924 0.148206 0)
(11.3284 0.187842 0)
(11.3666 0.188659 0)
(11.4223 0.252426 0)
(11.4312 0.252646 0)
(11.5238 0.303883 0)
(11.5315 0.342208 0)
(11.6206 0.372289 0)
(11.6434 0.42288 0)
(11.7654 0.479813 0)
(11.7454 0.509728 0)
(11.9381 0.602959 0)
(11.8977 0.622855 0)
(12.117 0.75356 0)
(12.0867 0.761768 0)
(12.3527 0.938482 0)
(12.3033 0.966307 0)
(12.624 1.13579 0)
(12.6129 1.27993 0)
(12.9256 1.38533 0)
(12.9737 1.69771 0)
(13.3107 1.81504 0)
(13.3565 2.23042 0)
(13.7257 2.50139 0)
(13.7387 3.02237 0)
(14.0373 3.47832 0)
(14.0225 4.12933 0)
(10.0017 -0.018044 0)
(10.0084 -0.0535606 0)
(10.0292 -0.0794403 0)
(10.0496 -0.101999 0)
(10.0793 -0.112916 0)
(10.1046 -0.123955 0)
(10.1327 -0.125803 0)
(10.1572 -0.133293 0)
(10.1796 -0.133293 0)
(10.2045 -0.14041 0)
(10.2221 -0.141308 0)
(10.2515 -0.146009 0)
(10.2652 -0.148408 0)
(10.3004 -0.14889 0)
(10.3107 -0.153228 0)
(10.35 -0.14979 0)
(10.3583 -0.155801 0)
(10.3975 -0.15038 0)
(10.408 -0.156309 0)
(10.4433 -0.151353 0)
(10.4593 -0.154817 0)
(10.4879 -0.152446 0)
(10.5105 -0.152126 0)
(10.5336 -0.15191 0)
(10.5596 -0.149862 0)
(10.5815 -0.148065 0)
(10.6054 -0.148724 0)
(10.6319 -0.14093 0)
(10.6493 -0.147208 0)
(10.6817 -0.133199 0)
(10.6937 -0.142506 0)
(10.7282 -0.126091 0)
(10.7412 -0.134204 0)
(10.7712 -0.117775 0)
(10.7897 -0.124706 0)
(10.813 -0.106006 0)
(10.8379 -0.113599 0)
(10.8533 -0.0935442 0)
(10.8897 -0.0964437 0)
(10.8867 -0.0841186 0)
(10.9496 -0.0729819 0)
(10.9144 -0.0721725 0)
(11.0096 -0.0522174 0)
(10.952 -0.0478351 0)
(11.0541 -0.0378785 0)
(11.0093 -0.0152047 0)
(11.0893 -0.0173764 0)
(11.0682 0.0114563 0)
(11.1426 0.0184343 0)
(11.1095 0.035482 0)
(11.2168 0.0531924 0)
(11.1588 0.081256 0)
(11.2767 0.0717448 0)
(11.2437 0.143939 0)
(11.3318 0.102686 0)
(11.3233 0.189409 0)
(11.4331 0.16672 0)
(11.3895 0.230665 0)
(11.5386 0.230656 0)
(11.5147 0.298492 0)
(11.6182 0.297152 0)
(11.6679 0.369398 0)
(11.7523 0.388711 0)
(11.8042 0.458568 0)
(11.9267 0.472042 0)
(11.9922 0.591548 0)
(12.1151 0.565637 0)
(12.2231 0.746021 0)
(12.3755 0.706442 0)
(12.4664 0.915735 0)
(12.7267 0.911435 0)
(12.7673 1.13755 0)
(13.1348 1.18424 0)
(13.2163 1.44917 0)
(13.5709 1.60209 0)
(13.7723 1.92868 0)
(14.1049 2.2652 0)
(14.316 2.72119 0)
(14.6484 3.33942 0)
(14.6444 3.96344 0)
(9.99778 -0.0260389 0)
(10.0199 -0.070267 0)
(10.0398 -0.0991247 0)
(10.0788 -0.117821 0)
(10.1044 -0.125862 0)
(10.1453 -0.131978 0)
(10.1617 -0.134493 0)
(10.1999 -0.140297 0)
(10.205 -0.143692 0)
(10.2456 -0.149819 0)
(10.2426 -0.153417 0)
(10.2902 -0.157007 0)
(10.28 -0.160479 0)
(10.3342 -0.161062 0)
(10.3181 -0.164633 0)
(10.375 -0.163608 0)
(10.3566 -0.167021 0)
(10.4103 -0.165846 0)
(10.3951 -0.167919 0)
(10.4414 -0.167827 0)
(10.4319 -0.167371 0)
(10.4703 -0.169217 0)
(10.4644 -0.165537 0)
(10.5001 -0.168974 0)
(10.4906 -0.163581 0)
(10.531 -0.166132 0)
(10.5114 -0.16168 0)
(10.5614 -0.160629 0)
(10.5302 -0.158982 0)
(10.5867 -0.154006 0)
(10.551 -0.153849 0)
(10.6044 -0.146862 0)
(10.5763 -0.145874 0)
(10.6141 -0.13905 0)
(10.6063 -0.134594 0)
(10.6164 -0.131632 0)
(10.6418 -0.116433 0)
(10.612 -0.129093 0)
(10.6822 -0.0878308 0)
(10.6065 -0.131517 0)
(10.7183 -0.0549844 0)
(10.6153 -0.125973 0)
(10.7346 -0.0334855 0)
(10.653 -0.0999967 0)
(10.7296 -0.0246754 0)
(10.708 -0.0648273 0)
(10.7322 -0.00602444 0)
(10.7504 -0.0427029 0)
(10.7663 0.0328538 0)
(10.7834 -0.0231355 0)
(10.8098 0.0642983 0)
(10.8473 0.0204043 0)
(10.8344 0.0800632 0)
(10.9464 0.0664546 0)
(10.876 0.126563 0)
(11.0304 0.0765685 0)
(10.9773 0.208595 0)
(11.1075 0.0966457 0)
(11.0899 0.259676 0)
(11.2458 0.16682 0)
(11.1961 0.303994 0)
(11.4072 0.225399 0)
(11.3791 0.388598 0)
(11.5529 0.292475 0)
(11.6094 0.463065 0)
(11.7766 0.402298 0)
(11.8422 0.541849 0)
(12.0874 0.524186 0)
(12.1293 0.700021 0)
(12.4441 0.583404 0)
(12.5328 0.944245 0)
(12.8594 0.73897 0)
(13.0655 1.13862 0)
(13.347 1.09539 0)
(13.8241 1.41738 0)
(13.9432 1.52658 0)
(14.7486 2.0438 0)
(14.7434 2.31672 0)
(15.5843 3.04244 0)
(15.6395 3.99438 0)
(9.99574 -0.0617614 0)
(10.0373 -0.136379 0)
(10.0639 -0.174644 0)
(10.1115 -0.183412 0)
(10.126 -0.187523 0)
(10.1583 -0.184047 0)
(10.1513 -0.189895 0)
(10.1716 -0.189165 0)
(10.15 -0.197818 0)
(10.1674 -0.195606 0)
(10.1359 -0.20326 0)
(10.1541 -0.197778 0)
(10.1129 -0.204229 0)
(10.1318 -0.197139 0)
(10.0814 -0.20268 0)
(10.0995 -0.195723 0)
(10.0417 -0.200643 0)
(10.0567 -0.193584 0)
(9.99528 -0.198598 0)
(10.0051 -0.190018 0)
(9.94252 -0.196852 0)
(9.94639 -0.184565 0)
(9.88336 -0.194831 0)
(9.88303 -0.177647 0)
(9.81748 -0.192278 0)
(9.8166 -0.170109 0)
(9.74615 -0.187802 0)
(9.74769 -0.162924 0)
(9.67188 -0.180852 0)
(9.67445 -0.155916 0)
(9.59866 -0.171876 0)
(9.59531 -0.147078 0)
(9.5311 -0.163222 0)
(9.50876 -0.134658 0)
(9.4738 -0.155751 0)
(9.4134 -0.119111 0)
(9.43137 -0.146786 0)
(9.30901 -0.103926 0)
(9.40514 -0.133279 0)
(9.20107 -0.0902241 0)
(9.38797 -0.116933 0)
(9.10671 -0.0735937 0)
(9.36267 -0.103089 0)
(9.04651 -0.0504535 0)
(9.32242 -0.0908144 0)
(9.01758 -0.0268407 0)
(9.28937 -0.0713356 0)
(8.99727 -0.0081237 0)
(9.28519 -0.0480994 0)
(8.98661 0.0206118 0)
(9.29221 -0.0400189 0)
(9.01414 0.0679537 0)
(9.30826 -0.0374502 0)
(9.06621 0.109908 0)
(9.37057 -0.0154534 0)
(9.10994 0.143985 0)
(9.5129 0.00139778 0)
(9.13783 0.208043 0)
(9.71467 -0.00359525 0)
(9.22184 0.277073 0)
(9.90465 0.0282996 0)
(9.39063 0.302392 0)
(10.1624 0.104085 0)
(9.56344 0.329601 0)
(10.4667 0.185988 0)
(9.926 0.377251 0)
(10.6192 0.2295 0)
(10.4691 0.513929 0)
(10.9926 0.251483 0)
(10.775 0.596622 0)
(11.8048 0.435112 0)
(11.0967 0.62825 0)
(12.5597 0.6032 0)
(11.9894 0.831653 0)
(13.0581 0.639221 0)
(13.4231 1.2723 0)
(14.033 0.931582 0)
(14.9142 1.74003 0)
(15.6825 1.99995 0)
(16.6757 3.0537 0)
(9.89988 -0.0451816 0)
(9.8086 -0.0989934 0)
(9.69726 -0.120776 0)
(9.57338 -0.125933 0)
(9.41498 -0.124347 0)
(9.25666 -0.123375 0)
(9.077 -0.124126 0)
(8.91417 -0.125357 0)
(8.73344 -0.127103 0)
(8.57535 -0.126776 0)
(8.39663 -0.127096 0)
(8.24267 -0.124589 0)
(8.06551 -0.123954 0)
(7.91441 -0.120652 0)
(7.73971 -0.11935 0)
(7.59113 -0.116653 0)
(7.41981 -0.114299 0)
(7.27421 -0.112805 0)
(7.10704 -0.108601 0)
(6.96578 -0.108788 0)
(6.80195 -0.102685 0)
(6.66798 -0.103901 0)
(6.50501 -0.0967489 0)
(6.38231 -0.0981119 0)
(6.21722 -0.0915477 0)
(6.10977 -0.0909526 0)
(5.94071 -0.0863892 0)
(5.85021 -0.0830404 0)
(5.67865 -0.0808455 0)
(5.60325 -0.07531 0)
(5.43439 -0.0735689 0)
(5.36932 -0.0687919 0)
(5.20945 -0.0641925 0)
(5.15111 -0.0633558 0)
(5.00279 -0.0534351 0)
(4.9534 -0.0566158 0)
(4.81369 -0.0439449 0)
(4.77852 -0.0468077 0)
(4.64718 -0.036647 0)
(4.62089 -0.0357602 0)
(4.51466 -0.0282636 0)
(4.47372 -0.0275247 0)
(4.41998 -0.0157486 0)
(4.34513 -0.0208559 0)
(4.35023 -0.0059836 0)
(4.24984 -0.00643753 0)
(4.3074 -0.00399731 0)
(4.16899 0.00729977 0)
(4.32824 0.00899443 0)
(4.08058 0.00147456 0)
(4.40391 0.0374678 0)
(4.02871 -0.00154098 0)
(4.50092 0.0542716 0)
(4.01492 0.00429373 0)
(4.65406 0.0851837 0)
(4.01072 -0.0166015 0)
(4.86919 0.144305 0)
(4.05084 -0.0575308 0)
(5.10695 0.220407 0)
(4.18698 -0.0866028 0)
(5.34434 0.231034 0)
(4.36692 -0.0126732 0)
(5.78903 0.215158 0)
(4.33967 -0.0767228 0)
(6.50935 0.477364 0)
(4.49965 -0.32141 0)
(6.93694 0.667044 0)
(5.1245 -0.255767 0)
(7.38983 0.645091 0)
(5.60284 -0.302427 0)
(8.35081 1.02327 0)
(6.1407 -0.688042 0)
(9.13029 1.5587 0)
(7.51765 -0.744829 0)
(9.69754 1.54318 0)
(9.20471 -0.455023 0)
(11.0702 1.72514 0)
(11.1192 -0.25236 0)
(13.4635 2.05534 0)
(14.3108 0.83347 0)
(-0.0232348 -0.229163 0)
(-0.136692 -0.0926277 0)
(-0.00363505 -0.105843 0)
(0.319536 -0.168789 0)
(0.583162 -0.191552 0)
(0.832173 -0.22099 0)
(0.913072 -0.19879 0)
(0.902171 -0.15359 0)
(0.437594 0.233216 0)
(-0.348567 0.51124 0)
(-1.41959 0.639464 0)
(-2.57099 0.725234 0)
(-3.49113 0.452953 0)
(-3.57282 0.0351607 0)
(-3.30239 -0.120119 0)
(-3.17861 -0.119941 0)
(-3.01618 -0.0832766 0)
(-2.70043 -0.125526 0)
(-1.77522 -0.418023 0)
(-0.209557 -0.381438 0)
(-0.523699 0.555592 0)
(-0.668924 0.105081 0)
(-0.732176 -0.435194 0)
(-0.704947 -0.458881 0)
(-0.484123 -0.353105 0)
(-0.387595 -0.186201 0)
(-0.59752 0.151728 0)
(-0.801299 0.660951 0)
(-1.53184 0.924029 0)
(-2.2034 1.27186 0)
(-2.91413 1.41276 0)
(-3.60382 1.17265 0)
(-3.96363 0.568536 0)
(-3.95444 -0.0789432 0)
(-3.94544 -0.282694 0)
(-4.00499 -0.229729 0)
(-3.87207 -0.306605 0)
(-3.30239 -1.00365 0)
(-1.82811 -2.32344 0)
(-0.032192 -1.43798 0)
(-1.3173 -0.0647239 0)
(-1.36528 0.199263 0)
(-1.31377 -0.0309151 0)
(-1.58781 -0.175831 0)
(-1.30091 -0.402132 0)
(-1.3185 -0.115284 0)
(-1.24564 0.306068 0)
(-1.43245 0.908962 0)
(-1.62041 1.64552 0)
(-1.99982 1.86892 0)
(-2.59598 1.89353 0)
(-3.0761 1.62271 0)
(-3.36433 0.877661 0)
(-3.50764 0.159654 0)
(-3.67545 -0.0772977 0)
(-3.60571 -0.248273 0)
(-3.26005 -0.806773 0)
(-2.57556 -2.21839 0)
(-1.06211 -4.2367 0)
(-0.518504 -2.44252 0)
(1.14322 0.833902 0)
(-0.316598 0.291518 0)
(-0.888662 -0.491473 0)
(-2.00008 -0.78045 0)
(-1.53965 -0.63454 0)
(-1.4717 -0.290693 0)
(-1.13419 0.246488 0)
(-1.09137 1.10545 0)
(-1.17088 1.61379 0)
(-1.30777 2.12713 0)
(-1.58209 2.47021 0)
(-2.08629 2.15765 0)
(-2.59906 1.29771 0)
(-3.0091 0.457527 0)
(-3.20836 -0.0569396 0)
(-2.84416 -0.664229 0)
(-2.13418 -1.42968 0)
(-1.6537 -2.72775 0)
(-0.736561 -4.55888 0)
(-1.018 -3.09743 0)
(5.67154 2.30773 0)
(4.55253 2.12984 0)
(3.58201 1.61314 0)
(1.91018 1.02492 0)
(0.270174 -0.78471 0)
(-0.815504 -0.877428 0)
(-0.681457 0.0708132 0)
(-0.552903 0.819659 0)
(-0.318352 1.68505 0)
(-0.249484 2.39575 0)
(-0.600338 2.7168 0)
(-1.1139 2.50191 0)
(-1.74395 1.72953 0)
(-2.34254 0.760769 0)
(-2.66847 -0.253205 0)
(-2.19709 -1.44098 0)
(-1.42256 -2.31645 0)
(-1.20118 -3.19219 0)
(-0.831362 -4.84882 0)
(-0.652858 -4.1976 0)
(8.45244 3.07439 0)
(7.49188 2.87548 0)
(6.97768 2.73553 0)
(5.51267 2.1082 0)
(4.65236 1.90864 0)
(2.6063 0.914704 0)
(0.67775 -0.122293 0)
(0.502534 0.783735 0)
(0.401799 1.53663 0)
(0.382981 2.30288 0)
(0.529644 3.03764 0)
(0.287511 3.15668 0)
(-0.465199 2.61311 0)
(-1.26913 1.41218 0)
(-1.51089 0.12797 0)
(-1.32714 -1.97095 0)
(-0.79931 -2.90661 0)
(-0.657309 -3.31019 0)
(-0.526135 -5.08868 0)
(-0.0847167 -4.68197 0)
(9.86946 3.4785 0)
(9.30315 3.49692 0)
(8.82941 3.42415 0)
(8.08615 3.27307 0)
(7.02761 2.8677 0)
(5.84352 2.64093 0)
(4.20508 2.07166 0)
(2.11213 1.21871 0)
(1.52292 1.72308 0)
(1.34121 2.36385 0)
(1.02941 3.03579 0)
(0.808567 3.57125 0)
(0.447131 3.13118 0)
(0.423208 1.75565 0)
(-0.13191 -0.0825506 0)
(-0.253151 -2.15437 0)
(-0.161559 -3.25452 0)
(-0.110005 -3.25335 0)
(-0.20619 -5.0769 0)
(-0.315923 -4.81612 0)
(10.5629 3.73215 0)
(10.3089 3.89342 0)
(9.9364 3.93045 0)
(9.41225 3.99186 0)
(8.80852 3.88162 0)
(7.72815 3.66753 0)
(6.73314 3.6199 0)
(5.13187 3.10138 0)
(3.29062 2.3424 0)
(2.48776 2.69904 0)
(2.25367 3.28655 0)
(2.43047 3.43057 0)
(2.17764 3.10306 0)
(2.44268 1.98638 0)
(1.56447 1.07203 0)
(1.89478 -1.42179 0)
(1.20676 -2.62746 0)
(0.26543 -2.66183 0)
(-0.0779633 -4.9808 0)
(-0.507345 -5.43711 0)
(11.0054 3.90219 0)
(10.8313 4.14872 0)
(10.5904 4.36425 0)
(10.2388 4.4322 0)
(9.73836 4.59884 0)
(9.12097 4.62407 0)
(8.25027 4.53106 0)
(7.27969 4.47701 0)
(5.81876 4.1641 0)
(4.37445 3.3108 0)
(3.46403 3.41962 0)
(3.04712 3.90853 0)
(2.87208 3.76027 0)
(3.34491 2.11944 0)
(2.77766 0.424977 0)
(3.93224 -2.01547 0)
(3.10049 -2.85909 0)
(0.416543 -2.9509 0)
(-0.0133322 -4.63168 0)
(-0.492003 -5.50461 0)
(11.3744 4.10954 0)
(11.1979 4.34296 0)
(11.018 4.62509 0)
(10.7012 4.91272 0)
(10.4468 5.04328 0)
(9.85141 5.25391 0)
(9.30126 5.37837 0)
(8.57249 5.44582 0)
(7.68014 5.24619 0)
(6.49073 4.96716 0)
(5.43925 4.01499 0)
(5.2333 3.45236 0)
(4.90861 2.54754 0)
(5.60605 2.2035 0)
(5.16552 1.5221 0)
(5.58763 -0.807147 0)
(3.63666 1.06407 0)
(1.66206 1.55261 0)
(1.59711 -2.72237 0)
(-0.0665056 -5.03402 0)
(11.6885 4.20011 0)
(11.5188 4.59141 0)
(11.3991 4.88039 0)
(11.1134 5.18274 0)
(10.7679 5.5346 0)
(10.5168 5.74705 0)
(9.9291 5.93856 0)
(9.41827 6.05618 0)
(8.71187 6.17006 0)
(7.8636 5.93224 0)
(6.33285 5.77023 0)
(4.67861 5.15594 0)
(3.69976 4.20199 0)
(2.06081 1.25253 0)
(2.99387 -0.222014 0)
(2.0127 -1.23547 0)
(0.81512 0.0753611 0)
(3.04396 -1.01297 0)
(3.19305 -4.47959 0)
(0.755842 -6.36304 0)
(12.0562 4.37113 0)
(11.9173 4.72192 0)
(11.6814 5.16237 0)
(11.5511 5.49482 0)
(11.1805 5.84739 0)
(10.8044 6.18356 0)
(10.4123 6.50581 0)
(9.90851 6.73059 0)
(9.50268 6.70032 0)
(9.03343 6.49976 0)
(8.93716 5.64655 0)
(8.4303 5.03976 0)
(8.20865 4.07261 0)
(8.31342 3.58843 0)
(7.74007 1.97601 0)
(8.32836 1.1294 0)
(8.438 1.1002 0)
(7.88139 -0.660428 0)
(7.87245 1.3453 0)
(2.62032 1.51577 0)
(12.3662 4.5043 0)
(12.3918 4.90262 0)
(12.0867 5.37818 0)
(11.8884 5.81735 0)
(11.5651 6.18111 0)
(11.2579 6.58873 0)
(10.8119 6.75261 0)
(10.1561 7.12176 0)
(9.54408 7.53561 0)
(8.28271 8.07055 0)
(6.89046 8.11452 0)
(4.82539 7.36439 0)
(2.9985 5.63391 0)
(1.85397 2.59212 0)
(-0.351333 -1.32038 0)
(-1.18333 -1.42146 0)
(-2.58134 0.662351 0)
(-3.64887 0.385682 0)
(-2.11123 0.441234 0)
(-1.30072 0.771338 0)
(12.9122 4.58171 0)
(12.7798 5.14674 0)
(12.6115 5.55971 0)
(12.3318 6.16695 0)
(11.983 6.58599 0)
(11.4448 7.04849 0)
(11.2664 7.45139 0)
(10.7166 7.45591 0)
(10.7586 7.21285 0)
(10.7799 7.22342 0)
(10.88 7.51054 0)
(9.97487 7.4389 0)
(7.72991 6.60716 0)
(5.66148 5.08534 0)
(2.52786 3.86058 0)
(-1.50722 3.10535 0)
(-3.58411 1.92826 0)
(-3.54986 0.0243238 0)
(-2.28203 -0.952763 0)
(-1.31839 -1.4394 0)
(13.4811 4.65266 0)
(13.3064 5.3054 0)
(13.1772 5.89809 0)
(12.7638 6.38578 0)
(12.5991 6.93298 0)
(11.7941 7.39831 0)
(11.279 7.86402 0)
(10.26 8.76812 0)
(8.87377 9.22716 0)
(7.17385 9.29961 0)
(7.0924 9.32743 0)
(7.77964 9.79129 0)
(7.6883 9.42122 0)
(6.56828 8.43114 0)
(4.80973 6.79754 0)
(1.42165 5.06559 0)
(-0.26915 2.96487 0)
(-0.730505 0.0225599 0)
(-1.28552 -2.49041 0)
(-1.04433 -3.57447 0)
(14.152 4.76535 0)
(13.9413 5.50097 0)
(13.8806 6.26329 0)
(13.2836 7.04023 0)
(13.0883 7.49429 0)
(12.5746 7.88277 0)
(12.3022 7.83873 0)
(12.3667 8.04956 0)
(12.7573 8.68081 0)
(11.6448 9.09179 0)
(9.93701 8.71792 0)
(8.5297 8.67972 0)
(7.95991 9.09316 0)
(7.45434 9.20385 0)
(6.47682 8.5189 0)
(4.80617 7.02369 0)
(3.02889 4.80463 0)
(2.62451 1.23895 0)
(0.994362 -0.393931 0)
(1.07396 -3.26639 0)
(15.0087 4.82959 0)
(14.5859 5.58385 0)
(14.7077 6.41175 0)
(14.0436 7.35827 0)
(13.2953 8.29398 0)
(12.1855 9.21156 0)
(10.7485 9.68892 0)
(8.68051 9.63489 0)
(8.98935 9.72717 0)
(10.0831 10.5893 0)
(10.2886 10.7156 0)
(9.3258 10.2477 0)
(8.38465 9.65098 0)
(7.91584 9.53684 0)
(7.44917 9.43376 0)
(6.8247 8.4738 0)
(5.14439 6.27638 0)
(4.24104 3.0312 0)
(2.09862 -0.588073 0)
(1.4207 -1.7363 0)
(15.9028 4.96403 0)
(15.8662 6.25053 0)
(15.34 7.0326 0)
(15.1576 7.6915 0)
(14.9016 8.02606 0)
(14.7556 8.73004 0)
(14.9838 9.74359 0)
(13.34 10.2412 0)
(10.7425 9.70891 0)
(9.05902 9.91131 0)
(9.14622 10.6653 0)
(9.0859 10.9887 0)
(8.50376 10.7277 0)
(8.01317 10.2138 0)
(7.50586 9.68407 0)
(7.15049 9.04587 0)
(6.24452 7.41223 0)
(5.10178 4.53972 0)
(3.1676 1.82681 0)
(0.848632 -0.142066 0)
(17.3 4.65746 0)
(17.4845 6.66733 0)
(16.5856 8.47395 0)
(14.5437 9.62342 0)
(12.5385 10.0774 0)
(10.5119 9.69498 0)
(11.2854 10.206 0)
(12.9569 11.6945 0)
(12.749 11.7885 0)
(10.7043 10.8777 0)
(9.15134 10.575 0)
(8.57727 10.8933 0)
(8.08079 10.9546 0)
(7.65926 10.5619 0)
(6.89965 10.0632 0)
(6.89198 9.28713 0)
(5.91076 8.13224 0)
(5.16956 5.96892 0)
(3.13932 3.71026 0)
(0.919528 1.85165 0)
(16.7797 3.29608 0)
(18.9972 5.9678 0)
(20.1939 8.24604 0)
(19.467 9.81203 0)
(18.3239 11.1796 0)
(15.166 11.4216 0)
(11.3806 10.284 0)
(10.3519 10.974 0)
(11.6638 12.7363 0)
(11.2414 13.0169 0)
(9.68943 12.1807 0)
(8.6787 11.6751 0)
(8.03355 11.5772 0)
(7.44826 11.1284 0)
(6.46917 10.4399 0)
(5.94451 9.76018 0)
(5.2428 8.96823 0)
(4.71946 7.29498 0)
(2.83685 5.54143 0)
(1.0495 3.77444 0)
(2.21894 1.21078 0)
(8.05732 4.65982 0)
(12.7531 7.42847 0)
(15.4201 9.96545 0)
(17.144 11.9071 0)
(17.6834 13.6009 0)
(15.2563 13.2493 0)
(11.5707 11.8685 0)
(10.4146 12.0481 0)
(10.5883 13.065 0)
(9.78777 13.1154 0)
(8.61309 12.6512 0)
(7.85905 12.4279 0)
(7.29765 12.0048 0)
(6.0683 11.3024 0)
(5.56428 10.5338 0)
(4.6172 9.63411 0)
(3.83417 8.56067 0)
(2.59181 7.26833 0)
(0.717901 5.54319 0)
(-5.34535 -5.64214 0)
(1.80179 -0.236999 0)
(4.21131 2.42193 0)
(9.36423 7.10765 0)
(12.4475 10.4309 0)
(15.3288 13.64 0)
(16.398 15.327 0)
(13.7497 14.6328 0)
(10.7392 13.6117 0)
(9.58218 13.82 0)
(8.96203 13.9329 0)
(8.15918 13.4802 0)
(7.42882 13.2797 0)
(7.05888 12.985 0)
(5.95879 12.2498 0)
(4.93119 11.449 0)
(3.84234 10.6238 0)
(3.06732 9.52699 0)
(2.02006 8.49919 0)
(0.348065 6.9563 0)
(-1.22768 2.72252 0)
(-1.49181 -4.61904 0)
(-1.22661 -3.18884 0)
(4.86215 2.91238 0)
(7.58707 6.87236 0)
(11.015 11.6986 0)
(14.7705 15.7986 0)
(14.7372 16.6757 0)
(11.916 15.3195 0)
(9.63876 14.3863 0)
(8.65922 14.4401 0)
(7.7713 14.1753 0)
(6.93717 13.8772 0)
(6.51942 13.8015 0)
(5.5915 13.2163 0)
(4.65843 12.4841 0)
(3.75806 11.578 0)
(2.67476 10.636 0)
(1.52171 9.81306 0)
(0.634337 8.20941 0)
(-0.00784125 -2.17619 0)
(3.21944 -1.00694 0)
(1.22254 -3.68396 0)
(2.5013 -2.46145 0)
(6.41977 3.71291 0)
(7.08251 7.44228 0)
(11.1551 13.8505 0)
(13.741 17.8293 0)
(12.2727 17.6924 0)
(9.70463 16.4021 0)
(8.15979 15.5593 0)
(7.27079 15.0081 0)
(6.40138 14.5438 0)
(6.00617 14.4355 0)
(5.35963 14.1136 0)
(4.41935 13.2846 0)
(3.21146 12.4732 0)
(2.33814 11.5624 0)
(1.6061 10.7216 0)
(0.365292 9.14914 0)
(0.313156 -1.27617 0)
(0.587837 -3.56832 0)
(4.16696 -2.82025 0)
(3.63731 -4.39523 0)
(7.04673 2.28342 0)
(6.78732 6.03842 0)
(8.45833 10.9385 0)
(11.4383 16.7939 0)
(11.6496 18.9568 0)
(9.41933 18.0285 0)
(7.80964 16.9212 0)
(6.80138 15.9353 0)
(5.73843 15.1798 0)
(5.26977 15.0101 0)
(4.76546 14.8376 0)
(4.119 14.4465 0)
(3.25612 13.5141 0)
(2.31299 12.6139 0)
(1.28596 11.8608 0)
(0.254415 9.81294 0)
(0.149593 -3.43182 0)
(1.40328 -5.9028 0)
(3.451 -7.14405 0)
(4.78911 -6.3872 0)
(6.7521 -0.0135702 0)
(8.02956 5.36517 0)
(7.10305 8.70551 0)
(9.47252 15.0126 0)
(10.4157 18.8366 0)
(9.03742 19.3124 0)
(7.40032 18.3386 0)
(6.44433 17.2741 0)
(5.36316 16.0361 0)
(4.67077 15.508 0)
(4.39742 15.4321 0)
(3.9269 15.0719 0)
(3.00714 14.3729 0)
(1.91161 13.3713 0)
(1.25976 12.4687 0)
(0.450028 10.9535 0)
(0.887165 -2.8069 0)
(1.93889 -5.73179 0)
(3.565 -7.49628 0)
(4.47894 -7.00789 0)
(5.73828 -1.19327 0)
(7.9262 5.51881 0)
(6.40702 8.84442 0)
(7.72533 14.526 0)
(8.54208 18.7815 0)
(7.67319 19.8951 0)
(6.56195 19.2856 0)
(6.01257 18.1836 0)
(5.0051 16.8933 0)
(4.16803 16.0916 0)
(3.69828 15.9558 0)
(3.31691 15.8997 0)
(2.58221 15.2376 0)
(1.97615 14.3358 0)
(1.23732 13.6192 0)
(0.196646 11.5152 0)
(-0.00490223 -5.58873 0)
(1.16225 -8.267 0)
(2.26817 -10.2081 0)
(3.06039 -8.71109 0)
(4.18013 -3.07217 0)
(6.11074 4.76191 0)
(5.26735 9.07201 0)
(5.82172 14.2257 0)
(6.76405 18.9688 0)
(5.63805 20.0792 0)
(5.00125 19.9908 0)
(4.78842 19.1031 0)
(4.06285 17.6581 0)
(3.34675 16.6578 0)
(3.08945 16.4178 0)
(2.94889 16.3362 0)
(2.45566 15.8502 0)
(1.51002 15.0096 0)
(0.961963 14.1191 0)
(0.292389 12.2113 0)
(-0.176399 -4.14264 0)
(-0.175137 -8.48957 0)
(0.0737082 -9.82055 0)
(0.238895 -8.74688 0)
(1.71064 -2.84596 0)
(3.08185 4.1124 0)
(3.43644 9.03467 0)
(3.75845 14.0219 0)
(4.91866 19.141 0)
(4.23461 20.903 0)
(3.1706 20.1187 0)
(3.36886 19.5074 0)
(3.00391 18.3491 0)
(2.42453 17.0931 0)
(2.29238 16.6479 0)
(2.2477 16.7133 0)
(1.82142 16.3304 0)
(1.48144 15.512 0)
(0.961991 14.9044 0)
(0.145876 12.9597 0)
(0.120938 -4.74975 0)
(-0.336124 -7.7068 0)
(-1.896 -10.5937 0)
(-2.19718 -9.76838 0)
(-1.36608 -4.59383 0)
(0.172281 3.42025 0)
(0.664573 8.52037 0)
(0.606394 14.1218 0)
(2.3642 19.2872 0)
(2.71855 21.1847 0)
(2.53572 21.1925 0)
(2.58385 19.9711 0)
(2.21062 18.5007 0)
(1.90551 17.3579 0)
(1.77292 16.8614 0)
(1.89237 16.8928 0)
(1.74788 16.7256 0)
(1.16442 16.1481 0)
(0.79081 15.4313 0)
(0.168475 13.205 0)
(-0.412571 -3.60698 0)
(-2.1593 -6.59946 0)
(-3.85239 -8.79724 0)
(-5.57022 -9.26072 0)
(-4.44609 -4.10823 0)
(-3.36367 2.44029 0)
(-3.02051 8.35635 0)
(-2.0285 13.7381 0)
(-1.02447 17.7889 0)
(-0.0722028 20.234 0)
(1.35745 20.8424 0)
(2.09704 20.3378 0)
(2.04913 18.9956 0)
(1.71606 17.5196 0)
(1.61818 16.8891 0)
(1.60972 17.0331 0)
(1.32698 16.9347 0)
(1.03973 16.4076 0)
(0.663413 15.9597 0)
(0.0848018 13.979 0)
(-0.0792865 -2.04201 0)
(-2.53103 -4.52127 0)
(-5.31508 -7.90167 0)
(-7.17439 -8.67302 0)
(-7.54365 -4.86241 0)
(-5.76452 2.02887 0)
(-6.29613 6.80322 0)
(-3.04101 13.85 0)
(-4.18436 16.7222 0)
(-1.87658 19.2305 0)
(-1.0901 19.0737 0)
(0.784615 19.4939 0)
(1.33889 18.8602 0)
(1.37557 17.8827 0)
(1.20336 17.2048 0)
(1.28958 17.2495 0)
(1.19204 17.2952 0)
(0.865461 16.8875 0)
(0.593446 16.3729 0)
(0.034274 13.9494 0)
(-0.72353 -0.54948 0)
(-3.18484 -2.40136 0)
(-6.13389 -5.45184 0)
(-7.80287 -7.30994 0)
(-9.15856 -4.95799 0)
(-7.39578 0.795582 0)
(-7.56397 5.81187 0)
(-5.41112 12.1024 0)
(-5.34355 15.5791 0)
(-2.41792 17.189 0)
(-1.48099 17.9499 0)
(-0.522459 18.0809 0)
(0.364662 18.1407 0)
(0.817141 17.5283 0)
(0.983862 17.0987 0)
(1.07046 17.276 0)
(0.87832 17.3069 0)
(0.66523 17.0619 0)
(0.438387 16.7916 0)
(0.0719935 14.6262 0)
(-1.15519 1.65442 0)
(-2.6678 -0.177369 0)
(-5.57684 -3.39087 0)
(-6.68025 -5.70284 0)
(-8.66121 -4.8523 0)
(-8.17623 -0.550223 0)
(-7.0217 5.48887 0)
(-6.26215 10.3528 0)
(-5.17711 13.5192 0)
(-3.03583 14.6712 0)
(-0.845442 16.8677 0)
(0.0711097 17.6438 0)
(0.156158 17.4648 0)
(0.475266 17.2218 0)
(0.523517 16.9258 0)
(0.746357 17.2072 0)
(0.718349 17.48 0)
(0.593983 17.3023 0)
(0.414017 17.0113 0)
(-0.0767657 14.4106 0)
(0.0818229 3.19033 0)
(-1.25374 1.50114 0)
(-3.66198 -0.966579 0)
(-4.03497 -3.73782 0)
(-5.6306 -3.7739 0)
(-6.53075 -1.34916 0)
(-6.20647 3.62894 0)
(-4.30427 9.06043 0)
(-3.31297 12.1947 0)
(-2.32454 12.8772 0)
(-1.15404 14.4958 0)
(0.727166 17.0319 0)
(1.07776 17.6317 0)
(0.804153 17.0567 0)
(0.70703 16.8364 0)
(0.754865 17.1698 0)
(0.664264 17.3897 0)
(0.560897 17.3852 0)
(0.364931 17.3212 0)
(0.134206 14.9554 0)
(1.66297 2.84284 0)
(-0.825464 3.25467 0)
(-1.02071 -0.151506 0)
(-0.757717 -2.59688 0)
(-1.35349 -2.58015 0)
(-2.26835 -0.378688 0)
(-3.49847 2.74563 0)
(-2.4446 7.22391 0)
(-1.31464 11.6468 0)
(-0.122595 12.7481 0)
(-0.285995 13.6609 0)
(0.560925 15.2795 0)
(1.73653 17.3278 0)
(1.73627 17.4886 0)
(1.15497 16.9749 0)
(0.9547 17.1417 0)
(0.738701 17.5475 0)
(0.56963 17.6349 0)
(0.419223 17.547 0)
(-0.0916914 14.8071 0)
(0.512534 2.32652 0)
(-1.12505 4.56182 0)
(1.93237 -0.952506 0)
(2.79642 -2.68843 0)
(2.91214 -2.23535 0)
(2.31241 0.420383 0)
(1.32189 3.43863 0)
(0.490754 6.44735 0)
(0.561782 10.1532 0)
(1.39506 12.0174 0)
(1.56017 13.7268 0)
(1.09312 14.7075 0)
(1.85593 16.6039 0)
(2.17302 17.585 0)
(1.82554 17.5455 0)
(1.33291 17.5413 0)
(0.976849 17.6381 0)
(0.767689 17.6764 0)
(0.43723 17.7825 0)
(0.222486 15.319 0)
(-1.36094 3.1291 0)
(1.17719 1.76741 0)
(4.72752 -2.90939 0)
(6.04261 -3.55428 0)
(6.27959 -2.36973 0)
(5.96635 0.75457 0)
(5.38791 4.03337 0)
(4.32729 7.25692 0)
(3.3562 10.1682 0)
(2.93619 11.8316 0)
(2.97209 13.595 0)
(2.46768 14.9218 0)
(2.19314 16.1069 0)
(2.49742 17.463 0)
(2.27818 17.8905 0)
(1.84977 17.9248 0)
(1.25214 18.0709 0)
(0.827364 18.2 0)
(0.610241 18.2423 0)
(-0.0094354 15.4122 0)
(-0.167051 3.14053 0)
(4.12122 -2.45746 0)
(6.79412 -4.96747 0)
(7.78372 -4.42501 0)
(7.93082 -2.2401 0)
(7.7902 1.09112 0)
(7.42056 4.65729 0)
(6.92885 8.13818 0)
(6.07586 10.9849 0)
(5.00119 12.6665 0)
(4.03852 13.8067 0)
(3.78602 15.5977 0)
(2.90923 16.4538 0)
(2.62055 17.3474 0)
(2.54179 18.1559 0)
(2.03241 18.4747 0)
(1.49321 18.411 0)
(1.08564 18.2664 0)
(0.583591 18.3982 0)
(0.277936 15.8807 0)
(2.18249 -1.09049 0)
(5.08655 -5.88361 0)
(7.01696 -6.35425 0)
(7.63514 -4.67366 0)
(8.02605 -1.98786 0)
(8.0184 1.22981 0)
(7.94521 4.84501 0)
(7.94561 8.70665 0)
(7.50013 11.7848 0)
(6.97917 14.0385 0)
(5.37519 14.7693 0)
(4.51858 15.9109 0)
(3.86358 17.2206 0)
(3.11224 17.9188 0)
(2.67064 18.4384 0)
(2.38423 18.8882 0)
(1.71874 19.0756 0)
(1.13093 19.121 0)
(0.793316 19.195 0)
(0.0897872 16.2823 0)
(2.07976 -5.38196 0)
(4.39735 -8.18083 0)
(6.1208 -7.20323 0)
(6.7531 -5.05044 0)
(7.402 -2.12471 0)
(7.50169 1.09967 0)
(7.8149 4.94311 0)
(8.01709 8.67703 0)
(7.80201 12.0762 0)
(7.90482 15.0934 0)
(6.64422 16.3026 0)
(5.24891 16.8482 0)
(4.47145 18.0199 0)
(3.62471 18.5506 0)
(2.86392 18.8777 0)
(2.3163 19.3379 0)
(1.793 19.4037 0)
(1.26943 19.1753 0)
(0.703487 19.2627 0)
(0.288338 16.701 0)
(1.62557 -8.49382 0)
(3.56913 -10.1162 0)
(5.08757 -8.12145 0)
(5.68113 -5.54236 0)
(6.62561 -2.42915 0)
(6.69589 0.680524 0)
(7.451 4.86038 0)
(7.50524 8.55388 0)
(7.64513 12.1493 0)
(7.92449 15.5131 0)
(7.34218 17.5034 0)
(5.73041 17.8426 0)
(4.88618 18.9191 0)
(4.01429 19.6905 0)
(3.11193 19.7169 0)
(2.5548 19.9367 0)
(1.90689 20.2156 0)
(1.28812 20.2031 0)
(0.84476 20.3105 0)
(0.157029 17.3101 0)
(1.23787 -10.9488 0)
(2.82779 -11.5586 0)
(4.07156 -8.93434 0)
(4.77316 -6.23952 0)
(5.83988 -3.11638 0)
(6.02505 0.147928 0)
(7.08097 4.50678 0)
(6.79505 8.05653 0)
(7.26848 12.1965 0)
(7.30471 15.7253 0)
(7.39714 18.5184 0)
(6.14044 19.1192 0)
(4.89286 19.646 0)
(4.23025 20.4035 0)
(3.28079 20.5233 0)
(2.44682 20.555 0)
(1.7901 20.5243 0)
(1.24069 20.2648 0)
(0.74776 20.3049 0)
(0.264335 17.6859 0)
(0.97425 -12.8377 0)
(2.18709 -12.8139 0)
(3.28192 -9.76486 0)
(4.08177 -7.12999 0)
(5.13641 -4.02081 0)
(5.48435 -0.482045 0)
(6.61668 4.21751 0)
(6.1661 7.78652 0)
(6.80996 11.9394 0)
(6.5018 15.5271 0)
(6.76023 18.9657 0)
(6.06789 20.1686 0)
(4.84365 20.5995 0)
(4.05676 21.4441 0)
(3.3227 21.5113 0)
(2.55893 21.3518 0)
(1.84582 21.4184 0)
(1.21519 21.3027 0)
(0.746594 21.435 0)
(0.167139 18.3287 0)
(0.73231 -14.2599 0)
(1.71034 -13.749 0)
(2.63943 -10.6272 0)
(3.44232 -8.10704 0)
(4.53818 -4.94045 0)
(4.97816 -1.08859 0)
(5.95313 3.72014 0)
(5.48861 7.67836 0)
(6.09638 12.0669 0)
(5.57379 15.4539 0)
(5.87493 19.2161 0)
(5.68674 21.145 0)
(4.39843 21.3933 0)
(3.78258 22.0108 0)
(3.14478 22.3417 0)
(2.3578 22.1271 0)
(1.56067 21.7824 0)
(1.03703 21.3782 0)
(0.658744 21.3674 0)
(0.196301 18.6418 0)
(0.560864 -15.3587 0)
(1.27646 -14.5075 0)
(2.06373 -11.3708 0)
(2.874 -9.08968 0)
(3.81323 -5.80828 0)
(4.31292 -1.55575 0)
(5.06792 3.5203 0)
(4.70987 7.62908 0)
(5.17602 12.0355 0)
(4.53414 15.3799 0)
(4.58294 19.0673 0)
(5.01355 21.6606 0)
(3.87497 22.167 0)
(3.07483 22.7864 0)
(2.8175 23.117 0)
(2.18775 22.8597 0)
(1.45148 22.6415 0)
(0.878296 22.3539 0)
(0.527068 22.435 0)
(0.0967033 19.1565 0)
(0.392432 -16.1622 0)
(0.89676 -15.0749 0)
(1.51432 -12.0691 0)
(2.18819 -9.88717 0)
(2.99276 -6.47829 0)
(3.41691 -1.98079 0)
(3.90447 3.36804 0)
(3.59203 7.90836 0)
(3.92438 12.353 0)
(3.38353 15.5913 0)
(3.28863 19.1757 0)
(3.9358 22.1802 0)
(3.01185 22.6795 0)
(2.47084 23.1665 0)
(2.22681 23.8132 0)
(1.6645 23.6152 0)
(0.9877 22.9849 0)
(0.633707 22.3743 0)
(0.371329 22.2518 0)
(0.0547389 19.3383 0)
(0.25891 -16.735 0)
(0.558102 -15.4548 0)
(0.978913 -12.5567 0)
(1.3769 -10.5686 0)
(2.04136 -6.97241 0)
(2.32534 -2.05929 0)
(2.60183 3.18535 0)
(2.33273 8.07964 0)
(2.53793 12.5468 0)
(2.08385 15.6078 0)
(1.88263 18.8933 0)
(2.83827 22.3053 0)
(2.0324 23.1781 0)
(1.49579 23.6396 0)
(1.62056 24.1943 0)
(1.21769 23.9741 0)
(0.638522 23.6127 0)
(0.250066 23.1843 0)
(0.145637 23.1202 0)
(-0.0855751 19.5578 0)
(0.117392 -16.974 0)
(0.203713 -15.5951 0)
(0.393127 -12.8956 0)
(0.546003 -11.0301 0)
(0.906548 -7.28499 0)
(0.997622 -2.06233 0)
(1.07559 3.47635 0)
(0.837739 8.36578 0)
(0.94846 12.8232 0)
(0.772079 15.8337 0)
(0.582134 19.1011 0)
(1.48993 22.5 0)
(0.884159 23.2961 0)
(0.721522 23.8274 0)
(0.798268 24.678 0)
(0.391184 24.5829 0)
(0.0118614 23.8658 0)
(-0.0384413 23.0396 0)
(-0.167143 22.713 0)
(-0.146834 19.4811 0)
(-0.0423029 -17.0054 0)
(-0.210496 -15.4893 0)
(-0.251143 -12.9075 0)
(-0.365871 -11.1224 0)
(-0.32753 -7.32262 0)
(-0.3203 -2.1094 0)
(-0.466597 3.43957 0)
(-0.615776 8.51968 0)
(-0.554799 12.8537 0)
(-0.583395 15.6915 0)
(-0.822006 18.6916 0)
(0.0160734 22.3026 0)
(-0.402576 23.4638 0)
(-0.411535 24.1062 0)
(-0.205279 24.7179 0)
(-0.417387 24.5461 0)
(-0.578003 24.1272 0)
(-0.71675 23.5326 0)
(-0.468291 23.2046 0)
(-0.454774 19.2935 0)
(-0.17474 -16.842 0)
(-0.595889 -15.2094 0)
(-0.925654 -12.7375 0)
(-1.36119 -11.0242 0)
(-1.6221 -7.19537 0)
(-1.75606 -1.64997 0)
(-2.06648 3.82302 0)
(-2.16324 8.63662 0)
(-1.9508 12.8182 0)
(-1.91173 15.773 0)
(-2.11313 18.852 0)
(-1.45378 22.347 0)
(-1.7488 23.3741 0)
(-1.44914 23.7921 0)
(-1.22274 24.7798 0)
(-1.34656 24.9611 0)
(-1.3754 24.2161 0)
(-1.19234 23.1352 0)
(-0.992327 22.47 0)
(-0.363452 18.5804 0)
(-0.307921 -16.3502 0)
(-0.926803 -14.6646 0)
(-1.59743 -12.3314 0)
(-2.41708 -10.6256 0)
(-2.84776 -6.84435 0)
(-3.1177 -1.42966 0)
(-3.40529 3.99297 0)
(-3.48869 8.70796 0)
(-3.2945 12.679 0)
(-3.33225 15.5695 0)
(-3.51405 18.6317 0)
(-2.84209 22.0093 0)
(-3.15057 23.137 0)
(-2.65293 23.792 0)
(-2.25094 24.7121 0)
(-2.34805 24.6768 0)
(-2.28097 24.0919 0)
(-2.10094 23.1914 0)
(-1.37345 22.5391 0)
(-0.915398 18.0118 0)
(-0.464143 -15.5079 0)
(-1.34723 -13.647 0)
(-2.24697 -11.5829 0)
(-3.44767 -10.1203 0)
(-4.06807 -6.2633 0)
(-4.43216 -0.941201 0)
(-4.72416 4.39399 0)
(-4.92302 8.81628 0)
(-4.83183 12.5274 0)
(-4.85894 15.6558 0)
(-4.92624 19.0052 0)
(-4.40554 21.9581 0)
(-4.41007 22.5492 0)
(-3.59522 23.2378 0)
(-3.33684 24.5511 0)
(-3.41175 24.8047 0)
(-3.30618 23.8826 0)
(-2.91159 22.5744 0)
(-2.23912 21.2465 0)
(-1.0973 16.0338 0)
(-0.528307 -14.6684 0)
(-1.65129 -12.584 0)
(-2.78467 -10.2099 0)
(-4.14335 -9.18236 0)
(-5.08354 -5.7219 0)
(-5.42393 -0.435843 0)
(-5.71053 4.8767 0)
(-5.92582 9.07321 0)
(-6.05601 12.5705 0)
(-6.26042 15.5732 0)
(-6.27949 18.5567 0)
(-5.58801 21.0395 0)
(-5.36734 21.7805 0)
(-4.58504 23.2851 0)
(-4.47949 24.5476 0)
(-4.60407 24.3306 0)
(-4.3877 23.4417 0)
(-3.98237 22.2977 0)
(-2.78178 20.8421 0)
(-1.34137 14.8023 0)
(-0.52116 -13.5739 0)
(-1.68061 -11.7206 0)
(-3.13719 -9.50981 0)
(-4.73823 -8.25226 0)
(-5.96801 -5.13518 0)
(-6.42198 -0.146151 0)
(-6.55199 5.00347 0)
(-6.6754 9.29893 0)
(-6.93213 12.5967 0)
(-7.07715 15.552 0)
(-6.88455 18.4847 0)
(-6.30898 20.6367 0)
(-5.94144 21.2934 0)
(-5.39879 22.8014 0)
(-5.52891 24.122 0)
(-5.58117 24.1895 0)
(-5.49851 23.225 0)
(-5.00054 21.7336 0)
(-4.15544 18.9131 0)
(-2.98255 11.4123 0)
(-0.694726 -12.0804 0)
(-2.04782 -9.62518 0)
(-3.53751 -7.63879 0)
(-5.44211 -6.82836 0)
(-6.7565 -4.01317 0)
(-7.25859 0.370428 0)
(-7.27866 5.415 0)
(-7.10018 9.61518 0)
(-7.15546 12.8084 0)
(-7.21079 15.5601 0)
(-7.09943 17.8698 0)
(-6.5248 19.5419 0)
(-6.45482 20.7933 0)
(-6.33474 23.1454 0)
(-6.65706 24.4034 0)
(-6.84695 23.8727 0)
(-6.5751 22.7543 0)
(-6.46307 21.0023 0)
(-5.5656 17.368 0)
(-3.62843 6.29125 0)
(-0.601211 -11.1553 0)
(-1.98094 -8.88292 0)
(-3.60797 -6.19286 0)
(-5.65791 -5.48965 0)
(-7.23665 -3.36674 0)
(-8.03514 0.582868 0)
(-8.13391 5.16998 0)
(-7.81054 9.42694 0)
(-7.69948 12.648 0)
(-7.56699 15.3343 0)
(-7.25459 17.7261 0)
(-7.11008 19.7613 0)
(-7.33865 21.4474 0)
(-7.52285 23.2471 0)
(-7.8459 23.9121 0)
(-7.55631 23.4841 0)
(-7.39093 22.5065 0)
(-7.24146 20.8909 0)
(-6.44253 15.7327 0)
(-0.986587 0.172286 0)
(-0.746516 -9.33846 0)
(-2.09898 -6.79674 0)
(-3.72843 -4.35286 0)
(-5.76083 -3.78524 0)
(-7.59082 -1.92233 0)
(-8.64406 1.38286 0)
(-8.97311 5.4284 0)
(-8.69079 9.43287 0)
(-8.43875 12.647 0)
(-8.2066 15.4265 0)
(-8.22899 17.6761 0)
(-8.23055 19.514 0)
(-8.5893 21.3337 0)
(-8.64768 23.4425 0)
(-8.49563 24.043 0)
(-8.05584 23.2996 0)
(-7.57348 22.3945 0)
(-7.36088 20.0704 0)
(-5.68625 13.5913 0)
(1.2749 -2.16351 0)
(-0.574188 -8.18546 0)
(-1.95334 -5.59143 0)
(-3.5859 -2.67832 0)
(-5.778 -1.94712 0)
(-7.68464 -0.595764 0)
(-8.99482 2.05404 0)
(-9.66309 5.35303 0)
(-9.66997 9.04401 0)
(-9.60086 12.3455 0)
(-9.57068 15.1364 0)
(-9.33974 17.5657 0)
(-9.39653 19.9663 0)
(-9.4279 22.093 0)
(-9.17475 23.328 0)
(-8.74772 23.1161 0)
(-7.97534 22.7365 0)
(-7.72049 21.7618 0)
(-6.45058 18.5603 0)
(-3.82244 10.3311 0)
(1.37489 -4.34542 0)
(-0.622259 -6.82316 0)
(-1.88405 -3.95474 0)
(-3.38283 -0.777024 0)
(-5.45783 -0.0302772 0)
(-7.39074 0.977306 0)
(-8.85055 3.19843 0)
(-9.84782 6.07096 0)
(-10.2391 9.39504 0)
(-10.3371 12.4305 0)
(-10.1299 15.1645 0)
(-10.0995 17.6316 0)
(-10.0263 19.6848 0)
(-9.83587 21.1608 0)
(-9.30172 22.405 0)
(-8.43923 22.7962 0)
(-7.78387 22.3033 0)
(-6.72359 20.8255 0)
(-5.30536 16.518 0)
(-1.79994 6.56328 0)
(1.4065 -4.65018 0)
(-0.5511 -5.49166 0)
(-1.68289 -2.71681 0)
(-3.01747 0.730737 0)
(-4.92866 1.7362 0)
(-6.85777 2.64718 0)
(-8.41111 4.52921 0)
(-9.58701 6.8247 0)
(-10.2228 9.50829 0)
(-10.4028 12.3419 0)
(-10.5976 14.9733 0)
(-10.3554 17.2538 0)
(-10.0643 19.3812 0)
(-9.46339 21.2998 0)
(-8.62157 22.0954 0)
(-7.81931 21.7275 0)
(-6.78915 21.1173 0)
(-5.97363 19.2797 0)
(-3.53859 13.7309 0)
(-0.654459 3.80668 0)
(1.43253 -4.70049 0)
(-0.456483 -4.46596 0)
(-1.48502 -1.47619 0)
(-2.6331 2.29865 0)
(-4.34921 3.63787 0)
(-6.20777 4.30994 0)
(-7.65082 5.83707 0)
(-8.80617 7.75822 0)
(-9.50357 10.1479 0)
(-9.98999 12.6881 0)
(-9.92731 14.9602 0)
(-9.71905 17.1298 0)
(-9.21895 18.9197 0)
(-8.73899 19.8996 0)
(-7.83756 20.3653 0)
(-6.8656 20.8771 0)
(-5.99441 20.1831 0)
(-4.16493 17.3896 0)
(-2.0537 11.4101 0)
(-0.174742 1.82585 0)
(1.22133 -4.2784 0)
(-0.405751 -3.45769 0)
(-1.26888 -0.504907 0)
(-2.17821 3.41942 0)
(-3.65838 5.13493 0)
(-5.32948 5.86412 0)
(-6.67851 7.14899 0)
(-7.74958 8.82879 0)
(-8.61752 10.6775 0)
(-8.93239 12.7583 0)
(-9.06861 14.8557 0)
(-8.86984 16.6862 0)
(-8.34332 18.123 0)
(-7.61419 19.6823 0)
(-6.53702 20.37 0)
(-5.78084 19.9822 0)
(-4.45317 18.6676 0)
(-3.12621 15.7355 0)
(-0.769813 9.46515 0)
(-0.153315 0.239945 0)
(0.932984 -4.00146 0)
(-0.321062 -2.6523 0)
(-1.08038 0.359199 0)
(-1.84622 4.63177 0)
(-3.06365 6.76661 0)
(-4.55759 7.29578 0)
(-5.72047 8.30135 0)
(-6.72589 9.70603 0)
(-7.34778 11.2943 0)
(-7.84924 13.1641 0)
(-7.75956 14.8069 0)
(-7.61954 16.3695 0)
(-6.85881 17.7762 0)
(-6.39939 18.4275 0)
(-5.54764 18.3711 0)
(-4.36926 18.431 0)
(-3.36421 17.3615 0)
(-1.86261 14.053 0)
(-0.244681 7.9774 0)
(0.279868 -0.197173 0)
(0.418913 -3.55752 0)
(-0.285914 -1.96488 0)
(-0.905037 1.06282 0)
(-1.47391 5.2576 0)
(-2.37498 7.73511 0)
(-3.66856 8.53201 0)
(-4.78423 9.34654 0)
(-5.55886 10.5941 0)
(-6.22218 11.857 0)
(-6.53781 13.171 0)
(-6.56868 14.7009 0)
(-6.34426 16.1385 0)
(-5.98167 16.9668 0)
(-5.12224 17.9547 0)
(-4.17763 18.5478 0)
(-3.29021 17.7902 0)
(-2.10253 16.0184 0)
(-0.874869 12.5222 0)
(0.333182 7.54583 0)
(0.556346 -0.335319 0)
(0.366302 -3.1668 0)
(-0.214369 -1.42565 0)
(-0.738894 1.52 0)
(-1.21112 6.0704 0)
(-1.92241 8.96194 0)
(-3.02934 9.66675 0)
(-3.92823 10.2232 0)
(-4.65555 11.1975 0)
(-5.05577 12.2344 0)
(-5.52101 13.5534 0)
(-5.43308 14.6766 0)
(-5.27087 15.6118 0)
(-4.56753 16.5679 0)
(-4.0064 16.8478 0)
(-3.37817 16.4377 0)
(-2.18997 15.9672 0)
(-1.34062 14.7667 0)
(-0.117867 11.8858 0)
(0.521364 7.20039 0)
(1.07269 -0.41984 0)
(0.259031 -2.57126 0)
(-0.186389 -0.870605 0)
(-0.654867 2.11324 0)
(-0.991061 6.38649 0)
(-1.44663 9.48125 0)
(-2.32238 10.5891 0)
(-3.18484 11.0026 0)
(-3.74644 11.8068 0)
(-4.19307 12.7666 0)
(-4.40718 13.5025 0)
(-4.4804 14.4042 0)
(-4.07543 15.5137 0)
(-3.96533 16.0096 0)
(-3.10004 16.418 0)
(-2.32196 16.9151 0)
(-1.67594 16.0843 0)
(-0.325196 13.6048 0)
(0.213329 10.59 0)
(0.573542 6.77466 0)
(1.38737 -0.271724 0)
(0.295953 -1.88071 0)
(-0.112969 -0.605818 0)
(-0.52604 2.39671 0)
(-0.784068 6.78837 0)
(-1.15862 10.272 0)
(-1.85954 11.3676 0)
(-2.56263 11.6445 0)
(-3.11492 12.2242 0)
(-3.31959 12.856 0)
(-3.62797 13.8241 0)
(-3.69336 14.5373 0)
(-3.58391 14.9524 0)
(-2.93202 15.4878 0)
(-2.56383 15.4704 0)
(-1.92152 14.7105 0)
(-0.973991 13.9649 0)
(-0.752928 13.0952 0)
(0.955977 10.2393 0)
(0.442339 6.21543 0)
(1.65113 -0.0984721 0)
(0.427496 -1.08314 0)
(-0.122068 -0.19523 0)
(-0.453041 2.75088 0)
(-0.717867 6.99626 0)
(-0.871261 10.4655 0)
(-1.39675 12.0288 0)
(-2.03961 12.2658 0)
(-2.44748 12.6173 0)
(-2.77231 13.349 0)
(-2.88984 13.8153 0)
(-3.02227 14.22 0)
(-2.70313 14.8723 0)
(-2.68459 15.2226 0)
(-2.01027 15.2328 0)
(-1.30265 15.4689 0)
(-0.910559 15.0168 0)
(0.00252292 12.1819 0)
(0.416861 9.85763 0)
(1.08458 5.64433 0)
(1.44559 0.317318 0)
(0.581349 -0.0453349 0)
(-0.13694 0.027249 0)
(-0.426636 2.99766 0)
(-0.569096 7.23554 0)
(-0.768764 10.9747 0)
(-1.12227 12.498 0)
(-1.61541 12.7031 0)
(-2.06243 12.9712 0)
(-2.21894 13.2431 0)
(-2.32848 14.0036 0)
(-2.50689 14.5238 0)
(-2.62316 14.5572 0)
(-2.05798 14.6638 0)
(-1.97171 14.5016 0)
(-1.56437 13.5182 0)
(-0.807662 12.4741 0)
(-0.312758 11.1201 0)
(-0.0808529 9.64112 0)
(1.42683 4.53315 0)
(1.38262 0.88766 0)
(0.569173 0.719636 0)
(-0.100518 0.382184 0)
(-0.362808 3.29556 0)
(-0.553443 7.27009 0)
(-0.579333 10.9153 0)
(-0.846915 12.9325 0)
(-1.29496 13.2129 0)
(-1.58715 13.2367 0)
(-1.81627 13.7266 0)
(-1.98203 14.0731 0)
(-2.04904 14.3046 0)
(-1.96564 14.5059 0)
(-2.12042 14.664 0)
(-1.68354 14.4445 0)
(-1.32201 14.3545 0)
(-0.97669 14.0447 0)
(-0.44875 11.3821 0)
(-0.182861 8.06368 0)
(1.70826 4.07665 0)
(0.972902 1.51573 0)
(0.66407 1.78093 0)
(-0.025291 0.482435 0)
(-0.357596 3.42558 0)
(-0.440694 7.48355 0)
(-0.570293 11.2653 0)
(-0.685284 13.146 0)
(-0.977746 13.4615 0)
(-1.30995 13.5693 0)
(-1.53157 13.5635 0)
(-1.51271 14.1502 0)
(-1.74667 14.6644 0)
(-2.02378 14.5817 0)
(-1.77121 14.3245 0)
(-1.95891 14.1425 0)
(-1.82788 12.9242 0)
(-1.3107 11.3716 0)
(-1.40944 10.136 0)
(0.322132 7.39671 0)
(0.825981 3.41691 0)
(0.57717 2.07281 0)
(0.313811 2.43777 0)
(-0.136847 0.795311 0)
(-0.324149 3.68188 0)
(-0.421662 7.4053 0)
(-0.388988 11.0838 0)
(-0.493121 13.4218 0)
(-0.773839 13.8651 0)
(-0.992436 13.7461 0)
(-1.12029 14.0611 0)
(-1.42583 14.2991 0)
(-1.45396 14.554 0)
(-1.58601 14.5605 0)
(-1.98731 14.5498 0)
(-1.8242 14.0258 0)
(-1.86327 13.6839 0)
(-1.85882 13.7435 0)
(-0.865004 10.0829 0)
(-0.373185 5.66333 0)
(-0.0735507 3.7675 0)
(-0.287414 2.06463 0)
(0.0941651 2.732 0)
(-0.0333021 1.0135 0)
(-0.273542 3.83191 0)
(-0.326719 7.61807 0)
(-0.393025 11.289 0)
(-0.352962 13.4189 0)
(-0.480172 13.9774 0)
(-0.711963 14.0801 0)
(-1.00224 13.9185 0)
(-0.951139 14.3659 0)
(-1.29537 14.9344 0)
(-1.59227 14.9761 0)
(-1.70755 14.5403 0)
(-2.13029 14.4796 0)
(-2.35624 13.3443 0)
(-2.28536 10.7025 0)
(-1.91498 7.60999 0)
(-1.31305 6.46244 0)
(-1.60669 3.20166 0)
(-0.953721 2.07363 0)
(-0.366595 2.31029 0)
(0.0120343 1.06046 0)
(-0.257054 3.95491 0)
(-0.251672 7.45441 0)
(-0.155675 11.0658 0)
(-0.130823 13.6293 0)
(-0.301486 14.2783 0)
(-0.441946 14.1814 0)
(-0.523978 14.4425 0)
(-0.949346 14.6239 0)
(-0.963193 14.9459 0)
(-1.29408 15.0283 0)
(-1.84035 15.0514 0)
(-2.19134 14.2986 0)
(-2.59169 13.4878 0)
(-2.43186 12.7651 0)
(-2.0091 9.78486 0)
(-2.95182 5.35871 0)
(-2.34604 3.15495 0)
(-1.93345 0.933981 0)
(-0.496714 1.32928 0)
(-0.0899369 1.32588 0)
(-0.107634 4.0709 0)
(-0.115017 7.59892 0)
(-0.0833058 11.0944 0)
(0.0517302 13.4191 0)
(0.0756925 14.3007 0)
(-0.120857 14.4874 0)
(-0.421038 14.3334 0)
(-0.364868 14.7256 0)
(-0.879092 15.3835 0)
(-1.13256 15.6527 0)
(-1.64547 15.2403 0)
(-2.24906 15.3559 0)
(-2.62662 14.1088 0)
(-2.91433 10.5736 0)
(-4.02247 7.46854 0)
(-3.31945 6.00851 0)
(-3.713 2.39463 0)
(-2.23946 0.0562543 0)
(-1.08622 -0.20893 0)
(0.158627 1.3146 0)
(-0.0785995 4.07681 0)
(0.0314554 7.40588 0)
(0.18978 10.884 0)
(0.37466 13.6277 0)
(0.250437 14.4897 0)
(0.241101 14.57 0)
(0.157297 14.8636 0)
(-0.323218 15.1022 0)
(-0.298491 15.5038 0)
(-0.839332 15.8685 0)
(-1.31911 16.1664 0)
(-2.04657 15.2557 0)
(-2.63525 13.9915 0)
(-2.94723 13.0825 0)
(-3.07689 10.9649 0)
(-4.10712 5.69534 0)
(-3.19255 1.74795 0)
(-2.58861 -1.71634 0)
(-0.933791 -2.5879 0)
(0.131195 1.18872 0)
(0.0904511 4.10944 0)
(0.201888 7.37244 0)
(0.417333 10.6641 0)
(0.600094 13.1793 0)
(0.808781 14.4618 0)
(0.607565 14.807 0)
(0.395886 14.7894 0)
(0.459463 15.2185 0)
(-0.13864 16.0305 0)
(-0.282391 16.57 0)
(-1.0611 16.3458 0)
(-1.5959 16.5438 0)
(-2.1339 15.2642 0)
(-3.02081 11.9021 0)
(-4.4857 8.27299 0)
(-3.39692 5.61384 0)
(-3.14946 1.08818 0)
(-2.18952 -2.40091 0)
(-0.920395 -3.94157 0)
(0.183059 1.18571 0)
(0.203382 3.97668 0)
(0.466386 7.12282 0)
(0.682517 10.4222 0)
(1.04618 13.3813 0)
(0.995317 14.4987 0)
(1.17718 14.853 0)
(1.06493 15.2493 0)
(0.663016 15.6291 0)
(0.76495 16.103 0)
(0.149106 16.8592 0)
(-0.113001 17.4873 0)
(-0.990534 16.5408 0)
(-1.51734 15.2719 0)
(-1.99261 14.3384 0)
(-1.72854 11.7431 0)
(-2.2746 5.22137 0)
(-2.36963 0.359618 0)
(-2.04489 -3.34454 0)
(-0.786302 -5.63381 0)
(0.592683 0.878053 0)
(0.258159 3.9995 0)
(0.607908 6.80711 0)
(1.03874 9.93554 0)
(1.32633 12.692 0)
(1.72809 14.4103 0)
(1.5441 14.9903 0)
(1.57746 15.1385 0)
(1.61281 15.6685 0)
(1.16025 16.6901 0)
(1.20199 17.4292 0)
(0.438871 17.5794 0)
(0.284293 17.9853 0)
(-0.208503 16.7465 0)
(-1.27383 13.3897 0)
(-2.15583 9.31913 0)
(-1.44128 6.77416 0)
(-1.31033 1.65206 0)
(-1.09163 -4.04159 0)
(-0.629264 -7.58235 0)
(0.387817 0.225639 0)
(0.585934 3.79959 0)
(0.849335 6.60557 0)
(1.26376 9.60091 0)
(1.80591 12.7729 0)
(1.90958 14.2256 0)
(2.36287 14.9095 0)
(2.24485 15.4697 0)
(2.12994 15.9668 0)
(2.30905 16.4828 0)
(1.91101 17.6087 0)
(1.98843 18.4502 0)
(1.11858 17.5707 0)
(0.912932 16.4095 0)
(0.725064 15.2573 0)
(1.03392 11.6003 0)
(-0.242261 4.14931 0)
(-0.277544 -1.12307 0)
(-1.20453 -4.76134 0)
(0.158993 -7.9016 0)
(-0.163769 -0.176457 0)
(0.601473 3.47836 0)
(0.992029 5.6509 0)
(1.68991 8.82748 0)
(2.14818 11.8117 0)
(2.73025 14.0305 0)
(2.62984 14.9407 0)
(3.05914 15.1854 0)
(3.08491 15.8113 0)
(2.97948 16.9295 0)
(3.17341 17.6931 0)
(2.72595 18.2761 0)
(3.03687 18.8967 0)
(2.61378 17.5794 0)
(1.57725 14.2655 0)
(1.34139 11.1402 0)
(2.86895 8.70382 0)
(2.09192 3.79793 0)
(1.48306 -2.50563 0)
(0.897335 -7.1462 0)
(-0.822125 -0.237829 0)
(0.723964 3.41564 0)
(0.754704 5.62724 0)
(1.67361 8.47016 0)
(2.57646 11.6016 0)
(2.89768 13.4119 0)
(3.61966 14.6219 0)
(3.57906 15.4156 0)
(3.85834 15.8389 0)
(4.13549 16.3094 0)
(4.1707 17.6371 0)
(4.48069 18.5919 0)
(3.83779 17.9946 0)
(4.27485 17.4042 0)
(4.26826 16.1087 0)
(3.42986 11.1202 0)
(0.68829 3.51459 0)
(1.205 -0.356938 0)
(0.124337 -4.90514 0)
(0.359781 -7.31942 0)
(-1.03806 -0.109876 0)
(0.730678 2.12943 0)
(1.01039 4.66317 0)
(2.00664 7.72368 0)
(2.55695 10.3427 0)
(3.69617 13.1084 0)
(3.79438 14.446 0)
(4.52251 14.8484 0)
(4.63762 15.6006 0)
(4.93533 16.5564 0)
(5.29488 17.1078 0)
(5.44371 18.1899 0)
(6.08389 19.1204 0)
(5.5388 17.769 0)
(4.90486 15.4128 0)
(5.67958 13.8343 0)
(5.99354 10.0252 0)
(2.82618 3.81064 0)
(1.12986 -2.24332 0)
(0.0788006 -6.41451 0)
(-0.502209 0.12794 0)
(0.114213 0.77814 0)
(1.14271 4.22457 0)
(1.51329 6.54664 0)
(2.88054 9.84827 0)
(3.66985 11.8856 0)
(4.7651 13.7969 0)
(4.88338 14.9743 0)
(5.45549 15.1984 0)
(5.85442 15.7068 0)
(6.3905 16.8499 0)
(6.80757 17.6009 0)
(6.7161 17.5933 0)
(7.84635 17.7937 0)
(7.51028 16.2472 0)
(5.97429 11.6702 0)
(5.86556 8.38201 0)
(6.67334 5.869 0)
(3.67936 -0.940312 0)
(0.31257 -5.63668 0)
(0.324479 0.320289 0)
(-0.587324 0.344233 0)
(1.04921 3.64992 0)
(1.69361 6.12938 0)
(2.65929 8.09044 0)
(4.24521 11.4377 0)
(4.72906 12.984 0)
(5.75408 13.9682 0)
(6.1201 15.0305 0)
(6.56365 15.7149 0)
(7.04002 15.9568 0)
(7.90664 17.2399 0)
(8.48823 18.3194 0)
(8.18025 17.3501 0)
(8.73718 16.6336 0)
(9.32297 15.3862 0)
(6.92489 9.90979 0)
(4.96619 5.80487 0)
(6.08794 3.41638 0)
(1.30776 -3.24126 0)
(0.462073 0.411455 0)
(-0.796571 0.0973583 0)
(0.701213 2.40278 0)
(1.47684 4.92212 0)
(2.56438 7.12134 0)
(3.8553 9.47438 0)
(5.52551 12.2143 0)
(5.86549 13.7724 0)
(6.75588 13.995 0)
(7.39153 14.8174 0)
(7.97755 15.6582 0)
(8.44237 15.6854 0)
(9.23747 16.3976 0)
(10.5505 17.3459 0)
(9.63583 15.6681 0)
(9.15989 13.3963 0)
(9.89641 12.1791 0)
(7.09649 6.92663 0)
(2.96163 2.97067 0)
(5.96415 1.39589 0)
(0.110874 0.589721 0)
(-0.289172 0.289844 0)
(-0.513973 0.944989 0)
(1.72758 4.11694 0)
(2.55847 5.86749 0)
(3.72821 8.65475 0)
(4.96443 10.4681 0)
(6.70413 12.6404 0)
(7.1535 14.1451 0)
(7.71306 14.345 0)
(8.38192 14.8395 0)
(9.55202 16.1033 0)
(9.68782 16.396 0)
(10.4491 16.3549 0)
(11.9382 17.4767 0)
(11.4826 15.9517 0)
(9.13014 12.4751 0)
(10.088 11.6039 0)
(5.0628 6.53747 0)
(-1.08386 3.64274 0)
(-0.124869 0.583482 0)
(-0.0511513 0.669203 0)
(-0.416294 0.346984 0)
(0.847042 2.24439 0)
(2.41945 5.10614 0)
(3.39638 6.71082 0)
(4.94765 9.46605 0)
(6.05724 11.3116 0)
(7.73698 12.4878 0)
(8.57988 13.8109 0)
(8.80181 13.9075 0)
(9.56758 13.713 0)
(10.9115 15.1154 0)
(11.4993 15.1806 0)
(11.0992 14.3354 0)
(13.0495 15.6277 0)
(12.625 14.57 0)
(9.40321 11.2028 0)
(8.41147 10.7349 0)
(6.53316 7.90485 0)
(-0.0221826 0.778798 0)
(0.00196523 0.598692 0)
(0.378732 0.283208 0)
(-0.141534 0.815149 0)
(1.91091 3.7275 0)
(3.21805 6.30923 0)
(4.27081 7.55568 0)
(6.11263 10.1045 0)
(6.97944 12.0838 0)
(8.55623 12.8026 0)
(9.62864 14.233 0)
(10.151 14.4766 0)
(10.1916 14.2278 0)
(12.3986 15.6738 0)
(13.1201 15.9832 0)
(12.3502 14.7122 0)
(13.4471 15.5201 0)
(14.9442 15.6431 0)
(7.74151 12.7315 0)
(3.87597 14.5557 0)
(-0.237108 0.660702 0)
(0.642898 0.266912 0)
(1.18299 0.585836 0)
(1.11916 0.921928 0)
(0.888583 1.88767 0)
(2.72065 4.12158 0)
(4.19406 7.00329 0)
(5.23126 7.9372 0)
(7.09588 9.80065 0)
(8.23983 11.4357 0)
(9.16017 11.787 0)
(11.039 12.7927 0)
(11.3721 13.1921 0)
(11.2957 12.3387 0)
(13.1883 13.9604 0)
(15.4977 15.1538 0)
(12.6791 13.7173 0)
(15.4064 15.38 0)
(18.9613 16.1393 0)
(8.97869 18.1418 0)
(0.243559 0.410968 0)
(0.694815 -0.939171 0)
(1.73135 -0.13569 0)
(2.45774 1.11647 0)
(2.34207 1.76708 0)
(2.00878 3.13481 0)
(3.38395 4.96139 0)
(5.01543 8.06857 0)
(5.64232 9.11485 0)
(7.88076 10.4714 0)
(8.96986 12.2929 0)
(9.85283 12.2274 0)
(11.9135 13.5876 0)
(13.5108 14.2885 0)
(11.7772 12.6425 0)
(15.2936 14.3333 0)
(17.6234 15.0714 0)
(12.8191 14.9614 0)
(21.5679 14.3358 0)
(20.0597 18.3787 0)
(0.629709 -0.235913 0)
(1.12155 -1.53328 0)
(1.89433 -0.956101 0)
(2.71346 0.229916 0)
(3.25175 2.13332 0)
(3.1491 2.74782 0)
(2.8883 3.91074 0)
(4.07032 4.71066 0)
(5.84707 7.35718 0)
(6.45049 7.90755 0)
(8.52422 9.07812 0)
(10.2023 10.2858 0)
(9.71876 9.75281 0)
(13.7468 11.997 0)
(14.8361 12.7071 0)
(12.5788 12.0907 0)
(19.5929 12.5338 0)
(17.2805 15.8769 0)
(18.3595 12.7532 0)
(24.0587 14.5068 0)
(0.574193 -1.29438 0)
(1.29402 -2.36438 0)
(2.18745 -1.68158 0)
(2.4755 -0.500254 0)
(3.49155 1.84893 0)
(3.27969 3.51846 0)
(2.96267 4.287 0)
(3.08293 6.15509 0)
(3.88592 6.30629 0)
(6.27634 8.6198 0)
(6.42139 8.88528 0)
(9.97613 10.3641 0)
(10.7301 10.6516 0)
(10.2957 10.4071 0)
(16.1936 11.0771 0)
(13.862 13.3763 0)
(16.2541 8.95482 0)
(20.0183 13.1977 0)
(18.0694 12.4825 0)
(22.6959 10.2328 0)
(0.668957 -2.28844 0)
(1.21228 -3.22844 0)
(1.93038 -2.42188 0)
(2.3503 -1.07176 0)
(2.61563 1.12287 0)
(3.40087 3.09979 0)
(2.6188 3.16432 0)
(3.20989 3.20056 0)
(3.47223 4.89406 0)
(3.86888 5.37858 0)
(5.99745 4.13355 0)
(7.10974 8.06284 0)
(11.6981 6.55176 0)
(11.0658 11.0766 0)
(13.5095 6.27445 0)
(16.4647 13.0161 0)
(14.8423 9.06271 0)
(19.6456 9.86558 0)
(19.0675 11.4666 0)
(21.129 9.3618 0)
(0.507923 -3.27782 0)
(0.773326 -3.75734 0)
(1.09092 -2.6741 0)
(0.834729 -1.00021 0)
(1.31414 1.63572 0)
(1.81489 3.78928 0)
(1.86509 5.297 0)
(0.986393 5.71341 0)
(2.52229 4.17624 0)
(3.1302 9.13491 0)
(3.22827 1.90668 0)
(6.8145 9.45396 0)
(4.85338 1.28655 0)
(11.7232 10.848 0)
(7.64714 2.00356 0)
(15.2511 9.47751 0)
(14.5573 8.95461 0)
(18.1073 7.67596 0)
(19.3259 8.89245 0)
(20.873 8.8036 0)
(0.241932 -3.50472 0)
(-0.00592922 -3.70173 0)
(-0.111806 -2.7752 0)
(-0.382472 -1.63347 0)
(-0.273887 0.239236 0)
(0.323065 2.09852 0)
(0.844644 2.79796 0)
(1.61516 3.39029 0)
(1.20441 2.07916 0)
(1.95347 6.28623 0)
(-1.48189 -3.70214 0)
(7.48895 8.98019 0)
(-0.901978 -3.65706 0)
(11.2663 11.1609 0)
(5.94189 3.09244 0)
(11.066 5.46367 0)
(12.7217 7.1118 0)
(15.2285 6.40998 0)
(17.5831 6.13603 0)
(19.3823 6.73185 0)
(-0.127417 -3.21351 0)
(-1.06711 -2.90628 0)
(-1.93016 -1.711 0)
(-2.26033 -0.348104 0)
(-2.11535 1.33323 0)
(-1.78407 2.94482 0)
(-1.20414 4.90576 0)
(-2.26622 5.32021 0)
(2.13381 3.74446 0)
(4.25513 9.94554 0)
(0.270398 -4.48481 0)
(8.48569 9.68319 0)
(4.13308 -1.16941 0)
(10.0844 7.78203 0)
(7.87294 4.06149 0)
(9.65582 2.07113 0)
(11.259 3.75255 0)
(13.4208 4.53655 0)
(15.5705 4.06544 0)
(17.628 4.68755 0)
(-0.303577 -3.00491 0)
(-1.59119 -2.77071 0)
(-2.80693 -2.16982 0)
(-3.44218 -1.31547 0)
(-3.07957 -0.108458 0)
(-1.93429 1.09931 0)
(-2.28752 2.9912 0)
(4.15341 -0.654793 0)
(0.393786 -5.54488 0)
(5.67333 8.07833 0)
(1.53818 -4.87852 0)
(4.97572 4.93761 0)
(4.83136 -2.12075 0)
(6.91074 3.23816 0)
(8.20939 3.26649 0)
(10.2271 1.28925 0)
(10.9529 1.50958 0)
(12.6343 1.93239 0)
(14.1436 1.89207 0)
(16.5916 2.03491 0)
(-1.1246 -0.629985 0)
(-3.15866 0.222823 0)
(-4.16958 0.440652 0)
(-4.91824 0.0923908 0)
(-5.14929 0.360799 0)
(-4.59045 0.7666 0)
(-4.17722 0.659022 0)
(0.516039 1.47115 0)
(-6.49399 5.77306 0)
(3.83185 7.65195 0)
(3.75471 1.70354 0)
(2.59794 0.722873 0)
(5.86883 -0.123792 0)
(4.4472 1.16409 0)
(7.64792 1.3219 0)
(9.97511 1.21437 0)
(11.6004 0.99244 0)
(11.8484 0.946118 0)
(14.1003 1.03725 0)
(15.1958 0.756708 0)
(17.4802 17.8664 0)
(-12.3098 -9.60257 0)
(9.14198 -16.301 0)
(-1.04582 -0.237401 0)
(2.46659 3.39806 0)
(-6.33728 0.573784 0)
(-0.473981 1.72158 0)
(-2.55362 4.00874 0)
(-0.0545128 0.266841 0)
(0.334518 -1.18392 0)
(0.247009 -1.69171 0)
(-0.695711 -2.3348 0)
(-0.824192 -0.183955 0)
(-0.640808 -1.4436 0)
(-1.88766 -0.431881 0)
(-1.64186 -0.421559 0)
(-1.66097 -0.172892 0)
(-2.09736 0.147461 0)
(-2.68142 0.444644 0)
(-3.52934 1.02563 0)
(-5.11004 1.00739 0)
(-6.94548 1.39775 0)
(-9.22604 1.23581 0)
(-11.4076 1.33083 0)
(-13.5264 1.08061 0)
(-15.3383 0.951661 0)
(-16.6996 0.651063 0)
(-17.5648 0.380563 0)
(-17.8758 0.0763067 0)
(-17.6705 -0.152314 0)
(-16.9637 -0.434298 0)
(-16.1329 -0.476096 0)
(-14.7052 -0.581142 0)
(-13.6332 -0.485443 0)
(-12.3441 -0.453954 0)
(-11.3466 -0.324446 0)
(-10.529 -0.207221 0)
(-10.0078 -0.0933814 0)
(-9.61244 -0.0630326 0)
(-9.38596 -0.0136497 0)
(-9.14026 -0.0160328 0)
(-8.92718 -0.102406 0)
(-8.55036 -0.153652 0)
(-8.05553 -0.194242 0)
(-7.49127 -0.408958 0)
(-6.43962 -0.451471 0)
(-5.49219 -0.521232 0)
(-4.20912 -0.552788 0)
(-2.87363 -0.522812 0)
(-1.53821 -0.48694 0)
(-0.245508 -0.547047 0)
(1.13229 -0.474395 0)
(1.95714 -0.307228 0)
(2.98326 -0.301928 0)
(3.58806 -0.184403 0)
(4.05289 -0.112622 0)
(4.43394 -0.0771127 0)
(4.64189 -0.0437451 0)
(4.77332 -0.015966 0)
(4.90004 -0.00273964 0)
(4.9556 0.0360351 0)
(5.04559 0.0570921 0)
(5.12993 0.0681048 0)
(5.22441 0.0337943 0)
(5.35422 0.0277537 0)
(5.4202 0.0332231 0)
(5.55629 0.0364088 0)
(5.60848 0.0268935 0)
(5.69968 0.00552839 0)
(5.7427 -0.00386522 0)
(5.79974 -0.0129434 0)
(5.77535 0.0925334 0)
(5.6572 0.244818 0)
(5.406 0.43154 0)
(4.97446 0.505216 0)
(4.40179 0.465276 0)
(3.73871 0.336776 0)
(3.10307 0.17221 0)
(2.57015 0.014978 0)
(2.01572 -0.0252158 0)
(17.8432 15.5889 0)
(24.0036 12.4761 0)
(10.1664 11.0374 0)
(-8.21869 1.78249 0)
(0.233033 3.10522 0)
(-6.77507 -0.134432 0)
(-3.83065 -4.98364 0)
(-3.67238 -5.8263 0)
(-0.37438 -3.59351 0)
(-0.407983 0.462679 0)
(2.63996 2.63846 0)
(-1.24745 3.73577 0)
(0.407284 0.0623052 0)
(-0.593021 2.45417 0)
(-2.16507 2.35054 0)
(-0.481155 -0.154815 0)
(-1.54873 1.33166 0)
(-0.845887 1.07674 0)
(-1.20811 1.15518 0)
(-1.9899 1.44017 0)
(-2.81531 2.04685 0)
(-4.16722 2.39579 0)
(-5.4135 2.69638 0)
(-6.97174 2.73649 0)
(-8.37977 2.52228 0)
(-9.49578 2.1021 0)
(-10.5727 1.43872 0)
(-10.7853 0.689396 0)
(-11.0475 -0.134754 0)
(-10.4637 -0.906689 0)
(-9.65171 -1.46277 0)
(-8.5488 -1.83442 0)
(-7.24315 -1.93848 0)
(-5.80426 -1.84184 0)
(-4.79476 -1.61528 0)
(-3.38503 -1.31521 0)
(-2.8618 -0.967525 0)
(-2.03113 -0.659763 0)
(-1.71212 -0.486166 0)
(-1.24568 -0.402454 0)
(-1.18658 -0.407306 0)
(-0.627058 -0.575505 0)
(-0.367189 -0.771068 0)
(0.154353 -1.06142 0)
(1.02925 -1.39067 0)
(1.72841 -1.66972 0)
(2.95811 -1.90141 0)
(3.91384 -2.02855 0)
(5.39076 -2.1095 0)
(6.55728 -2.04404 0)
(8.00214 -1.87809 0)
(9.2986 -1.66773 0)
(10.5179 -1.3743 0)
(11.5931 -1.10253 0)
(12.5178 -0.800285 0)
(13.2611 -0.564664 0)
(13.8398 -0.372357 0)
(14.2919 -0.255727 0)
(14.5537 -0.174038 0)
(14.8018 -0.150996 0)
(14.9359 -0.163801 0)
(15.0471 -0.160132 0)
(15.0759 -0.195313 0)
(15.0776 -0.172406 0)
(14.985 -0.19612 0)
(14.9065 -0.181447 0)
(14.7866 -0.216447 0)
(14.7681 -0.196468 0)
(14.7099 -0.138958 0)
(14.5919 -0.10817 0)
(14.5496 -0.00259272 0)
(14.2965 0.0413951 0)
(14.3252 0.187929 0)
(13.8605 0.322263 0)
(13.8875 0.54105 0)
(13.4374 0.733935 0)
(13.5097 0.895269 0)
(13.0352 0.88242 0)
(12.9576 0.943891 0)
(12.2246 0.706784 0)
(21.2332 15.3077 0)
(24.0084 10.2308 0)
(24.0868 10.304 0)
(17.6364 7.84907 0)
(19.0477 6.63555 0)
(14.104 4.00074 0)
(15.1806 1.59778 0)
(10.4763 1.43763 0)
(0.090848 -1.19817 0)
(1.44333 -2.83858 0)
(-3.24605 -0.467095 0)
(-0.0155168 -0.797441 0)
(-0.529222 -1.11759 0)
(-1.72678 0.328207 0)
(1.03137 -1.00473 0)
(1.57571 -1.56628 0)
(0.176058 -0.671782 0)
(3.83835 -0.791261 0)
(2.90582 0.491864 0)
(5.21147 1.93589 0)
(5.70206 3.25014 0)
(5.89368 4.09809 0)
(5.02515 4.45584 0)
(4.01497 4.49759 0)
(2.77458 4.09674 0)
(2.01503 3.35023 0)
(1.25367 2.26476 0)
(1.12616 0.975513 0)
(1.0244 -0.386294 0)
(1.65137 -1.65238 0)
(2.46662 -2.62547 0)
(3.54904 -3.21235 0)
(4.84763 -3.42502 0)
(6.04752 -3.21437 0)
(7.53454 -2.78087 0)
(8.57405 -2.22191 0)
(9.69661 -1.60294 0)
(10.2965 -1.05441 0)
(10.9843 -0.661942 0)
(11.119 -0.497714 0)
(11.5937 -0.566846 0)
(11.5123 -0.783211 0)
(11.9959 -1.12972 0)
(12.1206 -1.5616 0)
(12.7302 -2.09133 0)
(13.0651 -2.56029 0)
(13.8862 -3.05296 0)
(14.5444 -3.39011 0)
(15.4104 -3.60297 0)
(16.2455 -3.63627 0)
(17.0805 -3.47707 0)
(18.0015 -3.21803 0)
(18.7363 -2.79372 0)
(19.6331 -2.3612 0)
(20.2513 -1.87849 0)
(21.1108 -1.46851 0)
(21.5872 -1.05829 0)
(22.36 -0.792932 0)
(22.7158 -0.517601 0)
(23.3278 -0.375196 0)
(23.5949 -0.205986 0)
(24.0003 -0.108649 0)
(24.1468 0.0308769 0)
(24.2635 0.0846632 0)
(24.2889 0.156298 0)
(24.1132 0.140704 0)
(24.1385 0.154043 0)
(23.8178 0.12285 0)
(23.9073 0.115331 0)
(23.4378 0.166408 0)
(23.5247 0.212623 0)
(22.9986 0.308364 0)
(23.1481 0.427339 0)
(22.6059 0.614897 0)
(22.7101 0.838926 0)
(22.1995 0.984565 0)
(22.2721 1.14243 0)
(21.7637 1.075 0)
(21.7689 1.10069 0)
(21.1587 0.9476 0)
(23.4773 12.4913 0)
(23.911 10.2538 0)
(26.99 9.55369 0)
(26.1375 9.07733 0)
(26.8757 7.41597 0)
(26.4316 6.13834 0)
(25.2801 3.60337 0)
(25.4378 2.71952 0)
(22.1373 2.89927 0)
(23.7353 3.05712 0)
(20.7783 2.79544 0)
(21.1183 2.09861 0)
(19.8666 1.44492 0)
(20.7433 1.38703 0)
(18.8946 0.71932 0)
(20.2425 0.323368 0)
(17.8188 0.422835 0)
(17.0922 -0.0687983 0)
(15.1301 -0.404198 0)
(14.1631 -0.10795 0)
(12.7668 1.38823 0)
(12.5604 3.07434 0)
(12.5115 4.25841 0)
(12.918 4.71449 0)
(13.1152 4.49368 0)
(13.4324 3.70385 0)
(13.5926 2.57205 0)
(13.8869 1.10762 0)
(14.0791 -0.550694 0)
(14.5598 -2.26041 0)
(15.1424 -3.65074 0)
(15.6873 -4.62678 0)
(16.455 -5.10966 0)
(16.9482 -4.99646 0)
(17.8921 -4.56038 0)
(18.5681 -3.70534 0)
(19.4581 -2.83489 0)
(20.089 -1.92146 0)
(20.8846 -1.25935 0)
(21.4381 -0.768765 0)
(22.0155 -0.640093 0)
(22.3656 -0.724564 0)
(22.7091 -1.05753 0)
(23.0239 -1.53324 0)
(23.3404 -2.10308 0)
(23.6543 -2.65841 0)
(23.9576 -3.15772 0)
(24.3143 -3.56404 0)
(24.5775 -3.79395 0)
(24.9665 -3.93056 0)
(25.2034 -3.81342 0)
(25.6359 -3.68875 0)
(25.8869 -3.31529 0)
(26.338 -2.99665 0)
(26.5869 -2.49713 0)
(27.0468 -2.14907 0)
(27.3072 -1.69132 0)
(27.7319 -1.44335 0)
(28.0128 -1.10587 0)
(28.3512 -0.94765 0)
(28.6469 -0.686904 0)
(28.8361 -0.545662 0)
(29.0589 -0.321673 0)
(28.955 -0.186692 0)
(29.0624 -0.0480631 0)
(28.7298 0.00499021 0)
(28.8273 0.0444086 0)
(28.4055 0.0725698 0)
(28.5577 0.11077 0)
(28.0999 0.196265 0)
(28.1957 0.295292 0)
(27.7547 0.419726 0)
(27.9042 0.579223 0)
(27.5597 0.73472 0)
(27.6849 0.949053 0)
(27.3889 1.06726 0)
(27.4888 1.21685 0)
(27.2529 1.23296 0)
(27.3337 1.28743 0)
(27.1043 1.26722 0)
(23.4231 9.52617 0)
(24.3114 9.46406 0)
(26.1542 8.12551 0)
(27.6849 7.78959 0)
(27.9688 6.39092 0)
(29.4686 5.40845 0)
(28.7422 4.0408 0)
(29.9 2.97186 0)
(28.5606 2.61117 0)
(29.0873 1.87339 0)
(27.9092 1.55571 0)
(28.3451 1.07309 0)
(27.8156 0.78253 0)
(28.3054 0.4151 0)
(27.8227 0.247355 0)
(27.8525 0.0408315 0)
(27.0767 0.262086 0)
(26.8443 0.828459 0)
(26.2854 1.88134 0)
(25.7371 2.83734 0)
(25.0292 3.53684 0)
(24.7732 4.18024 0)
(24.5879 4.70195 0)
(24.8367 4.83263 0)
(25.2237 4.56 0)
(25.8189 3.76671 0)
(26.316 2.55024 0)
(26.8141 0.920914 0)
(27.1805 -0.714673 0)
(27.3666 -2.22994 0)
(27.4926 -3.57175 0)
(27.5593 -4.51505 0)
(27.6162 -5.06272 0)
(27.6054 -5.07863 0)
(27.6812 -4.81867 0)
(27.7757 -4.20072 0)
(27.9881 -3.51929 0)
(28.2593 -2.71937 0)
(28.6333 -2.09071 0)
(29.024 -1.58522 0)
(29.3851 -1.34172 0)
(29.6859 -1.32755 0)
(29.9128 -1.49604 0)
(30.0635 -1.85839 0)
(30.1245 -2.2936 0)
(30.0583 -2.79034 0)
(29.9166 -3.22487 0)
(29.6842 -3.63769 0)
(29.4229 -3.86267 0)
(29.152 -4.00106 0)
(28.9184 -3.87888 0)
(28.7657 -3.74678 0)
(28.7029 -3.38473 0)
(28.7604 -3.11929 0)
(28.8557 -2.65746 0)
(29.068 -2.3659 0)
(29.2667 -1.92164 0)
(29.5698 -1.66286 0)
(29.8647 -1.29241 0)
(30.2046 -1.06839 0)
(30.5403 -0.734124 0)
(30.7928 -0.484367 0)
(31.0149 -0.195766 0)
(31.0053 0.00167705 0)
(30.9877 0.146545 0)
(30.7388 0.244147 0)
(30.6579 0.287568 0)
(30.3794 0.356647 0)
(30.3192 0.391732 0)
(29.9987 0.436777 0)
(29.8917 0.502536 0)
(29.578 0.601266 0)
(29.5333 0.728906 0)
(29.2928 0.836435 0)
(29.2699 0.97457 0)
(29.0554 1.06224 0)
(29.0631 1.17146 0)
(28.9156 1.2181 0)
(28.9615 1.26697 0)
(28.8344 1.26906 0)
(22.9218 8.01657 0)
(24.6678 8.20656 0)
(25.8409 7.3412 0)
(27.7069 6.65112 0)
(28.3094 5.76165 0)
(29.764 4.75351 0)
(30.0276 3.9028 0)
(30.8997 2.91153 0)
(30.7817 2.36144 0)
(31.0188 1.82214 0)
(30.8737 1.5885 0)
(31.0588 1.40626 0)
(31.0863 1.28509 0)
(31.3503 1.12422 0)
(31.3512 1.03181 0)
(31.2554 0.947213 0)
(31.0535 1.09642 0)
(30.8455 1.37471 0)
(30.554 1.75554 0)
(30.3825 2.26824 0)
(30.5333 2.96622 0)
(31.0926 3.62721 0)
(31.814 4.19852 0)
(32.6784 4.36507 0)
(33.5587 4.1188 0)
(34.4771 3.36854 0)
(35.1519 2.27597 0)
(35.6718 0.747698 0)
(35.9517 -0.780662 0)
(35.8951 -2.20344 0)
(35.4268 -3.41066 0)
(34.8913 -4.32418 0)
(34.1318 -4.8349 0)
(33.4749 -4.87434 0)
(32.7524 -4.57749 0)
(32.3343 -3.94808 0)
(31.9114 -3.26621 0)
(31.7767 -2.4921 0)
(31.6185 -1.93835 0)
(31.6853 -1.48731 0)
(31.6496 -1.3153 0)
(31.683 -1.29422 0)
(31.5789 -1.47981 0)
(31.4334 -1.81224 0)
(31.1575 -2.23255 0)
(30.7716 -2.69614 0)
(30.2915 -3.08834 0)
(29.7661 -3.4397 0)
(29.2841 -3.61913 0)
(28.8619 -3.70714 0)
(28.5215 -3.60533 0)
(28.2889 -3.47351 0)
(28.1659 -3.2008 0)
(28.183 -3.01825 0)
(28.2632 -2.70346 0)
(28.463 -2.52952 0)
(28.6626 -2.195 0)
(28.9609 -1.96397 0)
(29.2154 -1.61074 0)
(29.5785 -1.32642 0)
(29.8715 -0.958484 0)
(30.1644 -0.627839 0)
(30.2504 -0.2745 0)
(30.2235 -0.000405336 0)
(30.0756 0.179582 0)
(29.8904 0.339151 0)
(29.7308 0.455754 0)
(29.5392 0.575983 0)
(29.3867 0.632521 0)
(29.1665 0.681861 0)
(29.0463 0.777532 0)
(28.8574 0.889538 0)
(28.7907 1.04567 0)
(28.6541 1.1307 0)
(28.6217 1.26194 0)
(28.5342 1.31703 0)
(28.5388 1.42843 0)
(28.5184 1.44321 0)
(28.546 1.48924 0)
(28.5553 1.45338 0)
(21.4141 6.13559 0)
(23.4431 6.02995 0)
(24.9354 5.60748 0)
(26.6613 5.05306 0)
(27.8847 4.51119 0)
(29.1842 3.82798 0)
(30.0726 3.21647 0)
(30.9159 2.56542 0)
(31.3946 2.03888 0)
(31.7504 1.6901 0)
(32.0074 1.4557 0)
(32.2339 1.29076 0)
(32.4668 1.19389 0)
(32.6431 1.03464 0)
(32.8017 0.897503 0)
(32.7773 0.808141 0)
(32.8136 0.846036 0)
(32.7496 0.975079 0)
(32.8474 1.30458 0)
(32.9648 1.79805 0)
(33.4911 2.43748 0)
(34.2017 2.94656 0)
(35.2134 3.29642 0)
(36.1225 3.3305 0)
(37.2178 3.04891 0)
(38.124 2.36759 0)
(38.8831 1.42164 0)
(39.2992 0.25259 0)
(39.5491 -0.953891 0)
(39.2054 -2.16015 0)
(38.4744 -3.10837 0)
(37.5401 -3.81094 0)
(36.5391 -4.07944 0)
(35.634 -4.04988 0)
(34.6905 -3.69173 0)
(34.0505 -3.21494 0)
(33.3644 -2.65395 0)
(33.0279 -2.10316 0)
(32.574 -1.68341 0)
(32.4675 -1.34649 0)
(32.1781 -1.25267 0)
(32.1096 -1.21666 0)
(31.8101 -1.412 0)
(31.611 -1.62534 0)
(31.2519 -1.97724 0)
(30.9026 -2.28088 0)
(30.4964 -2.5702 0)
(30.0475 -2.80889 0)
(29.7159 -2.96737 0)
(29.3278 -3.11852 0)
(29.1267 -3.17849 0)
(28.858 -3.2225 0)
(28.7608 -3.15935 0)
(28.6425 -3.06453 0)
(28.6305 -2.90063 0)
(28.6535 -2.76983 0)
(28.7676 -2.55721 0)
(28.8777 -2.36112 0)
(29.035 -1.92789 0)
(29.2368 -1.50367 0)
(29.4287 -0.967873 0)
(29.6257 -0.634326 0)
(29.6203 -0.35343 0)
(29.4775 -0.22335 0)
(29.1493 -0.0161174 0)
(28.9064 0.165982 0)
(28.6016 0.373891 0)
(28.3636 0.467487 0)
(28.0594 0.556177 0)
(27.8965 0.622251 0)
(27.7054 0.752402 0)
(27.6003 0.861457 0)
(27.4172 0.995087 0)
(27.35 1.07409 0)
(27.2247 1.17004 0)
(27.2476 1.22883 0)
(27.1706 1.29197 0)
(27.2651 1.31961 0)
(27.2291 1.33323 0)
(27.3871 1.34008 0)
(19.346 4.42988 0)
(21.3994 4.31312 0)
(22.9299 3.9026 0)
(24.7202 3.69131 0)
(26.031 3.22096 0)
(27.5023 2.91886 0)
(28.4846 2.4016 0)
(29.5645 2.07664 0)
(30.1902 1.60522 0)
(30.8306 1.42361 0)
(31.1777 1.15707 0)
(31.5912 1.06836 0)
(31.8504 0.900925 0)
(32.1308 0.825147 0)
(32.3643 0.699146 0)
(32.4931 0.698266 0)
(32.6869 0.743911 0)
(32.8196 0.90562 0)
(33.2082 1.18618 0)
(33.5406 1.57383 0)
(34.2439 1.98928 0)
(34.91 2.29152 0)
(35.9766 2.3956 0)
(36.8241 2.34193 0)
(37.9642 2.07017 0)
(38.7281 1.56302 0)
(39.5923 0.869396 0)
(39.8967 0.109641 0)
(40.122 -0.764676 0)
(39.5952 -1.64531 0)
(39.0271 -2.29745 0)
(38.0107 -2.74625 0)
(37.2041 -2.87577 0)
(36.1393 -2.93061 0)
(35.3214 -2.69302 0)
(34.4874 -2.49954 0)
(33.8651 -2.06635 0)
(33.3541 -1.7675 0)
(32.8576 -1.36236 0)
(32.6195 -1.13978 0)
(32.1784 -0.98573 0)
(32.0806 -0.94286 0)
(31.5545 -1.06731 0)
(31.4446 -1.16574 0)
(30.8151 -1.47537 0)
(30.6311 -1.64186 0)
(29.9237 -1.99555 0)
(29.5391 -2.20456 0)
(28.9043 -2.4931 0)
(28.3791 -2.73186 0)
(27.9588 -2.90196 0)
(27.3796 -3.11696 0)
(27.1628 -3.08073 0)
(26.6494 -3.08139 0)
(26.3654 -2.89556 0)
(26.0251 -2.78206 0)
(25.7843 -2.71202 0)
(25.6687 -2.55154 0)
(25.8235 -2.03934 0)
(25.8337 -1.40798 0)
(25.8727 -0.609961 0)
(25.6625 -0.00299185 0)
(25.5145 0.461384 0)
(25.2984 0.603079 0)
(25.2659 0.811061 0)
(25.0964 0.927647 0)
(24.865 1.04051 0)
(24.6215 1.01414 0)
(24.4496 1.02192 0)
(24.4629 1.01942 0)
(24.3947 1.03359 0)
(24.4676 1.04473 0)
(24.3665 1.08271 0)
(24.5404 1.12189 0)
(24.4942 1.17813 0)
(24.7893 1.20125 0)
(24.7576 1.22607 0)
(25.14 1.22154 0)
(25.1363 1.2267 0)
(25.5952 1.21302 0)
(17.6533 2.13317 0)
(20.0745 2.02644 0)
(21.0831 1.85469 0)
(23.374 1.77009 0)
(24.1294 1.55603 0)
(26.1324 1.41932 0)
(26.6143 1.12333 0)
(28.2922 0.977046 0)
(28.5036 0.689392 0)
(29.7863 0.619466 0)
(29.7134 0.433166 0)
(30.7004 0.434154 0)
(30.5379 0.290136 0)
(31.3589 0.334084 0)
(31.2142 0.227678 0)
(31.8846 0.320705 0)
(31.7793 0.334305 0)
(32.4113 0.525638 0)
(32.5707 0.641827 0)
(33.2898 0.877603 0)
(33.7342 1.02392 0)
(34.6433 1.18324 0)
(35.4573 1.19519 0)
(36.5044 1.18618 0)
(37.3963 1.01832 0)
(38.2895 0.780544 0)
(38.9381 0.364242 0)
(39.2826 -0.0790083 0)
(39.2888 -0.673482 0)
(38.8068 -1.11178 0)
(38.1957 -1.55305 0)
(37.0634 -1.76152 0)
(36.2096 -1.99778 0)
(34.7742 -2.0129 0)
(34.0824 -1.97094 0)
(32.7052 -1.79223 0)
(32.4299 -1.51023 0)
(31.2479 -1.30869 0)
(31.2503 -0.953179 0)
(30.3197 -0.890153 0)
(30.3703 -0.635943 0)
(29.7474 -0.749559 0)
(29.5048 -0.662456 0)
(29.1608 -0.87141 0)
(28.3816 -0.977252 0)
(28.3199 -1.18265 0)
(26.9222 -1.47931 0)
(26.9579 -1.59951 0)
(25.2479 -1.94593 0)
(25.1087 -1.98496 0)
(23.5846 -2.24743 0)
(22.8218 -2.31067 0)
(22.1269 -2.32195 0)
(20.6514 -2.42893 0)
(20.2957 -2.18608 0)
(18.9267 -2.32943 0)
(17.5393 -2.33584 0)
(17.1946 -2.23969 0)
(17.107 -2.0697 0)
(17.1119 -1.87626 0)
(16.8498 -1.55748 0)
(16.5827 -1.18804 0)
(15.9851 -0.755377 0)
(15.2336 -0.231813 0)
(15.3875 0.230159 0)
(14.9696 0.458037 0)
(14.8715 0.692518 0)
(14.4354 0.820281 0)
(14.4862 1.10589 0)
(14.5765 1.13546 0)
(14.654 1.23626 0)
(15.0496 1.15764 0)
(15.1163 1.22683 0)
(15.7654 1.17744 0)
(15.8817 1.21298 0)
(16.6908 1.14388 0)
(16.7663 1.12366 0)
(17.6969 1.07435 0)
(17.7265 1.04008 0)
(18.6996 1.00865 0)
(16.9223 0.949342 0)
(18.1994 0.666433 0)
(19.7105 0.772258 0)
(21.1852 0.561099 0)
(22.1823 0.636858 0)
(23.5816 0.457693 0)
(24.1573 0.456515 0)
(25.4887 0.326825 0)
(25.6732 0.288178 0)
(26.807 0.230269 0)
(26.5657 0.18125 0)
(27.529 0.198524 0)
(27.0881 0.126242 0)
(27.9889 0.202355 0)
(27.511 0.103601 0)
(28.3695 0.223868 0)
(27.9291 0.14726 0)
(28.7719 0.313586 0)
(28.5768 0.248406 0)
(29.5481 0.38228 0)
(29.6506 0.345238 0)
(30.8168 0.429159 0)
(31.2912 0.393709 0)
(32.5858 0.404806 0)
(33.0669 0.332995 0)
(34.1348 0.267418 0)
(34.2071 0.0694104 0)
(34.7098 -0.102884 0)
(34.1069 -0.410269 0)
(33.8243 -0.489455 0)
(32.3655 -0.782825 0)
(31.3036 -0.757461 0)
(29.5134 -1.07262 0)
(28.184 -0.872846 0)
(26.6282 -1.02134 0)
(25.2035 -0.658538 0)
(24.3355 -0.645278 0)
(22.8338 -0.395742 0)
(22.8117 -0.244579 0)
(21.2069 -0.32217 0)
(21.9062 -0.00657556 0)
(20.222 -0.437598 0)
(21.0327 0.0257157 0)
(19.3289 -0.632691 0)
(19.5584 -0.166118 0)
(18.2326 -0.793067 0)
(17.222 -0.602658 0)
(16.6222 -0.797615 0)
(14.0851 -1.07832 0)
(14.2949 -0.630627 0)
(10.6478 -1.57765 0)
(10.6713 -0.476828 0)
(7.82749 -1.30346 0)
(5.86748 -0.520431 0)
(5.96567 -0.0209391 0)
(2.76541 -2.3748 0)
(0.788933 -1.75804 0)
(-1.22924 -0.540828 0)
(-2.74967 0.101632 0)
(-3.84721 0.648 0)
(-4.24834 1.12809 0)
(-4.40828 1.45032 0)
(-4.22058 1.61814 0)
(-3.77152 1.47583 0)
(-3.03697 1.28962 0)
(-2.29173 1.13291 0)
(-1.37893 1.03389 0)
(-0.451232 0.866802 0)
(0.457775 0.693906 0)
(1.41988 0.528302 0)
(2.15534 0.417829 0)
(3.05725 0.364467 0)
(3.70459 0.301868 0)
(4.46671 0.253345 0)
(5.16166 0.278911 0)
(5.88505 0.174462 0)
(6.33095 0.202896 0)
(7.36889 0.220306 0)
(7.44727 0.18183 0)
(8.60738 0.196061 0)
)
;

boundaryField
{
    inlet
    {
        type            fixedValue;
        value           uniform (10 0 0);
    }
    outlet
    {
        type            zeroGradient;
    }
    walls
    {
        type            fixedValue;
        value           uniform (0 0 0);
    }
    frontAndBack
    {
        type            empty;
    }
}


// ************************************************************************* //
