/*--------------------------------*- C++ -*----------------------------------*\
| =========                 |                                                 |
| \\      /  F ield         | OpenFOAM: The Open Source CFD Toolbox           |
|  \\    /   O peration     | Version:  2306                                  |
|   \\  /    A nd           | Website:  www.openfoam.com                      |
|    \\/     M anipulation  |                                                 |
\*---------------------------------------------------------------------------*/
FoamFile
{
    version     2.0;
    format      ascii;
    arch        "LSB;label=32;scalar=64";
    class       surfaceScalarField;
    location    "0.25";
    object      phi;
}
// * * * * * * * * * * * * * * * * * * * * * * * * * * * * * * * * * * * * * //

dimensions      [0 3 -1 0 0 0 0];

oriented        oriented;

internalField   nonuniform List<scalar> 
8520
(
0.00992784
7.21557e-05
0.00978962
0.000138228
0.00962949
0.000160127
0.00946827
0.000161217
0.00930941
0.00015886
0.00914917
0.00016024
0.00898634
0.000162834
0.00882098
0.000165354
0.00865366
0.00016732
0.00848565
0.000168015
0.00831785
0.000167795
0.0081511
0.000166752
0.00798553
0.000165569
0.00782135
0.000164183
0.00765851
0.00016284
0.0074971
0.000161409
0.00733721
0.000159892
0.00717886
0.000158351
0.00702223
0.000156626
0.00686735
0.000154881
0.00671434
0.000153009
0.00656331
0.000151031
0.00641421
0.000149097
0.0062673
0.000146908
0.00612236
0.000144944
0.00597976
0.000142599
0.00583915
0.00014061
0.00570096
0.000138194
0.00556479
0.000136161
0.00543101
0.000133785
0.00529937
0.00013164
0.00516992
0.00012945
0.00504262
0.000127303
0.00491719
0.00012543
0.00479389
0.0001233
0.00467203
0.000121854
0.00455211
0.000119922
0.00443314
0.000118969
0.00431569
0.00011745
0.00419858
0.000117111
0.00408236
0.000116221
0.00396575
0.000116612
0.00384921
0.000116539
0.00373138
0.000117829
0.00361256
0.00011882
0.00349125
0.000121307
0.00336769
0.000123567
0.00324008
0.000127609
0.00310874
0.000131333
0.00297148
0.000137259
0.00282877
0.000142714
0.00267801
0.000150764
0.0025198
0.000158209
0.00235126
0.000168533
0.00217319
0.000178075
0.00198255
0.00019064
0.00178048
0.000202071
0.00156405
0.000216424
0.00133512
0.000228937
0.00109121
0.000243903
0.000835694
0.00025552
0.000567406
0.000268288
0.000294305
0.000273101
2.68165e-05
0.000267488
-0.000216142
0.000242959
-0.000425918
0.000209776
-0.000575407
0.000149489
-0.000652157
7.67497e-05
-0.00063172
-2.0436e-05
-0.000512331
-0.000119389
-0.000282556
-0.000229775
-1.71904e-06
-0.000280837
0.00024405
-0.000245769
0.000369955
-0.000125905
8.12611e-05
0.000288694
-0.000384789
0.00046605
-0.00023901
-0.000145779
0.000127203
-0.000366213
0.000151454
-2.4251e-05
0.000205649
-5.41953e-05
0.0100357
3.64412e-05
0.0100798
9.4138e-05
0.0101108
0.000129131
0.0101272
0.000144817
0.0101357
0.000150338
0.0101431
0.000152882
0.0101493
0.000156623
0.0101532
0.000161454
0.0101536
0.00016692
0.0101502
0.000171387
0.010143
0.000175065
0.0101324
0.000177327
0.0101188
0.000179148
0.0101028
0.000180221
0.0100844
0.000181244
0.0100637
0.00018207
0.0100409
0.000182654
0.0100159
0.000183426
0.0099889
0.00018358
0.00995965
0.000184137
0.00992869
0.000183964
0.00989558
0.000184145
0.00986083
0.000183849
0.00982415
0.000183582
0.00978578
0.000183319
0.00974578
0.000182601
0.00970391
0.000182472
0.00966075
0.000181358
0.00961552
0.00018139
0.00956926
0.000180043
0.00952075
0.000180151
0.00947126
0.000178944
0.00941957
0.000178994
0.00936667
0.000178327
0.0093117
0.000178273
0.00925516
0.000178393
0.00919658
0.000178503
0.00913609
0.000179454
0.00907335
0.000180187
0.00900841
0.00018205
0.00894064
0.000183996
0.00887041
0.000186842
0.00879656
0.000190392
0.0087201
0.000194284
0.00863869
0.000200233
0.00855451
0.000205487
0.00846382
0.000214254
0.00836977
0.000221657
0.00826773
0.000233377
0.00816105
0.000243936
0.00804496
0.000258802
0.00792231
0.000273415
0.00778877
0.000291756
0.00764618
0.000311117
0.00749099
0.000333264
0.00732397
0.000357666
0.00714223
0.00038381
0.00694594
0.000412709
0.00673255
0.000442328
0.00650262
0.000473838
0.00625388
0.000504262
0.00598845
0.000533718
0.00570351
0.000558034
0.00539711
0.000573893
0.00507113
0.000568941
0.00471755
0.000563352
0.00432285
0.000544188
0.00387802
0.000521577
0.00336236
0.000495228
0.00275344
0.000489529
0.00200504
0.00051862
0.00114471
0.000579496
0.000300441
0.000598501
-0.000290317
0.000464853
-0.000439704
0.00043808
-0.000269287
0.000295633
-0.000282552
-0.000132514
-0.000331826
-0.000316938
-0.000282669
-7.34085e-05
0.000255668
-0.000332688
0.0100142
2.22766e-05
0.010044
6.42971e-05
0.0100778
9.53743e-05
0.0101073
0.000115286
0.0101313
0.000126338
0.0101522
0.000132008
0.0101729
0.000135844
0.010195
0.000139423
0.0102178
0.000144074
0.0102408
0.000148419
0.010263
0.000152865
0.0102843
0.000156061
0.0103043
0.000159055
0.0103237
0.000160892
0.0103422
0.000162739
0.0103602
0.000164098
0.0103775
0.000165333
0.0103941
0.000166764
0.0104101
0.000167576
0.0104253
0.000168986
0.0104397
0.000169586
0.0104532
0.000170635
0.0104657
0.000171376
0.0104775
0.000171781
0.0104878
0.000172977
0.0104978
0.000172607
0.0105058
0.000174465
0.0105138
0.000173307
0.0105193
0.000175907
0.0105252
0.000174152
0.010528
0.000177367
0.0105314
0.000175537
0.0105314
0.000178981
0.010532
0.000177792
0.0105291
0.000181119
0.0105263
0.00018118
0.0105204
0.000184392
0.0105138
0.000186043
0.0105046
0.000189426
0.0104937
0.000192935
0.0104808
0.000196923
0.0104652
0.000202447
0.0104479
0.000207717
0.010427
0.000215186
0.0104043
0.000222877
0.0103776
0.000232228
0.0103484
0.000243442
0.0103151
0.000254989
0.0102779
0.000270548
0.0102369
0.000284918
0.01019
0.000305691
0.01014
0.000323483
0.0100814
0.000350324
0.0100202
0.000372327
0.00994785
0.000405591
0.00987275
0.000432762
0.00978431
0.000472254
0.0096922
0.000504818
0.00958485
0.000549676
0.00947237
0.000586319
0.00934274
0.000633894
0.00920534
0.000671117
0.00904774
0.000715637
0.0088753
0.000746331
0.00866562
0.000778617
0.00842806
0.000800916
0.00814142
0.000830829
0.00781289
0.000850107
0.00742337
0.000884745
0.00698865
0.000924252
0.00651439
0.000992877
0.0060286
0.00106528
0.00548426
0.00114285
0.00476818
0.00118094
0.00402019
0.00118606
0.00315889
0.00115694
0.0019902
0.00103617
0.000682361
0.000990902
-0.000178966
0.000787919
0.000569635
-0.000492933
0.0100069
1.53643e-05
0.0100268
4.44177e-05
0.0100518
7.03279e-05
0.010077
9.01582e-05
0.0101002
0.000103084
0.0101223
0.000109935
0.010143
0.000115153
0.0101643
0.000118108
0.0101862
0.000122203
0.0102096
0.000124958
0.010233
0.000129534
0.0102571
0.000131921
0.0102803
0.00013589
0.010304
0.000137138
0.0103267
0.000140025
0.0103502
0.000140633
0.0103728
0.000142706
0.0103962
0.000143435
0.0104189
0.000144861
0.0104419
0.000145949
0.0104646
0.000146919
0.0104871
0.000148117
0.0105095
0.000149003
0.0105313
0.000149908
0.0105532
0.000151151
0.0105743
0.000151469
0.0105953
0.000153445
0.0106156
0.000152987
0.0106356
0.000155987
0.010655
0.000154761
0.0106735
0.000158862
0.0106918
0.000157238
0.0107086
0.000162112
0.0107256
0.000160841
0.0107407
0.000166043
0.0107559
0.000165937
0.0107691
0.000171224
0.0107822
0.000172898
0.0107933
0.000178302
0.010804
0.000182242
0.010813
0.00018797
0.0108208
0.000194589
0.0108274
0.00020115
0.010832
0.000210556
0.0108358
0.000219068
0.010837
0.000231066
0.0108376
0.000242874
0.010835
0.000257576
0.0108319
0.000273636
0.0108251
0.000291732
0.0108179
0.000312839
0.0108065
0.000334941
0.0107945
0.000362311
0.0107782
0.000388578
0.0107604
0.000423472
0.010739
0.00045416
0.0107144
0.000496852
0.0106867
0.000532483
0.0106545
0.000581828
0.0106183
0.000622558
0.0105762
0.000675952
0.0105265
0.000720896
0.0104676
0.000774485
0.0103912
0.000822795
0.0102963
0.000873518
0.0101704
0.000926717
0.0100262
0.000975055
0.00983705
0.00103928
0.0096262
0.00109559
0.00936924
0.00118122
0.00910121
0.0012609
0.00879052
0.00137597
0.00844646
0.00148691
0.00801281
0.00161459
0.00751223
0.00168665
0.00691746
0.00175171
0.00620839
0.00174524
0.00545928
0.00174001
0.00444819
0.00179901
0.0017423
0.00327553
0.0100042
1.11564e-05
0.0100167
3.19701e-05
0.0100349
5.20888e-05
0.0100563
6.87121e-05
0.0100779
8.15121e-05
0.010099
8.88477e-05
0.0101191
9.50184e-05
0.0101398
9.74448e-05
0.0101605
0.000101487
0.0101827
0.000102779
0.0102049
0.000107317
0.0102283
0.000108538
0.0102513
0.000112922
0.0102749
0.00011349
0.010298
0.000116962
0.0103214
0.000117167
0.0103447
0.000119444
0.010368
0.00012015
0.0103917
0.000121104
0.0104147
0.000122966
0.010439
0.000122634
0.0104615
0.000125646
0.0104861
0.000124371
0.010508
0.000128049
0.0105327
0.000126447
0.0105539
0.000130219
0.0105784
0.000128989
0.0105991
0.00013226
0.0106229
0.00013221
0.0106433
0.000134389
0.0106658
0.000136286
0.010686
0.000137068
0.010707
0.000141135
0.0107269
0.000140918
0.0107461
0.000146892
0.0107656
0.000146437
0.0107827
0.000154061
0.0108016
0.000153987
0.0108167
0.000163194
0.0108347
0.00016428
0.010848
0.000174705
0.0108643
0.000178207
0.0108762
0.000189338
0.0108903
0.000196402
0.0109009
0.000208433
0.0109125
0.000219475
0.010922
0.000233407
0.010931
0.000248537
0.0109392
0.000265455
0.0109458
0.000285166
0.0109528
0.000305814
0.0109568
0.000330974
0.0109631
0.000355957
0.0109643
0.00038737
0.0109704
0.000417445
0.0109692
0.000455305
0.0109745
0.000491572
0.0109718
0.000535194
0.0109752
0.000578427
0.0109703
0.000627436
0.0109696
0.000676644
0.0109587
0.000731851
0.0109473
0.000785837
0.0109228
0.000847354
0.0108895
0.000906816
0.010842
0.000974172
0.0107751
0.00104198
0.0106936
0.00112071
0.0105851
0.00120417
0.0104633
0.00130297
0.0103125
0.0014117
0.0101466
0.00154191
0.00995183
0.00168167
0.00973872
0.0018277
0.00946655
0.00195882
0.00912954
0.00208872
0.00870273
0.00217205
0.00813776
0.00230498
0.00754539
0.00239139
0.00254213
0.00674556
0.0100029
8.23642e-06
0.0100117
2.31448e-05
0.0100255
3.83221e-05
0.010043
5.11761e-05
0.0100625
6.20403e-05
0.0100823
6.90688e-05
0.0101025
7.48388e-05
0.0101223
7.76366e-05
0.0101428
8.09303e-05
0.0101635
8.21296e-05
0.0101855
8.52756e-05
0.0102075
8.65656e-05
0.0102306
8.98429e-05
0.0102532
9.08661e-05
0.0102766
9.35489e-05
0.0102995
9.43174e-05
0.0103229
9.59906e-05
0.0103459
9.71415e-05
0.0103695
9.75158e-05
0.0103926
9.98666e-05
0.0104164
9.88392e-05
0.0104394
0.000102661
0.0104633
0.00010045
0.010486
0.000105349
0.0105099
0.000102561
0.0105322
0.000107918
0.0105559
0.000105287
0.0105777
0.000110455
0.010601
0.000108894
0.0106223
0.000113088
0.0106449
0.000113718
0.0106659
0.00011611
0.0106873
0.00011973
0.0107079
0.000120272
0.010728
0.00012683
0.0107481
0.000126334
0.0107668
0.000135322
0.0107862
0.000134606
0.0108035
0.000145911
0.0108221
0.000145633
0.0108378
0.000159024
0.0108555
0.000160492
0.0108699
0.000174984
0.0108861
0.00018016
0.0108996
0.000194925
0.010914
0.000205077
0.010927
0.000220452
0.0109395
0.000236017
0.0109521
0.00025283
0.0109629
0.000274371
0.0109754
0.000293379
0.010985
0.000321321
0.0109972
0.000343779
0.0110065
0.000378031
0.0110187
0.000405264
0.011028
0.00044601
0.0110408
0.00047877
0.0110504
0.000525619
0.0110625
0.000566296
0.0110736
0.000616373
0.011081
0.000669211
0.0110925
0.0007204
0.0110911
0.000787147
0.0110985
0.000840027
0.0110837
0.000921561
0.0110804
0.000977497
0.011045
0.00107735
0.011023
0.00114275
0.010964
0.00126315
0.0109157
0.00135129
0.010835
0.00149237
0.0107589
0.00161801
0.0106672
0.0017734
0.0105541
0.00194079
0.0104294
0.00208354
0.010226
0.00229212
0.0100052
0.0023928
0.00965762
0.00265256
0.00935963
0.00268938
0.00297671
0.00892505
0.0100024
5.8454e-06
0.0100092
1.63357e-05
0.0100205
2.70211e-05
0.0100351
3.66262e-05
0.0100526
4.44541e-05
0.0100707
5.09844e-05
0.0100906
5.49324e-05
0.0101097
5.85773e-05
0.0101304
6.01975e-05
0.0101502
6.23049e-05
0.010172
6.3527e-05
0.0101932
6.53577e-05
0.0102159
6.71924e-05
0.0102382
6.85278e-05
0.0102611
7.06777e-05
0.0102843
7.11063e-05
0.0103069
7.33994e-05
0.0103308
7.31875e-05
0.010353
7.53052e-05
0.0103776
7.53166e-05
0.0103995
7.68896e-05
0.0104244
7.78095e-05
0.0104462
7.86372e-05
0.010471
8.05716e-05
0.0104928
8.0743e-05
0.0105171
8.36525e-05
0.0105391
8.32348e-05
0.0105624
8.71977e-05
0.0105849
8.63992e-05
0.0106067
9.1225e-05
0.0106296
9.07929e-05
0.0106501
9.56903e-05
0.0106731
9.66896e-05
0.0106922
0.000101171
0.010715
0.000104015
0.0107328
0.000108522
0.0107552
0.000112911
0.0107718
0.000118032
0.0107934
0.000124297
0.0108092
0.000129831
0.0108293
0.000138946
0.0108449
0.000144861
0.0108631
0.000156842
0.0108786
0.000164684
0.0108951
0.000178361
0.01091
0.000190159
0.0109255
0.000204968
0.0109398
0.000221704
0.0109545
0.000238156
0.0109684
0.000260503
0.0109827
0.000279031
0.0109963
0.000307738
0.0110106
0.000329452
0.0110249
0.000363725
0.0110386
0.000391613
0.0110553
0.000429305
0.0110677
0.000466413
0.0110869
0.000506414
0.0110985
0.000554691
0.0111184
0.000596401
0.0111287
0.000658938
0.0111481
0.00070099
0.011155
0.00078026
0.0111709
0.000824139
0.0111723
0.00092019
0.0111788
0.000970918
0.0111712
0.00108499
0.0111633
0.00115061
0.0111443
0.0012822
0.0111184
0.00137721
0.0110895
0.00152125
0.0110465
0.001661
0.0110113
0.00180858
0.0109462
0.00200594
0.0108853
0.00214437
0.0107775
0.00240002
0.0106544
0.00251589
0.0105033
0.0028036
0.0102936
0.00289912
0.00316364
0.0101066
0.0100021
3.71738e-06
0.0100079
1.05371e-05
0.0100176
1.73125e-05
0.0100305
2.38024e-05
0.0100462
2.86664e-05
0.0100633
3.38866e-05
0.0100823
3.60034e-05
0.0101013
3.95732e-05
0.0101215
3.99441e-05
0.0101416
4.22712e-05
0.0101626
4.25283e-05
0.0101838
4.40979e-05
0.0102056
4.54078e-05
0.0102282
4.59426e-05
0.0102503
4.85893e-05
0.0102739
4.74464e-05
0.0102959
5.14495e-05
0.0103204
4.86865e-05
0.010342
5.36753e-05
0.0103671
5.02631e-05
0.0103885
5.54406e-05
0.0104138
5.25577e-05
0.0104353
5.71596e-05
0.0104603
5.55125e-05
0.010482
5.90646e-05
0.0105064
5.92084e-05
0.0105286
6.10955e-05
0.0105518
6.39428e-05
0.0105748
6.34571e-05
0.0105963
6.96756e-05
0.0106202
6.69383e-05
0.01064
7.58809e-05
0.0106643
7.23918e-05
0.0106828
8.2668e-05
0.0107069
7.99263e-05
0.0107244
9.10042e-05
0.010748
8.92616e-05
0.0107645
0.000101606
0.0107877
0.000101109
0.0108031
0.000114427
0.0108254
0.000116631
0.0108404
0.000129814
0.0108611
0.000136204
0.0108766
0.000149172
0.0108951
0.000159879
0.0109114
0.000173829
0.0109279
0.000188456
0.010945
0.000204642
0.0109601
0.000222991
0.0109778
0.000242863
0.0109923
0.000264498
0.0110106
0.000289459
0.0110251
0.000314906
0.0110441
0.000344782
0.0110596
0.000376069
0.0110787
0.00041026
0.0110964
0.000448656
0.0111148
0.000488002
0.0111349
0.000534589
0.0111523
0.000579034
0.011174
0.000637191
0.0111897
0.000685291
0.0112116
0.000758359
0.0112242
0.000811583
0.0112435
0.000900874
0.0112502
0.000964209
0.011264
0.00107124
0.0112623
0.00115224
0.0112682
0.00127632
0.0112564
0.00138902
0.0112538
0.00152387
0.0112325
0.00168229
0.0112164
0.00182469
0.0111878
0.00203452
0.011143
0.00218913
0.0111059
0.00243712
0.0110131
0.00260876
0.0109572
0.00285951
0.0108059
0.00305038
0.00327979
0.0106898
0.010002
1.69297e-06
0.0100072
5.33902e-06
0.010016
8.51384e-06
0.0100279
1.19269e-05
0.0100424
1.41879e-05
0.010059
1.72331e-05
0.0100769
1.81104e-05
0.0100962
2.03175e-05
0.0101157
2.03904e-05
0.0101363
2.17117e-05
0.0101566
2.22461e-05
0.0101782
2.24432e-05
0.0101992
2.44008e-05
0.0102221
2.30747e-05
0.0102437
2.70089e-05
0.0102675
2.36452e-05
0.0102894
2.95739e-05
0.0103137
2.43417e-05
0.0103357
3.1645e-05
0.0103602
2.57848e-05
0.0103825
3.31477e-05
0.0104068
2.82798e-05
0.0104295
3.44759e-05
0.0104534
3.16137e-05
0.0104763
3.60949e-05
0.0104999
3.56872e-05
0.0105229
3.80555e-05
0.0105459
4.08901e-05
0.010569
4.03814e-05
0.0105913
4.73925e-05
0.0106146
4.36793e-05
0.0106358
5.463e-05
0.0106591
4.90777e-05
0.0106795
6.22806e-05
0.0107024
5.70842e-05
0.0107223
7.10507e-05
0.0107443
6.73128e-05
0.0107638
8.20216e-05
0.010785
8.00008e-05
0.010804
9.54213e-05
0.0108244
9.62024e-05
0.0108428
0.00011142
0.0108626
0.000116406
0.0108804
0.000131351
0.0108997
0.000140546
0.0109172
0.000156404
0.0109359
0.000169675
0.0109537
0.000186869
0.0109716
0.000205075
0.0109902
0.000224312
0.0110082
0.000246499
0.0110266
0.000271058
0.0110464
0.000295082
0.0110645
0.000326643
0.0110857
0.000354909
0.0111056
0.000390374
0.0111269
0.000427392
0.0111488
0.000466096
0.0111712
0.000512165
0.0111938
0.000556407
0.0112176
0.000613452
0.0112409
0.000661909
0.0112647
0.00073464
0.011287
0.00078926
0.0113106
0.000877289
0.0113287
0.000946079
0.0113504
0.0010495
0.0113639
0.00113879
0.0113792
0.00126101
0.0113898
0.00137846
0.0113933
0.00152034
0.0114011
0.00167444
0.0113866
0.00183923
0.0113904
0.0020307
0.011353
0.00222658
0.0113447
0.00244535
0.0112819
0.00267159
0.0112377
0.00290366
0.0111401
0.00314803
0.00339227
0.0110276
0.010002
-2.68153e-07
0.0100069
4.42782e-07
0.0100153
7.83538e-08
0.0100267
5.02997e-07
0.0100406
3.24201e-07
0.010057
8.19372e-07
0.0100744
7.14763e-07
0.0100937
9.59679e-07
0.010113
1.16378e-06
0.0101337
9.5e-07
0.0101538
2.15913e-06
0.0101755
7.33476e-07
0.0101964
3.50634e-06
0.0102191
3.54186e-07
0.0102409
5.29833e-06
0.0102643
1.67064e-07
0.0102867
7.21983e-06
0.0103104
5.93956e-07
0.0103334
8.72072e-06
0.0103569
2.29519e-06
0.0103805
9.5027e-06
0.0104034
5.40461e-06
0.0104278
1.0045e-05
0.0104501
9.32212e-06
0.0104749
1.12775e-05
0.010497
1.35555e-05
0.0105216
1.35227e-05
0.0105439
1.85864e-05
0.0105678
1.64608e-05
0.0105901
2.50495e-05
0.0106136
2.02231e-05
0.0106356
3.26623e-05
0.0106587
2.59866e-05
0.0106802
4.07241e-05
0.0107027
3.46277e-05
0.010724
4.96734e-05
0.0107456
4.57242e-05
0.0107667
6.09314e-05
0.0107878
5.8959e-05
0.0108081
7.5101e-05
0.0108291
7.52024e-05
0.0108484
9.20953e-05
0.0108695
9.53282e-05
0.010888
0.000112877
0.0109093
0.000119191
0.0109267
0.000138978
0.0109491
0.00014729
0.0109655
0.000170543
0.0109888
0.000181758
0.0110055
0.000207604
0.0110284
0.00022354
0.0110473
0.000252198
0.0110697
0.000272694
0.0110908
0.000305524
0.0111137
0.000332043
0.0111372
0.000366865
0.0111602
0.000404391
0.0111872
0.000439085
0.0112106
0.000488769
0.0112397
0.000527277
0.0112659
0.000587313
0.0112953
0.000632517
0.0113238
0.000706043
0.0113536
0.000759467
0.0113833
0.000847632
0.0114123
0.000917072
0.011442
0.00101984
0.0114695
0.00111127
0.0114962
0.00123431
0.0115219
0.00135275
0.0115409
0.00150128
0.0115632
0.00165215
0.0115686
0.00183381
0.0115816
0.00201772
0.0115716
0.00223659
0.0115634
0.00245357
0.0115336
0.00270138
0.0114808
0.00295644
0.0114123
0.00321656
0.00350188
0.0113027
0.0100018
-2.04168e-06
0.0100068
-4.59244e-06
0.0100152
-8.3254e-06
0.0100267
-1.10074e-05
0.0100405
-1.34876e-05
0.010057
-1.56724e-05
0.0100745
-1.67161e-05
0.0100938
-1.84102e-05
0.0101132
-1.81888e-05
0.0101337
-1.96162e-05
0.0101542
-1.83362e-05
0.0101755
-2.04773e-05
0.0101971
-1.8153e-05
0.010219
-2.15233e-05
0.0102417
-1.74423e-05
0.0102642
-2.2323e-05
0.0102877
-1.62317e-05
0.0103105
-2.22549e-05
0.0103344
-1.51433e-05
0.0103572
-2.05631e-05
0.0103816
-1.48575e-05
0.0104041
-1.71003e-05
0.0104291
-1.49983e-05
0.0104511
-1.26756e-05
0.0104767
-1.42462e-05
0.0104985
-8.25736e-06
0.0105237
-1.1735e-05
0.010546
-3.62686e-06
0.0105702
-7.83463e-06
0.0105931
2.16901e-06
0.0106164
-3.00547e-06
0.0106395
9.52457e-06
0.010662
3.47807e-06
0.010685
1.77048e-05
0.0107069
1.27282e-05
0.0107299
2.66826e-05
0.0107509
2.47638e-05
0.0107741
3.77157e-05
0.010794
3.90939e-05
0.0108174
5.16216e-05
0.0108365
5.61591e-05
0.0108598
6.87466e-05
0.0108787
7.64365e-05
0.0109015
9.00812e-05
0.0109208
9.99246e-05
0.0109431
0.000116664
0.0109628
0.000127628
0.0109854
0.000147948
0.0110051
0.000161973
0.0110287
0.000184065
0.0110492
0.000203034
0.0110733
0.000228079
0.0110958
0.000250174
0.0111203
0.000281033
0.0111454
0.000306986
0.0111711
0.000341179
0.0111987
0.000376784
0.011226
0.000411703
0.0112568
0.000458025
0.0112861
0.000497975
0.01132
0.00055336
0.0113518
0.000600792
0.0113885
0.000669316
0.0114229
0.000725049
0.0114623
0.000808215
0.0114984
0.000880974
0.0115405
0.000977737
0.011578
0.00107384
0.0116197
0.00119253
0.011658
0.00131453
0.0116972
0.00146208
0.0117299
0.00161939
0.0117634
0.00180037
0.0117825
0.0019986
0.0118023
0.00221676
0.0117978
0.00245807
0.0117878
0.00271135
0.011747
0.00299729
0.0116776
0.00328595
0.00359233
0.0115872
0.0100017
-3.7156e-06
0.0100072
-1.01141e-05
0.0100159
-1.70004e-05
0.0100279
-2.30566e-05
0.0100422
-2.77796e-05
0.0100592
-3.26326e-05
0.010077
-3.45256e-05
0.0100965
-3.79256e-05
0.0101161
-3.7796e-05
0.0101365
-4.00274e-05
0.0101575
-3.9307e-05
0.0101783
-4.13213e-05
0.0102008
-4.06363e-05
0.0102221
-4.28023e-05
0.0102458
-4.1173e-05
0.0102676
-4.41258e-05
0.0102919
-4.05119e-05
0.0103143
-4.46775e-05
0.0103386
-3.9398e-05
0.0103616
-4.35448e-05
0.0103858
-3.909e-05
0.010409
-4.02862e-05
0.0104335
-3.95361e-05
0.0104565
-3.57027e-05
0.0104814
-3.91048e-05
0.0105044
-3.12465e-05
0.0105289
-3.62856e-05
0.0105525
-2.71663e-05
0.0105759
-3.12796e-05
0.0106004
-2.23328e-05
0.0106225
-2.50652e-05
0.0106478
-1.57604e-05
0.0106688
-1.7531e-05
0.0106943
-7.78748e-06
0.0107146
-7.59505e-06
0.0107403
1.02706e-06
0.0107598
5.20778e-06
0.0107855
1.19852e-05
0.0108044
2.02057e-05
0.0108303
2.57952e-05
0.0108486
3.78424e-05
0.0108746
4.2701e-05
0.0108923
5.87611e-05
0.0109188
6.35842e-05
0.0109362
8.24791e-05
0.0109628
9.01041e-05
0.0109812
0.000109268
0.0110072
0.000121875
0.011027
0.000142175
0.0110536
0.000157506
0.0110743
0.000182296
0.011102
0.00020044
0.0111255
0.000226679
0.0111522
0.00025425
0.0111807
0.000278573
0.0112079
0.00031394
0.0112384
0.000346245
0.0112706
0.000379518
0.011302
0.000426613
0.0113383
0.000461662
0.0113743
0.000517418
0.0114131
0.00056199
0.0114535
0.000628918
0.0114977
0.000680863
0.0115409
0.000764978
0.0115907
0.000831208
0.0116391
0.00092934
0.0116919
0.00102104
0.0117457
0.0011387
0.0118005
0.00125977
0.011857
0.00140552
0.011909
0.00156742
0.0119628
0.00174657
0.0120053
0.00195614
0.0120415
0.00218055
0.0120623
0.00243725
0.0120621
0.00271156
0.012047
0.00301234
0.0119776
0.00335541
0.00367153
0.0118984
0.0100019
-5.62058e-06
0.010008
-1.61665e-05
0.0100176
-2.6612e-05
0.0100306
-3.60427e-05
0.0100461
-4.33247e-05
0.0100637
-5.02443e-05
0.0100823
-5.31176e-05
0.010102
-5.76171e-05
0.0101218
-5.76451e-05
0.0101424
-6.05484e-05
0.0101635
-6.04848e-05
0.0101846
-6.23711e-05
0.0102075
-6.35751e-05
0.0102288
-6.41119e-05
0.0102532
-6.55314e-05
0.0102747
-6.56217e-05
0.0102997
-6.54928e-05
0.0103217
-6.6715e-05
0.0103465
-6.42115e-05
0.0103694
-6.64667e-05
0.0103938
-6.34777e-05
0.0104176
-6.40071e-05
0.0104417
-6.37148e-05
0.0104658
-5.97768e-05
0.01049
-6.3328e-05
0.0105142
-5.53803e-05
0.0105383
-6.03879e-05
0.0105627
-5.1571e-05
0.0105861
-5.4691e-05
0.0106112
-4.74269e-05
0.0106335
-4.73787e-05
0.0106592
-4.15163e-05
0.0106809
-3.91554e-05
0.0107063
-3.32268e-05
0.0107286
-2.98446e-05
0.0107522
-2.25835e-05
0.0107761
-1.87136e-05
0.0107977
-9.66745e-06
0.0108228
-4.83563e-06
0.0108437
4.87569e-06
0.0108683
1.32442e-05
0.0108901
2.09189e-05
0.0109137
3.51739e-05
0.010936
4.12489e-05
0.01096
5.84859e-05
0.0109819
6.81997e-05
0.0110075
8.37225e-05
0.011029
0.000100307
0.0110559
0.000115309
0.0110787
0.000134727
0.0111059
0.000155066
0.0111313
0.000175024
0.0111595
0.000198517
0.0111869
0.000226806
0.0112187
0.00024681
0.0112466
0.000286018
0.0112834
0.000309417
0.0113138
0.000349199
0.0113539
0.000386475
0.0113894
0.000426174
0.0114335
0.000473269
0.0114733
0.000522249
0.0115248
0.000577426
0.0115683
0.000637368
0.0116281
0.000705178
0.0116773
0.000781926
0.0117454
0.000861227
0.0118017
0.000964805
0.0118778
0.00106256
0.0119428
0.0011948
0.0120215
0.00132684
0.0120945
0.00149443
0.0121702
0.00167082
0.0122421
0.00188422
0.0122985
0.00212422
0.0123518
0.00238389
0.0123752
0.00268815
0.0123693
0.00301828
0.0123538
0.00337093
0.00379569
0.0122296
0.0100022
-7.83743e-06
0.0100093
-2.32891e-05
0.0100204
-3.77162e-05
0.0100353
-5.0883e-05
0.0100526
-6.05949e-05
0.0100714
-6.90942e-05
0.0100906
-7.23496e-05
0.0101109
-7.78835e-05
0.0101306
-7.73507e-05
0.0101518
-8.1748e-05
0.0101728
-8.14983e-05
0.0101949
-8.44242e-05
0.0102178
-8.64661e-05
0.0102398
-8.61612e-05
0.0102642
-8.99237e-05
0.0102861
-8.74976e-05
0.0103111
-9.05605e-05
0.0103334
-8.89767e-05
0.0103583
-8.91165e-05
0.0103816
-8.97814e-05
0.0104059
-8.77917e-05
0.0104304
-8.8486e-05
0.0104542
-8.74895e-05
0.0104794
-8.50199e-05
0.010503
-8.68794e-05
0.0105284
-8.07713e-05
0.0105521
-8.41272e-05
0.0105772
-7.66131e-05
0.0106012
-7.87313e-05
0.010626
-7.2211e-05
0.0106497
-7.11227e-05
0.010675
-6.67429e-05
0.0106977
-6.19162e-05
0.0107235
-5.90406e-05
0.0107459
-5.22276e-05
0.0107708
-4.74913e-05
0.0107949
-4.27672e-05
0.010817
-3.17641e-05
0.0108438
-3.17029e-05
0.0108633
-1.46103e-05
0.0108914
-1.47994e-05
0.0109114
9.10586e-07
0.0109379
8.66001e-06
0.0109599
1.92268e-05
0.0109857
3.27463e-05
0.0110079
4.59987e-05
0.0110359
5.5718e-05
0.0110569
7.92337e-05
0.0110866
8.56167e-05
0.0111105
0.00011084
0.0111378
0.000127766
0.0111681
0.000144708
0.0111938
0.00017282
0.0112276
0.000193035
0.0112576
0.000216778
0.0112912
0.000252426
0.0113278
0.000272803
0.0113635
0.000313533
0.0114048
0.000345179
0.0114457
0.000385254
0.0114921
0.000426936
0.0115389
0.000475393
0.011592
0.000524336
0.0116477
0.000581664
0.0117057
0.000647175
0.0117757
0.00071196
0.0118393
0.000797628
0.0119243
0.000879767
0.0119965
0.000990329
0.0120974
0.00109397
0.0121791
0.0012451
0.0122897
0.00138385
0.012383
0.00157752
0.0124852
0.00178197
0.0125875
0.00202192
0.012653
0.00231845
0.0127344
0.00260676
0.0127482
0.00300443
0.0127442
0.00337491
0.00384173
0.0126982
0.0100028
-1.06119e-05
0.0100119
-3.23953e-05
0.0100255
-5.13246e-05
0.0100432
-6.85839e-05
0.0100627
-8.00677e-05
0.0100829
-8.93106e-05
0.0101027
-9.22041e-05
0.0101234
-9.85928e-05
0.0101433
-9.71607e-05
0.0101653
-0.000103751
0.0101864
-0.000102673
0.0102097
-0.000107741
0.0102324
-0.000109137
0.0102558
-0.000109507
0.0102797
-0.000113825
0.0103026
-0.000110439
0.0103272
-0.000115126
0.0103503
-0.000112077
0.010375
-0.000113832
0.0103988
-0.000113635
0.0104234
-0.000112377
0.0104481
-0.000113145
0.0104724
-0.000111843
0.0104978
-0.000110343
0.0105218
-0.000110913
0.0105476
-0.000106555
0.0105715
-0.00010801
0.0105972
-0.000102363
0.0106213
-0.000102828
0.0106468
-9.77244e-05
0.0106706
-9.49004e-05
0.010697
-9.31787e-05
0.0107188
-8.36737e-05
0.0107477
-8.79008e-05
0.0107668
-7.13662e-05
0.0107971
-7.77918e-05
0.0108163
-6.19372e-05
0.0108443
-5.97653e-05
0.0108673
-5.47538e-05
0.0108906
-3.78823e-05
0.0109178
-4.20571e-05
0.010939
-2.02821e-05
0.0109655
-1.78511e-05
0.0109908
-6.00957e-06
0.0110128
1.07455e-05
0.0110426
1.6166e-05
0.0110644
3.3979e-05
0.0110933
5.02503e-05
0.011119
5.99174e-05
0.0111475
8.23411e-05
0.0111742
0.000101103
0.011208
0.000110884
0.0112325
0.000148343
0.0112727
0.000152878
0.0112982
0.000191273
0.0113422
0.000208416
0.0113719
0.000243069
0.0114203
0.000265144
0.0114542
0.000311257
0.01151
0.00032946
0.0115467
0.000390281
0.0116141
0.000407968
0.0116552
0.000483257
0.0117321
0.000504737
0.0117851
0.000594134
0.0118708
0.00062632
0.0119396
0.000728758
0.012035
0.000784428
0.0121283
0.00089698
0.0122321
0.000990197
0.0123528
0.00112438
0.0124694
0.00126725
0.0126114
0.00143557
0.0127412
0.00165213
0.0128723
0.00189088
0.0130208
0.00216991
0.0130883
0.00253922
0.0132178
0.00287493
0.0132008
0.00339191
0.00383987
0.0132027
0.0100043
-1.49317e-05
0.0100165
-4.4534e-05
0.0100352
-7.00181e-05
0.0100563
-8.97497e-05
0.0100786
-0.000102312
0.0100993
-0.000110051
0.01012
-0.000112875
0.0101406
-0.000119258
0.0101615
-0.000118044
0.0101843
-0.000126501
0.0102064
-0.000124758
0.0102305
-0.000131933
0.0102535
-0.000132118
0.0102779
-0.000133828
0.0103014
-0.000137387
0.0103254
-0.000134414
0.0103495
-0.000139213
0.0103735
-0.000136128
0.0103981
-0.000138407
0.0104224
-0.000137955
0.0104475
-0.00013748
0.0104719
-0.000137485
0.0104974
-0.000137379
0.0105219
-0.000134802
0.0105472
-0.000136292
0.0105722
-0.000131558
0.0105972
-0.000132978
0.0106222
-0.000127398
0.0106479
-0.000128435
0.0106715
-0.000121378
0.0106986
-0.000121985
0.0107211
-0.000115687
0.0107479
-0.000110468
0.0107721
-0.000112097
0.0107956
-9.48985e-05
0.0108233
-0.000105484
0.0108439
-8.24927e-05
0.0108724
-8.83159e-05
0.0108945
-7.68721e-05
0.0109192
-6.25759e-05
0.0109464
-6.91798e-05
0.0109668
-4.07561e-05
0.0109961
-4.71541e-05
0.0110183
-2.81423e-05
0.0110449
-1.58446e-05
0.0110711
-1.00757e-05
0.0110972
7.89767e-06
0.011123
2.44388e-05
0.0111542
2.87224e-05
0.0111774
5.90883e-05
0.0112134
6.51037e-05
0.0112382
8.61426e-05
0.0112758
0.000110751
0.0113052
0.000123418
0.0113438
0.000152686
0.0113801
0.000172083
0.011421
0.000202218
0.0114623
0.00022382
0.0115122
0.000261403
0.011554
0.000287651
0.0116162
0.000328116
0.0116625
0.000361661
0.0117381
0.000407641
0.0117872
0.000455595
0.0118834
0.000497918
0.0119412
0.000568595
0.0120502
0.000619751
0.0121324
0.000702223
0.0122524
0.000776914
0.0123721
0.000870487
0.0124989
0.000997604
0.012671
0.00109518
0.0128076
0.00129893
0.0130203
0.00143951
0.0131713
0.00173984
0.0133879
0.00195328
0.0135319
0.00239529
0.0136784
0.0027284
0.0138118
0.00325847
0.00387169
0.01378
0.0100069
-2.18759e-05
0.0100267
-6.43088e-05
0.0100519
-9.52234e-05
0.0100771
-0.000114935
0.0101007
-0.000125941
0.0101227
-0.00013203
0.0101439
-0.00013403
0.0101651
-0.000140496
0.0101875
-0.000140465
0.0102111
-0.000150072
0.0102349
-0.000148532
0.0102595
-0.000156581
0.0102828
-0.000155442
0.0103078
-0.000158755
0.0103303
-0.000159879
0.0103556
-0.000159784
0.0103778
-0.000161392
0.0104035
-0.000161825
0.010426
-0.000160925
0.0104514
-0.000163347
0.0104747
-0.000160746
0.0104993
-0.000162066
0.0105232
-0.000161285
0.0105472
-0.000158805
0.010571
-0.000160155
0.010595
-0.000155491
0.0106185
-0.000156532
0.010642
-0.000150825
0.0106662
-0.000152644
0.0106879
-0.000143077
0.0107134
-0.000147486
0.0107339
-0.0001362
0.0107585
-0.000135091
0.0107813
-0.000134938
0.0108011
-0.000114667
0.0108295
-0.000133826
0.0108432
-9.62678e-05
0.0108757
-0.000120757
0.0108876
-8.88094e-05
0.0109189
-9.38543e-05
0.0109342
-8.44694e-05
0.0109619
-6.84751e-05
0.0109802
-6.54553e-05
0.0110082
-5.61706e-05
0.0110255
-3.31494e-05
0.0110573
-4.18052e-05
0.0110732
-8.03109e-06
0.0111076
-9.99826e-06
0.0111258
1.05412e-05
0.0111621
2.2781e-05
0.0111831
4.41116e-05
0.0112219
4.72976e-05
0.0112476
8.51109e-05
0.0112872
8.37824e-05
0.01132
0.000119903
0.0113648
0.000127254
0.0114013
0.000165731
0.0114534
0.00017179
0.0114993
0.000215498
0.0115544
0.0002325
0.0116099
0.000272586
0.0116824
0.000289244
0.0117347
0.000355295
0.0118354
0.000354897
0.0118887
0.000444603
0.012018
0.00043934
0.0120755
0.000562203
0.0122318
0.000545955
0.0123232
0.00068552
0.0124823
0.000711385
0.0126361
0.000843744
0.0128087
0.000922609
0.0130333
0.00107435
0.0132316
0.00124115
0.0135283
0.00144314
0.0137491
0.00173251
0.0140499
0.00209448
0.0142228
0.00255553
0.014458
0.00302327
0.00379231
0.0145374
0.0100145
-3.6406e-05
0.0100437
-9.35112e-05
0.0100781
-0.000129611
0.0101073
-0.000144067
0.010132
-0.000150716
0.0101521
-0.000152153
0.0101744
-0.000156233
0.010195
-0.000161101
0.0102203
-0.000165806
0.010241
-0.000170796
0.0102665
-0.000174056
0.0102854
-0.000175473
0.0103087
-0.000178702
0.0103267
-0.000176731
0.0103475
-0.000180708
0.0103654
-0.000177696
0.0103846
-0.000180591
0.0104016
-0.000178852
0.0104202
-0.000179482
0.0104353
-0.000178432
0.0104535
-0.000178953
0.0104665
-0.000175105
0.010484
-0.000178786
0.0104954
-0.00017017
0.0105119
-0.000176657
0.0105219
-0.0001655
0.0105371
-0.00017173
0.0105465
-0.000160177
0.0105597
-0.000165909
0.010569
-0.000152382
0.0105808
-0.000159214
0.0105887
-0.000144147
0.0106017
-0.00014814
0.0106051
-0.000138297
0.0106229
-0.000132415
0.0106202
-0.000131134
0.010642
-0.000118138
0.0106376
-0.000116339
0.0106574
-0.000108637
0.0106589
-9.53292e-05
0.0106724
-9.79429e-05
0.0106803
-7.63817e-05
0.0106937
-7.88871e-05
0.0106987
-6.11408e-05
0.0107231
-5.75536e-05
0.0107189
-3.75525e-05
0.0107552
-4.4416e-05
0.0107505
-5.2459e-06
0.0107902
-2.91991e-05
0.0107916
2.1438e-05
0.010835
7.01848e-07
0.0108397
4.2586e-05
0.0108951
2.97088e-05
0.0108955
8.34249e-05
0.0109715
4.38122e-05
0.0109691
0.000129691
0.0110584
7.64567e-05
0.0110684
0.000161817
0.011162
0.000121858
0.0111898
0.000204685
0.0112897
0.000172718
0.0113423
0.000236604
0.0114445
0.000253106
0.0115194
0.000279964
0.0116552
0.000308874
0.0117245
0.000370036
0.0119097
0.00037702
0.0119894
0.000466192
0.0122109
0.000464031
0.0123336
0.00058866
0.0125832
0.000594187
0.012768
0.000737836
0.0130743
0.000768049
0.0133181
0.00099735
0.0137452
0.001016
0.0140886
0.00138912
0.0145587
0.0016244
0.015066
0.00204819
0.0152402
0.00284904
0.0034152
0.0156174
0.0100358
-7.22173e-05
0.0100799
-0.000137603
0.0101109
-0.000160614
0.0101275
-0.000160645
0.0101361
-0.000159322
0.0101435
-0.00015955
0.0101503
-0.000163039
0.0101537
-0.000164551
0.0101555
-0.000167584
0.0101514
-0.000166662
0.0101459
-0.000168561
0.0101348
-0.000164342
0.0101229
-0.000166797
0.010107
-0.000160838
0.0100902
-0.0001639
0.0100702
-0.000157729
0.0100495
-0.000159927
0.0100252
-0.000154548
0.0100013
-0.000155593
0.00997314
-0.000150239
0.00994585
-0.000151666
0.00991506
-0.000144314
0.00988409
-0.000147811
0.00985154
-0.000137619
0.00981758
-0.000142705
0.00978332
-0.000131238
0.00974742
-0.000135827
0.00971209
-0.00012485
0.00967426
-0.000128083
0.00963924
-0.000117361
0.00959998
-0.000119948
0.00956477
-0.000108937
0.0095275
-0.000110867
0.00948896
-9.97655e-05
0.00945831
-0.000101764
0.00941488
-8.77058e-05
0.00939159
-9.48436e-05
0.00934709
-7.18351e-05
0.00932703
-8.85761e-05
0.00928814
-5.64468e-05
0.00926733
-7.71311e-05
0.00923779
-4.68447e-05
0.00921792
-5.90096e-05
0.00919518
-3.84069e-05
0.00918242
-4.47869e-05
0.00916401
-1.91504e-05
0.00916082
-4.12193e-05
0.00914652
9.05101e-06
0.0091549
-3.75787e-05
0.00914808
2.82575e-05
0.00916559
-1.68108e-05
0.00917592
3.22592e-05
0.00918871
1.69196e-05
0.00923514
3.6999e-05
0.00924058
3.8367e-05
0.00930937
6.08977e-05
0.00933453
5.12964e-05
0.00941343
8.29213e-05
0.00945461
8.06769e-05
0.00956504
9.42568e-05
0.00960831
0.000129451
0.00975913
8.57818e-05
0.00980443
0.000207805
0.0100046
7.97705e-05
0.0100554
0.000258131
0.0103084
0.000116996
0.01036
0.000325394
0.0107244
0.000101826
0.0107088
0.000479626
0.0112288
6.8659e-05
0.011213
0.000610032
0.0118163
0.000134515
0.0119047
0.000679671
0.0125823
0.000319696
0.0128219
0.000776435
0.0136909
0.000520089
0.0140694
0.00124587
0.0153728
0.000744861
0.0157666
0.0024552
0.00216297
0.0170188
0.00992778
0.00979018
0.00962957
0.00946892
0.0093096
0.00915005
0.00898701
0.00882246
0.00865487
0.00848821
0.00831965
0.00815531
0.00798851
0.00782767
0.00766377
0.00750604
0.00734612
0.00719157
0.00703597
0.00688574
0.00673407
0.00658976
0.00644195
0.00630433
0.00616162
0.00603038
0.00589456
0.00576971
0.00564162
0.00552426
0.00540431
0.00529538
0.00518451
0.00508474
0.00498298
0.00489527
0.00480043
0.0047286
0.00464002
0.00458357
0.00450644
0.0044596
0.00440059
0.00436218
0.00431739
0.00429824
0.00425702
0.00426608
0.0042285
0.00425675
0.00423994
0.0042722
0.00428912
0.00432612
0.00436449
0.00442539
0.00447668
0.0045596
0.00464028
0.00473454
0.00486399
0.00494977
0.00515758
0.00523735
0.00549548
0.00561247
0.00593787
0.00603969
0.00651932
0.00658798
0.00719801
0.00733253
0.0080122
0.00833189
0.00910833
0.00962842
0.0108743
0.0116192
0.0140744
0.0162373
-0.000136205
8.20099e-05
-0.000250275
0.000114069
-0.000366705
0.000116431
-0.000370206
3.50055e-06
-0.00028248
-8.77264e-05
-7.01897e-05
-0.00021229
0.00017573
-0.00024592
0.00032677
-0.00015104
0.000280206
4.65639e-05
0.000122427
0.000157779
8.86866e-05
3.37403e-05
-0.000166122
0.000254808
-0.000945629
0.000779507
-0.00168212
0.000736492
-0.00206226
0.000380141
-0.00220727
0.000145013
-0.00198024
-0.000227037
-0.00141786
-0.000562376
-0.00056903
-0.000848831
-0.00056903
-0.00022603
-2.46481e-05
-0.000215886
0.000103925
-0.000384429
0.000284973
-0.000536383
0.000155455
-0.00056337
-6.07389e-05
-0.000338295
-0.000437364
-3.2413e-05
-0.000551802
0.000253346
-0.000436799
0.000410575
-0.000110665
0.000384006
0.000184348
-0.000156191
0.000573937
-0.0010946
0.00119322
-0.00188497
0.00156987
-0.00232889
0.00118041
-0.00258561
0.000636861
-0.00258029
0.000139694
-0.00230211
-0.000505214
-0.00172886
-0.00113562
-0.000841478
-0.00173622
-0.00141051
-0.000788152
0.000270571
-0.000907816
0.000223589
-0.00091811
0.000295268
-0.000929549
0.000166893
-0.000911227
-7.90609e-05
-0.000911984
-0.000436607
-0.000742462
-0.000721324
-0.000333626
-0.000845635
-5.63291e-05
-0.000387961
-0.000106191
0.000234211
-0.000547675
0.00101542
-0.00119237
0.00183792
-0.00166881
0.00204631
-0.00200541
0.001517
-0.00220262
0.000834075
-0.00222179
0.000158861
-0.00202361
-0.00070339
-0.00164176
-0.00151748
-0.00100825
-0.00236972
-0.00241876
0.00184215
0.00170395
0.000533424
0.00153231
-0.000384287
0.00121298
-0.000956253
0.000738859
-0.00143756
0.000402249
-0.00151716
-0.000357014
-0.00134338
-0.000895104
-0.00104473
-0.00114428
-0.00061089
-0.000821797
-0.000522816
0.000146137
-0.000690103
0.00118271
-0.000945675
0.00209349
-0.00124041
0.00234104
-0.00147561
0.00175221
-0.00158913
0.000947598
-0.00158315
0.000152875
-0.00148442
-0.00080212
-0.00133606
-0.00166583
-0.000991556
-0.00271423
-0.00341032
0.00599671
0.0024528
0.0050786
0.00245043
0.00405992
0.00223165
0.00279566
0.00200312
0.00140044
0.00179746
0.000178729
0.000864698
-0.000891189
0.000174815
-0.00111429
-0.000921183
-0.000726662
-0.00120943
-0.000330499
-0.000250025
-0.00019125
0.00104346
-0.00023875
0.00214099
-0.000307655
0.00240995
-0.000354474
0.00179902
-0.00057967
0.00117279
-0.000846713
0.000419918
-0.000880844
-0.000767989
-0.000871238
-0.00167544
-0.000796973
-0.00278849
-0.00420729
0.00847751
0.00290034
0.00784101
0.00308693
0.00707219
0.00300047
0.00621076
0.00286455
0.00545405
0.00255417
0.00432209
0.00199666
0.00289093
0.00160597
0.00115429
0.000815463
8.96477e-05
-0.000144786
0.00022042
-0.000380798
0.000665381
0.000598498
0.00102685
0.00177952
0.0010829
0.0023539
0.000807967
0.00207396
0.000301716
0.00167904
6.27791e-05
0.000658855
9.25324e-05
-0.000797742
-0.000166439
-0.00141647
-0.00045838
-0.00249655
-0.00466567
0.00975001
0.00325698
0.00940772
0.00342922
0.00893148
0.00347671
0.00835109
0.00344494
0.0077017
0.00320356
0.00655742
0.00314094
0.00567555
0.00248785
0.00432528
0.00216574
0.00248076
0.00169974
0.0012858
0.000814161
0.0012478
0.000636499
0.00160398
0.00142334
0.00178638
0.00217149
0.00178861
0.00207172
0.00175919
0.00170846
0.00184463
0.000573423
0.00124853
-0.000201645
0.000307128
-0.000475066
-0.000149046
-0.00204038
-0.00481471
0.0104735
0.00347328
0.0102284
0.0036743
0.00993833
0.00376677
0.00948779
0.00389547
0.00888872
0.00380263
0.00825557
0.00377409
0.00722215
0.00352126
0.00624764
0.00314025
0.00503696
0.00291041
0.00345269
0.00239843
0.00266289
0.0014263
0.00287093
0.0012153
0.00333962
0.0017028
0.00346189
0.00194945
0.00340356
0.0017668
0.00321928
0.000757699
0.00258803
0.00042961
0.00189084
0.000222118
0.00102104
-0.00117058
-0.00379367
0.0108808
0.00362007
0.0106914
0.00386368
0.0104254
0.00403285
0.0101224
0.00419847
0.00960193
0.00432307
0.00912133
0.00425469
0.00833521
0.00430738
0.0074678
0.00400766
0.00658712
0.0037911
0.00521401
0.00377154
0.00358265
0.00305767
0.00251007
0.00228787
0.00237959
0.00183329
0.00232718
0.00200186
0.0022734
0.00182057
0.00199319
0.00103791
0.00174006
0.000682735
0.00201879
-5.66087e-05
0.00154459
-0.00069638
-0.00224908
0.0111636
0.00375922
0.0109943
0.00403293
0.0107349
0.00429222
0.0104704
0.00446296
0.0100737
0.0047198
0.00955891
0.00476948
0.00900977
0.00485652
0.0081482
0.00486923
0.00746841
0.00447089
0.00697829
0.00426166
0.00615615
0.00387981
0.00597054
0.00247349
0.0063177
0.00148613
0.00638259
0.00193697
0.00651738
0.00168578
0.00644999
0.0011053
0.00643387
0.000698858
0.00651737
-0.000140112
0.00495702
0.000863974
0.00270794
0.0114278
0.00391854
0.0112713
0.00418943
0.0110131
0.0045505
0.0107052
0.00477078
0.0103843
0.0050407
0.00991288
0.00524094
0.00946716
0.00530224
0.00882823
0.00550815
0.00768567
0.00561346
0.00648654
0.00546078
0.00444751
0.00591884
0.0018724
0.00504859
0.000133249
0.00322528
-0.000321928
0.00239215
-0.00014781
0.00151167
0.000310845
0.000646643
0.000533548
0.000476156
0.000413196
-1.97599e-05
0.00112438
0.000152791
0.00383232
0.0117507
0.00406616
0.0115346
0.00440555
0.0113372
0.00474793
0.010982
0.00512596
0.0106173
0.0054054
0.0101092
0.00574906
0.00954413
0.00586731
0.0091055
0.00594678
0.00857451
0.00614446
0.00821547
0.00581982
0.00833198
0.00580233
0.00795238
0.0054282
0.00694698
0.00423067
0.0060421
0.00329703
0.00481717
0.00273659
0.00366667
0.00179714
0.00270414
0.00143869
0.0014023
0.00128208
0.000528361
0.00102673
0.00436068
0.012138
0.00415773
0.0118978
0.00464576
0.0116135
0.00503224
0.011303
0.00543648
0.0109068
0.00580159
0.0104684
0.00618752
0.0096862
0.00664945
0.00887164
0.00676134
0.00780787
0.00720823
0.00636793
0.00725976
0.00485532
0.00731495
0.00347259
0.00681092
0.00264908
0.00505419
0.0023639
0.00358221
0.00230385
0.00279665
0.00226776
0.00183323
0.0022701
0.00143635
0.00160934
0.00194284
0.000200653
0.00243541
0.00456133
0.0125163
0.00433962
0.0123694
0.00479265
0.0120359
0.00536573
0.0115966
0.0058758
0.0110809
0.00631732
0.0107348
0.00653359
0.0104385
0.00694571
0.0101654
0.00703445
0.0101414
0.00723228
0.00997468
0.00742645
0.00926925
0.00802037
0.00748577
0.0085944
0.00506284
0.00747712
0.00323819
0.00540686
0.00243771
0.00359712
0.00174657
0.00252437
0.000843259
0.00233966
0.000126763
0.00265934
-0.000336159
0.00289834
0.00422517
0.0130632
0.00447914
0.0128239
0.00503188
0.0125532
0.00563653
0.0121862
0.00624275
0.0115068
0.00699677
0.0106393
0.00740103
0.00960519
0.00797984
0.00819412
0.00844552
0.00671586
0.00871054
0.00614815
0.00799416
0.00664253
0.00752598
0.00693662
0.00830032
0.00586925
0.00854449
0.00395823
0.00731788
0.00226035
0.005295
0.000746489
0.00403823
-0.000487567
0.00357372
-0.00100027
0.00317204
-0.0009239
0.00282197
0.00330127
0.013728
0.00453117
0.0134337
0.00532612
0.0129872
0.00608309
0.0125693
0.00666066
0.0122351
0.00733091
0.0118578
0.00777839
0.0117397
0.00809792
0.0117364
0.00844881
0.0109565
0.00949048
0.00899048
0.00996015
0.00736856
0.0091479
0.00672303
0.00894584
0.00593906
0.00932845
0.00448739
0.00876956
0.0026731
0.00710929
0.00105218
0.00565915
-0.000144236
0.00477014
-0.000832869
0.00386067
-0.000910742
0.00289984
0.00239053
0.0144763
0.00459225
0.0142654
0.00553701
0.0137028
0.00664573
0.0128977
0.00746575
0.0119125
0.00831613
0.0104448
0.00924607
0.00875395
0.00978875
0.00811442
0.00908834
0.00886354
0.00874135
0.00901096
0.00981274
0.00797001
0.0101888
0.0069623
0.00995356
0.00602616
0.0102646
0.00472223
0.0100735
0.00299642
0.0088351
0.00128915
0.00736641
-5.19279e-05
0.00611122
-0.000740386
0.00454913
-0.000760972
0.00292043
0.00162956
0.015521
0.00468865
0.0150858
0.00597221
0.0146779
0.00705364
0.0143613
0.00778235
0.0141527
0.00852469
0.0139464
0.0094524
0.0128909
0.0108442
0.0105989
0.0113804
0.00895567
0.0103846
0.00858032
0.0101881
0.00803792
0.0107312
0.00725481
0.0107367
0.0065328
0.0109866
0.00535941
0.0112469
0.00375293
0.0104416
0.00220341
0.00891594
0.000979181
0.00733545
7.3189e-05
0.00545512
-0.000294899
0.00328852
0.00133466
0.0167102
0.00499725
0.015929
0.00675342
0.0148122
0.00817047
0.0129704
0.00962411
0.0113541
0.010141
0.0106642
0.0101424
0.0112476
0.0102608
0.0110494
0.0115785
0.00944328
0.0119907
0.00832249
0.0113089
0.00774993
0.0113038
0.00703846
0.0114481
0.00646724
0.0115578
0.00581659
0.0118975
0.00460995
0.0116482
0.00307972
0.0104462
0.00168253
0.00873263
0.000657328
0.00648033
0.000106844
0.003839
0.0014415
0.0164738
0.00476077
0.0182794
0.00494778
0.0192843
0.00716558
0.0186461
0.0102623
0.0158538
0.0129333
0.0127884
0.0132077
0.0110979
0.0119512
0.0108173
0.0118591
0.0100505
0.0127576
0.00877814
0.0125812
0.00791796
0.012164
0.00727509
0.012091
0.00666149
0.0121714
0.00610488
0.0124541
0.00530953
0.0124436
0.00411683
0.0116389
0.00274177
0.0101077
0.00147543
0.00774667
0.000538877
0.00477555
0.00198038
0.00427732
0.000483445
0.00881755
0.000407552
0.0132913
0.00269181
0.0162376
0.00731605
0.0166045
0.0125664
0.0141542
0.0156581
0.0115148
0.0145906
0.0103937
0.0129802
0.00985935
0.013292
0.00882272
0.0136178
0.0077648
0.0132219
0.00702476
0.012831
0.00656686
0.0126293
0.00617529
0.0128457
0.00554996
0.0130689
0.00464229
0.0125465
0.00351069
0.0112393
0.00226605
0.00899131
0.00104452
0.00599708
0.0030249
0.00091004
-0.000426595
0.00352722
-0.00220963
0.00829874
-0.00207971
0.0117567
0.00385807
0.0143359
0.00998725
0.014635
0.0153589
0.0121016
0.017124
0.00999323
0.0150886
0.00952033
0.0137649
0.00900739
0.0141308
0.00806145
0.0141679
0.00712273
0.0137698
0.00641832
0.0133337
0.00606807
0.013196
0.00568994
0.013447
0.00495481
0.0132817
0.00391354
0.0122806
0.0026558
0.010249
0.00128981
0.00736307
0.00431471
0.00191385
-0.00234044
0.00206735
-0.00236313
0.00450379
-0.00451615
0.00770133
0.000660533
0.0106874
0.0070012
0.0123372
0.0137091
0.0122119
0.0172493
0.0100485
0.017252
0.00855881
0.0152546
0.00820409
0.0144855
0.00772688
0.0146451
0.00698141
0.0145152
0.00624961
0.0140655
0.00570541
0.0137401
0.00538041
0.0137721
0.00493356
0.0137285
0.00412438
0.0130897
0.0029281
0.0114453
0.00145563
0.00883554
0.00577034
0.000385574
-0.00272602
0.00109966
-0.00307722
0.00170154
-0.00511803
0.00426366
-0.00190159
0.00664602
0.00461885
0.00946675
0.0108884
0.0104185
0.0162975
0.00991665
0.0177539
0.00873659
0.0164346
0.00801012
0.015212
0.00755236
0.0151028
0.00691013
0.0151574
0.0061419
0.0148338
0.00552826
0.0143538
0.00507502
0.0142253
0.00460358
0.0141999
0.00389959
0.0137937
0.00285999
0.0124849
0.00153152
0.010164
0.00730186
-0.00201054
-0.000715473
-0.00175381
-0.00333395
-0.00199034
-0.0048815
-0.000480206
-0.00341173
0.00222668
0.00191196
0.00632396
0.00679112
0.0075731
0.0150484
0.00815814
0.0171688
0.0077367
0.0168561
0.00735895
0.0155897
0.00717106
0.0152907
0.00678809
0.0155404
0.0061076
0.0155143
0.00534242
0.015119
0.00480408
0.0147636
0.00435292
0.0146511
0.00370391
0.0144427
0.00273099
0.0134578
0.00140179
0.0114932
0.00870365
-0.0015168
0.000801328
-0.00356664
-0.00128411
-0.00469335
-0.00375479
-0.00402702
-0.00407805
-0.00253102
0.000415956
0.00200308
0.00225702
0.00645202
0.0105994
0.00669177
0.0169291
0.0067524
0.0167954
0.00651102
0.0158311
0.00650856
0.0152932
0.00643176
0.0156172
0.00599485
0.0159512
0.0053262
0.0157876
0.00462149
0.0154683
0.00402305
0.0152495
0.00338547
0.0150803
0.00250673
0.0143366
0.00131681
0.0126831
0.0100205
-0.00144388
0.00224521
-0.00298905
0.000261051
-0.00490545
-0.00183838
-0.00529857
-0.00368493
-0.00366187
-0.00122075
-0.00191591
0.000511064
0.00366529
0.00501825
0.0072639
0.0133305
0.00658871
0.0174706
0.00588409
0.0165357
0.00561845
0.0155588
0.00572394
0.0155117
0.00557448
0.0161006
0.00504058
0.0163215
0.00444308
0.0160658
0.00386788
0.0158248
0.0032188
0.0157294
0.00234244
0.0152129
0.00118174
0.0138438
0.0112022
-0.000928167
0.00317337
-0.00163382
0.0009667
-0.00278008
-0.000692124
-0.00306593
-0.00339908
-0.00235351
-0.00193316
-0.00186635
2.39002e-05
0.00014035
0.00301156
0.00550449
0.00796632
0.00767649
0.0152986
0.00679981
0.0174124
0.00571381
0.0166448
0.00525224
0.0159733
0.00516426
0.0161886
0.00485555
0.0166302
0.00422861
0.0166928
0.00357715
0.0164762
0.00291784
0.0163887
0.00212159
0.0160092
0.00110298
0.0148624
0.0123052
-0.000857397
0.00403077
5.62609e-05
5.30417e-05
0.000807319
-0.00144318
0.000689125
-0.00328089
0.00106512
-0.00230916
0.000913905
0.000175116
0.00063788
0.00328758
0.00286582
0.00573838
0.0070536
0.0111108
0.00773484
0.0167312
0.00668309
0.0176965
0.00558789
0.0170685
0.00499533
0.0167812
0.00456137
0.0170642
0.00406093
0.0171932
0.00345068
0.0170865
0.00278463
0.0170548
0.00198836
0.0168055
0.000986451
0.0158644
0.0132916
-0.000627748
0.00465852
0.00113798
-0.00171269
0.00355669
-0.00386189
0.00401351
-0.00373771
0.00488001
-0.00317566
0.00435905
0.00069608
0.00411279
0.00353384
0.00295104
0.00690013
0.00537499
0.00868689
0.00781886
0.0142873
0.00747921
0.0180362
0.00623574
0.018312
0.00528144
0.0177355
0.00465223
0.0176934
0.00396478
0.0178807
0.00327439
0.0177769
0.00258773
0.0177414
0.00183331
0.0175599
0.000930013
0.0167676
0.0142217
0.00106552
0.003593
0.00367541
-0.00432258
0.00604351
-0.00622999
0.0067556
-0.0044498
0.00729006
-0.00371012
0.00717414
0.000812002
0.00680646
0.00390152
0.0059273
0.00777929
0.0050507
0.00956348
0.0069942
0.0123438
0.00777424
0.0172562
0.00687855
0.0192076
0.00555701
0.019057
0.00460583
0.0186446
0.00393686
0.0185496
0.00322607
0.0184876
0.00250486
0.0184626
0.00173482
0.0183299
0.000837754
0.0176647
0.0150594
0.00372471
-0.000131711
0.00598371
-0.00658157
0.00756292
-0.0078092
0.00852298
-0.00540986
0.00859988
-0.00378703
0.00876243
0.000649456
0.00823428
0.00442967
0.00806377
0.0079498
0.00628981
0.0113374
0.00632413
0.0123095
0.00747577
0.0161045
0.00715753
0.0195259
0.00600043
0.0202141
0.00483265
0.0198124
0.00386315
0.0195191
0.00307978
0.019271
0.00234788
0.0191945
0.00160998
0.0190678
0.000795031
0.0184797
0.0158544
0.00436188
-0.00449359
0.00645445
-0.00867414
0.00751182
-0.00886657
0.00855736
-0.0064554
0.00873132
-0.00396098
0.00911812
0.000262654
0.00876176
0.00478603
0.00879993
0.00791163
0.00767524
0.0124621
0.00636478
0.0136199
0.0068759
0.0155934
0.00692958
0.0194722
0.00596261
0.0211811
0.00482315
0.0209518
0.00389649
0.0204458
0.00302231
0.0201452
0.00224755
0.0199693
0.00151219
0.0198032
0.000714874
0.019277
0.0165693
0.00366495
-0.00815854
0.0059018
-0.010911
0.00704319
-0.010008
0.00790778
-0.00731999
0.00817947
-0.00423268
0.00851489
-7.27652e-05
0.00852594
0.00477498
0.00856443
0.00787314
0.00806639
0.0129602
0.00664993
0.0150364
0.00636793
0.0158754
0.00647402
0.0193661
0.00583615
0.021819
0.00472499
0.022063
0.00365712
0.0215137
0.00281051
0.0209918
0.0020538
0.020726
0.00135784
0.0204992
0.000651444
0.0199834
0.0172208
0.00296442
-0.011123
0.00491534
-0.0128619
0.0060017
-0.0110943
0.00675228
-0.00807057
0.0071681
-0.0046485
0.00742836
-0.000333022
0.00765661
0.00454673
0.00772248
0.00780728
0.00759756
0.0130851
0.00656272
0.0160712
0.00586228
0.0165758
0.0057414
0.019487
0.00522665
0.0223337
0.0043823
0.0229073
0.00348788
0.0224081
0.00260479
0.0218749
0.00187669
0.0214541
0.00121944
0.0211564
0.000548253
0.0206546
0.017769
0.00230682
-0.0134298
0.00390605
-0.0144612
0.00482848
-0.0120167
0.00547381
-0.0087159
0.00589778
-0.00507248
0.00623911
-0.000674346
0.00656027
0.00422557
0.00653293
0.00783461
0.00655826
0.0130598
0.00594939
0.0166801
0.00523868
0.0172866
0.00500015
0.0197255
0.00459365
0.0227402
0.00379704
0.0237039
0.00292191
0.0232832
0.00220624
0.0225906
0.00155159
0.0221087
0.000979458
0.0217285
0.000437796
0.0211962
0.0182068
0.00168943
-0.0151192
0.00286043
-0.0156322
0.00358632
-0.0127426
0.00414482
-0.0092744
0.00452086
-0.00544852
0.00479006
-0.00094354
0.0051858
0.00382982
0.00511083
0.00790959
0.00515956
0.013011
0.00489994
0.0169397
0.00431828
0.0178682
0.00395532
0.0200885
0.00358541
0.0231101
0.00305989
0.0242295
0.0024244
0.0239187
0.00174084
0.0232741
0.00121132
0.0226383
0.00073274
0.0222071
0.000285446
0.0216435
0.0184922
0.00115
-0.0162692
0.00187447
-0.0163566
0.00228294
-0.0131511
0.0026177
-0.00960917
0.00295457
-0.00578539
0.00313328
-0.00112225
0.00340928
0.00355382
0.00331724
0.00800164
0.00331021
0.0130181
0.00336849
0.0168814
0.00315061
0.0180861
0.00289966
0.0203394
0.00260249
0.0234073
0.00208785
0.0247441
0.00155124
0.0244553
0.0011422
0.0236832
0.000739989
0.0230405
0.000393664
0.0225534
0.000114573
0.0219226
0.0186068
0.000648014
-0.0169172
0.00098538
-0.016694
0.0011111
-0.0132768
0.00113777
-0.00963583
0.00118194
-0.00582956
0.00124001
-0.00118031
0.00129466
0.00349916
0.00124126
0.00805504
0.00133056
0.0129288
0.00170966
0.0165023
0.00182413
0.0179716
0.00158311
0.0205805
0.00129808
0.0236923
0.00104714
0.024995
0.000753263
0.0247492
0.00043101
0.0240054
0.000226238
0.0232452
6.68043e-05
0.0227129
-6.47679e-05
0.0220542
0.0185421
0.000229206
-0.0171464
0.000186383
-0.0166512
2.05151e-05
-0.013111
-0.000192054
-0.00942326
-0.000417495
-0.00560412
-0.000619544
-0.000978262
-0.000669813
0.00354943
-0.000733001
0.00811823
-0.000381722
0.0125775
0.000198548
0.0159221
0.000433797
0.0177364
0.000348505
0.0206658
0.000135183
0.0239056
-0.000139529
0.0252698
-0.000251994
0.0248616
-0.000246197
0.0239996
-0.000311948
0.023311
-0.000361395
0.0227623
-0.000301375
0.0219942
0.0182407
-8.70759e-05
-0.0170593
-0.000338677
-0.0163996
-0.00070591
-0.0127437
-0.00113246
-0.00899672
-0.00154202
-0.00519456
-0.00187535
-0.000644932
-0.00198355
0.00365762
-0.00194826
0.00808294
-0.00146882
0.012098
-0.0008503
0.0153036
-0.000865698
0.0177518
-0.00126075
0.0210608
-0.00145307
0.024098
-0.00130811
0.0251248
-0.00111721
0.0246707
-0.0010423
0.0239247
-0.000907189
0.0231759
-0.000747513
0.0226026
-0.000515084
0.0217617
0.0177256
-0.000325195
-0.0167341
-0.000799483
-0.0159253
-0.00127845
-0.0122648
-0.00175625
-0.00851892
-0.0022232
-0.00472761
-0.00254692
-0.000321218
-0.00267475
0.00378546
-0.00259943
0.00800762
-0.00225771
0.0117563
-0.0020279
0.0150737
-0.00228559
0.0180094
-0.00269772
0.0214729
-0.00282041
0.0242207
-0.00259314
0.0248975
-0.00218611
0.0242637
-0.00175845
0.0234971
-0.00144963
0.0228671
-0.00117199
0.022325
-0.000751027
0.0213408
0.0169746
-0.000511339
-0.0162228
-0.00114072
-0.0152959
-0.00178243
-0.011623
-0.00230823
-0.00799311
-0.00275614
-0.00427971
-0.00303709
-4.02686e-05
-0.00317237
0.00392075
-0.003218
0.00805324
-0.00319761
0.0117359
-0.00340091
0.015277
-0.00394695
0.0185555
-0.00439178
0.0219178
-0.00425153
0.0240804
-0.00358546
0.0242315
-0.00294884
0.0236271
-0.00248616
0.0230344
-0.00202363
0.0224045
-0.00155521
0.0218566
-0.000954332
0.0207399
0.0160202
-0.000744068
-0.0154787
-0.00153272
-0.0145072
-0.00225664
-0.0108991
-0.0029321
-0.00731765
-0.00338811
-0.0038237
-0.0037821
0.000353719
-0.00409408
0.00423273
-0.00440884
0.00836801
-0.00481028
0.0121374
-0.00531288
0.0157797
-0.00585139
0.019094
-0.00596717
0.0220335
-0.00544511
0.0235584
-0.00461753
0.0234039
-0.00383259
0.0228421
-0.00307356
0.0222754
-0.00248131
0.0218123
-0.00193031
0.0213056
-0.00117289
0.0199825
0.0148473
-0.000899048
-0.0145797
-0.00190268
-0.0135036
-0.00280828
-0.00999353
-0.00363583
-0.00649009
-0.00432747
-0.00313207
-0.00493969
0.000965943
-0.00554961
0.00484264
-0.00612256
0.00894096
-0.00674468
0.0127595
-0.00732511
0.0163601
-0.00761736
0.0193862
-0.00732877
0.021745
-0.00634588
0.0225755
-0.0051492
0.0222072
-0.00420348
0.0218964
-0.00353002
0.0216019
-0.00289863
0.0211809
-0.00222302
0.02063
-0.00132279
0.0190822
0.0135246
-0.00113911
-0.0134406
-0.00226401
-0.0123787
-0.00338435
-0.00887319
-0.00444485
-0.00542959
-0.00544126
-0.00213566
-0.00634868
0.00187336
-0.007264
0.00575797
-0.00809835
0.00977531
-0.00874412
0.0134052
-0.00910132
0.0167173
-0.00892826
0.0192132
-0.00808839
0.0209051
-0.00678737
0.0212745
-0.00570623
0.0211261
-0.00482775
0.0210179
-0.00395629
0.0207304
-0.00321162
0.0204362
-0.0024744
0.0198928
-0.00146986
0.0180777
0.0120547
-0.00129064
-0.0121499
-0.0026381
-0.0110313
-0.00389467
-0.00761663
-0.00523499
-0.00408927
-0.00654527
-0.000825373
-0.00774138
0.00306946
-0.00882171
0.0068383
-0.00967195
0.0106255
-0.0101589
0.0138922
-0.0100792
0.0166375
-0.00942118
0.0185552
-0.00828
0.0197639
-0.00699582
0.0199903
-0.00580462
0.0199349
-0.00480029
0.0200136
-0.00407784
0.020008
-0.00339784
0.0197562
-0.0026331
0.019128
-0.00155247
0.0169971
0.0105022
-0.00142617
-0.0107238
-0.00292435
-0.00953307
-0.00437289
-0.00616809
-0.00589434
-0.00256782
-0.0073523
0.000632591
-0.00870942
0.00442658
-0.00988349
0.00801238
-0.0105871
0.0113292
-0.0107266
0.0140317
-0.0102401
0.016151
-0.00932695
0.017642
-0.00809409
0.018531
-0.00677776
0.018674
-0.00586462
0.0190217
-0.00512308
0.0192721
-0.0043183
0.0192032
-0.00355414
0.0189921
-0.00273437
0.0183082
-0.00157558
0.0158383
0.00892665
-0.00157706
-0.00914671
-0.00315182
-0.00795831
-0.00466894
-0.00465097
-0.00627802
-0.000958746
-0.00782153
0.0021761
-0.00915876
0.00576381
-0.010214
0.00906763
-0.0107171
0.0118323
-0.0105514
0.013866
-0.00977923
0.0153788
-0.00872773
0.0165905
-0.00761831
0.0174216
-0.00666874
0.0177244
-0.0057822
0.0181352
-0.00484317
0.018333
-0.00413427
0.0184943
-0.00353553
0.0183933
-0.00275712
0.0175298
-0.00160963
0.0146908
0.00731701
-0.00167156
-0.00747514
-0.00330056
-0.00632931
-0.00479984
-0.00315169
-0.00636655
0.000607964
-0.00790276
0.00371232
-0.00916655
0.00702759
-0.0100048
0.00990584
-0.0101716
0.0119991
-0.00978552
0.0134799
-0.0089379
0.0145312
-0.00810768
0.0157603
-0.00713205
0.016446
-0.00613212
0.0167245
-0.00541194
0.017415
-0.00481376
0.0177349
-0.00420681
0.0178873
-0.00351268
0.0176992
-0.0027288
0.016746
-0.00158055
0.0135425
0.00573647
-0.00172245
-0.0057527
-0.00335939
-0.00469237
-0.00482012
-0.00169096
-0.00625925
0.00204709
-0.00763717
0.00509023
-0.00867688
0.00806731
-0.00935294
0.0105819
-0.00936759
0.0120138
-0.00882941
0.0129417
-0.00800639
0.0137082
-0.00724807
0.015002
-0.0065485
0.0157464
-0.00590107
0.016077
-0.00528106
0.016795
-0.00449814
0.0169519
-0.00385061
0.0172398
-0.00330568
0.0171543
-0.00261829
0.0160586
-0.00157551
0.0124998
0.00416096
-0.00171276
-0.00403993
-0.00340154
-0.00300359
-0.00477584
-0.000316658
-0.00604332
0.00331457
-0.00726806
0.00631497
-0.00807573
0.00887498
-0.00842992
0.0109361
-0.00829798
0.0118818
-0.00775579
0.0123996
-0.00709264
0.013045
-0.00657011
0.0144795
-0.00597846
0.0151548
-0.00517742
0.015276
-0.00460963
0.0162272
-0.00416309
0.0165054
-0.00372782
0.0168045
-0.00314608
0.0165725
-0.00239225
0.0153047
-0.00138829
0.0114958
0.00277266
-0.00175642
-0.00228351
-0.0034039
-0.00135611
-0.00470614
0.000985579
-0.00576056
0.00436899
-0.00675285
0.00730726
-0.00743538
0.00955751
-0.00765987
0.0111606
-0.00737593
0.0115979
-0.00682314
0.0118468
-0.00622508
0.012447
-0.00585948
0.0141139
-0.00536625
0.0146615
-0.00480825
0.014718
-0.00446636
0.0158853
-0.00385315
0.0158922
-0.00326573
0.0162171
-0.00273639
0.0160432
-0.0020563
0.0146246
-0.00112112
0.0105606
0.00165154
-0.00171354
-0.000569973
-0.00336439
0.000294741
-0.00463426
0.00225545
-0.00553607
0.0052708
-0.00625811
0.00802931
-0.0066354
0.0099348
-0.00676307
0.0112883
-0.00648733
0.0113221
-0.00603478
0.0113942
-0.00547005
0.0118822
-0.00507843
0.0137223
-0.00474019
0.0143233
-0.00417174
0.0141495
-0.00362327
0.0153368
-0.00317946
0.0154484
-0.0028642
0.0159019
-0.00240826
0.0155872
-0.00167814
0.0138945
-0.000772307
0.00965479
0.000879234
-0.00166197
0.001092
-0.00326126
0.00189402
-0.00448931
0.0034835
-0.00528037
0.00606186
-0.00589036
0.0086393
-0.00609848
0.0101429
-0.00595631
0.0111461
-0.00562116
0.010987
-0.0051156
0.0108886
-0.00477462
0.0115413
-0.00448739
0.013435
-0.00401588
0.0138518
-0.00357851
0.0137122
-0.00334703
0.0151054
-0.00292337
0.0150247
-0.00236179
0.0153403
-0.0017401
0.0149656
-0.00112622
0.0132807
-0.000391658
0.00892022
0.000487576
-0.00151605
0.00260805
-0.00302833
0.00340631
-0.0042139
0.00466907
-0.0048556
0.00670356
-0.00524709
0.00903079
-0.00550677
0.0104026
-0.00532094
0.0109603
-0.00500429
0.0106703
-0.00448823
0.0103726
-0.00398741
0.0110405
-0.00362411
0.0130717
-0.00349761
0.0137253
-0.00310981
0.0133244
-0.00246317
0.0144587
-0.00203071
0.0145923
-0.00169102
0.0150006
-0.00132142
0.014596
-0.000734318
0.0126936
3.01431e-06
0.00818289
0.000490591
-0.00132922
0.00393727
-0.00267251
0.0047496
-0.00378899
0.00578554
-0.00441987
0.00733445
-0.00449448
0.00910539
-0.00453521
0.0104433
-0.00433858
0.0107636
-0.00415993
0.0104917
-0.00385048
0.0100631
-0.00354042
0.0107304
-0.0030156
0.0125469
-0.00264825
0.013358
-0.00238722
0.0130633
-0.00211768
0.0141892
-0.00179383
0.0142684
-0.00124857
0.0144553
-0.000677236
0.0140246
-0.000128339
0.0121447
0.000290977
0.00776357
0.000781568
-0.00114674
0.00508401
-0.00223706
0.00583992
-0.00315839
0.00670687
-0.00390569
0.00808176
-0.00398839
0.00918808
-0.00382725
0.0102822
-0.00350131
0.0104377
-0.00319611
0.0101865
-0.00299207
0.0098591
-0.00284108
0.0105794
-0.00242392
0.0121297
-0.00219566
0.0131297
-0.00187189
0.0127396
-0.00131331
0.0136306
-0.000994035
0.0139491
-0.000645913
0.0141072
-0.000293076
0.0136718
9.01335e-05
0.0117614
0.000357846
0.00749586
0.00113941
-0.00102081
0.00610482
-0.00188295
0.00670206
-0.00245348
0.0072774
-0.0030406
0.00866887
-0.00327247
0.00941995
-0.00325576
0.0102655
-0.00300894
0.0101909
-0.00276929
0.00994684
-0.00245233
0.00954214
-0.00213192
0.010259
-0.00175883
0.0117566
-0.00157154
0.0129424
-0.00131963
0.0124876
-0.000949412
0.0132604
-0.000539146
0.0135389
-1.48625e-05
0.0135829
0.000396788
0.0132601
0.000638585
0.0115197
0.000556031
0.00757841
0.00169545
-0.000992811
0.00709763
-0.00175982
0.00746907
-0.00202328
0.00754085
-0.00222824
0.00887383
-0.00226141
0.00945312
-0.00227029
0.0102744
-0.00218002
0.0101006
-0.00217221
0.00993904
-0.00217392
0.00954385
-0.00187622
0.00996129
-0.00122968
0.0111101
-0.000850583
0.0125633
-0.000808145
0.0124452
-0.000319599
0.0127718
-4.70903e-05
0.0132664
0.000121736
0.0134141
0.000428711
0.0129532
0.000696425
0.0112519
0.000617722
0.00765712
0.00231317
-0.00101298
0.00811061
-0.00172922
0.00818531
-0.0019805
0.00779213
-0.0019151
0.00880844
-0.00172513
0.00926314
-0.0014487
0.00999794
-0.00123581
0.00988771
-0.0012023
0.00990552
-0.00131717
0.00965872
-0.00136023
0.0100043
-0.00104962
0.0107995
-0.000418116
0.0119318
-3.7981e-05
0.0120651
0.000131239
0.0126026
0.000494244
0.0129034
0.0011155
0.0127928
0.00135903
0.0127096
0.0012481
0.0113629
0.000813318
0.0080919
0.00312649
-0.00102648
0.00913709
-0.00166934
0.00882817
-0.00200606
0.00812885
-0.00207687
0.00887925
-0.00189357
0.00907984
-0.00144026
0.00954464
-0.00107599
0.00952345
-0.00070122
0.00953075
-0.000554434
0.00951194
-0.000409532
0.00985945
-0.000128942
0.0105189
8.02942e-06
0.0117948
0.000263956
0.0118091
0.000882533
0.011984
0.000999723
0.0127862
0.000840942
0.0129516
0.00108788
0.0124627
0.00131568
0.0111351
0.000871657
0.00853592
0.00399814
-0.000770204
0.0099073
-0.00120772
0.00926569
-0.0017919
0.00871303
-0.00214747
0.00923482
-0.00226921
0.00920158
-0.00190043
0.00917585
-0.00149561
0.00911863
-0.000990249
0.00902539
-0.000518325
0.00904001
7.35982e-05
0.00926752
0.000646896
0.00994561
0.000868928
0.0115728
0.000846844
0.0118312
0.00084596
0.0119849
0.00131846
0.0123137
0.00192807
0.012342
0.00170392
0.0126868
0.00115661
0.0116824
0.000628014
0.00906452
0.00462616
-0.000122244
0.0100295
-0.00034537
0.00948881
-0.00114456
0.00951222
-0.00181191
0.00990217
-0.00204922
0.00943889
-0.00186962
0.00899626
-0.00154843
0.00879743
-0.00107447
0.00855143
-0.000661721
0.00862727
-7.41782e-05
0.00867998
0.000704585
0.00916684
0.00139144
0.0108859
0.00166286
0.0115598
0.00190131
0.0117465
0.00179831
0.0124167
0.00158663
0.0125537
0.00194514
0.0123283
0.00215413
0.0114734
0.00128907
0.00992957
0.00591523
0.000581379
0.00944816
0.000263076
0.00980711
-0.000558905
0.0103342
-0.00107339
0.0104166
-0.00109612
0.00946162
-0.000835556
0.0087357
-0.000457747
0.00841962
-8.97383e-05
0.00818342
0.000140376
0.00839715
0.000364682
0.00845568
0.000649671
0.00888185
0.00140758
0.010128
0.00200623
0.0109612
0.00205572
0.011697
0.00219222
0.0122802
0.0023549
0.012391
0.00169382
0.0129894
0.000882823
0.0122844
0.000540086
0.0102723
0.00645532
0.000691893
0.00875627
5.35243e-05
0.0104455
-0.000327035
0.0107148
-9.72633e-05
0.0101869
0.000465891
0.00889847
0.00108715
0.00811443
0.00165782
0.00784895
0.00199755
0.00784369
0.00219129
0.00820342
0.00196895
0.00867801
0.00180178
0.00904903
0.00188894
0.0100409
0.00226012
0.01059
0.00285598
0.0111011
0.00273363
0.0124025
0.00241183
0.0127128
0.00280438
0.0125969
0.00277366
0.0123151
0.00149383
0.0115521
0.00794915
0.000165798
0.00859047
-0.000505731
0.011117
-4.49209e-05
0.010254
0.00130982
0.00883214
0.00256406
0.00764422
0.00358607
0.00709243
0.00437549
0.00705953
0.00478578
0.0074334
0.004864
0.0081252
0.00461035
0.00893167
0.00403019
0.00962919
0.00361921
0.0104518
0.00305673
0.0111525
0.00276227
0.0113956
0.00321966
0.0119451
0.00315636
0.0127761
0.00208791
0.0136653
0.00130002
0.013103
0.000782181
0.01207
0.00873133
-0.000573958
0.00916443
-0.000292243
0.0108353
0.00122119
0.00874052
0.00327255
0.00678078
0.00494918
0.00596759
0.00624424
0.00579737
0.00708928
0.00621449
0.00751862
0.00700406
0.00759152
0.0080523
0.00726829
0.0092549
0.00658961
0.0103079
0.00574646
0.011295
0.00488032
0.0120186
0.00404924
0.0122267
0.00322074
0.0127736
0.00294308
0.0130538
0.00301851
0.0135899
0.00238511
0.0137364
0.00112451
0.0133306
0.00985584
-0.000968183
0.0101326
0.000807629
0.00905949
0.00318321
0.00636493
0.00546457
0.00449942
0.00724301
0.00418916
0.00852514
0.00451524
0.00933671
0.00540292
0.00975551
0.00658526
0.00974878
0.00805903
0.00953009
0.00947359
0.00883177
0.0110062
0.00798443
0.0121423
0.0066155
0.0133875
0.00522893
0.0136132
0.00458004
0.0134225
0.00386636
0.0137675
0.00298562
0.0144706
0.00229716
0.0144249
0.0012817
0.014346
0.0111375
-0.000374355
0.010507
0.00238556
0.00629957
0.00513408
0.00361641
0.00733797
0.00229554
0.00891424
0.00261289
0.0100941
0.00333535
0.0107851
0.00471196
0.0112159
0.00615447
0.0112506
0.00802433
0.0110089
0.00971524
0.0104249
0.0115902
0.00952431
0.0130429
0.00861023
0.0143016
0.00696519
0.0152583
0.00510617
0.0152815
0.00405483
0.0148188
0.00331611
0.0152093
0.00219144
0.0155495
0.00123894
0.0152985
0.0123765
0.00113215
0.00937482
0.00397952
0.0034522
0.00656642
0.00102951
0.00842791
0.000434048
0.00980158
0.00123922
0.0107989
0.00233806
0.0115197
0.00399109
0.0118664
0.00580776
0.0120504
0.00784036
0.0118804
0.00988529
0.0115304
0.0119402
0.0106232
0.0139501
0.00941805
0.0155068
0.00815565
0.0165207
0.00652755
0.0169096
0.00476333
0.016583
0.00372486
0.0162478
0.00293228
0.0163421
0.00161347
0.0166173
0.01399
0.00254347
0.00683134
0.00508868
0.000906996
0.00723066
-0.00111247
0.00868846
-0.00102375
0.00991741
1.02676e-05
0.0108512
0.00140423
0.011587
0.00325528
0.0120642
0.00533058
0.0122629
0.00764168
0.0121851
0.00996309
0.0118285
0.0122968
0.011287
0.0144916
0.0103807
0.0164131
0.00893891
0.0179625
0.00731303
0.0185355
0.00574768
0.0181484
0.00413775
0.0178577
0.00254399
0.0179359
0.00119187
0.0179695
0.0151818
0.00307302
0.00375833
0.00536358
-0.00138357
0.00717412
-0.00292301
0.00846752
-0.00231714
0.00958362
-0.00110583
0.0105523
0.000435579
0.0113034
0.00250416
0.0117727
0.00486127
0.0120849
0.00732952
0.0121051
0.00994283
0.011924
0.0124779
0.0112676
0.015148
0.0104578
0.0172229
0.00940553
0.0190148
0.00764084
0.0203002
0.0055771
0.0202121
0.00399383
0.019441
0.00300145
0.0189282
0.00183241
0.0191385
0.0170142
0.00293461
0.00082372
0.00508232
-0.00353128
0.00670081
-0.00454151
0.00792047
-0.0035368
0.00910657
-0.00229193
0.0100225
-0.000480374
0.0108624
0.00166425
0.0113085
0.0044152
0.0115989
0.00703915
0.0116301
0.0099116
0.0114725
0.0126356
0.0112418
0.0153787
0.0103908
0.0180738
0.00938768
0.0200179
0.00816644
0.0215214
0.00665445
0.0217241
0.00484143
0.021254
0.00283302
0.0209367
0.00087893
0.0210926
0.0178932
0.00256923
-0.00174551
0.00456214
-0.00552419
0.00609138
-0.00607075
0.0073163
-0.00476171
0.00847839
-0.00345403
0.00942964
-0.00143162
0.0101788
0.000915043
0.010694
0.0039
0.0110128
0.00672042
0.0110909
0.00983347
0.010932
0.0127944
0.0105743
0.0157364
0.010078
0.0185701
0.00915688
0.020939
0.0078007
0.0228776
0.00596294
0.0235619
0.00433623
0.0228807
0.00332667
0.0219462
0.0023497
0.0220696
0.0202429
0.00222338
-0.00396889
0.00400366
-0.00730447
0.00540822
-0.00747531
0.00666174
-0.00601524
0.00780172
-0.00459401
0.00874066
-0.00237056
0.00946494
0.000190762
0.00988362
0.00348132
0.0102291
0.0063749
0.0102813
0.00978133
0.0102481
0.0128276
0.0100745
0.01591
0.00948537
0.0191592
0.00872898
0.0216954
0.00775131
0.0238553
0.00644746
0.0248657
0.00466985
0.0246584
0.00256062
0.0240555
0.000705622
0.0239246
0.0209485
0.00188854
-0.00585744
0.00340001
-0.00881593
0.00470128
-0.00877658
0.00593834
-0.0072523
0.00704149
-0.00569715
0.00790763
-0.0032367
0.00855453
-0.000456138
0.00908962
0.00294622
0.00939021
0.00607431
0.00955856
0.00961298
0.00941241
0.0129738
0.0091876
0.0161348
0.00883297
0.0195138
0.00806715
0.0224612
0.00705414
0.0248683
0.00563364
0.0262862
0.00431029
0.0259817
0.00325327
0.0251125
0.00213399
0.0250438
0.0230825
0.0015705
-0.00742794
0.00288004
-0.0101255
0.00403739
-0.00993393
0.00517541
-0.00839032
0.00616562
-0.00668736
0.00695165
-0.00402273
0.00754239
-0.00104688
0.00804508
0.00244353
0.00845015
0.00566924
0.00864067
0.00942246
0.00867578
0.0129387
0.00851936
0.0162913
0.00807962
0.0199536
0.00751758
0.0230233
0.0067238
0.0256621
0.00561842
0.0273916
0.00400086
0.0275993
0.0023417
0.0267716
0.000724049
0.0266615
0.0238065
0.00130495
-0.00873289
0.00238839
-0.0112089
0.00335561
-0.0109012
0.00437342
-0.00940813
0.00522214
-0.00753608
0.00600922
-0.00480981
0.00660048
-0.00163815
0.00708524
0.00195878
0.00750704
0.00524744
0.00777831
0.00915119
0.00770468
0.0130123
0.00756788
0.0164281
0.00721772
0.0203037
0.00660385
0.0236371
0.00579429
0.0264716
0.00482499
0.0283609
0.00378705
0.0286372
0.00257745
0.0279812
0.00152053
0.0277184
0.0253271
0.00105114
-0.00978403
0.00192665
-0.0120844
0.00273115
-0.0117057
0.00359594
-0.0102729
0.00429001
-0.00823015
0.00490396
-0.00542376
0.00546238
-0.00219656
0.00600773
0.00141343
0.00646621
0.00478896
0.00679419
0.00882321
0.00696346
0.0128431
0.00680127
0.0165902
0.0065192
0.0205858
0.00607528
0.0240811
0.00547116
0.0270758
0.00450272
0.0293293
0.00326538
0.0298745
0.00219227
0.0290543
0.000832476
0.0290782
0.0261595
0.000870391
-0.0106544
0.0015531
-0.0127671
0.00208855
-0.0122411
0.00273421
-0.0109186
0.00337828
-0.00887422
0.00397606
-0.00602155
0.00444372
-0.00266421
0.00495191
0.000905234
0.0054659
0.00427497
0.00581379
0.00847532
0.00590048
0.0127564
0.00583421
0.0166565
0.00548085
0.0209392
0.0049821
0.0245798
0.00437985
0.027678
0.00372808
0.0299811
0.00294596
0.0306567
0.00178612
0.0302142
0.00104346
0.0298209
0.027203
0.000753234
-0.0114077
0.00125426
-0.0132681
0.00160639
-0.0125932
0.00200173
-0.0113139
0.00238426
-0.00925675
0.00292455
-0.00656184
0.00340827
-0.00314794
0.00391767
0.000395841
0.00440622
0.00378642
0.00478283
0.0080987
0.00498881
0.0125504
0.00490854
0.0167368
0.00477068
0.021077
0.00442291
0.0249276
0.00393062
0.0281703
0.00316786
0.0307439
0.00232691
0.0314976
0.00173301
0.0308081
0.000522418
0.0310315
0.0277254
0.000663474
-0.0120711
0.000991298
-0.013596
0.00116352
-0.0127655
0.0013847
-0.0115351
0.00163814
-0.0095102
0.00199533
-0.00691902
0.00237677
-0.00352937
0.00280927
-3.66643e-05
0.00332717
0.00326852
0.00367886
0.00774702
0.00394576
0.0122835
0.00388588
0.0167967
0.00361845
0.0213444
0.00339041
0.0251556
0.00306359
0.0284971
0.00275412
0.0310533
0.00219991
0.0320518
0.00122224
0.0317858
0.00081267
0.031441
0.0285381
0.000542284
-0.0126134
0.000746351
-0.0138
0.000722148
-0.0127413
0.00068682
-0.0114998
0.000854533
-0.00967791
0.00111083
-0.00717531
0.00143331
-0.00385186
0.00180056
-0.000403913
0.0021456
0.00292348
0.00251646
0.00737616
0.002662
0.0121379
0.0027342
0.0167245
0.0028061
0.0212726
0.00268061
0.0252811
0.0024215
0.0287562
0.00195794
0.0315169
0.00154251
0.0324672
0.00119382
0.0321344
0.000206623
0.0324282
0.0287447
0.000346596
-0.01296
0.000428862
-0.0138823
0.0003342
-0.0126466
0.000182592
-0.0113482
0.000119528
-0.00961485
0.000198664
-0.00725445
0.000426089
-0.00407929
0.000613406
-0.00059123
0.000926815
0.00261007
0.00123487
0.0070681
0.0016152
0.0117576
0.00170622
0.0166334
0.00164694
0.0213318
0.00174687
0.0251812
0.00180493
0.0286982
0.00186734
0.0314545
0.00157677
0.0327578
0.000924981
0.0327862
0.000849115
0.0325041
0.0295938
0.00017441
-0.0131344
0.000104588
-0.0138125
-0.000111036
-0.012431
-0.000328026
-0.0111312
-0.000443587
-0.00949929
-0.000516838
-0.0071812
-0.00049075
-0.00410537
-0.000385228
-0.000696753
-0.000338549
0.00256339
-9.85467e-05
0.0068281
5.88826e-05
0.0116002
0.000420811
0.0162715
0.000896729
0.0208559
0.00119824
0.0248797
0.00132302
0.0285734
0.00130691
0.0314706
0.00128128
0.0327834
0.000985606
0.0330819
-0.000273715
0.0337634
0.0293201
3.69917e-05
-0.0131714
-0.000178399
-0.0135971
-0.000519276
-0.0120901
-0.000903984
-0.0107465
-0.00112794
-0.00927533
-0.00132014
-0.006989
-0.00139185
-0.00403367
-0.00139396
-0.00069464
-0.00149301
0.00266245
-0.00134055
0.00667563
-0.000843105
0.0111027
-0.000466431
0.0158948
-0.000128602
0.0205181
0.000423611
0.0243275
0.00103701
0.02796
0.00151901
0.0309886
0.00153653
0.0327659
0.00134129
0.0332771
0.00160948
0.0334952
0.0309296
-0.000167162
-0.0130042
-0.000548782
-0.0132155
-0.000967756
-0.0116711
-0.00139684
-0.0103174
-0.00176868
-0.00890349
-0.00208911
-0.00666856
-0.00221085
-0.00391193
-0.00231012
-0.000595367
-0.00254337
0.0028957
-0.00237664
0.0065089
-0.00207337
0.0107995
-0.00145773
0.0152792
-0.000570723
0.0196311
0.000277425
0.0234793
0.00093528
0.0273021
0.00150666
0.0304172
0.00205062
0.032222
0.00187358
0.0334542
-5.13364e-05
0.0354201
0.0308783
-0.000321126
-0.0126831
-0.00081355
-0.012723
-0.00137307
-0.0111116
-0.00192451
-0.00976594
-0.0024869
-0.0083411
-0.00293127
-0.00622419
-0.00317433
-0.00366887
-0.0032299
-0.000539797
-0.00330006
0.00296586
-0.00305208
0.00626092
-0.00252886
0.0102763
-0.00185047
0.0146008
-0.000948803
0.0187294
5.87575e-05
0.0224717
0.00117784
0.0261831
0.00200416
0.0295909
0.00248572
0.0317404
0.00323856
0.0327013
0.00378308
0.0348756
0.0346613
-0.00038216
-0.012301
-0.000991867
-0.0121133
-0.00161919
-0.0104843
-0.00226566
-0.00911947
-0.00295771
-0.00764904
-0.00341369
-0.00576821
-0.0037158
-0.00336676
-0.00374273
-0.000512866
-0.00367448
0.00289761
-0.0035118
0.00609824
-0.00306373
0.00982819
-0.00218683
0.0137239
-0.00100262
0.0175452
0.000267404
0.0212017
0.00143243
0.025018
0.00274413
0.0282792
0.00380843
0.0306761
0.00426543
0.0322443
0.00350092
0.0356401
0.0381623
-0.000497724
-0.0118032
-0.00121892
-0.0113921
-0.00190114
-0.00980205
-0.00259905
-0.00842157
-0.00333806
-0.00691003
-0.00388797
-0.00521831
-0.00432397
-0.00293075
-0.00431017
-0.000526667
-0.00406221
0.00264964
-0.00367637
0.0057124
-0.00307874
0.00923056
-0.00216356
0.0128087
-0.000874602
0.0162562
0.000590157
0.019737
0.00214516
0.023463
0.00365751
0.0267668
0.00496792
0.0293657
0.00654143
0.0306708
0.00913109
0.0330505
0.0353247
0.0119686
-0.00066976
-0.0111335
-0.00145237
-0.0106095
-0.00217784
-0.00907658
-0.00289724
-0.00770218
-0.00359325
-0.00621401
-0.00423756
-0.004574
-0.00478883
-0.00237949
-0.00486662
-0.00044888
-0.00458964
0.00237267
-0.00406124
0.005184
-0.00321792
0.00838724
-0.00209543
0.0116862
-0.000770048
0.0149309
0.000840314
0.0181266
0.00255476
0.0217486
0.00485255
0.024469
0.00700268
0.0272156
0.00900372
0.0286698
0.0139845
0.0280697
0.0376263
0.011683
-0.000789542
-0.0103439
-0.00165532
-0.00974375
-0.00243735
-0.00829454
-0.0030853
-0.00705423
-0.00376986
-0.00552946
-0.00449412
-0.00384973
-0.00501379
-0.00185982
-0.00522113
-0.000241536
-0.00478955
0.00194108
-0.00411142
0.00450587
-0.00341267
0.00768849
-0.00208821
0.0103618
-0.000479347
0.013322
0.00134199
0.0163053
0.00336648
0.0197241
0.0055227
0.0223128
0.00899826
0.02374
0.0108721
0.026796
0.0173204
0.0216214
0.0358578
0.0190888
-0.000987819
-0.00935612
-0.00195082
-0.00878075
-0.00282812
-0.00741724
-0.0035401
-0.00634226
-0.00416092
-0.00490863
-0.00486256
-0.00314809
-0.00549112
-0.00123126
-0.00603272
0.000300062
-0.00580718
0.00171554
-0.00492011
0.0036188
-0.00384462
0.006613
-0.0024132
0.00893035
-0.000734736
0.0116435
0.00103186
0.0145387
0.00398112
0.0167748
0.00634018
0.0199538
0.0103049
0.0197753
0.0118605
0.0252404
0.0183655
0.0151165
0.0295211
0.0247023
-0.00103727
-0.00831885
-0.00199964
-0.00781838
-0.00286199
-0.00655489
-0.00374067
-0.00546357
-0.0044577
-0.00419161
-0.00502765
-0.00257814
-0.00554133
-0.000717578
-0.00580664
0.000565364
-0.00591906
0.00182797
-0.00548191
0.00318165
-0.00407667
0.00520777
-0.00266457
0.00751825
-0.000551611
0.00953059
0.00118382
0.0128032
0.00458517
0.0133735
0.00665875
0.0178802
0.0119448
0.0144892
0.0132212
0.023964
0.0167354
0.0116022
0.020969
0.0252875
-0.00101043
-0.00730842
-0.00207819
-0.00675062
-0.0030289
-0.00560419
-0.0039368
-0.00455567
-0.0048591
-0.00326931
-0.00578515
-0.00165208
-0.00662532
0.000122584
-0.00703134
0.000971388
-0.00637598
0.0011726
-0.00548
0.00228568
-0.00413614
0.0038639
-0.00349428
0.00687638
-0.00125441
0.00729072
0.000224086
0.0113247
0.0044372
0.00916037
0.00650415
0.0158132
0.012047
0.00894633
0.0155127
0.0204983
0.0159944
0.0111205
0.0139197
0.0230437
-0.00121063
-0.00609779
-0.00228493
-0.00567632
-0.00333565
-0.00455347
-0.00439784
-0.00349347
-0.00524599
-0.00242116
-0.00572309
-0.00117498
-0.00603976
0.000439252
-0.0064102
0.00134182
-0.00630236
0.00106477
-0.00528529
0.00126861
-0.00369715
0.00227577
-0.00346348
0.00664271
-0.00127992
0.00510715
0.000241261
0.00980356
0.00539622
0.00400541
0.00733317
0.0138763
0.0100264
0.00625309
0.0153574
0.0151673
0.0164174
0.0100605
0.00929252
0.0210446
-0.00189554
-0.00420224
-0.00359101
-0.00398085
-0.00511445
-0.00303003
-0.00666251
-0.00194541
-0.00792227
-0.0011614
-0.0085733
-0.000523955
-0.00847188
0.000337835
-0.00803803
0.000907971
-0.00678627
-0.000186984
-0.00458311
-0.000934552
-0.00305678
0.000749439
-0.00246679
0.00605272
-0.000842069
0.00348243
0.000839016
0.00812248
0.0047656
7.88328e-05
0.00839608
0.0102458
0.00939263
0.00525654
0.0150622
0.00949774
0.0177433
0.0073794
0.00601038
0.0210254
-0.00176148
-0.00244077
-0.00367894
-0.00206339
-0.00505085
-0.00165812
-0.00604795
-0.000948312
-0.00690203
-0.000307325
-0.00764165
0.000215671
-0.00790405
0.000600236
-0.00757386
0.00057778
-0.00725734
-0.000503511
-0.00632258
-0.00186931
-0.00551358
-5.95596e-05
-0.00341844
0.00395758
-0.00214268
0.00220666
0.00146408
0.00451572
0.00207232
-0.000529404
0.00705276
0.00526536
0.00931648
0.00299283
0.0145493
0.00426489
0.0182525
0.00367621
0.00294171
0.0213212
-0.00244077
-0.00450416
-0.00616227
-0.00711059
-0.00741791
-0.00720224
-0.006602
-0.00602422
-0.00652773
-0.00839704
-0.0084566
-0.00449902
-0.00229235
0.00222337
0.00169396
0.00695932
0.00995215
0.014217
0.0178932
0.020835
0.00214986
0.00981874
0.00299568
-0.000845816
0.00042452
0.00257116
-0.00607439
0.00649891
-0.0118941
0.00581969
-0.0154063
0.00351225
-0.0165212
0.00111488
-0.0157525
-0.000768704
-0.013966
-0.00178651
-0.013032
-0.000934006
-0.0101796
-0.00285242
-0.00814096
-0.00203861
-0.0060104
-0.00213056
-0.00401547
-0.00199492
-0.00260743
-0.00140804
-0.00126028
-0.00134715
-0.000253602
-0.00100668
0.000683736
-0.000937338
0.00135556
-0.000671828
0.00178555
-0.000429988
0.00179709
-1.15427e-05
0.00150161
0.000295485
0.000732278
0.000769331
-0.00057905
0.00131133
-0.00249763
0.00191858
-0.00485487
0.00235724
-0.00736616
0.0025113
-0.0098465
0.00248034
-0.0120563
0.00220982
-0.0138371
0.00178074
-0.0150534
0.00121632
-0.0155736
0.000520199
-0.0155004
-7.31664e-05
-0.0149329
-0.000567476
-0.0139581
-0.00097483
-0.0126928
-0.00126533
-0.0112296
-0.00146317
-0.00994444
-0.00128518
-0.00862132
-0.00132313
-0.00755621
-0.00106511
-0.00669934
-0.000856869
-0.00584988
-0.000849455
-0.00525633
-0.000593557
-0.00463947
-0.000616859
-0.00414349
-0.000495976
-0.0034286
-0.000714895
-0.00281623
-0.000612366
-0.0021143
-0.000701932
-0.00125915
-0.000855153
-0.000382652
-0.000876493
0.00050809
-0.000890741
0.00152557
-0.00101748
0.00250872
-0.000983154
0.00354679
-0.00103807
0.00455545
-0.00100866
0.00551136
-0.000955911
0.00636544
-0.000854079
0.00712857
-0.000763132
0.00774648
-0.000617915
0.00830676
-0.000560277
0.00870685
-0.000400095
0.00904539
-0.000338541
0.00923744
-0.000192046
0.00932468
-8.7238e-05
0.00928513
3.95496e-05
0.0091546
0.000130525
0.00891025
0.000244355
0.00863631
0.000273939
0.00829209
0.000344219
0.00797543
0.000316665
0.00767694
0.000298486
0.00741765
0.000259285
0.0072033
0.000214354
0.00705504
0.000148262
0.00693448
0.000120558
0.00688606
4.84191e-05
0.00688459
1.4768e-06
0.00692623
-4.16432e-05
0.00700282
-7.65885e-05
-0.000139576
0.00209601
0.0194057
-0.0065145
0.00776469
-0.00939029
0.00544695
-0.0106542
0.00776283
-0.0105806
0.0057461
-0.0111289
0.00406058
-0.0106381
0.000624076
-0.00995135
-0.0014555
-0.00870695
-0.00303091
-0.00639971
-0.00324124
-0.00480946
-0.00444267
-0.00312998
-0.00371808
-0.00153661
-0.00372394
-0.000303938
-0.00322759
0.000896446
-0.00260842
0.00186913
-0.00231984
0.00289628
-0.00203383
0.00383864
-0.00187969
0.0048402
-0.00167339
0.00564516
-0.00123495
0.00613551
-0.000501895
0.00586015
0.000570849
0.00483961
0.00178987
0.00323464
0.0029163
0.0014283
0.00372492
-0.000400086
0.00418563
-0.00225108
0.00436228
-0.00405203
0.00428129
-0.00571382
0.00387161
-0.00702321
0.00309014
-0.00788799
0.00208109
-0.00810349
0.000735705
-0.00782205
-0.000354606
-0.00705847
-0.00133106
-0.00588289
-0.00215041
-0.00439884
-0.00274938
-0.0029752
-0.00288681
-0.0014468
-0.00281357
-5.66956e-05
-0.00271323
0.000971269
-0.00209307
0.00208523
-0.00197083
0.00278751
-0.00155173
0.00355449
-0.00136054
0.00418643
-0.0012488
0.00481915
-0.0011287
0.00538345
-0.0012792
0.00606171
-0.00129062
0.00685758
-0.0014978
0.00757884
-0.00157642
0.00847032
-0.00176797
0.00937106
-0.00179148
0.0102946
-0.00194103
0.0112122
-0.00190072
0.0121148
-0.00194064
0.0129356
-0.00182946
0.0137416
-0.00176201
0.014423
-0.00153545
0.0150377
-0.00137783
0.0155422
-0.00112236
0.0159577
-0.000975791
0.0163233
-0.000765704
0.0165937
-0.00060894
0.0168106
-0.000408957
0.0169796
-0.000256276
0.0170974
-7.8245e-05
0.0171691
5.88078e-05
0.0172026
0.000210921
0.0172003
0.00027623
0.0171837
0.000360836
0.0171188
0.00038149
0.0170293
0.000388005
0.0169294
0.000359247
0.0168059
0.000337823
0.0166721
0.000282096
0.01655
0.000242649
0.0164369
0.000161453
0.0163448
9.36334e-05
0.0163205
-1.73636e-05
0.0163061
-6.21425e-05
-0.000182121
0.0127468
0.0257477
0.00350574
0.0170058
-0.00183026
0.0107829
-0.00239843
0.008331
-0.00196738
0.00531506
-0.000811928
0.00290513
0.000208244
-0.000396095
0.00167612
-0.00292337
0.00327863
-0.00463343
0.00532243
-0.00528504
0.00627629
-0.00539653
0.00738365
-0.00482545
0.00776512
-0.00410541
0.00785874
-0.00332121
0.00779514
-0.00254482
0.0075298
-0.0020545
0.00733351
-0.00183755
0.00730325
-0.00184943
0.00743155
-0.00180169
0.00765311
-0.0014565
0.00803104
-0.000879823
0.00867884
-7.69559e-05
0.00956295
0.000905761
0.0100522
0.00242709
0.00973291
0.00404416
0.00869808
0.00522046
0.00728438
0.00577598
0.0058323
0.00573337
0.00459135
0.00511257
0.00359813
0.00408336
0.00301757
0.00266165
0.00282186
0.000931418
0.00310471
-0.000637456
0.00391641
-0.00214276
0.00506301
-0.00329701
0.00639196
-0.00407832
0.00797496
-0.00446981
0.0095636
-0.00440222
0.0109139
-0.00406356
0.0124181
-0.00359724
0.0133844
-0.00293717
0.014354
-0.00252131
0.0150068
-0.00201334
0.0155854
-0.00182736
0.0161178
-0.00166108
0.0165683
-0.00172972
0.0170856
-0.00180795
0.0175967
-0.0020089
0.0181899
-0.00216963
0.0187624
-0.00234045
0.0194136
-0.00244267
0.0200421
-0.00256956
0.0206974
-0.00255601
0.0212956
-0.00253879
0.0218693
-0.0024032
0.0223597
-0.00225241
0.02276
-0.00193571
0.0230536
-0.00167144
0.0232875
-0.00135622
0.0234447
-0.00113298
0.023548
-0.000869055
0.0236123
-0.000673236
0.0236333
-0.000429975
0.0236343
-0.000257304
0.0236045
-4.83804e-05
0.0235418
0.000121508
0.0234782
0.000274474
0.0233788
0.000375638
0.0232888
0.000450825
0.0231794
0.000490875
0.0230806
0.000486842
0.0229846
0.000455263
0.0229206
0.000401863
0.0228703
0.000332348
0.0228531
0.000259892
0.0228676
0.000146899
0.0228805
8.0776e-05
0.0229251
-6.19674e-05
0.02297
-0.000107038
-0.000236612
0.0241902
0.0262597
0.0208254
0.0203706
0.0170133
0.0145951
0.0151377
0.0102066
0.0144088
0.00604395
0.0146353
0.00267865
0.0149083
-0.000669077
0.0153852
-0.00340028
0.0159077
-0.00515592
0.01651
-0.0058874
0.0167433
-0.00562983
0.0168005
-0.00488261
0.0166714
-0.0039763
0.0164248
-0.00307463
0.0163725
-0.0024925
0.0165455
-0.00222751
0.0169898
-0.00228182
0.0175256
-0.00238524
0.0179063
-0.00218243
0.0179528
-0.00150304
0.0176652
-0.000592142
0.0171952
0.000393029
0.0164293
0.0016716
0.0159232
0.00293326
0.0157878
0.00417958
0.0157707
0.00523748
0.0156555
0.00589121
0.0153992
0.00598971
0.01505
0.00546173
0.0147269
0.00440651
0.0144605
0.00292796
0.0143383
0.00105369
0.0145123
-0.000811512
0.0149176
-0.00254807
0.0155353
-0.00391471
0.0163606
-0.00490359
0.0172356
-0.00534482
0.0182797
-0.00544628
0.0193017
-0.00508553
0.0203275
-0.00462312
0.0213541
-0.00396371
0.0222109
-0.00337816
0.0230445
-0.00284694
0.0236935
-0.00247629
0.024278
-0.00224568
0.0247397
-0.00219137
0.0251472
-0.00221541
0.0254763
-0.00233799
0.0257771
-0.00247049
0.026044
-0.00260735
0.0263183
-0.00271695
0.0265938
-0.00284504
0.0269016
-0.00286388
0.0272325
-0.00286967
0.0275447
-0.00271543
0.0277882
-0.00249591
0.0279753
-0.00212277
0.0281057
-0.00180187
0.0281847
-0.00143521
0.0282093
-0.00115755
0.0281794
-0.000839151
0.0281334
-0.000627253
0.0280885
-0.000385121
0.0280189
-0.00018762
0.0279266
4.39047e-05
0.0278358
0.000212327
0.0277483
0.000361946
0.0276548
0.000469081
0.0275606
0.000545116
0.0274795
0.000571923
0.0274057
0.000560684
0.0273446
0.000516286
0.0272876
0.000458906
0.0272524
0.000367584
0.0272221
0.000290139
0.0272053
0.000163757
0.0271978
8.82022e-05
0.0271962
-6.03e-05
0.0271999
-0.000110789
-0.000240173
0.0297179
0.0218293
0.0309516
0.0191369
0.0305097
0.015037
0.0297983
0.010918
0.0290753
0.00676695
0.0287087
0.00304519
0.028069
-2.92883e-05
0.0274942
-0.0028255
0.0266806
-0.00434237
0.0257746
-0.00498141
0.0249705
-0.00482567
0.0243524
-0.00426451
0.0239586
-0.00358249
0.0237037
-0.00281973
0.0234743
-0.0022631
0.0233423
-0.00209548
0.0231531
-0.00209266
0.0228571
-0.00208923
0.0225376
-0.0018629
0.0224992
-0.00146464
0.0226034
-0.000696395
0.0227242
0.000272215
0.0228503
0.0015455
0.0229592
0.00282441
0.0231209
0.00401782
0.0233942
0.00496418
0.02377
0.00551547
0.0241949
0.00556474
0.0245764
0.00508025
0.024915
0.00406796
0.0251964
0.00264651
0.0253159
0.000934254
0.0255219
-0.00101751
0.0257147
-0.00274087
0.0259511
-0.00415111
0.0261702
-0.00512269
0.026413
-0.0055877
0.0266262
-0.00565944
0.0268695
-0.00532887
0.0270824
-0.00483602
0.0273107
-0.004192
0.0275072
-0.00357465
0.0276903
-0.00303007
0.0278325
-0.00261844
0.0279428
-0.00235596
0.0280063
-0.00225494
0.0280287
-0.00223784
0.0280393
-0.0023485
0.0280135
-0.00244477
0.0280309
-0.00262471
0.0280815
-0.00276759
0.028175
-0.00293845
0.0283634
-0.00305234
0.0286503
-0.00315656
0.028936
-0.00300114
0.0291269
-0.00268683
0.0292623
-0.0022581
0.0293633
-0.00190286
0.0294217
-0.00149368
0.029411
-0.00114686
0.0293694
-0.000797469
0.0293065
-0.00056436
0.0292544
-0.000333077
0.0291949
-0.000128094
0.0291291
0.000109736
0.0290731
0.000268295
0.0290202
0.000414813
0.0289764
0.000512896
0.0289392
0.000582294
0.0289169
0.00059423
0.0288964
0.000581238
0.0288848
0.000527906
0.0288766
0.000467031
0.0288792
0.000364999
0.028889
0.000280368
0.0289067
0.000146052
0.028923
7.18504e-05
0.0289319
-6.91904e-05
0.0289405
-0.000119359
-0.000224144
0.0289745
0.0158984
0.0329054
0.015206
0.0351429
0.0127995
0.036246
0.0098149
0.0365401
0.00647282
0.0362789
0.00330644
0.0356124
0.000637149
0.0342594
-0.0014725
0.0327006
-0.00278352
0.0310421
-0.00332299
0.0296475
-0.00343098
0.0286275
-0.00324454
0.027929
-0.00288404
0.0275501
-0.0024408
0.0273848
-0.00209778
0.0273133
-0.00202403
0.0272609
-0.00204021
0.0272667
-0.00209506
0.0273522
-0.00194844
0.0274529
-0.00156533
0.0275575
-0.000800993
0.0276549
0.000174884
0.0278753
0.00132506
0.0282939
0.00240584
0.0289041
0.00340759
0.0296743
0.00419395
0.0305196
0.00467021
0.0313969
0.00468741
0.0322118
0.00426538
0.0329096
0.00337016
0.033423
0.00213306
0.0337096
0.00064772
0.0338087
-0.00111666
0.0337132
-0.00264535
0.0334485
-0.0038864
0.0330397
-0.00471387
0.0325793
-0.00512735
0.0320884
-0.00516851
0.0316685
-0.00490895
0.0312966
-0.00446418
0.0309876
-0.00388295
0.0307329
-0.00331992
0.03051
-0.00280722
0.0302947
-0.00240307
0.0300994
-0.00216066
0.0298609
-0.00201653
0.029651
-0.00202789
0.0294391
-0.00213658
0.0292429
-0.00224862
0.02913
-0.0025118
0.0290558
-0.00269339
0.0290297
-0.00291238
0.0291307
-0.00315325
0.0293462
-0.00337213
0.0295368
-0.00319167
0.02963
-0.0027801
0.0296429
-0.00227097
0.0295924
-0.00185236
0.0294744
-0.00137574
0.0292848
-0.00095719
0.0290904
-0.000603115
0.028909
-0.00038298
0.0287206
-0.000144648
0.028556
3.65459e-05
0.0284376
0.000228083
0.0283335
0.000372451
0.0282454
0.000502907
0.0281864
0.000571916
0.0281597
0.000608902
0.0281559
0.000598041
0.0281654
0.000571762
0.028194
0.00049932
0.0282333
0.000427707
0.0282863
0.00031206
0.0283455
0.000221161
0.0283847
0.000106841
0.0284323
2.42661e-05
0.0284501
-8.69993e-05
0.0284597
-0.000129027
-0.000214687
0.0264982
0.0104449
0.0311276
0.0105766
0.0345296
0.00939753
0.0367725
0.00757194
0.0379032
0.00534218
0.0381123
0.00309726
0.0375831
0.00116645
0.0364733
-0.000362717
0.0350961
-0.00140638
0.0337298
-0.00195663
0.0325604
-0.00226161
0.0316605
-0.00234462
0.0310449
-0.00226849
0.0307027
-0.00209858
0.0306152
-0.00201025
0.0305705
-0.00197938
0.0305667
-0.00203637
0.0305178
-0.00204614
0.0304438
-0.00187445
0.0303576
-0.00147909
0.0304105
-0.00085396
0.0305948
-9.42373e-06
0.0309539
0.000965949
0.0315137
0.00184607
0.0322912
0.00263006
0.033265
0.00322014
0.0343564
0.00357881
0.0354517
0.00359215
0.0364701
0.00324698
0.037307
0.0025333
0.0378949
0.00154515
0.0381862
0.00035639
0.0380906
-0.00102101
0.0376786
-0.00223335
0.03698
-0.00318778
0.0361144
-0.0038483
0.0351952
-0.00420816
0.0342818
-0.00425513
0.0334485
-0.0040756
0.0327018
-0.00371751
0.0320686
-0.00324982
0.0315434
-0.00279463
0.0310842
-0.0023481
0.0306909
-0.00200977
0.0303308
-0.00180052
0.0299733
-0.00165902
0.0296778
-0.00173241
0.0293631
-0.00182187
0.0291411
-0.00202657
0.0290066
-0.00237731
0.0289179
-0.00260469
0.0289584
-0.00295294
0.0291317
-0.00332652
0.0292432
-0.00348362
0.0293414
-0.00328989
0.0293837
-0.0028224
0.0293411
-0.00222836
0.0291572
-0.00166846
0.0288294
-0.00104795
0.0284664
-0.000594214
0.028163
-0.000299707
0.0278886
-0.00010852
0.027598
0.000145869
0.0273453
0.000289262
0.0271665
0.000406881
0.027022
0.000517011
0.0268783
0.000646535
0.0267617
0.000688507
0.0266863
0.000684327
0.0266246
0.000659764
0.026601
0.000595372
0.0265883
0.000512009
0.0265951
0.000420916
0.0266193
0.000287842
0.026641
0.000199419
0.0266551
9.28082e-05
0.0266609
1.84598e-05
0.0266489
-7.5052e-05
0.0266123
-9.23861e-05
-0.000156286
0.0252149
0.00625541
0.029325
0.00646656
0.0327484
0.00597403
0.035362
0.00495843
0.0369958
0.00370831
0.0377791
0.002314
0.037883
0.00106258
0.0374321
8.81139e-05
0.0367592
-0.000733433
0.0360103
-0.00120775
0.0352472
-0.0014985
0.0345712
-0.00166862
0.0340124
-0.0017097
0.0335936
-0.00167974
0.033264
-0.0016807
0.0329739
-0.00168928
0.0326563
-0.0017188
0.0322709
-0.00166068
0.0318815
-0.00148506
0.0315084
-0.00110598
0.031269
-0.000614635
0.0312299
2.97077e-05
0.0314777
0.000718131
0.0319607
0.00136307
0.0327204
0.00187034
0.033686
0.00225453
0.0348209
0.00244397
0.035965
0.00244805
0.0370448
0.00216721
0.0379116
0.00166648
0.0385117
0.000945016
0.0387463
0.00012177
0.0385455
-0.000820177
0.0379874
-0.00167524
0.0371549
-0.00235535
0.0361771
-0.00287043
0.0351239
-0.003155
0.0341111
-0.00324232
0.0331747
-0.00313923
0.0323323
-0.00287509
0.0316271
-0.0025446
0.0309924
-0.00215996
0.0304582
-0.00181388
0.0299939
-0.00154547
0.0295261
-0.00133269
0.0291505
-0.00128341
0.0287485
-0.00133048
0.0283343
-0.00140761
0.0280203
-0.00171263
0.0276452
-0.00200214
0.0273714
-0.00233093
0.0274393
-0.0030208
0.0274578
-0.00334507
0.0272015
-0.00322732
0.0268852
-0.00297355
0.0265439
-0.00248112
0.0261687
-0.00185313
0.0255822
-0.00108196
0.025001
-0.000466748
0.0244331
-2.63726e-05
0.0239719
0.000161476
0.0235629
0.000300527
0.0232203
0.000488487
0.0229737
0.000535845
0.0227718
0.000608792
0.0226564
0.000632425
0.0225039
0.000798957
0.0225138
0.000678678
0.0223906
0.000807523
0.0223824
0.000667916
0.0223853
0.000592497
0.0223207
0.000576599
0.0223535
0.000388142
0.0223493
0.000291977
0.0223506
0.000198116
0.0223789
6.45091e-05
0.0224085
-1.10474e-05
0.0223787
-4.5345e-05
0.0223867
-0.000100301
-0.000172438
0.0247172
0.00285939
0.028243
0.00294078
0.0314066
0.00281044
0.0339876
0.00237743
0.0358382
0.00185766
0.0369713
0.00118096
0.0374935
0.000540398
0.0376376
-5.60692e-05
0.0373133
-0.000409049
0.0368457
-0.000740234
0.0362341
-0.000886887
0.0355594
-0.000993868
0.0348615
-0.00101181
0.034211
-0.00102927
0.0335538
-0.00102348
0.0329165
-0.00105203
0.0322561
-0.00105839
0.0316403
-0.00104486
0.0310763
-0.00092101
0.0306265
-0.000656245
0.0303385
-0.000326553
0.0303101
5.80719e-05
0.0305921
0.000436081
0.0311547
0.000800548
0.0319675
0.00105754
0.032981
0.00124099
0.0341243
0.00130071
0.0352867
0.00128563
0.0363616
0.00109234
0.0372139
0.000814173
0.0377578
0.000401052
0.0379071
-2.7491e-05
0.0376347
-0.000547794
0.0369773
-0.0010178
0.0360285
-0.00140661
0.0348687
-0.00171058
0.0335848
-0.00187111
0.0323025
-0.00196005
0.0310635
-0.00190019
0.0299241
-0.00173567
0.0289458
-0.00156631
0.028033
-0.0012472
0.0273004
-0.00108125
0.0266131
-0.000858167
0.0259707
-0.00069027
0.0254352
-0.000747917
0.0247749
-0.000670202
0.0241277
-0.000760437
0.0234963
-0.0010812
0.0225742
-0.00108002
0.0217703
-0.00152707
0.021284
-0.00253448
0.0208702
-0.00293123
0.020258
-0.00261518
0.0193217
-0.00203717
0.018169
-0.0013285
0.016955
-0.000639091
0.0158032
6.98083e-05
0.0147798
0.000556737
0.0139195
0.000833875
0.0131892
0.000891794
0.0127233
0.000766379
0.0125398
0.000672049
0.0124593
0.000616326
0.0126407
0.000427374
0.0126763
0.000596795
0.0129486
0.000526647
0.0133543
0.000273052
0.0134503
0.000711474
0.0140003
0.000117907
0.0142128
0.000380011
0.0145535
0.000235893
0.0150052
-6.35563e-05
0.0151378
0.000159381
0.0154468
-0.000110897
0.0156933
-0.000181999
0.0157316
-4.9315e-05
0.0157031
-1.68487e-05
0.015841
-0.00023817
-0.000161854
0.0236943
0.0266351
0.0294456
0.031823
0.0336806
0.0348616
0.035402
0.0353459
0.0349369
0.0341967
0.0333098
0.0323159
0.0313041
0.0302748
0.0292513
0.0281993
0.0271409
0.0260961
0.0251751
0.0245188
0.0241923
0.0242503
0.0246864
0.025487
0.0265445
0.0277855
0.0290862
0.0303718
0.0314642
0.0322783
0.0326794
0.0326519
0.0321041
0.0310863
0.0296797
0.0279691
0.026098
0.0241379
0.0222377
0.0205021
0.0189358
0.0176886
0.0166073
0.0157492
0.0150589
0.014311
0.0136408
0.0128803
0.0117991
0.0107191
0.00919203
0.00665754
0.00372631
0.00111114
-0.000926039
-0.00225453
-0.00289363
-0.00282382
-0.00226708
-0.00143321
-0.000541411
0.000224967
0.000897016
0.00151334
0.00194072
0.00253751
0.00306416
0.00333721
0.00404868
0.00416659
0.0045466
0.00478249
0.00471894
0.00487832
0.00476742
0.00458542
0.00453611
0.00451926
0.00428109
)
;

boundaryField
{
    inlet
    {
        type            calculated;
        value           nonuniform List<scalar> 
20
(
-0.01
-0.01
-0.01
-0.01
-0.01
-0.01
-0.01
-0.01
-0.01
-0.01
-0.01
-0.01
-0.01
-0.01
-0.01
-0.01
-0.01
-0.01
-0.01
-0.01
)
;
    }
    outlet
    {
        type            calculated;
        value           nonuniform List<scalar> 10(0.00714239 0.0163486 0.0230245 0.0272035 0.0289245 0.0284503 0.0265539 0.0224028 0.0158304 0.00411923);
    }
    walls
    {
        type            calculated;
        value           uniform 0;
    }
    frontAndBack
    {
        type            empty;
        value           nonuniform List<scalar> 0();
    }
}


// ************************************************************************* //
