/*--------------------------------*- C++ -*----------------------------------*\
| =========                 |                                                 |
| \\      /  F ield         | OpenFOAM: The Open Source CFD Toolbox           |
|  \\    /   O peration     | Version:  2306                                  |
|   \\  /    A nd           | Website:  www.openfoam.com                      |
|    \\/     M anipulation  |                                                 |
\*---------------------------------------------------------------------------*/
FoamFile
{
    version     2.0;
    format      ascii;
    arch        "LSB;label=32;scalar=64";
    class       volVectorField;
    location    "0.25";
    object      U;
}
// * * * * * * * * * * * * * * * * * * * * * * * * * * * * * * * * * * * * * //

dimensions      [0 1 -1 0 0 0 0];

internalField   nonuniform List<vector> 
4400
(
(9.9018 0.04551 0)
(9.80628 0.0987146 0)
(9.70009 0.12097 0)
(9.57017 0.125778 0)
(9.41816 0.124498 0)
(9.25219 0.123444 0)
(9.08056 0.124147 0)
(8.90827 0.125682 0)
(8.73718 0.126977 0)
(8.56791 0.12742 0)
(8.39999 0.126856 0)
(8.2335 0.125566 0)
(8.06781 0.12374 0)
(7.9034 0.12177 0)
(7.73982 0.119625 0)
(7.57777 0.117576 0)
(7.41685 0.115381 0)
(7.25771 0.113304 0)
(7.1 0.111017 0)
(6.94427 0.108818 0)
(6.79018 0.106411 0)
(6.63821 0.104068 0)
(6.48801 0.101593 0)
(6.34009 0.099132 0)
(6.194 0.0966444 0)
(6.05038 0.0940997 0)
(5.90855 0.0916424 0)
(5.76937 0.0890785 0)
(5.6319 0.0866813 0)
(5.49722 0.0841497 0)
(5.3642 0.0818432 0)
(5.23393 0.0794382 0)
(5.10533 0.0772555 0)
(4.9791 0.075002 0)
(4.8548 0.072969 0)
(4.73204 0.0709475 0)
(4.61164 0.0691823 0)
(4.4916 0.0674598 0)
(4.37435 0.0661013 0)
(4.25606 0.0647992 0)
(4.14082 0.0640592 0)
(4.02303 0.0633116 0)
(3.90829 0.0633706 0)
(3.78942 0.0632978 0)
(3.67332 0.0642956 0)
(3.55131 0.0650478 0)
(3.43149 0.0670686 0)
(3.3037 0.0688285 0)
(3.17731 0.071939 0)
(3.04052 0.0748953 0)
(2.90414 0.0791693 0)
(2.75456 0.0834408 0)
(2.60423 0.0889473 0)
(2.43764 0.0945108 0)
(2.26896 0.101205 0)
(2.08092 0.107749 0)
(1.88947 0.115263 0)
(1.67589 0.121972 0)
(1.45808 0.129258 0)
(1.21625 0.134494 0)
(0.970673 0.139227 0)
(0.700702 0.139607 0)
(0.428723 0.134226 0)
(0.148787 0.103335 0)
(-0.0980809 0.049509 0)
(-0.34648 -0.0338282 0)
(-0.520631 -0.123437 0)
(-0.642781 -0.232933 0)
(-0.64822 -0.352149 0)
(-0.595967 -0.490879 0)
(-0.392816 -0.612468 0)
(-0.146386 -0.70353 0)
(0.143868 -0.57733 0)
(0.308522 -0.258514 0)
(0.444083 0.445558 0)
(-0.300202 0.881894 0)
(-0.420269 0.295168 0)
(-0.0369967 -0.0353429 0)
(0.268262 -0.0609378 0)
(0.0250424 -0.175135 0)
(10.0004 0.0611907 0)
(10.0317 0.137472 0)
(10.0697 0.173634 0)
(10.1049 0.184912 0)
(10.1326 0.186199 0)
(10.15 0.186183 0)
(10.1589 0.188341 0)
(10.161 0.191884 0)
(10.159 0.195997 0)
(10.154 0.199025 0)
(10.1465 0.201203 0)
(10.137 0.20192 0)
(10.1251 0.202232 0)
(10.1107 0.201743 0)
(10.0941 0.201373 0)
(10.0745 0.20067 0)
(10.0533 0.200099 0)
(10.0287 0.199356 0)
(10.0034 0.198598 0)
(9.97415 0.197632 0)
(9.94513 0.19669 0)
(9.91172 0.195371 0)
(9.87913 0.19432 0)
(9.84193 0.19267 0)
(9.80585 0.191537 0)
(9.76516 0.189658 0)
(9.72571 0.188432 0)
(9.68164 0.186463 0)
(9.63904 0.185117 0)
(9.59148 0.183212 0)
(9.54612 0.181696 0)
(9.49474 0.180076 0)
(9.447 0.178347 0)
(9.3913 0.177193 0)
(9.34138 0.175286 0)
(9.28103 0.174727 0)
(9.2287 0.172859 0)
(9.16348 0.172982 0)
(9.10804 0.171408 0)
(9.0378 0.17236 0)
(8.97815 0.17136 0)
(8.90257 0.173381 0)
(8.8373 0.173301 0)
(8.75576 0.176666 0)
(8.68336 0.177942 0)
(8.59455 0.182985 0)
(8.51349 0.186038 0)
(8.41528 0.193189 0)
(8.32387 0.198398 0)
(8.21335 0.208137 0)
(8.10944 0.215948 0)
(7.9831 0.228715 0)
(7.86377 0.239529 0)
(7.71761 0.255757 0)
(7.57895 0.269758 0)
(7.40855 0.289763 0)
(7.2456 0.306777 0)
(7.04618 0.330384 0)
(6.8532 0.349592 0)
(6.61964 0.375645 0)
(6.39078 0.394787 0)
(6.11784 0.420066 0)
(5.8476 0.43378 0)
(5.53122 0.450514 0)
(5.22233 0.446866 0)
(4.87369 0.445235 0)
(4.5111 0.410382 0)
(4.10356 0.380537 0)
(3.64825 0.317393 0)
(3.12639 0.28083 0)
(2.46577 0.210219 0)
(1.65593 0.221083 0)
(0.624698 0.150681 0)
(-0.0809915 0.00104943 0)
(-0.483651 0.072318 0)
(-0.428074 -0.0475608 0)
(-0.102593 -0.650511 0)
(-0.413253 -0.783639 0)
(-0.265799 0.00241868 0)
(-0.338472 0.617382 0)
(9.99997 0.0267203 0)
(10.017 0.0698546 0)
(10.0425 0.099867 0)
(10.0751 0.117517 0)
(10.1077 0.126854 0)
(10.14 0.131816 0)
(10.1663 0.135969 0)
(10.1919 0.140258 0)
(10.2118 0.14543 0)
(10.2341 0.150291 0)
(10.2521 0.15499 0)
(10.2744 0.158617 0)
(10.292 0.161757 0)
(10.3144 0.164092 0)
(10.3309 0.166049 0)
(10.3525 0.167956 0)
(10.3675 0.169218 0)
(10.3877 0.171182 0)
(10.4008 0.171936 0)
(10.4196 0.173879 0)
(10.4309 0.174272 0)
(10.4482 0.175928 0)
(10.4576 0.176196 0)
(10.4734 0.177363 0)
(10.4806 0.177759 0)
(10.4948 0.178305 0)
(10.4997 0.179066 0)
(10.512 0.178941 0)
(10.5144 0.180184 0)
(10.5243 0.17953 0)
(10.5246 0.181144 0)
(10.5315 0.180406 0)
(10.5299 0.182102 0)
(10.5329 0.181816 0)
(10.5297 0.183446 0)
(10.5283 0.183933 0)
(10.5233 0.185792 0)
(10.5172 0.187049 0)
(10.5096 0.18972 0)
(10.4992 0.191628 0)
(10.4877 0.195862 0)
(10.4735 0.198342 0)
(10.4563 0.205018 0)
(10.4391 0.20808 0)
(10.4144 0.218004 0)
(10.3943 0.222162 0)
(10.3606 0.235607 0)
(10.3368 0.242091 0)
(10.2933 0.258855 0)
(10.2643 0.269198 0)
(10.2098 0.289216 0)
(10.1734 0.304685 0)
(10.1072 0.328313 0)
(10.0607 0.349664 0)
(9.98109 0.377592 0)
(9.92168 0.404924 0)
(9.82612 0.43796 0)
(9.75064 0.470417 0)
(9.63579 0.508689 0)
(9.5399 0.544266 0)
(9.40188 0.585729 0)
(9.27902 0.620275 0)
(9.11283 0.659292 0)
(8.95312 0.684748 0)
(8.75068 0.711551 0)
(8.54063 0.718147 0)
(8.28311 0.726305 0)
(7.99126 0.71557 0)
(7.65938 0.722312 0)
(7.25637 0.728743 0)
(6.82742 0.783173 0)
(6.28476 0.854413 0)
(5.75249 0.97224 0)
(5.06524 0.972928 0)
(4.50639 0.888777 0)
(3.47612 0.730793 0)
(2.79509 0.458783 0)
(1.36746 0.272106 0)
(-0.0750851 -0.109646 0)
(-0.330874 -0.153195 0)
(9.99869 0.0188285 0)
(10.0116 0.0527359 0)
(10.0259 0.080624 0)
(10.0529 0.101243 0)
(10.0759 0.114773 0)
(10.1074 0.123041 0)
(10.1293 0.128506 0)
(10.1587 0.132387 0)
(10.1768 0.136497 0)
(10.2041 0.140084 0)
(10.2207 0.144228 0)
(10.2483 0.14727 0)
(10.2654 0.150586 0)
(10.2939 0.152511 0)
(10.3117 0.154731 0)
(10.3406 0.155969 0)
(10.3585 0.157413 0)
(10.3872 0.158554 0)
(10.4048 0.15957 0)
(10.4333 0.160655 0)
(10.4504 0.161649 0)
(10.4787 0.162275 0)
(10.4951 0.163717 0)
(10.5234 0.163477 0)
(10.5388 0.165725 0)
(10.567 0.164464 0)
(10.5811 0.167693 0)
(10.609 0.165466 0)
(10.6216 0.169679 0)
(10.649 0.166765 0)
(10.6601 0.171748 0)
(10.6865 0.168772 0)
(10.696 0.174 0)
(10.721 0.171845 0)
(10.729 0.176769 0)
(10.7521 0.176273 0)
(10.7586 0.180646 0)
(10.7792 0.182411 0)
(10.7845 0.186224 0)
(10.8018 0.19083 0)
(10.8058 0.194231 0)
(10.8195 0.202193 0)
(10.8221 0.205741 0)
(10.8319 0.217009 0)
(10.8326 0.222063 0)
(10.8383 0.23604 0)
(10.8366 0.244473 0)
(10.8381 0.260489 0)
(10.8333 0.274219 0)
(10.8307 0.291794 0)
(10.8217 0.312721 0)
(10.815 0.331657 0)
(10.8012 0.361118 0)
(10.7893 0.382293 0)
(10.7713 0.420132 0)
(10.7515 0.445548 0)
(10.731 0.490482 0)
(10.6992 0.521711 0)
(10.6773 0.572137 0)
(10.6291 0.609042 0)
(10.6046 0.662381 0)
(10.5348 0.702703 0)
(10.5026 0.754612 0)
(10.4034 0.793484 0)
(10.352 0.839187 0)
(10.2117 0.872552 0)
(10.1211 0.914226 0)
(9.92632 0.9514 0)
(9.77633 1.00329 0)
(9.51653 1.06661 0)
(9.28988 1.14803 0)
(8.95641 1.25351 0)
(8.64254 1.34687 0)
(8.21511 1.43947 0)
(7.78062 1.46031 0)
(7.22526 1.50129 0)
(6.59682 1.48341 0)
(5.88666 1.52635 0)
(4.97265 1.56499 0)
(3.82518 1.38523 0)
(9.99861 0.0134696 0)
(10.0083 0.0383452 0)
(10.018 0.0605584 0)
(10.0384 0.0777408 0)
(10.0569 0.0907558 0)
(10.0831 0.0985979 0)
(10.1041 0.104842 0)
(10.1306 0.107707 0)
(10.1503 0.112002 0)
(10.1754 0.113645 0)
(10.1941 0.118152 0)
(10.2192 0.119424 0)
(10.2382 0.123838 0)
(10.2641 0.124361 0)
(10.2841 0.128059 0)
(10.3105 0.12802 0)
(10.331 0.130821 0)
(10.3577 0.130924 0)
(10.3781 0.132795 0)
(10.4049 0.133545 0)
(10.4249 0.134582 0)
(10.4522 0.135967 0)
(10.4714 0.136477 0)
(10.4993 0.138133 0)
(10.5174 0.138583 0)
(10.5462 0.140094 0)
(10.5625 0.141017 0)
(10.5923 0.141968 0)
(10.6068 0.143899 0)
(10.6371 0.144041 0)
(10.6502 0.14731 0)
(10.6799 0.146804 0)
(10.6925 0.151244 0)
(10.7204 0.150725 0)
(10.7331 0.155979 0)
(10.7584 0.156205 0)
(10.772 0.162034 0)
(10.7934 0.163611 0)
(10.8089 0.169993 0)
(10.8248 0.1735 0)
(10.8434 0.180645 0)
(10.8531 0.186458 0)
(10.8745 0.195001 0)
(10.8783 0.203079 0)
(10.902 0.214166 0)
(10.9 0.224386 0)
(10.9258 0.239013 0)
(10.918 0.252083 0)
(10.946 0.270242 0)
(10.932 0.288045 0)
(10.9628 0.309281 0)
(10.9421 0.333354 0)
(10.976 0.358567 0)
(10.9495 0.388519 0)
(10.9845 0.420326 0)
(10.9553 0.454763 0)
(10.9881 0.495016 0)
(10.9588 0.533688 0)
(10.9869 0.581592 0)
(10.9581 0.625287 0)
(10.9779 0.678085 0)
(10.9499 0.72719 0)
(10.9535 0.780729 0)
(10.9244 0.836516 0)
(10.9028 0.885921 0)
(10.8628 0.953481 0)
(10.8091 1.00042 0)
(10.7438 1.08766 0)
(10.6513 1.14533 0)
(10.5468 1.25684 0)
(10.412 1.34269 0)
(10.2514 1.4748 0)
(10.0795 1.58993 0)
(9.83082 1.71676 0)
(9.63151 1.83797 0)
(9.23489 1.92752 0)
(9.00179 2.04011 0)
(8.35641 2.08054 0)
(8.04603 2.1727 0)
(7.03676 2.15948 0)
(9.99979 0.00994499 0)
(10.0053 0.0276859 0)
(10.0149 0.0451028 0)
(10.0289 0.0584492 0)
(10.0464 0.0702865 0)
(10.0665 0.0772499 0)
(10.088 0.0839075 0)
(10.1104 0.0864133 0)
(10.1318 0.0908629 0)
(10.1547 0.0917517 0)
(10.1749 0.0959963 0)
(10.1986 0.0966207 0)
(10.2181 0.100768 0)
(10.2432 0.101198 0)
(10.2627 0.104551 0)
(10.2891 0.105054 0)
(10.3089 0.106989 0)
(10.3358 0.108384 0)
(10.3558 0.10846 0)
(10.3825 0.111518 0)
(10.4029 0.109685 0)
(10.4291 0.114494 0)
(10.4501 0.111201 0)
(10.4754 0.117189 0)
(10.497 0.113234 0)
(10.5215 0.119636 0)
(10.5434 0.115917 0)
(10.567 0.121871 0)
(10.5889 0.119517 0)
(10.6116 0.124024 0)
(10.6338 0.124287 0)
(10.6544 0.126559 0)
(10.6779 0.130037 0)
(10.6953 0.130271 0)
(10.7206 0.136736 0)
(10.7347 0.135776 0)
(10.7611 0.144887 0)
(10.7724 0.143365 0)
(10.7992 0.155021 0)
(10.808 0.153899 0)
(10.8352 0.167299 0)
(10.8413 0.168585 0)
(10.8686 0.18219 0)
(10.8721 0.188079 0)
(10.8997 0.201162 0)
(10.9002 0.212612 0)
(10.9285 0.22604 0)
(10.9257 0.242725 0)
(10.9548 0.258477 0)
(10.9498 0.279659 0)
(10.9784 0.299597 0)
(10.9728 0.325596 0)
(11.0001 0.349897 0)
(10.9951 0.382887 0)
(11.0204 0.410344 0)
(11.0185 0.452309 0)
(11.0379 0.483396 0)
(11.0448 0.533002 0)
(11.0526 0.570385 0)
(11.0713 0.625459 0)
(11.0667 0.669385 0)
(11.0919 0.730177 0)
(11.0775 0.780608 0)
(11.101 0.844763 0)
(11.0767 0.90846 0)
(11.0888 0.97245 0)
(11.0555 1.05781 0)
(11.0401 1.12725 0)
(11.004 1.23767 0)
(10.9402 1.32544 0)
(10.9132 1.46084 0)
(10.7765 1.57815 0)
(10.7765 1.73046 0)
(10.5402 1.88086 0)
(10.5738 2.02223 0)
(10.2156 2.20397 0)
(10.2372 2.28974 0)
(9.75216 2.5146 0)
(9.64408 2.51442 0)
(9.09672 2.8036 0)
(10.0003 0.00718704 0)
(10.004 0.0199411 0)
(10.0127 0.0326531 0)
(10.024 0.0431744 0)
(10.0391 0.0521495 0)
(10.0571 0.0588918 0)
(10.076 0.0639288 0)
(10.0981 0.0673946 0)
(10.1174 0.0701319 0)
(10.1416 0.0720756 0)
(10.1595 0.074257 0)
(10.1857 0.0759778 0)
(10.2021 0.0780994 0)
(10.2302 0.0796613 0)
(10.2461 0.081518 0)
(10.2754 0.0828 0)
(10.2921 0.0841313 0)
(10.321 0.0854566 0)
(10.3395 0.0859476 0)
(10.3664 0.088021 0)
(10.3879 0.0874484 0)
(10.4113 0.090676 0)
(10.4368 0.0891458 0)
(10.4555 0.0933271 0)
(10.4859 0.091351 0)
(10.4995 0.0960014 0)
(10.5341 0.0941667 0)
(10.5437 0.0987916 0)
(10.5807 0.0978295 0)
(10.5881 0.101792 0)
(10.6257 0.102784 0)
(10.632 0.105143 0)
(10.6691 0.109135 0)
(10.6751 0.109528 0)
(10.7107 0.116719 0)
(10.7172 0.115869 0)
(10.7502 0.125674 0)
(10.7578 0.124554 0)
(10.788 0.136789 0)
(10.7962 0.135951 0)
(10.8244 0.150604 0)
(10.8322 0.151079 0)
(10.8592 0.167275 0)
(10.8661 0.171095 0)
(10.892 0.187746 0)
(10.8983 0.19651 0)
(10.9226 0.213488 0)
(10.9292 0.2283 0)
(10.9511 0.245393 0)
(10.9598 0.268025 0)
(10.9771 0.285005 0)
(10.9911 0.315891 0)
(11.0016 0.335386 0)
(11.0228 0.371947 0)
(11.0264 0.398015 0)
(11.0544 0.438605 0)
(11.0533 0.472265 0)
(11.0856 0.517598 0)
(11.0822 0.560376 0)
(11.117 0.606628 0)
(11.1107 0.665674 0)
(11.1474 0.706749 0)
(11.1371 0.786202 0)
(11.171 0.824929 0)
(11.1593 0.922574 0)
(11.1794 0.966848 0)
(11.1731 1.08262 0)
(11.1623 1.14127 0)
(11.1727 1.2754 0)
(11.1117 1.362 0)
(11.1494 1.51059 0)
(11.0261 1.64085 0)
(11.0923 1.79231 0)
(10.9091 1.97853 0)
(10.9823 2.11142 0)
(10.7574 2.35282 0)
(10.7811 2.44754 0)
(10.5367 2.73608 0)
(10.4432 2.7927 0)
(10.1822 3.09037 0)
(10.0002 0.00487724 0)
(10.0038 0.0136102 0)
(10.0108 0.0221587 0)
(10.0218 0.0299995 0)
(10.0342 0.0358304 0)
(10.0519 0.0418577 0)
(10.0679 0.0446711 0)
(10.0904 0.0487305 0)
(10.1074 0.0495638 0)
(10.1327 0.0523259 0)
(10.1491 0.052892 0)
(10.1763 0.0549285 0)
(10.1918 0.0561713 0)
(10.2204 0.05718 0)
(10.2359 0.0594774 0)
(10.2648 0.0590597 0)
(10.2822 0.0623975 0)
(10.3092 0.0607159 0)
(10.3304 0.0646295 0)
(10.3534 0.0625904 0)
(10.3799 0.0664257 0)
(10.3971 0.0649187 0)
(10.43 0.0681973 0)
(10.4402 0.0677185 0)
(10.4803 0.0701644 0)
(10.4832 0.0711644 0)
(10.5295 0.0723088 0)
(10.527 0.0754077 0)
(10.5767 0.0749519 0)
(10.5719 0.0803647 0)
(10.6214 0.0787822 0)
(10.6171 0.0858276 0)
(10.6644 0.0841995 0)
(10.6615 0.0923147 0)
(10.7061 0.0911707 0)
(10.7049 0.10063 0)
(10.7461 0.0998624 0)
(10.7471 0.110943 0)
(10.7845 0.111406 0)
(10.7878 0.123129 0)
(10.8213 0.126792 0)
(10.8268 0.13799 0)
(10.8564 0.145766 0)
(10.8644 0.157565 0)
(10.8901 0.168086 0)
(10.9001 0.183069 0)
(10.9234 0.195271 0)
(10.9336 0.214315 0)
(10.9566 0.229572 0)
(10.9661 0.25203 0)
(10.9891 0.271745 0)
(10.9987 0.29837 0)
(11.0221 0.322378 0)
(11.0311 0.354254 0)
(11.0569 0.384379 0)
(11.0648 0.418914 0)
(11.0915 0.460304 0)
(11.1026 0.49386 0)
(11.1255 0.549382 0)
(11.1423 0.583037 0)
(11.1621 0.651564 0)
(11.1791 0.688611 0)
(11.2015 0.770356 0)
(11.2102 0.813422 0)
(11.2412 0.910233 0)
(11.2297 0.963451 0)
(11.2787 1.07753 0)
(11.232 1.14888 0)
(11.3067 1.27865 0)
(11.2159 1.38363 0)
(11.314 1.52334 0)
(11.1823 1.67596 0)
(11.2921 1.82029 0)
(11.1292 2.02831 0)
(11.2325 2.166 0)
(11.0473 2.42754 0)
(11.122 2.55794 0)
(10.9139 2.83991 0)
(10.932 2.99355 0)
(10.7035 3.22962 0)
(10.0004 0.00278059 0)
(10.0035 0.00799673 0)
(10.01 0.0129329 0)
(10.0203 0.0178173 0)
(10.0315 0.0210369 0)
(10.0486 0.0252811 0)
(10.0633 0.0265607 0)
(10.0853 0.0297783 0)
(10.1017 0.0297994 0)
(10.1265 0.0320239 0)
(10.1436 0.0322332 0)
(10.1694 0.0334895 0)
(10.1867 0.0347354 0)
(10.2127 0.0346398 0)
(10.2315 0.0375121 0)
(10.2562 0.0355698 0)
(10.2782 0.0403141 0)
(10.2999 0.0364403 0)
(10.3268 0.0426778 0)
(10.3437 0.0378326 0)
(10.3765 0.0445091 0)
(10.3875 0.0400862 0)
(10.4266 0.0461313 0)
(10.431 0.0431315 0)
(10.4768 0.0479112 0)
(10.4742 0.0470532 0)
(10.5265 0.0497552 0)
(10.5179 0.0522776 0)
(10.5744 0.0517274 0)
(10.5627 0.0588164 0)
(10.6202 0.0547169 0)
(10.608 0.0657988 0)
(10.664 0.0600112 0)
(10.6533 0.072967 0)
(10.706 0.0679024 0)
(10.6984 0.0814325 0)
(10.7458 0.0776789 0)
(10.7433 0.0923537 0)
(10.7837 0.0897115 0)
(10.7868 0.105725 0)
(10.8209 0.105383 0)
(10.8281 0.121429 0)
(10.8576 0.125611 0)
(10.8682 0.140253 0)
(10.8928 0.150817 0)
(10.9077 0.16359 0)
(10.9275 0.181017 0)
(10.9451 0.193534 0)
(10.9639 0.215831 0)
(10.9803 0.232211 0)
(11.0014 0.256463 0)
(11.0168 0.279279 0)
(11.0375 0.306516 0)
(11.0567 0.334005 0)
(11.0745 0.367138 0)
(11.0967 0.400192 0)
(11.1166 0.436519 0)
(11.1365 0.48069 0)
(11.1622 0.518284 0)
(11.1782 0.572795 0)
(11.2111 0.618757 0)
(11.2191 0.678119 0)
(11.2643 0.739142 0)
(11.2582 0.804261 0)
(11.3165 0.881788 0)
(11.2965 0.958016 0)
(11.3633 1.05412 0)
(11.3287 1.14788 0)
(11.4025 1.26382 0)
(11.3492 1.38818 0)
(11.43 1.51721 0)
(11.3525 1.68956 0)
(11.4385 1.82841 0)
(11.3353 2.04589 0)
(11.4151 2.211 0)
(11.2944 2.44539 0)
(11.3395 2.65696 0)
(11.2239 2.88503 0)
(11.1806 3.12489 0)
(11.102 3.35514 0)
(10.0009 0.000714458 0)
(10.0029 0.00291486 0)
(10.0101 0.00431936 0)
(10.0191 0.00618245 0)
(10.0308 0.00717846 0)
(10.0465 0.00887264 0)
(10.0619 0.00932551 0)
(10.0821 0.0105127 0)
(10.1 0.0107434 0)
(10.1225 0.0112176 0)
(10.1421 0.0122849 0)
(10.1648 0.0114848 0)
(10.1858 0.0141225 0)
(10.2077 0.0115028 0)
(10.2309 0.016344 0)
(10.251 0.0116117 0)
(10.2777 0.0186418 0)
(10.2947 0.0121226 0)
(10.3261 0.0205232 0)
(10.3389 0.0136052 0)
(10.3754 0.0218145 0)
(10.3835 0.0162454 0)
(10.4249 0.022897 0)
(10.4281 0.0197687 0)
(10.4746 0.0243543 0)
(10.4722 0.0239709 0)
(10.5241 0.0263488 0)
(10.5167 0.0292088 0)
(10.5722 0.0288973 0)
(10.5626 0.0357553 0)
(10.6174 0.0323764 0)
(10.6099 0.0432318 0)
(10.6603 0.0378076 0)
(10.6576 0.0512814 0)
(10.7018 0.0459013 0)
(10.7049 0.0602926 0)
(10.7412 0.0565585 0)
(10.7524 0.0711894 0)
(10.7786 0.0699486 0)
(10.7992 0.0843508 0)
(10.8156 0.0868213 0)
(10.8436 0.100364 0)
(10.8534 0.107054 0)
(10.8859 0.121256 0)
(10.891 0.12995 0)
(10.9279 0.148114 0)
(10.9275 0.157742 0)
(10.9701 0.179105 0)
(10.9643 0.193646 0)
(11.0118 0.215026 0)
(11.0035 0.236087 0)
(11.0521 0.261126 0)
(11.0468 0.2834 0)
(11.091 0.317638 0)
(11.0957 0.341877 0)
(11.1295 0.379485 0)
(11.149 0.416275 0)
(11.1708 0.450615 0)
(11.2051 0.502557 0)
(11.2167 0.538124 0)
(11.2636 0.602917 0)
(11.2668 0.64204 0)
(11.3248 0.72325 0)
(11.3204 0.768417 0)
(11.3871 0.864759 0)
(11.3762 0.926103 0)
(11.4493 1.03592 0)
(11.4296 1.12076 0)
(11.509 1.24926 0)
(11.4786 1.36072 0)
(11.5585 1.51831 0)
(11.5182 1.65495 0)
(11.5924 1.85229 0)
(11.5395 2.01651 0)
(11.5931 2.24858 0)
(11.5409 2.45272 0)
(11.5375 2.70353 0)
(11.5033 2.94338 0)
(11.4085 3.20769 0)
(11.3802 3.45856 0)
(10.0014 -0.00123537 0)
(10.002 -0.00203572 0)
(10.011 -0.0041596 0)
(10.0177 -0.00517997 0)
(10.0323 -0.00655503 0)
(10.045 -0.00725906 0)
(10.0636 -0.00791634 0)
(10.0804 -0.00857114 0)
(10.1018 -0.00843376 0)
(10.121 -0.00934637 0)
(10.1439 -0.00797532 0)
(10.1634 -0.0100602 0)
(10.1875 -0.00709032 0)
(10.2065 -0.0108507 0)
(10.2326 -0.00574419 0)
(10.2502 -0.0113181 0)
(10.2792 -0.00422364 0)
(10.2943 -0.0109722 0)
(10.3275 -0.00313357 0)
(10.339 -0.00904738 0)
(10.3765 -0.00290752 0)
(10.3845 -0.00546086 0)
(10.4253 -0.00294777 0)
(10.4307 -0.00111128 0)
(10.4738 -0.00198234 0)
(10.4769 0.00316113 0)
(10.5221 0.000476143 0)
(10.5235 0.00798117 0)
(10.569 0.00381092 0)
(10.5716 0.0143612 0)
(10.613 0.00783489 0)
(10.6215 0.0220048 0)
(10.6549 0.0139611 0)
(10.6715 0.0299632 0)
(10.696 0.0231893 0)
(10.7205 0.0387163 0)
(10.7363 0.0346714 0)
(10.7691 0.0503535 0)
(10.7751 0.0474809 0)
(10.8173 0.0657253 0)
(10.8138 0.0626901 0)
(10.8632 0.0838747 0)
(10.8539 0.0824989 0)
(10.9068 0.104449 0)
(10.8946 0.107308 0)
(10.9498 0.129453 0)
(10.9359 0.135936 0)
(10.9913 0.161271 0)
(10.9809 0.169011 0)
(11.0299 0.199496 0)
(11.0297 0.209682 0)
(11.0701 0.242929 0)
(11.0777 0.260182 0)
(11.1162 0.293105 0)
(11.1268 0.320593 0)
(11.1637 0.35278 0)
(11.1833 0.391278 0)
(11.2129 0.42444 0)
(11.2433 0.473387 0)
(11.2702 0.511578 0)
(11.3062 0.569333 0)
(11.3311 0.616169 0)
(11.3795 0.68531 0)
(11.3926 0.742141 0)
(11.4592 0.824787 0)
(11.4619 0.898579 0)
(11.5391 0.995946 0)
(11.5373 1.0915 0)
(11.6197 1.2102 0)
(11.616 1.33592 0)
(11.6906 1.47486 0)
(11.6998 1.64384 0)
(11.7415 1.81015 0)
(11.771 2.01665 0)
(11.7681 2.23151 0)
(11.8073 2.46323 0)
(11.7526 2.72491 0)
(11.777 2.99703 0)
(11.6717 3.26111 0)
(11.6413 3.59113 0)
(10.0014 -0.00297997 0)
(10.0019 -0.00739065 0)
(10.0116 -0.0126689 0)
(10.0179 -0.0169745 0)
(10.0342 -0.0203073 0)
(10.0458 -0.0238186 0)
(10.0666 -0.0251798 0)
(10.0819 -0.0279163 0)
(10.1057 -0.0276995 0)
(10.123 -0.0298102 0)
(10.1483 -0.0287163 0)
(10.1656 -0.0310841 0)
(10.1919 -0.0292403 0)
(10.209 -0.0323243 0)
(10.237 -0.0290229 0)
(10.2531 -0.0332996 0)
(10.2838 -0.0281569 0)
(10.2976 -0.033478 0)
(10.3321 -0.0272559 0)
(10.3429 -0.0320143 0)
(10.3808 -0.0270582 0)
(10.3895 -0.0286492 0)
(10.4288 -0.0272965 0)
(10.4375 -0.0241648 0)
(10.4761 -0.0266644 0)
(10.4855 -0.0197149 0)
(10.524 -0.0240062 0)
(10.5331 -0.015351 0)
(10.5716 -0.0194831 0)
(10.5813 -0.010052 0)
(10.6168 -0.0139664 0)
(10.6315 -0.00296286 0)
(10.6597 -0.00721408 0)
(10.6821 0.00556909 0)
(10.7022 0.00195386 0)
(10.7309 0.0149312 0)
(10.7456 0.0143186 0)
(10.7784 0.0253946 0)
(10.7882 0.0300571 0)
(10.8259 0.0377062 0)
(10.8302 0.0491209 0)
(10.8716 0.0533207 0)
(10.8745 0.070169 0)
(10.9139 0.0751106 0)
(10.9214 0.0921648 0)
(10.9555 0.103494 0)
(10.9674 0.118145 0)
(10.9998 0.134878 0)
(11.0128 0.1532 0)
(11.0452 0.169019 0)
(11.0614 0.194826 0)
(11.0914 0.212912 0)
(11.1116 0.239012 0)
(11.1439 0.267767 0)
(11.1617 0.292361 0)
(11.2007 0.327929 0)
(11.2203 0.360412 0)
(11.256 0.396992 0)
(11.2896 0.439443 0)
(11.3172 0.481733 0)
(11.3619 0.532607 0)
(11.3892 0.581858 0)
(11.4419 0.646441 0)
(11.4666 0.703494 0)
(11.532 0.782372 0)
(11.5551 0.85716 0)
(11.6262 0.948584 0)
(11.6551 1.04725 0)
(11.7289 1.1635 0)
(11.7599 1.28094 0)
(11.8359 1.44007 0)
(11.8677 1.58032 0)
(11.9373 1.78382 0)
(11.9636 1.9716 0)
(12.0191 2.20008 0)
(12.0312 2.46794 0)
(12.0448 2.71269 0)
(12.0386 3.03557 0)
(11.9942 3.34615 0)
(11.9091 3.6409 0)
(10.0008 -0.00468439 0)
(10.0031 -0.0133599 0)
(10.0114 -0.0217447 0)
(10.0206 -0.0294355 0)
(10.0359 -0.034802 0)
(10.0502 -0.0408616 0)
(10.0706 -0.0430749 0)
(10.0874 -0.0473432 0)
(10.1117 -0.047406 0)
(10.129 -0.0501118 0)
(10.1551 -0.0500339 0)
(10.1717 -0.0517919 0)
(10.1989 -0.0522168 0)
(10.2157 -0.0533046 0)
(10.2438 -0.0532211 0)
(10.2607 -0.0548141 0)
(10.2904 -0.0527385 0)
(10.3061 -0.0558755 0)
(10.3387 -0.0515856 0)
(10.3521 -0.0552556 0)
(10.3875 -0.0512595 0)
(10.3995 -0.0521438 0)
(10.4352 -0.0518923 0)
(10.4486 -0.0474302 0)
(10.4822 -0.0516647 0)
(10.4981 -0.0429318 0)
(10.5298 -0.048717 0)
(10.5466 -0.0391043 0)
(10.5784 -0.0432015 0)
(10.5945 -0.0347536 0)
(10.6258 -0.0362454 0)
(10.6436 -0.0288079 0)
(10.6715 -0.0277672 0)
(10.6933 -0.0215576 0)
(10.717 -0.0168129 0)
(10.7413 -0.013189 0)
(10.7632 -0.00342336 0)
(10.7881 -0.00222107 0)
(10.8091 0.0110994 0)
(10.8351 0.0131344 0)
(10.8542 0.0269231 0)
(10.8818 0.0318634 0)
(10.8995 0.0468797 0)
(10.9285 0.0521716 0)
(10.9442 0.07235 0)
(10.9774 0.076244 0)
(10.9872 0.100618 0)
(11.0284 0.107266 0)
(11.0336 0.132111 0)
(11.0759 0.143991 0)
(11.088 0.170533 0)
(11.1217 0.186293 0)
(11.1457 0.214434 0)
(11.1744 0.239098 0)
(11.2035 0.264002 0)
(11.2334 0.298241 0)
(11.2685 0.330264 0)
(11.2947 0.360189 0)
(11.3422 0.410717 0)
(11.3661 0.439085 0)
(11.4185 0.498427 0)
(11.4507 0.537609 0)
(11.5061 0.60711 0)
(11.5411 0.650816 0)
(11.6094 0.742626 0)
(11.6455 0.79423 0)
(11.7217 0.904053 0)
(11.766 0.980473 0)
(11.8514 1.10448 0)
(11.8958 1.22369 0)
(11.9932 1.35455 0)
(12.0427 1.5434 0)
(12.1279 1.68804 0)
(12.1945 1.93221 0)
(12.2542 2.14938 0)
(12.3035 2.40944 0)
(12.3533 2.73415 0)
(12.3323 3.01347 0)
(12.3556 3.41819 0)
(12.2643 3.75275 0)
(10.0006 -0.0069516 0)
(10.0039 -0.0197699 0)
(10.0124 -0.0322956 0)
(10.0242 -0.0425882 0)
(10.0395 -0.0509668 0)
(10.0572 -0.0583685 0)
(10.0771 -0.0619419 0)
(10.0971 -0.066859 0)
(10.1203 -0.0673165 0)
(10.1397 -0.0706917 0)
(10.1643 -0.0712148 0)
(10.1828 -0.0730395 0)
(10.2081 -0.0750435 0)
(10.2278 -0.0747008 0)
(10.2526 -0.0775931 0)
(10.2742 -0.0761811 0)
(10.2989 -0.0780287 0)
(10.3206 -0.0775573 0)
(10.3475 -0.0769171 0)
(10.367 -0.0778792 0)
(10.3968 -0.0759736 0)
(10.415 -0.0759986 0)
(10.4446 -0.0759351 0)
(10.4656 -0.0721484 0)
(10.4908 -0.075435 0)
(10.5172 -0.0679127 0)
(10.5378 -0.0723534 0)
(10.567 -0.0643692 0)
(10.587 -0.066214 0)
(10.6152 -0.0607173 0)
(10.6364 -0.0583935 0)
(10.6639 -0.0548643 0)
(10.6841 -0.0505256 0)
(10.7137 -0.0452646 0)
(10.7311 -0.0430538 0)
(10.7626 -0.0319573 0)
(10.7783 -0.0344489 0)
(10.8113 -0.0169042 0)
(10.8243 -0.0211472 0)
(10.8617 -0.00313079 0)
(10.8681 -0.000831568 0)
(10.9124 0.0103003 0)
(10.9138 0.023095 0)
(10.9605 0.030041 0)
(10.9619 0.044552 0)
(11.0103 0.0597023 0)
(11.006 0.0666404 0)
(11.0677 0.0930225 0)
(11.0482 0.0978856 0)
(11.1248 0.125367 0)
(11.1013 0.138615 0)
(11.1743 0.163765 0)
(11.164 0.181191 0)
(11.2301 0.214846 0)
(11.2224 0.227661 0)
(11.2999 0.272787 0)
(11.287 0.287578 0)
(11.3674 0.334802 0)
(11.3705 0.361753 0)
(11.4399 0.40898 0)
(11.457 0.446053 0)
(11.5354 0.502395 0)
(11.5486 0.54416 0)
(11.6414 0.618155 0)
(11.6637 0.660483 0)
(11.7614 0.765401 0)
(11.7888 0.803496 0)
(11.9146 0.945092 0)
(11.9284 1.00147 0)
(12.0842 1.15442 0)
(12.1023 1.28075 0)
(12.2632 1.4216 0)
(12.302 1.64082 0)
(12.4409 1.80708 0)
(12.5062 2.08962 0)
(12.6145 2.34557 0)
(12.6417 2.65887 0)
(12.7577 3.05764 0)
(12.6568 3.37384 0)
(12.7524 3.9183 0)
(10.0012 -0.00940452 0)
(10.0037 -0.0281434 0)
(10.0161 -0.0443198 0)
(10.0281 -0.058408 0)
(10.0474 -0.0685766 0)
(10.0663 -0.0777954 0)
(10.0888 -0.0809469 0)
(10.1102 -0.0875161 0)
(10.1341 -0.0864963 0)
(10.1539 -0.0924049 0)
(10.1787 -0.0915071 0)
(10.1971 -0.0953407 0)
(10.223 -0.0971739 0)
(10.243 -0.0967656 0)
(10.2677 -0.101382 0)
(10.2908 -0.0979891 0)
(10.3138 -0.102466 0)
(10.3387 -0.0999159 0)
(10.3626 -0.101012 0)
(10.3858 -0.101462 0)
(10.4127 -0.0994059 0)
(10.434 -0.100808 0)
(10.4612 -0.0988604 0)
(10.4855 -0.0977748 0)
(10.5074 -0.0982096 0)
(10.5385 -0.0935411 0)
(10.5545 -0.0959042 0)
(10.5895 -0.0887062 0)
(10.6043 -0.0915152 0)
(10.6382 -0.0833385 0)
(10.6549 -0.0845263 0)
(10.6874 -0.0779193 0)
(10.7039 -0.0743515 0)
(10.7377 -0.0719043 0)
(10.7524 -0.0624692 0)
(10.7871 -0.0623272 0)
(10.8014 -0.0516595 0)
(10.8364 -0.046616 0)
(10.8488 -0.0418429 0)
(10.8878 -0.0269809 0)
(10.8947 -0.027983 0)
(10.9383 -0.00869979 0)
(10.945 -0.00579651 0)
(10.9831 0.00846722 0)
(11.0008 0.020037 0)
(11.0286 0.0327808 0)
(11.0519 0.0435678 0)
(11.0861 0.0658951 0)
(11.0942 0.071906 0)
(11.1517 0.0966611 0)
(11.1418 0.115113 0)
(11.2119 0.126256 0)
(11.2015 0.162313 0)
(11.2757 0.171517 0)
(11.26 0.204237 0)
(11.3527 0.231467 0)
(11.3256 0.255295 0)
(11.4283 0.292598 0)
(11.4126 0.323276 0)
(11.5082 0.362908 0)
(11.5054 0.400688 0)
(11.612 0.449453 0)
(11.6061 0.495972 0)
(11.7284 0.545059 0)
(11.7342 0.625609 0)
(11.8581 0.651419 0)
(11.8874 0.78871 0)
(12.0127 0.796143 0)
(12.0717 0.975342 0)
(12.1961 1.01025 0)
(12.2838 1.19302 0)
(12.4304 1.32221 0)
(12.4994 1.48095 0)
(12.7197 1.73494 0)
(12.7232 1.91982 0)
(12.9869 2.27676 0)
(12.9675 2.54762 0)
(13.1631 2.99555 0)
(13.1361 3.42468 0)
(13.1803 3.8631 0)
(10.001 -0.0127973 0)
(10.0052 -0.0388205 0)
(10.0217 -0.0598949 0)
(10.0353 -0.0775351 0)
(10.0607 -0.0895252 0)
(10.08 -0.0990301 0)
(10.1081 -0.102206 0)
(10.1276 -0.109017 0)
(10.1556 -0.107581 0)
(10.1721 -0.115066 0)
(10.2007 -0.113301 0)
(10.2157 -0.119171 0)
(10.2454 -0.119942 0)
(10.2627 -0.120806 0)
(10.2905 -0.125034 0)
(10.3122 -0.12161 0)
(10.3367 -0.126779 0)
(10.3616 -0.123325 0)
(10.386 -0.125703 0)
(10.409 -0.125141 0)
(10.4374 -0.124245 0)
(10.4565 -0.124967 0)
(10.4878 -0.123656 0)
(10.507 -0.122465 0)
(10.5357 -0.122598 0)
(10.5596 -0.119027 0)
(10.5839 -0.119373 0)
(10.6105 -0.115409 0)
(10.6348 -0.113497 0)
(10.6588 -0.111754 0)
(10.6869 -0.104336 0)
(10.7071 -0.108617 0)
(10.7379 -0.0917053 0)
(10.7559 -0.104371 0)
(10.7887 -0.0791459 0)
(10.8042 -0.0934281 0)
(10.839 -0.071611 0)
(10.8542 -0.0726071 0)
(10.8854 -0.0672344 0)
(10.9083 -0.0484549 0)
(10.9296 -0.05534 0)
(10.9605 -0.0315865 0)
(10.9815 -0.0291925 0)
(11.0022 -0.0204797 0)
(11.0443 0.00177465 0)
(11.0417 0.000152317 0)
(11.1016 0.0248116 0)
(11.0986 0.0344584 0)
(11.1439 0.0491234 0)
(11.1682 0.0658738 0)
(11.1931 0.0896681 0)
(11.2271 0.0922586 0)
(11.2617 0.13702 0)
(11.2871 0.131665 0)
(11.3261 0.178601 0)
(11.3715 0.184996 0)
(11.3872 0.229607 0)
(11.4596 0.235577 0)
(11.4778 0.300929 0)
(11.5403 0.289168 0)
(11.5869 0.383959 0)
(11.6439 0.357806 0)
(11.6994 0.475062 0)
(11.7745 0.452513 0)
(11.832 0.56853 0)
(11.9292 0.590252 0)
(11.9841 0.665568 0)
(12.132 0.769972 0)
(12.1541 0.80159 0)
(12.3775 0.966281 0)
(12.3887 1.02841 0)
(12.6399 1.19448 0)
(12.7019 1.35466 0)
(12.9324 1.532 0)
(13.0725 1.81737 0)
(13.248 2.0303 0)
(13.4368 2.5117 0)
(13.5515 2.78376 0)
(13.6919 3.4487 0)
(13.7341 3.89924 0)
(10.0002 -0.0186448 0)
(10.0087 -0.0525663 0)
(10.0305 -0.080658 0)
(10.0482 -0.100535 0)
(10.0821 -0.114498 0)
(10.1011 -0.122821 0)
(10.1371 -0.126697 0)
(10.1519 -0.133312 0)
(10.1862 -0.132642 0)
(10.1973 -0.14169 0)
(10.2305 -0.139593 0)
(10.2426 -0.147537 0)
(10.2748 -0.146995 0)
(10.2914 -0.14945 0)
(10.3201 -0.152512 0)
(10.3415 -0.149949 0)
(10.3668 -0.154532 0)
(10.3904 -0.151574 0)
(10.4157 -0.153795 0)
(10.4373 -0.153173 0)
(10.4655 -0.153076 0)
(10.4842 -0.152234 0)
(10.5136 -0.153247 0)
(10.5339 -0.149215 0)
(10.5585 -0.152013 0)
(10.5851 -0.145996 0)
(10.6032 -0.148511 0)
(10.6342 -0.141203 0)
(10.6505 -0.145143 0)
(10.6793 -0.132772 0)
(10.7 -0.141316 0)
(10.7218 -0.124353 0)
(10.7513 -0.131087 0)
(10.7608 -0.12107 0)
(10.8053 -0.112915 0)
(10.7966 -0.11832 0)
(10.8585 -0.0960499 0)
(10.8371 -0.104279 0)
(10.9011 -0.0893378 0)
(10.8905 -0.0767477 0)
(10.9324 -0.0853262 0)
(10.948 -0.0508317 0)
(10.9714 -0.0663168 0)
(10.989 -0.0376438 0)
(11.0327 -0.0340244 0)
(11.0164 -0.0212106 0)
(11.0966 -0.010339 0)
(11.0621 0.0140616 0)
(11.1392 0.00558279 0)
(11.1301 0.0522151 0)
(11.1843 0.0367979 0)
(11.1901 0.079045 0)
(11.2524 0.0807801 0)
(11.2513 0.112801 0)
(11.3159 0.122561 0)
(11.3439 0.156966 0)
(11.374 0.169941 0)
(11.4436 0.209284 0)
(11.4643 0.216386 0)
(11.5402 0.28298 0)
(11.5734 0.263855 0)
(11.6628 0.365354 0)
(11.6962 0.327761 0)
(11.8049 0.461391 0)
(11.8568 0.410163 0)
(11.9617 0.554163 0)
(12.0627 0.55613 0)
(12.1444 0.634912 0)
(12.3184 0.743418 0)
(12.375 0.759549 0)
(12.629 0.959042 0)
(12.6797 0.966367 0)
(12.99 1.21628 0)
(13.0996 1.2948 0)
(13.3969 1.60409 0)
(13.599 1.79863 0)
(13.8627 2.22337 0)
(14.1025 2.67462 0)
(14.2254 3.17911 0)
(14.4894 3.98855 0)
(10.0002 -0.0259645 0)
(10.0155 -0.0700929 0)
(10.0459 -0.0995213 0)
(10.0711 -0.117574 0)
(10.1137 -0.126332 0)
(10.1332 -0.13212 0)
(10.175 -0.13413 0)
(10.1839 -0.14152 0)
(10.2222 -0.142031 0)
(10.2269 -0.152071 0)
(10.2617 -0.150938 0)
(10.2702 -0.159458 0)
(10.2995 -0.158098 0)
(10.3153 -0.16295 0)
(10.3364 -0.162595 0)
(10.3582 -0.165373 0)
(10.3722 -0.164395 0)
(10.3974 -0.168228 0)
(10.4064 -0.164741 0)
(10.4341 -0.16999 0)
(10.4369 -0.165623 0)
(10.4702 -0.168855 0)
(10.4624 -0.166917 0)
(10.5062 -0.166029 0)
(10.4839 -0.166049 0)
(10.5396 -0.163433 0)
(10.5056 -0.162418 0)
(10.5655 -0.159574 0)
(10.5322 -0.158323 0)
(10.5806 -0.152904 0)
(10.5655 -0.152243 0)
(10.5859 -0.148064 0)
(10.6036 -0.137649 0)
(10.5857 -0.149861 0)
(10.64 -0.114503 0)
(10.5907 -0.151351 0)
(10.662 -0.0946143 0)
(10.6151 -0.139117 0)
(10.6611 -0.087384 0)
(10.6595 -0.11186 0)
(10.6504 -0.0837855 0)
(10.7018 -0.0867806 0)
(10.6586 -0.0642825 0)
(10.7219 -0.0761372 0)
(10.6919 -0.0305871 0)
(10.736 -0.0633079 0)
(10.7223 -0.0046851 0)
(10.7753 -0.0338942 0)
(10.7382 0.0162589 0)
(10.8331 -0.00592709 0)
(10.7666 0.05283 0)
(10.8842 0.0140695 0)
(10.8218 0.0908296 0)
(10.9454 0.0490927 0)
(10.8753 0.120303 0)
(11.0416 0.0899895 0)
(10.9346 0.161587 0)
(11.1464 0.129522 0)
(11.0352 0.207665 0)
(11.2541 0.177581 0)
(11.1693 0.27598 0)
(11.3771 0.201474 0)
(11.3506 0.383522 0)
(11.5184 0.233108 0)
(11.5602 0.486248 0)
(11.7238 0.299498 0)
(11.7948 0.584754 0)
(11.987 0.429466 0)
(12.0721 0.651381 0)
(12.3337 0.62991 0)
(12.43 0.760346 0)
(12.7405 0.840608 0)
(12.9049 0.958823 0)
(13.2904 1.13493 0)
(13.466 1.25451 0)
(14.0166 1.5745 0)
(14.1916 1.85613 0)
(14.8017 2.34375 0)
(14.9797 3.00214 0)
(15.4232 3.8984 0)
(10.0002 -0.0619051 0)
(10.0313 -0.135906 0)
(10.0713 -0.174928 0)
(10.103 -0.18331 0)
(10.1359 -0.18753 0)
(10.1462 -0.184432 0)
(10.1644 -0.189334 0)
(10.1561 -0.189933 0)
(10.1668 -0.197183 0)
(10.1489 -0.1961 0)
(10.1551 -0.203343 0)
(10.1336 -0.197351 0)
(10.1333 -0.205171 0)
(10.1113 -0.195898 0)
(10.1014 -0.203922 0)
(10.0797 -0.19466 0)
(10.0606 -0.200911 0)
(10.0389 -0.193484 0)
(10.0121 -0.197776 0)
(9.99052 -0.190522 0)
(9.95576 -0.195806 0)
(9.93664 -0.184798 0)
(9.8919 -0.194395 0)
(9.87811 -0.177722 0)
(9.82278 -0.191238 0)
(9.81365 -0.171168 0)
(9.75256 -0.185278 0)
(9.74108 -0.164727 0)
(9.68545 -0.178097 0)
(9.65912 -0.156299 0)
(9.6246 -0.170999 0)
(9.56785 -0.14539 0)
(9.57194 -0.163324 0)
(9.46932 -0.132705 0)
(9.52568 -0.154825 0)
(9.37198 -0.1174 0)
(9.47668 -0.146498 0)
(9.291 -0.0996952 0)
(9.41372 -0.13591 0)
(9.23671 -0.0837723 0)
(9.33854 -0.119373 0)
(9.20098 -0.0702225 0)
(9.27143 -0.100527 0)
(9.16594 -0.0510513 0)
(9.22908 -0.0900935 0)
(9.12898 -0.0176076 0)
(9.20965 -0.0891272 0)
(9.1006 0.020956 0)
(9.20941 -0.0788342 0)
(9.08375 0.0444126 0)
(9.23689 -0.0520202 0)
(9.07366 0.0664451 0)
(9.29592 -0.0371119 0)
(9.08385 0.113726 0)
(9.37547 -0.0385507 0)
(9.12799 0.161408 0)
(9.4818 -0.0145617 0)
(9.19207 0.183805 0)
(9.6443 0.0255021 0)
(9.26857 0.222106 0)
(9.86045 0.054059 0)
(9.38122 0.26493 0)
(10.1008 0.0998053 0)
(9.58992 0.328187 0)
(10.3271 0.106991 0)
(9.89378 0.440793 0)
(10.6245 0.130753 0)
(10.2468 0.525114 0)
(10.9973 0.214972 0)
(10.7183 0.585603 0)
(11.4197 0.35602 0)
(11.3628 0.655723 0)
(11.9407 0.497173 0)
(12.2394 0.854193 0)
(12.6456 0.679593 0)
(13.3387 1.12274 0)
(13.831 1.1948 0)
(14.6445 1.5564 0)
(15.4438 2.29376 0)
(16.2004 3.01849 0)
(9.89979 -0.0449255 0)
(9.80847 -0.0990705 0)
(9.69807 -0.12059 0)
(9.57287 -0.126192 0)
(9.41612 -0.124142 0)
(9.25526 -0.123805 0)
(9.07841 -0.123654 0)
(8.91244 -0.12602 0)
(8.73548 -0.12636 0)
(8.57338 -0.127639 0)
(8.39831 -0.126273 0)
(8.24053 -0.125419 0)
(8.06683 -0.123219 0)
(7.91319 -0.121108 0)
(7.74007 -0.119128 0)
(7.59091 -0.116453 0)
(7.4193 -0.114651 0)
(7.27527 -0.111806 0)
(7.10624 -0.109858 0)
(6.96758 -0.106958 0)
(6.80171 -0.104673 0)
(6.66925 -0.101641 0)
(6.50649 -0.0990094 0)
(6.38169 -0.0959532 0)
(6.22203 -0.0927636 0)
(6.10599 -0.0900278 0)
(5.95018 -0.0859298 0)
(5.84284 -0.0839145 0)
(5.69294 -0.0785418 0)
(5.59343 -0.077599 0)
(5.4519 -0.0702524 0)
(5.35971 -0.0712323 0)
(5.22794 -0.0611669 0)
(5.14414 -0.0641809 0)
(5.02192 -0.0524706 0)
(4.94826 -0.0547551 0)
(4.83705 -0.0458426 0)
(4.77045 -0.042529 0)
(4.67992 -0.0400879 0)
(4.60684 -0.0311833 0)
(4.55617 -0.0300087 0)
(4.45897 -0.0256192 0)
(4.46115 -0.0140714 0)
(4.34032 -0.0234285 0)
(4.38203 0.00134026 0)
(4.26235 -0.0168863 0)
(4.3206 0.00826482 0)
(4.2122 -0.000834533 0)
(4.30701 0.00716805 0)
(4.15369 0.0152127 0)
(4.37794 0.022268 0)
(4.06936 0.000558851 0)
(4.5178 0.0742885 0)
(4.02767 -0.0369336 0)
(4.6422 0.118455 0)
(4.08858 -0.0331693 0)
(4.76392 0.121234 0)
(4.17083 -0.0131209 0)
(5.00796 0.146618 0)
(4.18573 -0.0351859 0)
(5.39762 0.219544 0)
(4.20373 -0.0991571 0)
(5.83251 0.338457 0)
(4.35519 -0.173149 0)
(6.24076 0.431457 0)
(4.63334 -0.201494 0)
(6.74197 0.557345 0)
(4.95769 -0.340094 0)
(7.32253 0.808319 0)
(5.53251 -0.462755 0)
(7.82863 0.938172 0)
(6.4251 -0.390778 0)
(8.41126 0.939528 0)
(7.51359 -0.208274 0)
(9.38809 0.952065 0)
(8.66302 -0.112647 0)
(11.1971 1.42231 0)
(10.1933 -0.244871 0)
(13.9211 2.27363 0)
(13.289 0.527097 0)
(-0.120349 -0.187234 0)
(-0.172463 -0.0782012 0)
(-0.326892 0.0726658 0)
(-0.395096 0.10091 0)
(-0.35468 0.0370598 0)
(-0.19411 -0.0754912 0)
(0.0552329 -0.0854415 0)
(0.287901 -0.0311636 0)
(0.360718 0.0827355 0)
(0.194492 0.164123 0)
(0.0720547 0.0116895 0)
(0.110014 0.00514728 0)
(-0.420693 0.430406 0)
(-1.52311 0.515786 0)
(-1.94969 0.25096 0)
(-2.2132 0.159566 0)
(-2.14613 -0.0518657 0)
(-1.72103 -0.224134 0)
(-1.00443 -0.350004 0)
(-0.19444 -0.179048 0)
(-0.289451 0.37839 0)
(-0.188771 0.3313 0)
(-0.263683 0.152558 0)
(-0.509948 -0.0972759 0)
(-0.595836 -0.244011 0)
(-0.484465 -0.380681 0)
(-0.199515 -0.424213 0)
(0.133036 -0.281038 0)
(0.363406 0.00803551 0)
(0.46258 0.169513 0)
(0.346975 0.0693216 0)
(-0.638722 0.548151 0)
(-1.59051 1.17004 0)
(-2.27694 0.94022 0)
(-2.49467 0.487604 0)
(-2.66286 0.121704 0)
(-2.45235 -0.419275 0)
(-2.04376 -0.922069 0)
(-1.31637 -1.36828 0)
(-0.348995 -0.929186 0)
(-0.606286 -0.451467 0)
(-0.95717 -0.171673 0)
(-0.878246 0.402636 0)
(-0.934997 0.454398 0)
(-0.914248 0.16862 0)
(-0.945208 -0.403464 0)
(-0.868529 -0.646389 0)
(-0.59149 -0.615991 0)
(-0.0653016 -0.253075 0)
(-0.0469997 0.16031 0)
(-0.147009 1.00214 0)
(-0.899972 1.73854 0)
(-1.53825 1.88149 0)
(-1.92637 1.32841 0)
(-2.15084 0.718204 0)
(-2.27708 0.12291 0)
(-2.10893 -0.65429 0)
(-1.83882 -1.43208 0)
(-1.38882 -2.19076 0)
(-0.521805 -1.94237 0)
(2.82179 1.09524 0)
(1.03275 0.726934 0)
(-0.0783881 0.252248 0)
(-0.669909 -0.168588 0)
(-1.35149 -0.391487 0)
(-1.41545 -0.599377 0)
(-1.51511 -0.741288 0)
(-1.23163 -1.01248 0)
(-0.797917 -0.500813 0)
(-0.433014 0.321858 0)
(-0.555171 1.07057 0)
(-0.814171 1.85711 0)
(-1.15603 2.09907 0)
(-1.4324 1.62581 0)
(-1.55275 0.907506 0)
(-1.61706 0.203029 0)
(-1.49566 -0.762923 0)
(-1.39745 -1.68472 0)
(-1.28426 -2.66604 0)
(-0.553509 -2.98663 0)
(6.55177 2.15684 0)
(5.40788 2.09856 0)
(4.49261 2.00088 0)
(3.62086 1.59582 0)
(2.03813 1.2899 0)
(0.911869 5.91258e-05 0)
(-0.628751 -1.20658 0)
(-1.05734 -1.46787 0)
(-1.02438 -1.1502 0)
(-0.462305 -0.00036145 0)
(-0.173146 1.35194 0)
(-0.191317 2.43348 0)
(-0.341187 2.6072 0)
(-0.322878 1.79797 0)
(-0.392636 0.902598 0)
(-0.816381 0.0618776 0)
(-0.840697 -0.959238 0)
(-0.825098 -1.81037 0)
(-0.989576 -2.80859 0)
(-0.464008 -3.94517 0)
(8.68433 2.68228 0)
(8.19709 2.93633 0)
(7.3788 2.65564 0)
(6.82049 2.5588 0)
(5.73927 2.23294 0)
(4.82416 1.5495 0)
(3.98993 1.5742 0)
(2.0301 -0.192313 0)
(0.229439 -1.18795 0)
(-0.0180889 -0.465611 0)
(0.443606 0.800461 0)
(0.878257 1.77732 0)
(1.05 2.21085 0)
(1.0466 1.87913 0)
(0.541201 1.56121 0)
(-0.00123081 0.84758 0)
(0.145316 -0.436996 0)
(0.100562 -1.2745 0)
(-0.528095 -2.62628 0)
(-0.241225 -4.6819 0)
(9.93334 3.12829 0)
(9.60608 3.29009 0)
(9.16661 3.30476 0)
(8.70579 3.17003 0)
(7.92417 3.0043 0)
(7.42475 2.70561 0)
(5.92113 1.85938 0)
(5.35146 1.77367 0)
(3.51854 0.934563 0)
(1.44798 -0.260254 0)
(1.11848 0.452019 0)
(1.44731 1.93692 0)
(1.61427 2.6656 0)
(1.91034 2.2557 0)
(1.50698 1.57729 0)
(1.98668 0.297027 0)
(1.82712 -1.38493 0)
(0.834794 -1.90447 0)
(-0.366936 -2.79325 0)
(0.198302 -4.94393 0)
(10.6013 3.4068 0)
(10.3798 3.55905 0)
(10.0329 3.62329 0)
(9.83425 3.7439 0)
(9.13623 3.47601 0)
(8.75729 3.53176 0)
(7.81244 3.00636 0)
(6.79255 2.65832 0)
(5.87158 2.40449 0)
(4.2915 1.81096 0)
(2.60185 0.723694 0)
(2.65322 0.736011 0)
(2.9393 1.59193 0)
(3.55668 2.01302 0)
(3.31185 2.14892 0)
(3.64138 1.08972 0)
(2.84166 1.13978 0)
(2.38317 1.19834 0)
(1.06217 -0.797481 0)
(1.29632 -4.14786 0)
(10.8998 3.55792 0)
(10.8639 3.78982 0)
(10.4869 3.89945 0)
(10.3695 4.03822 0)
(9.89882 4.09248 0)
(9.41343 3.94157 0)
(8.92289 4.01277 0)
(7.89706 3.53434 0)
(7.16647 3.38552 0)
(6.06956 3.11814 0)
(4.59183 2.34262 0)
(2.49589 1.90134 0)
(2.31446 1.81601 0)
(2.41623 1.7451 0)
(2.09501 1.06347 0)
(2.53198 0.13403 0)
(1.28074 -0.548077 0)
(2.38196 -0.930459 0)
(1.29609 -1.90675 0)
(2.24953 -4.14396 0)
(11.1943 3.71725 0)
(11.1019 3.95383 0)
(10.8749 4.17346 0)
(10.5999 4.33665 0)
(10.3783 4.50747 0)
(9.81391 4.49096 0)
(9.41952 4.57767 0)
(8.7551 4.52535 0)
(7.7456 4.11988 0)
(7.33488 4.12345 0)
(6.3705 3.26928 0)
(6.11334 2.24215 0)
(5.77269 2.04657 0)
(6.47959 2.59452 0)
(6.47451 2.9513 0)
(6.71252 2.27358 0)
(6.27481 2.21857 0)
(6.37234 0.907083 0)
(5.72966 0.842601 0)
(5.36354 0.537091 0)
(11.4825 3.83358 0)
(11.3535 4.1581 0)
(11.1576 4.43309 0)
(10.87 4.60312 0)
(10.5787 4.93071 0)
(10.2316 5.01394 0)
(9.6078 5.03203 0)
(9.30246 5.20284 0)
(8.19415 5.09152 0)
(7.3583 4.96492 0)
(6.07986 5.32236 0)
(3.20841 3.40458 0)
(0.137277 0.876054 0)
(0.0613117 0.835522 0)
(-0.568205 0.0452837 0)
(0.261935 -0.345467 0)
(0.456108 -0.966527 0)
(0.574706 -1.28268 0)
(0.0390247 0.542715 0)
(2.62747 3.93375 0)
(11.839 4.06443 0)
(11.6075 4.26905 0)
(11.4622 4.73918 0)
(11.1727 4.96869 0)
(10.7964 5.17735 0)
(10.4996 5.55963 0)
(9.79323 5.69024 0)
(9.48752 5.77617 0)
(8.96261 5.71022 0)
(8.31365 5.20008 0)
(8.30539 5.41914 0)
(8.05473 5.58644 0)
(7.40232 5.00273 0)
(6.74605 4.1683 0)
(5.61677 3.16521 0)
(4.18235 1.78116 0)
(2.93812 1.84697 0)
(2.6289 1.26648 0)
(-0.113276 -0.131209 0)
(1.36465 4.30317 0)
(12.1463 4.14155 0)
(12.0572 4.62068 0)
(11.6992 4.83727 0)
(11.5663 5.40389 0)
(11.0118 5.66141 0)
(10.8422 5.85362 0)
(10.1353 6.11234 0)
(9.40934 6.48779 0)
(8.54956 7.17902 0)
(7.21644 7.20173 0)
(5.62554 7.04025 0)
(3.88933 6.11499 0)
(2.89795 4.11922 0)
(2.46122 2.89321 0)
(2.43972 2.65841 0)
(2.19367 1.93077 0)
(2.16264 1.12614 0)
(2.55793 1.34773 0)
(0.370362 2.01438 0)
(0.130811 4.38817 0)
(12.5318 4.25099 0)
(12.4677 4.78932 0)
(12.1492 5.31224 0)
(11.9274 5.56556 0)
(11.3998 6.16021 0)
(10.9288 6.58926 0)
(10.5831 6.76441 0)
(10.2183 6.34683 0)
(10.1075 6.44537 0)
(10.089 6.6124 0)
(10.0934 7.18685 0)
(8.64955 7.44151 0)
(6.17051 5.946 0)
(3.88056 4.13718 0)
(2.77388 2.76691 0)
(2.17882 1.75099 0)
(1.17925 1.776 0)
(0.496365 2.45067 0)
(-0.277883 2.99792 0)
(-0.28359 4.74558 0)
(13.0812 4.54663 0)
(12.9564 4.91077 0)
(12.6477 5.58712 0)
(12.3408 6.16272 0)
(11.9034 6.41495 0)
(11.3204 6.85419 0)
(10.3061 7.88447 0)
(9.11846 8.62287 0)
(7.39081 8.80093 0)
(5.74268 8.40336 0)
(6.25711 8.17618 0)
(7.33645 8.96983 0)
(6.77164 8.42439 0)
(5.15202 6.53448 0)
(2.93864 4.53438 0)
(1.49658 3.28242 0)
(-0.0957402 2.82819 0)
(-0.982121 2.81756 0)
(-0.986171 2.77451 0)
(-0.730138 3.84933 0)
(13.6866 4.58098 0)
(13.5765 5.35809 0)
(13.251 5.87683 0)
(12.9415 6.61038 0)
(12.2938 7.34417 0)
(12.023 7.23404 0)
(11.8331 7.0842 0)
(11.84 7.36121 0)
(11.8765 8.17655 0)
(10.1192 8.17842 0)
(7.8782 7.64685 0)
(6.8199 8.28526 0)
(6.51289 9.02225 0)
(5.61534 8.00961 0)
(3.54447 5.91602 0)
(1.74758 4.78456 0)
(0.253814 4.34781 0)
(-0.610415 3.51832 0)
(-1.00078 2.83876 0)
(-0.697552 2.76646 0)
(14.3145 4.6157 0)
(14.3888 5.45469 0)
(13.8651 6.40742 0)
(13.5584 6.96797 0)
(12.7701 8.04431 0)
(11.4206 9.36654 0)
(9.57664 10.0852 0)
(7.59436 9.72552 0)
(8.39253 10.0829 0)
(9.53863 10.9058 0)
(8.81363 10.049 0)
(7.37195 9.41538 0)
(6.36321 9.83626 0)
(5.66458 9.5912 0)
(3.96055 8.23161 0)
(2.05975 6.39652 0)
(0.395755 5.06132 0)
(-0.536263 4.04341 0)
(-0.907474 2.7826 0)
(-0.496872 1.85636 0)
(15.3782 4.98423 0)
(15.307 5.89899 0)
(14.9124 6.68932 0)
(14.3006 7.37174 0)
(14.3397 7.5513 0)
(14.4018 8.03513 0)
(14.1176 9.17945 0)
(11.8836 9.23096 0)
(9.12528 8.29284 0)
(8.45151 9.41906 0)
(8.60668 10.4531 0)
(7.73751 10.1198 0)
(6.87797 10.3927 0)
(6.18987 10.4614 0)
(4.71651 9.50253 0)
(2.81807 8.26136 0)
(1.39818 6.91841 0)
(0.414411 4.84507 0)
(-0.253187 2.89971 0)
(-0.265204 1.30597 0)
(16.8675 5.11661 0)
(16.4225 6.67862 0)
(16.0379 8.26321 0)
(14.1362 9.29439 0)
(11.9535 10.672 0)
(10.2942 10.8371 0)
(11.1244 11.4588 0)
(11.9165 12.4769 0)
(10.49 11.7528 0)
(8.44437 10.7907 0)
(7.92721 11.2026 0)
(7.47716 11.4028 0)
(6.60339 11.3525 0)
(6.36137 11.7148 0)
(5.43244 11.1227 0)
(3.86431 9.56598 0)
(2.14449 7.9218 0)
(1.06801 6.21505 0)
(0.279926 3.76491 0)
(-0.00947091 1.35646 0)
(16.9644 3.89478 0)
(18.0156 5.54516 0)
(18.8352 6.99669 0)
(19.8041 9.17484 0)
(18.1113 10.2139 0)
(14.3753 10.6072 0)
(11.0124 10.2668 0)
(10.7402 11.3725 0)
(10.912 12.0921 0)
(9.47112 11.6526 0)
(8.12998 11.4033 0)
(7.57208 11.7027 0)
(6.85773 11.9681 0)
(6.35319 12.1886 0)
(5.93803 12.2421 0)
(4.81874 11.3935 0)
(3.35328 9.58103 0)
(2.04695 6.84098 0)
(0.943741 3.99576 0)
(0.259318 1.57193 0)
(4.42033 4.00956 0)
(5.72621 4.45237 0)
(10.4946 6.72285 0)
(14.7008 9.95896 0)
(18.2738 13.9453 0)
(16.5574 14.4947 0)
(12.4722 12.9198 0)
(10.0438 12.5465 0)
(10.1337 13.4331 0)
(9.58325 13.2492 0)
(8.24539 12.6142 0)
(7.31759 12.3263 0)
(6.6388 12.4201 0)
(6.32777 12.8788 0)
(5.94552 12.8108 0)
(5.29942 12.1001 0)
(4.05493 10.9171 0)
(2.97037 8.93746 0)
(1.62257 5.80323 0)
(0.62113 2.54481 0)
(0.317376 -2.34643 0)
(1.68548 -3.47262 0)
(4.991 -0.913605 0)
(10.1658 5.22917 0)
(13.6383 10.6848 0)
(16.607 16.0064 0)
(13.98 15.7481 0)
(9.9777 13.2407 0)
(9.19681 13.1952 0)
(9.4744 14.0381 0)
(8.6433 13.7664 0)
(7.57577 13.2278 0)
(6.61628 12.78 0)
(6.05623 12.8494 0)
(5.97696 13.438 0)
(5.49436 13.0472 0)
(4.51195 11.5734 0)
(3.38381 9.1508 0)
(2.05476 6.42254 0)
(0.665262 3.71557 0)
(2.8195 0.952446 0)
(1.65008 -1.60335 0)
(2.08898 -3.60556 0)
(5.67976 1.73986 0)
(10.3042 8.68861 0)
(12.2171 13.8739 0)
(13.7502 17.5328 0)
(11.0706 16.4469 0)
(8.34321 14.3044 0)
(8.18267 14.2505 0)
(8.13057 14.6117 0)
(7.39204 14.3132 0)
(6.52013 13.8384 0)
(5.82583 13.4568 0)
(5.46365 13.3542 0)
(5.37693 13.4667 0)
(4.62236 12.9377 0)
(3.73981 11.2621 0)
(2.30759 8.242 0)
(0.640944 4.83064 0)
(-1.74592 -4.8615 0)
(2.78051 -2.58384 0)
(-0.986532 -5.74917 0)
(3.88488 -0.21149 0)
(4.57593 5.34111 0)
(9.43642 12.8146 0)
(10.6954 16.6368 0)
(10.5609 17.3801 0)
(8.9573 15.7657 0)
(7.99327 14.7835 0)
(7.79325 14.9058 0)
(7.3071 14.9365 0)
(6.451 14.4606 0)
(5.69362 14.1077 0)
(5.26585 14.1899 0)
(4.93065 13.8777 0)
(4.415 13.1014 0)
(3.55068 11.5261 0)
(2.35557 9.29551 0)
(0.745134 6.6224 0)
(-1.79645 -0.871236 0)
(-1.75154 -3.88234 0)
(-2.26336 -3.94542 0)
(-2.22962 -3.5358 0)
(0.917683 3.46367 0)
(4.34363 10.1118 0)
(7.55568 15.5746 0)
(8.61324 17.8818 0)
(7.75766 16.759 0)
(7.28175 15.3347 0)
(7.29086 15.1747 0)
(7.02067 15.3366 0)
(6.44614 15.1544 0)
(5.67549 14.5746 0)
(4.97538 14.258 0)
(4.70036 14.5374 0)
(4.11496 14.3992 0)
(3.42963 13.23 0)
(2.20348 10.8336 0)
(0.677227 7.86224 0)
(-0.774456 -0.273775 0)
(-2.36408 -2.33187 0)
(-5.26519 -5.14704 0)
(-4.90289 -2.73543 0)
(-2.52304 1.20998 0)
(-2.73051 3.7521 0)
(6.79876 15.4842 0)
(6.54473 16.7765 0)
(6.88894 16.9845 0)
(6.49235 15.9739 0)
(6.47626 15.4847 0)
(6.52111 15.7533 0)
(6.21456 15.8058 0)
(5.72316 15.5435 0)
(4.99479 15.1667 0)
(4.31264 14.6385 0)
(3.80779 14.3533 0)
(3.07718 13.561 0)
(2.09561 11.9922 0)
(0.625212 9.38988 0)
(-0.741614 1.61583 0)
(-2.28843 -0.405404 0)
(-4.18305 -2.28444 0)
(-5.28232 -4.7529 0)
(-4.74152 -0.302828 0)
(-3.04925 1.18007 0)
(-0.399923 6.72176 0)
(7.66107 17.7809 0)
(6.82899 17.3596 0)
(6.20766 16.1131 0)
(5.73171 15.408 0)
(5.6524 15.6195 0)
(5.73498 16.1159 0)
(5.41672 15.9743 0)
(4.77932 15.6684 0)
(4.20648 15.7805 0)
(3.55263 15.6933 0)
(2.97536 14.9709 0)
(1.87051 13.2494 0)
(0.535353 10.4894 0)
(-0.286214 3.03666 0)
(-1.45301 0.862468 0)
(-2.29448 -1.69755 0)
(-2.86573 -3.03514 0)
(-2.64714 -1.96491 0)
(-2.20628 0.154883 0)
(-1.86606 3.31411 0)
(2.25547 10.1265 0)
(7.84893 17.7566 0)
(7.58967 17.4174 0)
(6.28812 16.0163 0)
(5.37258 15.7085 0)
(5.18296 16.2314 0)
(5.1827 16.6749 0)
(4.67055 16.3931 0)
(3.87106 15.7264 0)
(3.2979 15.6428 0)
(2.61963 15.3371 0)
(1.76412 14.268 0)
(0.473511 11.7624 0)
(-0.443662 3.6597 0)
(-0.993602 1.39053 0)
(0.987453 0.245047 0)
(0.834262 -3.73617 0)
(0.951622 -1.76328 0)
(0.835652 -0.149505 0)
(1.00842 3.27132 0)
(0.17295 5.45196 0)
(5.4689 13.6718 0)
(8.09977 17.6524 0)
(7.59186 17.163 0)
(6.14748 16.1483 0)
(5.23655 16.2146 0)
(4.81414 16.6604 0)
(4.40889 16.9996 0)
(3.80089 17.2122 0)
(3.06184 17.0268 0)
(2.5525 16.5273 0)
(1.56157 15.3363 0)
(0.433097 12.7354 0)
(-1.84439 3.74262 0)
(0.677626 -1.30571 0)
(1.79895 -2.75977 0)
(4.72226 -2.93432 0)
(4.18473 -2.85805 0)
(5.02123 0.55935 0)
(4.16071 3.29764 0)
(3.52196 6.34743 0)
(2.79622 8.64529 0)
(7.23626 16.1231 0)
(8.23966 18.3487 0)
(7.09572 17.7714 0)
(5.70901 17.1002 0)
(4.99982 17.2948 0)
(4.3861 17.2715 0)
(3.56249 16.8333 0)
(2.91905 16.9879 0)
(2.27171 16.9825 0)
(1.51906 16.2569 0)
(0.379528 13.7564 0)
(-1.74648 5.39157 0)
(3.43782 -2.62855 0)
(4.72147 -5.15466 0)
(6.81339 -4.08445 0)
(6.67971 -3.76561 0)
(7.87782 0.681414 0)
(6.7567 3.35863 0)
(6.86773 7.17928 0)
(4.73725 8.22478 0)
(5.4849 12.5608 0)
(7.96012 17.6629 0)
(7.80792 18.7861 0)
(6.34245 18.278 0)
(4.9965 17.958 0)
(4.2774 18.3373 0)
(3.57898 18.6 0)
(2.76465 18.3358 0)
(2.25063 17.9893 0)
(1.33775 17.1748 0)
(0.360148 14.5801 0)
(1.03517 2.70642 0)
(5.55375 -5.07765 0)
(6.86472 -7.36707 0)
(8.38816 -5.20358 0)
(8.19276 -3.98672 0)
(9.28647 0.719979 0)
(8.45864 4.05328 0)
(8.2883 7.92052 0)
(7.5577 10.5028 0)
(5.2847 11.5654 0)
(6.9674 16.531 0)
(7.8071 19.3905 0)
(6.86936 19.5713 0)
(5.45408 19.1035 0)
(4.2726 18.5616 0)
(3.36505 18.1609 0)
(2.67949 18.4501 0)
(2.01969 18.5465 0)
(1.29855 17.9957 0)
(0.294361 15.4052 0)
(2.44269 -2.80665 0)
(5.43534 -7.88981 0)
(6.86975 -8.4454 0)
(8.30375 -6.06126 0)
(8.40634 -3.95517 0)
(9.25799 0.39837 0)
(9.27663 4.41113 0)
(8.34502 7.45433 0)
(9.14633 11.6524 0)
(6.58892 12.5155 0)
(6.00858 15.2504 0)
(7.29835 19.2469 0)
(6.91299 20.5566 0)
(5.42549 20.2954 0)
(4.26665 20.2886 0)
(3.38097 20.2224 0)
(2.52041 19.7282 0)
(1.98566 19.4008 0)
(1.12901 18.8264 0)
(0.280931 16.1592 0)
(1.93468 -6.87335 0)
(4.73657 -10.2216 0)
(6.34066 -9.79864 0)
(7.59938 -7.27105 0)
(7.92122 -4.27874 0)
(8.44285 0.0177538 0)
(9.03525 4.79751 0)
(7.79574 7.78147 0)
(9.25309 12.5526 0)
(7.56963 14.2185 0)
(5.61196 15.4197 0)
(6.54311 19.1625 0)
(6.72485 21.3025 0)
(5.4538 21.2304 0)
(4.02884 20.3183 0)
(3.09379 19.8224 0)
(2.38635 20.0633 0)
(1.71422 20.0679 0)
(1.07011 19.5636 0)
(0.205361 16.8456 0)
(1.59763 -10.2334 0)
(3.85093 -12.4134 0)
(5.28864 -10.874 0)
(6.44664 -7.84502 0)
(6.8161 -4.48689 0)
(7.32911 -0.194274 0)
(7.98209 4.51955 0)
(6.94886 7.6373 0)
(8.43204 12.8988 0)
(7.62144 15.3611 0)
(5.35846 15.8624 0)
(5.74154 19.1615 0)
(6.03543 21.9725 0)
(4.9615 22.5503 0)
(3.81626 22.4232 0)
(2.94684 21.9494 0)
(2.11939 21.1497 0)
(1.62317 20.7492 0)
(0.874129 20.2938 0)
(0.196605 17.487 0)
(1.22412 -12.719 0)
(3.01781 -14.0714 0)
(4.21023 -11.92 0)
(5.17866 -8.70228 0)
(5.46577 -5.06617 0)
(6.06399 -0.497692 0)
(6.71269 4.3523 0)
(5.96306 7.68405 0)
(7.14381 12.9864 0)
(6.84752 16.4239 0)
(4.88165 16.9012 0)
(4.9638 19.3975 0)
(5.34337 22.3304 0)
(4.39368 22.9789 0)
(3.18216 22.1454 0)
(2.45764 21.5899 0)
(1.83872 21.6628 0)
(1.23809 21.465 0)
(0.767743 20.8956 0)
(0.0821985 17.9529 0)
(0.925248 -14.5313 0)
(2.17945 -15.2695 0)
(3.08503 -12.5133 0)
(3.83752 -9.16604 0)
(4.12265 -5.46461 0)
(4.64919 -0.996331 0)
(5.1636 3.80897 0)
(4.77246 7.69424 0)
(5.56375 12.8565 0)
(5.5554 16.672 0)
(4.04665 17.4553 0)
(4.00454 19.8544 0)
(4.22132 22.9685 0)
(3.44015 24.2239 0)
(2.64974 24.2477 0)
(2.02627 23.4984 0)
(1.36515 22.4224 0)
(1.02331 21.9059 0)
(0.487667 21.4545 0)
(0.055801 18.3975 0)
(0.637945 -15.8016 0)
(1.45677 -16.0622 0)
(1.9631 -13.0253 0)
(2.44129 -9.47366 0)
(2.49799 -5.60038 0)
(3.15007 -1.02182 0)
(3.27358 3.57792 0)
(3.20463 7.92145 0)
(3.59091 13.1421 0)
(3.64676 17.0905 0)
(2.87387 18.0959 0)
(2.95471 20.1727 0)
(3.14631 23.14 0)
(2.46378 24.2046 0)
(1.67791 23.5545 0)
(1.31248 22.9915 0)
(0.912413 22.8857 0)
(0.523431 22.5051 0)
(0.311241 21.8133 0)
(-0.105226 18.5866 0)
(0.382225 -16.5296 0)
(0.772048 -16.4388 0)
(0.991552 -13.093 0)
(1.15615 -9.56207 0)
(0.906459 -5.84605 0)
(1.33622 -1.18508 0)
(1.18531 3.6086 0)
(1.22199 8.16137 0)
(1.37392 13.1069 0)
(1.64413 16.8536 0)
(1.60418 18.2226 0)
(1.71861 20.6127 0)
(1.68312 23.7581 0)
(1.18147 25.3171 0)
(0.86444 25.4156 0)
(0.605104 24.4871 0)
(0.242361 23.253 0)
(0.174279 22.6575 0)
(-0.0240732 22.1009 0)
(-0.133396 18.6989 0)
(0.17291 -16.9425 0)
(0.211503 -16.5424 0)
(0.091743 -13.0553 0)
(-0.0574079 -9.30127 0)
(-0.450766 -5.50383 0)
(-0.457077 -1.01169 0)
(-0.758444 3.75555 0)
(-0.682764 8.50069 0)
(-0.614803 13.2072 0)
(0.0368447 16.612 0)
(0.330257 18.0489 0)
(0.398994 20.6794 0)
(0.365011 23.7298 0)
(-0.0303492 24.8346 0)
(-0.293719 24.2518 0)
(-0.256941 23.624 0)
(-0.29931 23.4015 0)
(-0.378758 22.9559 0)
(-0.28726 22.1295 0)
(-0.323252 18.4863 0)
(0.00767329 -16.9414 0)
(-0.236042 -16.364 0)
(-0.558658 -12.7838 0)
(-0.935181 -9.18111 0)
(-1.56 -5.27162 0)
(-1.64245 -0.748198 0)
(-2.04466 3.77349 0)
(-1.93463 8.28988 0)
(-1.84774 12.4225 0)
(-1.03742 15.5961 0)
(-0.771273 17.8082 0)
(-0.988489 21.0567 0)
(-1.23694 24.3325 0)
(-1.36353 25.8502 0)
(-1.22469 25.7011 0)
(-1.12235 24.6537 0)
(-1.07045 23.4263 0)
(-0.794475 22.7448 0)
(-0.636519 22.0496 0)
(-0.379919 18.1432 0)
(-0.141157 -16.8111 0)
(-0.60834 -16.0366 0)
(-1.14254 -12.3166 0)
(-1.53929 -8.51484 0)
(-2.23577 -4.91648 0)
(-2.30075 -0.459699 0)
(-2.74588 3.75109 0)
(-2.64248 8.09071 0)
(-2.64694 11.9536 0)
(-1.96401 15.1712 0)
(-2.01872 17.9479 0)
(-2.40288 21.4067 0)
(-2.57913 24.3181 0)
(-2.71564 24.8956 0)
(-2.54555 23.9613 0)
(-1.99316 23.3314 0)
(-1.60398 23.1066 0)
(-1.3363 22.6582 0)
(-0.907296 21.6758 0)
(-0.575155 17.4897 0)
(-0.245984 -16.3291 0)
(-0.892236 -15.4994 0)
(-1.56022 -11.9685 0)
(-2.12894 -8.30408 0)
(-2.75968 -4.47489 0)
(-2.83952 -0.209465 0)
(-3.27892 3.75184 0)
(-3.20596 7.87195 0)
(-3.4267 11.5839 0)
(-3.01151 15.0916 0)
(-3.53922 18.3549 0)
(-4.05131 21.9576 0)
(-4.24758 24.5536 0)
(-4.03396 25.2074 0)
(-3.30286 24.8499 0)
(-2.70996 24.0193 0)
(-2.3464 22.9071 0)
(-1.7326 22.2159 0)
(-1.24486 21.2279 0)
(-0.622964 16.6604 0)
(-0.380474 -15.7848 0)
(-1.23104 -14.755 0)
(-2.01103 -11.0421 0)
(-2.66466 -7.60983 0)
(-3.43426 -4.07457 0)
(-3.51895 0.104376 0)
(-4.17119 3.98684 0)
(-4.27042 8.15599 0)
(-4.74942 12.0003 0)
(-4.73875 15.7978 0)
(-5.52092 19.1601 0)
(-5.80041 22.278 0)
(-5.67368 23.9983 0)
(-5.1454 23.6639 0)
(-4.3183 22.7019 0)
(-3.4421 22.1839 0)
(-2.76087 22.0798 0)
(-2.20721 21.7093 0)
(-1.4891 20.4554 0)
(-0.79814 15.5758 0)
(-0.440441 -14.9086 0)
(-1.49277 -13.9891 0)
(-2.49492 -10.5003 0)
(-3.26219 -6.83074 0)
(-4.25379 -3.49259 0)
(-4.58094 0.619164 0)
(-5.52545 4.54737 0)
(-5.89076 8.74416 0)
(-6.46119 12.596 0)
(-6.75209 16.2244 0)
(-7.48171 19.4908 0)
(-7.39391 22.1822 0)
(-6.91689 23.3721 0)
(-5.87473 23.2176 0)
(-4.5829 23.1122 0)
(-3.84794 22.6743 0)
(-3.30108 21.8042 0)
(-2.47484 21.1122 0)
(-1.77546 19.7232 0)
(-0.811619 14.2837 0)
(-0.60809 -13.9313 0)
(-1.81239 -12.752 0)
(-2.92268 -9.30135 0)
(-3.93403 -5.95501 0)
(-5.17408 -2.61748 0)
(-5.8776 1.441 0)
(-7.09818 5.4063 0)
(-7.7403 9.52605 0)
(-8.43353 13.3984 0)
(-8.687 17.0048 0)
(-9.16455 19.7302 0)
(-8.45779 21.6117 0)
(-7.47248 22.0243 0)
(-6.23872 21.5226 0)
(-5.28239 20.9387 0)
(-4.43493 20.5667 0)
(-3.53306 20.6194 0)
(-2.83204 20.2904 0)
(-1.92599 18.5649 0)
(-0.924057 12.9123 0)
(-0.621345 -12.7456 0)
(-2.09984 -11.7495 0)
(-3.3836 -8.19364 0)
(-4.53369 -4.74507 0)
(-6.0662 -1.49459 0)
(-7.1682 2.51763 0)
(-8.5945 6.45277 0)
(-9.28022 10.4805 0)
(-9.90034 13.9005 0)
(-10.0458 16.8298 0)
(-9.99957 18.9739 0)
(-8.67317 20.4082 0)
(-7.72268 20.6722 0)
(-6.44132 20.7108 0)
(-5.20808 21.0287 0)
(-4.42233 21.0536 0)
(-3.79318 20.4289 0)
(-2.94638 19.6119 0)
(-2.11456 17.7321 0)
(-0.902643 11.2925 0)
(-0.753766 -11.3117 0)
(-2.24746 -10.0847 0)
(-3.8314 -6.83234 0)
(-5.02657 -3.26144 0)
(-6.77003 -0.0598506 0)
(-8.07224 3.84876 0)
(-9.57806 7.53721 0)
(-10.3082 11.1256 0)
(-10.6105 14.1701 0)
(-10.5326 16.5881 0)
(-9.99132 18.2521 0)
(-8.55893 19.1804 0)
(-7.49315 19.3617 0)
(-6.21819 19.365 0)
(-5.49439 19.2286 0)
(-4.81383 19.0056 0)
(-3.89755 19.0702 0)
(-3.13455 18.6833 0)
(-2.13192 16.3074 0)
(-0.913137 9.81009 0)
(-0.789164 -9.90968 0)
(-2.51149 -8.76605 0)
(-4.0481 -5.32819 0)
(-5.37456 -1.7359 0)
(-7.13593 1.45091 0)
(-8.58729 5.20057 0)
(-9.93521 8.6772 0)
(-10.5397 11.6837 0)
(-10.5885 14.0233 0)
(-10.2775 15.7635 0)
(-9.44001 16.9577 0)
(-7.84694 17.8733 0)
(-7.30054 18.0347 0)
(-6.2045 18.5916 0)
(-5.26874 19.1496 0)
(-4.50812 19.3909 0)
(-3.87739 18.9564 0)
(-3.10672 17.9482 0)
(-2.23107 15.3998 0)
(-0.865038 8.0405 0)
(-0.86856 -8.27895 0)
(-2.62228 -7.0172 0)
(-4.24088 -3.86635 0)
(-5.47428 -0.143405 0)
(-7.18003 2.97788 0)
(-8.6406 6.41728 0)
(-9.86787 9.53262 0)
(-10.144 12.0138 0)
(-9.90613 13.6717 0)
(-9.47057 14.884 0)
(-8.59653 16.1582 0)
(-7.40777 16.9287 0)
(-6.8196 17.3241 0)
(-5.5548 17.7538 0)
(-5.12817 17.7277 0)
(-4.66477 17.6054 0)
(-3.84731 17.7371 0)
(-3.15389 17.0188 0)
(-2.14119 13.9024 0)
(-0.89733 6.56395 0)
(-0.927209 -6.51481 0)
(-2.66719 -5.5171 0)
(-4.31832 -2.36525 0)
(-5.46627 1.37075 0)
(-6.97969 4.44927 0)
(-8.26081 7.6381 0)
(-9.23323 10.2836 0)
(-9.4874 11.9455 0)
(-8.96689 13.2023 0)
(-8.548 14.1158 0)
(-7.66206 15.3072 0)
(-6.6244 15.9313 0)
(-6.44571 16.1907 0)
(-5.45002 17.0344 0)
(-4.98366 17.505 0)
(-4.14728 18.0283 0)
(-3.63969 17.6098 0)
(-3.04201 16.3159 0)
(-2.089 13.0362 0)
(-0.916223 4.80723 0)
(-0.847589 -4.92413 0)
(-2.7125 -3.7924 0)
(-4.35299 -0.984013 0)
(-5.374 2.73765 0)
(-6.6423 5.74291 0)
(-7.84302 8.4685 0)
(-8.43938 10.8112 0)
(-8.45894 11.9762 0)
(-7.87762 12.5855 0)
(-7.54749 13.1832 0)
(-6.80604 14.6475 0)
(-6.1665 15.5694 0)
(-5.82321 15.8847 0)
(-4.64181 16.5014 0)
(-4.41165 16.5755 0)
(-4.03274 16.5423 0)
(-3.50619 16.5662 0)
(-2.88454 15.5997 0)
(-1.97649 11.6658 0)
(-0.634342 3.29282 0)
(-0.921008 -3.12116 0)
(-2.71108 -2.17 0)
(-4.33966 0.342517 0)
(-5.26287 3.89775 0)
(-6.21272 6.86115 0)
(-7.23351 9.21257 0)
(-7.7726 10.9665 0)
(-7.61741 11.6633 0)
(-7.00029 12.0352 0)
(-6.49627 12.8361 0)
(-6.07769 14.3033 0)
(-5.48261 14.7077 0)
(-5.30631 14.7208 0)
(-4.4207 15.9394 0)
(-4.34471 16.2079 0)
(-3.45481 16.8855 0)
(-3.06188 16.5418 0)
(-2.52107 14.8683 0)
(-1.81397 11.0293 0)
(-0.208657 2.12152 0)
(-0.879193 -1.41768 0)
(-2.65582 -0.53295 0)
(-4.26783 1.60961 0)
(-5.18383 4.81056 0)
(-5.8804 7.69624 0)
(-6.54665 9.84185 0)
(-6.88697 11.2309 0)
(-6.74674 11.38 0)
(-6.12029 11.5571 0)
(-5.77768 11.98 0)
(-5.17948 13.8803 0)
(-4.83998 14.6288 0)
(-4.75374 14.6202 0)
(-3.60696 15.7231 0)
(-3.47678 15.6925 0)
(-2.99499 15.6228 0)
(-2.69406 15.4758 0)
(-2.21115 14.3915 0)
(-1.41814 10.144 0)
(0.083127 1.05905 0)
(-0.851054 0.25942 0)
(-2.55474 1.07403 0)
(-4.10873 2.8306 0)
(-5.02359 5.66283 0)
(-5.5341 8.29418 0)
(-6.1933 9.93743 0)
(-6.12287 11.255 0)
(-5.95993 11.1566 0)
(-5.20267 11.1215 0)
(-4.83007 11.7469 0)
(-4.66413 13.6024 0)
(-4.2716 13.9543 0)
(-3.89005 13.7382 0)
(-3.17916 15.0708 0)
(-3.45488 15.0736 0)
(-2.50483 16.0521 0)
(-2.15658 15.7605 0)
(-1.42492 13.482 0)
(-1.04291 9.28087 0)
(0.393732 0.679235 0)
(-0.767211 1.83928 0)
(-2.33606 2.61319 0)
(-3.78883 4.0269 0)
(-4.76289 6.34168 0)
(-4.95993 8.83578 0)
(-5.53053 10.199 0)
(-5.53789 10.9286 0)
(-5.31659 10.701 0)
(-4.61024 10.6171 0)
(-4.16087 11.3252 0)
(-3.70165 13.2229 0)
(-3.63468 13.766 0)
(-3.5046 13.615 0)
(-2.55575 15.0026 0)
(-2.37522 15.0728 0)
(-1.77155 14.747 0)
(-1.60848 14.1858 0)
(-1.12982 13.1573 0)
(-0.492224 8.70557 0)
(0.519463 0.366463 0)
(-0.680227 3.25054 0)
(-2.05377 4.06359 0)
(-3.29141 5.17904 0)
(-4.39547 6.92007 0)
(-4.42103 9.09082 0)
(-4.6231 10.456 0)
(-4.48762 10.8539 0)
(-4.36082 10.6033 0)
(-3.91507 10.1124 0)
(-3.5944 10.7698 0)
(-3.33169 12.9826 0)
(-2.86415 13.6533 0)
(-2.54554 13.1256 0)
(-2.0578 14.1125 0)
(-2.23221 14.1062 0)
(-1.40846 15.2195 0)
(-1.12304 15.1319 0)
(-0.309985 12.3617 0)
(0.00440705 7.82947 0)
(0.678919 0.698833 0)
(-0.607829 4.50708 0)
(-1.77861 5.30526 0)
(-2.65957 6.25772 0)
(-3.75664 7.63794 0)
(-4.02104 9.0061 0)
(-4.00324 10.3538 0)
(-3.69683 10.6311 0)
(-3.39732 10.3662 0)
(-2.99376 10.0322 0)
(-2.82601 10.7223 0)
(-2.6725 12.0879 0)
(-2.35383 13.1222 0)
(-2.13448 12.9673 0)
(-1.46158 14.0668 0)
(-1.19929 14.5046 0)
(-0.800907 13.8356 0)
(-0.570062 12.9124 0)
(-0.0660888 11.9847 0)
(0.235796 7.90548 0)
(0.565542 0.954789 0)
(-0.576426 5.60703 0)
(-1.57555 6.31007 0)
(-2.12799 7.09279 0)
(-2.89978 8.42192 0)
(-3.12031 9.29794 0)
(-3.46739 10.1727 0)
(-3.06532 10.2322 0)
(-2.99869 10.0225 0)
(-2.55675 9.69984 0)
(-2.21278 10.427 0)
(-1.88848 12.1706 0)
(-1.74958 13.0568 0)
(-1.48042 12.5271 0)
(-1.01951 13.3867 0)
(-0.960109 13.3529 0)
(-0.144719 14.2762 0)
(0.107894 14.6512 0)
(0.618032 11.7612 0)
(0.638004 7.08578 0)
(0.563316 1.25088 0)
(-0.618177 6.59117 0)
(-1.4896 7.0961 0)
(-1.9458 7.4438 0)
(-2.24219 8.90547 0)
(-2.18454 9.50237 0)
(-2.3492 10.3528 0)
(-2.16926 10.1917 0)
(-2.2024 9.91779 0)
(-2.17164 9.44974 0)
(-2.05668 10.1734 0)
(-1.60666 11.3633 0)
(-0.856452 12.9894 0)
(-0.947839 12.5197 0)
(-0.558834 12.9687 0)
(-0.117776 13.8474 0)
(0.0298723 13.1059 0)
(0.157574 11.791 0)
(0.631846 11.1605 0)
(0.75632 8.05177 0)
(0.589613 2.22341 0)
(-0.740995 7.61746 0)
(-1.41398 7.87104 0)
(-1.92923 7.70449 0)
(-2.19443 8.88995 0)
(-1.64153 9.45902 0)
(-1.80791 10.2629 0)
(-1.04543 10.0997 0)
(-1.40304 10.0701 0)
(-1.054 9.73227 0)
(-1.47263 9.85355 0)
(-1.25086 10.9762 0)
(-0.771186 12.137 0)
(-0.185112 12.4321 0)
(0.12995 12.8136 0)
(0.0634694 12.6129 0)
(0.893391 13.5281 0)
(1.29586 14.2498 0)
(1.30644 11.4581 0)
(1.13087 7.30139 0)
(0.653786 2.48924 0)
(-0.875779 8.64082 0)
(-1.3062 8.55955 0)
(-1.88584 7.95005 0)
(-2.29787 8.83227 0)
(-1.91192 9.1468 0)
(-1.83905 9.84124 0)
(-1.01659 9.79153 0)
(-1.08577 9.84125 0)
(-0.350851 9.69369 0)
(-0.705092 10.1971 0)
(-0.113328 10.6339 0)
(-0.116077 11.7901 0)
(0.0778732 11.7549 0)
(0.549082 12.1931 0)
(1.12471 13.3647 0)
(0.882158 12.3588 0)
(0.699777 11.193 0)
(1.4321 11.4165 0)
(1.24784 9.18976 0)
(0.607218 3.86525 0)
(-0.768915 9.68936 0)
(-0.869286 9.16301 0)
(-1.40343 8.4025 0)
(-2.35189 8.98706 0)
(-2.03192 9.09323 0)
(-2.42896 9.35064 0)
(-1.40711 9.3281 0)
(-1.49173 9.33306 0)
(-0.526609 9.39639 0)
(-0.494926 9.6062 0)
(0.657073 10.4976 0)
(0.601685 11.7612 0)
(1.0043 11.9429 0)
(0.796384 11.9973 0)
(0.810236 12.1639 0)
(1.75519 13.3385 0)
(2.037 13.8241 0)
(1.37259 10.8507 0)
(0.854871 7.53781 0)
(0.528921 3.82662 0)
(-0.320807 10.2627 0)
(0.0506498 9.48971 0)
(-0.663865 9.11765 0)
(-1.7688 9.58929 0)
(-1.97105 9.37189 0)
(-2.02678 9.10293 0)
(-1.75272 9.02418 0)
(-1.27446 8.80038 0)
(-0.870923 8.81742 0)
(-0.464456 9.02132 0)
(0.331467 9.49093 0)
(1.02543 11.5685 0)
(1.64137 11.7895 0)
(1.72858 11.8633 0)
(2.02517 12.616 0)
(1.58965 11.6186 0)
(1.44522 11.4691 0)
(2.45915 12.5308 0)
(1.93346 10.9784 0)
(0.817876 5.8358 0)
(0.255229 9.915 0)
(0.817041 9.62697 0)
(-0.205391 10.0183 0)
(-0.996419 10.3338 0)
(-1.25419 9.64748 0)
(-0.871011 9.04377 0)
(-0.831449 8.70518 0)
(-0.0719198 8.4596 0)
(-0.0889323 8.56727 0)
(0.284576 8.48416 0)
(0.579093 9.00959 0)
(0.725922 10.3073 0)
(1.9492 11.4784 0)
(2.1574 11.8608 0)
(1.869 12.1646 0)
(2.43313 13.2968 0)
(2.27708 13.3837 0)
(1.0756 10.563 0)
(0.751353 8.70655 0)
(0.396175 5.64952 0)
(0.50094 9.08936 0)
(0.796153 10.0811 0)
(-0.667767 10.7957 0)
(-0.0482197 10.7013 0)
(-0.167294 9.52727 0)
(1.00219 8.61119 0)
(1.22038 8.36351 0)
(1.9835 8.04182 0)
(2.16752 8.36948 0)
(2.16203 8.54936 0)
(2.00727 8.80514 0)
(1.73207 10.0531 0)
(1.88499 10.4996 0)
(2.64666 11.4306 0)
(3.09257 12.5484 0)
(2.3991 11.7382 0)
(2.35284 12.4633 0)
(3.1912 13.7812 0)
(2.34109 11.7497 0)
(0.861035 7.50242 0)
(0.122106 8.62195 0)
(0.175279 11.006 0)
(-1.03124 10.8662 0)
(0.910473 9.89179 0)
(1.63988 8.516 0)
(3.2332 7.85047 0)
(3.87946 7.44785 0)
(4.73685 7.75595 0)
(4.9115 8.05239 0)
(4.87681 8.80554 0)
(4.58714 9.29744 0)
(3.69 9.99945 0)
(3.46134 10.7775 0)
(2.75445 10.9529 0)
(2.78832 12.2138 0)
(3.55563 13.5317 0)
(2.74848 12.9756 0)
(1.37602 11.2156 0)
(1.22844 11.6603 0)
(0.461578 8.44704 0)
(-0.715685 8.82342 0)
(-0.383136 11.5399 0)
(-0.134674 9.87342 0)
(2.3766 8.02974 0)
(3.98918 6.93052 0)
(5.62233 6.42906 0)
(6.72182 6.70121 0)
(7.27991 7.05058 0)
(7.78679 8.10454 0)
(7.50967 8.95737 0)
(7.21302 9.85372 0)
(6.27825 10.8645 0)
(5.25082 11.4609 0)
(4.58244 11.7228 0)
(3.67419 11.863 0)
(2.76952 12.2118 0)
(2.94835 14.0354 0)
(3.07172 14.5774 0)
(1.75293 12.066 0)
(0.6457 8.63888 0)
(-1.52688 9.67012 0)
(-0.256293 10.3312 0)
(1.81481 7.80445 0)
(4.31098 5.6793 0)
(6.30241 5.01718 0)
(7.94953 5.12433 0)
(8.86133 5.61316 0)
(9.62779 6.79417 0)
(9.82112 7.79322 0)
(9.8252 9.34867 0)
(9.35175 10.545 0)
(8.59659 11.5041 0)
(7.57775 12.4988 0)
(5.84006 12.6778 0)
(4.69846 13.3725 0)
(4.46907 13.6554 0)
(3.30404 13.4522 0)
(2.59369 13.2945 0)
(2.02113 15.0416 0)
(0.733046 11.7039 0)
(-1.5597 10.7281 0)
(0.88642 7.79755 0)
(3.8386 4.99029 0)
(6.09032 3.32526 0)
(8.22037 3.2919 0)
(9.41404 3.79158 0)
(10.4581 4.98532 0)
(10.9668 6.15185 0)
(11.3796 8.07104 0)
(11.1553 9.31135 0)
(11.0042 11.2306 0)
(10.0953 12.5315 0)
(9.21661 13.9666 0)
(8.2184 14.3304 0)
(5.99348 13.7541 0)
(4.26077 14.04 0)
(3.70197 15.2379 0)
(2.81393 15.2672 0)
(1.6761 13.3244 0)
(0.842378 9.96506 0)
(-0.388868 10.6528 0)
(2.55385 4.91872 0)
(5.30604 2.23698 0)
(7.41628 1.23907 0)
(9.14799 1.85746 0)
(10.2109 2.71542 0)
(11.1141 4.2602 0)
(11.6847 5.90399 0)
(12.0158 7.75791 0)
(12.0437 9.85444 0)
(11.7016 11.5828 0)
(11.5323 13.2081 0)
(10.1277 14.495 0)
(8.98641 15.9694 0)
(7.52586 16.418 0)
(5.71196 15.3731 0)
(3.84726 15.3078 0)
(3.39257 15.779 0)
(2.45867 17.2641 0)
(0.947654 15.3028 0)
(1.06092 8.46238 0)
(3.77425 2.17917 0)
(6.11838 -0.178987 0)
(7.9171 -0.397349 0)
(9.31623 0.566833 0)
(10.2399 1.85865 0)
(11.2008 3.52792 0)
(11.7942 5.55023 0)
(12.1761 7.656 0)
(12.306 9.71167 0)
(12.0334 12.1506 0)
(11.7492 14.3965 0)
(11.1802 16.0721 0)
(9.97011 16.7846 0)
(8.21447 17.4007 0)
(6.56149 17.5173 0)
(4.96984 17.0443 0)
(3.18814 17.1418 0)
(1.84677 16.0713 0)
(0.509785 12.1828 0)
(1.70588 5.24299 0)
(4.14126 -0.341553 0)
(6.1487 -2.17824 0)
(7.86171 -1.74872 0)
(8.90176 -0.594621 0)
(10.0125 0.888057 0)
(10.8342 2.8931 0)
(11.5231 4.94184 0)
(11.9778 7.551 0)
(12.0397 9.96894 0)
(12.045 12.127 0)
(11.9482 14.4272 0)
(10.9849 16.6989 0)
(10.2664 18.8701 0)
(8.85622 19.4253 0)
(6.78568 18.868 0)
(4.33499 18.4839 0)
(3.41985 18.0276 0)
(2.51228 19.3896 0)
(1.35346 18.6151 0)
(1.65152 2.16174 0)
(3.93535 -2.6462 0)
(5.765 -3.84242 0)
(7.32987 -3.02825 0)
(8.35187 -1.71878 0)
(9.56095 -0.0371961 0)
(10.2513 2.00732 0)
(11.2242 4.63609 0)
(11.2669 6.94205 0)
(11.8322 9.98073 0)
(11.3364 12.8447 0)
(11.6004 15.6299 0)
(11.1908 17.4222 0)
(10.0357 19.0253 0)
(8.99763 20.8856 0)
(7.61783 20.9843 0)
(5.90083 20.3861 0)
(3.70626 20.4003 0)
(1.86085 19.246 0)
(-0.210611 14.8818 0)
(1.40674 -0.610539 0)
(3.54324 -4.69841 0)
(5.12273 -5.46567 0)
(6.7907 -4.2134 0)
(7.67696 -2.97582 0)
(8.961 -0.987044 0)
(9.64206 1.24497 0)
(10.5189 4.07238 0)
(10.786 6.99899 0)
(11.0039 9.54492 0)
(11.168 12.2616 0)
(10.7625 15.2538 0)
(10.5956 18.7239 0)
(9.91108 20.7688 0)
(8.74656 22.16 0)
(7.22506 22.7057 0)
(4.85652 21.8852 0)
(3.71409 20.8255 0)
(2.7285 22.3839 0)
(2.13713 21.3247 0)
(1.2014 -3.02754 0)
(3.08525 -6.55451 0)
(4.52232 -6.85163 0)
(6.07713 -5.44412 0)
(7.03014 -4.1011 0)
(8.25933 -2.00707 0)
(8.94007 0.514052 0)
(9.83533 3.59004 0)
(9.82909 6.40882 0)
(10.4745 10.2201 0)
(10.012 13.1628 0)
(10.377 15.8305 0)
(10.0256 18.2677 0)
(9.30689 21.0761 0)
(8.42893 23.3401 0)
(7.42009 24.0373 0)
(5.75771 23.9451 0)
(3.40874 23.3493 0)
(1.72032 22.0421 0)
(-0.418801 18.5484 0)
(1.00095 -5.06161 0)
(2.652 -8.17561 0)
(3.81212 -8.21056 0)
(5.40676 -6.74206 0)
(6.24567 -5.24084 0)
(7.50576 -2.88976 0)
(8.03507 -0.157617 0)
(8.97384 3.21341 0)
(9.05235 6.07657 0)
(9.51411 9.08127 0)
(9.71629 12.5994 0)
(9.03271 16.2056 0)
(9.37415 19.8916 0)
(8.706 22.143 0)
(7.72503 24.444 0)
(6.65715 25.6885 0)
(4.89125 25.1035 0)
(3.78252 24.4583 0)
(2.40982 25.2568 0)
(2.02322 23.6821 0)
(0.810051 -6.76113 0)
(2.23658 -9.55823 0)
(3.24138 -9.45736 0)
(4.70616 -7.85554 0)
(5.39639 -6.26938 0)
(6.60339 -3.72292 0)
(7.11381 -0.795631 0)
(7.88932 2.70108 0)
(8.06648 6.1536 0)
(8.60056 10.0502 0)
(8.66256 12.9967 0)
(8.6753 15.7774 0)
(8.44699 19.1755 0)
(8.08425 22.6639 0)
(7.21297 25.0856 0)
(6.53431 26.7352 0)
(4.94318 26.927 0)
(2.93676 25.8109 0)
(1.75248 25.2796 0)
(-0.291038 22.2163 0)
(0.671891 -8.1178 0)
(1.86321 -10.7093 0)
(2.68865 -10.4301 0)
(3.91219 -8.96202 0)
(4.58325 -7.17919 0)
(5.61285 -4.44151 0)
(6.15355 -1.41108 0)
(6.99522 2.01402 0)
(7.0451 5.01599 0)
(7.74637 8.85811 0)
(7.88105 13.1143 0)
(7.44865 16.8949 0)
(7.72359 20.5436 0)
(7.11197 23.3613 0)
(6.24567 26.2813 0)
(5.52359 27.9286 0)
(4.43653 28.1383 0)
(3.22729 27.7552 0)
(1.67944 27.5518 0)
(1.47171 25.4452 0)
(0.534973 -9.28734 0)
(1.51203 -11.6487 0)
(2.1683 -11.35 0)
(3.18992 -9.87522 0)
(3.75081 -7.89964 0)
(4.62983 -5.1421 0)
(5.00451 -1.78879 0)
(5.8307 1.93665 0)
(6.06651 5.44393 0)
(6.61331 9.23836 0)
(7.04698 12.6273 0)
(6.81719 15.9174 0)
(6.87141 20.139 0)
(6.53212 23.8024 0)
(5.751 26.6049 0)
(5.37412 28.9086 0)
(3.93568 29.3085 0)
(2.51191 28.2645 0)
(1.7611 28.4404 0)
(-0.0405058 25.2035 0)
(0.440421 -10.1826 0)
(1.25216 -12.4064 0)
(1.73188 -11.9521 0)
(2.37445 -10.558 0)
(2.87741 -8.55218 0)
(3.71676 -5.83384 0)
(4.06266 -2.69961 0)
(4.85212 0.881111 0)
(4.91447 4.19878 0)
(5.78559 8.57451 0)
(5.89157 13.1986 0)
(5.88089 17.2452 0)
(5.87905 20.9346 0)
(5.43619 24.4373 0)
(4.57991 27.5438 0)
(4.23085 29.5885 0)
(3.5617 30.3206 0)
(2.34394 29.8709 0)
(1.02735 29.2901 0)
(1.15601 27.1733 0)
(0.401422 -10.958 0)
(1.0587 -12.9651 0)
(1.38131 -12.402 0)
(1.72579 -11.1513 0)
(2.12949 -9.01121 0)
(2.57209 -6.0659 0)
(3.06834 -2.6461 0)
(3.79886 0.853729 0)
(3.93912 4.33363 0)
(4.60786 8.25171 0)
(5.12559 12.2492 0)
(4.73728 16.1534 0)
(5.20691 20.971 0)
(4.69037 24.6276 0)
(4.13576 27.8458 0)
(3.84249 30.5417 0)
(2.74326 31.1162 0)
(1.86741 30.557 0)
(1.42772 30.8333 0)
(-0.313815 27.239 0)
(0.418068 -11.6779 0)
(0.868637 -13.3744 0)
(1.09075 -12.6039 0)
(1.15341 -11.3801 0)
(1.49992 -9.46332 0)
(1.72533 -6.9747 0)
(2.13178 -3.54603 0)
(2.69205 -0.0321132 0)
(2.79807 3.32821 0)
(3.65366 8.1276 0)
(3.78568 12.9055 0)
(4.07435 17.3085 0)
(3.84935 21.1999 0)
(3.66765 25.256 0)
(3.05923 28.4119 0)
(3.15204 30.8295 0)
(2.6192 31.9879 0)
(1.64579 31.4008 0)
(0.62516 31.0934 0)
(1.13576 28.689 0)
(0.392817 -12.2792 0)
(0.656732 -13.6171 0)
(0.819255 -12.679 0)
(0.588863 -11.4194 0)
(0.742714 -9.37219 0)
(0.889169 -6.83867 0)
(1.24034 -3.52656 0)
(1.7166 -0.0545038 0)
(1.76196 3.30056 0)
(2.36682 7.42776 0)
(2.80263 11.8946 0)
(2.43372 16.4419 0)
(3.16803 21.5177 0)
(2.72175 25.0515 0)
(2.54401 28.6585 0)
(2.40014 31.3476 0)
(1.68919 32.1143 0)
(1.25387 32.0627 0)
(1.05152 32.2787 0)
(-0.693114 28.1277 0)
(0.287643 -12.7075 0)
(0.38336 -13.7501 0)
(0.455695 -12.624 0)
(0.187804 -11.4118 0)
(0.162138 -9.68639 0)
(0.0484475 -7.25855 0)
(0.323029 -4.08115 0)
(0.590061 -0.717826 0)
(0.555845 2.66077 0)
(1.23532 7.54632 0)
(1.28586 12.4117 0)
(1.92133 17.1368 0)
(1.6524 21.2268 0)
(1.79591 25.5508 0)
(1.62109 28.7549 0)
(2.09862 31.5167 0)
(1.76049 32.8633 0)
(1.18703 32.4413 0)
(0.486034 32.4312 0)
(1.36938 30.41 0)
(0.183785 -13.0451 0)
(0.154305 -13.7977 0)
(0.0494864 -12.4413 0)
(-0.315726 -11.0574 0)
(-0.408928 -9.38182 0)
(-0.607913 -7.10272 0)
(-0.535477 -3.85651 0)
(-0.332475 -0.447209 0)
(-0.578552 2.727 0)
(-0.207586 6.8057 0)
(0.127943 11.5211 0)
(-0.00502952 16.4063 0)
(0.902929 21.3883 0)
(1.0177 24.8729 0)
(1.32383 28.6675 0)
(1.40882 31.3457 0)
(1.22499 32.5041 0)
(1.14865 32.9882 0)
(0.718286 33.2898 0)
(-1.40013 28.2688 0)
(0.111137 -13.1781 0)
(-0.0467189 -13.6979 0)
(-0.293932 -12.2292 0)
(-0.772762 -10.9486 0)
(-1.16547 -9.41217 0)
(-1.26276 -7.1356 0)
(-1.43016 -4.25771 0)
(-1.36631 -0.897472 0)
(-1.54306 2.63245 0)
(-1.40172 7.1722 0)
(-1.17104 11.7669 0)
(-0.412787 16.4169 0)
(-0.340554 20.7578 0)
(0.182283 24.948 0)
(0.682393 28.2847 0)
(1.50469 31.3303 0)
(1.51406 32.8751 0)
(1.3045 32.8869 0)
(1.00748 33.5379 0)
(2.15713 32.1167 0)
(-0.0177102 -13.0572 0)
(-0.344717 -13.3761 0)
(-0.724479 -11.8026 0)
(-1.20046 -10.4031 0)
(-1.76664 -9.02417 0)
(-1.89051 -6.68678 0)
(-2.28573 -3.75124 0)
(-2.27694 -0.490647 0)
(-2.44718 2.68109 0)
(-2.46277 6.29426 0)
(-2.18646 10.7687 0)
(-1.76293 15.633 0)
(-0.950101 20.227 0)
(-0.049173 23.8457 0)
(0.645245 27.6835 0)
(1.25352 30.4537 0)
(1.76684 32.2685 0)
(2.15254 33.3778 0)
(1.20033 34.269 0)
(-1.43562 29.1567 0)
(-0.126805 -12.819 0)
(-0.533992 -12.9417 0)
(-1.06617 -11.4201 0)
(-1.68437 -10.1528 0)
(-2.32491 -8.6981 0)
(-2.69025 -6.50562 0)
(-3.25334 -3.95307 0)
(-3.31404 -0.637362 0)
(-3.14745 3.32688 0)
(-3.23699 7.00469 0)
(-2.82227 10.982 0)
(-2.07378 15.0243 0)
(-1.35035 19.3805 0)
(-0.514687 23.1746 0)
(0.666757 26.7706 0)
(1.80323 30.224 0)
(2.36431 31.8684 0)
(2.83061 32.5356 0)
(2.88822 34.4292 0)
(3.2738 34.5172 0)
(-0.118765 -12.4782 0)
(-0.647352 -12.4007 0)
(-1.31584 -10.6849 0)
(-1.98825 -9.26764 0)
(-2.62987 -7.79131 0)
(-3.25069 -5.7236 0)
(-3.77741 -3.26757 0)
(-3.78197 -0.399086 0)
(-3.63712 2.75268 0)
(-3.43484 5.67411 0)
(-3.52546 9.74212 0)
(-2.37369 14.3977 0)
(-1.69386 18.0439 0)
(-0.204202 21.9016 0)
(0.838611 25.644 0)
(2.16825 28.5675 0)
(3.52743 31.0778 0)
(4.82208 32.6969 0)
(4.17983 34.6855 0)
(0.486799 32.1615 0)
(-0.163734 -12.0845 0)
(-0.855112 -11.8222 0)
(-1.59563 -10.2848 0)
(-2.26676 -8.88286 0)
(-2.93687 -7.39383 0)
(-3.80461 -5.81011 0)
(-4.18363 -3.46934 0)
(-4.39138 -0.590951 0)
(-4.07812 3.20638 0)
(-3.99569 6.45016 0)
(-3.19536 9.84202 0)
(-2.69456 13.1059 0)
(-1.40616 17.2863 0)
(-0.185261 20.6465 0)
(1.52603 24.5499 0)
(3.039 28.0357 0)
(4.37859 29.818 0)
(6.49181 31.0443 0)
(8.81033 34.4546 0)
(6.33646 37.5587 0)
(-0.274951 -11.5344 0)
(-1.09519 -10.9599 0)
(-1.8733 -9.32191 0)
(-2.54392 -7.92405 0)
(-3.23573 -6.2886 0)
(-4.07697 -4.4449 0)
(-4.46646 -2.20175 0)
(-5.04212 -0.440191 0)
(-4.84058 2.03754 0)
(-4.15346 5.06703 0)
(-3.79928 8.83521 0)
(-2.37021 12.7297 0)
(-1.55497 15.3642 0)
(0.162841 19.1223 0)
(1.66226 22.4872 0)
(3.91987 25.5574 0)
(5.98573 28.5913 0)
(8.22069 29.8804 0)
(12.5378 31.2833 0)
(10.5605 37.8376 0)
(-0.395517 -10.7837 0)
(-1.2548 -10.3664 0)
(-2.13641 -8.93374 0)
(-2.80524 -7.59782 0)
(-3.43155 -6.29285 0)
(-4.20232 -4.75735 0)
(-4.69435 -2.60579 0)
(-5.41406 -0.458269 0)
(-5.04472 2.70901 0)
(-4.33027 5.48001 0)
(-3.74179 7.92636 0)
(-2.76027 10.7341 0)
(-1.31262 14.5429 0)
(0.515042 17.4716 0)
(2.41862 21.355 0)
(4.69555 23.9268 0)
(6.92026 25.7274 0)
(9.27382 28.0281 0)
(16.1393 27.5263 0)
(14.4936 39.2586 0)
(-0.498163 -9.85997 0)
(-1.55418 -9.12036 0)
(-2.46185 -7.70046 0)
(-3.28952 -6.52704 0)
(-3.87251 -4.77262 0)
(-4.51527 -2.94926 0)
(-5.14777 -1.06476 0)
(-5.93246 -0.019506 0)
(-6.09991 1.11613 0)
(-5.25407 3.4282 0)
(-4.45077 7.35656 0)
(-2.93934 10.3778 0)
(-1.65756 12.4972 0)
(0.11275 15.6874 0)
(2.3693 18.0548 0)
(5.32876 21.8423 0)
(8.80099 22.8489 0)
(8.97391 25.4881 0)
(18.4452 17.4031 0)
(17.8787 35.4053 0)
(-0.536788 -8.86672 0)
(-1.61248 -8.32017 0)
(-2.50379 -7.05233 0)
(-3.34777 -6.13584 0)
(-4.20185 -5.05693 0)
(-4.83781 -3.4489 0)
(-5.31898 -1.44617 0)
(-5.6768 0.619135 0)
(-5.83824 2.47566 0)
(-5.83828 4.05116 0)
(-4.88311 6.08027 0)
(-3.32297 7.84882 0)
(-1.63148 10.6724 0)
(0.25001 13.8639 0)
(2.85287 15.9376 0)
(4.82591 18.1498 0)
(10.892 18.7023 0)
(9.68811 25.9344 0)
(18.4925 11.2953 0)
(18.7275 25.3672 0)
(-0.531087 -7.93354 0)
(-1.62287 -7.33436 0)
(-2.61923 -5.89398 0)
(-3.56809 -4.54869 0)
(-4.45227 -3.05504 0)
(-5.36346 -1.42865 0)
(-6.18143 0.122072 0)
(-7.20785 0.601901 0)
(-6.86445 1.06148 0)
(-5.63103 2.26572 0)
(-4.90294 4.28736 0)
(-3.86754 7.31227 0)
(-2.36665 8.87847 0)
(-0.851466 11.6056 0)
(1.84468 12.5636 0)
(4.6623 16.9366 0)
(11.05 10.1324 0)
(10.8069 23.7479 0)
(17.731 12.5186 0)
(18.2893 16.3932 0)
(-0.702151 -6.67043 0)
(-1.89686 -6.42559 0)
(-2.81504 -5.68987 0)
(-3.91137 -4.96752 0)
(-5.00937 -3.86942 0)
(-5.72948 -2.17579 0)
(-5.87344 0.0357559 0)
(-6.03747 1.16377 0)
(-6.69907 1.16578 0)
(-5.99232 2.22547 0)
(-3.94796 3.86705 0)
(-4.18867 6.64762 0)
(-1.71493 5.84437 0)
(-1.70479 10.2218 0)
(2.85059 5.86257 0)
(5.38157 15.2768 0)
(10.8364 6.23087 0)
(10.8646 17.8338 0)
(16.9011 11.2318 0)
(18.4871 10.4811 0)
(-1.01373 -4.99802 0)
(-2.95664 -4.34198 0)
(-4.4659 -2.91806 0)
(-5.91809 -1.60221 0)
(-7.5174 -0.660643 0)
(-8.55727 -0.0180047 0)
(-8.75603 0.936052 0)
(-8.24273 1.79484 0)
(-7.59808 1.36888 0)
(-5.62936 0.663419 0)
(-3.03854 1.08231 0)
(-3.7962 5.99496 0)
(-0.218684 4.13923 0)
(-1.97949 9.67261 0)
(4.30188 0.98517 0)
(5.35471 12.8807 0)
(10.025 6.76811 0)
(11.1167 12.1706 0)
(16.4685 9.24453 0)
(19.3032 7.85665 0)
(-0.8896 -3.95828 0)
(-2.83973 -4.12262 0)
(-4.66527 -3.40765 0)
(-5.7054 -2.37267 0)
(-6.63573 -1.55558 0)
(-7.2482 -0.878138 0)
(-7.85887 -0.175715 0)
(-7.86158 -0.259402 0)
(-7.32414 -1.83396 0)
(-6.44206 -2.90757 0)
(-7.29167 0.012426 0)
(-3.0275 5.43912 0)
(-3.0849 2.34993 0)
(-0.815742 6.92967 0)
(2.63805 -0.995867 0)
(3.0721 8.23403 0)
(8.77951 4.48794 0)
(11.7561 6.19734 0)
(16.198 5.20181 0)
(19.6312 4.32864 0)
(-1.46084 -0.409109 0)
(-3.67254 0.412693 0)
(-5.62807 0.321202 0)
(-6.98636 0.529544 0)
(-7.58996 0.851804 0)
(-7.34038 1.23387 0)
(-6.71065 1.4796 0)
(-6.30531 1.64545 0)
(-6.06306 1.01372 0)
(-6.71848 -0.352737 0)
(-10.7633 0.128787 0)
(-5.12434 3.50607 0)
(-3.92327 2.69148 0)
(0.322065 3.09984 0)
(2.46421 0.32054 0)
(2.64197 2.94304 0)
(8.72649 1.83664 0)
(12.2122 2.0467 0)
(16.1067 1.73381 0)
(19.1336 1.38933 0)
(11.9049 14.5492 0)
(-4.50898 -3.29149 0)
(7.91337 0.575752 0)
(-6.42284 2.26329 0)
(-6.94818 4.52413 0)
(-17.2586 1.32444 0)
(-14.6142 0.520696 0)
(-18.401 -1.35235 0)
(-11.5049 -1.16804 0)
(-16.1473 0.212132 0)
(-10.2923 -2.232 0)
(-8.87622 -1.13771 0)
(-8.08147 -1.03268 0)
(-3.86569 -1.31069 0)
(-4.19279 -0.719277 0)
(-1.27938 -0.906167 0)
(-1.16678 -0.539515 0)
(0.615293 -0.548164 0)
(0.908373 -0.338137 0)
(1.861 -0.402043 0)
(1.83906 -0.289799 0)
(1.88476 -0.209976 0)
(1.28684 0.253051 0)
(0.258041 0.678107 0)
(-1.53974 1.03532 0)
(-3.78803 1.21021 0)
(-6.40441 1.27727 0)
(-8.82221 1.23282 0)
(-11.1969 1.03896 0)
(-12.975 0.841319 0)
(-14.5328 0.530379 0)
(-15.097 0.291668 0)
(-15.5197 -0.0189789 0)
(-14.9835 -0.286361 0)
(-14.4403 -0.421356 0)
(-13.1943 -0.597734 0)
(-11.877 -0.650204 0)
(-10.8021 -0.510747 0)
(-9.00809 -0.601082 0)
(-8.42613 -0.391816 0)
(-6.91493 -0.351088 0)
(-6.45218 -0.429047 0)
(-5.51763 -0.170667 0)
(-4.8621 -0.311804 0)
(-4.52652 -0.129089 0)
(-3.78239 -0.469717 0)
(-3.01241 -0.247753 0)
(-2.5171 -0.256412 0)
(-1.85331 -0.504563 0)
(-0.503231 -0.378294 0)
(-0.32348 -0.393315 0)
(1.37492 -0.466524 0)
(1.73114 -0.414282 0)
(3.23655 -0.372723 0)
(3.80253 -0.391914 0)
(5.24468 -0.329926 0)
(5.64814 -0.339714 0)
(7.05012 -0.277867 0)
(7.10965 -0.180099 0)
(8.38549 -0.167326 0)
(8.21426 -0.0419042 0)
(9.18939 -0.0636334 0)
(8.92445 0.0295919 0)
(9.52514 0.101714 0)
(9.12567 0.209254 0)
(9.43409 0.282179 0)
(8.83503 0.321414 0)
(8.98316 0.262835 0)
(8.2678 0.264888 0)
(8.29129 0.182672 0)
(7.68496 0.114894 0)
(7.66246 0.079006 0)
(7.17272 0.0245841 0)
(7.27291 -0.0311373 0)
(6.85282 -0.022522 0)
(7.02303 -0.0735859 0)
(6.80121 -0.0874509 0)
(6.98198 -0.0846258 0)
(6.87953 -0.0937161 0)
(7.15326 -0.114715 0)
(12.0049 10.515 0)
(-6.71589 2.36971 0)
(-8.35063 5.50113 0)
(-9.81177 9.32345 0)
(-10.5547 5.96266 0)
(-10.9349 4.68832 0)
(-11.1425 1.22501 0)
(-10.5667 -0.611736 0)
(-7.95308 -2.88555 0)
(-8.96881 -2.3428 0)
(-4.49705 -4.03465 0)
(-4.18124 -3.19788 0)
(-2.58552 -3.44579 0)
(-0.478023 -2.93524 0)
(-0.174971 -2.28684 0)
(1.749 -1.93445 0)
(2.12082 -1.58048 0)
(3.70617 -1.358 0)
(4.13791 -1.03072 0)
(5.72112 -0.426045 0)
(5.87705 0.292807 0)
(6.63037 1.01748 0)
(5.3393 1.64598 0)
(4.30656 2.30392 0)
(2.1229 2.86565 0)
(0.652471 3.24981 0)
(-1.65503 3.35817 0)
(-3.27685 3.25368 0)
(-5.14316 2.90989 0)
(-6.43655 2.28102 0)
(-7.48913 1.54801 0)
(-7.88872 0.536993 0)
(-7.88394 -0.251435 0)
(-7.21344 -1.05042 0)
(-6.41262 -1.58099 0)
(-5.25331 -1.91422 0)
(-3.07201 -2.0488 0)
(-3.02177 -1.88208 0)
(0.0826496 -1.91837 0)
(-0.151811 -1.47021 0)
(1.76589 -1.41463 0)
(2.7067 -1.1403 0)
(2.53129 -1.05508 0)
(4.70655 -1.00437 0)
(3.60335 -0.945277 0)
(5.90852 -1.10067 0)
(5.02146 -1.10741 0)
(7.15865 -1.29482 0)
(6.6024 -1.32924 0)
(8.61418 -1.52279 0)
(8.38205 -1.5124 0)
(10.3022 -1.69115 0)
(10.2998 -1.63465 0)
(12.0252 -1.69674 0)
(12.1424 -1.54058 0)
(13.6283 -1.45089 0)
(13.732 -1.22032 0)
(15.017 -1.11506 0)
(15.0089 -0.937083 0)
(16.0155 -0.842409 0)
(15.9295 -0.663248 0)
(16.692 -0.520883 0)
(16.5096 -0.353328 0)
(17.096 -0.240504 0)
(16.8528 -0.0978439 0)
(17.3251 0.0233923 0)
(17.0094 0.19275 0)
(17.3514 0.260197 0)
(17.0737 0.37445 0)
(17.2685 0.399219 0)
(17.0005 0.423532 0)
(17.0847 0.388925 0)
(16.792 0.366018 0)
(16.847 0.296391 0)
(16.5521 0.239594 0)
(16.5744 0.163927 0)
(16.3223 0.0877838 0)
(16.4046 -0.012357 0)
(16.24 -0.0741129 0)
(16.3694 -0.175171 0)
(19.5803 22.4218 0)
(8.51279 10.4716 0)
(-0.494655 4.01797 0)
(-3.51507 4.7706 0)
(-1.75082 3.87984 0)
(-1.87201 2.28426 0)
(-0.0286729 -0.430071 0)
(0.83288 -2.94265 0)
(2.89962 -4.10212 0)
(4.33263 -4.68452 0)
(6.048 -4.92911 0)
(7.18042 -4.42313 0)
(7.51645 -3.73702 0)
(7.72092 -3.13504 0)
(7.61508 -2.5391 0)
(7.7147 -2.31824 0)
(7.45009 -2.14556 0)
(7.33835 -2.07177 0)
(7.47269 -2.00056 0)
(7.53757 -1.89139 0)
(7.89417 -1.36234 0)
(8.30733 -0.221837 0)
(9.07986 1.38913 0)
(9.77565 3.00226 0)
(9.93677 4.1088 0)
(9.0175 4.74701 0)
(7.85726 4.95945 0)
(6.12157 4.8214 0)
(5.04032 4.25602 0)
(3.96148 3.3406 0)
(3.02232 2.12162 0)
(3.2567 0.681521 0)
(2.74158 -0.728471 0)
(3.83665 -2.02203 0)
(4.45001 -2.98243 0)
(5.95808 -3.50667 0)
(6.90281 -3.71706 0)
(8.98239 -3.50569 0)
(9.89077 -3.19726 0)
(11.8785 -2.63218 0)
(12.6409 -2.18991 0)
(14.0698 -1.85703 0)
(14.514 -1.47686 0)
(15.478 -1.43416 0)
(15.7729 -1.33244 0)
(16.4896 -1.5035 0)
(16.7913 -1.58819 0)
(17.4593 -1.83517 0)
(17.8522 -1.99343 0)
(18.5581 -2.16666 0)
(18.9711 -2.24142 0)
(19.8014 -2.36892 0)
(20.2054 -2.36025 0)
(21.0627 -2.38909 0)
(21.4028 -2.30937 0)
(22.2277 -2.19607 0)
(22.4155 -1.9011 0)
(23.0448 -1.6475 0)
(23.0223 -1.35327 0)
(23.4932 -1.15726 0)
(23.3973 -0.917657 0)
(23.7264 -0.71096 0)
(23.5123 -0.450118 0)
(23.728 -0.281917 0)
(23.5292 -0.0650758 0)
(23.6688 0.0859406 0)
(23.4386 0.245288 0)
(23.4838 0.335039 0)
(23.2847 0.405413 0)
(23.2919 0.424325 0)
(23.0962 0.415287 0)
(23.0853 0.375793 0)
(22.9188 0.332325 0)
(22.9512 0.274976 0)
(22.8285 0.227138 0)
(22.9255 0.133687 0)
(22.8372 0.0841635 0)
(22.958 -0.0365584 0)
(22.9031 -0.0657402 0)
(23.0398 -0.194764 0)
(25.7099 29.9038 0)
(23.9345 21.5733 0)
(19.4982 14.2512 0)
(15.2433 9.57481 0)
(15.02 5.4399 0)
(14.8038 2.5604 0)
(15.4082 -0.640492 0)
(15.357 -2.94318 0)
(16.1437 -4.69319 0)
(16.235 -5.5249 0)
(17.1712 -5.52048 0)
(16.8609 -4.82747 0)
(17.0019 -4.08531 0)
(15.8853 -3.38078 0)
(16.3677 -2.7644 0)
(16.2517 -2.14409 0)
(16.9604 -1.92105 0)
(17.2932 -1.98459 0)
(17.9337 -1.76193 0)
(18.1116 -0.90165 0)
(17.8657 -0.125559 0)
(17.4212 0.204057 0)
(16.5816 0.989077 0)
(15.8211 2.45299 0)
(15.5594 4.14069 0)
(15.3779 5.4369 0)
(15.5352 6.15162 0)
(15.2207 6.18084 0)
(15.1893 5.53813 0)
(14.9002 4.438 0)
(14.7459 2.94044 0)
(14.6672 1.04468 0)
(14.6737 -0.85389 0)
(14.9352 -2.70398 0)
(15.413 -4.08698 0)
(16.0008 -5.11267 0)
(16.7505 -5.51438 0)
(17.7261 -5.6077 0)
(18.6329 -5.16331 0)
(19.7873 -4.6217 0)
(20.7545 -3.88897 0)
(21.8027 -3.2129 0)
(22.6357 -2.62215 0)
(23.4324 -2.20019 0)
(24.0397 -1.94801 0)
(24.5914 -1.88579 0)
(25.0007 -1.92732 0)
(25.3659 -2.06844 0)
(25.6481 -2.24947 0)
(25.9381 -2.41482 0)
(26.1337 -2.52218 0)
(26.4341 -2.64111 0)
(26.6377 -2.64807 0)
(26.9911 -2.67251 0)
(27.2259 -2.58592 0)
(27.6966 -2.47513 0)
(27.8853 -2.14722 0)
(28.1576 -1.8433 0)
(28.096 -1.47125 0)
(28.2362 -1.21888 0)
(28.144 -0.940241 0)
(28.2458 -0.752444 0)
(28.0755 -0.486858 0)
(28.0817 -0.276125 0)
(27.9365 -0.043862 0)
(27.9182 0.122544 0)
(27.7619 0.26239 0)
(27.7185 0.378273 0)
(27.5987 0.459574 0)
(27.5466 0.520964 0)
(27.4364 0.52412 0)
(27.3935 0.505701 0)
(27.3191 0.452965 0)
(27.3015 0.386828 0)
(27.2442 0.30998 0)
(27.2455 0.178264 0)
(27.2036 0.0899083 0)
(27.2214 -0.0616406 0)
(27.1979 -0.117674 0)
(27.2065 -0.264722 0)
(26.8765 26.9255 0)
(30.3554 23.3217 0)
(31.2185 18.0959 0)
(29.9598 13.0066 0)
(29.9271 8.03595 0)
(29.4229 3.61391 0)
(29.1364 -0.2778 0)
(28.2427 -3.03345 0)
(27.452 -4.85785 0)
(26.3738 -5.73079 0)
(25.7323 -5.7282 0)
(24.7545 -5.12846 0)
(24.1774 -4.30803 0)
(23.6163 -3.25837 0)
(23.4597 -2.43169 0)
(23.3482 -2.1851 0)
(23.289 -2.32446 0)
(23.1625 -2.44043 0)
(22.727 -2.34916 0)
(22.5481 -2.06306 0)
(22.3917 -1.14842 0)
(22.5956 0.215578 0)
(22.5822 1.69003 0)
(22.6487 2.96161 0)
(22.7345 4.18239 0)
(22.8432 5.20073 0)
(23.2931 5.81354 0)
(23.7571 5.91345 0)
(24.3562 5.43544 0)
(24.8317 4.38358 0)
(25.3372 2.8674 0)
(25.5745 1.02271 0)
(25.794 -0.838555 0)
(25.8625 -2.55137 0)
(26.0655 -3.98099 0)
(26.1671 -4.98971 0)
(26.3173 -5.47418 0)
(26.4691 -5.58056 0)
(26.6747 -5.26325 0)
(26.8965 -4.78508 0)
(27.1638 -4.14204 0)
(27.3992 -3.53971 0)
(27.6191 -3.013 0)
(27.8036 -2.64334 0)
(27.9332 -2.40578 0)
(28.0286 -2.35776 0)
(28.0715 -2.37405 0)
(28.0454 -2.51101 0)
(28.029 -2.65479 0)
(28.0019 -2.81369 0)
(28.0056 -2.91827 0)
(28.047 -3.02658 0)
(28.1835 -3.00606 0)
(28.3401 -2.98182 0)
(28.6223 -2.84062 0)
(28.9889 -2.63481 0)
(29.3181 -2.28205 0)
(29.4594 -1.92957 0)
(29.4685 -1.49985 0)
(29.4196 -1.14852 0)
(29.3742 -0.795288 0)
(29.3387 -0.589585 0)
(29.3078 -0.369896 0)
(29.2352 -0.150791 0)
(29.178 0.103014 0)
(29.0786 0.261173 0)
(29.0411 0.407339 0)
(28.9824 0.499763 0)
(28.9916 0.590844 0)
(28.9245 0.620653 0)
(28.9335 0.624617 0)
(28.8694 0.57062 0)
(28.9181 0.513408 0)
(28.8843 0.398371 0)
(28.9273 0.316247 0)
(28.8984 0.180477 0)
(28.9581 0.0975815 0)
(28.9381 -0.0462291 0)
(28.9568 -0.101221 0)
(28.9266 -0.220785 0)
(24.9258 18.9296 0)
(30.2459 18.1316 0)
(34.0527 15.2215 0)
(35.6033 11.6112 0)
(36.9023 7.61541 0)
(37.0127 3.8075 0)
(36.8641 0.543219 0)
(35.5479 -1.79582 0)
(34.0261 -3.26558 0)
(31.9151 -3.87634 0)
(30.6232 -3.89246 0)
(29.114 -3.54344 0)
(28.472 -2.95439 0)
(27.6402 -2.33659 0)
(27.4715 -1.94114 0)
(27.113 -1.94378 0)
(27.3251 -1.99113 0)
(27.1804 -1.99165 0)
(27.4013 -1.71945 0)
(27.4227 -1.21827 0)
(27.5889 -0.416583 0)
(27.3871 0.481276 0)
(27.5482 1.5936 0)
(27.6762 2.77322 0)
(28.3728 3.94821 0)
(28.8746 4.9314 0)
(29.9114 5.55782 0)
(30.7085 5.64983 0)
(31.8825 5.21382 0)
(32.6245 4.23811 0)
(33.5314 2.8185 0)
(33.8163 1.02813 0)
(34.2398 -0.768669 0)
(34.0063 -2.39081 0)
(33.866 -3.80829 0)
(33.3039 -4.85106 0)
(32.9003 -5.43621 0)
(32.2545 -5.58157 0)
(31.8667 -5.33113 0)
(31.3796 -4.86502 0)
(31.1536 -4.22866 0)
(30.8299 -3.6045 0)
(30.6618 -3.03674 0)
(30.4269 -2.58419 0)
(30.2461 -2.27839 0)
(30.0139 -2.12615 0)
(29.8096 -2.07316 0)
(29.5266 -2.18571 0)
(29.3341 -2.29801 0)
(29.1161 -2.53567 0)
(28.9886 -2.74861 0)
(28.9158 -2.97215 0)
(28.9798 -3.08372 0)
(29.0364 -3.17266 0)
(29.2775 -3.00415 0)
(29.5585 -2.72259 0)
(29.7903 -2.34299 0)
(29.7925 -2.02962 0)
(29.6974 -1.60295 0)
(29.4433 -1.17935 0)
(29.2162 -0.758379 0)
(28.9051 -0.50121 0)
(28.8099 -0.31084 0)
(28.6507 -0.133701 0)
(28.56 0.0805605 0)
(28.3243 0.24684 0)
(28.2946 0.388008 0)
(28.172 0.482117 0)
(28.2408 0.538724 0)
(28.1235 0.547468 0)
(28.2128 0.523642 0)
(28.1354 0.470109 0)
(28.2798 0.406678 0)
(28.2368 0.306591 0)
(28.4034 0.22324 0)
(28.3562 0.109429 0)
(28.4816 0.0554487 0)
(28.4337 -0.0727213 0)
(28.5023 -0.117351 0)
(28.443 -0.21835 0)
(23.0731 11.5842 0)
(27.8439 11.6549 0)
(32.542 10.2514 0)
(35.3979 8.17883 0)
(37.6987 5.60065 0)
(38.4928 3.01969 0)
(38.7882 0.742284 0)
(37.5813 -1.02728 0)
(36.3607 -2.17059 0)
(34.4497 -2.65327 0)
(33.4454 -2.8491 0)
(32.0774 -2.80358 0)
(31.7018 -2.61315 0)
(30.774 -2.42608 0)
(30.8069 -2.34861 0)
(30.2888 -2.31509 0)
(30.7062 -2.30532 0)
(30.3518 -2.27258 0)
(30.6558 -2.08844 0)
(30.1861 -1.77277 0)
(30.5344 -1.14327 0)
(30.178 -0.258157 0)
(30.6924 0.802148 0)
(30.7504 1.86874 0)
(31.8007 2.87584 0)
(32.3464 3.65566 0)
(33.7557 4.16755 0)
(34.6056 4.24206 0)
(36.1303 3.89274 0)
(36.8985 3.07069 0)
(37.9852 1.90164 0)
(38.2102 0.462118 0)
(38.6661 -1.01073 0)
(38.0934 -2.39387 0)
(37.6517 -3.57621 0)
(36.5454 -4.41239 0)
(35.8078 -4.86382 0)
(34.6263 -4.91277 0)
(33.9238 -4.66965 0)
(32.9396 -4.23244 0)
(32.4666 -3.66667 0)
(31.7335 -3.11623 0)
(31.4092 -2.61911 0)
(30.8784 -2.21468 0)
(30.5984 -2.00595 0)
(30.1704 -1.85786 0)
(29.9025 -1.90833 0)
(29.4764 -2.05351 0)
(29.2884 -2.21748 0)
(28.9104 -2.56956 0)
(28.8547 -2.85268 0)
(28.7207 -3.17545 0)
(28.8395 -3.48026 0)
(28.9255 -3.61718 0)
(29.2916 -3.28388 0)
(29.476 -2.73749 0)
(29.5203 -2.20961 0)
(29.3372 -1.81089 0)
(29.1835 -1.36811 0)
(28.8311 -0.940997 0)
(28.4158 -0.519175 0)
(27.9013 -0.214042 0)
(27.6537 0.0737223 0)
(27.4534 0.239319 0)
(27.3223 0.40802 0)
(27.0494 0.531531 0)
(26.9562 0.675237 0)
(26.778 0.734735 0)
(26.7756 0.758523 0)
(26.6177 0.713671 0)
(26.6683 0.659528 0)
(26.5536 0.560799 0)
(26.671 0.464325 0)
(26.5834 0.333499 0)
(26.7059 0.213429 0)
(26.6371 0.0823225 0)
(26.7488 -0.0167632 0)
(26.62 -0.119342 0)
(26.6834 -0.163148 0)
(26.554 -0.225999 0)
(22.7417 7.9525 0)
(26.4339 8.0787 0)
(30.56 7.4622 0)
(33.6923 6.30726 0)
(36.2897 4.7973 0)
(37.722 3.11756 0)
(38.4926 1.50551 0)
(38.2021 0.173264 0)
(37.6662 -0.729047 0)
(36.5903 -1.23449 0)
(35.9057 -1.56942 0)
(34.9934 -1.73391 0)
(34.6152 -1.81771 0)
(33.7808 -1.82798 0)
(33.6015 -1.86062 0)
(32.9554 -1.8553 0)
(32.9889 -1.91238 0)
(32.2497 -1.91579 0)
(32.1694 -1.77124 0)
(31.394 -1.33868 0)
(31.5394 -0.689612 0)
(30.9147 0.134661 0)
(31.3522 1.02029 0)
(31.2351 1.84633 0)
(32.2931 2.51953 0)
(32.7666 2.9817 0)
(34.2569 3.22109 0)
(35.0975 3.18895 0)
(36.6936 2.8489 0)
(37.4399 2.19006 0)
(38.5823 1.32069 0)
(38.7809 0.298016 0)
(39.161 -0.791901 0)
(38.4199 -1.85097 0)
(37.8917 -2.69614 0)
(36.629 -3.27366 0)
(35.8348 -3.59388 0)
(34.488 -3.64909 0)
(33.7407 -3.53775 0)
(32.6071 -3.24652 0)
(32.1215 -2.84731 0)
(31.2201 -2.44508 0)
(30.8835 -2.01078 0)
(30.1903 -1.69999 0)
(29.887 -1.49091 0)
(29.3892 -1.3388 0)
(29.0342 -1.42542 0)
(28.5917 -1.4879 0)
(28.3036 -1.70128 0)
(27.7135 -2.06139 0)
(27.6127 -2.34651 0)
(27.0561 -2.82262 0)
(26.9804 -3.4298 0)
(26.9212 -3.67628 0)
(27.3756 -3.31305 0)
(27.0555 -2.60333 0)
(26.5828 -1.839 0)
(25.8271 -1.19006 0)
(25.4745 -0.646872 0)
(24.8343 -0.359657 0)
(24.3661 -0.216726 0)
(23.609 -0.0922671 0)
(23.3864 0.107857 0)
(22.9989 0.225302 0)
(22.9372 0.305591 0)
(22.6227 0.40649 0)
(22.6394 0.534186 0)
(22.4545 0.600676 0)
(22.4762 0.641121 0)
(22.3837 0.62721 0)
(22.3838 0.58819 0)
(22.3628 0.524988 0)
(22.3918 0.437751 0)
(22.3578 0.304934 0)
(22.425 0.246509 0)
(22.389 0.149256 0)
(22.4381 0.0735959 0)
(22.4115 0.013578 0)
(22.4518 0.00908749 0)
(22.3779 -0.0688652 0)
(22.7018 4.34395 0)
(25.9126 4.48093 0)
(29.2713 4.34295 0)
(32.3354 3.7441 0)
(34.7982 2.94328 0)
(36.6223 1.90195 0)
(37.672 0.940346 0)
(38.1187 0.0942553 0)
(37.9733 -0.498881 0)
(37.4854 -0.941122 0)
(36.7465 -1.19115 0)
(36.1258 -1.36971 0)
(35.3954 -1.41598 0)
(34.7037 -1.39503 0)
(33.9657 -1.36383 0)
(33.2936 -1.38293 0)
(32.572 -1.45057 0)
(31.8594 -1.45702 0)
(31.254 -1.32716 0)
(30.6841 -0.990872 0)
(30.4276 -0.595145 0)
(30.156 -0.0672839 0)
(30.3544 0.477954 0)
(30.5684 0.999743 0)
(31.3939 1.36115 0)
(32.1835 1.63187 0)
(33.4662 1.72264 0)
(34.5454 1.71559 0)
(35.8991 1.47104 0)
(36.8302 1.10635 0)
(37.7632 0.567395 0)
(38.0492 -0.0423672 0)
(38.1689 -0.74057 0)
(37.5026 -1.39064 0)
(36.7766 -1.88038 0)
(35.49 -2.27352 0)
(34.3616 -2.49106 0)
(32.8756 -2.61446 0)
(31.7208 -2.58388 0)
(30.4215 -2.41753 0)
(29.5388 -2.20306 0)
(28.4195 -1.90868 0)
(27.8516 -1.61995 0)
(26.875 -1.39744 0)
(26.5027 -1.17359 0)
(25.7654 -1.11912 0)
(25.2019 -1.125 0)
(24.7241 -1.15652 0)
(23.9569 -1.4174 0)
(23.1521 -1.64691 0)
(22.7063 -1.90402 0)
(21.2649 -2.57599 0)
(20.2389 -3.17558 0)
(19.8857 -3.45482 0)
(20.1782 -3.61412 0)
(19.2238 -3.33913 0)
(18.0717 -2.6177 0)
(16.2409 -1.40086 0)
(15.7472 -0.325781 0)
(14.0302 0.346529 0)
(13.789 0.687695 0)
(12.4456 0.870463 0)
(12.9446 1.04907 0)
(12.1161 0.999892 0)
(12.8016 1.03793 0)
(12.292 0.969694 0)
(13.1931 1.09501 0)
(12.8488 0.858715 0)
(13.4998 0.976561 0)
(13.7951 0.741036 0)
(13.8799 0.667066 0)
(14.6118 0.576497 0)
(14.612 0.33452 0)
(15.0773 0.23 0)
(15.4035 0.0747554 0)
(15.5171 -0.0530583 0)
(15.6803 -0.117851 0)
(15.8932 -0.152853 0)
(15.8915 -0.257776 0)
(15.7797 -0.279769 0)
(22.0767 1.3141 0)
(24.6293 1.28811 0)
(27.6216 1.20527 0)
(30.1584 0.934234 0)
(32.6241 0.614839 0)
(34.2931 0.235513 0)
(35.5821 -0.0650062 0)
(35.9096 -0.288242 0)
(35.7284 -0.441264 0)
(34.9111 -0.59182 0)
(33.9751 -0.627497 0)
(32.9611 -0.690405 0)
(32.0152 -0.66523 0)
(30.982 -0.629746 0)
(29.8365 -0.596687 0)
(28.8048 -0.660087 0)
(27.6231 -0.669838 0)
(26.6261 -0.615538 0)
(25.4313 -0.454843 0)
(24.7507 -0.238236 0)
(24.1084 -0.00176821 0)
(24.2009 0.250563 0)
(24.2232 0.46936 0)
(24.9831 0.642669 0)
(25.6742 0.742767 0)
(27.0832 0.79413 0)
(28.1859 0.787434 0)
(29.7812 0.749304 0)
(30.8221 0.621575 0)
(32.1002 0.483071 0)
(32.5613 0.222772 0)
(33.0327 -0.0219022 0)
(32.5944 -0.347976 0)
(31.9815 -0.586291 0)
(30.5063 -0.800832 0)
(29.0337 -0.992662 0)
(27.0016 -1.07696 0)
(25.2072 -1.14785 0)
(23.0456 -1.05982 0)
(21.4706 -0.873348 0)
(19.5774 -0.780831 0)
(18.4138 -0.436583 0)
(17.0974 -0.435279 0)
(16.2278 -0.256904 0)
(15.5074 -0.120162 0)
(14.7608 -0.419626 0)
(14.067 -0.18612 0)
(13.5952 -0.362474 0)
(12.3434 -0.87283 0)
(11.6261 -0.409829 0)
(10.4869 -0.967101 0)
(8.03626 -2.52984 0)
(4.81077 -2.30849 0)
(2.20634 -0.905819 0)
(-0.277039 0.527658 0)
(-1.72494 1.44357 0)
(-2.63742 1.70627 0)
(-2.89555 1.59182 0)
(-2.33958 1.27911 0)
(-1.99438 1.04225 0)
(-0.776476 0.810145 0)
(-0.282276 0.505636 0)
(0.653552 0.279863 0)
(1.10102 0.266964 0)
(2.00688 -0.119123 0)
(1.59934 0.237665 0)
(3.83209 0.0807797 0)
(1.99478 -0.343709 0)
(4.77865 0.445408 0)
(3.66303 -0.471821 0)
(4.21173 0.00503168 0)
(5.29652 -0.0782823 0)
(3.99974 -0.489082 0)
(5.39564 0.0877155 0)
(4.66772 -0.238529 0)
(4.58339 -0.28613 0)
(4.59816 0.0404226 0)
(4.71906 0.146379 0)
(4.24097 -0.148627 0)
(4.1669 -0.0557328 0)
)
;

boundaryField
{
    inlet
    {
        type            fixedValue;
        value           uniform (10 0 0);
    }
    outlet
    {
        type            zeroGradient;
    }
    walls
    {
        type            fixedValue;
        value           uniform (0 0 0);
    }
    frontAndBack
    {
        type            empty;
    }
}


// ************************************************************************* //
