/*--------------------------------*- C++ -*----------------------------------*\
| =========                 |                                                 |
| \\      /  F ield         | OpenFOAM: The Open Source CFD Toolbox           |
|  \\    /   O peration     | Version:  2306                                  |
|   \\  /    A nd           | Website:  www.openfoam.com                      |
|    \\/     M anipulation  |                                                 |
\*---------------------------------------------------------------------------*/
FoamFile
{
    version     2.0;
    format      ascii;
    arch        "LSB;label=32;scalar=64";
    class       surfaceScalarField;
    location    "0.125";
    object      phi;
}
// * * * * * * * * * * * * * * * * * * * * * * * * * * * * * * * * * * * * * //

dimensions      [0 3 -1 0 0 0 0];

oriented        oriented;

internalField   nonuniform List<scalar> 
8520
(
0.00992785
7.21503e-05
0.00978962
0.000138228
0.00962954
0.000160084
0.00946831
0.00016123
0.00930948
0.000158828
0.00914925
0.000160231
0.00898647
0.000162779
0.00882112
0.000165349
0.00865388
0.000167244
0.00848588
0.000168
0.00831822
0.000167657
0.00815149
0.000166725
0.00798607
0.000165427
0.007822
0.000164069
0.00765932
0.000162681
0.00749813
0.000161189
0.00733842
0.000159707
0.00718037
0.00015805
0.00702408
0.000156292
0.00686958
0.000154504
0.00671708
0.000152492
0.00656653
0.000150554
0.00641815
0.000148377
0.00627195
0.000146206
0.00612795
0.000143996
0.00598633
0.000141616
0.00584702
0.000139315
0.00571014
0.000136883
0.00557575
0.000134383
0.0054438
0.000131951
0.00531443
0.000129371
0.00518759
0.000126838
0.00506316
0.000124438
0.00494128
0.000121875
0.00482172
0.000119564
0.00470448
0.000117235
0.00458947
0.000115009
0.00447649
0.000112979
0.00436544
0.000111053
0.00425608
0.00010936
0.00414815
0.000107927
0.00404141
0.000106741
0.00393543
0.000105982
0.00382994
0.000105491
0.00372436
0.000105583
0.00361824
0.000106117
0.003511
0.000107239
0.00340208
0.000108918
0.0032907
0.000111376
0.00317607
0.000114632
0.00305732
0.00011875
0.00293338
0.000123946
0.00280321
0.000130162
0.00266557
0.000137645
0.00251906
0.000146514
0.00236229
0.000156766
0.00219367
0.000168618
0.0020115
0.000182166
0.00181418
0.000197329
0.00159979
0.000214381
0.00136697
0.000232822
0.00111406
0.000252908
0.000840185
0.000273878
0.000545041
0.000295144
0.000228032
0.000317009
-0.000110446
0.000338478
-0.000474707
0.000364261
-0.000858503
0.000383796
-0.00121584
0.00035734
-0.00145822
0.000242374
-0.00150505
4.68283e-05
-0.00135469
-0.000150351
-0.00105275
-0.000301941
-0.000691118
-0.000361636
-0.000432404
-0.000258713
-0.00039327
-3.91346e-05
-0.00054206
0.00014879
-0.000681752
0.000139692
-0.000655396
-2.63561e-05
-9.71984e-05
-0.000558197
0.0100357
3.64254e-05
0.0100798
9.41315e-05
0.0101109
0.000129051
0.0101272
0.000144858
0.0101358
0.000150265
0.0101432
0.00015285
0.0101494
0.000156541
0.0101533
0.000161419
0.0101538
0.000166793
0.0101504
0.000171344
0.0101433
0.000174807
0.0101327
0.000177323
0.0101193
0.000178849
0.0101033
0.000180056
0.010085
0.000180959
0.0100645
0.000181654
0.0100418
0.000182404
0.0100171
0.00018279
0.00999028
0.000183119
0.00996143
0.000183358
0.00993071
0.000183207
0.00989809
0.000183178
0.00986371
0.000182759
0.00982767
0.000182244
0.00978986
0.000181802
0.00975058
0.000180901
0.00970968
0.000180212
0.00966726
0.000179304
0.00962351
0.00017813
0.00957814
0.000177324
0.00953156
0.00017595
0.00948343
0.000174971
0.00943403
0.000173839
0.00938324
0.000172658
0.00933099
0.000171817
0.00927742
0.000170802
0.00922229
0.000170147
0.00916566
0.000169607
0.00910737
0.00016934
0.00904739
0.000169342
0.00898548
0.000169836
0.00892159
0.000170631
0.00885538
0.000172197
0.00878671
0.000174162
0.0087152
0.000177085
0.00864052
0.000180804
0.00856231
0.000185443
0.00848003
0.000191199
0.00839328
0.000198129
0.00830129
0.000206619
0.00820359
0.000216452
0.00809906
0.000228476
0.00798704
0.000242187
0.00786631
0.000258373
0.00773573
0.000277089
0.00759407
0.000298433
0.00743953
0.000323157
0.00727083
0.00035086
0.00708566
0.000382501
0.00688229
0.000417753
0.006658
0.000457115
0.0064108
0.000500108
0.00613734
0.000547336
0.0058351
0.000597381
0.00550078
0.000651334
0.00513385
0.000705408
0.00474012
0.000757985
0.00432518
0.000798737
0.0038806
0.00080192
0.00335835
0.000764631
0.00268858
0.000716591
0.00185208
0.000686155
0.000807844
0.000742291
-0.000373867
0.000820076
-0.00141604
0.000783456
-0.00194358
0.000488407
-0.0020071
0.000212309
-0.00188228
1.48701e-05
-0.00176653
-0.000142104
-0.000259328
-0.0016044
0.0100142
2.22498e-05
0.0100441
6.42555e-05
0.0100778
9.5299e-05
0.0101073
0.000115321
0.0101314
0.000126239
0.0101523
0.000131948
0.0101731
0.000135758
0.0101951
0.000139361
0.010218
0.000143902
0.010241
0.000148343
0.0102633
0.000152515
0.0102845
0.0001561
0.0103048
0.000158574
0.0103241
0.000160772
0.0103428
0.000162256
0.0103608
0.000163681
0.0103782
0.000164932
0.010395
0.000165973
0.0104112
0.000167
0.0104266
0.00016795
0.0104411
0.000168694
0.0104549
0.000169373
0.0104676
0.000169995
0.0104797
0.000170226
0.0104906
0.000170879
0.0105006
0.000170891
0.0105096
0.000171178
0.0105174
0.000171501
0.0105244
0.000171145
0.0105299
0.000171847
0.0105346
0.000171297
0.0105377
0.000171873
0.0105397
0.000171819
0.0105403
0.000172019
0.0105395
0.000172678
0.0105373
0.000172933
0.0105335
0.000173996
0.0105281
0.000174946
0.010521
0.000176433
0.0105122
0.000178224
0.0105014
0.00018063
0.0104885
0.000183446
0.0104735
0.000187226
0.0104562
0.000191479
0.0104362
0.000197051
0.0104137
0.000203308
0.0103881
0.000211124
0.0103593
0.000219933
0.0103268
0.000230612
0.0102905
0.000242947
0.0102499
0.00025702
0.0102043
0.000274138
0.0101537
0.000292784
0.0100966
0.000315484
0.0100334
0.000340235
0.00996219
0.00036966
0.00988326
0.000402088
0.00979424
0.000439889
0.0096955
0.00048124
0.009584
0.000529248
0.00945996
0.000581155
0.00932014
0.000639928
0.00916409
0.000703387
0.00898863
0.000772838
0.00879413
0.000845832
0.00857732
0.000922221
0.00834108
0.000994223
0.00807611
0.00106371
0.00776249
0.00111553
0.00736068
0.00116644
0.006864
0.00121327
0.00628387
0.00126629
0.00568073
0.00134543
0.00507464
0.00142616
0.00437879
0.00147931
0.00343626
0.00143094
0.00229905
0.00134951
0.00101541
0.00129851
-0.000284773
0.00115808
0.000661762
-0.00120586
0.0100069
1.53607e-05
0.0100268
4.43496e-05
0.0100519
7.02427e-05
0.0100769
9.02241e-05
0.0101004
0.000102809
0.0101223
0.000110072
0.0101432
0.0001148
0.0101642
0.000118342
0.0101865
0.000121651
0.0102096
0.000125196
0.0102334
0.000128789
0.0102571
0.00013233
0.0102808
0.000134875
0.0103042
0.000137443
0.0103275
0.000138943
0.0103505
0.000140669
0.0103737
0.000141747
0.0103968
0.000142871
0.0104198
0.000143963
0.0104429
0.000144831
0.0104657
0.000145952
0.0104885
0.000146513
0.0105109
0.000147617
0.0105332
0.000147935
0.0105551
0.00014901
0.0105766
0.000149324
0.0105978
0.000150012
0.0106185
0.000150788
0.0106387
0.000150905
0.0106584
0.000152187
0.0106775
0.000152189
0.0106959
0.000153466
0.0107136
0.000154095
0.0107306
0.000155039
0.0107467
0.000156618
0.010762
0.00015763
0.0107762
0.000159794
0.0107894
0.000161706
0.0108016
0.000164275
0.0108124
0.000167395
0.0108222
0.000170865
0.0108304
0.00017528
0.0108373
0.000180319
0.0108425
0.000186216
0.0108461
0.000193513
0.010848
0.000201326
0.0108477
0.000211431
0.0108459
0.00022179
0.0108411
0.000235374
0.0108347
0.000249349
0.0108249
0.000266825
0.010813
0.000286003
0.0107975
0.000308372
0.0107791
0.000333848
0.0107566
0.000362756
0.0107307
0.000395547
0.0106998
0.00043301
0.010665
0.000474681
0.0106241
0.000522132
0.0105783
0.00057504
0.0105255
0.000633947
0.0104663
0.000699133
0.0103988
0.000770868
0.010324
0.000847681
0.0102382
0.000931555
0.0101438
0.00101667
0.0100312
0.0011068
0.00989715
0.00119777
0.0097224
0.00129028
0.00949978
0.00138907
0.00923164
0.00148141
0.00891149
0.00158644
0.00856298
0.00169394
0.00818385
0.00180529
0.00772961
0.00193355
0.0071412
0.00201935
0.00641855
0.00207216
0.00570744
0.00200962
0.00491457
0.00195096
0.00176278
0.00381355
0.0100043
1.10525e-05
0.0100166
3.20104e-05
0.010035
5.19207e-05
0.0100563
6.89402e-05
0.0100781
8.09447e-05
0.0100988
8.93496e-05
0.0101194
9.42705e-05
0.0101396
9.80769e-05
0.0101608
0.000100465
0.0101827
0.000103359
0.0102052
0.000106257
0.0102284
0.000109164
0.0102517
0.000111564
0.0102751
0.000113992
0.0102985
0.000115562
0.0103218
0.000117378
0.0103453
0.000118255
0.0103687
0.000119433
0.0103923
0.000120423
0.0104159
0.000121142
0.0104394
0.00012245
0.0104632
0.000122732
0.0104867
0.000124185
0.0105102
0.0001244
0.0105335
0.000125747
0.0105566
0.000126151
0.0105795
0.000127139
0.0106023
0.000128013
0.0106245
0.00012865
0.0106467
0.000129981
0.0106683
0.000130637
0.0106896
0.000132118
0.0107104
0.000133335
0.0107307
0.00013476
0.0107504
0.000136916
0.0107695
0.000138513
0.0107879
0.000141419
0.0108056
0.000144012
0.0108225
0.000147326
0.0108384
0.000151492
0.0108538
0.000155524
0.0108677
0.000161349
0.0108811
0.000166943
0.010893
0.000174332
0.010904
0.000182482
0.0109136
0.000191686
0.010922
0.000203023
0.0109291
0.000214717
0.0109346
0.000229906
0.0109388
0.000245101
0.010941
0.000264639
0.0109421
0.000284944
0.0109408
0.000309627
0.0109382
0.000336445
0.0109333
0.000367653
0.0109267
0.000402139
0.0109178
0.000441891
0.0109073
0.000485273
0.0108939
0.000535466
0.0108792
0.000589744
0.0108613
0.000651881
0.010842
0.000718402
0.0108196
0.000793254
0.0107946
0.000872703
0.0107666
0.000959554
0.0107315
0.00105175
0.0106887
0.0011496
0.01063
0.00125648
0.010554
0.0013663
0.010457
0.00148607
0.0103327
0.00160567
0.0101825
0.00173663
0.00999989
0.0018766
0.00978408
0.00202111
0.00952672
0.0021909
0.00922263
0.00232345
0.00884974
0.00244504
0.00836877
0.0024906
0.00775107
0.00256865
0.00257974
0.00693411
0.0100031
7.98315e-06
0.0100119
2.31912e-05
0.0100255
3.82984e-05
0.0100432
5.12224e-05
0.0100625
6.16667e-05
0.0100824
6.94404e-05
0.0101024
7.42595e-05
0.0101224
7.80709e-05
0.0101428
8.00626e-05
0.0101637
8.24578e-05
0.0101854
8.45775e-05
0.0102079
8.66534e-05
0.0102306
8.89071e-05
0.0102537
9.08356e-05
0.0102768
9.25115e-05
0.0103
9.41908e-05
0.0103234
9.48646e-05
0.0103465
9.62574e-05
0.0103701
9.68567e-05
0.0103934
9.78079e-05
0.0104171
9.88408e-05
0.0104406
9.92089e-05
0.0104641
0.000100676
0.0104875
0.00010095
0.0105109
0.000102412
0.0105341
0.000102925
0.0105571
0.000104125
0.01058
0.000105098
0.0106025
0.000106142
0.010625
0.000107539
0.0106469
0.000108696
0.0106686
0.000110414
0.0106899
0.000112014
0.0107107
0.000113995
0.0107312
0.000116459
0.010751
0.00011868
0.0107703
0.000122164
0.010789
0.000125244
0.010807
0.00012934
0.0108243
0.000134175
0.0108411
0.000138792
0.0108566
0.000145771
0.010872
0.000151607
0.0108857
0.000160592
0.0108994
0.000168814
0.0109112
0.000179852
0.010923
0.000191232
0.0109328
0.00020493
0.0109425
0.000220221
0.0109502
0.000237334
0.0109576
0.000257316
0.0109633
0.000279242
0.0109683
0.00030461
0.0109718
0.000332968
0.0109747
0.000364733
0.0109759
0.000400898
0.010977
0.00044085
0.0109763
0.000485983
0.0109759
0.000535842
0.0109734
0.000592222
0.0109725
0.000652822
0.0109686
0.000722241
0.0109671
0.000794768
0.0109624
0.000877425
0.010958
0.000963903
0.0109501
0.0010597
0.0109369
0.00116282
0.0109195
0.00127385
0.0108912
0.00139461
0.0108569
0.00152037
0.010804
0.00165857
0.0107383
0.00180234
0.0106518
0.00196309
0.010544
0.00212892
0.0104218
0.00231303
0.0102673
0.002478
0.0100554
0.00265691
0.00974634
0.00279968
0.00935208
0.00296292
0.00307724
0.00885458
0.0100024
5.55606e-06
0.0100094
1.62651e-05
0.0100203
2.73632e-05
0.0100354
3.60885e-05
0.0100523
4.47549e-05
0.0100711
5.06991e-05
0.0100903
5.50038e-05
0.0101101
5.83059e-05
0.0101303
5.9891e-05
0.0101506
6.2122e-05
0.0101719
6.33295e-05
0.0101937
6.4827e-05
0.0102159
6.66736e-05
0.0102386
6.81396e-05
0.0102614
6.97342e-05
0.0102844
7.11472e-05
0.0103077
7.15718e-05
0.0103307
7.32683e-05
0.0103543
7.32733e-05
0.0103773
7.47559e-05
0.010401
7.51538e-05
0.0104243
7.5933e-05
0.0104478
7.71513e-05
0.0104712
7.76045e-05
0.0104945
7.91062e-05
0.0105177
7.97051e-05
0.0105407
8.10989e-05
0.0105636
8.21822e-05
0.0105863
8.35312e-05
0.0106087
8.5061e-05
0.0106308
8.66014e-05
0.0106527
8.8566e-05
0.0106742
9.0503e-05
0.0106952
9.29777e-05
0.010716
9.57005e-05
0.0107362
9.84925e-05
0.0107558
0.000102506
0.0107752
0.000105879
0.0107936
0.000110938
0.0108118
0.000115925
0.0108291
0.000121544
0.0108458
0.000129006
0.010862
0.000135488
0.0108771
0.000145446
0.0108919
0.000154019
0.0109055
0.000166285
0.0109188
0.00017792
0.0109307
0.000193014
0.0109425
0.000208467
0.0109528
0.00022697
0.0109628
0.000247318
0.0109718
0.000270209
0.0109801
0.000296316
0.0109879
0.000325174
0.0109949
0.00035775
0.0110016
0.000394257
0.0110076
0.000434757
0.0110139
0.000479775
0.0110191
0.000530624
0.0110261
0.000585205
0.0110306
0.000648268
0.0110392
0.000713677
0.0110436
0.000790401
0.0110526
0.000868377
0.0110568
0.000959734
0.0110631
0.00105338
0.0110656
0.00116036
0.0110654
0.00127401
0.0110636
0.00139639
0.0110521
0.00153186
0.0110365
0.00167418
0.0110095
0.00182938
0.010969
0.00200358
0.0109238
0.0021741
0.0108592
0.00237769
0.0107713
0.00256586
0.0106501
0.0027781
0.010462
0.0029878
0.0102315
0.00319341
0.00339195
0.00991678
0.0100021
3.41257e-06
0.0100078
1.05669e-05
0.0100175
1.77357e-05
0.0100306
2.29552e-05
0.0100459
2.94765e-05
0.0100635
3.30911e-05
0.010082
3.64913e-05
0.0101015
3.87841e-05
0.0101215
3.99275e-05
0.0101417
4.19501e-05
0.0101627
4.22651e-05
0.010184
4.35204e-05
0.010206
4.47391e-05
0.0102283
4.58057e-05
0.0102508
4.72449e-05
0.0102738
4.80997e-05
0.0102968
4.85642e-05
0.0103199
5.01684e-05
0.0103433
4.98742e-05
0.0103664
5.17002e-05
0.0103901
5.1467e-05
0.0104132
5.27827e-05
0.0104368
5.35555e-05
0.0104601
5.43349e-05
0.0104835
5.57349e-05
0.0105067
5.64729e-05
0.0105298
5.79823e-05
0.0105528
5.92458e-05
0.0105755
6.0741e-05
0.0105981
6.25457e-05
0.0106204
6.42727e-05
0.0106424
6.65861e-05
0.0106641
6.87363e-05
0.0106854
7.17138e-05
0.0107065
7.45822e-05
0.010727
7.80136e-05
0.0107472
8.23152e-05
0.010767
8.60762e-05
0.0107859
9.19885e-05
0.010805
9.68413e-05
0.0108227
0.000103855
0.0108408
0.000110946
0.0108573
0.000118918
0.0108741
0.000128651
0.0108896
0.000138534
0.0109051
0.000150811
0.0109195
0.00016351
0.0109336
0.000178926
0.0109471
0.000195
0.0109598
0.000214285
0.0109723
0.000234761
0.0109839
0.000258592
0.0109955
0.000284758
0.0110067
0.000313972
0.0110172
0.000347218
0.0110286
0.000382833
0.0110386
0.000424847
0.0110506
0.000467772
0.011061
0.000520219
0.0110734
0.000572795
0.011086
0.000635686
0.0110983
0.000701298
0.0111138
0.000774944
0.0111257
0.000856465
0.0111432
0.000942257
0.011154
0.00104254
0.0111706
0.00114376
0.0111814
0.00126319
0.0111909
0.00138698
0.0111997
0.00152304
0.0111981
0.00167574
0.0111929
0.00183464
0.011184
0.00201249
0.0111538
0.00220424
0.0111277
0.00240376
0.0110685
0.00262509
0.0109898
0.00285683
0.0108814
0.00309614
0.0107258
0.00334901
0.00360827
0.0105095
0.010002
1.39579e-06
0.0100069
5.64446e-06
0.010016
8.63596e-06
0.0100277
1.12618e-05
0.0100421
1.51048e-05
0.0100589
1.6265e-05
0.0100768
1.86326e-05
0.0100962
1.93448e-05
0.0101158
2.03888e-05
0.0101361
2.15859e-05
0.010157
2.14123e-05
0.0101781
2.2411e-05
0.0101998
2.30378e-05
0.0102218
2.37826e-05
0.0102442
2.48322e-05
0.0102672
2.51604e-05
0.0102901
2.56717e-05
0.0103132
2.70331e-05
0.0103366
2.65037e-05
0.0103596
2.86398e-05
0.0103834
2.76543e-05
0.0104064
2.97756e-05
0.0104303
2.97295e-05
0.0104534
3.12025e-05
0.010477
3.21239e-05
0.0105002
3.33003e-05
0.0105235
3.46283e-05
0.0105465
3.63332e-05
0.0105696
3.76474e-05
0.0105921
4.00283e-05
0.0106147
4.15934e-05
0.0106369
4.4467e-05
0.0106589
4.66871e-05
0.0106806
5.00509e-05
0.0107019
5.3244e-05
0.010723
5.69443e-05
0.0107435
6.18164e-05
0.010764
6.5558e-05
0.0107834
7.26008e-05
0.0108034
7.68405e-05
0.0108216
8.56324e-05
0.0108408
9.17188e-05
0.0108581
0.000101646
0.0108763
0.00011046
0.0108928
0.000122081
0.0109099
0.000133626
0.0109255
0.000147922
0.0109419
0.000162592
0.0109567
0.000180204
0.0109723
0.000198689
0.0109864
0.000220595
0.0110015
0.0002435
0.0110154
0.000270822
0.0110301
0.000299339
0.0110448
0.000332527
0.0110588
0.00036885
0.0110753
0.000408254
0.011089
0.000454099
0.0111079
0.00050136
0.0111227
0.000557966
0.0111435
0.000614853
0.011161
0.000683828
0.0111828
0.000753149
0.0112046
0.000834637
0.0112251
0.000921834
0.0112518
0.00101583
0.011271
0.00112451
0.0112969
0.00123726
0.0113184
0.00136552
0.0113354
0.00150604
0.0113545
0.00165661
0.0113634
0.00182576
0.011366
0.00200992
0.0113653
0.00220493
0.0113438
0.00242525
0.011313
0.00265589
0.0112643
0.00290553
0.0111841
0.00317633
0.0110743
0.00345883
0.00375065
0.0109319
0.0100019
-4.58242e-07
0.0100066
9.32312e-07
0.0100154
-2.06919e-07
0.0100263
3.22002e-07
0.0100405
9.6734e-07
0.0100568
-7.30567e-08
0.0100744
1.03106e-06
0.0100937
3.7438e-08
0.010113
1.07495e-06
0.0101336
1.07176e-06
0.0101543
6.39337e-07
0.0101752
1.51184e-06
0.010197
1.27216e-06
0.0102186
2.20078e-06
0.0102413
2.09178e-06
0.0102638
2.63755e-06
0.010287
2.53951e-06
0.01031
4.00577e-06
0.0103334
3.06338e-06
0.0103567
5.40327e-06
0.0103805
3.87481e-06
0.0104037
6.57028e-06
0.0104275
5.89302e-06
0.0104508
7.86752e-06
0.0104744
8.51634e-06
0.0104979
9.81879e-06
0.0105211
1.14134e-05
0.0105446
1.29153e-05
0.0105674
1.47968e-05
0.0105906
1.68676e-05
0.010613
1.91392e-05
0.0106359
2.16281e-05
0.0106578
2.47715e-05
0.0106802
2.76124e-05
0.0107016
3.18523e-05
0.0107234
3.51765e-05
0.0107443
4.08842e-05
0.0107653
4.45361e-05
0.0107856
5.23246e-05
0.010806
5.64414e-05
0.0108254
6.62477e-05
0.0108452
7.18816e-05
0.0108637
8.3155e-05
0.0108829
9.12636e-05
0.0109007
0.00010433
0.0109192
0.000115054
0.0109364
0.000130765
0.0109544
0.000144634
0.0109714
0.000163163
0.0109884
0.000181648
0.0110061
0.000202932
0.0110222
0.000227356
0.0110409
0.000252216
0.011057
0.0002832
0.0110763
0.000313261
0.0110939
0.00035118
0.0111136
0.000388591
0.0111342
0.000433536
0.0111544
0.000481118
0.011179
0.000533315
0.0112005
0.00059344
0.0112293
0.000654969
0.0112539
0.000728606
0.0112847
0.000803829
0.0113156
0.000890941
0.0113455
0.000985848
0.0113821
0.00108795
0.0114137
0.00120563
0.0114478
0.00133145
0.0114831
0.0014707
0.0115101
0.0016296
0.0115393
0.00179659
0.0115599
0.00198934
0.0115709
0.00219391
0.0115713
0.00242489
0.011564
0.00266317
0.0115245
0.00294502
0.0114817
0.00321915
0.0114001
0.00354042
0.00386931
0.0112814
0.0100017
-2.17106e-06
0.0100067
-4.00918e-06
0.0100155
-9.00874e-06
0.0100262
-1.04375e-05
0.0100409
-1.36777e-05
0.0100568
-1.6016e-05
0.0100748
-1.69852e-05
0.0100937
-1.88464e-05
0.0101133
-1.85017e-05
0.0101338
-1.94678e-05
0.0101544
-1.99467e-05
0.0101754
-1.95235e-05
0.010197
-2.02945e-05
0.0102188
-1.95805e-05
0.0102414
-2.0537e-05
0.0102641
-2.00602e-05
0.0102871
-2.04059e-05
0.0103105
-1.94716e-05
0.0103336
-1.99957e-05
0.0103576
-1.86093e-05
0.0103808
-1.93068e-05
0.0104049
-1.75193e-05
0.0104281
-1.73747e-05
0.0104523
-1.62736e-05
0.0104754
-1.46328e-05
0.0104996
-1.4374e-05
0.0105224
-1.14022e-05
0.0105466
-1.12092e-05
0.0105691
-7.75058e-06
0.0105929
-6.93737e-06
0.0106153
-3.25743e-06
0.0106387
-1.70302e-06
0.0106609
2.57128e-06
0.0106836
4.82089e-06
0.0107056
9.89387e-06
0.0107277
1.31141e-05
0.0107495
1.90934e-05
0.0107706
2.33426e-05
0.0107922
3.07613e-05
0.0108126
3.60695e-05
0.0108337
4.50889e-05
0.0108534
5.22293e-05
0.0108742
6.23975e-05
0.0108931
7.23549e-05
0.0109136
8.37902e-05
0.0109319
9.674e-05
0.0109522
0.000110523
0.0109705
0.000126282
0.0109902
0.000143498
0.0110093
0.000162506
0.0110282
0.000184
0.0110489
0.000206702
0.0110675
0.000233658
0.0110899
0.000260733
0.0111092
0.000293974
0.0111334
0.000327012
0.011155
0.000366961
0.0111807
0.000407858
0.0112064
0.000455375
0.0112335
0.000506242
0.0112654
0.000561514
0.0112936
0.000626851
0.0113326
0.00068958
0.0113645
0.000771905
0.0114067
0.000848743
0.0114474
0.000945162
0.0114905
0.00104482
0.0115367
0.00115945
0.0115851
0.00128303
0.01163
0.00142586
0.0116788
0.00158073
0.0117238
0.00175162
0.011761
0.00195218
0.0117951
0.00215975
0.0118201
0.00239991
0.0118198
0.00266351
0.0118274
0.00293734
0.0117811
0.00326546
0.0117423
0.00357923
0.0039621
0.0116495
0.0100016
-3.78724e-06
0.0100071
-9.50767e-06
0.010016
-1.79313e-05
0.0100276
-2.19948e-05
0.0100428
-2.88478e-05
0.0100591
-3.23342e-05
0.0100774
-3.52833e-05
0.0100965
-3.79629e-05
0.010116
-3.80236e-05
0.010137
-4.04939e-05
0.010157
-3.98742e-05
0.0101789
-4.14507e-05
0.0101997
-4.11283e-05
0.0102226
-4.24064e-05
0.0102446
-4.25648e-05
0.010268
-4.34532e-05
0.0102906
-4.30235e-05
0.0103146
-4.34766e-05
0.0103375
-4.28865e-05
0.010362
-4.3124e-05
0.010385
-4.23085e-05
0.0104096
-4.20847e-05
0.0104328
-4.06104e-05
0.0104572
-4.06201e-05
0.0104806
-3.80764e-05
0.0105046
-3.83735e-05
0.0105281
-3.4874e-05
0.0105517
-3.4877e-05
0.0105752
-3.12426e-05
0.0105985
-3.01744e-05
0.0106221
-2.68668e-05
0.0106447
-2.43646e-05
0.0106684
-2.10836e-05
0.0106906
-1.73355e-05
0.010714
-1.35818e-05
0.0107357
-8.57064e-06
0.0107589
-4.09446e-06
0.01078
2.21303e-06
0.0108029
7.9041e-06
0.0108235
1.54543e-05
0.0108459
2.26967e-05
0.0108662
3.19128e-05
0.010888
4.06202e-05
0.0109083
5.20577e-05
0.0109294
6.27033e-05
0.0109501
7.60177e-05
0.0109704
9.02439e-05
0.010992
0.000104622
0.0110118
0.000123763
0.0110343
0.000139961
0.0110546
0.000163697
0.0110776
0.000183732
0.0110998
0.000211414
0.0111232
0.000237342
0.0111483
0.000268945
0.0111729
0.000302341
0.0112013
0.000338607
0.0112285
0.000380616
0.0112601
0.000423826
0.011293
0.000473339
0.0113262
0.000528274
0.0113677
0.000585347
0.0114039
0.000653369
0.0114524
0.000723454
0.0114966
0.0008045
0.0115496
0.000892164
0.0116024
0.000992023
0.0116629
0.00109893
0.0117213
0.00122467
0.0117857
0.00136148
0.0118541
0.00151235
0.0119099
0.0016958
0.0119826
0.00187941
0.0120304
0.00211202
0.0120829
0.00234738
0.0121135
0.00263294
0.0121357
0.00291513
0.0121327
0.00326842
0.0120912
0.00362072
0.00399665
0.0120567
0.0100015
-5.32137e-06
0.0100081
-1.60288e-05
0.0100172
-2.70954e-05
0.0100307
-3.54729e-05
0.0100462
-4.43999e-05
0.0100638
-4.98695e-05
0.0100823
-5.38215e-05
0.0101019
-5.75371e-05
0.0101217
-5.78005e-05
0.0101426
-6.14425e-05
0.0101628
-6.00609e-05
0.010185
-6.36255e-05
0.0102062
-6.23239e-05
0.0102294
-6.55799e-05
0.0102517
-6.4952e-05
0.0102751
-6.67901e-05
0.0102984
-6.63896e-05
0.0103219
-6.69223e-05
0.010346
-6.69617e-05
0.0103696
-6.67217e-05
0.0103939
-6.66642e-05
0.0104175
-6.56336e-05
0.0104421
-6.52348e-05
0.0104653
-6.38681e-05
0.0104902
-6.29444e-05
0.010513
-6.11694e-05
0.010538
-5.98613e-05
0.0105605
-5.73867e-05
0.0105855
-5.62609e-05
0.0106078
-5.24882e-05
0.0106329
-5.19226e-05
0.0106549
-4.63868e-05
0.01068
-4.61786e-05
0.0107017
-3.90503e-05
0.0107266
-3.84646e-05
0.0107482
-3.01662e-05
0.0107724
-2.83264e-05
0.0107942
-1.95161e-05
0.0108174
-1.53308e-05
0.0108395
-6.60153e-06
0.0108616
5.09037e-07
0.010884
9.50989e-06
0.0109056
1.90525e-05
0.0109279
2.97974e-05
0.0109498
4.07977e-05
0.0109713
5.44708e-05
0.0109944
6.71267e-05
0.0110153
8.37467e-05
0.0110397
9.94015e-05
0.0110611
0.00011851
0.0110859
0.000138941
0.0111098
0.000159831
0.0111344
0.000186804
0.0111621
0.000209681
0.0111871
0.0002439
0.011219
0.000270425
0.011246
0.000311673
0.0112825
0.000344084
0.0113131
0.000393207
0.0113543
0.000432151
0.0113916
0.000491011
0.0114367
0.000540245
0.0114842
0.000605802
0.011533
0.00067467
0.0115929
0.000744565
0.0116475
0.00083761
0.0117201
0.000919388
0.0117818
0.00103721
0.0118672
0.0011393
0.0119389
0.00128978
0.0120295
0.00142178
0.012113
0.00161227
0.0122029
0.00178959
0.0122846
0.00203032
0.0123607
0.00227127
0.0124398
0.00255378
0.0124605
0.00289441
0.0125183
0.00321068
0.0124966
0.00364242
0.00404348
0.0124498
0.0100019
-7.23307e-06
0.0100096
-2.36724e-05
0.01002
-3.75697e-05
0.0100356
-5.09934e-05
0.0100525
-6.13059e-05
0.0100711
-6.85012e-05
0.0100907
-7.34328e-05
0.0101101
-7.69239e-05
0.0101309
-7.86008e-05
0.010151
-8.1538e-05
0.0101726
-8.16773e-05
0.0101943
-8.53378e-05
0.0102169
-8.48697e-05
0.0102397
-8.84589e-05
0.0102631
-8.82854e-05
0.0102861
-8.98061e-05
0.0103104
-9.06771e-05
0.0103333
-8.98703e-05
0.0103585
-9.20919e-05
0.0103814
-8.96359e-05
0.0104068
-9.21109e-05
0.0104298
-8.85826e-05
0.0104552
-9.0715e-05
0.0104782
-8.67838e-05
0.0105035
-8.82733e-05
0.0105264
-8.40479e-05
0.0105514
-8.49009e-05
0.0105746
-8.0542e-05
0.0105992
-8.0903e-05
0.0106228
-7.60892e-05
0.0106471
-7.62038e-05
0.010671
-7.02788e-05
0.010695
-7.0242e-05
0.0107189
-6.29439e-05
0.0107428
-6.23108e-05
0.0107665
-5.39223e-05
0.01079
-5.17871e-05
0.0108136
-4.3165e-05
0.0108365
-3.82273e-05
0.0108602
-3.02981e-05
0.0108824
-2.16878e-05
0.0109063
-1.43795e-05
0.0109281
-2.75207e-06
0.0109523
5.59743e-06
0.0109738
1.92833e-05
0.0109987
2.96309e-05
0.0110205
4.53125e-05
0.0110461
5.81857e-05
0.0110683
7.71322e-05
0.0110955
9.13086e-05
0.0111182
0.000116308
0.0111479
0.000130131
0.0111718
0.00016286
0.0112036
0.0001779
0.0112317
0.000215799
0.0112636
0.000238545
0.0112998
0.000275414
0.0113308
0.000313126
0.0113766
0.000347346
0.0114103
0.00039851
0.0114627
0.000438598
0.0115054
0.000497549
0.011564
0.000547196
0.0116161
0.000622586
0.0116858
0.000674831
0.01175
0.000773444
0.0118269
0.000842428
0.0119149
0.000949248
0.0119947
0.00105951
0.012106
0.0011785
0.0121973
0.0013304
0.0123251
0.00148447
0.0124186
0.00169617
0.0125632
0.00188569
0.0126535
0.00218091
0.0127577
0.00244965
0.0128721
0.00278003
0.012896
0.00318676
0.012951
0.00358734
0.00406377
0.0129307
0.0100029
-1.01057e-05
0.0100121
-3.28527e-05
0.0100255
-5.10147e-05
0.0100434
-6.88866e-05
0.0100625
-8.03669e-05
0.0100824
-8.84687e-05
0.0101028
-9.37706e-05
0.0101226
-9.67451e-05
0.0101437
-9.97092e-05
0.0101642
-0.000102033
0.0101867
-0.000104199
0.0102089
-0.000107566
0.0102322
-0.000108157
0.0102556
-0.000111826
0.010279
-0.000111672
0.0103028
-0.000113612
0.0103264
-0.000114344
0.0103506
-0.000114016
0.0103747
-0.000116159
0.0103991
-0.000114069
0.0104233
-0.000116267
0.010448
-0.000113303
0.0104719
-0.000114694
0.0104969
-0.000111773
0.0105205
-0.000111799
0.0105459
-0.000109448
0.0105688
-0.000107848
0.0105949
-0.000106677
0.0106173
-0.000103207
0.0106442
-0.000103048
0.010666
-9.7991e-05
0.0106934
-9.77162e-05
0.0107151
-9.18788e-05
0.0107423
-9.02146e-05
0.0107641
-8.41105e-05
0.0107908
-8.0579e-05
0.0108128
-7.37603e-05
0.0108389
-6.9252e-05
0.0108606
-5.99641e-05
0.0108869
-5.65815e-05
0.0109074
-4.22392e-05
0.0109353
-4.22553e-05
0.0109537
-2.11045e-05
0.0109839
-2.46721e-05
0.0110007
2.49033e-06
0.0110319
-1.5925e-06
0.0110511
2.61987e-05
0.0110796
2.96471e-05
0.0111048
5.19462e-05
0.0111287
6.74393e-05
0.0111613
8.36877e-05
0.0111821
0.000109284
0.0112197
0.000125237
0.0112431
0.000154586
0.0112819
0.000177001
0.0113119
0.000208551
0.0113516
0.000235622
0.0113892
0.000275601
0.0114319
0.000304566
0.0114789
0.000351591
0.0115237
0.000393754
0.0115867
0.000434527
0.0116313
0.000502673
0.0117128
0.000541064
0.0117665
0.000621137
0.0118568
0.000683123
0.0119349
0.000764323
0.0120338
0.000850361
0.0121338
0.000959498
0.0122543
0.00105802
0.012381
0.00120365
0.0125046
0.00136092
0.0126848
0.00151594
0.0127992
0.00177131
0.0129799
0.00200024
0.0131352
0.00229432
0.0132427
0.0026725
0.0133771
0.00305238
0.0134463
0.00351809
0.00405548
0.0134546
0.0100041
-1.41899e-05
0.0100169
-4.57025e-05
0.0100347
-6.88296e-05
0.0100568
-9.08934e-05
0.0100776
-0.000101241
0.0100994
-0.000110281
0.0101192
-0.000113544
0.0101405
-0.000118054
0.0101613
-0.000120477
0.0101838
-0.000124579
0.0102064
-0.00012676
0.0102303
-0.000131484
0.0102535
-0.000131336
0.0102781
-0.000136428
0.0103009
-0.000134474
0.010326
-0.000138679
0.0103485
-0.000136902
0.0103743
-0.000139797
0.0103968
-0.000138674
0.0104232
-0.000140459
0.0104456
-0.00013869
0.0104724
-0.000140025
0.0104948
-0.000137154
0.0105215
-0.000138442
0.010544
-0.000134358
0.0105707
-0.000136067
0.0105932
-0.00013042
0.0106202
-0.000133649
0.0106425
-0.000125488
0.01067
-0.000130575
0.0106919
-0.000119915
0.0107197
-0.000125469
0.0107415
-0.000113731
0.0107689
-0.000117536
0.0107911
-0.000106304
0.0108173
-0.000106787
0.0108404
-9.68831e-05
0.0108648
-9.36309e-05
0.0108895
-8.47359e-05
0.0109117
-7.87736e-05
0.0109385
-6.90191e-05
0.0109587
-6.24128e-05
0.0109873
-4.97553e-05
0.0110061
-4.34423e-05
0.0110367
-2.81501e-05
0.0110549
-1.97711e-05
0.0110877
-6.63359e-06
0.0111055
1.18435e-05
0.0111417
1.57782e-05
0.0111585
5.06213e-05
0.0111986
4.36263e-05
0.0112172
9.06765e-05
0.0112572
8.52288e-05
0.0112847
0.000127128
0.0113207
0.000140996
0.0113594
0.000169797
0.0113959
0.000199159
0.0114411
0.000230372
0.0114858
0.000259909
0.0115342
0.000303169
0.0115906
0.000337374
0.0116465
0.000378638
0.0117135
0.000435631
0.0117797
0.000474865
0.0118675
0.000533372
0.011933
0.000617573
0.0120593
0.000638018
0.0121267
0.000782941
0.012281
0.00080528
0.0123909
0.000948076
0.0125379
0.00105662
0.0127264
0.00117247
0.0128769
0.00136544
0.0130969
0.00155132
0.0132967
0.00180038
0.0135034
0.00208763
0.0137041
0.00247181
0.0138736
0.00288289
0.0140208
0.00337093
0.00399518
0.0140811
0.0100068
-2.09957e-05
0.0100271
-6.60106e-05
0.0100515
-9.32614e-05
0.0100775
-0.00011681
0.0101
-0.000123742
0.0101231
-0.000133444
0.010143
-0.000133465
0.0101655
-0.000140495
0.0101868
-0.000141742
0.0102114
-0.000149199
0.0102344
-0.00014981
0.0102595
-0.000156602
0.0102827
-0.00015452
0.0103074
-0.000161079
0.0103302
-0.000157267
0.0103547
-0.000163205
0.0103773
-0.000159549
0.0104023
-0.000164787
0.0104248
-0.000161182
0.0104503
-0.000165884
0.0104725
-0.000160914
0.0104981
-0.000165635
0.0105203
-0.00015939
0.0105455
-0.000163659
0.010568
-0.000156844
0.0105927
-0.000160757
0.0106153
-0.000152996
0.0106398
-0.000158166
0.0106619
-0.000147603
0.0106865
-0.000155115
0.0107079
-0.000141328
0.0107321
-0.000149719
0.0107532
-0.000134789
0.0107765
-0.000140823
0.0107978
-0.000127655
0.0108195
-0.000128482
0.010842
-0.000119349
0.0108616
-0.000113218
0.0108859
-0.00010902
0.0109034
-9.62718e-05
0.0109293
-9.4974e-05
0.0109462
-7.92633e-05
0.010972
-7.55804e-05
0.0109918
-6.32032e-05
0.0110134
-4.98168e-05
0.0110417
-4.8094e-05
0.0110544
-1.9242e-05
0.0110946
-2.83526e-05
0.0111016
8.74316e-06
0.0111461
6.13018e-06
0.0111597
3.00208e-05
0.0112
5.03521e-05
0.0112232
6.20839e-05
0.011265
8.52487e-05
0.0112903
0.000115733
0.0113425
0.000117603
0.0113712
0.000170481
0.0114286
0.00017292
0.0114714
0.000217128
0.0115298
0.00024477
0.0115863
0.000280854
0.0116605
0.000304422
0.0117125
0.000383709
0.0118322
0.000355075
0.01186
0.000505649
0.0120367
0.000440797
0.0120573
0.000617446
0.0122612
0.000579015
0.0123309
0.000735582
0.0125235
0.000755551
0.0126788
0.000901336
0.0128675
0.000983703
0.0131106
0.00112238
0.0133354
0.00132649
0.0136215
0.0015143
0.0139267
0.00178244
0.0141919
0.00220664
0.0144409
0.0026339
0.014696
0.00311583
0.00388445
0.0148067
0.010015
-3.60424e-05
0.0100436
-9.46138e-05
0.0100785
-0.000128076
0.0101071
-0.000145454
0.0101324
-0.00014901
0.0101523
-0.000153385
0.0101742
-0.000155376
0.0101955
-0.000161792
0.0102194
-0.000165652
0.0102419
-0.000171701
0.0102654
-0.000173241
0.0102859
-0.000177149
0.0103079
-0.000176522
0.0103261
-0.000179311
0.0103472
-0.000178287
0.0103637
-0.000179769
0.0103841
-0.000179964
0.0103994
-0.000180016
0.010419
-0.0001808
0.0104326
-0.000179518
0.0104513
-0.000179575
0.0104635
-0.000177823
0.0104813
-0.000177241
0.0104919
-0.000174261
0.0105093
-0.000174171
0.0105181
-0.000169624
0.010535
-0.000169915
0.0105421
-0.000165192
0.0105584
-0.00016391
0.0105634
-0.000160125
0.0105791
-0.000157043
0.0105818
-0.000152468
0.0105973
-0.000150272
0.0105979
-0.000141386
0.0106135
-0.000143252
0.0106124
-0.000127426
0.0106282
-0.000135156
0.0106266
-0.000111594
0.0106425
-0.000124892
0.0106414
-9.52138e-05
0.0106574
-0.000110922
0.0106576
-7.94371e-05
0.0106748
-9.28608e-05
0.0106753
-6.36783e-05
0.0106967
-7.12401e-05
0.0106954
-4.67099e-05
0.0107228
-4.67393e-05
0.0107214
-2.69143e-05
0.0107538
-2.3628e-05
0.0107574
2.5231e-06
0.010796
-8.63116e-06
0.0107994
4.70124e-05
0.0108531
8.36031e-06
0.0108527
8.5685e-05
0.0109225
4.5925e-05
0.0109276
0.000112508
0.0110065
9.15204e-05
0.0110237
0.000155702
0.0111132
0.000127716
0.0111489
0.000209076
0.011239
0.000190662
0.0113098
0.000233718
0.0113984
0.000295018
0.0115012
0.000252311
0.0116098
0.000397081
0.0117207
0.000329881
0.0118863
0.00045186
0.0119869
0.000478371
0.0122162
0.000506314
0.0123689
0.00060282
0.0125904
0.00067989
0.0128518
0.000722266
0.013138
0.000836183
0.0133985
0.001066
0.0138792
0.00103356
0.0142352
0.00142644
0.0147221
0.0017198
0.0152581
0.00209787
0.0154998
0.00287411
0.00352434
0.0158599
0.0100364
-7.24474e-05
0.0100795
-0.000137677
0.0101115
-0.000160148
0.010127
-0.000160952
0.0101369
-0.000158842
0.0101433
-0.000159813
0.0101507
-0.000162809
0.0101538
-0.000164873
0.0101554
-0.000167263
0.0101513
-0.000167623
0.0101454
-0.000167269
0.0101343
-0.000166083
0.0101225
-0.000164685
0.0101062
-0.000163058
0.0100897
-0.000161733
0.0100694
-0.000159455
0.0100485
-0.000159145
0.0100243
-0.000155798
0.00999954
-0.000156024
0.00997128
-0.000151254
0.0099435
-0.000151802
0.00991159
-0.000145906
0.00988147
-0.000147128
0.00984656
-0.000139343
0.00981466
-0.000142278
0.00977728
-0.000132244
0.00974421
-0.000136839
0.00970446
-0.000125445
0.00967061
-0.000130057
0.00962912
-0.000118642
0.00959422
-0.00012214
0.00955266
-0.000110908
0.00951609
-0.000113696
0.00947639
-0.000101693
0.00943847
-0.00010533
0.00940148
-9.0435e-05
0.0093639
-9.75744e-05
0.00932932
-7.70141e-05
0.00929457
-9.01418e-05
0.00926194
-6.25844e-05
0.00923146
-8.04432e-05
0.00920246
-5.04393e-05
0.0091759
-6.62932e-05
0.00915251
-4.02965e-05
0.00913347
-5.21951e-05
0.0091099
-2.31458e-05
0.00910873
-4.55606e-05
0.00907955
2.26296e-06
0.00909375
-3.78328e-05
0.00908005
1.62293e-05
0.00908507
-1.36575e-05
0.00910256
2.95212e-05
0.00911028
6.48893e-07
0.00913781
5.81492e-05
0.00916847
1.52637e-05
0.00921112
6.98581e-05
0.00924575
5.68937e-05
0.00932462
7.6828e-05
0.00936118
9.11578e-05
0.00947927
9.09841e-05
0.00951617
0.000153771
0.00967941
7.04713e-05
0.0097365
0.000237933
0.00990319
8.56227e-05
0.0100363
0.000263947
0.0102214
0.000144837
0.0103333
0.000339961
0.0107085
0.000103143
0.0106628
0.000552038
0.0112498
1.57519e-05
0.0112204
0.000709342
0.0118324
0.000110234
0.0119836
0.000685011
0.0126462
0.000403411
0.0129187
0.000761091
0.0138207
0.000524367
0.0142309
0.00130959
0.015583
0.000745805
0.015955
0.0025021
0.00220396
0.0172754
0.00992755
0.00978988
0.00962973
0.00946878
0.00930993
0.00915012
0.00898731
0.00882244
0.00865517
0.00848755
0.00832028
0.0081542
0.00798951
0.00782646
0.00766472
0.00750527
0.00734612
0.00719033
0.0070343
0.00688305
0.00673124
0.00658534
0.00643821
0.00629887
0.00615659
0.00602434
0.00588751
0.00576206
0.005632
0.00551336
0.00539122
0.00528031
0.00516662
0.00506493
0.0049596
0.00486916
0.00477159
0.00469457
0.00460443
0.00454185
0.0044614
0.00441096
0.00434467
0.00430437
0.00425218
0.00422903
0.00418347
0.00418573
0.0041479
0.00416413
0.00415047
0.00417999
0.00418064
0.00423879
0.00425406
0.00432391
0.00438081
0.00445764
0.00454879
0.00463978
0.00479355
0.00486402
0.00510195
0.00518758
0.00545152
0.00559636
0.00593632
0.00603946
0.0065915
0.00660725
0.0073166
0.00742683
0.00811184
0.00851525
0.00927634
0.00980071
0.0111103
0.0118561
0.0143582
0.0165622
-0.000380224
-0.000177973
-0.000143578
-0.000236646
0.000180745
-0.000324324
0.000512695
-0.000331949
0.000594771
-8.2076e-05
0.000296527
0.000298244
-0.000275645
0.000572172
-0.00117957
0.000903925
-0.0022189
0.00103933
-0.00304448
0.000825585
-0.00368418
0.000639696
-0.00412323
0.000439054
-0.0042399
0.000116672
-0.00407102
-0.000168882
-0.00373829
-0.000332735
-0.00342002
-0.00031827
-0.00305573
-0.000364286
-0.00214329
-0.000912436
-0.00103145
-0.00111184
-0.00103145
-0.00131594
-0.00046643
-0.00109496
-0.000457625
-0.00102533
-0.000393959
-0.00108858
-0.000268692
-0.00118338
1.27188e-05
-0.00149521
0.000610074
-0.00222294
0.00129991
-0.00298818
0.00166916
-0.00365429
0.00170543
-0.00426518
0.00143648
-0.00475193
0.00112644
-0.0049581
0.000645225
-0.00480812
-3.33064e-05
-0.00435978
-0.000617222
-0.00378178
-0.000910731
-0.00330624
-0.000793819
-0.00299445
-0.000676073
-0.0023297
-0.00157718
-0.00132387
-0.00211767
-0.00235532
-0.00173791
6.56161e-05
-0.00186405
-0.000331487
-0.00144464
-0.000813363
-0.00127641
-0.000436922
-0.0015786
0.000314908
-0.00202134
0.00105281
-0.0024643
0.00174286
-0.00303551
0.00224038
-0.00365802
0.00232794
-0.00423792
0.00201638
-0.00467607
0.00156459
-0.00485494
0.0008241
-0.00468399
-0.000204256
-0.00420582
-0.0010954
-0.00352958
-0.00158697
-0.00292376
-0.00139964
-0.00262037
-0.000979467
-0.00228082
-0.00191674
-0.00135623
-0.00304226
-0.00371156
0.00230056
0.0015786
0.000720987
0.00124809
-0.000493873
0.000401496
-0.000945902
1.51064e-05
-0.000867677
0.000236683
-0.00121517
0.0014003
-0.00180566
0.00233336
-0.00241234
0.00284705
-0.00296522
0.00288082
-0.00353285
0.002584
-0.00404449
0.00207624
-0.0043947
0.00117431
-0.00448425
-0.000114712
-0.00428034
-0.00129931
-0.00377235
-0.00209496
-0.00306171
-0.00211027
-0.00250537
-0.0015358
-0.00207136
-0.00235075
-0.000922433
-0.00419118
-0.00463399
0.00599294
0.00251977
0.00497119
0.00226984
0.00321538
0.0021573
0.00129616
0.00193432
0.000182518
0.00135033
9.80294e-05
0.00148479
-1.61533e-05
0.00244754
-0.000587294
0.00341819
-0.00134879
0.00364232
-0.00203044
0.00326566
-0.00259959
0.00264539
-0.00309759
0.00167231
-0.00351704
0.000304734
-0.00370727
-0.00110908
-0.00353122
-0.00227101
-0.00289081
-0.00275068
-0.00209956
-0.00232706
-0.00141414
-0.00303617
-0.000413899
-0.00519142
-0.00504789
0.00823125
0.00314309
0.00730333
0.00319777
0.0062067
0.00325394
0.00489117
0.00324985
0.00303738
0.00320412
0.0016401
0.00288207
0.00121314
0.0028745
0.00117557
0.00345577
0.000813434
0.00400445
0.00011487
0.00396422
-0.00060949
0.00336975
-0.00126878
0.0023316
-0.00185695
0.000892905
-0.00227935
-0.000686671
-0.00232791
-0.00222246
-0.00182532
-0.00325326
-0.00107264
-0.00307973
-0.000356868
-0.00375195
-5.54954e-05
-0.00549279
-0.00510338
0.00946545
0.00359443
0.00888166
0.00378155
0.00815185
0.00398375
0.00724216
0.00415954
0.0060861
0.00436018
0.00457188
0.0043963
0.00319525
0.00425113
0.00251986
0.00413116
0.00226163
0.00426269
0.00191748
0.00430837
0.00141467
0.00387256
0.000833804
0.00291246
0.000243774
0.00148294
-0.000227696
-0.000215202
-0.000329365
-0.00212079
-0.000159286
-0.00342334
0.000343647
-0.00358267
0.000784057
-0.00419236
0.000353368
-0.0050621
-0.00475002
0.0102272
0.00387679
0.00985295
0.00415577
0.00938223
0.00445446
0.00881073
0.00473103
0.00811434
0.00505657
0.00720337
0.00530727
0.00605069
0.00540381
0.00487595
0.0053059
0.0040613
0.00507733
0.00354968
0.00482
0.00313831
0.00428393
0.0027239
0.00332688
0.00241054
0.00179629
0.00198806
0.00020728
0.00194128
-0.00207401
0.00190182
-0.00338388
0.00172666
-0.00340751
0.00131538
-0.00378108
0.000334033
-0.00408075
-0.00441598
0.0107277
0.00408099
0.0104887
0.00439476
0.0101982
0.00474494
0.00981598
0.0051133
0.00943163
0.00544092
0.00892872
0.00581018
0.008276
0.00605653
0.00745171
0.0061302
0.00661418
0.00591485
0.00585621
0.00557797
0.00531063
0.00482951
0.00461582
0.00402169
0.00410238
0.00230973
0.00374274
0.000566919
0.00393632
-0.00226759
0.00374023
-0.00318779
0.00201091
-0.0016782
0.000108696
-0.00187886
-0.000699044
-0.00327301
-0.00511503
0.0111582
0.00420422
0.0109631
0.00458983
0.0107692
0.00493891
0.010541
0.00534148
0.0102584
0.00572354
0.0100133
0.00605519
0.00968956
0.00638031
0.00923692
0.00658283
0.00862643
0.00652534
0.00797838
0.00622602
0.00733098
0.00547691
0.0068675
0.00448517
0.006395
0.00278223
0.00593457
0.00102735
0.00459593
-0.000928956
0.00212667
-0.000718532
0.00023878
0.000209698
-0.000595713
-0.00104437
-0.000439838
-0.00342889
-0.00555486
0.0115405
0.0043132
0.0114121
0.00471829
0.0112239
0.00512711
0.0110704
0.00549495
0.0108654
0.00592851
0.010646
0.00627463
0.0104737
0.00655261
0.0102565
0.00680002
0.00993681
0.00684505
0.00936603
0.00679679
0.00850064
0.00634231
0.0071082
0.0058776
0.00490724
0.0049832
0.0022079
0.00372669
-0.00114117
0.00242012
-0.00260193
0.000742221
-0.00183709
-0.000555136
0.000425601
-0.00330706
0.00143305
-0.00443634
-0.00412181
0.0119288
0.00444111
0.0118291
0.00481797
0.0116739
0.00528234
0.0114759
0.00569288
0.011336
0.00606847
0.0111013
0.00650932
0.010842
0.00681187
0.0106287
0.0070134
0.0104337
0.00703995
0.0101279
0.00710266
0.00980148
0.0066687
0.00961346
0.00606562
0.00946053
0.00513613
0.00929578
0.00389144
0.00886742
0.00284848
0.00833467
0.00127497
0.00767796
0.000101577
0.00726633
-0.00289543
0.00539034
-0.00256035
0.00126852
0.0124011
0.00448978
0.0122349
0.00498414
0.0121009
0.00541632
0.011888
0.00590578
0.011653
0.00630356
0.0114902
0.0066721
0.0112346
0.00706741
0.0108444
0.00740358
0.0104349
0.00744949
0.00993103
0.00760655
0.00909447
0.00750526
0.00801977
0.00714032
0.0066535
0.0065024
0.00510344
0.00544149
0.00380429
0.00414763
0.00278511
0.00229415
0.00220706
0.000679634
0.000346678
-0.00103505
-0.000121375
-0.0020923
0.00114715
0.0128458
0.00457473
0.0127404
0.00508959
0.01254
0.00561663
0.0123125
0.00613331
0.0119727
0.00664338
0.011644
0.0070008
0.0114852
0.00722614
0.0113218
0.00756702
0.0111998
0.0075715
0.0113127
0.00749369
0.0113798
0.00743811
0.01092
0.00760014
0.0099195
0.0075029
0.00848632
0.00687467
0.00684413
0.00578982
0.0052357
0.00390257
0.00398112
0.00193422
0.00230768
0.000638382
6.7561e-05
0.000147826
0.00121471
0.0134
0.00462937
0.0132556
0.00523402
0.0130316
0.00584059
0.0127594
0.00640556
0.0124482
0.00695453
0.0119207
0.00752829
0.0113544
0.00779247
0.0107395
0.00818196
0.00977646
0.00853452
0.00875888
0.00851127
0.00831271
0.00788428
0.00859733
0.00731552
0.00898042
0.00711981
0.00884326
0.00701182
0.00788244
0.00675065
0.00603717
0.00574784
0.00392483
0.00404656
0.00228493
0.00227828
0.000745658
0.0016871
0.00196037
0.0140359
0.0046745
0.0138567
0.00541324
0.0135614
0.00613589
0.0131575
0.00680944
0.0128586
0.00725347
0.0126596
0.00772728
0.0123417
0.00811037
0.012415
0.00810866
0.0124604
0.00848909
0.0117825
0.00918923
0.0103345
0.00933223
0.00882468
0.00882534
0.0079616
0.00798289
0.00769359
0.00727983
0.00723316
0.00721108
0.00601816
0.00696283
0.00432341
0.00574132
0.00238702
0.00421467
0.000770711
0.00330341
0.00273108
0.0148066
0.00467457
0.0145668
0.0056531
0.0141457
0.00655699
0.0135692
0.00738594
0.012822
0.00800063
0.0120261
0.00852321
0.0108455
0.00929095
0.00963423
0.00931994
0.00938238
0.00874094
0.00991911
0.0086525
0.0101344
0.00911693
0.00933406
0.00962569
0.00809036
0.00922659
0.00723192
0.00813827
0.00664367
0.00779933
0.00575124
0.00785526
0.00429371
0.00719885
0.00263342
0.00587496
0.00114037
0.00479646
0.00387145
0.0158514
0.00468305
0.0153919
0.00611267
0.0148853
0.00706359
0.01466
0.00761118
0.0145093
0.00815138
0.014476
0.00855652
0.0142975
0.00946939
0.0131248
0.0104926
0.0111444
0.0107213
0.00980573
0.00999118
0.00950669
0.00941598
0.00918265
0.00994973
0.00814885
0.0102604
0.00681418
0.00947294
0.00591667
0.00869684
0.00515639
0.00861554
0.00403732
0.00831792
0.0025869
0.00732538
0.00106768
0.00631568
0.00493913
0.0169499
0.00500856
0.016016
0.00704648
0.0148316
0.00824805
0.0133913
0.00905147
0.0121809
0.00936176
0.0110823
0.0096551
0.0112474
0.00930435
0.0120935
0.00964649
0.011737
0.0110778
0.0102477
0.0114805
0.00904635
0.0106173
0.00857174
0.0104243
0.00793593
0.0108962
0.00679402
0.0106148
0.00569441
0.00979645
0.0048445
0.00946546
0.0038004
0.00936202
0.00254991
0.00857586
0.00130817
0.00755741
0.0062473
0.0167985
0.00477225
0.0180991
0.00574588
0.0189891
0.007358
0.0187198
0.00932076
0.0173379
0.0107437
0.0148818
0.0121112
0.0122355
0.0119507
0.0111812
0.0107008
0.0112643
0.0109948
0.0105742
0.0121706
0.00922105
0.0119705
0.00837266
0.0112727
0.00782095
0.0114479
0.00692087
0.0115149
0.00580964
0.0109077
0.0047621
0.010513
0.0037726
0.0103515
0.0025925
0.00975596
0.00119745
0.00895247
0.00744475
0.00504277
-0.000270512
0.00860484
0.00218381
0.0122165
0.0037463
0.0150692
0.00646812
0.0166089
0.00920401
0.0165716
0.0121484
0.0146206
0.0139017
0.0120346
0.0132868
0.0109218
0.0121076
0.0103985
0.0126939
0.0092832
0.0130858
0.00809535
0.0124606
0.00732645
0.0122168
0.00653912
0.0123023
0.00555495
0.0118919
0.0045636
0.0115043
0.00350322
0.0114119
0.00235752
0.0109017
0.00121922
0.0100908
0.00866397
-0.000224406
-4.61061e-05
0.0019225
3.68986e-05
0.00548057
0.000188223
0.00894198
0.00300671
0.0126712
0.00547484
0.0153105
0.00950905
0.0153033
0.0139089
0.0131931
0.0153969
0.0110867
0.014214
0.0101101
0.0136706
0.00915367
0.0140422
0.00792707
0.0136872
0.00691056
0.0132333
0.00605803
0.0131548
0.00513465
0.0128152
0.0042027
0.0124363
0.00332543
0.0122892
0.00233055
0.0118965
0.0010947
0.0113266
0.00975867
-0.000816699
0.000770592
-0.00135665
0.000576849
0.000712459
-0.00188089
0.00417144
-0.000452272
0.00774982
0.00189646
0.0120912
0.00516766
0.0141866
0.0118135
0.0135418
0.0160417
0.0116091
0.0161466
0.0100858
0.015194
0.00903304
0.0150949
0.00788633
0.0148339
0.00679638
0.0143233
0.00584637
0.0141048
0.0049269
0.0137347
0.00402696
0.0133362
0.00307017
0.013246
0.00204918
0.0129175
0.00104664
0.0123292
0.0108053
-0.000281261
0.00105185
-0.000721113
0.0010167
-0.00143498
-0.00116702
0.000859665
-0.00274692
0.00403257
-0.00127644
0.0075812
0.00161903
0.0114747
0.00791995
0.0125562
0.0149602
0.0113571
0.0173458
0.00986632
0.0166847
0.00871958
0.0162416
0.00759342
0.0159601
0.0064947
0.015422
0.00553014
0.0150694
0.00460774
0.0146571
0.0037391
0.0142049
0.0029414
0.0140437
0.00207201
0.0137869
0.000982734
0.0134184
0.011788
-0.000869939
0.00192179
-0.000584122
0.000730883
-0.000797681
-0.00095346
0.000111437
-0.00365604
0.0034011
-0.00456611
0.00484922
0.000170909
0.00883571
0.00393347
0.0110756
0.0127203
0.0107864
0.017635
0.00946107
0.0180101
0.00826845
0.0174343
0.00723578
0.0169927
0.00619437
0.0164634
0.00520259
0.0160611
0.00432006
0.0155396
0.00350816
0.0150168
0.00264653
0.0149053
0.00172479
0.0147086
0.000848808
0.0142944
0.0126369
-3.26976e-06
0.00192506
0.000231588
0.000496026
0.00144733
-0.0021692
0.00148653
-0.00369524
0.00407247
-0.00715205
0.004902
-0.000658619
0.00660088
0.00223459
0.00910218
0.010219
0.00954336
0.0171938
0.00868355
0.0188699
0.00764873
0.0184691
0.00670994
0.0179315
0.00579802
0.0173753
0.00488463
0.0169745
0.003967
0.0164572
0.00313948
0.0158443
0.00243716
0.0156076
0.00172799
0.0154178
0.000832002
0.0151904
0.0134689
-0.000251544
0.00217661
4.21355e-06
0.000240268
0.0016428
-0.00380779
0.00321487
-0.00526732
0.00483055
-0.00876773
0.00642444
-0.00225251
0.0060869
0.00257212
0.00782815
0.00847777
0.00862013
0.0164018
0.0078689
0.0196211
0.00682311
0.0195149
0.00597087
0.0187838
0.00517992
0.0181663
0.00437821
0.0177763
0.00361152
0.0172239
0.00289356
0.0165623
0.00215011
0.0163511
0.0013614
0.0162065
0.000626336
0.0159255
0.0140952
0.000309289
0.00186732
0.00094237
-0.000392813
0.00183052
-0.00469593
0.00358421
-0.00702101
0.00421565
-0.00939916
0.00622193
-0.00425879
0.00589748
0.00289657
0.0066789
0.00769635
0.00731688
0.0157639
0.00704169
0.0198963
0.006179
0.0203776
0.00530492
0.0196578
0.00457507
0.0188961
0.00386886
0.0184825
0.00311986
0.0179729
0.00241773
0.0172644
0.0018475
0.0169213
0.00132722
0.0167268
0.000660519
0.0165922
0.0147557
-0.000110544
0.00197786
0.000789839
-0.0012932
0.0013627
-0.0052688
0.00228795
-0.00794626
0.00299687
-0.0101081
0.0048519
-0.00611382
0.00523157
0.0025169
0.00534587
0.00758206
0.00604712
0.0150626
0.00604625
0.0198972
0.00542312
0.0210007
0.0046864
0.0203946
0.00400599
0.0195765
0.00338957
0.0190989
0.00281634
0.0185462
0.00224833
0.0178324
0.00164872
0.0175209
0.000999948
0.0173756
0.000395908
0.0171962
0.0151516
0.000451167
0.00152669
0.00120434
-0.00204637
0.00128333
-0.00534779
0.00165705
-0.00831998
0.00192105
-0.0103721
0.00328364
-0.00747641
0.00399121
0.00180933
0.00417834
0.00739492
0.00464354
0.0145974
0.00476238
0.0197783
0.0044746
0.0212885
0.00396326
0.0209059
0.00347828
0.0200615
0.00297694
0.0196002
0.00239418
0.0191289
0.00179181
0.0184348
0.00130666
0.0180061
0.00093937
0.0177429
0.000494225
0.0176413
0.0156458
0.00113493
0.000391769
0.00164347
-0.00255491
0.00157947
-0.00528379
0.0013668
-0.00810731
0.000802079
-0.00980736
0.0014064
-0.00808072
0.00218579
0.00102993
0.00264996
0.00693076
0.00316692
0.0140805
0.00342106
0.0195242
0.00336283
0.0213467
0.00307878
0.0211899
0.00274188
0.0203984
0.00240311
0.019939
0.00203865
0.0194934
0.00163453
0.0188389
0.00119625
0.0184443
0.000682041
0.0182571
0.00018348
0.0181399
0.0158293
0.00125971
-0.000867942
0.00170368
-0.00299888
0.00142764
-0.00500775
0.00106101
-0.00774068
1.33887e-05
-0.00875974
-6.12295e-05
-0.00800611
0.00107742
-0.000108719
0.00162545
0.00638273
0.0019384
0.0137675
0.00217688
0.0192857
0.00216295
0.0213606
0.00210379
0.0212491
0.00201216
0.02049
0.00183825
0.0201129
0.00150376
0.0198279
0.00107835
0.0192643
0.000721539
0.0188011
0.000509802
0.0184688
0.000307992
0.0183417
0.0161373
0.00108271
-0.00195065
0.00171975
-0.00363592
0.00155176
-0.00483977
0.00108057
-0.00726949
-0.000137448
-0.00754173
-0.00099576
-0.00714779
-6.42119e-05
-0.00104027
0.000214787
0.00610373
0.000673959
0.0133083
0.000997495
0.0189622
0.001116
0.0212421
0.00109611
0.021269
0.00108762
0.0204985
0.00107104
0.0201295
0.00101445
0.0198845
0.000904773
0.019374
0.000728009
0.0189779
0.000400815
0.018796
8.46435e-07
0.0187417
0.0161382
0.000242845
-0.00219349
0.00094479
-0.00433786
0.00179974
-0.00569471
0.0015839
-0.00705365
0.000323746
-0.00628157
-0.00133042
-0.00549363
-0.000974339
-0.00139635
-0.000630767
0.00576016
-0.000312257
0.0129898
8.65878e-05
0.0185633
0.000293087
0.0210356
0.000394823
0.0211673
0.000511271
0.0203821
0.00059612
0.0200446
0.000573859
0.0199067
0.000405587
0.0195423
0.000195616
0.0191879
0.000104616
0.018887
0.000127803
0.0187185
0.016266
-0.000634181
-0.00155931
0.000920185
-0.00589223
0.00235814
-0.00713267
0.002306
-0.00700151
0.00135975
-0.00533531
-0.000687432
-0.00344645
-0.0011792
-0.000904581
-0.00107655
0.00565751
-0.00110699
0.0130203
-0.000731909
0.0181883
-0.000400956
0.0207047
-0.000144045
0.0209103
-1.86406e-05
0.0202567
0.000117849
0.0199081
0.000239797
0.0197848
0.000324417
0.0194576
0.000363447
0.0191488
0.000232718
0.0190177
-9.22755e-05
0.0190435
0.0161737
0.00064624
-0.00220555
0.00228167
-0.00752766
0.00292527
-0.00777627
0.00244584
-0.00652209
0.00151475
-0.00440422
-0.000117935
-0.00181376
-0.00131441
0.000291891
-0.00153055
0.00587366
-0.00171805
0.0132078
-0.00133697
0.0178072
-0.000907837
0.0202755
-0.000494202
0.0204967
-0.000178383
0.0199409
1.90326e-05
0.0197107
0.000105026
0.0196988
4.34088e-05
0.0195192
-0.000134828
0.0193271
-0.000210742
0.0190937
-4.62285e-05
0.018879
0.0161275
0.0018718
-0.00407735
0.00282569
-0.00848155
0.00305208
-0.00800266
0.00259959
-0.0060696
0.00161523
-0.00341986
0.000145807
-0.000344341
-0.00152337
0.00196106
-0.00197099
0.00632128
-0.00222753
0.0134643
-0.00174776
0.0173274
-0.00115785
0.0196856
-0.000745333
0.0200842
-0.000459338
0.0196549
-0.000268771
0.0195202
-0.000123749
0.0195538
-1.55439e-05
0.019411
0.000124785
0.0191868
0.000138309
0.0190801
-0.000110722
0.019128
0.0160167
0.00207133
-0.00614869
0.00270779
-0.00911801
0.00283117
-0.00812604
0.00249732
-0.00573574
0.00170774
-0.00263028
0.000508222
0.000855177
-0.00124404
0.00371333
-0.00204155
0.00711879
-0.00222241
0.0136452
-0.00184931
0.0169543
-0.00132521
0.0191615
-0.000873402
0.0196324
-0.000535909
0.0193174
-0.000268198
0.0192524
-0.00010244
0.019388
-9.4381e-05
0.019403
-0.000258053
0.0193504
-0.000376219
0.0191983
-0.000189943
0.0189417
0.0158268
0.00166253
-0.00781121
0.00252301
-0.00997849
0.00270421
-0.00830724
0.00247578
-0.00550731
0.00186082
-0.00201532
0.000966011
0.00174999
-0.000601697
0.00528104
-0.00174018
0.00825728
-0.00181777
0.0137227
-0.00157636
0.0167129
-0.00116806
0.0187532
-0.000812091
0.0192764
-0.000628734
0.019134
-0.000473277
0.019097
-0.000345274
0.01926
-0.000249216
0.0193069
-6.95414e-05
0.0191707
6.62445e-05
0.0190625
-6.46e-05
0.0190726
0.0157622
0.0014836
-0.00929481
0.00222823
-0.0107231
0.00244228
-0.0085213
0.00229612
-0.00536115
0.00189198
-0.00161118
0.00131367
0.00232831
0.000149641
0.00644507
-0.00110047
0.00950739
-0.00118
0.0138023
-0.00105689
0.0165898
-0.00089534
0.0185917
-0.000703458
0.0190845
-0.000543629
0.0189742
-0.000380962
0.0189343
-0.000223257
0.0191023
-0.000135075
0.0192187
-0.000234511
0.0192702
-0.00036227
0.0191903
-0.000266439
0.0189768
0.0154958
0.00125043
-0.0105452
0.00195052
-0.0114232
0.00220047
-0.00877125
0.0021553
-0.00531598
0.00192657
-0.00138245
0.00156327
0.0026916
0.000840532
0.0071678
-0.000258558
0.0106065
-0.000579454
0.0141232
-0.000492159
0.0165025
-0.000374117
0.0184736
-0.000360463
0.0190709
-0.000364148
0.0189779
-0.00035613
0.0189263
-0.000341254
0.0190874
-0.000349936
0.0192274
-0.000243079
0.0191633
-7.53642e-05
0.0190226
-1.89636e-05
0.0189203
0.0154768
0.0010812
-0.0116264
0.00170802
-0.01205
0.00198257
-0.0090458
0.00202111
-0.00535452
0.00191128
-0.00127262
0.00167886
0.00292403
0.00132347
0.00752319
0.0005393
0.0113906
0.00010371
0.0145588
-2.43234e-05
0.0166305
-3.06526e-05
0.01848
-0.000149797
0.01919
-0.000259059
0.0190871
-0.000280007
0.0189473
-0.00020164
0.0190091
-8.61499e-05
0.0191119
-9.00981e-05
0.0191673
-0.00017703
0.0191095
-0.000242611
0.0189859
0.0152342
0.000933951
-0.0125604
0.00149024
-0.0126063
0.00176907
-0.00932463
0.00186358
-0.00544903
0.00183753
-0.00124658
0.00173406
0.0030275
0.00161553
0.00764172
0.00118942
0.0118168
0.0006591
0.0150891
0.000359335
0.0169303
0.000344102
0.0184952
0.000206041
0.0193281
-6.44852e-06
0.0192996
-0.000123261
0.0190641
-0.00019626
0.0190821
-0.000322679
0.0192384
-0.000364339
0.0192089
-0.000299151
0.0190443
-8.62712e-05
0.0187731
0.0151479
0.000799962
-0.0133604
0.00127453
-0.0130809
0.00153953
-0.00958963
0.00166862
-0.00557812
0.00170228
-0.00128024
0.00171347
0.00301632
0.00170374
0.00765144
0.00159626
0.0119242
0.00113899
0.0155464
0.000668732
0.0174005
0.000466769
0.0186972
0.000300774
0.0194941
3.14438e-05
0.0195689
-0.000190044
0.0192856
-0.000252569
0.0191446
-0.000137766
0.0191236
-2.02325e-05
0.0190914
5.68508e-05
0.0189672
-0.000109543
0.0189394
0.0150384
0.000668041
-0.0140284
0.00106194
-0.0134748
0.00129216
-0.00981985
0.00142751
-0.00571346
0.00151239
-0.00136512
0.0015883
0.0029404
0.00164572
0.00759403
0.00163839
0.0119316
0.00127942
0.0159053
0.000817422
0.0178625
0.000546216
0.0189684
0.000365975
0.0196743
0.000123212
0.0198117
-6.10967e-05
0.0194699
-0.000163593
0.0192471
-0.000330003
0.01929
-0.000482868
0.0192443
-0.000572017
0.0190564
-0.000299738
0.0186672
0.0147386
0.000537262
-0.0145657
0.000834313
-0.0137718
0.00101609
-0.0100016
0.00113651
-0.00583387
0.00123465
-0.00146326
0.00136123
0.00281382
0.00146319
0.00749207
0.00150707
0.0118877
0.00132851
0.0160839
0.000869406
0.0183216
0.000443756
0.019394
0.000229293
0.0198888
2.20911e-05
0.0200189
-0.000279327
0.0197713
-0.000470068
0.0194378
-0.00040889
0.0192288
-0.000209035
0.0190444
5.89489e-05
0.0187884
1.2866e-05
0.0187132
0.0147515
0.000408366
-0.014974
0.00060244
-0.0139659
0.000707549
-0.0101067
0.000781994
-0.00590832
0.000877867
-0.00155914
0.000990225
0.00270146
0.00107649
0.00740581
0.00107841
0.0118858
0.000987067
0.0161752
0.000656259
0.0186524
0.000273221
0.0197771
8.82848e-06
0.0201532
-0.000210288
0.020238
-0.000355378
0.0199164
-0.000421195
0.0195036
-0.000505913
0.0193135
-0.000626727
0.0191652
-0.000771483
0.0189331
-0.000550309
0.0184921
0.0142012
0.000267398
-0.0152414
0.000337925
-0.0140364
0.000352092
-0.0101209
0.000341361
-0.00589759
0.000381108
-0.00159888
0.00040387
0.0026787
0.000472031
0.00733765
0.000537672
0.0118201
0.000589014
0.0161239
0.000333923
0.0189075
-5.92793e-05
0.0201703
-0.000328854
0.0204228
-0.000471401
0.0203806
-0.000699011
0.020144
-0.000892677
0.0196973
-0.000872812
0.0192936
-0.000712445
0.0190049
-0.000387787
0.0186085
-0.000102142
0.0182064
0.014099
0.000105878
-0.0153473
4.74963e-05
-0.013978
-4.42895e-05
-0.0100291
-0.000118899
-0.00582298
-0.000163011
-0.00155477
-0.000211103
0.00272679
-0.000197663
0.00732421
-0.000186035
0.0118085
-0.000137931
0.0160758
-0.000306378
0.019076
-0.000568427
0.0204323
-0.000840949
0.0206953
-0.00103938
0.020579
-0.00109615
0.0202008
-0.0010642
0.0196654
-0.00103867
0.0192681
-0.000952162
0.0189184
-0.000845988
0.0185023
-0.000672788
0.0180332
0.0134263
-5.74041e-05
-0.0152899
-0.000238045
-0.0137974
-0.000434723
-0.00983245
-0.000633705
-0.005624
-0.000790511
-0.00139797
-0.00090808
0.00284436
-0.000973567
0.00738969
-0.00100743
0.0118424
-0.000908304
0.0159767
-0.00108025
0.0192479
-0.00126309
0.0206151
-0.0014048
0.020837
-0.00142573
0.0205999
-0.00147878
0.0202538
-0.0015539
0.0197405
-0.00150154
0.0192157
-0.00142667
0.0188435
-0.00129216
0.0183678
-0.000677245
0.0174183
0.012749
-0.000202212
-0.0150877
-0.00053082
-0.0134688
-0.000832978
-0.00953029
-0.00114481
-0.00531216
-0.0013725
-0.00117028
-0.00156515
0.00303702
-0.00177496
0.0075995
-0.00193211
0.0119995
-0.00194619
0.0159907
-0.00198229
0.019284
-0.00198866
0.0206215
-0.0021072
0.0209555
-0.00221216
0.0207049
-0.00217459
0.0202162
-0.00207164
0.0196375
-0.00197786
0.019122
-0.00167027
0.0185359
-0.00106537
0.0177629
-0.00064904
0.017002
0.0121
-0.000350828
-0.0147369
-0.000834218
-0.0129854
-0.00129478
-0.00906972
-0.00172309
-0.00488386
-0.00208123
-0.000812145
-0.00238034
0.00333613
-0.00269939
0.00791855
-0.00288909
0.0121892
-0.00289207
0.0159937
-0.00290695
0.0192989
-0.00293116
0.0206457
-0.00293503
0.0209594
-0.00278038
0.0205502
-0.00264963
0.0200855
-0.00252169
0.0195096
-0.00228492
0.0188852
-0.00220224
0.0184532
-0.00235887
0.0179195
-0.00167044
0.0163136
0.0104295
-0.000505738
-0.0142311
-0.00111223
-0.0123789
-0.00171094
-0.00847102
-0.00225447
-0.00434032
-0.00272246
-0.000344156
-0.00309201
0.00370568
-0.00348412
0.00831067
-0.00379797
0.012503
-0.00394275
0.0161385
-0.00390738
0.0192635
-0.00371587
0.0204542
-0.00363364
0.0208772
-0.00361916
0.0205358
-0.00348411
0.0199504
-0.00328249
0.019308
-0.00317307
0.0187758
-0.00287828
0.0181584
-0.00205644
0.0170977
-0.00101417
0.0152713
0.00941536
-0.000679223
-0.0135519
-0.00143243
-0.0116257
-0.00215007
-0.00775338
-0.0028529
-0.00363749
-0.00345539
0.000258332
-0.00393868
0.00418897
-0.00439184
0.00876383
-0.00471947
0.0128307
-0.00483064
0.0162497
-0.00476916
0.0192021
-0.00467282
0.0203579
-0.00461517
0.0208195
-0.00438428
0.0203049
-0.0041375
0.0197037
-0.00390307
0.0190736
-0.00350139
0.0183741
-0.00312494
0.017782
-0.00309028
0.017063
-0.00251658
0.0146976
0.00689879
-0.000819076
-0.0127328
-0.00170901
-0.0107358
-0.00255468
-0.00690771
-0.00341654
-0.00277563
-0.00413725
0.00097904
-0.00469303
0.00474474
-0.00515754
0.00922834
-0.0055429
0.013216
-0.00577401
0.0164808
-0.00574415
0.0191722
-0.00550973
0.0201235
-0.00527763
0.0205874
-0.0050886
0.0201158
-0.0048545
0.0194696
-0.00458694
0.018806
-0.00436327
0.0181504
-0.00403374
0.0174524
-0.00390329
0.0169326
-0.00343323
0.0142275
0.00346556
-0.000941481
-0.0117913
-0.0019478
-0.00972945
-0.00288488
-0.00597063
-0.00384082
-0.00181968
-0.00472854
0.00186675
-0.00542542
0.00544163
-0.0059886
0.00979152
-0.00640734
0.0136348
-0.00655972
0.0166332
-0.00642766
0.0190401
-0.00629341
0.0199892
-0.00619252
0.0204865
-0.00589212
0.0198154
-0.00558707
0.0191645
-0.00537311
0.018592
-0.00517917
0.0179565
-0.00497194
0.0172452
-0.00327665
0.0152373
-0.00159584
0.0125467
0.00186972
-0.00105082
-0.0107405
-0.00215312
-0.00862715
-0.00317857
-0.00494518
-0.00423005
-0.000768197
-0.00527431
0.00291101
-0.00609671
0.00626403
-0.00665345
0.0103483
-0.00702452
0.0140058
-0.00723435
0.016843
-0.00723705
0.0190428
-0.00711541
0.0198676
-0.00686012
0.0202312
-0.0065572
0.0195125
-0.00622656
0.0188339
-0.0058753
0.0182408
-0.0053386
0.0174198
-0.00421866
0.0161253
-0.00351219
0.0145308
-0.000829369
0.0098639
0.00104035
-0.00114878
-0.00959174
-0.00231813
-0.0074578
-0.00339135
-0.00387197
-0.00447077
0.000311225
-0.00556293
0.00400317
-0.00648801
0.0071891
-0.00714814
0.0110084
-0.00761322
0.0144709
-0.00781098
0.0170408
-0.00769944
0.0189313
-0.00759806
0.0197662
-0.00746753
0.0201007
-0.00718179
0.0192268
-0.00690669
0.0185588
-0.00653086
0.017865
-0.00582045
0.0167094
-0.00522123
0.015526
-0.00339632
0.0127059
0.000700522
0.00576706
0.00174087
-0.00120715
-0.00838459
-0.00242097
-0.00624399
-0.00350216
-0.00279077
-0.00454414
0.0013532
-0.00567411
0.00513314
-0.00672037
0.00823537
-0.00744187
0.0117299
-0.00783309
0.0148622
-0.00803368
0.0172413
-0.00813607
0.0190337
-0.00819178
0.0198219
-0.00801797
0.0199269
-0.00783089
0.0190397
-0.00756209
0.01829
-0.0070426
0.0173455
-0.00657765
0.0162444
-0.00536647
0.0143149
-0.00159969
0.00893912
0.000929677
0.00323769
0.00267055
-0.0012727
-0.00711189
-0.00254619
-0.0049705
-0.00363555
-0.00170141
-0.00461149
0.00232914
-0.00566776
0.00618941
-0.00667875
0.00924636
-0.0074058
0.0124569
-0.00793511
0.0153915
-0.00831578
0.017622
-0.00845125
0.0191692
-0.00852886
0.0198995
-0.00850782
0.0199059
-0.00831935
0.0188512
-0.00814475
0.0181154
-0.00811466
0.0173154
-0.007194
0.0153238
-0.00409323
0.0112141
-0.00105112
0.00589701
-0.000138536
0.00232511
0.00253201
-0.00135682
-0.00575507
-0.0026865
-0.00364081
-0.00378438
-0.00060353
-0.00468253
0.00322729
-0.0056052
0.00711208
-0.00656698
0.0102081
-0.00739546
0.0132854
-0.00798049
0.0159765
-0.00837274
0.0180143
-0.00871937
0.0195158
-0.00898312
0.0201633
-0.00889001
0.0198128
-0.00890801
0.0188692
-0.00915457
0.0183619
-0.00872326
0.0168841
-0.0066712
0.0132717
-0.00378265
0.00832555
-0.00242526
0.00453962
-0.000977606
0.000877454
0.00155441
-0.00139329
-0.00436178
-0.00279023
-0.00224387
-0.00392063
0.00052687
-0.0048161
0.00412276
-0.00568576
0.00798174
-0.00659692
0.0111193
-0.00736553
0.014054
-0.00801782
0.0166288
-0.00865159
0.018648
-0.00903058
0.0198948
-0.00913696
0.0202696
-0.00924095
0.0199167
-0.00957893
0.0192072
-0.00964817
0.0184312
-0.00861125
0.0158471
-0.0065083
0.0111687
-0.00532949
0.00714674
-0.00373793
0.00294806
-0.00196327
-0.000897203
-0.000408862
-0.00144065
-0.00292113
-0.00290244
-0.000782087
-0.00412944
0.00175387
-0.00506664
0.00505996
-0.00588031
0.00879541
-0.0066802
0.0119192
-0.00748354
0.0148573
-0.00820383
0.0173491
-0.00868973
0.0191339
-0.00900532
0.0202104
-0.00929248
0.0205568
-0.00953025
0.0201545
-0.00989816
0.0195751
-0.00979402
0.018327
-0.0084964
0.0145495
-0.00735643
0.0100288
-0.00652555
0.00631586
-0.00426461
0.000687118
-0.00260883
-0.00255298
-0.0030177
-0.00143909
-0.00148204
-0.00295181
0.000730625
-0.00425508
0.00305714
-0.00523112
0.006036
-0.00603396
0.00959825
-0.00683498
0.0127202
-0.00754378
0.0155661
-0.00808603
0.0178913
-0.00859507
0.019643
-0.00893366
0.0205489
-0.00906688
0.02069
-0.00941365
0.0205013
-0.00984028
0.0200017
-0.00945898
0.0179457
-0.00859298
0.0136835
-0.00806014
0.00949594
-0.00659968
0.0048554
-0.00464928
-0.00126328
-0.00270126
-0.004501
-0.00571896
-0.00139807
-8.39656e-05
-0.00289748
0.00223003
-0.00424379
0.00440345
-0.00527009
0.0070623
-0.00608685
0.010415
-0.00676112
0.0133945
-0.00732876
0.0161338
-0.00785168
0.0184143
-0.0081351
0.0199264
-0.00825729
0.0206711
-0.00859024
0.021023
-0.0090746
0.0209857
-0.0092555
0.0201826
-0.00892977
0.01762
-0.00829985
0.0130536
-0.00760247
0.00879856
-0.00600783
0.00326075
-0.00438499
-0.00288612
-0.00250193
-0.00638406
-0.00822089
-0.00128348
0.00119951
-0.00268881
0.00363537
-0.00402696
0.0057416
-0.00506135
0.00809669
-0.0057984
0.0111521
-0.00641077
0.0140069
-0.00688546
0.0166085
-0.00709649
0.0186253
-0.00727133
0.0201012
-0.00753908
0.0209389
-0.00775027
0.0212342
-0.00797222
0.0212076
-0.00808735
0.0202977
-0.00767755
0.0172102
-0.00720769
0.0125837
-0.0064392
0.00803006
-0.00493212
0.00175368
-0.00370612
-0.00411212
-0.00201734
-0.00807285
-0.0102382
-0.00112603
0.00232554
-0.00237595
0.00488529
-0.00364232
0.00700797
-0.00460212
0.00905649
-0.00528472
0.0118347
-0.00574882
0.0144709
-0.00596407
0.0168237
-0.00615466
0.0188159
-0.0061994
0.020146
-0.00613932
0.0208788
-0.00628273
0.0213776
-0.00652105
0.0214459
-0.00641016
0.0201869
-0.00612016
0.0169202
-0.00567026
0.0121338
-0.00463661
0.00699641
-0.00357719
0.000694267
-0.00262803
-0.00506128
-0.00137418
-0.0093267
-0.0116124
-0.000888997
0.00321454
-0.00192051
0.0059168
-0.00301773
0.00810518
-0.00392561
0.00996437
-0.00445998
0.012369
-0.00477988
0.0147908
-0.00494957
0.0169934
-0.00481583
0.0186822
-0.00462532
0.0199555
-0.00461834
0.0208718
-0.00458084
0.0213401
-0.00439004
0.0212551
-0.00417529
0.0199721
-0.00377609
0.016521
-0.00326997
0.0116277
-0.00250742
0.00623386
-0.00173352
-7.96259e-05
-0.00111744
-0.00567736
-0.000472536
-0.0099716
-0.0120849
-0.000642505
0.00385704
-0.00141039
0.00668469
-0.00234381
0.0090386
-0.00308408
0.0107047
-0.00351844
0.0128034
-0.00370329
0.0149757
-0.00356454
0.0168547
-0.00339584
0.0185135
-0.00309646
0.0196561
-0.00263718
0.0204125
-0.00226564
0.0209685
-0.00203439
0.0210239
-0.00164389
0.0195816
-0.0012276
0.0161047
-0.000717809
0.0111179
4.81034e-06
0.00551124
0.000373445
-0.000448261
0.000403038
-0.00570695
0.000248832
-0.0098174
-0.0118361
-0.00043225
0.00428929
-0.000887026
0.00713947
-0.00151125
0.00966283
-0.00216989
0.0113633
-0.00246409
0.0130976
-0.00245964
0.0149712
-0.00234387
0.0167389
-0.00184395
0.0180135
-0.00127196
0.0190841
-0.000751457
0.019892
-0.000169692
0.0203868
0.000661292
0.0201929
0.00134341
0.0188995
0.00181154
0.0156366
0.00205604
0.0108734
0.00212247
0.00544481
0.00198987
-0.000315659
0.00158497
-0.00530206
0.000778156
-0.00901058
-0.011058
-0.000150191
0.00443949
-0.00038911
0.00737838
-0.000804106
0.0100778
-0.0012114
0.0117706
-0.00144375
0.0133299
-0.00137056
0.0148981
-0.000940804
0.0163091
-0.000468182
0.0175409
0.000193606
0.0184223
0.00113384
0.0189518
0.00218497
0.0193356
0.00307532
0.0193025
0.00388612
0.0180887
0.00437517
0.0151475
0.00461585
0.0106328
0.00446518
0.00559548
0.00363883
0.000510694
0.00242457
-0.00408781
0.00105436
-0.00764037
-0.0100036
-4.6705e-05
0.00448619
2.97467e-05
0.00730193
-1.97799e-05
0.0101273
-0.000344698
0.0120955
-0.000451407
0.0134366
-0.00025601
0.0147027
6.53574e-05
0.0159878
0.000777514
0.0168288
0.00162784
0.017572
0.00253239
0.0180473
0.00358422
0.0182838
0.00494328
0.0179435
0.00605341
0.0169786
0.00658271
0.0146182
0.00648079
0.0107347
0.00608112
0.00599514
0.00542178
0.00117004
0.0037792
-0.00244523
0.00170497
-0.00556614
-0.00829862
0.000163487
0.0043227
0.000310123
0.0071553
0.00049082
0.00994665
0.000503093
0.0120832
0.000429586
0.0135101
0.000593677
0.0145386
0.00113271
0.0154487
0.00171007
0.0162514
0.00253837
0.0167437
0.0036237
0.0169619
0.00485555
0.017052
0.00587172
0.0169273
0.00698332
0.015867
0.00775493
0.0138466
0.00777397
0.0107156
0.00685736
0.00691176
0.00547835
0.00254905
0.00432326
-0.00129014
0.00241071
-0.00365359
-0.0058879
0.000223191
0.00409951
0.000567035
0.00681145
0.00100967
0.00950402
0.00112865
0.0119642
0.00122128
0.0134175
0.0014112
0.0143487
0.00175786
0.0151021
0.0024675
0.0155417
0.00330327
0.0159079
0.00414187
0.0161233
0.00516283
0.016031
0.00650474
0.0155854
0.00747738
0.0148943
0.00799565
0.0133284
0.00807014
0.0106411
0.00747183
0.00751006
0.00577146
0.00424942
0.00351831
0.000963017
0.00198674
-0.00212203
-0.00390116
0.000298684
0.00380083
0.000665212
0.00644492
0.00124434
0.00892489
0.00165863
0.0115499
0.00182092
0.0132552
0.00199826
0.0141713
0.0024312
0.0146692
0.00289714
0.0150758
0.00364639
0.0151587
0.00458639
0.0151833
0.00555212
0.0150653
0.00622284
0.0149147
0.00718527
0.0139319
0.00778221
0.0127314
0.0076501
0.0107732
0.00700748
0.00815268
0.0060062
0.0052507
0.0039558
0.00301343
0.00136848
0.000465286
-0.00253267
0.000537256
0.00326357
0.000851045
0.00613113
0.00144333
0.00833261
0.00193582
0.0110575
0.00232608
0.012865
0.00253088
0.0139665
0.00276649
0.0144336
0.00327573
0.0145666
0.00390258
0.0145318
0.00452445
0.0145615
0.00534201
0.0142477
0.00633921
0.0139175
0.00673144
0.0135397
0.00709671
0.0123661
0.00709339
0.0107766
0.00637331
0.00887276
0.00507108
0.00655292
0.00384238
0.00424213
0.00216091
0.00214675
-0.000371762
0.000509017
0.00275456
0.000965994
0.00567416
0.00151852
0.00778008
0.00214643
0.0104295
0.00258239
0.012429
0.00288125
0.0136676
0.00317876
0.014136
0.00344282
0.0143025
0.00392131
0.0140533
0.00465335
0.0138294
0.00522007
0.013681
0.0056212
0.0135163
0.00630621
0.0128547
0.00644718
0.0122252
0.00632384
0.0108999
0.00583223
0.00936437
0.00487983
0.00750533
0.00335029
0.00577167
0.00177409
0.00372295
0.00140233
0.00102895
0.00172561
0.00110353
0.00559958
0.00150716
0.00737644
0.00219194
0.00974477
0.00279475
0.0118262
0.00312572
0.0133367
0.00334415
0.0139176
0.00365434
0.0139923
0.00397829
0.0137294
0.00431883
0.0134889
0.00497319
0.0130266
0.00557977
0.0129098
0.00558167
0.0128528
0.00579673
0.0120101
0.00554983
0.0111468
0.00503479
0.00987942
0.00398508
0.00855503
0.00270997
0.00704678
0.00126579
0.00516713
0.00266812
0.00123277
0.000492835
0.00136475
0.0054676
0.00160111
0.00714009
0.00218414
0.00916174
0.00277142
0.0112389
0.00325994
0.0128482
0.00357205
0.0136055
0.00372772
0.0138366
0.00394127
0.0135158
0.00440093
0.0130292
0.00460832
0.0128192
0.00495665
0.0125614
0.00539905
0.0124104
0.00522295
0.0121862
0.00506514
0.0113046
0.00445509
0.0104895
0.00376021
0.00924991
0.00252303
0.00828395
0.00144073
0.00624943
0.00410885
0.000598715
-0.00010588
0.00121004
0.00485627
0.00167763
0.0066725
0.00218563
0.00865374
0.00278948
0.0106351
0.00327801
0.0123596
0.00359963
0.0132839
0.00387897
0.0135573
0.00400329
0.0133915
0.0040691
0.0129634
0.00456413
0.0123242
0.00482921
0.0122964
0.00472348
0.0125161
0.00482241
0.0120873
0.00445136
0.0116757
0.00404876
0.0108921
0.00312554
0.0101731
0.0024504
0.00895909
0.00088792
0.00781191
0.00499677
-5.44309e-06
-0.000100437
0.0010692
0.00378163
0.00146721
0.00627449
0.00202303
0.00809792
0.00268193
0.00997616
0.00330183
0.0117397
0.0037064
0.0128793
0.00386938
0.0133943
0.00402367
0.0132372
0.00423027
0.0127568
0.00414648
0.012408
0.00452001
0.0119228
0.00480062
0.0122355
0.0044889
0.012399
0.00426741
0.0118972
0.00371914
0.0114403
0.0031676
0.0107247
0.00190695
0.0102197
0.00158024
0.00813863
0.006577
-0.000252604
0.000152168
0.00161746
0.00191156
0.00174741
0.00614455
0.00201757
0.00782776
0.00262879
0.00936493
0.00323792
0.0111306
0.00368675
0.0124305
0.00404814
0.0130329
0.00406869
0.0132167
0.00405075
0.0127747
0.00434103
0.0121177
0.00432517
0.0119387
0.00428311
0.0122775
0.00437819
0.0123039
0.00397838
0.012297
0.00353983
0.0118789
0.00275733
0.0115072
0.00218121
0.0107959
0.000307011
0.0100128
0.00688401
-0.000511794
0.000663962
0.00122342
0.000176346
0.00191293
0.00545504
0.00235325
0.00738744
0.00271494
0.00900325
0.00328283
0.0105627
0.00377046
0.0119429
0.00401144
0.0127919
0.00427698
0.0129511
0.00427007
0.0127816
0.00401359
0.0123742
0.00437989
0.0115724
0.004559
0.0120984
0.00425523
0.0126077
0.00404406
0.0125081
0.00353478
0.0123882
0.00293476
0.0121072
0.00187432
0.0118563
0.00190249
0.00998465
0.00878651
-0.000293101
0.000957062
0.000494109
-0.000610864
0.00194835
0.0040008
0.00244653
0.00688926
0.00282618
0.00862359
0.00332825
0.0100607
0.00384794
0.0114232
0.00430005
0.0123398
0.00430631
0.0129449
0.00442705
0.0126609
0.00446659
0.0123347
0.00412834
0.0119106
0.0042774
0.0119494
0.00441125
0.0124738
0.00402194
0.0128974
0.00357177
0.0128383
0.00291531
0.0127637
0.00227035
0.0125013
0.000157152
0.0120978
0.00894366
0.000144194
0.000812869
0.000134332
-0.000601003
0.00205774
0.0020774
0.00260335
0.00634364
0.00297548
0.00825147
0.00351658
0.00951955
0.00399339
0.0109464
0.00434995
0.0119833
0.00475692
0.0125379
0.00464065
0.0127772
0.00447582
0.0124995
0.00472322
0.0116632
0.00464804
0.0120245
0.00448372
0.0126382
0.0043709
0.0130103
0.00390469
0.0133046
0.00317423
0.0134941
0.00219166
0.0134838
0.00243149
0.011858
0.0113751
-3.05698e-06
0.000815926
-0.000481837
-0.000122223
0.0012419
0.000353664
0.00259915
0.00498639
0.00333889
0.00751172
0.00372329
0.00913515
0.00425268
0.010417
0.0046964
0.0115395
0.00481643
0.0124178
0.00517172
0.0124219
0.0050074
0.0126638
0.00450321
0.0121674
0.00475224
0.0117755
0.00491595
0.0124744
0.00460055
0.0133257
0.00422131
0.0136838
0.0037178
0.0139976
0.00264758
0.014554
1.86276e-05
0.014487
0.0113938
4.65188e-05
0.000769407
-0.000421693
0.000345988
0.000497346
-0.000565375
0.00270444
0.00277929
0.00350227
0.0067139
0.00404024
0.00859717
0.00443494
0.0100223
0.00494776
0.0110267
0.00534551
0.0120201
0.005272
0.0124954
0.0055037
0.0124321
0.00554348
0.0121277
0.00516755
0.0121514
0.00518755
0.0124544
0.00529036
0.0132229
0.00489562
0.0140785
0.00407207
0.0148212
0.00325565
0.0153705
0.00324962
0.014493
0.0146434
8.89468e-05
0.00068046
0.000204669
0.000230266
9.03101e-05
-0.000451017
0.00192998
0.000939625
0.00347597
0.0051679
0.00429781
0.00777533
0.00486764
0.00945245
0.00519086
0.0107035
0.0055911
0.0116199
0.00601729
0.0120692
0.00574241
0.012707
0.0056048
0.0122653
0.00586526
0.011891
0.00589394
0.0124258
0.00571793
0.0133989
0.00558224
0.0142142
0.00534213
0.0150613
0.00407497
0.0166376
0.000817412
0.0177506
0.0154608
-4.98736e-05
0.000730334
0.000572515
-0.000392123
0.000505072
-0.000383574
0.00120946
0.000235233
0.00336094
0.00301643
0.00456879
0.00656748
0.00507388
0.00894736
0.0056169
0.0101605
0.00585751
0.0113792
0.00609237
0.0118344
0.00670679
0.0120926
0.00654455
0.0124275
0.00616169
0.0122738
0.0063993
0.0121882
0.00677109
0.0130271
0.00659786
0.0143874
0.00600655
0.0156526
0.00596599
0.0166782
0.00579521
0.0179214
0.021256
0.000509063
0.000221271
0.00110825
-0.00099131
0.00177975
-0.00105508
0.00158012
0.000434861
0.00284923
0.00174732
0.00447222
0.0049445
0.00541835
0.00800123
0.00574324
0.00983559
0.00632249
0.0108
0.00655024
0.0116066
0.00654288
0.0121
0.00706077
0.0119096
0.00736451
0.0119701
0.00721349
0.0123392
0.00728026
0.0129603
0.00794971
0.013718
0.00803395
0.0155684
0.00661308
0.018099
0.004993
0.0195414
0.026249
0.000980013
-0.000758742
0.0016363
-0.0016476
0.00251264
-0.00193142
0.00269081
0.0002567
0.00283164
0.00160648
0.00410043
0.0036757
0.00534257
0.0067591
0.00607946
0.0090987
0.00624548
0.010634
0.00692294
0.0109291
0.00752808
0.0114948
0.00739883
0.0120389
0.00753857
0.0118304
0.00829996
0.0115778
0.00861325
0.012647
0.00869076
0.0136405
0.0102467
0.0140124
0.0105977
0.0177481
0.0121717
0.0179675
0.0232084
0.0152123
0.000966754
-0.0017255
0.00177663
-0.00245747
0.00251239
-0.00266718
0.00339242
-0.000623333
0.0031893
0.0018096
0.00382248
0.00304252
0.00499809
0.00558349
0.00591343
0.00818336
0.00659998
0.00994742
0.00671391
0.0108152
0.00724788
0.0109608
0.00845569
0.010831
0.00856796
0.0117181
0.00871242
0.0114333
0.0100419
0.0113175
0.0102174
0.013465
0.0119008
0.0123289
0.0128661
0.0167829
0.018347
0.0124865
0.0216197
0.0199357
0.00107073
-0.00279623
0.00185994
-0.00324669
0.0022726
-0.00307983
0.00308854
-0.00143927
0.00347263
0.00142551
0.00348801
0.00302714
0.0043509
0.0047206
0.00540341
0.00713085
0.00623867
0.00911216
0.00727022
0.00978367
0.00739835
0.0108327
0.00793644
0.010293
0.00959235
0.0100622
0.00963762
0.0113881
0.0111748
0.0097804
0.0114636
0.0131761
0.014772
0.0090206
0.014781
0.0167738
0.0173035
0.00996406
0.016877
0.0220463
0.00115796
-0.00395419
0.00188755
-0.00397628
0.0022215
-0.00341378
0.00257147
-0.00178925
0.00297257
0.00102441
0.00324551
0.0027542
0.00369211
0.00427401
0.00453479
0.00628817
0.00558594
0.00806101
0.00610339
0.00926622
0.00841155
0.00852455
0.00801751
0.010687
0.00966235
0.00841736
0.0098987
0.0111517
0.0124057
0.00727344
0.0121289
0.0134529
0.014881
0.00626854
0.0177179
0.0139368
0.017092
0.01059
0.0118625
0.0221065
0.00113584
-0.00509003
0.00163782
-0.00447826
0.00168964
-0.0034656
0.00189687
-0.00199648
0.00202561
0.00089568
0.00222633
0.00255348
0.00275347
0.00374686
0.00336062
0.00568102
0.00528251
0.00613912
0.00500792
0.00954081
0.0077347
0.00579777
0.00799552
0.0104262
0.0111892
0.0052237
0.0103741
0.0119668
0.0132347
0.00441283
0.0141171
0.0125705
0.0137941
0.00659147
0.0176105
0.0101205
0.0177004
0.0105001
0.00886712
0.0206958
0.000671634
-0.00576166
0.000734141
-0.00454076
0.000312589
-0.00304405
0.000401688
-0.00208558
0.000748711
0.000548657
0.000713006
0.00258918
0.000947712
0.00351216
0.0015749
0.00505384
0.00331764
0.00439637
0.00398258
0.00887587
0.00822762
0.00155274
0.00700018
0.0116536
0.0111808
0.0010431
0.0107568
0.0123908
0.0119122
0.00325748
0.0151771
0.00930559
0.0145837
0.00718488
0.01768
0.00702425
0.0193674
0.00881269
0.00758902
0.0206455
-0.000242434
-0.00551923
-0.000637486
-0.00414571
-0.00132872
-0.00235282
-0.00173628
-0.00167802
-0.00132946
0.000141842
-0.00100683
0.00226654
-0.00141096
0.00391629
6.74384e-05
0.00357544
0.00205733
0.00240648
0.00137468
0.00955852
0.00586345
-0.00293603
0.00455202
0.012965
0.00660682
-0.0010117
0.00973801
0.00925956
0.00989879
0.0030967
0.0137996
0.00540475
0.0146848
0.00629968
0.0168294
0.00487972
0.019391
0.00625106
0.00599002
0.02099
-0.00170673
-0.0038125
-0.00294596
-0.00290649
-0.00388458
-0.00141419
-0.00464533
-0.000917267
-0.00468818
0.000184692
-0.0040919
0.00167026
-0.00431875
0.00414313
-0.000675466
-6.78398e-05
0.00106847
0.000662542
0.00022546
0.0104015
0.00303964
-0.00575021
0.00606265
0.00994202
0.00488838
0.000162566
0.00822285
0.00592509
0.00867141
0.00264814
0.0118192
0.00225701
0.0140697
0.00404913
0.0156415
0.00330795
0.0180791
0.00381339
0.00399381
0.0200753
-0.00219703
-0.00161547
-0.00350948
-0.00159404
-0.00372487
-0.0011988
-0.00428444
-0.000357703
-0.00414069
4.09456e-05
-0.00346181
0.00099138
-0.00114651
0.00182783
-3.33661e-05
-0.00118098
0.000109851
0.000519325
0.00305283
0.00745855
0.00219756
-0.00489494
0.00700562
0.00513396
0.00539404
0.00177414
0.00813451
0.00318463
0.0094872
0.00129545
0.0113625
0.000381721
0.0140098
0.00140186
0.0157352
0.00158247
0.0178642
0.00168442
0.00194907
0.019909
-0.00161547
-0.0032095
-0.00440831
-0.00476601
-0.00472506
-0.00373368
-0.00190585
-0.00308683
-0.00256751
0.00489105
-3.89286e-06
0.00513007
0.00690422
0.0100888
0.0113843
0.011766
0.0131679
0.0147503
0.0164348
0.0183838
0.000158126
0.0150541
-0.00195243
0.00211056
0.00395564
-0.00590807
0.0038478
0.000107849
0.00282279
0.00102501
-0.000376967
0.00319975
-0.000766103
0.000389136
-0.00129341
0.000527306
-0.00270236
0.00140895
-0.00311343
0.000411074
-0.00369848
0.000585051
-0.00555422
0.00185573
-0.00654531
0.000991093
-0.00849873
0.00195343
-0.0103221
0.0018234
-0.0113896
0.00106745
-0.012518
0.00112838
-0.0127414
0.000223415
-0.0128537
0.000112317
-0.0124971
-0.000356644
-0.0119805
-0.000516555
-0.0113456
-0.000634887
-0.0106672
-0.000678414
-0.0100933
-0.000573872
-0.0096948
-0.000398525
-0.00960749
-8.73092e-05
-0.00975088
0.00014339
-0.0100998
0.000348925
-0.010641
0.000541237
-0.0112985
0.000657483
-0.0120771
0.000778543
-0.0129526
0.000875553
-0.0138081
0.000855455
-0.0145595
0.000751382
-0.0150724
0.000512906
-0.0152225
0.000150118
-0.0150636
-0.000158863
-0.0144648
-0.000598771
-0.0135435
-0.000921375
-0.0122364
-0.00130703
-0.010607
-0.00162942
-0.00875523
-0.00185179
-0.00680909
-0.00194615
-0.00483751
-0.00197157
-0.00309396
-0.00174356
-0.00147323
-0.00162073
-0.000130619
-0.00134261
0.00111302
-0.00124363
0.00195309
-0.000840076
0.00255617
-0.000603079
0.00312091
-0.000564744
0.00349876
-0.00037784
0.00382752
-0.000328764
0.00418148
-0.000353962
0.00455822
-0.000376741
0.00495584
-0.000397617
0.00538772
-0.000431879
0.00581768
-0.000429965
0.00619452
-0.000376836
0.00650547
-0.000310946
0.00673006
-0.000224597
0.00688308
-0.000153016
0.00697132
-8.82369e-05
0.00701515
-4.38389e-05
0.00701497
1.89126e-07
0.00697304
4.19221e-05
0.00689383
7.92083e-05
0.00677435
0.000119489
0.00662603
0.000148311
0.00644904
0.000176995
0.00625002
0.00019902
0.00604683
0.000203193
0.00583554
0.00021129
0.00564076
0.000194778
0.00545625
0.000184511
0.00528955
0.0001667
0.00513968
0.000149864
0.00500277
0.000136918
0.00487199
0.000130778
0.00011256
0.0157191
0.0192707
0.00288809
0.0149416
-0.00836664
0.00534666
-0.0105216
0.00226281
-0.00638317
-0.00311342
-0.000977312
-0.00220611
0.00368244
-0.00427061
0.00465265
-0.000442912
0.000974553
0.00508705
0.000654273
0.000731354
-0.00168031
0.00291964
-0.0043772
0.00455262
-0.00572273
0.00233662
-0.00713874
0.00336944
-0.0084646
0.00314926
-0.00913931
0.00174216
-0.00933599
0.00132506
-0.00921102
9.84492e-05
-0.00877324
-0.000325464
-0.00810155
-0.00102833
-0.00732634
-0.00129176
-0.00645509
-0.00150614
-0.00559406
-0.00153945
-0.00472658
-0.00144136
-0.0040347
-0.0010904
-0.00364777
-0.000474238
-0.00362196
0.000117584
-0.00379422
0.000521179
-0.00404044
0.000787458
-0.00439034
0.00100738
-0.00485954
0.00124774
-0.0054216
0.00143762
-0.00605555
0.0014894
-0.006599
0.00129483
-0.00695823
0.000872135
-0.00701963
0.000211518
-0.00673892
-0.000439574
-0.0061345
-0.00120319
-0.00517067
-0.00188521
-0.00385559
-0.00262211
-0.00232943
-0.00315558
-0.000487013
-0.00369421
0.0014382
-0.00387136
0.0034014
-0.00393477
0.00538636
-0.00372851
0.00720174
-0.00343611
0.00880659
-0.00294745
0.0100324
-0.00246944
0.0111225
-0.00193023
0.0119512
-0.00143172
0.0124872
-0.00110073
0.0129898
-0.000880515
0.0134082
-0.000747141
0.0137753
-0.000721047
0.0141525
-0.000753899
0.0145552
-0.000800345
0.0149281
-0.000804761
0.0152519
-0.000753796
0.0155084
-0.000633367
0.0156839
-0.000486447
0.0157923
-0.000332918
0.015847
-0.00020774
0.0158663
-0.000107586
0.015846
-2.35093e-05
0.0157942
5.20094e-05
0.0157269
0.000109169
0.0156489
0.000157216
0.0155708
0.000197655
0.0154855
0.00023361
0.0154076
0.000254863
0.0153242
0.00028243
0.0152363
0.000291061
0.0151417
0.000305953
0.0150342
0.000302285
0.0149099
0.000308817
0.0147764
0.000300181
0.0146208
0.000305454
0.0144722
0.000285464
0.0143143
0.000288726
0.000255312
0.0237109
0.017606
0.0255407
0.0131118
0.0199837
0.0109036
0.0136348
0.00861175
0.00638113
0.00414025
0.00127329
0.00290174
-0.00484545
0.00184812
-0.00675748
0.00146912
-0.00372229
0.00205187
-0.0029404
-5.05373e-05
-0.00248019
0.00245943
-0.000805804
0.00287824
-0.000856979
0.00238779
-0.000853525
0.00336599
-3.99142e-06
0.00229972
0.000261525
0.00147664
0.00107605
0.000510533
0.00168894
-0.000514441
0.00252019
-0.00115671
0.00338572
-0.00189387
0.00434249
-0.00224853
0.00514644
-0.00231009
0.00588807
-0.00228108
0.00667278
-0.00222606
0.00743039
-0.00184801
0.00795079
-0.000994642
0.00814193
-7.35585e-05
0.00818896
0.000474155
0.00813576
0.000840653
0.00789469
0.00124846
0.00743498
0.00170745
0.0067946
0.002078
0.00610897
0.00217503
0.00548327
0.00192054
0.00503932
0.00131608
0.00479694
0.000453896
0.00482994
-0.000472572
0.00515649
-0.00152974
0.00581734
-0.00254606
0.00674875
-0.00355351
0.00792785
-0.00433469
0.00921223
-0.00497859
0.0106777
-0.00533686
0.0121983
-0.00545531
0.0137875
-0.00531777
0.0153178
-0.00496634
0.0167914
-0.0044211
0.0181228
-0.00380085
0.0193422
-0.00314966
0.020433
-0.00252245
0.0213259
-0.00199364
0.0220622
-0.00161681
0.0226906
-0.00137556
0.0232134
-0.00124384
0.0236564
-0.00119692
0.0240182
-0.00116213
0.0243008
-0.00108735
0.0244891
-0.000942097
0.0245871
-0.000731363
0.024604
-0.000503392
0.0245711
-0.000300014
0.0244995
-0.000136153
0.0244009
-8.96032e-06
0.024264
0.000113383
0.024101
0.000214986
0.0239314
0.000278833
0.0237548
0.000333815
0.0235781
0.000374351
0.0233903
0.000421393
0.0232049
0.000440238
0.023019
0.000468386
0.0228438
0.000466267
0.022673
0.00047669
0.0225192
0.000456142
0.0223675
0.00046051
0.0222356
0.000432043
0.0221064
0.000434679
0.0219907
0.000401189
0.02188
0.000399358
0.000380439
0.0256028
0.0141097
0.0265734
0.0121412
0.0269424
0.0105347
0.02673
0.00882416
0.0250253
0.00584491
0.0232522
0.00467479
0.0208442
0.00425611
0.0181527
0.00416069
0.0170826
0.00312188
0.01467
0.0023621
0.0141317
0.00299771
0.0135517
0.00345825
0.0132756
0.00266394
0.0141552
0.0024863
0.0147801
0.00167486
0.0156082
0.000648542
0.0164924
-0.000373714
0.0173925
-0.00141449
0.0183834
-0.00214761
0.0192759
-0.00278638
0.0201015
-0.0030741
0.0208633
-0.00307189
0.0214648
-0.00288258
0.0217442
-0.00250545
0.0217639
-0.00186773
0.0217169
-0.000947662
0.0217618
-0.000118483
0.0214961
0.000739872
0.0210211
0.00131563
0.0203831
0.00188652
0.0197488
0.00234169
0.0191458
0.00268109
0.0186369
0.00268385
0.0182093
0.00234812
0.0178659
0.00165955
0.0175725
0.000747304
0.0175024
-0.000402486
0.017684
-0.00171139
0.0180353
-0.00289736
0.0185418
-0.00405995
0.0191303
-0.00492323
0.0197645
-0.00561273
0.0204442
-0.00601661
0.0211547
-0.00616577
0.0218938
-0.00605696
0.0226171
-0.00568961
0.0233621
-0.00516607
0.0240748
-0.00451353
0.024768
-0.00384292
0.025453
-0.00320742
0.0261163
-0.00265696
0.0267472
-0.00224773
0.0273588
-0.00198712
0.0279345
-0.00181951
0.0284524
-0.00171488
0.0288536
-0.00156328
0.0291427
-0.00137644
0.0293241
-0.00112355
0.029414
-0.000821261
0.0294422
-0.000531628
0.0294188
-0.000276547
0.0293588
-7.61587e-05
0.0292447
0.000105115
0.0291045
0.000253548
0.0289552
0.00036429
0.0288064
0.000427645
0.0286488
0.000491423
0.0284909
0.000532247
0.0283299
0.000582455
0.0281735
0.000596641
0.0280196
0.000622272
0.0278751
0.000610757
0.0277338
0.000618001
0.0276012
0.000588735
0.0274751
0.000586535
0.0273576
0.000549578
0.0272502
0.000542099
0.0271486
0.000502817
0.0270524
0.000495492
0.000467683
0.0244897
0.0103157
0.0264378
0.010193
0.0281317
0.00884081
0.029503
0.00745283
0.0291967
0.00615121
0.0289165
0.00495504
0.0287022
0.00447043
0.0289531
0.00390974
0.0288149
0.00326007
0.028031
0.00314605
0.0280807
0.00294801
0.0284636
0.00307535
0.0284002
0.00272736
0.0287523
0.00213415
0.0290782
0.00134903
0.0293838
0.000342946
0.0297505
-0.000740454
0.0299795
-0.00164348
0.0300973
-0.00226537
0.030111
-0.00280014
0.0299627
-0.00292579
0.0297634
-0.0028726
0.0294731
-0.00259229
0.0291704
-0.00220276
0.0288914
-0.00158875
0.0287485
-0.000804689
0.028668
-3.80598e-05
0.0287019
0.000706064
0.0287381
0.00127934
0.0287454
0.00187922
0.0288179
0.0022692
0.0288832
0.00261578
0.0289837
0.00258344
0.0290281
0.00230369
0.0290024
0.00168522
0.0289276
0.000822118
0.0288349
-0.000309734
0.028731
-0.00160754
0.0286062
-0.00277256
0.0284788
-0.00393254
0.0283521
-0.00479652
0.0282665
-0.00552717
0.028181
-0.00593104
0.0281738
-0.0061586
0.0282141
-0.00609728
0.0283277
-0.00580322
0.028507
-0.00534534
0.0286902
-0.00469671
0.0289022
-0.00405489
0.0291039
-0.00340919
0.0293361
-0.00288911
0.0295932
-0.00250488
0.0298574
-0.00225128
0.0301821
-0.0021442
0.0304873
-0.00202012
0.0306737
-0.0017497
0.0307207
-0.00142344
0.0306612
-0.00106407
0.0305627
-0.000722752
0.030498
-0.000466925
0.0303816
-0.000160104
0.0302014
0.000104005
0.0300083
0.000298236
0.0298319
0.000429963
0.02968
0.00051619
0.0295446
0.000563033
0.0294189
0.000617135
0.0293096
0.000641558
0.0292209
0.000671129
0.029147
0.000670539
0.0290845
0.000684782
0.0290258
0.000669488
0.0289728
0.000670981
0.0289199
0.000641604
0.0288755
0.000631009
0.0288329
0.000592155
0.0288012
0.000573777
0.0287704
0.000533624
0.0287484
0.000517506
0.00048728
0.0233323
0.00762888
0.0256953
0.00783
0.0274088
0.00712732
0.0287309
0.00613079
0.0296013
0.0052808
0.030092
0.0044643
0.0308825
0.00367993
0.0315644
0.00322786
0.0320135
0.00281101
0.032456
0.0027035
0.0329259
0.00247817
0.0335998
0.00240139
0.0341546
0.00217261
0.0345999
0.00168884
0.0349278
0.00102116
0.0351096
0.000161124
0.0350578
-0.000688696
0.0348333
-0.00141898
0.0344273
-0.00185938
0.0338719
-0.00224473
0.0332238
-0.0022777
0.0326245
-0.00227327
0.0320284
-0.00199619
0.0315598
-0.00173414
0.0311799
-0.00120882
0.0310072
-0.000631986
0.0309689
1.90453e-07
0.031109
0.000565998
0.0313611
0.00102724
0.0317282
0.00151206
0.0322075
0.00178992
0.0327406
0.00208267
0.0332993
0.00202473
0.0337508
0.00185218
0.0341402
0.00129587
0.0343331
0.000629207
0.0344113
-0.000387901
0.0342374
-0.00143364
0.0339519
-0.00248711
0.0334838
-0.00346442
0.0329357
-0.00424836
0.0323304
-0.00492194
0.0316788
-0.00527946
0.0310909
-0.00557062
0.0305137
-0.00552007
0.0301035
-0.00539311
0.0297624
-0.00500419
0.0295389
-0.0044732
0.0294142
-0.00393026
0.0293059
-0.00330083
0.0293167
-0.00289988
0.0293361
-0.00252433
0.0294355
-0.00235071
0.029714
-0.00242265
0.0300001
-0.00230625
0.0302295
-0.00197903
0.0302264
-0.00142043
0.0301037
-0.000941333
0.0299715
-0.000590557
0.029813
-0.000308382
0.0296953
-4.24716e-05
0.0294961
0.000303273
0.029237
0.000557348
0.0290053
0.000661605
0.0288182
0.00070334
0.0286403
0.000740909
0.0284804
0.000777018
0.0283392
0.00078272
0.02822
0.000790339
0.0281108
0.000779795
0.0280109
0.000784696
0.0279137
0.000766616
0.0278213
0.000763404
0.0277335
0.000729392
0.0276517
0.000712824
0.0275817
0.000662163
0.0275178
0.000637655
0.0274694
0.000582031
0.0274227
0.000564202
0.000515789
0.0229611
0.00565778
0.0251995
0.00559161
0.0270057
0.00532114
0.0284052
0.00473123
0.0296072
0.00407885
0.0305368
0.00353467
0.0313951
0.00282161
0.0321292
0.00249376
0.0327633
0.00217692
0.0333814
0.00208538
0.0339992
0.00186038
0.0346391
0.00176151
0.035319
0.00149272
0.0358014
0.00120647
0.0361518
0.000670707
0.0361797
0.000133282
0.0360185
-0.000527519
0.0356368
-0.00103728
0.035172
-0.00139462
0.0345762
-0.00164889
0.033985
-0.00168653
0.033412
-0.0017002
0.0328879
-0.00147209
0.032463
-0.00130931
0.0321064
-0.000852227
0.0319953
-0.000520861
0.0319865
9.04482e-06
0.0322044
0.000348112
0.0324647
0.000766868
0.0329321
0.00104467
0.0334227
0.0012993
0.034061
0.00144437
0.0346701
0.00141562
0.0352455
0.00127687
0.035713
0.000828311
0.0359685
0.00037376
0.0360415
-0.000460933
0.0357953
-0.0011874
0.0354135
-0.00210536
0.0347243
-0.00277522
0.0339796
-0.00350368
0.0330786
-0.00402095
0.0322382
-0.00443905
0.0314204
-0.00475283
0.0306701
-0.00476975
0.0300931
-0.00481615
0.0294892
-0.00440026
0.0290672
-0.00405116
0.0286335
-0.0034966
0.0283297
-0.00299706
0.0281543
-0.00272445
0.0279471
-0.00231711
0.0280363
-0.00243993
0.0281834
-0.00256973
0.0283867
-0.00250959
0.0284971
-0.00208945
0.0285645
-0.00148776
0.0285638
-0.000940681
0.028476
-0.000502767
0.0282625
-9.49138e-05
0.0280215
0.000198556
0.0278168
0.000508025
0.0276493
0.000724779
0.027486
0.000824891
0.0273249
0.000864496
0.0271927
0.000873055
0.027104
0.000865815
0.0270442
0.000842472
0.0270013
0.000833227
0.0269593
0.000821829
0.0269167
0.000827243
0.0268731
0.000810221
0.0268275
0.000809062
0.0267868
0.000770035
0.0267466
0.000753016
0.0267173
0.000691469
0.0266872
0.000667766
0.0266704
0.000598871
0.0266499
0.000584651
0.00053145
0.021847
0.00388608
0.0238439
0.0035947
0.0256878
0.00347725
0.0272912
0.00312787
0.0286299
0.00274018
0.0298537
0.0023108
0.0307482
0.00192719
0.0316022
0.00163975
0.0323378
0.0014413
0.0330926
0.00133057
0.0337705
0.00118244
0.0344296
0.00110246
0.0350368
0.000885491
0.03553
0.000713243
0.0358679
0.000332892
0.0359337
6.74312e-05
0.0358189
-0.000412715
0.0354916
-0.000709944
0.0351432
-0.00104628
0.0346194
-0.00112511
0.0341793
-0.00124642
0.0336417
-0.00116262
0.0332347
-0.00106503
0.0328242
-0.000898806
0.0326028
-0.00063081
0.0324937
-0.000411756
0.0325101
-7.42998e-06
0.0326816
0.000176693
0.032906
0.000542399
0.0333191
0.000631597
0.0337101
0.000908288
0.034287
0.000867445
0.034742
0.000960653
0.0352932
0.00072569
0.0355995
0.000522016
0.035849
0.000124191
0.0357834
-0.00039526
0.0355376
-0.000941654
0.0350316
-0.00159931
0.0343104
-0.00205406
0.0335178
-0.00271108
0.0325363
-0.00303947
0.031682
-0.00358474
0.0306913
-0.00376212
0.0299463
-0.00402472
0.029055
-0.00392483
0.0282436
-0.00358892
0.0274526
-0.00326013
0.0265248
-0.00256881
0.0259564
-0.00242869
0.0253181
-0.00208607
0.025167
-0.00216604
0.0255532
-0.00282612
0.025579
-0.00259555
0.0254428
-0.00237342
0.0253309
-0.00197753
0.0252933
-0.00145016
0.0252853
-0.000932628
0.0251819
-0.000399431
0.0249663
0.00012073
0.0246482
0.000516643
0.0244455
0.000710707
0.0243083
0.00086196
0.0241903
0.00094292
0.0240802
0.000974662
0.024011
0.000942228
0.0239876
0.000889193
0.0239944
0.000835668
0.0240105
0.000817115
0.0240289
0.00080347
0.0240501
0.000806042
0.0240669
0.000793359
0.0240864
0.000789624
0.0241029
0.000753531
0.0241268
0.000729126
0.0241521
0.000666117
0.0241875
0.000632389
0.0242309
0.000555476
0.0242802
0.000535302
0.000474585
0.0218179
0.00197713
0.0236045
0.00180806
0.0253382
0.00174363
0.0269269
0.00153918
0.0282875
0.00137951
0.0295126
0.0010857
0.0304751
0.000964726
0.0313768
0.000738003
0.0321251
0.000693048
0.0329103
0.000545336
0.0335674
0.000525374
0.0342485
0.000421288
0.0347714
0.000362687
0.0352504
0.000234235
0.035515
6.82772e-05
0.0356348
-5.23719e-05
0.0355376
-0.000315573
0.0352648
-0.000437095
0.0348955
-0.000677
0.034414
-0.00064356
0.0339597
-0.000792133
0.0334158
-0.000618712
0.0330457
-0.000694967
0.0326159
-0.000468973
0.0324425
-0.000457429
0.0322251
-0.00019436
0.0323057
-8.80524e-05
0.0323927
8.97151e-05
0.0326932
0.000241917
0.0330383
0.000286492
0.0334538
0.000492788
0.0339704
0.000350826
0.0343727
0.000558294
0.0348813
0.000217141
0.035067
0.000336286
0.0353259
-0.000134642
0.0350959
-0.000165283
0.0348583
-0.000704117
0.0341263
-0.000867278
0.0333729
-0.00130068
0.0322733
-0.0016115
0.0310482
-0.00181434
0.0297608
-0.00229731
0.0282013
-0.00220262
0.0270091
-0.00283248
0.025362
-0.00227779
0.0242606
-0.00248754
0.0227373
-0.00173683
0.0213936
-0.00122505
0.0204679
-0.00150307
0.0188112
-0.000429316
0.0182826
-0.00163742
0.0184433
-0.00298681
0.0183748
-0.00252711
0.0180217
-0.00202032
0.0175254
-0.00148117
0.0169055
-0.000830293
0.0161733
-0.000200476
0.0155193
0.00025461
0.0149574
0.000682629
0.0145216
0.00095243
0.0141512
0.00108116
0.0138712
0.00114189
0.0137168
0.00109732
0.013694
0.000997512
0.0137871
0.000849056
0.0139419
0.00073445
0.0141358
0.000641791
0.0143633
0.000589615
0.0146207
0.000546004
0.0148989
0.000527916
0.0151875
0.000504706
0.0154908
0.000486353
0.0157906
0.000453684
0.0160939
0.000425896
0.0163771
0.000382889
0.0166629
0.000346533
0.0169159
0.000302491
0.0171679
0.000283343
0.000238277
0.020361
0.022169
0.0239126
0.0254518
0.0268313
0.027917
0.0288818
0.0296198
0.0303128
0.0308582
0.0313835
0.0318048
0.0321675
0.0324017
0.03247
0.0324176
0.0321021
0.031665
0.030988
0.0303444
0.0295523
0.0289336
0.0282386
0.0277696
0.0273122
0.0271178
0.0270298
0.0271195
0.0273614
0.0276479
0.0281407
0.0284915
0.0290498
0.029267
0.0296033
0.0294686
0.0293033
0.0285992
0.0277319
0.0264313
0.0248198
0.0230054
0.0207081
0.0185055
0.015673
0.0133952
0.0109077
0.00917085
0.00794581
0.00644274
0.00601342
0.004376
0.00138919
-0.00113791
-0.00315823
-0.0046394
-0.0054697
-0.00567017
-0.00541556
-0.00473293
-0.0037805
-0.00269934
-0.00155745
-0.000460128
0.000537384
0.00138644
0.00212089
0.00276268
0.0033523
0.0038983
0.00442622
0.00493092
0.00541727
0.00587096
0.00629685
0.00667974
0.00702628
0.00732877
0.00761211
)
;

boundaryField
{
    inlet
    {
        type            calculated;
        value           nonuniform List<scalar> 
20
(
-0.01
-0.01
-0.01
-0.01
-0.01
-0.01
-0.01
-0.01
-0.01
-0.01
-0.01
-0.01
-0.01
-0.01
-0.01
-0.01
-0.01
-0.01
-0.01
-0.01
)
;
    }
    outlet
    {
        type            calculated;
        value           nonuniform List<scalar> 10(0.00475943 0.0141715 0.0217549 0.0269652 0.0287288 0.0273942 0.0266343 0.0243371 0.0174042 0.00785039);
    }
    walls
    {
        type            calculated;
        value           uniform 0;
    }
    frontAndBack
    {
        type            empty;
        value           nonuniform List<scalar> 0();
    }
}


// ************************************************************************* //
