/*--------------------------------*- C++ -*----------------------------------*\
| =========                 |                                                 |
| \\      /  F ield         | OpenFOAM: The Open Source CFD Toolbox           |
|  \\    /   O peration     | Version:  2306                                  |
|   \\  /    A nd           | Website:  www.openfoam.com                      |
|    \\/     M anipulation  |                                                 |
\*---------------------------------------------------------------------------*/
FoamFile
{
    version     2.0;
    format      ascii;
    arch        "LSB;label=32;scalar=64";
    class       volVectorField;
    location    "0.125";
    object      U;
}
// * * * * * * * * * * * * * * * * * * * * * * * * * * * * * * * * * * * * * //

dimensions      [0 1 -1 0 0 0 0];

internalField   nonuniform List<vector> 
4400
(
(9.90179 0.0455124 0)
(9.80629 0.0987267 0)
(9.70009 0.120942 0)
(9.57022 0.125794 0)
(9.41822 0.124469 0)
(9.25226 0.123442 0)
(9.08067 0.124123 0)
(8.9084 0.12566 0)
(8.73739 0.126972 0)
(8.56809 0.12737 0)
(8.40032 0.12684 0)
(8.23382 0.1255 0)
(8.06837 0.123712 0)
(7.90391 0.121684 0)
(7.74064 0.119547 0)
(7.57862 0.117452 0)
(7.41804 0.115283 0)
(7.25903 0.113106 0)
(7.1017 0.110875 0)
(6.94626 0.108529 0)
(6.79271 0.106181 0)
(6.6411 0.10373 0)
(6.49168 0.101203 0)
(6.34425 0.0986836 0)
(6.19922 0.096093 0)
(6.05632 0.0934539 0)
(5.91585 0.0908824 0)
(5.77769 0.088219 0)
(5.64208 0.0855338 0)
(5.50878 0.0830065 0)
(5.37823 0.0803146 0)
(5.24999 0.0777215 0)
(5.12441 0.075258 0)
(5.00126 0.072648 0)
(4.88049 0.0702057 0)
(4.76213 0.0678499 0)
(4.646 0.0655246 0)
(4.53204 0.0633055 0)
(4.42001 0.0612899 0)
(4.30996 0.0593893 0)
(4.20124 0.0576404 0)
(4.09398 0.0562312 0)
(3.98766 0.0550613 0)
(3.88215 0.0541761 0)
(3.77656 0.053614 0)
(3.6709 0.0535818 0)
(3.56424 0.0539132 0)
(3.45647 0.0547021 0)
(3.34633 0.0559917 0)
(3.23368 0.0579394 0)
(3.11711 0.0604803 0)
(2.99615 0.0637374 0)
(2.86935 0.0676348 0)
(2.73599 0.0723682 0)
(2.59425 0.0780267 0)
(2.4434 0.0845067 0)
(2.28134 0.0919926 0)
(2.10693 0.100472 0)
(1.9181 0.109968 0)
(1.71355 0.120263 0)
(1.49115 0.13131 0)
(1.24947 0.142669 0)
(0.98699 0.15394 0)
(0.702929 0.16413 0)
(0.396758 0.173114 0)
(0.0675817 0.181899 0)
(-0.28409 0.196578 0)
(-0.66659 0.199469 0)
(-1.07574 0.121508 0)
(-1.41424 -0.114527 0)
(-1.54432 -0.426501 0)
(-1.44027 -0.687016 0)
(-1.18948 -0.862329 0)
(-0.850658 -0.914902 0)
(-0.541344 -0.624599 0)
(-0.379402 0.0474466 0)
(-0.430631 0.698228 0)
(-0.623916 0.87626 0)
(-0.709008 0.511986 0)
(-0.62186 0.0276649 0)
(10.0002 0.0611759 0)
(10.0319 0.137461 0)
(10.0695 0.173588 0)
(10.1051 0.18492 0)
(10.1324 0.186166 0)
(10.1502 0.186164 0)
(10.1589 0.188259 0)
(10.1612 0.191894 0)
(10.1592 0.19585 0)
(10.1541 0.199053 0)
(10.1469 0.200949 0)
(10.1372 0.201944 0)
(10.1255 0.201976 0)
(10.1112 0.201636 0)
(10.0946 0.201121 0)
(10.0755 0.200393 0)
(10.0539 0.199815 0)
(10.0301 0.198985 0)
(10.0043 0.198086 0)
(9.97618 0.197202 0)
(9.94655 0.195899 0)
(9.9145 0.194824 0)
(9.88127 0.193279 0)
(9.84571 0.191805 0)
(9.80904 0.190233 0)
(9.7702 0.188398 0)
(9.73039 0.186708 0)
(9.68829 0.184747 0)
(9.64563 0.182799 0)
(9.60057 0.180803 0)
(9.55494 0.178746 0)
(9.50739 0.176612 0)
(9.45858 0.174606 0)
(9.40872 0.172417 0)
(9.35674 0.170442 0)
(9.30441 0.168463 0)
(9.24938 0.166542 0)
(9.19413 0.164893 0)
(9.13611 0.163296 0)
(9.07746 0.161979 0)
(9.01615 0.161006 0)
(8.95359 0.160226 0)
(8.8883 0.160135 0)
(8.82109 0.16018 0)
(8.75096 0.161122 0)
(8.67796 0.162466 0)
(8.60158 0.164778 0)
(8.52135 0.167777 0)
(8.43712 0.171917 0)
(8.34768 0.177135 0)
(8.25332 0.183615 0)
(8.15201 0.191677 0)
(8.04445 0.201189 0)
(7.92802 0.212598 0)
(7.80331 0.225947 0)
(7.66729 0.24152 0)
(7.52043 0.259377 0)
(7.35923 0.279954 0)
(7.18403 0.302952 0)
(6.99032 0.329249 0)
(6.77921 0.357776 0)
(6.54431 0.389611 0)
(6.2876 0.423525 0)
(6.00176 0.459371 0)
(5.68733 0.497487 0)
(5.34116 0.534294 0)
(4.95814 0.571848 0)
(4.54001 0.603558 0)
(4.07851 0.614778 0)
(3.58773 0.588425 0)
(3.0352 0.513607 0)
(2.3623 0.422866 0)
(1.4568 0.34524 0)
(0.265861 0.30797 0)
(-1.07226 0.169977 0)
(-1.92143 -0.154242 0)
(-2.00053 -0.465185 0)
(-1.89272 -0.655854 0)
(-1.81317 -0.584281 0)
(-1.68457 -0.194911 0)
(10.0001 0.0267042 0)
(10.0168 0.0698498 0)
(10.0427 0.0997447 0)
(10.0749 0.117589 0)
(10.1082 0.126736 0)
(10.1395 0.131786 0)
(10.1672 0.13588 0)
(10.1912 0.140185 0)
(10.213 0.145317 0)
(10.2332 0.15019 0)
(10.2535 0.154732 0)
(10.2735 0.158573 0)
(10.2936 0.161441 0)
(10.3135 0.163865 0)
(10.3327 0.165778 0)
(10.3518 0.167402 0)
(10.3695 0.169043 0)
(10.387 0.170315 0)
(10.4033 0.171586 0)
(10.4191 0.172786 0)
(10.434 0.173655 0)
(10.4479 0.174566 0)
(10.4615 0.175257 0)
(10.4733 0.175607 0)
(10.4856 0.176286 0)
(10.4951 0.17631 0)
(10.5055 0.176589 0)
(10.5132 0.176803 0)
(10.521 0.17642 0)
(10.5272 0.176857 0)
(10.5319 0.176241 0)
(10.5365 0.176437 0)
(10.538 0.176178 0)
(10.5406 0.175971 0)
(10.5391 0.176207 0)
(10.539 0.176037 0)
(10.5347 0.176523 0)
(10.5312 0.176902 0)
(10.5241 0.177742 0)
(10.5168 0.178757 0)
(10.5064 0.18037 0)
(10.4951 0.182274 0)
(10.4808 0.184923 0)
(10.4651 0.188216 0)
(10.446 0.19221 0)
(10.4253 0.19738 0)
(10.4008 0.203288 0)
(10.3739 0.210786 0)
(10.3432 0.219379 0)
(10.3089 0.229947 0)
(10.2707 0.241897 0)
(10.2276 0.256478 0)
(10.1798 0.273012 0)
(10.1262 0.292295 0)
(10.0662 0.314742 0)
(9.99984 0.339826 0)
(9.92469 0.369496 0)
(9.84209 0.401908 0)
(9.74843 0.439853 0)
(9.64494 0.481266 0)
(9.52826 0.528648 0)
(9.39818 0.579755 0)
(9.25228 0.637052 0)
(9.08901 0.69773 0)
(8.90534 0.76377 0)
(8.70078 0.831166 0)
(8.46852 0.898554 0)
(8.20711 0.958719 0)
(7.90265 1.00067 0)
(7.54968 1.01494 0)
(7.13003 1.00773 0)
(6.63419 1.00979 0)
(6.06088 1.06438 0)
(5.42078 1.18711 0)
(4.68568 1.29123 0)
(3.87152 1.19848 0)
(2.95315 0.970673 0)
(1.79931 0.711443 0)
(0.314561 0.373716 0)
(-0.946846 -0.314989 0)
(10.0001 0.0188081 0)
(10.01 0.0526642 0)
(10.0278 0.0805896 0)
(10.0511 0.101224 0)
(10.0779 0.114708 0)
(10.1053 0.122939 0)
(10.1318 0.128436 0)
(10.1564 0.13232 0)
(10.1795 0.136281 0)
(10.2016 0.140037 0)
(10.2236 0.143781 0)
(10.246 0.147392 0)
(10.2681 0.149948 0)
(10.2919 0.152494 0)
(10.3144 0.154069 0)
(10.3389 0.155661 0)
(10.3614 0.156834 0)
(10.3855 0.157843 0)
(10.4081 0.158804 0)
(10.4315 0.159703 0)
(10.4544 0.160491 0)
(10.4769 0.161168 0)
(10.4999 0.161915 0)
(10.5215 0.162212 0)
(10.5445 0.163024 0)
(10.5651 0.16319 0)
(10.5875 0.163626 0)
(10.6076 0.164232 0)
(10.6286 0.163991 0)
(10.6485 0.165106 0)
(10.6674 0.164687 0)
(10.687 0.165707 0)
(10.704 0.165922 0)
(10.7225 0.166499 0)
(10.738 0.167613 0)
(10.7545 0.168235 0)
(10.7687 0.169824 0)
(10.7828 0.17128 0)
(10.7952 0.173267 0)
(10.807 0.175696 0)
(10.8169 0.178656 0)
(10.8264 0.182112 0)
(10.8332 0.186614 0)
(10.8404 0.191421 0)
(10.8435 0.198025 0)
(10.8478 0.20477 0)
(10.847 0.213897 0)
(10.8474 0.223335 0)
(10.8431 0.235474 0)
(10.8379 0.248829 0)
(10.8304 0.264209 0)
(10.8185 0.283004 0)
(10.8068 0.302719 0)
(10.7874 0.327871 0)
(10.7702 0.353513 0)
(10.743 0.386104 0)
(10.7182 0.419407 0)
(10.6827 0.461095 0)
(10.6485 0.50356 0)
(10.6034 0.556091 0)
(10.5571 0.609936 0)
(10.5007 0.673599 0)
(10.4392 0.740262 0)
(10.3688 0.815493 0)
(10.2882 0.892973 0)
(10.1965 0.978465 0)
(10.0898 1.05808 0)
(9.95983 1.14455 0)
(9.80679 1.21343 0)
(9.61051 1.28784 0)
(9.38291 1.35472 0)
(9.09626 1.44042 0)
(8.77793 1.54921 0)
(8.39406 1.66176 0)
(7.96401 1.76568 0)
(7.43613 1.77648 0)
(6.82441 1.76536 0)
(6.09198 1.71901 0)
(5.28677 1.73566 0)
(4.30338 1.52632 0)
(10.0002 0.0134777 0)
(10.0068 0.0382704 0)
(10.0197 0.0604617 0)
(10.0371 0.0778966 0)
(10.0582 0.0903097 0)
(10.0819 0.0989527 0)
(10.1055 0.104213 0)
(10.1293 0.108245 0)
(10.1517 0.111119 0)
(10.1741 0.11418 0)
(10.1958 0.117082 0)
(10.218 0.120134 0)
(10.2398 0.122435 0)
(10.2631 0.125019 0)
(10.2856 0.126511 0)
(10.3099 0.128448 0)
(10.3327 0.129427 0)
(10.3569 0.130606 0)
(10.3803 0.131679 0)
(10.404 0.132392 0)
(10.4279 0.133681 0)
(10.4509 0.134033 0)
(10.4752 0.135368 0)
(10.4978 0.135612 0)
(10.5222 0.136875 0)
(10.5443 0.137233 0)
(10.5684 0.138124 0)
(10.5902 0.138968 0)
(10.6135 0.139352 0)
(10.6353 0.140735 0)
(10.6571 0.141015 0)
(10.6791 0.142492 0)
(10.6993 0.143383 0)
(10.7207 0.144606 0)
(10.7401 0.146516 0)
(10.7598 0.14781 0)
(10.7786 0.150402 0)
(10.7964 0.152649 0)
(10.8139 0.155653 0)
(10.8302 0.159244 0)
(10.8458 0.163087 0)
(10.8607 0.168098 0)
(10.874 0.173488 0)
(10.8873 0.180056 0)
(10.8978 0.187777 0)
(10.9095 0.196311 0)
(10.9167 0.207014 0)
(10.9267 0.217984 0)
(10.9305 0.23256 0)
(10.9379 0.246807 0)
(10.9388 0.265803 0)
(10.9428 0.284855 0)
(10.941 0.309251 0)
(10.9403 0.334248 0)
(10.9364 0.365734 0)
(10.9303 0.397511 0)
(10.9242 0.438275 0)
(10.9125 0.478329 0)
(10.9042 0.529519 0)
(10.8868 0.580986 0)
(10.8759 0.643171 0)
(10.8516 0.70789 0)
(10.8382 0.782584 0)
(10.8068 0.85923 0)
(10.787 0.948584 0)
(10.7471 1.03285 0)
(10.7123 1.13349 0)
(10.6558 1.22418 0)
(10.5933 1.32736 0)
(10.5029 1.43288 0)
(10.4052 1.54051 0)
(10.2571 1.6716 0)
(10.1169 1.79905 0)
(9.89022 1.93808 0)
(9.69099 2.07765 0)
(9.36175 2.16971 0)
(9.05942 2.28477 0)
(8.57007 2.305 0)
(8.10851 2.35737 0)
(7.35281 2.22726 0)
(10 0.00971634 0)
(10.0053 0.0278615 0)
(10.0151 0.0448386 0)
(10.029 0.0588147 0)
(10.0462 0.0695709 0)
(10.0669 0.0779001 0)
(10.0879 0.0830017 0)
(10.1104 0.0872009 0)
(10.1321 0.0896903 0)
(10.1541 0.0924274 0)
(10.1761 0.0948756 0)
(10.1974 0.097231 0)
(10.2198 0.0994193 0)
(10.2418 0.101601 0)
(10.2648 0.103232 0)
(10.2879 0.105075 0)
(10.3111 0.106012 0)
(10.3343 0.107251 0)
(10.3584 0.108282 0)
(10.3811 0.108947 0)
(10.4058 0.110347 0)
(10.4279 0.110503 0)
(10.4529 0.112088 0)
(10.475 0.112268 0)
(10.4997 0.113725 0)
(10.5217 0.114175 0)
(10.5461 0.115318 0)
(10.5677 0.116199 0)
(10.5916 0.117147 0)
(10.6132 0.11839 0)
(10.6359 0.119464 0)
(10.6575 0.120897 0)
(10.679 0.12248 0)
(10.7001 0.124018 0)
(10.7211 0.126483 0)
(10.7401 0.128273 0)
(10.7616 0.131525 0)
(10.7782 0.134397 0)
(10.7992 0.137969 0)
(10.8141 0.142685 0)
(10.8338 0.146745 0)
(10.8475 0.15336 0)
(10.8651 0.158939 0)
(10.8781 0.167091 0)
(10.8928 0.175452 0)
(10.9055 0.185243 0)
(10.9162 0.197016 0)
(10.9293 0.209262 0)
(10.9357 0.224896 0)
(10.9487 0.240736 0)
(10.9514 0.260636 0)
(10.9636 0.281756 0)
(10.9632 0.306519 0)
(10.9733 0.334581 0)
(10.9713 0.365226 0)
(10.9782 0.401729 0)
(10.9757 0.44001 0)
(10.9791 0.485933 0)
(10.9765 0.53449 0)
(10.9779 0.590601 0)
(10.9733 0.65224 0)
(10.9746 0.719336 0)
(10.9674 0.794321 0)
(10.9692 0.875839 0)
(10.9578 0.960333 0)
(10.9574 1.05987 0)
(10.9397 1.15133 0)
(10.9296 1.2673 0)
(10.9027 1.37292 0)
(10.8702 1.50009 0)
(10.8351 1.63217 0)
(10.7624 1.76857 0)
(10.7123 1.93133 0)
(10.588 2.07765 0)
(10.5086 2.25283 0)
(10.3175 2.40564 0)
(10.1877 2.55252 0)
(9.86516 2.67885 0)
(9.62856 2.77854 0)
(9.10579 2.82345 0)
(9.99986 0.00690033 0)
(10.0044 0.0198854 0)
(10.0127 0.0328393 0)
(10.024 0.0429364 0)
(10.0392 0.0520833 0)
(10.0571 0.0589655 0)
(10.0766 0.0636636 0)
(10.0974 0.0675165 0)
(10.1185 0.0695633 0)
(10.1401 0.0720329 0)
(10.1622 0.073996 0)
(10.1828 0.0755434 0)
(10.2056 0.0776409 0)
(10.2268 0.0791272 0)
(10.2503 0.0808348 0)
(10.2722 0.0824316 0)
(10.2958 0.0830073 0)
(10.3183 0.0846739 0)
(10.3427 0.0849997 0)
(10.3648 0.0863089 0)
(10.3899 0.0870293 0)
(10.4114 0.0876139 0)
(10.4368 0.0889178 0)
(10.4587 0.0893113 0)
(10.4833 0.0907365 0)
(10.5056 0.091347 0)
(10.5293 0.0925918 0)
(10.5518 0.0936626 0)
(10.5748 0.0948115 0)
(10.5974 0.0963458 0)
(10.6193 0.0975785 0)
(10.6419 0.0995775 0)
(10.6626 0.101125 0)
(10.6851 0.103577 0)
(10.705 0.10593 0)
(10.726 0.108617 0)
(10.7461 0.112206 0)
(10.765 0.115534 0)
(10.7847 0.120002 0)
(10.8022 0.124993 0)
(10.8206 0.130011 0)
(10.8372 0.13731 0)
(10.8539 0.143324 0)
(10.8694 0.152983 0)
(10.8847 0.161053 0)
(10.8987 0.173124 0)
(10.912 0.184094 0)
(10.9253 0.199029 0)
(10.9359 0.213868 0)
(10.9487 0.232091 0)
(10.9566 0.251883 0)
(10.9696 0.274592 0)
(10.9743 0.300035 0)
(10.9873 0.328758 0)
(10.9893 0.361046 0)
(11.0021 0.396863 0)
(11.0026 0.437925 0)
(11.0146 0.482184 0)
(11.0153 0.532664 0)
(11.0268 0.589633 0)
(11.0279 0.648073 0)
(11.0378 0.721067 0)
(11.0419 0.78971 0)
(11.0489 0.875427 0)
(11.0555 0.962397 0)
(11.059 1.05443 0)
(11.0641 1.16569 0)
(11.0647 1.26663 0)
(11.0602 1.39878 0)
(11.0578 1.52055 0)
(11.0374 1.66674 0)
(11.0248 1.82042 0)
(10.9876 1.97924 0)
(10.943 2.16128 0)
(10.897 2.34244 0)
(10.8023 2.52127 0)
(10.7163 2.72786 0)
(10.5645 2.88094 0)
(10.3612 3.07199 0)
(10.1173 3.23556 0)
(9.99994 0.0046062 0)
(10.0038 0.0134747 0)
(10.0113 0.0226833 0)
(10.0207 0.0291652 0)
(10.0351 0.0364835 0)
(10.0508 0.0412142 0)
(10.0692 0.0451168 0)
(10.0886 0.0480787 0)
(10.1093 0.0495202 0)
(10.1307 0.0519145 0)
(10.1523 0.0528922 0)
(10.1729 0.0542593 0)
(10.1958 0.0556525 0)
(10.2166 0.0568849 0)
(10.2404 0.0582581 0)
(10.2613 0.0595892 0)
(10.2855 0.0598162 0)
(10.3072 0.0617225 0)
(10.3322 0.0614668 0)
(10.3534 0.0632769 0)
(10.3794 0.0633764 0)
(10.3998 0.0643476 0)
(10.4264 0.0654269 0)
(10.4471 0.0659389 0)
(10.4725 0.0674337 0)
(10.4946 0.0680684 0)
(10.5181 0.0695286 0)
(10.5415 0.0706518 0)
(10.5634 0.0721535 0)
(10.5875 0.0737014 0)
(10.6079 0.0754715 0)
(10.6325 0.0774471 0)
(10.6514 0.0796445 0)
(10.6765 0.082181 0)
(10.6939 0.0851719 0)
(10.7185 0.0880143 0)
(10.7355 0.0924641 0)
(10.7584 0.0957127 0)
(10.7752 0.101441 0)
(10.7965 0.106207 0)
(10.8128 0.112526 0)
(10.8324 0.119906 0)
(10.8486 0.126931 0)
(10.8656 0.136948 0)
(10.8829 0.146047 0)
(10.896 0.158319 0)
(10.9143 0.170547 0)
(10.9248 0.185667 0)
(10.9425 0.201592 0)
(10.9517 0.220202 0)
(10.968 0.240994 0)
(10.9775 0.263831 0)
(10.991 0.290445 0)
(11.0018 0.319259 0)
(11.0124 0.351757 0)
(11.0245 0.389037 0)
(11.0342 0.42838 0)
(11.0453 0.474322 0)
(11.0584 0.52515 0)
(11.067 0.57717 0)
(11.0834 0.64538 0)
(11.0909 0.702216 0)
(11.1093 0.78887 0)
(11.1187 0.857105 0)
(11.135 0.954775 0)
(11.1498 1.04693 0)
(11.1583 1.14929 0)
(11.1795 1.2727 0)
(11.1785 1.38382 0)
(11.1946 1.53346 0)
(11.1953 1.6715 0)
(11.1904 1.82983 0)
(11.1871 2.02002 0)
(11.1663 2.1769 0)
(11.1331 2.40648 0)
(11.0986 2.59511 0)
(11.0313 2.80786 0)
(10.9311 3.04923 0)
(10.8316 3.2565 0)
(10.6314 3.48331 0)
(10 0.002438 0)
(10.0036 0.00816583 0)
(10.0102 0.0133404 0)
(10.0189 0.0169045 0)
(10.0328 0.021995 0)
(10.0471 0.0243577 0)
(10.0647 0.0271542 0)
(10.0833 0.028873 0)
(10.1035 0.0297204 0)
(10.1251 0.0318087 0)
(10.1455 0.0317964 0)
(10.1671 0.033047 0)
(10.1892 0.033894 0)
(10.2107 0.0346392 0)
(10.2339 0.0360538 0)
(10.2548 0.0364334 0)
(10.2788 0.037086 0)
(10.3005 0.0384483 0)
(10.3254 0.0381868 0)
(10.3468 0.0401223 0)
(10.3724 0.0396228 0)
(10.3932 0.0411978 0)
(10.4197 0.0416999 0)
(10.4406 0.0426539 0)
(10.4658 0.0439602 0)
(10.4885 0.0447657 0)
(10.511 0.0463001 0)
(10.5362 0.0476644 0)
(10.5561 0.0491933 0)
(10.5827 0.0511427 0)
(10.6009 0.05295 0)
(10.628 0.055392 0)
(10.6452 0.0576518 0)
(10.6722 0.060855 0)
(10.6885 0.0636915 0)
(10.7147 0.06756 0)
(10.7313 0.0717386 0)
(10.7553 0.0759237 0)
(10.7724 0.0819605 0)
(10.7944 0.0869136 0)
(10.8114 0.0944312 0)
(10.8322 0.101369 0)
(10.8484 0.109956 0)
(10.8682 0.119601 0)
(10.8843 0.129903 0)
(10.9016 0.14232 0)
(10.9184 0.155175 0)
(10.9334 0.17099 0)
(10.9503 0.186884 0)
(10.9637 0.206877 0)
(10.9812 0.22674 0)
(10.9929 0.251487 0)
(11.0114 0.277004 0)
(11.0213 0.306362 0)
(11.0408 0.340455 0)
(11.0507 0.37363 0)
(11.0697 0.419047 0)
(11.0821 0.457544 0)
(11.1006 0.512914 0)
(11.1169 0.564517 0)
(11.1338 0.623144 0)
(11.155 0.696945 0)
(11.171 0.757339 0)
(11.196 0.852821 0)
(11.2145 0.924529 0)
(11.2367 1.03401 0)
(11.2654 1.131 0)
(11.2762 1.24719 0)
(11.3118 1.38204 0)
(11.3182 1.50467 0)
(11.3429 1.67225 0)
(11.3562 1.8322 0)
(11.3593 1.99888 0)
(11.3579 2.22853 0)
(11.3583 2.39761 0)
(11.313 2.65312 0)
(11.2983 2.88972 0)
(11.2205 3.12249 0)
(11.1364 3.4107 0)
(11.0212 3.69352 0)
(9.99986 0.000423421 0)
(10.0038 0.00340714 0)
(10.0091 0.00424993 0)
(10.0187 0.00569594 0)
(10.0314 0.00801795 0)
(10.0457 0.00795443 0)
(10.0623 0.00979164 0)
(10.0813 0.0095162 0)
(10.1005 0.0106968 0)
(10.123 0.0112622 0)
(10.1417 0.011132 0)
(10.1651 0.0118193 0)
(10.1855 0.0122796 0)
(10.2086 0.0127844 0)
(10.2302 0.0136355 0)
(10.2521 0.0136798 0)
(10.2753 0.0141594 0)
(10.2978 0.0154379 0)
(10.3219 0.0147651 0)
(10.3441 0.0171111 0)
(10.369 0.0157019 0)
(10.3905 0.0182672 0)
(10.4169 0.0177484 0)
(10.4377 0.019602 0)
(10.4637 0.0202377 0)
(10.4853 0.0216473 0)
(10.5097 0.0228307 0)
(10.5329 0.0248149 0)
(10.5554 0.025921 0)
(10.5794 0.0287292 0)
(10.6011 0.0300194 0)
(10.6245 0.0333556 0)
(10.6465 0.0354075 0)
(10.6691 0.0390631 0)
(10.6905 0.0423528 0)
(10.7128 0.0460948 0)
(10.7335 0.0513411 0)
(10.7554 0.054869 0)
(10.7746 0.0626071 0)
(10.7971 0.0663418 0)
(10.8138 0.0761039 0)
(10.8379 0.0814988 0)
(10.8512 0.0925183 0)
(10.8771 0.100556 0)
(10.8886 0.113334 0)
(10.9133 0.12393 0)
(10.9257 0.139606 0)
(10.9478 0.152925 0)
(10.9615 0.172346 0)
(10.9817 0.188843 0)
(10.9964 0.213156 0)
(11.0164 0.233356 0)
(11.0307 0.263112 0)
(11.0521 0.289837 0)
(11.065 0.322522 0)
(11.0897 0.361705 0)
(11.1007 0.394343 0)
(11.1295 0.448669 0)
(11.1416 0.485655 0)
(11.1722 0.549558 0)
(11.1885 0.601933 0)
(11.2176 0.668124 0)
(11.2433 0.744434 0)
(11.268 0.812085 0)
(11.3033 0.914169 0)
(11.3291 0.990939 0)
(11.3631 1.11176 0)
(11.4001 1.21883 0)
(11.4246 1.34133 0)
(11.4635 1.49789 0)
(11.4952 1.63242 0)
(11.5142 1.81026 0)
(11.5519 2.01376 0)
(11.5535 2.17696 0)
(11.5688 2.44954 0)
(11.5593 2.65973 0)
(11.5486 2.91793 0)
(11.4841 3.22785 0)
(11.4664 3.50491 0)
(11.3229 3.79941 0)
(9.99924 -0.0013782 0)
(10.0045 -0.00148652 0)
(10.0079 -0.00463134 0)
(10.02 -0.00513717 0)
(10.0306 -0.00603567 0)
(10.0465 -0.0080906 0)
(10.0618 -0.00769983 0)
(10.082 -0.00944863 0)
(10.1007 -0.00857239 0)
(10.1233 -0.00903604 0)
(10.1414 -0.00984896 0)
(10.1656 -0.00881181 0)
(10.1855 -0.0098064 0)
(10.209 -0.00833669 0)
(10.2302 -0.00942894 0)
(10.2518 -0.00843176 0)
(10.2763 -0.00917425 0)
(10.2971 -0.00743106 0)
(10.3236 -0.00873696 0)
(10.343 -0.00623141 0)
(10.3713 -0.00807557 0)
(10.3894 -0.0050895 0)
(10.42 -0.00607825 0)
(10.4363 -0.00385024 0)
(10.4676 -0.00332734 0)
(10.4837 -0.00200626 0)
(10.5142 -0.000207332 0)
(10.5317 0.00105436 0)
(10.5599 0.00339914 0)
(10.5791 0.00506167 0)
(10.6054 0.00796647 0)
(10.6255 0.00994614 0)
(10.6505 0.0138552 0)
(10.6716 0.0161212 0)
(10.6945 0.0210902 0)
(10.7172 0.0240616 0)
(10.7376 0.0301743 0)
(10.7617 0.0338303 0)
(10.7793 0.0418237 0)
(10.8052 0.0459214 0)
(10.8197 0.0561667 0)
(10.848 0.061423 0)
(10.8584 0.0734856 0)
(10.8901 0.0809486 0)
(10.897 0.0948742 0)
(10.93 0.104978 0)
(10.9356 0.121267 0)
(10.9687 0.135039 0)
(10.9738 0.152908 0)
(11.0072 0.173243 0)
(11.0124 0.190958 0)
(11.0461 0.220279 0)
(11.0532 0.238847 0)
(11.0848 0.275379 0)
(11.0968 0.301162 0)
(11.1258 0.338798 0)
(11.143 0.380362 0)
(11.1705 0.415157 0)
(11.1953 0.474785 0)
(11.2208 0.512448 0)
(11.2524 0.583101 0)
(11.2812 0.636477 0)
(11.3122 0.709671 0)
(11.3547 0.789554 0)
(11.3803 0.862531 0)
(11.4333 0.973316 0)
(11.4664 1.05662 0)
(11.5143 1.1833 0)
(11.5585 1.31161 0)
(11.6064 1.43328 0)
(11.6457 1.61406 0)
(11.7039 1.77387 0)
(11.7287 1.95173 0)
(11.7772 2.20337 0)
(11.7951 2.39821 0)
(11.8154 2.66252 0)
(11.8135 2.98727 0)
(11.8023 3.21599 0)
(11.7465 3.59871 0)
(11.712 3.96547 0)
(9.99916 -0.00303529 0)
(10.0045 -0.00677155 0)
(10.0083 -0.0137235 0)
(10.021 -0.0159374 0)
(10.0321 -0.0210678 0)
(10.0475 -0.0236465 0)
(10.065 -0.0259758 0)
(10.0836 -0.0279118 0)
(10.1052 -0.0281984 0)
(10.1243 -0.0296235 0)
(10.1464 -0.0302898 0)
(10.167 -0.0302807 0)
(10.1908 -0.0310223 0)
(10.2102 -0.0306334 0)
(10.2354 -0.0316485 0)
(10.253 -0.0315397 0)
(10.2825 -0.0316618 0)
(10.2985 -0.031409 0)
(10.3302 -0.0313072 0)
(10.3444 -0.0309361 0)
(10.3781 -0.0307229 0)
(10.3917 -0.029925 0)
(10.4267 -0.028855 0)
(10.4394 -0.0286468 0)
(10.474 -0.0260662 0)
(10.4878 -0.026754 0)
(10.5201 -0.022662 0)
(10.537 -0.0235819 0)
(10.5652 -0.0188861 0)
(10.5858 -0.0191402 0)
(10.6103 -0.0144237 0)
(10.6335 -0.0135334 0)
(10.6557 -0.00861619 0)
(10.6805 -0.00671342 0)
(10.7006 -0.00119664 0)
(10.7269 0.00183965 0)
(10.745 0.00811516 0)
(10.7723 0.0124874 0)
(10.7884 0.0197229 0)
(10.8168 0.0258374 0)
(10.8306 0.0337823 0)
(10.8611 0.0426823 0)
(10.8711 0.0507184 0)
(10.9056 0.0634598 0)
(10.9114 0.0717187 0)
(10.9482 0.0882074 0)
(10.9529 0.098407 0)
(10.9892 0.117184 0)
(10.9955 0.132495 0)
(11.0301 0.151067 0)
(11.039 0.175622 0)
(11.073 0.191509 0)
(11.0843 0.227582 0)
(11.1177 0.243351 0)
(11.1325 0.286047 0)
(11.1669 0.3121 0)
(11.1826 0.351869 0)
(11.2238 0.39809 0)
(11.2371 0.432548 0)
(11.2892 0.498097 0)
(11.3007 0.53514 0)
(11.3592 0.614502 0)
(11.3797 0.663746 0)
(11.4357 0.749952 0)
(11.4723 0.827217 0)
(11.5278 0.911578 0)
(11.5731 1.02169 0)
(11.6399 1.12837 0)
(11.682 1.24049 0)
(11.7618 1.40657 0)
(11.8046 1.53537 0)
(11.8891 1.70976 0)
(11.9294 1.94632 0)
(12.0044 2.09615 0)
(12.042 2.39672 0)
(12.0935 2.67211 0)
(12.0964 2.88924 0)
(12.1538 3.35277 0)
(12.0563 3.58323 0)
(12.1009 4.00898 0)
(10.0006 -0.00473229 0)
(10.003 -0.012704 0)
(10.0109 -0.0228268 0)
(10.0212 -0.028061 0)
(10.036 -0.0362669 0)
(10.0495 -0.0403681 0)
(10.0711 -0.0439865 0)
(10.0872 -0.0473449 0)
(10.1126 -0.0472591 0)
(10.1283 -0.0512017 0)
(10.1544 -0.0497244 0)
(10.1719 -0.0529087 0)
(10.1987 -0.0514063 0)
(10.2157 -0.0541008 0)
(10.2427 -0.0534165 0)
(10.26 -0.0552724 0)
(10.2895 -0.0542477 0)
(10.3069 -0.0555676 0)
(10.3367 -0.0543751 0)
(10.3541 -0.0555537 0)
(10.3844 -0.0539202 0)
(10.4026 -0.054543 0)
(10.4326 -0.0523554 0)
(10.4511 -0.0528918 0)
(10.4797 -0.0499741 0)
(10.5 -0.0503719 0)
(10.5262 -0.0468896 0)
(10.5493 -0.0466192 0)
(10.572 -0.0433865 0)
(10.598 -0.0416427 0)
(10.6184 -0.039166 0)
(10.6457 -0.0354911 0)
(10.6652 -0.0335197 0)
(10.6931 -0.0281245 0)
(10.7115 -0.0260942 0)
(10.7403 -0.0190003 0)
(10.7571 -0.016597 0)
(10.787 -0.00791824 0)
(10.802 -0.00433561 0)
(10.8325 0.00532778 0)
(10.8466 0.0111048 0)
(10.8772 0.0212542 0)
(10.8904 0.0300808 0)
(10.9221 0.0402957 0)
(10.9341 0.0534755 0)
(10.9662 0.0628126 0)
(10.9785 0.0821091 0)
(11.0101 0.0904009 0)
(11.0237 0.115182 0)
(11.0553 0.126983 0)
(11.07 0.151439 0)
(11.1034 0.17467 0)
(11.1187 0.19358 0)
(11.1541 0.231025 0)
(11.1715 0.248765 0)
(11.209 0.292601 0)
(11.2301 0.321809 0)
(11.2686 0.362175 0)
(11.2993 0.411823 0)
(11.3341 0.446336 0)
(11.3794 0.517681 0)
(11.412 0.553061 0)
(11.4657 0.637753 0)
(11.5119 0.691923 0)
(11.5619 0.776185 0)
(11.6269 0.862385 0)
(11.684 0.95806 0)
(11.752 1.05185 0)
(11.829 1.20369 0)
(11.8955 1.29603 0)
(11.9896 1.47495 0)
(12.0602 1.66946 0)
(12.1505 1.78253 0)
(12.2491 2.12686 0)
(12.2776 2.27568 0)
(12.4185 2.59224 0)
(12.4237 2.96884 0)
(12.4375 3.19738 0)
(12.5635 3.71822 0)
(12.355 4.0405 0)
(10.0015 -0.00632278 0)
(10.0028 -0.0202196 0)
(10.013 -0.032027 0)
(10.0238 -0.0425726 0)
(10.0399 -0.0516423 0)
(10.056 -0.0583728 0)
(10.0777 -0.0624469 0)
(10.097 -0.066775 0)
(10.1202 -0.067452 0)
(10.1394 -0.0717473 0)
(10.1625 -0.0704607 0)
(10.1841 -0.0746155 0)
(10.2065 -0.0730238 0)
(10.2286 -0.0769362 0)
(10.2502 -0.0761895 0)
(10.2746 -0.0781761 0)
(10.2971 -0.0782369 0)
(10.3228 -0.0784031 0)
(10.3443 -0.0794237 0)
(10.3707 -0.0783502 0)
(10.3926 -0.0793799 0)
(10.4194 -0.0772169 0)
(10.4417 -0.0780873 0)
(10.4673 -0.07525 0)
(10.49 -0.0759729 0)
(10.5156 -0.0722624 0)
(10.5377 -0.0730311 0)
(10.5644 -0.0683175 0)
(10.5848 -0.0695025 0)
(10.6131 -0.0633815 0)
(10.6324 -0.065169 0)
(10.6612 -0.0572651 0)
(10.6807 -0.0593515 0)
(10.709 -0.0499779 0)
(10.7288 -0.0512964 0)
(10.7567 -0.0414135 0)
(10.7763 -0.0403976 0)
(10.8039 -0.0313463 0)
(10.8234 -0.026475 0)
(10.8499 -0.0188928 0)
(10.8704 -0.0100933 0)
(10.8954 -0.00259513 0)
(10.9164 0.00806942 0)
(10.9419 0.0189542 0)
(10.9619 0.0277363 0)
(10.9888 0.0460989 0)
(11.0079 0.0509939 0)
(11.036 0.0774746 0)
(11.056 0.081608 0)
(11.084 0.110909 0)
(11.1067 0.123961 0)
(11.1346 0.145676 0)
(11.1615 0.178071 0)
(11.1875 0.187509 0)
(11.2219 0.238517 0)
(11.2458 0.245266 0)
(11.2867 0.302175 0)
(11.3151 0.321764 0)
(11.3559 0.375066 0)
(11.3981 0.412789 0)
(11.4367 0.464636 0)
(11.4889 0.52054 0)
(11.5369 0.574095 0)
(11.5934 0.648485 0)
(11.6553 0.710396 0)
(11.7198 0.805887 0)
(11.7951 0.866705 0)
(11.8727 1.02271 0)
(11.955 1.04739 0)
(12.0621 1.28327 0)
(12.1324 1.34279 0)
(12.2755 1.53281 0)
(12.3686 1.78867 0)
(12.439 1.89365 0)
(12.6748 2.26407 0)
(12.5871 2.50932 0)
(12.8703 2.81903 0)
(12.8248 3.27331 0)
(12.8886 3.60955 0)
(12.9311 4.1257 0)
(10.0007 -0.00876631 0)
(10.0049 -0.0286396 0)
(10.0147 -0.0439023 0)
(10.0297 -0.0586563 0)
(10.0458 -0.0693508 0)
(10.0672 -0.0767481 0)
(10.0876 -0.0825871 0)
(10.1117 -0.08555 0)
(10.1318 -0.0889905 0)
(10.1556 -0.0910967 0)
(10.1752 -0.0925861 0)
(10.2005 -0.0955089 0)
(10.2199 -0.0958531 0)
(10.2449 -0.0991467 0)
(10.265 -0.0995788 0)
(10.2915 -0.100569 0)
(10.313 -0.102537 0)
(10.3399 -0.10069 0)
(10.3607 -0.104611 0)
(10.388 -0.100532 0)
(10.4098 -0.104859 0)
(10.4365 -0.0995308 0)
(10.4597 -0.103426 0)
(10.484 -0.0978504 0)
(10.5093 -0.100835 0)
(10.532 -0.0953217 0)
(10.5584 -0.0971876 0)
(10.5807 -0.0922644 0)
(10.607 -0.0927972 0)
(10.6293 -0.0883971 0)
(10.6566 -0.0877055 0)
(10.6775 -0.0830195 0)
(10.7067 -0.0815438 0)
(10.7258 -0.0757462 0)
(10.7561 -0.0736823 0)
(10.7747 -0.0663744 0)
(10.8044 -0.0634914 0)
(10.8236 -0.0549478 0)
(10.8521 -0.0504075 0)
(10.8713 -0.0415119 0)
(10.9004 -0.0340147 0)
(10.9177 -0.0258054 0)
(10.9494 -0.0140635 0)
(10.9636 -0.00747352 0)
(10.9992 0.00991807 0)
(11.0099 0.0133316 0)
(11.0496 0.0391532 0)
(11.0579 0.037863 0)
(11.101 0.0731313 0)
(11.1098 0.0693298 0)
(11.1522 0.11005 0)
(11.1684 0.111639 0)
(11.2043 0.148831 0)
(11.2333 0.165936 0)
(11.2605 0.192604 0)
(11.3052 0.230489 0)
(11.3237 0.246339 0)
(11.3852 0.304057 0)
(11.398 0.315868 0)
(11.4732 0.384545 0)
(11.4915 0.405733 0)
(11.5677 0.477647 0)
(11.6064 0.508743 0)
(11.6811 0.601709 0)
(11.739 0.626579 0)
(11.8199 0.739714 0)
(11.9052 0.813328 0)
(11.9702 0.855489 0)
(12.1337 1.07718 0)
(12.1269 1.04059 0)
(12.4115 1.31251 0)
(12.3507 1.41311 0)
(12.6602 1.56461 0)
(12.7024 1.86838 0)
(12.8686 2.05819 0)
(13.0463 2.36897 0)
(13.1746 2.76509 0)
(13.2207 3.11395 0)
(13.4568 3.62962 0)
(13.308 4.09793 0)
(10.0024 -0.0124943 0)
(10.0046 -0.0391628 0)
(10.0214 -0.0595892 0)
(10.0353 -0.0780864 0)
(10.0606 -0.0896067 0)
(10.0796 -0.0981889 0)
(10.1082 -0.103604 0)
(10.1273 -0.107058 0)
(10.1548 -0.110598 0)
(10.1721 -0.112831 0)
(10.1995 -0.115299 0)
(10.2169 -0.118547 0)
(10.2454 -0.119199 0)
(10.2614 -0.123225 0)
(10.2923 -0.122543 0)
(10.3085 -0.125386 0)
(10.3415 -0.125215 0)
(10.3571 -0.126195 0)
(10.3894 -0.127096 0)
(10.4057 -0.126554 0)
(10.4387 -0.127067 0)
(10.4545 -0.126066 0)
(10.4889 -0.125223 0)
(10.5019 -0.124861 0)
(10.5394 -0.121965 0)
(10.5498 -0.122954 0)
(10.5898 -0.117646 0)
(10.5983 -0.12068 0)
(10.64 -0.112757 0)
(10.6467 -0.117442 0)
(10.691 -0.107502 0)
(10.6949 -0.112223 0)
(10.7418 -0.101542 0)
(10.7438 -0.104555 0)
(10.7911 -0.0939334 0)
(10.7936 -0.0947579 0)
(10.8387 -0.0833681 0)
(10.8438 -0.0837808 0)
(10.8855 -0.0686185 0)
(10.8929 -0.0723394 0)
(10.9331 -0.0492134 0)
(10.9411 -0.0596976 0)
(10.9808 -0.0267421 0)
(10.9903 -0.0426197 0)
(11.0275 -0.00448037 0)
(11.043 -0.0166919 0)
(11.0724 0.0146127 0)
(11.1005 0.0206383 0)
(11.1172 0.0323515 0)
(11.1617 0.0644163 0)
(11.1662 0.0584761 0)
(11.223 0.106166 0)
(11.2262 0.101816 0)
(11.2812 0.143615 0)
(11.2995 0.160137 0)
(11.3428 0.187244 0)
(11.3807 0.222645 0)
(11.4192 0.246867 0)
(11.4667 0.291442 0)
(11.5113 0.315287 0)
(11.5722 0.383755 0)
(11.6052 0.381589 0)
(11.7133 0.504 0)
(11.7125 0.465313 0)
(11.8707 0.626369 0)
(11.8695 0.610363 0)
(12.0302 0.720481 0)
(12.0884 0.838898 0)
(12.2086 0.823558 0)
(12.3673 1.08123 0)
(12.4391 1.06589 0)
(12.6644 1.28824 0)
(12.8085 1.45107 0)
(12.9314 1.62162 0)
(13.2719 1.90983 0)
(13.276 2.20095 0)
(13.6395 2.5399 0)
(13.7185 3.04133 0)
(13.9093 3.49156 0)
(13.938 4.10285 0)
(10.0083 -0.017457 0)
(10.002 -0.0543397 0)
(10.0355 -0.078904 0)
(10.0439 -0.102544 0)
(10.0861 -0.112406 0)
(10.0977 -0.123982 0)
(10.1398 -0.126397 0)
(10.149 -0.132996 0)
(10.1883 -0.134555 0)
(10.1943 -0.140115 0)
(10.2331 -0.141471 0)
(10.2395 -0.147234 0)
(10.2792 -0.146172 0)
(10.2853 -0.152328 0)
(10.3261 -0.14907 0)
(10.3334 -0.154854 0)
(10.3744 -0.151266 0)
(10.3821 -0.156221 0)
(10.4209 -0.152744 0)
(10.4304 -0.156888 0)
(10.4684 -0.152591 0)
(10.4783 -0.156265 0)
(10.5168 -0.151187 0)
(10.5244 -0.154198 0)
(10.5657 -0.148703 0)
(10.5707 -0.151256 0)
(10.6141 -0.145031 0)
(10.6169 -0.148497 0)
(10.6618 -0.140005 0)
(10.6627 -0.145416 0)
(10.709 -0.13405 0)
(10.708 -0.140371 0)
(10.7542 -0.127594 0)
(10.7543 -0.132166 0)
(10.7959 -0.120399 0)
(10.8026 -0.120407 0)
(10.834 -0.112196 0)
(10.852 -0.105053 0)
(10.8705 -0.102663 0)
(10.9007 -0.0867839 0)
(10.9088 -0.0906359 0)
(10.9464 -0.0667116 0)
(10.9516 -0.074899 0)
(10.9879 -0.0454567 0)
(11.0008 -0.0543055 0)
(11.0258 -0.0226384 0)
(11.0557 -0.0294203 0)
(11.0643 0.00399939 0)
(11.1116 -0.00310002 0)
(11.1116 0.0373064 0)
(11.1652 0.0256838 0)
(11.1713 0.0741364 0)
(11.2206 0.0649547 0)
(11.2368 0.109236 0)
(11.2901 0.118082 0)
(11.3037 0.149346 0)
(11.3744 0.172966 0)
(11.3878 0.208594 0)
(11.4593 0.223833 0)
(11.5061 0.286837 0)
(11.5478 0.282373 0)
(11.6449 0.375887 0)
(11.6709 0.350523 0)
(11.7957 0.494227 0)
(11.8313 0.415592 0)
(11.9727 0.637313 0)
(12.0445 0.536037 0)
(12.1495 0.725026 0)
(12.3647 0.783888 0)
(12.3368 0.795629 0)
(12.7375 1.03823 0)
(12.6811 1.04743 0)
(13.0587 1.23332 0)
(13.2216 1.44438 0)
(13.4757 1.64167 0)
(13.6971 1.88421 0)
(14.1149 2.36583 0)
(14.1712 2.71999 0)
(14.5428 3.34619 0)
(14.6651 4.04577 0)
(10.013 -0.025306 0)
(10.0048 -0.0716908 0)
(10.0549 -0.0976137 0)
(10.0646 -0.119324 0)
(10.1197 -0.124032 0)
(10.1296 -0.133611 0)
(10.1775 -0.133359 0)
(10.1826 -0.14185 0)
(10.223 -0.142761 0)
(10.2255 -0.151687 0)
(10.263 -0.151683 0)
(10.268 -0.159764 0)
(10.303 -0.157206 0)
(10.3097 -0.164725 0)
(10.3411 -0.160691 0)
(10.351 -0.167511 0)
(10.3779 -0.163729 0)
(10.3898 -0.16992 0)
(10.4105 -0.165864 0)
(10.4259 -0.171783 0)
(10.4413 -0.16591 0)
(10.4592 -0.172284 0)
(10.4705 -0.164807 0)
(10.4887 -0.170796 0)
(10.4983 -0.162768 0)
(10.5163 -0.168361 0)
(10.5237 -0.159252 0)
(10.5423 -0.166422 0)
(10.5458 -0.153801 0)
(10.5665 -0.163956 0)
(10.5641 -0.147347 0)
(10.5903 -0.158822 0)
(10.5763 -0.140752 0)
(10.616 -0.149979 0)
(10.5817 -0.133727 0)
(10.6436 -0.137637 0)
(10.5835 -0.125685 0)
(10.6702 -0.122434 0)
(10.5876 -0.115485 0)
(10.6914 -0.106367 0)
(10.6004 -0.100289 0)
(10.7038 -0.0924866 0)
(10.6255 -0.0770387 0)
(10.7088 -0.0828753 0)
(10.6606 -0.0445901 0)
(10.715 -0.0753538 0)
(10.6949 -0.00733897 0)
(10.7378 -0.0603877 0)
(10.717 0.0217438 0)
(10.7892 -0.0249856 0)
(10.7287 0.0375476 0)
(10.859 0.0231226 0)
(10.7585 0.0622338 0)
(10.9203 0.05578 0)
(10.8302 0.114166 0)
(10.9745 0.0802558 0)
(10.9233 0.166909 0)
(11.0638 0.131769 0)
(11.0129 0.204344 0)
(11.1957 0.197424 0)
(11.1347 0.27228 0)
(11.3162 0.220782 0)
(11.3555 0.419757 0)
(11.4075 0.196131 0)
(11.6386 0.599819 0)
(11.5871 0.229125 0)
(11.8543 0.696431 0)
(11.9645 0.41459 0)
(12.0384 0.710679 0)
(12.394 0.669327 0)
(12.4542 0.818997 0)
(12.7159 0.859249 0)
(13.0927 1.06223 0)
(13.2472 1.15867 0)
(13.6525 1.3565 0)
(14.0987 1.61229 0)
(14.3949 1.93362 0)
(14.9528 2.45449 0)
(15.2163 3.05754 0)
(15.6435 4.00657 0)
(10.0111 -0.0617408 0)
(10.0215 -0.136651 0)
(10.0802 -0.173708 0)
(10.096 -0.184275 0)
(10.1427 -0.186329 0)
(10.1413 -0.185426 0)
(10.1684 -0.188519 0)
(10.154 -0.190988 0)
(10.1678 -0.196107 0)
(10.148 -0.198254 0)
(10.1546 -0.200926 0)
(10.1338 -0.200451 0)
(10.1329 -0.201679 0)
(10.1102 -0.199164 0)
(10.1009 -0.201074 0)
(10.0789 -0.196277 0)
(10.0601 -0.200595 0)
(10.0385 -0.193727 0)
(10.0094 -0.199648 0)
(9.99019 -0.190776 0)
(9.95209 -0.19684 0)
(9.93476 -0.186982 0)
(9.88914 -0.193138 0)
(9.87229 -0.181437 0)
(9.8224 -0.18899 0)
(9.80443 -0.174694 0)
(9.75284 -0.184227 0)
(9.73196 -0.167947 0)
(9.68057 -0.17825 0)
(9.6566 -0.160381 0)
(9.6047 -0.171727 0)
(9.58164 -0.150333 0)
(9.5236 -0.16531 0)
(9.5107 -0.137361 0)
(9.43779 -0.1584 0)
(9.44485 -0.122474 0)
(9.35209 -0.150079 0)
(9.38102 -0.106568 0)
(9.27492 -0.139732 0)
(9.31374 -0.089991 0)
(9.21539 -0.127423 0)
(9.23939 -0.071903 0)
(9.17795 -0.114633 0)
(9.16102 -0.0501981 0)
(9.16059 -0.103162 0)
(9.08768 -0.0247081 0)
(9.15875 -0.0906817 0)
(9.02729 0.00169128 0)
(9.16689 -0.0739456 0)
(8.99826 0.0294795 0)
(9.16952 -0.058161 0)
(9.01246 0.0669979 0)
(9.18923 -0.0476266 0)
(9.02166 0.106936 0)
(9.29376 -0.0272452 0)
(9.00301 0.137514 0)
(9.4526 0.00583735 0)
(9.03565 0.171846 0)
(9.61518 0.0409949 0)
(9.12083 0.209389 0)
(9.83966 0.0924295 0)
(9.21073 0.240036 0)
(10.1394 0.151703 0)
(9.35848 0.296734 0)
(10.4432 0.177942 0)
(9.66751 0.41711 0)
(10.7129 0.165413 0)
(10.1125 0.565763 0)
(11.086 0.231076 0)
(10.5585 0.591109 0)
(11.591 0.449141 0)
(11.26 0.62402 0)
(11.9944 0.510341 0)
(12.4063 0.965919 0)
(12.6104 0.64432 0)
(13.4802 1.13507 0)
(14.0403 1.29693 0)
(14.7555 1.57143 0)
(15.6627 2.259 0)
(16.4401 3.20095 0)
(9.90294 -0.0455148 0)
(9.80485 -0.0984863 0)
(9.70123 -0.120814 0)
(9.56952 -0.125832 0)
(9.42027 -0.124367 0)
(9.25116 -0.123479 0)
(9.08346 -0.12392 0)
(8.90767 -0.125629 0)
(8.74068 -0.126708 0)
(8.56708 -0.127567 0)
(8.40443 -0.12612 0)
(8.23444 -0.125719 0)
(8.0734 -0.122433 0)
(7.90593 -0.122321 0)
(7.74653 -0.117799 0)
(7.58487 -0.11816 0)
(7.4249 -0.113375 0)
(7.26992 -0.113896 0)
(7.10795 -0.10903 0)
(6.96359 -0.108333 0)
(6.79912 -0.104238 0)
(6.667 -0.101948 0)
(6.49981 -0.0996017 0)
(6.38046 -0.0949687 0)
(6.21311 -0.0949087 0)
(6.10389 -0.0880167 0)
(5.94127 -0.0895893 0)
(5.83619 -0.0818583 0)
(5.68619 -0.0822516 0)
(5.57826 -0.0768915 0)
(5.44821 -0.0725025 0)
(5.3345 -0.0727742 0)
(5.22439 -0.0616624 0)
(5.11276 -0.0675988 0)
(5.00996 -0.0522873 0)
(4.91992 -0.0588371 0)
(4.80451 -0.0465528 0)
(4.75486 -0.0458422 0)
(4.61794 -0.0425039 0)
(4.60589 -0.0330794 0)
(4.46697 -0.0340468 0)
(4.46287 -0.0272437 0)
(4.35597 -0.0165692 0)
(4.33699 -0.0269318 0)
(4.26574 -0.000863447 0)
(4.25205 -0.0172676 0)
(4.19068 -0.000522283 0)
(4.19092 0.00357735 0)
(4.17743 0.00389804 0)
(4.1113 0.00282461 0)
(4.23216 0.0346461 0)
(4.06394 -0.00460447 0)
(4.29289 0.04849 0)
(4.07697 0.0173953 0)
(4.4153 0.0602231 0)
(4.05182 0.00557354 0)
(4.66316 0.117016 0)
(4.03063 -0.0163516 0)
(4.95842 0.151689 0)
(4.05398 -0.0251397 0)
(5.34206 0.231617 0)
(4.10844 -0.102845 0)
(5.76758 0.340846 0)
(4.29208 -0.116848 0)
(6.23966 0.37229 0)
(4.49382 -0.13266 0)
(6.89731 0.559478 0)
(4.76913 -0.380968 0)
(7.51565 0.940814 0)
(5.4919 -0.569344 0)
(7.89043 1.06041 0)
(6.63897 -0.409607 0)
(8.33442 0.953854 0)
(7.86164 -0.13713 0)
(9.3864 0.92945 0)
(8.95665 -0.0863568 0)
(11.3173 1.46131 0)
(10.5075 -0.265912 0)
(14.0065 2.39486 0)
(13.8356 0.41356 0)
(-0.479989 -0.269785 0)
(-0.273457 -0.346513 0)
(0.0122756 -0.337782 0)
(0.344883 -0.29216 0)
(0.629233 -0.147378 0)
(0.56151 -0.00658901 0)
(0.0649673 0.192429 0)
(-0.588685 0.483312 0)
(-1.76321 0.65986 0)
(-2.81254 0.50949 0)
(-3.44976 0.363588 0)
(-3.99348 0.306104 0)
(-4.22974 0.14681 0)
(-4.1369 4.17903e-05 0)
(-3.84912 -0.0901093 0)
(-3.60794 -0.10412 0)
(-3.33615 -0.169032 0)
(-2.57759 -0.484113 0)
(-1.60112 -0.570913 0)
(-0.472171 -0.453124 0)
(-1.4659 -0.0220731 0)
(-1.20246 -0.0620508 0)
(-0.971946 -0.325516 0)
(-1.07306 -0.428495 0)
(-1.16266 -0.0457021 0)
(-1.13527 0.564495 0)
(-1.79386 0.904789 0)
(-2.64016 1.26801 0)
(-3.39101 1.36363 0)
(-4.09495 1.10013 0)
(-4.63062 0.89207 0)
(-4.96639 0.569976 0)
(-4.9233 0.0949254 0)
(-4.55635 -0.315843 0)
(-3.97295 -0.537787 0)
(-3.49641 -0.510138 0)
(-3.27415 -0.606034 0)
(-2.56943 -1.42979 0)
(-1.97628 -1.73503 0)
(-0.562486 -1.6414 0)
(-1.56148 -1.05314 0)
(-1.93657 -1.00692 0)
(-1.60687 -0.518047 0)
(-1.23472 -0.0381183 0)
(-1.35244 0.0899713 0)
(-1.84668 0.722825 0)
(-2.16132 1.73886 0)
(-2.74902 2.06466 0)
(-3.43842 1.98536 0)
(-4.05766 1.68929 0)
(-4.59708 1.29738 0)
(-4.87414 0.690495 0)
(-4.79155 -0.154527 0)
(-4.43165 -0.900736 0)
(-3.7847 -1.27097 0)
(-3.11678 -1.06469 0)
(-2.89568 -0.780796 0)
(-2.31338 -1.7794 0)
(-2.16167 -2.5643 0)
(-0.398995 -3.08676 0)
(3.3107 1.22527 0)
(1.52272 0.488659 0)
(-0.137802 -0.977446 0)
(-0.933003 -0.945004 0)
(-0.825807 0.474759 0)
(-0.864375 1.49329 0)
(-1.51404 1.89819 0)
(-2.20492 2.46967 0)
(-2.75025 2.57812 0)
(-3.31352 2.25301 0)
(-3.92629 1.72929 0)
(-4.32567 0.867855 0)
(-4.44444 -0.299377 0)
(-4.37414 -1.38671 0)
(-3.98803 -2.00534 0)
(-3.32244 -1.82039 0)
(-2.9292 -1.21741 0)
(-2.16205 -2.08469 0)
(-1.96831 -3.56731 0)
(0.255613 -4.41745 0)
(6.63187 2.07213 0)
(5.43032 1.84088 0)
(4.3499 1.73152 0)
(2.38575 1.00734 0)
(0.253611 0.0964324 0)
(0.0589974 1.26676 0)
(0.172545 2.68534 0)
(-0.21374 3.25508 0)
(-1.03508 3.18588 0)
(-1.75987 2.7964 0)
(-2.43643 2.26561 0)
(-2.92461 1.3488 0)
(-3.30568 0.0235404 0)
(-3.61194 -1.35933 0)
(-3.62899 -2.35337 0)
(-3.11915 -2.55383 0)
(-2.71924 -1.97204 0)
(-1.65399 -2.74377 0)
(-1.17422 -4.99088 0)
(0.43475 -5.13255 0)
(8.63517 2.85625 0)
(7.85717 2.8044 0)
(6.92387 2.75031 0)
(5.7117 2.66078 0)
(4.13903 2.46562 0)
(2.08416 1.8763 0)
(1.13093 2.34 0)
(1.20726 3.56337 0)
(1.06308 4.0409 0)
(0.485962 3.7257 0)
(-0.286238 3.01767 0)
(-1.02872 1.92541 0)
(-1.57636 0.533653 0)
(-2.08069 -0.985896 0)
(-2.38905 -2.35378 0)
(-1.93295 -3.09831 0)
(-1.75082 -2.83643 0)
(-0.580948 -3.56827 0)
(-0.115809 -5.67461 0)
(0.0461669 -5.13736 0)
(9.73897 3.35199 0)
(9.27851 3.51626 0)
(8.6349 3.59977 0)
(7.83451 3.71576 0)
(6.79991 3.84279 0)
(5.4974 3.70928 0)
(3.68187 3.38186 0)
(2.59905 3.4902 0)
(2.28837 4.01861 0)
(2.10426 4.15647 0)
(1.59861 3.62147 0)
(1.09447 2.66563 0)
(0.507173 1.20621 0)
(-0.001904 -0.460898 0)
(-0.504645 -2.26809 0)
(-0.00750246 -3.34527 0)
(-0.306533 -3.27678 0)
(0.918647 -3.97197 0)
(0.654546 -5.23452 0)
(0.158167 -4.83654 0)
(10.4181 3.75174 0)
(10.121 3.93247 0)
(9.68966 4.22792 0)
(9.20561 4.45566 0)
(8.56112 4.70142 0)
(7.76072 4.89407 0)
(6.665 4.90817 0)
(5.35402 4.62123 0)
(4.2329 4.43274 0)
(3.65581 4.37899 0)
(3.28733 4.06304 0)
(2.78413 3.04616 0)
(2.63269 1.63814 0)
(2.22931 -0.0371679 0)
(1.7496 -2.1454 0)
(2.42762 -3.6304 0)
(1.41257 -3.52036 0)
(1.97756 -3.94473 0)
(0.496872 -4.54206 0)
(0.260308 -4.52103 0)
(10.8707 3.95076 0)
(10.6319 4.30215 0)
(10.4256 4.60645 0)
(10.0587 4.91896 0)
(9.66574 5.29305 0)
(9.25676 5.59673 0)
(8.61545 5.78138 0)
(7.80409 5.83163 0)
(6.95259 5.59006 0)
(5.99645 5.19748 0)
(5.54521 4.49636 0)
(4.79185 3.61722 0)
(4.54513 2.04989 0)
(3.78025 0.459833 0)
(3.9486 -2.09762 0)
(4.209 -3.68331 0)
(2.90728 -4.08594 0)
(1.3511 -4.31117 0)
(-1.07903 -3.95781 0)
(-0.2584 -4.50344 0)
(11.2545 4.20382 0)
(11.0787 4.47926 0)
(10.8834 4.86965 0)
(10.7035 5.30777 0)
(10.423 5.58806 0)
(10.1034 6.01362 0)
(9.89936 6.32655 0)
(9.33964 6.48424 0)
(8.9965 6.36355 0)
(8.0525 6.15483 0)
(7.73976 5.3485 0)
(6.77642 4.42604 0)
(6.74237 2.37814 0)
(6.25568 0.625581 0)
(5.91715 -1.89505 0)
(3.59337 -1.56773 0)
(0.868904 1.67961 0)
(-0.483144 1.29644 0)
(-0.898919 -2.08524 0)
(0.238185 -5.32325 0)
(11.567 4.22988 0)
(11.5191 4.74894 0)
(11.2946 5.06086 0)
(11.1615 5.4372 0)
(10.9842 5.94207 0)
(10.7292 6.20589 0)
(10.536 6.5596 0)
(10.3019 6.81872 0)
(10.0311 6.81706 0)
(9.60363 6.54785 0)
(8.87727 6.03919 0)
(8.24979 5.20953 0)
(6.15664 3.90894 0)
(4.38644 1.95384 0)
(0.17856 0.189631 0)
(-2.94182 -0.500079 0)
(-2.61021 -1.64088 0)
(-0.457615 -4.05987 0)
(1.18654 -5.60811 0)
(2.04541 -6.78552 0)
(11.9697 4.46524 0)
(11.8488 4.74957 0)
(11.8026 5.29294 0)
(11.512 5.65974 0)
(11.4182 6.01768 0)
(11.1987 6.46223 0)
(11.0007 6.7116 0)
(10.7023 6.99218 0)
(10.5669 7.06972 0)
(10.2459 7.00316 0)
(9.98847 6.29819 0)
(9.72175 5.80533 0)
(9.72776 5.00931 0)
(9.25768 4.2791 0)
(9.20669 3.83916 0)
(8.16883 2.38512 0)
(8.08846 0.97613 0)
(7.81752 -1.70228 0)
(6.02418 -2.16624 0)
(5.89664 -0.104855 0)
(12.4922 4.48981 0)
(12.2536 4.99393 0)
(12.164 5.3615 0)
(12.012 5.84698 0)
(11.7678 6.26558 0)
(11.4969 6.62054 0)
(11.4029 6.87713 0)
(11.0139 7.12224 0)
(10.7737 7.23163 0)
(10.2516 7.52532 0)
(9.6721 7.42436 0)
(8.46465 6.85337 0)
(7.5676 6.01723 0)
(5.67208 4.48042 0)
(4.54381 2.81271 0)
(2.83121 0.720917 0)
(3.1557 -0.594942 0)
(1.43873 -3.37705 0)
(-1.06729 -3.70379 0)
(0.970155 1.90877 0)
(12.847 4.59028 0)
(12.7558 5.07289 0)
(12.6659 5.60443 0)
(12.3338 6.06717 0)
(12.2928 6.44821 0)
(11.7908 6.91707 0)
(11.607 7.27005 0)
(11.2889 7.41025 0)
(11.232 7.20493 0)
(11.1094 7.13796 0)
(11.5686 7.10337 0)
(11.2657 7.09554 0)
(10.7445 6.78298 0)
(9.27994 6.0114 0)
(7.8022 4.73156 0)
(5.89612 3.12573 0)
(4.35245 1.43511 0)
(3.86182 0.755734 0)
(0.661189 -0.0176124 0)
(-0.478175 0.860035 0)
(13.4797 4.66626 0)
(13.2148 5.24486 0)
(13.2099 5.76322 0)
(12.7958 6.31366 0)
(12.6243 6.8208 0)
(12.2395 7.11854 0)
(11.8026 7.47444 0)
(11.1584 8.26021 0)
(10.4303 8.56594 0)
(9.04483 8.41308 0)
(8.2019 7.96288 0)
(8.33616 7.6528 0)
(8.99484 7.62647 0)
(9.16993 7.21357 0)
(8.57347 6.65631 0)
(7.2703 5.16175 0)
(5.05442 3.05461 0)
(3.11884 0.911598 0)
(1.28475 0.41773 0)
(0.0574111 1.60966 0)
(14.0684 4.76203 0)
(13.8394 5.42317 0)
(13.7521 6.10121 0)
(13.481 6.68104 0)
(13.0107 7.11861 0)
(12.7252 7.64026 0)
(12.4914 7.54417 0)
(12.2728 7.38461 0)
(12.6503 7.89184 0)
(12.4311 8.49587 0)
(11.2912 8.29536 0)
(9.45357 7.59845 0)
(8.08183 7.20365 0)
(7.70142 7.27298 0)
(7.70549 7.22062 0)
(7.07252 6.63654 0)
(5.28972 4.90377 0)
(3.39708 3.22529 0)
(1.22631 2.61529 0)
(0.193601 2.12822 0)
(14.6678 4.73198 0)
(14.6839 5.57413 0)
(14.283 6.33902 0)
(13.9384 7.11824 0)
(13.4764 7.79931 0)
(12.5491 8.49539 0)
(11.7054 9.47716 0)
(9.94095 9.532 0)
(8.95329 8.86252 0)
(9.65887 9.25493 0)
(10.4702 9.71389 0)
(10.0635 9.54086 0)
(8.68197 8.49364 0)
(7.39898 7.32014 0)
(6.92201 7.24437 0)
(6.59705 7.14185 0)
(5.19336 6.36711 0)
(3.39521 5.11874 0)
(1.68547 4.01479 0)
(0.528483 3.514 0)
(15.6957 5.04905 0)
(15.5774 6.00264 0)
(15.2369 6.62808 0)
(14.7992 7.14543 0)
(14.5792 7.50314 0)
(14.571 7.70808 0)
(14.7695 8.44896 0)
(14.1777 9.40017 0)
(12.1171 9.29323 0)
(9.94144 8.78427 0)
(9.42853 9.04376 0)
(9.67062 9.81064 0)
(9.01071 9.78944 0)
(7.27981 8.68954 0)
(6.15479 8.01108 0)
(5.79345 8.17794 0)
(4.76596 7.6982 0)
(3.43489 6.53086 0)
(1.69649 5.74492 0)
(0.332503 4.17724 0)
(17.0745 5.04798 0)
(16.7589 6.91791 0)
(15.9224 8.24471 0)
(14.3099 8.93146 0)
(12.8365 9.69571 0)
(11.1258 9.97866 0)
(10.6647 9.79627 0)
(12.0519 10.6167 0)
(12.6044 11.3865 0)
(11.1014 10.7715 0)
(9.17675 9.84559 0)
(8.70614 10.2485 0)
(8.62787 10.7621 0)
(7.41658 10.2738 0)
(6.00296 9.36899 0)
(5.38417 9.00415 0)
(4.51862 8.87506 0)
(3.24294 8.00347 0)
(1.81707 6.68051 0)
(0.750998 5.6443 0)
(17 4.04669 0)
(18.4204 5.75133 0)
(19.0315 7.19703 0)
(19.0897 8.49744 0)
(18.513 9.33655 0)
(16.6712 10.2987 0)
(13.2003 10.0064 0)
(10.7825 9.68599 0)
(11.3293 10.9493 0)
(11.5396 11.948 0)
(9.86866 11.2948 0)
(8.44018 10.6745 0)
(8.24749 11.0907 0)
(7.54203 11.0015 0)
(6.22922 10.3577 0)
(5.28991 10.0276 0)
(4.3667 9.81008 0)
(3.33223 9.11069 0)
(1.92386 8.48365 0)
(0.426653 6.82095 0)
(5.37374 3.68096 0)
(6.24117 5.44519 0)
(10.0472 6.76288 0)
(13.5483 8.97801 0)
(16.1242 10.695 0)
(17.7912 12.4983 0)
(16.3037 12.9459 0)
(12.7837 11.8914 0)
(10.7205 11.3983 0)
(10.9503 12.2782 0)
(10.22 12.3711 0)
(8.40671 11.6587 0)
(7.62274 11.6698 0)
(7.09552 11.8954 0)
(5.95884 11.3293 0)
(5.06065 10.9425 0)
(4.15196 10.8828 0)
(3.00558 10.3427 0)
(1.75074 9.23996 0)
(0.693575 7.89558 0)
(-1.64606 -3.67277 0)
(1.2821 -0.322892 0)
(2.93216 1.60232 0)
(7.24589 4.59932 0)
(10.8623 7.8001 0)
(14.6956 11.2433 0)
(16.7166 14.1979 0)
(14.7521 14.383 0)
(11.2814 13.0853 0)
(10.3681 13.3799 0)
(10.051 13.8176 0)
(8.44417 13.1996 0)
(7.23935 12.6984 0)
(6.58384 12.6277 0)
(5.55928 12.3536 0)
(4.63554 11.9484 0)
(3.80708 11.8131 0)
(2.94571 11.3339 0)
(1.79061 10.922 0)
(0.406524 9.3856 0)
(0.195228 3.32712 0)
(-1.54597 0.330762 0)
(-1.44617 -1.3326 0)
(2.96533 1.38429 0)
(5.41014 3.4821 0)
(9.56616 7.769 0)
(14.1074 12.9556 0)
(15.2397 15.7021 0)
(12.5861 15.017 0)
(10.2672 14.0832 0)
(9.68408 14.3558 0)
(8.43768 14.0625 0)
(7.17569 13.6141 0)
(6.39954 13.5297 0)
(5.34677 13.1311 0)
(4.4345 12.8037 0)
(3.61049 12.6804 0)
(2.62348 12.3927 0)
(1.53115 11.5769 0)
(0.578052 9.96951 0)
(-0.539293 -1.41366 0)
(0.0254255 1.00087 0)
(-1.5354 -1.91306 0)
(-1.23839 -2.07624 0)
(3.24165 0.335967 0)
(4.23243 3.03019 0)
(10.0189 10.3242 0)
(13.6447 15.7066 0)
(12.6013 16.8055 0)
(10.2796 15.9527 0)
(9.24933 15.7162 0)
(8.10493 15.5357 0)
(6.86893 14.9084 0)
(6.07722 14.5623 0)
(5.05959 14.241 0)
(4.09249 13.7589 0)
(3.32489 13.6602 0)
(2.59918 13.2723 0)
(1.62401 13.03 0)
(0.36909 11.6069 0)
(-0.839708 3.21532 0)
(-0.769272 0.836217 0)
(-0.476179 -0.66425 0)
(-1.44873 -3.91318 0)
(1.91367 -2.45593 0)
(3.72483 0.476257 0)
(5.79268 6.25657 0)
(11.1636 14.3475 0)
(12.143 17.5333 0)
(10.1521 17.237 0)
(8.7333 16.6677 0)
(7.68105 16.3369 0)
(6.53814 15.9193 0)
(5.73908 15.5247 0)
(4.73758 14.9784 0)
(3.83784 14.5552 0)
(3.10139 14.3782 0)
(2.23739 14.2881 0)
(1.27077 13.6893 0)
(0.433194 11.8083 0)
(-0.60861 0.884041 0)
(0.615329 0.757885 0)
(-0.274816 -1.18025 0)
(2.98495 -3.06105 0)
(0.62757 -6.73484 0)
(6.44331 -0.0517864 0)
(3.88864 2.21974 0)
(8.39665 11.8541 0)
(10.5628 17.6068 0)
(9.47087 18.3359 0)
(8.15462 17.7647 0)
(7.06946 17.3147 0)
(6.05902 16.7472 0)
(5.40367 16.4342 0)
(4.44195 16.0093 0)
(3.43948 15.4058 0)
(2.72666 15.3029 0)
(2.14653 14.9614 0)
(1.37577 14.8378 0)
(0.317556 13.4688 0)
(-0.231519 2.76204 0)
(-0.208162 0.135613 0)
(0.191985 -3.31533 0)
(3.47666 -4.40183 0)
(2.59774 -8.52495 0)
(6.86256 -1.15923 0)
(5.44423 2.07386 0)
(6.33698 9.0683 0)
(9.42594 17.0675 0)
(8.79474 19.3957 0)
(7.34303 18.9727 0)
(6.26788 18.2948 0)
(5.37606 17.7758 0)
(4.82856 17.2928 0)
(4.00138 16.6961 0)
(3.16135 16.1093 0)
(2.51633 15.8371 0)
(1.79992 15.8799 0)
(0.967483 15.4741 0)
(0.257157 13.3127 0)
(-0.0591307 1.70185 0)
(0.789943 0.389041 0)
(0.858965 -4.33355 0)
(3.27022 -6.53753 0)
(3.22527 -9.46668 0)
(5.09819 -3.72124 0)
(6.85713 2.54349 0)
(5.39157 7.52992 0)
(7.55548 15.4929 0)
(7.85739 19.4908 0)
(6.75222 19.8855 0)
(5.57539 19.2031 0)
(4.69224 18.4624 0)
(4.27544 18.1627 0)
(3.53794 17.6763 0)
(2.66182 16.9457 0)
(2.05659 16.7328 0)
(1.61847 16.3467 0)
(1.07072 16.2648 0)
(0.272366 14.8854 0)
(-0.598438 1.9467 0)
(0.436679 -1.28902 0)
(1.01516 -5.29296 0)
(2.03767 -7.94674 0)
(2.13339 -9.92257 0)
(3.3202 -5.3158 0)
(6.46939 2.84764 0)
(4.31879 7.05992 0)
(6.13295 14.9979 0)
(6.74733 19.6697 0)
(5.88854 20.4985 0)
(4.90659 19.912 0)
(4.10004 19.2129 0)
(3.71066 18.6791 0)
(3.11184 18.1189 0)
(2.46259 17.4316 0)
(1.94415 17.0486 0)
(1.36392 17.1387 0)
(0.668976 16.914 0)
(0.0848262 14.4983 0)
(-0.264434 1.77939 0)
(1.12509 -1.60189 0)
(1.27077 -5.75934 0)
(1.52093 -8.35437 0)
(1.72053 -10.4185 0)
(1.54572 -7.1164 0)
(4.81095 1.73746 0)
(3.61308 7.37819 0)
(4.73995 14.6076 0)
(5.22185 19.6099 0)
(4.82524 21.1094 0)
(4.08366 20.6187 0)
(3.5049 19.7906 0)
(3.25203 19.4625 0)
(2.71689 18.971 0)
(2.02024 18.2269 0)
(1.4854 17.9066 0)
(1.10948 17.4421 0)
(0.76276 17.3303 0)
(0.248778 15.8203 0)
(0.704011 1.35983 0)
(1.59562 -2.24785 0)
(1.61307 -4.95838 0)
(1.73079 -7.88923 0)
(1.26715 -9.73022 0)
(-0.0505085 -7.57559 0)
(2.80629 1.9415 0)
(1.88826 7.3448 0)
(3.06257 14.4469 0)
(3.81267 19.7533 0)
(3.54448 21.3232 0)
(3.14039 21.1044 0)
(2.74049 20.3002 0)
(2.58307 19.7198 0)
(2.21332 19.2406 0)
(1.79622 18.5647 0)
(1.41815 18.0744 0)
(0.975564 18.1093 0)
(0.417747 18.0285 0)
(-0.0772654 15.3781 0)
(0.331976 -0.492961 0)
(2.1866 -2.6484 0)
(1.3118 -5.1824 0)
(1.54013 -7.95197 0)
(0.936335 -9.33068 0)
(-1.0826 -8.18628 0)
(1.09657 0.302749 0)
(1.10174 6.93361 0)
(1.82788 14.201 0)
(2.49018 19.6896 0)
(2.26639 21.6163 0)
(2.0885 21.3753 0)
(1.94729 20.5775 0)
(1.95876 20.2561 0)
(1.69615 19.8624 0)
(1.28241 19.2383 0)
(0.862646 18.8722 0)
(0.560594 18.3204 0)
(0.421261 18.0897 0)
(0.219815 16.3019 0)
(-0.152237 -1.13574 0)
(2.21069 -3.24649 0)
(1.32205 -4.82006 0)
(1.6377 -7.30269 0)
(0.872988 -7.81209 0)
(-1.40442 -7.39253 0)
(-0.14588 -0.473436 0)
(-0.14597 6.49351 0)
(0.530021 13.8679 0)
(1.05136 19.5083 0)
(1.2021 21.6158 0)
(1.09728 21.5352 0)
(1.01383 20.699 0)
(1.07583 20.121 0)
(1.05116 19.8126 0)
(0.985804 19.2392 0)
(0.827449 18.7007 0)
(0.604387 18.7055 0)
(0.221428 18.787 0)
(-0.221291 15.9767 0)
(-0.132031 -2.63708 0)
(0.620172 -3.73197 0)
(1.22658 -4.60044 0)
(2.1591 -6.83851 0)
(1.33766 -6.70589 0)
(-0.787787 -6.0835 0)
(-1.4983 -1.42719 0)
(-0.892205 5.97683 0)
(-0.442122 13.5473 0)
(-0.00930369 19.1956 0)
(0.243134 21.496 0)
(0.379069 21.4955 0)
(0.380749 20.6331 0)
(0.567121 20.3667 0)
(0.639376 20.1429 0)
(0.546091 19.6917 0)
(0.289618 19.3796 0)
(0.0837442 18.8478 0)
(0.0978567 18.498 0)
(0.181601 16.2979 0)
(-1.19672 -1.78064 0)
(-0.0725769 -4.89996 0)
(2.01765 -6.55792 0)
(2.46645 -6.93131 0)
(2.37548 -5.69315 0)
(0.491517 -4.60813 0)
(-1.8717 -1.45651 0)
(-0.915066 5.92439 0)
(-1.04179 13.152 0)
(-0.942757 18.5016 0)
(-0.511389 21.0516 0)
(-0.18069 21.2633 0)
(-0.119786 20.47 0)
(0.0718871 19.9571 0)
(0.19486 19.8105 0)
(0.313404 19.3925 0)
(0.342046 18.9205 0)
(0.362082 18.9512 0)
(0.129611 19.1721 0)
(-0.310966 16.2854 0)
(-0.755368 -1.61422 0)
(1.9448 -7.33136 0)
(2.84454 -7.79108 0)
(2.79003 -6.92116 0)
(2.23178 -5.11636 0)
(1.0838 -2.57309 0)
(-1.4123 -0.469605 0)
(-1.52418 5.73971 0)
(-1.58576 12.8672 0)
(-1.71081 18.0246 0)
(-0.993853 20.6644 0)
(-0.673412 20.7635 0)
(-0.337702 20.1825 0)
(-0.0461391 20.0081 0)
(0.0972678 19.9095 0)
(0.131017 19.7 0)
(-0.0309738 19.5774 0)
(-0.24389 19.1439 0)
(-0.188293 18.6916 0)
(0.0976342 15.9742 0)
(0.839511 -2.40864 0)
(2.63963 -7.35176 0)
(3.14554 -7.63705 0)
(2.83215 -6.18077 0)
(2.37785 -3.76466 0)
(1.17432 -0.97374 0)
(-0.949104 1.14444 0)
(-2.23101 5.94405 0)
(-1.98224 13.2128 0)
(-2.30128 17.4358 0)
(-1.28031 19.8212 0)
(-0.917216 20.2291 0)
(-0.590782 19.729 0)
(-0.332347 19.432 0)
(-0.181624 19.4857 0)
(-0.0540473 19.2736 0)
(0.0239784 18.9212 0)
(0.2046 18.9809 0)
(0.0965414 19.2886 0)
(-0.312642 16.3852 0)
(1.57281 -5.41544 0)
(2.27794 -9.11724 0)
(2.93355 -8.32119 0)
(2.68427 -6.05965 0)
(2.38614 -3.08623 0)
(1.31274 0.286139 0)
(-0.197021 2.75452 0)
(-2.3506 6.5123 0)
(-2.01303 13.5184 0)
(-2.37483 17.0031 0)
(-1.46236 19.313 0)
(-1.07459 19.7042 0)
(-0.704905 19.3374 0)
(-0.355046 19.3997 0)
(-0.156671 19.4721 0)
(-0.0433982 19.5008 0)
(-0.128723 19.5649 0)
(-0.389751 19.2515 0)
(-0.362674 18.7653 0)
(-0.0312276 15.5018 0)
(0.909234 -7.19186 0)
(2.13174 -9.5228 0)
(2.70473 -8.1881 0)
(2.6242 -5.64363 0)
(2.44407 -2.32698 0)
(1.51686 1.31224 0)
(0.622194 4.4281 0)
(-1.83044 7.44436 0)
(-1.77054 13.5367 0)
(-1.9856 16.5456 0)
(-1.27686 18.6559 0)
(-0.963811 19.2872 0)
(-0.702692 19.0988 0)
(-0.521051 18.9572 0)
(-0.394586 19.1818 0)
(-0.274422 19.1553 0)
(-0.210917 18.8709 0)
(0.0664227 18.9135 0)
(0.0712487 19.1913 0)
(-0.179273 16.2106 0)
(0.935977 -8.73843 0)
(1.81068 -10.6379 0)
(2.40171 -8.62049 0)
(2.39816 -5.52982 0)
(2.32001 -1.80056 0)
(1.63879 2.04303 0)
(1.24535 5.84293 0)
(-0.892115 8.70113 0)
(-1.29729 13.4989 0)
(-1.22297 16.5217 0)
(-0.912692 18.5671 0)
(-0.844889 18.9648 0)
(-0.601863 18.887 0)
(-0.445216 18.9872 0)
(-0.301231 19.107 0)
(-0.142711 19.2897 0)
(-0.115937 19.4928 0)
(-0.346113 19.2661 0)
(-0.356522 18.8334 0)
(-0.198361 15.1446 0)
(0.724327 -10.1622 0)
(1.58352 -11.1894 0)
(2.09953 -8.70214 0)
(2.21584 -5.37777 0)
(2.19124 -1.50918 0)
(1.76732 2.48313 0)
(1.59315 6.76501 0)
(0.185957 9.94269 0)
(-0.682898 13.7221 0)
(-0.595745 16.3081 0)
(-0.36481 18.2858 0)
(-0.395527 18.9497 0)
(-0.335477 18.89 0)
(-0.359721 18.7651 0)
(-0.342502 19.0474 0)
(-0.324277 19.129 0)
(-0.368275 18.8857 0)
(-0.113503 18.8756 0)
(-0.0531422 18.9925 0)
(0.022823 15.8003 0)
(0.647137 -11.2214 0)
(1.35991 -11.9223 0)
(1.85497 -9.06085 0)
(2.02405 -5.42228 0)
(2.03968 -1.34138 0)
(1.80603 2.77819 0)
(1.69099 7.3508 0)
(1.1209 11.0141 0)
(0.0983274 14.1917 0)
(-0.0152914 16.4545 0)
(0.00383367 18.4524 0)
(-0.0968761 18.9999 0)
(-0.202579 18.8744 0)
(-0.293225 18.88 0)
(-0.265493 18.8873 0)
(-0.14047 19.0777 0)
(-0.0290837 19.3625 0)
(-0.156666 19.2159 0)
(-0.157189 18.938 0)
(-0.350647 15.1186 0)
(0.54804 -12.2579 0)
(1.18353 -12.4325 0)
(1.62206 -9.24931 0)
(1.82469 -5.4656 0)
(1.8667 -1.29253 0)
(1.77626 2.94659 0)
(1.74394 7.51688 0)
(1.68883 11.572 0)
(0.784842 14.6916 0)
(0.445971 16.5462 0)
(0.352029 18.2891 0)
(0.29531 19.2057 0)
(0.10344 19.1509 0)
(-0.0876698 18.9185 0)
(-0.157768 19.1523 0)
(-0.223673 19.2602 0)
(-0.406377 18.9825 0)
(-0.311288 18.8708 0)
(-0.316002 18.7405 0)
(0.14928 15.1344 0)
(0.474506 -13.0259 0)
(1.00816 -12.932 0)
(1.38615 -9.5489 0)
(1.60222 -5.57943 0)
(1.66319 -1.29538 0)
(1.6932 2.99183 0)
(1.73344 7.61301 0)
(1.82488 11.8362 0)
(1.39158 15.229 0)
(0.947956 17.1311 0)
(0.498784 18.5584 0)
(0.398915 19.2863 0)
(0.209213 19.3297 0)
(-0.10544 19.147 0)
(-0.280513 18.8973 0)
(-0.229913 18.9705 0)
(-0.047938 19.2378 0)
(0.00273827 19.1495 0)
(0.13505 19.0311 0)
(-0.367971 15.3361 0)
(0.39877 -13.7663 0)
(0.834391 -13.3166 0)
(1.15471 -9.73345 0)
(1.34385 -5.68093 0)
(1.42693 -1.34586 0)
(1.53579 2.92081 0)
(1.62082 7.53921 0)
(1.69505 11.8484 0)
(1.59947 15.6809 0)
(1.12047 17.4864 0)
(0.61129 18.6613 0)
(0.476403 19.5649 0)
(0.290097 19.6977 0)
(-0.00800831 19.3418 0)
(-0.126947 19.409 0)
(-0.195739 19.4922 0)
(-0.433194 19.191 0)
(-0.510281 18.9244 0)
(-0.658625 18.5552 0)
(0.0480389 14.4002 0)
(0.330665 -14.321 0)
(0.657889 -13.6502 0)
(0.896134 -9.94071 0)
(1.05441 -5.7979 0)
(1.1315 -1.45514 0)
(1.29172 2.86075 0)
(1.39928 7.54523 0)
(1.44006 11.9 0)
(1.64618 16.0452 0)
(1.21682 18.1817 0)
(0.593031 19.2443 0)
(0.309901 19.7379 0)
(0.189483 19.9067 0)
(-0.131724 19.6679 0)
(-0.440843 19.1343 0)
(-0.499724 18.9562 0)
(-0.317247 19.0716 0)
(-0.123509 18.9888 0)
(0.250734 18.9615 0)
(-0.215223 15.3825 0)
(0.261034 -14.8038 0)
(0.481956 -13.8684 0)
(0.630058 -10.0549 0)
(0.714014 -5.88252 0)
(0.772865 -1.53229 0)
(0.936155 2.66954 0)
(1.00338 7.38581 0)
(1.02659 11.9275 0)
(1.2517 16.2142 0)
(0.880573 18.4353 0)
(0.464921 19.5324 0)
(0.135913 20.1075 0)
(-0.0965623 20.1886 0)
(-0.333238 19.8164 0)
(-0.405182 19.7082 0)
(-0.42464 19.667 0)
(-0.587333 19.3537 0)
(-0.638957 18.9854 0)
(-0.850786 18.4531 0)
(-0.286163 13.8831 0)
(0.192376 -15.0956 0)
(0.278286 -14.0072 0)
(0.333612 -10.1096 0)
(0.316835 -5.90408 0)
(0.313618 -1.5657 0)
(0.414702 2.74326 0)
(0.357255 7.46653 0)
(0.494608 11.9176 0)
(0.691689 16.2406 0)
(0.545731 18.9477 0)
(0.17304 20.1943 0)
(-0.282485 20.3489 0)
(-0.406865 20.3951 0)
(-0.542092 20.2306 0)
(-0.830445 19.5498 0)
(-0.964651 19.0561 0)
(-0.814972 18.8837 0)
(-0.633759 18.6556 0)
(-0.137199 18.4956 0)
(-0.0424249 14.6855 0)
(0.104102 -15.2759 0)
(0.0675708 -13.9788 0)
(0.00269205 -10.0672 0)
(-0.111254 -5.86708 0)
(-0.165115 -1.67533 0)
(-0.177326 2.60613 0)
(-0.294326 7.29589 0)
(-0.161816 11.8345 0)
(-0.127765 16.1415 0)
(-0.169696 19.0231 0)
(-0.347319 20.279 0)
(-0.733745 20.6643 0)
(-0.957598 20.5745 0)
(-1.0892 20.1387 0)
(-1.10996 19.8441 0)
(-1.06735 19.6126 0)
(-1.04566 19.3208 0)
(-0.82156 18.9427 0)
(-0.739115 18.3049 0)
(-0.601949 13.676 0)
(0.031645 -15.2887 0)
(-0.176559 -13.8676 0)
(-0.361451 -9.92351 0)
(-0.579405 -5.70502 0)
(-0.759678 -1.38255 0)
(-0.899587 2.85205 0)
(-1.04079 7.39928 0)
(-0.913078 11.8712 0)
(-0.979548 16.0991 0)
(-0.87299 19.3548 0)
(-1.06954 20.7204 0)
(-1.36455 20.828 0)
(-1.40499 20.6972 0)
(-1.39049 20.5068 0)
(-1.57515 19.8156 0)
(-1.60536 19.206 0)
(-1.41368 18.7324 0)
(-1.40848 18.1444 0)
(-1.13022 17.6576 0)
(-0.208304 12.9524 0)
(-0.0608403 -15.1647 0)
(-0.400233 -13.5854 0)
(-0.748664 -9.64984 0)
(-1.03081 -5.51734 0)
(-1.32368 -1.38376 0)
(-1.5575 2.84478 0)
(-1.74636 7.44271 0)
(-1.77138 11.9426 0)
(-2.03664 16.031 0)
(-1.80839 19.2694 0)
(-1.87626 20.6374 0)
(-1.95846 21.0836 0)
(-2.13165 20.827 0)
(-2.24606 20.221 0)
(-2.15733 19.7426 0)
(-2.06105 19.2603 0)
(-1.98736 18.8494 0)
(-1.41658 18.5368 0)
(-0.526545 17.6718 0)
(-0.630273 13.2302 0)
(-0.138107 -14.8729 0)
(-0.640495 -13.1859 0)
(-1.13603 -9.23592 0)
(-1.57963 -4.97462 0)
(-1.97052 -0.921178 0)
(-2.36624 3.29123 0)
(-2.61003 7.8629 0)
(-2.7651 12.1654 0)
(-3.04947 16.0653 0)
(-2.6148 19.5049 0)
(-2.86183 20.9134 0)
(-2.88935 21.053 0)
(-2.83604 20.6551 0)
(-2.64384 20.354 0)
(-2.65815 19.7595 0)
(-2.51279 19.2343 0)
(-2.13835 18.6657 0)
(-2.18409 17.6875 0)
(-2.32905 16.7215 0)
(-0.935697 10.536 0)
(-0.230991 -14.4086 0)
(-0.872995 -12.6291 0)
(-1.48411 -8.78078 0)
(-2.0603 -4.66797 0)
(-2.56824 -0.654496 0)
(-3.08764 3.46674 0)
(-3.3386 8.10684 0)
(-3.62413 12.4003 0)
(-4.03822 16.1613 0)
(-3.64379 19.3272 0)
(-3.85093 20.5206 0)
(-3.52376 21.0515 0)
(-3.54814 20.7694 0)
(-3.5652 20.1422 0)
(-3.36538 19.5542 0)
(-3.2557 18.742 0)
(-3.26099 17.9552 0)
(-2.70043 17.4876 0)
(-1.18076 15.9251 0)
(-0.62343 10.9263 0)
(-0.327291 -13.8123 0)
(-1.12614 -11.901 0)
(-1.88875 -8.00097 0)
(-2.55539 -3.91626 0)
(-3.23577 -0.0116302 0)
(-3.91773 4.05362 0)
(-4.22391 8.68428 0)
(-4.58468 12.7952 0)
(-4.94579 16.2957 0)
(-4.44857 19.4296 0)
(-4.81537 20.6971 0)
(-4.5213 20.9673 0)
(-4.45784 20.4016 0)
(-4.14352 19.856 0)
(-4.06352 19.1058 0)
(-3.79727 18.7135 0)
(-3.29084 18.5032 0)
(-3.05174 17.4491 0)
(-2.82088 15.6762 0)
(-1.74266 8.47014 0)
(-0.392514 -13.0817 0)
(-1.33989 -11.1159 0)
(-2.23192 -7.28364 0)
(-3.03606 -3.1896 0)
(-3.86304 0.582386 0)
(-4.6591 4.49322 0)
(-5.00956 9.04288 0)
(-5.35571 13.1051 0)
(-5.74614 16.5054 0)
(-5.51725 19.2492 0)
(-5.85169 20.1388 0)
(-5.14367 20.7175 0)
(-5.1021 20.35 0)
(-5.03699 19.6757 0)
(-4.65708 19.2487 0)
(-4.33311 18.5177 0)
(-4.23529 17.2609 0)
(-4.00459 16.1723 0)
(-3.83175 13.552 0)
(-2.77428 4.61043 0)
(-0.460842 -12.2025 0)
(-1.52411 -10.1707 0)
(-2.52754 -6.35693 0)
(-3.40182 -2.23305 0)
(-4.35725 1.46464 0)
(-5.31478 5.17504 0)
(-5.80779 9.65463 0)
(-6.2405 13.5776 0)
(-6.60636 16.6407 0)
(-6.28008 19.2076 0)
(-6.51413 20.3265 0)
(-5.96391 20.7441 0)
(-6.10544 20.015 0)
(-5.72541 19.3675 0)
(-5.47065 18.4218 0)
(-5.08428 17.5875 0)
(-4.8392 17.4665 0)
(-4.84386 16.8519 0)
(-2.57982 12.6572 0)
(0.0879747 2.07201 0)
(-0.518095 -11.1801 0)
(-1.68752 -9.12446 0)
(-2.79115 -5.4633 0)
(-3.72781 -1.31922 0)
(-4.80258 2.39273 0)
(-5.92908 5.88961 0)
(-6.51178 10.1198 0)
(-6.88663 13.8671 0)
(-7.15721 16.8404 0)
(-7.13616 19.1112 0)
(-7.4026 19.7794 0)
(-6.64176 20.2413 0)
(-6.77056 19.6757 0)
(-6.5675 18.8581 0)
(-5.988 18.4611 0)
(-5.56208 18.1895 0)
(-4.84642 17.1525 0)
(-2.87169 14.8396 0)
(-5.10459 13.6941 0)
(3.81191 1.17791 0)
(-0.55605 -10.0857 0)
(-1.8293 -7.93005 0)
(-2.99615 -4.3056 0)
(-3.97104 -0.188958 0)
(-5.03892 3.5054 0)
(-6.23557 6.76069 0)
(-6.9422 10.7458 0)
(-7.40689 14.351 0)
(-7.82482 16.9809 0)
(-7.74637 18.9479 0)
(-7.71319 19.9842 0)
(-7.24679 20.36 0)
(-7.62344 19.4135 0)
(-7.04598 18.9351 0)
(-6.70976 18.4173 0)
(-6.09906 17.2279 0)
(-5.10879 15.8009 0)
(-4.87635 14.3425 0)
(-1.77829 7.15284 0)
(2.782 1.19228 0)
(-0.572697 -8.97138 0)
(-1.89598 -6.85225 0)
(-3.12982 -3.33129 0)
(-4.08598 0.833127 0)
(-5.09718 4.57551 0)
(-6.36583 7.7027 0)
(-7.23468 11.3524 0)
(-7.72222 14.603 0)
(-7.94579 17.1147 0)
(-8.06134 19.0385 0)
(-8.31416 19.6514 0)
(-7.95219 19.7801 0)
(-8.17709 19.1512 0)
(-7.81644 18.5173 0)
(-7.15544 17.6586 0)
(-6.60488 16.5408 0)
(-6.20666 15.3887 0)
(-3.86215 11.6404 0)
(0.32704 3.57224 0)
(1.34394 2.58919 0)
(-0.597066 -7.69081 0)
(-1.97418 -5.54722 0)
(-3.28425 -2.22984 0)
(-4.22174 1.85146 0)
(-5.11532 5.70487 0)
(-6.32182 8.77122 0)
(-7.18602 12.081 0)
(-7.64216 15.1585 0)
(-8.1553 17.4446 0)
(-8.47775 18.9647 0)
(-8.50872 19.9129 0)
(-8.46689 20.1408 0)
(-8.8618 19.018 0)
(-8.03986 18.1924 0)
(-7.93901 17.4586 0)
(-7.9593 16.3741 0)
(-6.0991 13.5825 0)
(-1.31205 6.2864 0)
(-1.24545 3.17548 0)
(0.904955 2.80138 0)
(-0.629127 -6.38905 0)
(-2.07323 -4.26758 0)
(-3.42889 -1.1252 0)
(-4.38981 2.84823 0)
(-5.11833 6.71262 0)
(-6.18472 9.7422 0)
(-7.06662 12.8627 0)
(-7.7526 15.5915 0)
(-8.15503 17.6817 0)
(-8.49167 19.3864 0)
(-8.99104 19.9843 0)
(-9.09258 19.5387 0)
(-9.10698 18.5518 0)
(-8.93094 18.0968 0)
(-9.12513 17.2791 0)
(-7.89172 14.7255 0)
(-4.91536 9.41972 0)
(-2.80045 5.30882 0)
(-1.91398 1.84569 0)
(-0.345601 2.39388 0)
(-0.615752 -5.0626 0)
(-2.1138 -2.90987 0)
(-3.53835 -0.0614747 0)
(-4.55484 3.6734 0)
(-5.23876 7.56446 0)
(-6.20914 10.7054 0)
(-7.11129 13.6582 0)
(-7.64087 16.3093 0)
(-8.24386 18.3985 0)
(-8.95487 19.594 0)
(-9.13118 20.1117 0)
(-9.2419 19.914 0)
(-9.7452 19.0332 0)
(-9.69323 18.3273 0)
(-9.32028 16.3013 0)
(-7.43146 11.7504 0)
(-5.33726 7.1097 0)
(-4.97199 4.1555 0)
(-2.54365 -0.161489 0)
(-1.3092 0.927064 0)
(-0.653412 -3.60997 0)
(-2.14514 -1.51245 0)
(-3.67185 1.13777 0)
(-4.80721 4.60943 0)
(-5.48984 8.44569 0)
(-6.34575 11.5508 0)
(-7.08422 14.4871 0)
(-7.87343 16.9598 0)
(-8.46475 18.7077 0)
(-8.73717 20.0138 0)
(-9.15857 20.3591 0)
(-9.58972 19.6709 0)
(-10.0541 18.9008 0)
(-10.0741 18.0249 0)
(-9.37109 14.7782 0)
(-7.30108 9.97832 0)
(-7.40322 6.68322 0)
(-4.95442 1.78751 0)
(-3.76512 -1.71538 0)
(-1.1358 -1.78966 0)
(-0.634226 -2.17861 0)
(-2.14398 -0.0219464 0)
(-3.71921 2.37415 0)
(-4.94469 5.52514 0)
(-5.68124 9.15339 0)
(-6.41869 12.3143 0)
(-7.2998 15.1777 0)
(-7.83888 17.5756 0)
(-8.20938 19.4535 0)
(-8.79081 20.2888 0)
(-8.9172 20.3588 0)
(-9.31034 20.1867 0)
(-10.0944 19.8204 0)
(-10.0881 17.9695 0)
(-8.76362 13.6505 0)
(-8.27261 9.45638 0)
(-7.60907 5.46695 0)
(-5.12846 -0.584676 0)
(-3.74792 -3.7154 0)
(-1.37921 -4.66385 0)
(-0.607295 -0.758071 0)
(-2.07668 1.45807 0)
(-3.63394 3.70232 0)
(-4.94546 6.4895 0)
(-5.73097 9.98551 0)
(-6.48364 13.0292 0)
(-7.02885 15.8665 0)
(-7.59513 18.1919 0)
(-8.08128 19.6239 0)
(-8.00512 20.4773 0)
(-8.23678 20.8038 0)
(-8.99321 20.5611 0)
(-9.79154 19.6089 0)
(-9.33237 17.2396 0)
(-8.62833 12.937 0)
(-7.87673 8.8478 0)
(-6.99303 3.77213 0)
(-4.72497 -2.25904 0)
(-3.43671 -5.85099 0)
(-1.29396 -7.38719 0)
(-0.538664 0.575175 0)
(-1.90638 2.89995 0)
(-3.36985 4.97769 0)
(-4.68666 7.52183 0)
(-5.56714 10.7107 0)
(-6.05119 13.6569 0)
(-6.71571 16.3128 0)
(-7.07096 18.4187 0)
(-7.04741 20.0647 0)
(-7.32539 20.8182 0)
(-7.46198 20.9714 0)
(-8.06422 20.92 0)
(-8.51322 20.3418 0)
(-8.33213 17.4513 0)
(-7.17918 12.5834 0)
(-7.16507 8.17203 0)
(-5.41871 2.34454 0)
(-4.03972 -3.86591 0)
(-2.81501 -7.45429 0)
(-0.914451 -9.59085 0)
(-0.488054 1.74837 0)
(-1.64519 4.24598 0)
(-2.9952 6.37186 0)
(-4.26327 8.50393 0)
(-5.01199 11.443 0)
(-5.61222 14.167 0)
(-5.85115 16.6911 0)
(-5.99499 18.7954 0)
(-6.26877 20.0751 0)
(-5.98134 20.8377 0)
(-6.03199 21.3802 0)
(-6.52224 21.4859 0)
(-7.10664 20.0483 0)
(-6.38797 16.6907 0)
(-6.04832 12.1908 0)
(-5.16638 7.45421 0)
(-3.91394 0.883357 0)
(-2.79353 -4.67061 0)
(-2.00182 -8.88992 0)
(-0.47853 -11.0136 0)
(-0.347939 2.80832 0)
(-1.32192 5.38596 0)
(-2.43044 7.45445 0)
(-3.52883 9.44649 0)
(-4.38338 12.0344 0)
(-4.59188 14.6099 0)
(-4.91467 16.8866 0)
(-4.94929 18.6393 0)
(-4.5826 20.0989 0)
(-4.56773 21.0368 0)
(-4.44284 21.5011 0)
(-4.72947 21.3966 0)
(-4.5438 20.4631 0)
(-4.36969 17.2553 0)
(-3.31583 12.1769 0)
(-3.09659 6.55289 0)
(-1.86744 0.324818 0)
(-1.24882 -5.40828 0)
(-0.705156 -9.58609 0)
(-0.0971402 -11.9742 0)
(-0.248798 3.48907 0)
(-0.937646 6.30967 0)
(-1.81278 8.63284 0)
(-2.82418 10.2981 0)
(-3.34508 12.5646 0)
(-3.75679 14.8312 0)
(-3.64571 16.8988 0)
(-3.40682 18.7191 0)
(-3.32641 19.8754 0)
(-2.76451 20.6828 0)
(-2.39384 21.3366 0)
(-2.12541 21.5262 0)
(-2.25612 19.8726 0)
(-1.34604 16.2476 0)
(-1.16937 11.4781 0)
(-0.264594 6.17038 0)
(0.362758 -0.45444 0)
(0.61576 -5.73315 0)
(0.412785 -10.0051 0)
(0.210479 -11.9065 0)
(-0.190295 4.15882 0)
(-0.596953 6.9378 0)
(-1.12469 9.29465 0)
(-1.84434 11.0202 0)
(-2.51453 12.9084 0)
(-2.45203 14.9993 0)
(-2.46952 16.8301 0)
(-2.1777 18.2124 0)
(-1.46039 19.4252 0)
(-1.05024 20.3576 0)
(-0.379058 20.915 0)
(0.0208497 20.7455 0)
(1.01311 19.8263 0)
(1.25152 16.6367 0)
(2.08269 11.4265 0)
(2.036 5.37068 0)
(2.39476 -0.407947 0)
(2.12387 -5.15447 0)
(1.42312 -9.0685 0)
(0.326242 -11.182 0)
(0.0169479 4.3364 0)
(-0.271235 7.31639 0)
(-0.483966 10.0077 0)
(-1.09658 11.5912 0)
(-1.32173 13.2288 0)
(-1.59095 14.9145 0)
(-1.16826 16.5158 0)
(-0.681763 17.9124 0)
(-0.241114 18.867 0)
(0.675352 19.4626 0)
(1.58087 20.0594 0)
(2.70644 20.2189 0)
(3.04645 18.6399 0)
(4.16183 15.4076 0)
(4.18377 11.0035 0)
(4.91141 5.9798 0)
(4.41023 -0.156078 0)
(3.40128 -5.09737 0)
(1.9391 -8.35893 0)
(0.324906 -10.2772 0)
(-0.0587088 4.50916 0)
(-0.0130984 7.34052 0)
(0.0903399 10.0808 0)
(-0.119815 11.9846 0)
(-0.579676 13.381 0)
(-0.316798 14.8425 0)
(-0.207544 16.2153 0)
(0.349771 17.1335 0)
(1.24259 17.9826 0)
(2.02752 18.6523 0)
(3.04739 18.9249 0)
(3.9648 18.6229 0)
(5.61372 18.0445 0)
(5.96586 15.4219 0)
(6.76997 10.9091 0)
(6.18474 5.84732 0)
(6.26431 1.40124 0)
(5.09697 -2.7421 0)
(2.96378 -6.51993 0)
(0.546227 -9.39745 0)
(0.222568 4.4896 0)
(0.144984 7.33674 0)
(0.517815 10.2091 0)
(0.456176 12.164 0)
(0.522334 13.5342 0)
(0.296644 14.5988 0)
(0.847395 15.6683 0)
(1.4021 16.6106 0)
(2.02735 17.2533 0)
(3.05322 17.4401 0)
(4.13461 17.7202 0)
(5.479 17.5377 0)
(6.00429 16.0081 0)
(7.57668 14.0017 0)
(7.59171 10.7992 0)
(7.94955 6.46208 0)
(6.16559 1.29206 0)
(5.27956 -1.76498 0)
(3.652 -4.32093 0)
(1.29381 -6.79408 0)
(0.136028 4.11368 0)
(0.351471 6.92608 0)
(0.83414 9.73291 0)
(1.17511 12.1105 0)
(1.0295 13.4983 0)
(1.36291 14.4927 0)
(1.39927 15.3248 0)
(2.05847 15.8094 0)
(2.88961 16.217 0)
(3.72373 16.6039 0)
(4.56342 16.4251 0)
(5.55962 16.1421 0)
(7.29165 15.7366 0)
(7.40832 13.6038 0)
(8.36627 10.5342 0)
(7.7452 7.2575 0)
(7.46815 3.65188 0)
(4.53331 -0.793511 0)
(2.67627 -2.76704 0)
(1.27955 -4.9383 0)
(0.245833 4.17981 0)
(0.368187 6.76711 0)
(1.01487 9.34476 0)
(1.45678 11.8133 0)
(1.85106 13.4158 0)
(1.71535 14.2453 0)
(2.2148 14.8107 0)
(2.57273 15.3649 0)
(3.21133 15.6002 0)
(4.04896 15.5083 0)
(5.09674 15.5606 0)
(5.93648 15.0925 0)
(6.27682 13.7811 0)
(7.98951 12.8355 0)
(7.50687 10.5557 0)
(7.87475 7.56834 0)
(6.31404 4.66849 0)
(5.98564 2.579 0)
(2.22308 -1.43494 0)
(0.419497 -2.68883 0)
(0.522995 3.39886 0)
(0.593927 6.26329 0)
(1.08615 8.62616 0)
(1.80267 11.3665 0)
(2.07114 13.0936 0)
(2.50274 14.1415 0)
(2.48097 14.6219 0)
(2.97445 14.711 0)
(3.54034 14.706 0)
(4.28218 14.9407 0)
(4.74834 14.4901 0)
(5.79179 14.4987 0)
(6.81151 14.1311 0)
(6.48252 12.3533 0)
(7.68623 10.6599 0)
(6.63182 8.45664 0)
(6.30771 5.68324 0)
(4.11104 3.22544 0)
(3.66096 2.16822 0)
(0.589759 -2.74307 0)
(0.280209 3.20248 0)
(0.693488 5.94177 0)
(1.23654 8.07874 0)
(1.84198 10.7567 0)
(2.45274 12.7135 0)
(2.6158 13.7964 0)
(3.07936 14.1979 0)
(3.20215 14.5185 0)
(3.63495 14.334 0)
(4.15393 14.0429 0)
(5.1705 14.0074 0)
(5.25565 13.3574 0)
(5.7877 12.6406 0)
(6.91221 12.3293 0)
(5.89864 10.6654 0)
(6.81864 8.98633 0)
(4.99004 7.15154 0)
(4.88553 5.2631 0)
(1.93672 2.47539 0)
(1.81097 2.144 0)
(1.06162 2.50699 0)
(0.917838 5.70118 0)
(1.20921 7.49698 0)
(1.90482 10.0944 0)
(2.45731 12.1312 0)
(3.04008 13.584 0)
(3.12734 14.1148 0)
(3.49374 13.9966 0)
(3.75085 13.7874 0)
(4.2255 13.7129 0)
(4.34412 13.2246 0)
(5.58476 13.5317 0)
(5.5226 13.1886 0)
(5.48715 11.8201 0)
(6.2331 11.0264 0)
(4.86273 9.5969 0)
(5.31884 7.76849 0)
(2.82716 6.21016 0)
(2.83899 4.8517 0)
(-0.497626 0.236496 0)
(0.879876 0.845465 0)
(1.44253 5.35146 0)
(1.41234 7.22263 0)
(1.80034 9.43284 0)
(2.48433 11.5435 0)
(2.98766 13.0149 0)
(3.46404 13.6802 0)
(3.59571 14.0599 0)
(3.79911 13.6138 0)
(4.01942 13.1189 0)
(4.84359 12.9195 0)
(4.34334 12.2111 0)
(5.44185 12.266 0)
(5.44541 12.3169 0)
(4.86919 11.0271 0)
(5.42937 10.11 0)
(3.54448 9.18168 0)
(4.1575 7.62007 0)
(0.793237 5.07768 0)
(2.1974 5.45052 0)
(-0.242005 0.0131431 0)
(1.265 5.04242 0)
(1.41832 6.7867 0)
(1.81422 8.83353 0)
(2.43656 10.8958 0)
(3.09431 12.6966 0)
(3.37955 13.4978 0)
(3.7359 13.5178 0)
(3.95355 13.4549 0)
(4.04789 13.0146 0)
(3.98775 12.5355 0)
(5.23186 12.9254 0)
(4.34202 12.6369 0)
(5.00806 11.7926 0)
(4.75705 11.6633 0)
(4.05161 10.6407 0)
(4.23002 9.26475 0)
(1.98689 8.82559 0)
(3.10831 7.7159 0)
(-1.44142 2.35392 0)
(-1.28174 -0.17666 0)
(1.25511 4.95094 0)
(1.08217 6.69203 0)
(1.71941 8.28108 0)
(2.36681 10.2311 0)
(3.00361 11.9213 0)
(3.52414 13.0583 0)
(3.78815 13.6576 0)
(3.86804 13.2337 0)
(4.12249 12.7874 0)
(4.40351 12.2504 0)
(3.82753 11.4953 0)
(5.18526 12.2654 0)
(4.43753 12.5247 0)
(4.4677 11.4802 0)
(4.17754 11.2296 0)
(3.1569 10.8956 0)
(3.43135 9.27325 0)
(0.169451 7.48233 0)
(3.19873 8.1313 0)
(-1.81234 0.00528998 0)
(1.42801 3.09484 0)
(1.58638 6.32918 0)
(1.80721 8.10531 0)
(2.34527 9.73629 0)
(2.96398 11.5747 0)
(3.44343 12.6289 0)
(3.82353 13.0509 0)
(4.19832 13.3288 0)
(3.89592 12.7403 0)
(4.09402 12.3742 0)
(4.73076 12.4998 0)
(3.80877 12.1678 0)
(4.72348 12.0721 0)
(4.07982 12.4223 0)
(3.81473 11.5215 0)
(3.37411 10.7469 0)
(2.01535 10.9606 0)
(2.64699 9.43178 0)
(-2.15637 4.35928 0)
(-1.11088 0.334793 0)
(0.268273 0.619862 0)
(1.89255 5.49869 0)
(2.18845 7.46744 0)
(2.42402 9.15927 0)
(2.95558 10.7394 0)
(3.54661 12.2872 0)
(3.91479 13.0454 0)
(3.97819 12.9619 0)
(4.55957 12.7711 0)
(3.99648 11.9789 0)
(3.97549 11.1449 0)
(4.87025 12.382 0)
(4.19667 12.6467 0)
(4.25787 12.0183 0)
(3.855 12.3303 0)
(3.14673 12.1623 0)
(2.97865 10.9275 0)
(0.44263 9.69068 0)
(3.71368 10.1298 0)
(0.23208 0.912473 0)
(-0.882602 -0.359925 0)
(1.92149 5.29102 0)
(2.1593 7.37592 0)
(2.58619 8.76808 0)
(3.04387 10.413 0)
(3.54275 11.5521 0)
(4.04268 12.5246 0)
(4.49434 13.0747 0)
(4.01805 12.7099 0)
(4.77829 12.6324 0)
(4.28094 12.1943 0)
(3.91456 11.6644 0)
(4.6242 12.4323 0)
(4.18069 13.1138 0)
(3.80627 12.3564 0)
(3.3181 12.1819 0)
(2.3929 12.6936 0)
(2.43252 11.3383 0)
(-2.20671 6.65693 0)
(1.18703 0.974633 0)
(-0.9762 -0.763353 0)
(1.33931 3.11446 0)
(2.51421 6.63954 0)
(2.80519 8.45043 0)
(3.18065 9.69262 0)
(3.77629 11.3958 0)
(4.10897 12.148 0)
(4.45056 12.6669 0)
(5.1161 12.7085 0)
(4.09445 12.0173 0)
(4.81217 11.3894 0)
(4.79634 12.37 0)
(4.40666 12.5174 0)
(4.48356 12.509 0)
(4.23579 13.3893 0)
(3.49328 13.3446 0)
(3.10233 12.5154 0)
(0.857428 11.6674 0)
(4.4733 12.1723 0)
(0.680196 0.724345 0)
(-0.695708 -0.334104 0)
(-0.106402 1.02957 0)
(2.35367 5.69834 0)
(3.09513 7.95776 0)
(3.47472 9.44612 0)
(3.84962 10.4484 0)
(4.57658 11.9004 0)
(4.73218 12.5369 0)
(4.78617 12.683 0)
(5.63051 12.9964 0)
(4.4255 12.0601 0)
(4.59311 11.4081 0)
(5.03906 12.6554 0)
(4.70857 13.5804 0)
(4.41559 13.073 0)
(3.87559 13.6287 0)
(3.38099 14.649 0)
(2.21802 13.381 0)
(-2.21647 9.56069 0)
(-0.00757282 0.846173 0)
(0.129552 0.0809559 0)
(-1.07846 -0.442296 0)
(2.20619 4.42809 0)
(3.0899 7.2861 0)
(3.74909 8.86091 0)
(4.27904 10.4732 0)
(4.47188 11.0731 0)
(5.34862 12.2071 0)
(5.41479 12.3197 0)
(5.0446 12.1262 0)
(6.01711 12.1242 0)
(5.25379 12.3682 0)
(5.05383 12.1365 0)
(5.29565 12.8903 0)
(5.24466 14.3464 0)
(4.505 14.3513 0)
(3.84457 14.265 0)
(2.04943 14.2602 0)
(5.01316 14.6463 0)
(-0.290548 0.723734 0)
(0.497303 0.569099 0)
(-0.173607 -0.591456 0)
(0.440906 1.46276 0)
(3.11154 6.09364 0)
(3.99848 8.37529 0)
(4.48063 9.61177 0)
(5.23577 11.1554 0)
(5.03135 11.7939 0)
(6.08142 12.4722 0)
(6.12141 12.916 0)
(5.31108 11.9811 0)
(5.95158 11.6168 0)
(6.00784 12.8457 0)
(5.75904 13.4762 0)
(5.64906 13.5621 0)
(5.45675 15.066 0)
(5.24213 16.6248 0)
(2.62229 16.1295 0)
(-1.30742 13.6661 0)
(-0.216322 0.682725 0)
(0.100956 -0.0844183 0)
(1.12366 -0.225852 0)
(-0.0452409 0.238679 0)
(2.51398 4.30885 0)
(4.12194 7.42356 0)
(4.83941 9.4584 0)
(5.17984 10.1085 0)
(6.15395 11.5265 0)
(5.59564 11.687 0)
(6.59287 12.1769 0)
(7.03502 12.6601 0)
(6.12342 12.2822 0)
(6.3025 11.7062 0)
(6.70966 13.1562 0)
(7.03218 14.7701 0)
(6.21485 14.8162 0)
(6.37795 16.0594 0)
(4.68513 17.7161 0)
(5.78399 19.4097 0)
(0.187189 0.720764 0)
(0.747915 -0.743074 0)
(1.65978 -0.494245 0)
(1.68242 0.27772 0)
(1.72789 1.99121 0)
(3.71526 5.82812 0)
(5.11648 8.56854 0)
(5.71863 10.4075 0)
(5.71872 11.004 0)
(7.10387 11.8689 0)
(6.19086 12.1603 0)
(6.78249 11.8015 0)
(7.57502 12.0881 0)
(7.36977 12.8164 0)
(7.17789 12.6745 0)
(7.72999 13.6415 0)
(8.19938 16.0392 0)
(8.64669 17.7739 0)
(5.92023 18.4916 0)
(1.59662 20.559 0)
(0.15836 -0.23346 0)
(1.71228 -1.12185 0)
(1.71118 -1.56284 0)
(3.16375 0.66099 0)
(2.35479 1.34011 0)
(3.35439 4.10542 0)
(4.65467 7.35083 0)
(5.94337 9.11396 0)
(6.42343 10.8358 0)
(6.11965 11.1026 0)
(7.90321 11.8324 0)
(7.4094 12.3639 0)
(7.24136 11.6529 0)
(8.11474 11.5648 0)
(8.64828 13.2162 0)
(9.2072 13.9791 0)
(8.6609 14.0795 0)
(11.2255 17.417 0)
(13.2304 19.8099 0)
(8.90865 25.9756 0)
(0.421956 -1.33408 0)
(1.49578 -2.23346 0)
(1.91909 -2.48036 0)
(3.15295 -0.203114 0)
(3.49929 1.75706 0)
(3.06509 3.06733 0)
(4.48762 6.22819 0)
(5.42597 8.91846 0)
(6.47868 10.0385 0)
(7.07633 10.9209 0)
(6.27807 10.9575 0)
(8.3114 11.2959 0)
(8.75496 12.1647 0)
(8.69022 11.7818 0)
(8.78311 11.4255 0)
(10.8494 13.617 0)
(11.2937 14.6237 0)
(10.3945 16.4432 0)
(18.213 15.1274 0)
(16.2296 25.5399 0)
(0.513167 -2.25987 0)
(1.56692 -2.86365 0)
(2.05033 -2.92132 0)
(2.35204 -1.11408 0)
(3.8163 1.73107 0)
(3.27793 2.81896 0)
(3.5962 4.65554 0)
(5.20179 7.36382 0)
(5.82754 9.8549 0)
(6.91758 10.537 0)
(7.85741 10.9081 0)
(7.06065 10.812 0)
(8.53647 10.5648 0)
(10.2839 11.701 0)
(10.151 11.5621 0)
(10.4006 12.4189 0)
(14.9875 11.2028 0)
(12.176 18.2329 0)
(17.6882 9.53464 0)
(19.4236 19.9645 0)
(0.586798 -3.37316 0)
(1.66017 -3.68319 0)
(1.9838 -3.40628 0)
(2.27401 -1.74809 0)
(2.83709 1.23216 0)
(3.20822 3.24812 0)
(3.22939 4.65426 0)
(4.01347 6.50392 0)
(5.43187 8.05018 0)
(5.69916 9.55796 0)
(7.04385 9.95012 0)
(8.93523 10.4786 0)
(8.25142 10.1253 0)
(9.33256 10.466 0)
(12.5484 9.05066 0)
(10.0287 13.9361 0)
(16.0045 5.91507 0)
(14.4317 16.6032 0)
(18.3762 10.8788 0)
(18.766 13.2859 0)
(0.664986 -4.6841 0)
(1.4608 -4.3874 0)
(1.80768 -3.56669 0)
(1.34932 -2.00562 0)
(2.23988 0.620386 0)
(2.07291 2.0822 0)
(2.26308 3.83498 0)
(3.18189 6.37023 0)
(3.96444 7.90015 0)
(5.73801 9.08178 0)
(5.79541 8.09613 0)
(7.45743 10.2568 0)
(10.8169 7.77651 0)
(8.92545 12.163 0)
(13.8842 4.99442 0)
(11.5246 13.849 0)
(14.998 5.8818 0)
(14.892 11.9195 0)
(18.0249 11.5939 0)
(19.0438 9.30979 0)
(0.316486 -5.89324 0)
(0.85569 -4.86261 0)
(0.759215 -3.24637 0)
(-0.267505 -1.94046 0)
(1.01397 1.26232 0)
(0.636229 2.90667 0)
(0.663219 3.28516 0)
(1.13253 4.518 0)
(2.58143 5.20658 0)
(2.82206 9.12012 0)
(7.03528 4.45409 0)
(6.51426 11.3827 0)
(9.83527 3.29943 0)
(10.1027 11.9567 0)
(12.5129 3.04302 0)
(13.178 11.1618 0)
(14.7917 7.80775 0)
(16.4374 8.00296 0)
(17.7208 10.1495 0)
(20.1326 8.63455 0)
(-0.24177 -5.80462 0)
(-0.362731 -4.62277 0)
(-0.821356 -3.28135 0)
(-2.06738 -2.57132 0)
(-1.53257 -0.327539 0)
(-0.975374 2.03389 0)
(-1.16367 4.18243 0)
(-1.29754 5.95228 0)
(1.45137 3.26635 0)
(2.07446 9.69907 0)
(1.57834 -0.861645 0)
(7.94175 10.9921 0)
(2.55566 -1.79965 0)
(10.0094 11.2034 0)
(9.01482 3.32261 0)
(12.3772 7.4868 0)
(13.5383 7.3772 0)
(16.5736 5.6169 0)
(17.6758 7.12188 0)
(20.0645 7.03613 0)
(-1.17562 -4.48624 0)
(-2.54676 -3.00208 0)
(-3.46906 -0.957608 0)
(-4.59331 -0.398737 0)
(-4.61325 0.705595 0)
(-4.42399 2.45501 0)
(-4.52836 3.93727 0)
(-2.83318 1.85303 0)
(1.02949 1.88143 0)
(1.703 8.4676 0)
(-1.61254 -6.38763 0)
(8.42752 12.4977 0)
(3.26309 -0.700998 0)
(7.72457 8.57651 0)
(7.36971 3.56847 0)
(10.8595 3.83417 0)
(12.1851 5.699 0)
(15.2163 4.54921 0)
(16.798 5.03466 0)
(18.9065 5.06337 0)
(-1.56212 -3.70789 0)
(-3.1444 -3.20317 0)
(-3.7958 -1.95685 0)
(-4.04526 -1.35525 0)
(-4.62251 -0.228232 0)
(-2.72745 1.33402 0)
(-5.41544 3.46384 0)
(3.92257 -2.10554 0)
(-4.22515 -0.859582 0)
(4.74389 10.1411 0)
(-0.606317 -6.67038 0)
(6.74071 9.22881 0)
(5.48801 1.35695 0)
(6.30388 4.27436 0)
(8.5557 1.90538 0)
(11.0072 0.791873 0)
(12.5354 2.29282 0)
(14.7886 2.37358 0)
(16.8819 2.68154 0)
(18.7885 2.83077 0)
(-1.14147 0.857189 0)
(-2.33468 0.341659 0)
(-4.36222 -0.267119 0)
(-4.85567 0.686197 0)
(-4.99024 0.282565 0)
(-3.5471 0.737773 0)
(-4.83468 0.941021 0)
(1.87937 0.16854 0)
(-9.77261 2.11236 0)
(6.51215 7.40625 0)
(0.896486 -0.486772 0)
(-0.24323 2.89751 0)
(7.98301 1.60165 0)
(8.00512 1.67621 0)
(10.5732 0.564054 0)
(12.1218 -0.170958 0)
(12.5366 0.1609 0)
(13.6831 0.581177 0)
(15.5455 0.732636 0)
(17.1915 0.975843 0)
(14.0267 16.5117 0)
(-11.5447 -7.29809 0)
(5.84434 -7.35482 0)
(1.90396 -1.0208 0)
(6.89447 5.67574 0)
(-0.529572 6.08858 0)
(-0.377391 5.4097 0)
(-1.19527 2.17854 0)
(-1.5483 -1.59046 0)
(-3.55463 -1.64954 0)
(-2.44727 -0.938642 0)
(-5.37354 0.441952 0)
(-5.38879 0.239617 0)
(-7.95818 0.599012 0)
(-9.62493 0.724772 0)
(-10.6263 0.484211 0)
(-12.3109 0.454173 0)
(-12.2073 0.0117198 0)
(-12.8987 0.0276678 0)
(-12.4968 -0.28623 0)
(-12.0407 -0.304626 0)
(-11.6877 -0.312001 0)
(-10.7913 -0.311787 0)
(-10.4956 -0.207607 0)
(-9.82512 -0.107221 0)
(-9.78706 0.0463033 0)
(-9.72014 0.209297 0)
(-10.0719 0.314499 0)
(-10.4463 0.36662 0)
(-11.1241 0.398932 0)
(-11.8007 0.448132 0)
(-12.6579 0.461677 0)
(-13.4299 0.441469 0)
(-14.2271 0.372973 0)
(-14.7337 0.243522 0)
(-15.1123 0.107311 0)
(-15.037 -0.0659707 0)
(-14.675 -0.384628 0)
(-13.9221 -0.452626 0)
(-12.5975 -0.684023 0)
(-11.7073 -0.785009 0)
(-9.19959 -0.881456 0)
(-8.12179 -0.851481 0)
(-5.52993 -0.853252 0)
(-4.18168 -0.641783 0)
(-2.13852 -0.615968 0)
(-0.88236 -0.555121 0)
(0.591976 -0.67654 0)
(1.71258 -0.291287 0)
(1.98581 -0.135165 0)
(3.04773 -0.309151 0)
(3.23242 -0.133902 0)
(3.6305 -0.09019 0)
(4.01933 -0.119557 0)
(4.38502 -0.119634 0)
(4.73253 -0.076619 0)
(5.14425 -0.0753693 0)
(5.6027 -0.0850718 0)
(5.98174 -0.0740419 0)
(6.38194 -0.0673557 0)
(6.64631 -0.0478524 0)
(6.86364 -0.0261834 0)
(6.96223 0.00861666 0)
(7.01489 0.0137358 0)
(7.04248 0.0283205 0)
(6.99794 0.0868427 0)
(6.96256 0.137165 0)
(6.83004 0.185757 0)
(6.70591 0.203681 0)
(6.53509 0.213325 0)
(6.33952 0.198221 0)
(6.15642 0.156485 0)
(5.92429 0.142714 0)
(5.72895 0.10609 0)
(5.5559 0.0979435 0)
(5.3426 0.0886665 0)
(5.24163 0.0803681 0)
(5.03661 0.083834 0)
(4.96713 0.0891392 0)
(4.77303 0.0841143 0)
(18.3323 18.2561 0)
(17.9364 12.0079 0)
(-12.4354 -4.44905 0)
(-8.56733 -0.0481444 0)
(-8.02465 -4.69197 0)
(-2.62658 -0.208384 0)
(-0.169401 -4.87206 0)
(6.53269 -1.4743 0)
(3.57597 4.114 0)
(-1.08567 2.68536 0)
(2.04872 2.06201 0)
(-5.37064 3.72162 0)
(-3.82799 1.82597 0)
(-7.1718 3.14596 0)
(-8.11214 2.67003 0)
(-8.27596 1.37563 0)
(-9.99389 1.49594 0)
(-8.38919 0.34596 0)
(-9.55832 0.140137 0)
(-7.83441 -0.544343 0)
(-7.85382 -0.707379 0)
(-6.63336 -0.871689 0)
(-5.92278 -0.880136 0)
(-5.11762 -0.759088 0)
(-4.33812 -0.52621 0)
(-3.90175 -0.154294 0)
(-3.67539 0.210857 0)
(-3.78008 0.47983 0)
(-3.99446 0.669543 0)
(-4.26397 0.823684 0)
(-4.78215 0.98721 0)
(-5.3085 1.11191 0)
(-5.82216 1.07069 0)
(-6.39343 0.914258 0)
(-6.87666 0.594902 0)
(-6.71783 0.109691 0)
(-7.14621 -0.393409 0)
(-6.05104 -1.05028 0)
(-5.80674 -1.60874 0)
(-4.21798 -2.13335 0)
(-3.1937 -2.47921 0)
(-1.31345 -2.78887 0)
(0.424445 -2.82996 0)
(2.4147 -2.81449 0)
(4.32815 -2.54709 0)
(6.23035 -2.31641 0)
(7.8759 -1.86044 0)
(9.45444 -1.56058 0)
(10.6575 -1.20414 0)
(11.4547 -0.903625 0)
(12.1961 -0.733556 0)
(12.7901 -0.636599 0)
(13.1851 -0.61054 0)
(13.5727 -0.65021 0)
(13.9211 -0.704175 0)
(14.3387 -0.753182 0)
(14.7269 -0.749141 0)
(15.0812 -0.695564 0)
(15.3753 -0.584162 0)
(15.6138 -0.462568 0)
(15.7877 -0.326086 0)
(15.8509 -0.222573 0)
(15.9121 -0.145485 0)
(15.868 -0.0746142 0)
(15.8481 -0.0209328 0)
(15.7572 0.020359 0)
(15.7055 0.0522219 0)
(15.5961 0.0891892 0)
(15.5251 0.127214 0)
(15.4311 0.166503 0)
(15.3636 0.205685 0)
(15.2638 0.233719 0)
(15.2009 0.254417 0)
(15.0671 0.258554 0)
(14.9987 0.247757 0)
(14.8151 0.22822 0)
(14.7326 0.209609 0)
(14.5057 0.182834 0)
(14.4411 0.174091 0)
(14.1789 0.145199 0)
(21.9078 18.5603 0)
(23.3239 14.9163 0)
(24.8928 13.0298 0)
(14.6836 6.59912 0)
(14.9763 0.358542 0)
(0.489555 -2.6283 0)
(0.904583 -2.71427 0)
(-11.6123 0.102427 0)
(-2.52056 4.11117 0)
(-3.16289 -1.36204 0)
(-3.68511 3.86535 0)
(-2.04253 4.27611 0)
(0.73077 2.44144 0)
(-2.16081 3.52433 0)
(-0.111736 2.88804 0)
(0.197943 1.80473 0)
(0.22346 0.905298 0)
(1.77209 -0.222376 0)
(1.98176 -0.982032 0)
(3.18774 -1.75144 0)
(3.95638 -2.06883 0)
(4.8741 -2.21647 0)
(5.67588 -2.16988 0)
(6.28796 -2.00823 0)
(7.03734 -1.54648 0)
(7.49299 -0.755617 0)
(8.03941 0.0443509 0)
(8.02013 0.692249 0)
(8.19193 1.11121 0)
(7.82601 1.44968 0)
(7.56489 1.70056 0)
(6.88693 1.80599 0)
(6.26851 1.77075 0)
(5.63737 1.4763 0)
(5.29799 0.951158 0)
(4.82117 0.213494 0)
(4.95201 -0.731026 0)
(4.9908 -1.78691 0)
(5.6215 -2.72329 0)
(6.42837 -3.6919 0)
(7.3816 -4.38368 0)
(8.65672 -4.96116 0)
(9.90477 -5.18959 0)
(11.4036 -5.19736 0)
(12.8645 -4.94034 0)
(14.4672 -4.48752 0)
(15.9603 -3.86241 0)
(17.3956 -3.20205 0)
(18.7438 -2.51549 0)
(19.8732 -1.88329 0)
(20.8797 -1.37189 0)
(21.683 -1.03007 0)
(22.3846 -0.839814 0)
(22.8935 -0.788076 0)
(23.398 -0.814628 0)
(23.7724 -0.86772 0)
(24.1657 -0.894264 0)
(24.3984 -0.849821 0)
(24.6132 -0.72284 0)
(24.6557 -0.547488 0)
(24.6808 -0.3689 0)
(24.5625 -0.213076 0)
(24.4899 -0.0879663 0)
(24.3253 0.0164005 0)
(24.2003 0.106831 0)
(23.9999 0.170505 0)
(23.8614 0.226858 0)
(23.6467 0.269994 0)
(23.4941 0.317736 0)
(23.2696 0.34182 0)
(23.1235 0.372296 0)
(22.8958 0.375895 0)
(22.7731 0.39191 0)
(22.5552 0.378738 0)
(22.4662 0.390808 0)
(22.2584 0.370671 0)
(22.2058 0.384881 0)
(21.9998 0.363419 0)
(21.9802 0.372136 0)
(21.7663 0.352113 0)
(23.6833 15.9928 0)
(24.3851 14.2802 0)
(28.6703 12.0766 0)
(27.0488 9.86474 0)
(25.4281 6.25798 0)
(25.7964 6.08542 0)
(21.5304 5.45907 0)
(21.4822 3.9186 0)
(16.0126 1.52254 0)
(16.3184 1.26758 0)
(14.8097 1.63355 0)
(12.1301 2.44782 0)
(13.736 2.08193 0)
(13.5248 2.45981 0)
(14.4092 1.56125 0)
(15.5139 0.729663 0)
(16.217 -0.0860672 0)
(17.2353 -0.996646 0)
(18.1384 -1.63951 0)
(19.157 -2.29879 0)
(19.8118 -2.63064 0)
(20.5035 -2.56681 0)
(21.3441 -2.44161 0)
(21.696 -2.29866 0)
(21.6378 -1.85833 0)
(21.3476 -0.969867 0)
(21.5667 -0.105129 0)
(21.516 0.507086 0)
(21.2002 0.86332 0)
(20.4656 1.26325 0)
(19.8547 1.74243 0)
(19.226 2.21387 0)
(18.767 2.36587 0)
(18.3961 2.10275 0)
(18.1303 1.42775 0)
(17.9196 0.580963 0)
(17.6448 -0.443793 0)
(17.8183 -1.63128 0)
(18.02 -2.7925 0)
(18.4727 -3.93702 0)
(18.9696 -4.84234 0)
(19.4954 -5.58016 0)
(20.1237 -6.04044 0)
(20.7268 -6.2314 0)
(21.4503 -6.15231 0)
(22.1493 -5.82321 0)
(22.9183 -5.29356 0)
(23.6295 -4.61697 0)
(24.395 -3.89617 0)
(25.0685 -3.21113 0)
(25.7781 -2.6152 0)
(26.3724 -2.14955 0)
(27.0066 -1.83178 0)
(27.5232 -1.62494 0)
(28.0864 -1.5143 0)
(28.5291 -1.41563 0)
(28.9898 -1.29335 0)
(29.2889 -1.10192 0)
(29.5427 -0.842937 0)
(29.5802 -0.56549 0)
(29.5742 -0.314315 0)
(29.4236 -0.110255 0)
(29.3258 0.0585083 0)
(29.1465 0.190275 0)
(29.0337 0.299167 0)
(28.8406 0.368684 0)
(28.7324 0.429218 0)
(28.5409 0.466381 0)
(28.4282 0.510762 0)
(28.2214 0.52458 0)
(28.1121 0.550147 0)
(27.9065 0.544317 0)
(27.8149 0.557077 0)
(27.6219 0.534911 0)
(27.5564 0.539538 0)
(27.3759 0.508942 0)
(27.3342 0.507614 0)
(27.158 0.46809 0)
(27.1377 0.460013 0)
(26.9653 0.41976 0)
(22.3608 11.3148 0)
(24.7544 11.2675 0)
(26.8908 9.76244 0)
(29.3759 8.54441 0)
(28.9701 7.11861 0)
(30.2007 5.51733 0)
(29.3182 4.5683 0)
(29.0909 3.77216 0)
(28.6754 3.50588 0)
(28.1509 3.38538 0)
(28.3599 3.41733 0)
(27.693 3.62765 0)
(28.0358 3.31877 0)
(28.5126 2.78324 0)
(28.9485 1.90904 0)
(29.5725 0.709445 0)
(29.8912 -0.40242 0)
(30.1795 -1.39849 0)
(30.2528 -2.14588 0)
(30.3534 -2.81638 0)
(30.0889 -3.13153 0)
(29.8527 -3.22539 0)
(29.6085 -3.12806 0)
(29.2102 -2.85677 0)
(28.8344 -2.22716 0)
(28.5127 -1.2505 0)
(28.5378 -0.243416 0)
(28.4629 0.613098 0)
(28.6215 1.32028 0)
(28.512 2.01454 0)
(28.6489 2.52977 0)
(28.6889 2.96049 0)
(28.9207 3.01809 0)
(29.0773 2.74645 0)
(29.1819 2.08582 0)
(29.1615 1.04582 0)
(29.1231 -0.159758 0)
(29.0703 -1.42547 0)
(28.8964 -2.60031 0)
(28.7243 -3.80906 0)
(28.5414 -4.77303 0)
(28.3627 -5.57424 0)
(28.2356 -6.06891 0)
(28.1326 -6.29474 0)
(28.1221 -6.24296 0)
(28.1818 -5.92787 0)
(28.3416 -5.46193 0)
(28.5374 -4.84081 0)
(28.7667 -4.17113 0)
(28.9688 -3.51289 0)
(29.2074 -2.93252 0)
(29.4004 -2.47355 0)
(29.6454 -2.15327 0)
(29.8418 -1.93898 0)
(30.1145 -1.812 0)
(30.3557 -1.67963 0)
(30.6418 -1.48943 0)
(30.8065 -1.20714 0)
(30.903 -0.870663 0)
(30.7704 -0.55451 0)
(30.5947 -0.284152 0)
(30.3105 -0.0676432 0)
(30.1198 0.113311 0)
(29.8787 0.246023 0)
(29.7331 0.349001 0)
(29.5394 0.410124 0)
(29.4636 0.478505 0)
(29.3299 0.52086 0)
(29.2807 0.57428 0)
(29.1593 0.591917 0)
(29.1214 0.62593 0)
(29.0183 0.622398 0)
(28.9913 0.638752 0)
(28.9109 0.616224 0)
(28.8973 0.619672 0)
(28.8362 0.589453 0)
(28.8245 0.584574 0)
(28.7729 0.550001 0)
(28.7647 0.541398 0)
(28.7265 0.514325 0)
(21.8081 8.532 0)
(24.2777 8.44558 0)
(25.845 7.53734 0)
(28.1019 6.39705 0)
(29.1868 5.43818 0)
(30.2204 4.46426 0)
(30.9815 3.69481 0)
(31.3747 3.38632 0)
(31.9432 3.1272 0)
(32.2233 3.08633 0)
(32.7322 2.94307 0)
(33.1746 2.9109 0)
(33.7503 2.61941 0)
(34.3752 2.02194 0)
(34.8076 1.24327 0)
(35.2184 0.18019 0)
(35.4173 -0.747756 0)
(35.2963 -1.58758 0)
(34.8732 -2.13533 0)
(34.3079 -2.63123 0)
(33.5172 -2.73316 0)
(32.8248 -2.70531 0)
(32.203 -2.37757 0)
(31.6716 -1.92689 0)
(31.1856 -1.25593 0)
(30.8768 -0.533748 0)
(30.7946 0.131528 0)
(30.847 0.832646 0)
(31.0818 1.35324 0)
(31.385 1.92902 0)
(31.8512 2.26837 0)
(32.4219 2.62123 0)
(33.0379 2.58878 0)
(33.6478 2.34196 0)
(34.1114 1.73056 0)
(34.4138 0.903396 0)
(34.6339 -0.174241 0)
(34.641 -1.29796 0)
(34.3854 -2.37201 0)
(33.8716 -3.47639 0)
(33.3637 -4.34815 0)
(32.6759 -5.15256 0)
(32.0565 -5.62552 0)
(31.3529 -5.94168 0)
(30.7824 -5.92833 0)
(30.2589 -5.66599 0)
(29.866 -5.2547 0)
(29.6198 -4.67329 0)
(29.4381 -4.12328 0)
(29.3287 -3.54838 0)
(29.2649 -3.09943 0)
(29.2258 -2.74597 0)
(29.2684 -2.49423 0)
(29.35 -2.30904 0)
(29.5355 -2.12596 0)
(29.8005 -1.88165 0)
(30.129 -1.54351 0)
(30.3608 -1.12887 0)
(30.4141 -0.711774 0)
(30.2247 -0.321217 0)
(29.9507 0.0380735 0)
(29.6196 0.33352 0)
(29.343 0.574155 0)
(29.0628 0.703 0)
(28.8417 0.767125 0)
(28.6483 0.786518 0)
(28.5235 0.811956 0)
(28.3931 0.810605 0)
(28.2766 0.811968 0)
(28.153 0.787817 0)
(28.0444 0.776518 0)
(27.9371 0.743463 0)
(27.8393 0.723361 0)
(27.7529 0.679658 0)
(27.6792 0.649495 0)
(27.6075 0.59906 0)
(27.5486 0.565219 0)
(27.4806 0.516435 0)
(27.4484 0.492137 0)
(27.3912 0.459064 0)
(21.918 6.66671 0)
(23.9506 6.48372 0)
(25.659 6.05477 0)
(27.4499 5.35208 0)
(28.9529 4.57649 0)
(30.1163 4.01528 0)
(31.1916 3.38291 0)
(31.9632 3.07786 0)
(32.6815 2.71863 0)
(33.2222 2.57544 0)
(33.8414 2.33359 0)
(34.3838 2.17572 0)
(35.0633 1.83799 0)
(35.5446 1.39713 0)
(36.032 0.805731 0)
(36.2462 0.145643 0)
(36.4163 -0.532998 0)
(36.083 -1.19583 0)
(35.6494 -1.61469 0)
(34.9367 -1.9616 0)
(34.2791 -1.96021 0)
(33.5573 -1.93292 0)
(33.0451 -1.61163 0)
(32.5668 -1.39532 0)
(32.1152 -0.964767 0)
(31.8425 -0.576174 0)
(31.7884 -0.0558929 0)
(31.9896 0.402013 0)
(32.1766 0.811726 0)
(32.6244 1.23294 0)
(33.0564 1.47276 0)
(33.7798 1.71496 0)
(34.3445 1.62759 0)
(35.1341 1.48875 0)
(35.5943 0.963205 0)
(36.0481 0.425851 0)
(36.2152 -0.444066 0)
(36.2541 -1.28896 0)
(35.8745 -2.26064 0)
(35.2154 -3.14517 0)
(34.5131 -3.93413 0)
(33.5295 -4.64571 0)
(32.7553 -5.03544 0)
(31.7424 -5.37726 0)
(31.1226 -5.31926 0)
(30.3542 -5.16485 0)
(29.8353 -4.71222 0)
(29.3369 -4.14219 0)
(28.867 -3.62394 0)
(28.5178 -3.06851 0)
(28.1266 -2.78514 0)
(27.9031 -2.53343 0)
(27.7721 -2.47952 0)
(27.7567 -2.4338 0)
(27.9137 -2.22282 0)
(28.2151 -1.83726 0)
(28.5748 -1.35733 0)
(28.8118 -0.972912 0)
(28.8365 -0.713738 0)
(28.6805 -0.493752 0)
(28.4021 -0.192694 0)
(28.075 0.116847 0)
(27.7587 0.373842 0)
(27.4615 0.531901 0)
(27.2614 0.631955 0)
(27.1588 0.703395 0)
(27.1065 0.766471 0)
(27.0617 0.802729 0)
(27.0053 0.836233 0)
(26.9606 0.849299 0)
(26.9113 0.872473 0)
(26.8697 0.866853 0)
(26.8215 0.875767 0)
(26.7846 0.844841 0)
(26.7531 0.832089 0)
(26.7217 0.769073 0)
(26.6978 0.738725 0)
(26.665 0.661531 0)
(26.6548 0.636715 0)
(26.6331 0.569604 0)
(20.7236 4.84129 0)
(22.7615 4.46763 0)
(24.4136 4.24917 0)
(26.2683 3.85899 0)
(27.7421 3.38925 0)
(29.1935 2.99605 0)
(30.2821 2.547 0)
(31.3606 2.2613 0)
(32.1504 1.92367 0)
(32.9365 1.81007 0)
(33.5896 1.55097 0)
(34.2191 1.47034 0)
(34.8617 1.13969 0)
(35.3531 0.933284 0)
(35.8069 0.470642 0)
(35.9423 0.125975 0)
(36.1195 -0.454645 0)
(35.7686 -0.877424 0)
(35.5725 -1.24661 0)
(34.8921 -1.435 0)
(34.4916 -1.47049 0)
(33.7243 -1.45051 0)
(33.4263 -1.26247 0)
(32.7865 -1.20215 0)
(32.6136 -0.804128 0)
(32.3445 -0.553138 0)
(32.4079 0.0051984 0)
(32.4595 0.235322 0)
(32.6837 0.693622 0)
(33.0608 0.886044 0)
(33.416 1.17773 0)
(34.0721 1.23469 0)
(34.4719 1.23088 0)
(35.2488 1.08934 0)
(35.4649 0.684482 0)
(36.0314 0.30692 0)
(35.8938 -0.385074 0)
(36.0855 -0.93383 0)
(35.386 -1.79352 0)
(34.9245 -2.338 0)
(33.941 -3.05986 0)
(33.111 -3.48526 0)
(32.1888 -3.88487 0)
(31.0787 -4.20493 0)
(30.4595 -4.2804 0)
(29.3681 -4.46318 0)
(28.9071 -4.08823 0)
(27.9167 -3.78278 0)
(27.2259 -3.1741 0)
(26.5084 -2.69762 0)
(25.6758 -2.46578 0)
(25.3776 -2.30413 0)
(24.8799 -2.66776 0)
(24.8952 -2.89501 0)
(25.2014 -2.65452 0)
(25.5728 -1.98655 0)
(25.7248 -1.1345 0)
(25.6194 -0.412249 0)
(25.3645 0.0943101 0)
(25.2048 0.454655 0)
(25.0637 0.720394 0)
(24.7696 0.901171 0)
(24.4317 0.964215 0)
(24.1337 0.956399 0)
(23.9805 0.919911 0)
(23.9441 0.869302 0)
(23.9514 0.809295 0)
(23.9628 0.74831 0)
(23.966 0.714179 0)
(23.9931 0.691942 0)
(24.0047 0.695193 0)
(24.0394 0.686024 0)
(24.0437 0.701294 0)
(24.0872 0.68415 0)
(24.0872 0.689485 0)
(24.1441 0.64288 0)
(24.1408 0.631306 0)
(24.2204 0.568073 0)
(24.2189 0.55616 0)
(24.3296 0.499306 0)
(20.6509 2.83843 0)
(22.5506 2.53537 0)
(24.2198 2.42024 0)
(25.9721 2.1513 0)
(27.3339 1.94279 0)
(28.8324 1.59506 0)
(29.8326 1.38631 0)
(31.1173 1.12365 0)
(31.7862 1.00959 0)
(32.8502 0.881066 0)
(33.2674 0.789775 0)
(34.1981 0.702444 0)
(34.5124 0.560757 0)
(35.2935 0.431485 0)
(35.3761 0.167358 0)
(35.7764 -0.00172391 0)
(35.5989 -0.381993 0)
(35.5921 -0.554647 0)
(35.2034 -0.834863 0)
(34.754 -0.844625 0)
(34.2786 -0.982805 0)
(33.509 -0.863796 0)
(33.2263 -0.871742 0)
(32.4903 -0.677409 0)
(32.6211 -0.482459 0)
(31.9475 -0.261025 0)
(32.4202 0.00465686 0)
(31.9642 0.155171 0)
(32.7349 0.441758 0)
(32.5373 0.468167 0)
(33.4246 0.706599 0)
(33.5483 0.594762 0)
(34.3553 0.718327 0)
(34.703 0.449492 0)
(35.0857 0.368243 0)
(35.4774 -0.0362661 0)
(35.2164 -0.329783 0)
(35.502 -0.805261 0)
(34.3417 -1.26912 0)
(34.3101 -1.61872 0)
(32.4923 -2.11188 0)
(32.1933 -2.32066 0)
(30.0798 -2.82754 0)
(29.2294 -2.94463 0)
(27.4453 -3.3008 0)
(25.966 -3.37017 0)
(25.1789 -3.18792 0)
(23.0809 -2.9583 0)
(22.7895 -2.24802 0)
(20.8126 -1.98409 0)
(19.8803 -1.54542 0)
(19.3762 -1.53514 0)
(17.5537 -2.31533 0)
(17.4273 -2.83231 0)
(17.8696 -3.07058 0)
(18.1154 -3.03263 0)
(17.7407 -2.69681 0)
(17.009 -2.1434 0)
(15.9998 -1.27427 0)
(15.3546 -0.371434 0)
(14.909 0.292226 0)
(14.4369 0.713649 0)
(13.9515 1.01921 0)
(13.6579 1.19825 0)
(13.5363 1.28299 0)
(13.6707 1.25098 0)
(13.7642 1.18253 0)
(14.014 1.1039 0)
(14.1672 1.06501 0)
(14.4983 1.02892 0)
(14.6872 1.00846 0)
(15.0656 0.974694 0)
(15.272 0.941625 0)
(15.6772 0.880333 0)
(15.8729 0.820704 0)
(16.2883 0.732789 0)
(16.4459 0.67099 0)
(16.8617 0.575458 0)
(16.9525 0.540185 0)
(17.3857 0.45493 0)
(19.3058 1.00077 0)
(20.945 0.943152 0)
(23.0422 0.926021 0)
(24.4221 0.799305 0)
(26.0626 0.784719 0)
(27.1296 0.565751 0)
(28.3723 0.568286 0)
(29.2858 0.363716 0)
(30.0792 0.422049 0)
(30.8003 0.26212 0)
(31.1698 0.311615 0)
(31.8724 0.179535 0)
(31.9589 0.177518 0)
(32.6506 0.057543 0)
(32.3424 -0.033198 0)
(32.7923 -0.111611 0)
(32.0605 -0.283599 0)
(32.2682 -0.290626 0)
(31.2043 -0.500446 0)
(31.0588 -0.363846 0)
(29.7468 -0.602084 0)
(29.3466 -0.386832 0)
(28.3443 -0.568703 0)
(27.914 -0.234516 0)
(27.4289 -0.400356 0)
(26.9486 -0.121142 0)
(27.1917 -0.172686 0)
(26.6575 0.0165709 0)
(27.5358 0.0843822 0)
(26.9601 0.058274 0)
(28.3382 0.276254 0)
(27.8095 0.0401196 0)
(29.3284 0.368846 0)
(28.8284 -0.0727798 0)
(29.9832 0.297582 0)
(29.3916 -0.268158 0)
(29.756 0.0258226 0)
(29.138 -0.570345 0)
(28.2886 -0.428916 0)
(27.5357 -0.792731 0)
(25.3071 -0.932786 0)
(24.64 -0.984462 0)
(21.1593 -1.57534 0)
(20.5036 -1.14845 0)
(16.197 -2.10815 0)
(15.0174 -0.86576 0)
(11.7901 -1.3504 0)
(9.52698 -0.2607 0)
(9.50225 0.139881 0)
(6.02931 -1.07485 0)
(7.10766 0.758428 0)
(6.02725 -1.64315 0)
(2.4579 -3.6128 0)
(0.00770079 -1.46122 0)
(-2.60586 0.0609097 0)
(-4.18271 1.0412 0)
(-5.15702 1.71104 0)
(-5.48973 2.00109 0)
(-5.47231 1.97058 0)
(-4.93267 1.67209 0)
(-4.1502 1.41071 0)
(-3.19283 1.19229 0)
(-2.09585 0.989241 0)
(-1.00836 0.756263 0)
(0.0586581 0.550416 0)
(0.949816 0.365333 0)
(1.7292 0.252486 0)
(2.42961 0.182108 0)
(3.03746 0.144638 0)
(3.62427 0.107104 0)
(4.12768 0.0906633 0)
(4.70166 0.0736303 0)
(5.13102 0.0560008 0)
(5.67961 0.0326728 0)
(6.03094 0.0196866 0)
(6.54773 0.0149192 0)
(6.78786 0.000727611 0)
(7.24849 0.00500951 0)
(7.3945 0.00551349 0)
(7.82471 0.0133688 0)
)
;

boundaryField
{
    inlet
    {
        type            fixedValue;
        value           uniform (10 0 0);
    }
    outlet
    {
        type            zeroGradient;
    }
    walls
    {
        type            fixedValue;
        value           uniform (0 0 0);
    }
    frontAndBack
    {
        type            empty;
    }
}


// ************************************************************************* //
