/*--------------------------------*- C++ -*----------------------------------*\
| =========                 |                                                 |
| \\      /  F ield         | OpenFOAM: The Open Source CFD Toolbox           |
|  \\    /   O peration     | Version:  2306                                  |
|   \\  /    A nd           | Website:  www.openfoam.com                      |
|    \\/     M anipulation  |                                                 |
\*---------------------------------------------------------------------------*/
FoamFile
{
    version     2.0;
    format      ascii;
    arch        "LSB;label=32;scalar=64";
    class       volVectorField;
    location    "0.275";
    object      U;
}
// * * * * * * * * * * * * * * * * * * * * * * * * * * * * * * * * * * * * * //

dimensions      [0 1 -1 0 0 0 0];

internalField   nonuniform List<vector> 
4400
(
(9.90174 0.0455096 0)
(9.80632 0.0986915 0)
(9.70006 0.120989 0)
(9.57028 0.125765 0)
(9.41813 0.124516 0)
(9.25227 0.123431 0)
(9.08051 0.12416 0)
(8.90833 0.125674 0)
(8.73717 0.126991 0)
(8.56789 0.127411 0)
(8.40002 0.126872 0)
(8.23339 0.125554 0)
(8.06792 0.123762 0)
(7.90322 0.121747 0)
(7.74 0.119657 0)
(7.57753 0.117535 0)
(7.41706 0.115437 0)
(7.25742 0.113236 0)
(7.10024 0.111087 0)
(6.94399 0.108739 0)
(6.79043 0.106493 0)
(6.63791 0.104003 0)
(6.48826 0.10165 0)
(6.33978 0.0990985 0)
(6.19426 0.0966704 0)
(6.05001 0.0941118 0)
(5.90881 0.0916345 0)
(5.76891 0.0891132 0)
(5.63221 0.0866496 0)
(5.49665 0.0842043 0)
(5.36455 0.0818141 0)
(5.23321 0.0794863 0)
(5.10569 0.0772188 0)
(4.97832 0.0750541 0)
(4.85507 0.0729554 0)
(4.73123 0.0710027 0)
(4.61174 0.0691614 0)
(4.49074 0.0675446 0)
(4.37424 0.0660801 0)
(4.25511 0.0649251 0)
(4.14047 0.0640074 0)
(4.0219 0.0634981 0)
(3.9076 0.0633095 0)
(3.78802 0.0635547 0)
(3.67215 0.0642393 0)
(3.54953 0.0653495 0)
(3.42966 0.0670856 0)
(3.30139 0.0691551 0)
(3.17455 0.072097 0)
(3.03744 0.0752352 0)
(2.90012 0.0795194 0)
(2.75035 0.0838423 0)
(2.59853 0.0895368 0)
(2.43173 0.0950436 0)
(2.26104 0.102066 0)
(2.07254 0.108528 0)
(1.87858 0.116448 0)
(1.66403 0.123141 0)
(1.44314 0.130874 0)
(1.19958 0.136189 0)
(0.950187 0.141419 0)
(0.677595 0.141809 0)
(0.400954 0.13641 0)
(0.119453 0.105848 0)
(-0.134072 0.0526356 0)
(-0.385726 -0.0293945 0)
(-0.567085 -0.120007 0)
(-0.69101 -0.229502 0)
(-0.706698 -0.351872 0)
(-0.649776 -0.490393 0)
(-0.456803 -0.615684 0)
(-0.199374 -0.705129 0)
(0.091944 -0.576969 0)
(0.250116 -0.23176 0)
(0.361144 0.462858 0)
(-0.391347 0.910349 0)
(-0.610824 0.321345 0)
(-0.23947 -0.0727417 0)
(0.0173108 -0.0934216 0)
(-0.133984 -0.260525 0)
(10.0002 0.0612479 0)
(10.0319 0.137325 0)
(10.0697 0.173744 0)
(10.105 0.184814 0)
(10.1326 0.186275 0)
(10.15 0.186152 0)
(10.159 0.188334 0)
(10.1608 0.191952 0)
(10.1594 0.195915 0)
(10.1534 0.199164 0)
(10.1471 0.201045 0)
(10.1362 0.202126 0)
(10.1259 0.202017 0)
(10.1098 0.201982 0)
(10.0949 0.201138 0)
(10.0736 0.200892 0)
(10.054 0.199908 0)
(10.028 0.199518 0)
(10.0039 0.198442 0)
(9.97379 0.197775 0)
(9.94535 0.196533 0)
(9.91159 0.19556 0)
(9.87913 0.19412 0)
(9.84195 0.192894 0)
(9.80576 0.191344 0)
(9.76516 0.189871 0)
(9.72564 0.188283 0)
(9.6815 0.186639 0)
(9.63909 0.185006 0)
(9.59116 0.183376 0)
(9.5462 0.181639 0)
(9.49435 0.18018 0)
(9.44692 0.178388 0)
(9.39102 0.177188 0)
(9.34101 0.175465 0)
(9.28086 0.174656 0)
(9.22804 0.173106 0)
(9.16329 0.172913 0)
(9.10721 0.171712 0)
(9.03739 0.172308 0)
(8.97724 0.171772 0)
(8.90174 0.173325 0)
(8.83637 0.173837 0)
(8.75433 0.176676 0)
(8.68228 0.17858 0)
(8.59253 0.183122 0)
(8.51186 0.186807 0)
(8.41281 0.193495 0)
(8.32112 0.199347 0)
(8.21052 0.208742 0)
(8.10496 0.21705 0)
(7.97986 0.229785 0)
(7.85693 0.240845 0)
(7.71364 0.257436 0)
(7.56915 0.271458 0)
(7.40312 0.292194 0)
(7.23223 0.309076 0)
(7.03818 0.333742 0)
(6.83546 0.352779 0)
(6.60764 0.380057 0)
(6.36741 0.399187 0)
(6.10016 0.425641 0)
(5.81682 0.439661 0)
(5.50621 0.457044 0)
(5.18137 0.454658 0)
(4.83804 0.452419 0)
(4.45628 0.420185 0)
(4.05317 0.388104 0)
(3.57495 0.327125 0)
(3.05829 0.285145 0)
(2.37097 0.216957 0)
(1.56195 0.215017 0)
(0.520652 0.154669 0)
(-0.207745 0.0160106 0)
(-0.60319 0.0966678 0)
(-0.567113 0.0300399 0)
(-0.259998 -0.553003 0)
(-0.610081 -0.680319 0)
(-0.624387 -0.00655163 0)
(-0.525314 0.522771 0)
(9.99956 0.0267 0)
(10.0173 0.0697112 0)
(10.0423 0.100023 0)
(10.0753 0.117341 0)
(10.1078 0.127066 0)
(10.1398 0.131617 0)
(10.1668 0.136171 0)
(10.1913 0.140115 0)
(10.2127 0.145586 0)
(10.2331 0.150201 0)
(10.2534 0.155059 0)
(10.2729 0.158633 0)
(10.2936 0.161727 0)
(10.3126 0.164161 0)
(10.3328 0.166007 0)
(10.3507 0.167936 0)
(10.3692 0.169357 0)
(10.386 0.170891 0)
(10.4023 0.172357 0)
(10.4182 0.173324 0)
(10.4321 0.174907 0)
(10.4472 0.17527 0)
(10.4584 0.176849 0)
(10.4727 0.176788 0)
(10.4813 0.178293 0)
(10.4941 0.177952 0)
(10.5004 0.179337 0)
(10.511 0.178928 0)
(10.5152 0.180095 0)
(10.5233 0.179912 0)
(10.5254 0.180772 0)
(10.5305 0.180973 0)
(10.5303 0.181713 0)
(10.5323 0.18232 0)
(10.5295 0.183214 0)
(10.5281 0.184402 0)
(10.5224 0.185562 0)
(10.5173 0.187702 0)
(10.5085 0.189312 0)
(10.499 0.192647 0)
(10.4868 0.195176 0)
(10.4722 0.199891 0)
(10.4564 0.203905 0)
(10.4359 0.210362 0)
(10.416 0.216518 0)
(10.3887 0.224956 0)
(10.3638 0.234322 0)
(10.3288 0.244806 0)
(10.2977 0.258504 0)
(10.2536 0.271449 0)
(10.215 0.29019 0)
(10.1602 0.306471 0)
(10.1126 0.330817 0)
(10.0448 0.351194 0)
(9.9862 0.381715 0)
(9.90246 0.406726 0)
(9.83051 0.443596 0)
(9.72752 0.473199 0)
(9.6383 0.515975 0)
(9.51285 0.548469 0)
(9.4002 0.595043 0)
(9.24861 0.626474 0)
(9.10356 0.670723 0)
(8.92002 0.693789 0)
(8.72973 0.725075 0)
(8.50419 0.730671 0)
(8.24624 0.74246 0)
(7.95002 0.732036 0)
(7.60104 0.741166 0)
(7.20722 0.748439 0)
(6.74445 0.80385 0)
(6.2212 0.876507 0)
(5.64521 0.994186 0)
(4.97125 0.997544 0)
(4.36509 0.909479 0)
(3.37728 0.778412 0)
(2.70612 0.51055 0)
(1.41909 0.377979 0)
(0.0344595 -0.121923 0)
(-0.190982 -0.520105 0)
(9.99895 0.0188444 0)
(10.0114 0.0524197 0)
(10.0265 0.0809848 0)
(10.0523 0.10077 0)
(10.0766 0.115329 0)
(10.1064 0.122479 0)
(10.1305 0.129133 0)
(10.1574 0.131856 0)
(10.1783 0.13704 0)
(10.2024 0.139644 0)
(10.2225 0.144605 0)
(10.2462 0.147069 0)
(10.2675 0.150681 0)
(10.2916 0.152591 0)
(10.314 0.154526 0)
(10.3382 0.156288 0)
(10.3607 0.157035 0)
(10.3849 0.158932 0)
(10.407 0.15917 0)
(10.431 0.16106 0)
(10.4526 0.16121 0)
(10.4765 0.162793 0)
(10.4973 0.163131 0)
(10.5211 0.164192 0)
(10.541 0.165024 0)
(10.5646 0.165295 0)
(10.5834 0.166934 0)
(10.6063 0.166378 0)
(10.6244 0.16885 0)
(10.6458 0.16783 0)
(10.6633 0.170831 0)
(10.6826 0.169867 0)
(10.6999 0.173234 0)
(10.7163 0.172684 0)
(10.7337 0.176467 0)
(10.7465 0.176669 0)
(10.7638 0.180912 0)
(10.773 0.182298 0)
(10.7898 0.187235 0)
(10.7954 0.18998 0)
(10.811 0.196314 0)
(10.813 0.200426 0)
(10.8268 0.208896 0)
(10.8254 0.214773 0)
(10.8367 0.225706 0)
(10.8318 0.234159 0)
(10.8401 0.247911 0)
(10.8311 0.259785 0)
(10.8364 0.276841 0)
(10.8228 0.293206 0)
(10.8243 0.313752 0)
(10.8062 0.33619 0)
(10.8027 0.360216 0)
(10.78 0.39037 0)
(10.7705 0.417629 0)
(10.7424 0.457327 0)
(10.7263 0.486744 0)
(10.6909 0.53765 0)
(10.6677 0.567722 0)
(10.621 0.629135 0)
(10.5901 0.658943 0)
(10.5252 0.725872 0)
(10.4834 0.75478 0)
(10.3909 0.818256 0)
(10.3275 0.845435 0)
(10.1934 0.897966 0)
(10.0917 0.927929 0)
(9.89733 0.977492 0)
(9.74266 1.02468 0)
(9.46976 1.09347 0)
(9.25329 1.1772 0)
(8.8856 1.27972 0)
(8.60248 1.38268 0)
(8.11779 1.46433 0)
(7.73243 1.49979 0)
(7.12234 1.52143 0)
(6.54094 1.49526 0)
(5.85162 1.48498 0)
(4.95327 1.47592 0)
(4.07636 1.19853 0)
(9.99891 0.0132123 0)
(10.0084 0.0384316 0)
(10.0183 0.0605183 0)
(10.0385 0.0776971 0)
(10.0569 0.0908692 0)
(10.0831 0.0985648 0)
(10.1042 0.104992 0)
(10.1303 0.107727 0)
(10.1506 0.112017 0)
(10.1748 0.113736 0)
(10.1949 0.118062 0)
(10.218 0.119642 0)
(10.2396 0.123575 0)
(10.2623 0.124721 0)
(10.2861 0.12761 0)
(10.3082 0.128522 0)
(10.3335 0.130284 0)
(10.3547 0.131358 0)
(10.3812 0.132448 0)
(10.4014 0.133727 0)
(10.4287 0.13456 0)
(10.4479 0.135873 0)
(10.4759 0.136676 0)
(10.4943 0.137971 0)
(10.5227 0.138842 0)
(10.5402 0.139954 0)
(10.5688 0.141252 0)
(10.5854 0.141898 0)
(10.6139 0.144099 0)
(10.6295 0.144094 0)
(10.6576 0.147413 0)
(10.6723 0.146973 0)
(10.6995 0.15131 0)
(10.7133 0.151006 0)
(10.7395 0.156011 0)
(10.752 0.156696 0)
(10.7772 0.161855 0)
(10.7884 0.164576 0)
(10.812 0.169411 0)
(10.8222 0.175161 0)
(10.8437 0.179517 0)
(10.8529 0.189004 0)
(10.8721 0.193222 0)
(10.8803 0.206698 0)
(10.8967 0.211834 0)
(10.9047 0.228875 0)
(10.917 0.236853 0)
(10.9254 0.256575 0)
(10.9337 0.269601 0)
(10.942 0.291466 0)
(10.9468 0.311256 0)
(10.9543 0.335432 0)
(10.957 0.363184 0)
(10.9617 0.390335 0)
(10.9656 0.426778 0)
(10.9633 0.457598 0)
(10.9727 0.503249 0)
(10.9596 0.537659 0)
(10.9764 0.593052 0)
(10.9501 0.629884 0)
(10.9736 0.693994 0)
(10.9301 0.733433 0)
(10.9584 0.800783 0)
(10.8897 0.845936 0)
(10.9172 0.91116 0)
(10.8134 0.964921 0)
(10.8291 1.03439 0)
(10.6825 1.09895 0)
(10.6703 1.18972 0)
(10.4781 1.27021 0)
(10.4215 1.39262 0)
(10.1814 1.49776 0)
(10.068 1.63297 0)
(9.7715 1.7562 0)
(9.57821 1.85884 0)
(9.20706 1.97214 0)
(8.88049 2.01408 0)
(8.38865 2.0729 0)
(7.83688 2.03975 0)
(7.10198 1.95041 0)
(9.99972 0.00900679 0)
(10.0056 0.0286883 0)
(10.0148 0.0442649 0)
(10.0292 0.059271 0)
(10.0463 0.069635 0)
(10.0666 0.0780045 0)
(10.0882 0.0834052 0)
(10.11 0.0870379 0)
(10.1326 0.0903952 0)
(10.1536 0.0922274 0)
(10.1765 0.0957146 0)
(10.1965 0.096846 0)
(10.2207 0.100718 0)
(10.2403 0.101087 0)
(10.2662 0.104841 0)
(10.2855 0.104561 0)
(10.3128 0.107699 0)
(10.3318 0.107352 0)
(10.36 0.109829 0)
(10.3783 0.109789 0)
(10.4072 0.111789 0)
(10.4248 0.112105 0)
(10.4543 0.113841 0)
(10.4713 0.114544 0)
(10.5009 0.115961 0)
(10.5177 0.117131 0)
(10.5468 0.11831 0)
(10.5637 0.119953 0)
(10.5918 0.121145 0)
(10.609 0.123187 0)
(10.6355 0.124639 0)
(10.6535 0.127136 0)
(10.6774 0.129096 0)
(10.6967 0.132124 0)
(10.7179 0.134784 0)
(10.7377 0.138748 0)
(10.7571 0.141852 0)
(10.7761 0.147728 0)
(10.7949 0.150786 0)
(10.8115 0.159427 0)
(10.8311 0.162643 0)
(10.8439 0.174266 0)
(10.8655 0.178239 0)
(10.8732 0.193224 0)
(10.8976 0.198346 0)
(10.8998 0.217136 0)
(10.9272 0.224766 0)
(10.9239 0.246234 0)
(10.9547 0.259579 0)
(10.9452 0.281532 0)
(10.9806 0.304141 0)
(10.9648 0.324892 0)
(11.0045 0.359593 0)
(10.9838 0.378219 0)
(11.0269 0.426555 0)
(11.0025 0.444647 0)
(11.0488 0.503602 0)
(11.021 0.527699 0)
(11.0699 0.589744 0)
(11.0392 0.626994 0)
(11.0884 0.687231 0)
(11.0547 0.738571 0)
(11.0998 0.798557 0)
(11.0613 0.861696 0)
(11.0968 0.92407 0)
(11.0487 1.00329 0)
(11.069 1.06746 0)
(11.0047 1.17605 0)
(11.0027 1.241 0)
(10.9176 1.39075 0)
(10.885 1.46481 0)
(10.7788 1.6473 0)
(10.7031 1.74947 0)
(10.5833 1.9306 0)
(10.4318 2.06701 0)
(10.3012 2.20514 0)
(10.0193 2.35001 0)
(9.82558 2.42801 0)
(9.37346 2.53929 0)
(8.99031 2.56598 0)
(10.0015 0.00629868 0)
(10.0022 0.0208215 0)
(10.0144 0.0320356 0)
(10.0217 0.0437318 0)
(10.0415 0.0518797 0)
(10.0543 0.0591926 0)
(10.0789 0.063894 0)
(10.0948 0.0674375 0)
(10.1209 0.0702118 0)
(10.1379 0.07196 0)
(10.1637 0.0745881 0)
(10.1813 0.0755223 0)
(10.207 0.0787237 0)
(10.2252 0.0788496 0)
(10.2516 0.0824683 0)
(10.2704 0.0817394 0)
(10.2972 0.0852639 0)
(10.3166 0.0842348 0)
(10.3437 0.0873284 0)
(10.3632 0.0865626 0)
(10.3904 0.0890976 0)
(10.41 0.0890006 0)
(10.437 0.0909205 0)
(10.457 0.0917943 0)
(10.4829 0.0928124 0)
(10.5041 0.0949265 0)
(10.5281 0.0950978 0)
(10.5509 0.0983108 0)
(10.5726 0.0982339 0)
(10.5969 0.10194 0)
(10.6163 0.102446 0)
(10.6417 0.106214 0)
(10.659 0.107908 0)
(10.6851 0.111524 0)
(10.7006 0.114952 0)
(10.7264 0.118241 0)
(10.7413 0.123915 0)
(10.7653 0.127109 0)
(10.781 0.134921 0)
(10.8015 0.139001 0)
(10.8199 0.148495 0)
(10.8341 0.1545 0)
(10.8586 0.165601 0)
(10.8629 0.174263 0)
(10.8966 0.186982 0)
(10.8891 0.199503 0)
(10.933 0.213666 0)
(10.9139 0.230991 0)
(10.967 0.247492 0)
(10.9384 0.269414 0)
(10.998 0.289913 0)
(10.9648 0.316668 0)
(11.025 0.341783 0)
(10.9948 0.374274 0)
(11.0488 0.404992 0)
(11.0276 0.44258 0)
(11.0718 0.481744 0)
(11.0625 0.522362 0)
(11.0948 0.572269 0)
(11.0983 0.616352 0)
(11.118 0.674698 0)
(11.1316 0.728407 0)
(11.1395 0.788527 0)
(11.1589 0.861542 0)
(11.1544 0.919023 0)
(11.1731 1.01734 0)
(11.1585 1.07868 0)
(11.1646 1.19862 0)
(11.1411 1.28295 0)
(11.134 1.41514 0)
(11.0833 1.53941 0)
(11.0824 1.68463 0)
(10.9811 1.84033 0)
(10.9881 2.01503 0)
(10.8447 2.16583 0)
(10.8056 2.37752 0)
(10.6427 2.50118 0)
(10.4892 2.7169 0)
(10.2677 2.83601 0)
(9.97128 3.01412 0)
(10.0035 0.00448702 0)
(9.99942 0.0140165 0)
(10.0151 0.0219902 0)
(10.0164 0.0301642 0)
(10.0394 0.0359816 0)
(10.0458 0.0417299 0)
(10.0736 0.0448891 0)
(10.0841 0.0484546 0)
(10.1134 0.0496565 0)
(10.1267 0.0523581 0)
(10.1552 0.0526919 0)
(10.1703 0.0552517 0)
(10.1978 0.0555809 0)
(10.2146 0.057914 0)
(10.2417 0.0585027 0)
(10.2597 0.0602665 0)
(10.2866 0.0609245 0)
(10.3061 0.0624467 0)
(10.3324 0.0628233 0)
(10.353 0.0645498 0)
(10.3788 0.0645894 0)
(10.3999 0.0667253 0)
(10.4257 0.0667336 0)
(10.4466 0.069092 0)
(10.4722 0.069258 0)
(10.4932 0.0718281 0)
(10.5181 0.07228 0)
(10.5397 0.0751171 0)
(10.5634 0.0760705 0)
(10.5854 0.0789119 0)
(10.608 0.0810777 0)
(10.6303 0.0832837 0)
(10.6514 0.0877514 0)
(10.6742 0.0885255 0)
(10.6939 0.09626 0)
(10.7161 0.0953413 0)
(10.736 0.106523 0)
(10.7552 0.10467 0)
(10.778 0.118705 0)
(10.7913 0.11718 0)
(10.82 0.133462 0)
(10.8241 0.133401 0)
(10.8622 0.151423 0)
(10.8536 0.154475 0)
(10.9037 0.172798 0)
(10.8818 0.18194 0)
(10.943 0.198271 0)
(10.9104 0.216572 0)
(10.9796 0.229776 0)
(10.9397 0.258414 0)
(11.014 0.269701 0)
(10.9714 0.307787 0)
(11.045 0.320193 0)
(11.0079 0.365356 0)
(11.0726 0.38324 0)
(11.0489 0.432203 0)
(11.0996 0.459476 0)
(11.0924 0.51142 0)
(11.1278 0.548271 0)
(11.137 0.605203 0)
(11.1578 0.652805 0)
(11.1801 0.712546 0)
(11.1893 0.779475 0)
(11.2191 0.834344 0)
(11.2162 0.933658 0)
(11.2562 0.978502 0)
(11.2278 1.11649 0)
(11.2872 1.16348 0)
(11.2244 1.32548 0)
(11.2933 1.40887 0)
(11.2151 1.57159 0)
(11.2587 1.71058 0)
(11.1925 1.88319 0)
(11.1888 2.04846 0)
(11.1243 2.26408 0)
(11.0837 2.42386 0)
(10.9823 2.66785 0)
(10.8913 2.85802 0)
(10.7367 3.06285 0)
(10.5349 3.31731 0)
(10.0046 0.00286073 0)
(9.99804 0.00814744 0)
(10.0155 0.0128905 0)
(10.0136 0.0179723 0)
(10.0381 0.0211576 0)
(10.041 0.0252584 0)
(10.0704 0.0264652 0)
(10.0776 0.02978 0)
(10.1088 0.0293364 0)
(10.1195 0.0327119 0)
(10.1497 0.0310748 0)
(10.1635 0.034867 0)
(10.1917 0.0328515 0)
(10.2083 0.0367824 0)
(10.2349 0.0349695 0)
(10.2537 0.0384321 0)
(10.2794 0.0370779 0)
(10.3001 0.0400064 0)
(10.3249 0.0390023 0)
(10.3473 0.0415927 0)
(10.3711 0.0409579 0)
(10.3947 0.0434399 0)
(10.4179 0.0432903 0)
(10.4415 0.0456719 0)
(10.4648 0.045994 0)
(10.4879 0.0484677 0)
(10.5117 0.0493319 0)
(10.5341 0.0518788 0)
(10.5579 0.0535981 0)
(10.5796 0.0559454 0)
(10.6035 0.0589896 0)
(10.6244 0.0610766 0)
(10.6484 0.0656988 0)
(10.6678 0.0674599 0)
(10.693 0.0743156 0)
(10.7092 0.0752369 0)
(10.7374 0.0851635 0)
(10.7486 0.0852812 0)
(10.7812 0.0979152 0)
(10.7861 0.0989576 0)
(10.8242 0.112738 0)
(10.8215 0.116773 0)
(10.8673 0.130493 0)
(10.8541 0.139418 0)
(10.9105 0.151575 0)
(10.8855 0.168437 0)
(10.9518 0.176513 0)
(10.9183 0.204259 0)
(10.9901 0.207678 0)
(10.9532 0.246634 0)
(11.0266 0.246762 0)
(10.9906 0.297452 0)
(11.0612 0.293698 0)
(11.033 0.358452 0)
(11.0924 0.351547 0)
(11.0821 0.427161 0)
(11.1215 0.426533 0)
(11.1367 0.501351 0)
(11.1505 0.521764 0)
(11.1961 0.584149 0)
(11.1793 0.636316 0)
(11.2592 0.683316 0)
(11.208 0.767118 0)
(11.3224 0.811324 0)
(11.2387 0.910932 0)
(11.376 0.979107 0)
(11.2771 1.07803 0)
(11.408 1.18301 0)
(11.3199 1.29545 0)
(11.422 1.41896 0)
(11.3465 1.57685 0)
(11.4249 1.70878 0)
(11.3446 1.90818 0)
(11.4022 2.07971 0)
(11.3106 2.28422 0)
(11.3324 2.51429 0)
(11.2259 2.7364 0)
(11.1861 2.96992 0)
(11.0621 3.26655 0)
(10.9099 3.46806 0)
(10.0046 0.00116285 0)
(9.99831 0.0030232 0)
(10.0149 0.00402142 0)
(10.0137 0.00677769 0)
(10.0364 0.00672449 0)
(10.0403 0.00955673 0)
(10.0675 0.00841248 0)
(10.0763 0.0113437 0)
(10.1051 0.00938172 0)
(10.1181 0.0128566 0)
(10.1452 0.00998834 0)
(10.1625 0.0140983 0)
(10.1865 0.0108784 0)
(10.2079 0.015068 0)
(10.2291 0.0123682 0)
(10.2537 0.0157786 0)
(10.2733 0.0142081 0)
(10.3003 0.0167066 0)
(10.3188 0.0158364 0)
(10.3476 0.0182468 0)
(10.365 0.0172958 0)
(10.3953 0.0204968 0)
(10.4119 0.0191652 0)
(10.4426 0.0229606 0)
(10.459 0.0219696 0)
(10.4892 0.0255847 0)
(10.5066 0.0259036 0)
(10.5348 0.0288246 0)
(10.5546 0.0306704 0)
(10.5792 0.0331334 0)
(10.6026 0.0364499 0)
(10.6227 0.038545 0)
(10.6498 0.0439458 0)
(10.6657 0.044895 0)
(10.696 0.0536012 0)
(10.7077 0.0527792 0)
(10.7416 0.065231 0)
(10.7483 0.0633586 0)
(10.7863 0.0785485 0)
(10.7882 0.0775799 0)
(10.8296 0.0940196 0)
(10.8269 0.0958583 0)
(10.8729 0.112459 0)
(10.8631 0.118711 0)
(10.9174 0.134288 0)
(10.8975 0.147905 0)
(10.9613 0.159032 0)
(10.9332 0.185068 0)
(11.003 0.188288 0)
(10.9717 0.228825 0)
(11.0427 0.226793 0)
(11.0145 0.276801 0)
(11.0794 0.277932 0)
(11.0648 0.329922 0)
(11.1116 0.341746 0)
(11.1243 0.391553 0)
(11.1408 0.417926 0)
(11.1922 0.465306 0)
(11.1684 0.505787 0)
(11.2677 0.557304 0)
(11.1988 0.604224 0)
(11.3419 0.672057 0)
(11.2438 0.721017 0)
(11.4037 0.80446 0)
(11.3055 0.873971 0)
(11.4569 0.952406 0)
(11.3708 1.06921 0)
(11.5089 1.13895 0)
(11.4318 1.29452 0)
(11.5526 1.39422 0)
(11.4885 1.55777 0)
(11.5783 1.71124 0)
(11.5312 1.9047 0)
(11.5761 2.06706 0)
(11.5494 2.35198 0)
(11.5228 2.49171 0)
(11.5222 2.85655 0)
(11.4113 3.02353 0)
(11.3896 3.40256 0)
(11.2279 3.63881 0)
(10.0038 -0.0010478 0)
(9.99959 -0.00131573 0)
(10.0135 -0.00521542 0)
(10.0158 -0.00363316 0)
(10.0345 -0.0080248 0)
(10.0429 -0.00557376 0)
(10.0651 -0.00978377 0)
(10.0792 -0.00682709 0)
(10.1026 -0.0105007 0)
(10.1212 -0.00708607 0)
(10.1426 -0.010841 0)
(10.1657 -0.0068313 0)
(10.1838 -0.0109361 0)
(10.2113 -0.00655735 0)
(10.2263 -0.0104664 0)
(10.2572 -0.00646566 0)
(10.2709 -0.00914581 0)
(10.3035 -0.00631783 0)
(10.317 -0.00744006 0)
(10.3502 -0.00550209 0)
(10.3643 -0.00575499 0)
(10.3974 -0.00346845 0)
(10.4119 -0.00417534 0)
(10.4444 -0.000519933 0)
(10.4599 -0.00202849 0)
(10.491 0.00280362 0)
(10.5083 0.00167492 0)
(10.5368 0.00614773 0)
(10.5569 0.00706867 0)
(10.5818 0.0101443 0)
(10.6053 0.0136199 0)
(10.6265 0.0157534 0)
(10.6527 0.0212811 0)
(10.6709 0.0228926 0)
(10.6994 0.0310946 0)
(10.7141 0.0311912 0)
(10.7461 0.0434192 0)
(10.7556 0.0420467 0)
(10.7924 0.0570763 0)
(10.797 0.0573584 0)
(10.8367 0.0718914 0)
(10.8388 0.0772068 0)
(10.8796 0.0896781 0)
(10.8798 0.100913 0)
(10.9236 0.111773 0)
(10.9192 0.12923 0)
(10.9677 0.138602 0)
(10.9604 0.163003 0)
(11.0095 0.1717 0)
(11.0058 0.201947 0)
(11.0491 0.213006 0)
(11.0561 0.247478 0)
(11.0871 0.26155 0)
(11.1133 0.304209 0)
(11.1223 0.31586 0)
(11.1795 0.37381 0)
(11.1576 0.380499 0)
(11.2497 0.452948 0)
(11.2015 0.463306 0)
(11.3185 0.538708 0)
(11.2567 0.571849 0)
(11.389 0.632513 0)
(11.3193 0.706241 0)
(11.4632 0.751244 0)
(11.3917 0.854652 0)
(11.5344 0.916033 0)
(11.4789 1.02475 0)
(11.5981 1.11869 0)
(11.5767 1.25463 0)
(11.6558 1.3512 0)
(11.6761 1.55401 0)
(11.7008 1.65659 0)
(11.7684 1.89678 0)
(11.733 2.07362 0)
(11.8065 2.30388 0)
(11.7713 2.57892 0)
(11.7558 2.819 0)
(11.7558 3.15793 0)
(11.6397 3.44434 0)
(11.6192 3.80836 0)
(10.0029 -0.00313574 0)
(10.0009 -0.00622666 0)
(10.0127 -0.0141648 0)
(10.0182 -0.0148239 0)
(10.0342 -0.0225418 0)
(10.0463 -0.0215281 0)
(10.0659 -0.0275949 0)
(10.0833 -0.0257232 0)
(10.1046 -0.0298002 0)
(10.1251 -0.0278557 0)
(10.1455 -0.0308515 0)
(10.1691 -0.0289033 0)
(10.1874 -0.0316036 0)
(10.2143 -0.0297331 0)
(10.2304 -0.0317776 0)
(10.2602 -0.0306103 0)
(10.2755 -0.0307678 0)
(10.3064 -0.0313678 0)
(10.3224 -0.0289885 0)
(10.3528 -0.0311676 0)
(10.3707 -0.0272897 0)
(10.3996 -0.0291874 0)
(10.4191 -0.0262007 0)
(10.4468 -0.0256956 0)
(10.467 -0.0247673 0)
(10.4947 -0.0216909 0)
(10.5147 -0.0214944 0)
(10.5422 -0.0179439 0)
(10.5629 -0.0160731 0)
(10.5885 -0.0137267 0)
(10.6116 -0.00927809 0)
(10.6342 -0.00774951 0)
(10.6596 -0.00162038 0)
(10.6799 0.000337594 0)
(10.7067 0.00762497 0)
(10.7247 0.010107 0)
(10.7542 0.0192849 0)
(10.7676 0.0220421 0)
(10.8018 0.0330514 0)
(10.8105 0.0375768 0)
(10.847 0.0486965 0)
(10.8554 0.0567112 0)
(10.8897 0.0682146 0)
(10.9011 0.0783177 0)
(10.9325 0.0931779 0)
(10.9465 0.103631 0)
(10.9755 0.121623 0)
(10.9941 0.137239 0)
(11.0168 0.151277 0)
(11.0456 0.180708 0)
(11.0583 0.185376 0)
(11.0992 0.230376 0)
(11.1033 0.230214 0)
(11.155 0.283519 0)
(11.152 0.288649 0)
(11.215 0.342353 0)
(11.2056 0.360534 0)
(11.2793 0.410177 0)
(11.2656 0.446133 0)
(11.3505 0.493766 0)
(11.3317 0.54147 0)
(11.4283 0.602863 0)
(11.4098 0.651687 0)
(11.508 0.729699 0)
(11.5033 0.802797 0)
(11.5915 0.866912 0)
(11.6101 0.998223 0)
(11.6783 1.05173 0)
(11.7303 1.2128 0)
(11.7733 1.32027 0)
(11.8386 1.46898 0)
(11.8996 1.65332 0)
(11.9124 1.82496 0)
(12.0211 2.05082 0)
(11.9927 2.28605 0)
(12.0694 2.55334 0)
(12.0431 2.85963 0)
(12.0773 3.16275 0)
(11.965 3.54105 0)
(12.0029 3.90793 0)
(10.0017 -0.0053191 0)
(10.0023 -0.0117785 0)
(10.0124 -0.0233409 0)
(10.0211 -0.0271206 0)
(10.0357 -0.0372668 0)
(10.051 -0.0386272 0)
(10.0697 -0.0452254 0)
(10.0892 -0.0455858 0)
(10.1103 -0.0484886 0)
(10.1312 -0.0496138 0)
(10.1526 -0.0500909 0)
(10.1747 -0.0519382 0)
(10.1952 -0.0519377 0)
(10.2198 -0.0531127 0)
(10.2386 -0.0539013 0)
(10.2663 -0.0535793 0)
(10.2836 -0.0545341 0)
(10.3136 -0.0542266 0)
(10.3303 -0.0530612 0)
(10.361 -0.0549878 0)
(10.3786 -0.0504139 0)
(10.4083 -0.0544757 0)
(10.4272 -0.0485029 0)
(10.4561 -0.0514612 0)
(10.4754 -0.0474315 0)
(10.5046 -0.0466579 0)
(10.5236 -0.0451224 0)
(10.5525 -0.0420798 0)
(10.5728 -0.0399685 0)
(10.5988 -0.0377412 0)
(10.6231 -0.0327997 0)
(10.6447 -0.0317211 0)
(10.6722 -0.024859 0)
(10.6916 -0.0234397 0)
(10.7194 -0.0150932 0)
(10.7386 -0.0139903 0)
(10.767 -0.00211733 0)
(10.7835 -0.00301088 0)
(10.8157 0.0131602 0)
(10.8276 0.0120133 0)
(10.8627 0.0288646 0)
(10.8739 0.0329197 0)
(10.9073 0.045138 0)
(10.9215 0.059194 0)
(10.9524 0.0648455 0)
(10.9682 0.0884164 0)
(10.9994 0.0911274 0)
(11.0163 0.119737 0)
(11.0458 0.125222 0)
(11.0685 0.154139 0)
(11.0931 0.168014 0)
(11.1226 0.192159 0)
(11.1459 0.220494 0)
(11.1773 0.236449 0)
(11.205 0.279949 0)
(11.2366 0.294011 0)
(11.2685 0.343504 0)
(11.3022 0.366639 0)
(11.3419 0.419093 0)
(11.3696 0.44624 0)
(11.4312 0.520765 0)
(11.4411 0.531839 0)
(11.5317 0.644013 0)
(11.528 0.650212 0)
(11.6362 0.768493 0)
(11.6407 0.822611 0)
(11.7368 0.914466 0)
(11.789 1.02262 0)
(11.8365 1.13505 0)
(11.9491 1.24805 0)
(11.9763 1.42444 0)
(12.0785 1.56223 0)
(12.1503 1.77553 0)
(12.2136 1.97867 0)
(12.2734 2.24467 0)
(12.3692 2.51021 0)
(12.3411 2.82666 0)
(12.439 3.20656 0)
(12.3599 3.55728 0)
(12.3657 3.97628 0)
(10.0004 -0.00761264 0)
(10.0042 -0.0184619 0)
(10.0123 -0.033231 0)
(10.0254 -0.0411918 0)
(10.0385 -0.0526659 0)
(10.0586 -0.0570551 0)
(10.0757 -0.0632456 0)
(10.0994 -0.0657276 0)
(10.1183 -0.0678138 0)
(10.1421 -0.070604 0)
(10.1617 -0.0707235 0)
(10.1854 -0.0735877 0)
(10.2052 -0.0741568 0)
(10.2304 -0.0750083 0)
(10.2491 -0.077759 0)
(10.278 -0.0753191 0)
(10.2938 -0.0797715 0)
(10.3269 -0.0757973 0)
(10.3399 -0.0789232 0)
(10.3758 -0.0769231 0)
(10.3882 -0.0760511 0)
(10.4236 -0.0774187 0)
(10.4373 -0.0734164 0)
(10.472 -0.0753737 0)
(10.4855 -0.0719228 0)
(10.5222 -0.0706988 0)
(10.5329 -0.0701108 0)
(10.5722 -0.0652898 0)
(10.5818 -0.0658854 0)
(10.6198 -0.0600771 0)
(10.6328 -0.0590058 0)
(10.6663 -0.0539535 0)
(10.6828 -0.0506595 0)
(10.7146 -0.0456809 0)
(10.7301 -0.0409451 0)
(10.7641 -0.0351643 0)
(10.7774 -0.0292852 0)
(10.8112 -0.0218909 0)
(10.8272 -0.0161903 0)
(10.8561 -0.00450212 0)
(10.8769 -0.00190452 0)
(10.9024 0.01664 0)
(10.9248 0.01621 0)
(10.9503 0.0386096 0)
(10.9736 0.0415409 0)
(10.9968 0.0604916 0)
(11.026 0.0739264 0)
(11.0431 0.0860452 0)
(11.0796 0.109066 0)
(11.0947 0.120874 0)
(11.1314 0.145374 0)
(11.1528 0.164556 0)
(11.1857 0.188412 0)
(11.2128 0.212381 0)
(11.2495 0.243254 0)
(11.2738 0.264924 0)
(11.3217 0.308789 0)
(11.3429 0.328679 0)
(11.3987 0.380714 0)
(11.4259 0.413218 0)
(11.4812 0.455247 0)
(11.525 0.523937 0)
(11.5712 0.544378 0)
(11.644 0.645254 0)
(11.6722 0.678628 0)
(11.7795 0.770772 0)
(11.8032 0.853537 0)
(11.9155 0.946392 0)
(11.9745 1.04683 0)
(12.0736 1.19355 0)
(12.1444 1.30211 0)
(12.2903 1.50568 0)
(12.3132 1.64422 0)
(12.5016 1.93529 0)
(12.5323 2.10275 0)
(12.6606 2.47746 0)
(12.7283 2.7706 0)
(12.7978 3.13368 0)
(12.7897 3.64275 0)
(12.8448 3.99334 0)
(9.99989 -0.0104435 0)
(10.0057 -0.0264346 0)
(10.0142 -0.0453783 0)
(10.0303 -0.0571196 0)
(10.0451 -0.0702224 0)
(10.0685 -0.0763871 0)
(10.087 -0.0824221 0)
(10.1124 -0.0860236 0)
(10.1319 -0.0872909 0)
(10.1559 -0.0922244 0)
(10.1764 -0.0903772 0)
(10.1991 -0.097137 0)
(10.2211 -0.0942348 0)
(10.244 -0.0995243 0)
(10.2665 -0.0991912 0)
(10.2917 -0.099067 0)
(10.3123 -0.103444 0)
(10.3414 -0.0980269 0)
(10.359 -0.10432 0)
(10.3908 -0.0987204 0)
(10.408 -0.101558 0)
(10.4387 -0.100287 0)
(10.458 -0.0979227 0)
(10.4874 -0.0996756 0)
(10.5064 -0.0954482 0)
(10.5397 -0.0960975 0)
(10.552 -0.0928945 0)
(10.5934 -0.0914595 0)
(10.5988 -0.0882814 0)
(10.6441 -0.0861569 0)
(10.6493 -0.0820273 0)
(10.692 -0.0788709 0)
(10.7003 -0.0747363 0)
(10.7412 -0.0697446 0)
(10.7486 -0.064927 0)
(10.7918 -0.0599831 0)
(10.7971 -0.051416 0)
(10.84 -0.0493284 0)
(10.8482 -0.0345562 0)
(10.8861 -0.0366472 0)
(10.8992 -0.0151483 0)
(10.9346 -0.0200311 0)
(10.947 0.0048003 0)
(10.9868 0.00312931 0)
(10.9937 0.0242143 0)
(11.04 0.0327344 0)
(11.0434 0.0463869 0)
(11.0923 0.0657669 0)
(11.0971 0.0743873 0)
(11.1469 0.102423 0)
(11.1524 0.107726 0)
(11.2072 0.144087 0)
(11.2098 0.149561 0)
(11.2723 0.187623 0)
(11.274 0.203447 0)
(11.3421 0.237257 0)
(11.345 0.260274 0)
(11.4236 0.305841 0)
(11.4191 0.319586 0)
(11.5208 0.382835 0)
(11.5064 0.407541 0)
(11.6203 0.452843 0)
(11.6273 0.523049 0)
(11.7168 0.553516 0)
(11.7774 0.624656 0)
(11.8427 0.719355 0)
(11.9237 0.733954 0)
(12.0317 0.909324 0)
(12.0763 0.92062 0)
(12.2422 1.10988 0)
(12.3089 1.18871 0)
(12.4351 1.38064 0)
(12.5948 1.54899 0)
(12.6877 1.74368 0)
(12.8629 2.06462 0)
(12.9641 2.2555 0)
(13.13 2.74548 0)
(13.2068 3.03646 0)
(13.2815 3.56946 0)
(13.3537 4.11458 0)
(10.0002 -0.0141999 0)
(10.0069 -0.0367314 0)
(10.0192 -0.0612161 0)
(10.0374 -0.0763071 0)
(10.058 -0.0908596 0)
(10.0822 -0.0978848 0)
(10.1063 -0.103381 0)
(10.1291 -0.107763 0)
(10.1539 -0.108216 0)
(10.173 -0.114949 0)
(10.1995 -0.111792 0)
(10.2163 -0.121511 0)
(10.2454 -0.116012 0)
(10.2616 -0.124944 0)
(10.2922 -0.121323 0)
(10.3098 -0.124431 0)
(10.3391 -0.126353 0)
(10.3603 -0.122697 0)
(10.3863 -0.128277 0)
(10.4103 -0.122778 0)
(10.4358 -0.126357 0)
(10.4581 -0.124096 0)
(10.4872 -0.123095 0)
(10.5064 -0.123681 0)
(10.5369 -0.120395 0)
(10.5588 -0.120917 0)
(10.5828 -0.116903 0)
(10.6137 -0.117578 0)
(10.6291 -0.111034 0)
(10.6658 -0.113328 0)
(10.6795 -0.104046 0)
(10.7146 -0.106403 0)
(10.7304 -0.0962967 0)
(10.7647 -0.0979099 0)
(10.7783 -0.0851663 0)
(10.817 -0.0895788 0)
(10.8254 -0.0703278 0)
(10.8681 -0.0790387 0)
(10.8737 -0.0548743 0)
(10.9188 -0.0631224 0)
(10.921 -0.0401264 0)
(10.9715 -0.0414555 0)
(10.9672 -0.0252325 0)
(11.0252 -0.0151691 0)
(11.0155 -0.00706728 0)
(11.0776 0.0117867 0)
(11.069 0.0193832 0)
(11.1276 0.0366115 0)
(11.1291 0.0538976 0)
(11.1779 0.0653247 0)
(11.1912 0.0891869 0)
(11.2383 0.103773 0)
(11.2495 0.12757 0)
(11.3107 0.144316 0)
(11.3133 0.182714 0)
(11.3832 0.17889 0)
(11.3955 0.252913 0)
(11.4576 0.225521 0)
(11.4878 0.313378 0)
(11.5542 0.313014 0)
(11.5782 0.352405 0)
(11.6794 0.434768 0)
(11.6824 0.407657 0)
(11.8122 0.543471 0)
(11.8339 0.52907 0)
(11.9374 0.627382 0)
(12.0442 0.700419 0)
(12.0822 0.745913 0)
(12.2773 0.894578 0)
(12.3005 0.911247 0)
(12.5268 1.16186 0)
(12.5807 1.13077 0)
(12.8332 1.48463 0)
(12.9166 1.54111 0)
(13.1678 1.85867 0)
(13.3252 2.16713 0)
(13.5159 2.46337 0)
(13.6938 3.02498 0)
(13.816 3.42283 0)
(13.9708 4.12179 0)
(9.99821 -0.0198385 0)
(10.0124 -0.0504514 0)
(10.0253 -0.0822334 0)
(10.0533 -0.0987629 0)
(10.0764 -0.116279 0)
(10.1063 -0.120867 0)
(10.1329 -0.129074 0)
(10.1549 -0.130714 0)
(10.1842 -0.135101 0)
(10.1975 -0.139703 0)
(10.2315 -0.139925 0)
(10.2406 -0.1485 0)
(10.2781 -0.143948 0)
(10.2875 -0.153502 0)
(10.3242 -0.14842 0)
(10.3379 -0.153588 0)
(10.3693 -0.153214 0)
(10.3896 -0.151787 0)
(10.4146 -0.15559 0)
(10.4395 -0.151462 0)
(10.4625 -0.154523 0)
(10.4862 -0.151666 0)
(10.5126 -0.152926 0)
(10.5326 -0.149107 0)
(10.5608 -0.152285 0)
(10.5827 -0.144637 0)
(10.6043 -0.149238 0)
(10.6353 -0.141635 0)
(10.6469 -0.142024 0)
(10.6855 -0.137929 0)
(10.6924 -0.135307 0)
(10.7321 -0.128481 0)
(10.7386 -0.131019 0)
(10.7784 -0.115535 0)
(10.7831 -0.123294 0)
(10.824 -0.104626 0)
(10.83 -0.109205 0)
(10.8641 -0.0943388 0)
(10.8821 -0.0919017 0)
(10.9002 -0.0818191 0)
(10.9352 -0.0718156 0)
(10.9387 -0.0676479 0)
(10.9846 -0.0488621 0)
(10.9838 -0.0496217 0)
(11.0292 -0.0254462 0)
(11.0358 -0.0268643 0)
(11.0727 0.00103204 0)
(11.0899 -0.0033979 0)
(11.1233 0.0333243 0)
(11.1429 0.0234863 0)
(11.1804 0.0649035 0)
(11.205 0.0638859 0)
(11.2354 0.090032 0)
(11.2831 0.116802 0)
(11.2957 0.119821 0)
(11.3625 0.170493 0)
(11.3809 0.16199 0)
(11.4395 0.228816 0)
(11.4878 0.20918 0)
(11.5301 0.298378 0)
(11.6112 0.272162 0)
(11.6343 0.357281 0)
(11.7651 0.383441 0)
(11.7534 0.392873 0)
(11.9435 0.52977 0)
(11.9182 0.459756 0)
(12.1336 0.6523 0)
(12.1506 0.616107 0)
(12.3405 0.752106 0)
(12.4551 0.832828 0)
(12.6002 0.915944 0)
(12.8028 1.08641 0)
(12.9687 1.15159 0)
(13.227 1.45383 0)
(13.3913 1.52181 0)
(13.7617 1.95629 0)
(13.8971 2.20295 0)
(14.3104 2.73258 0)
(14.3323 3.27072 0)
(14.7711 4.06676 0)
(9.99409 -0.0274704 0)
(10.0233 -0.0681874 0)
(10.0369 -0.100869 0)
(10.0805 -0.116024 0)
(10.1045 -0.127293 0)
(10.1424 -0.13107 0)
(10.1681 -0.135405 0)
(10.1895 -0.140057 0)
(10.2194 -0.143501 0)
(10.2272 -0.15065 0)
(10.2641 -0.151268 0)
(10.2669 -0.159741 0)
(10.3047 -0.156504 0)
(10.3108 -0.164971 0)
(10.3406 -0.160764 0)
(10.3556 -0.166711 0)
(10.3731 -0.164589 0)
(10.3979 -0.167665 0)
(10.4043 -0.165994 0)
(10.4359 -0.169676 0)
(10.4349 -0.164932 0)
(10.4699 -0.170628 0)
(10.4638 -0.164621 0)
(10.5022 -0.167496 0)
(10.4889 -0.165567 0)
(10.5343 -0.162584 0)
(10.5098 -0.163189 0)
(10.5643 -0.160052 0)
(10.5294 -0.155572 0)
(10.5897 -0.157363 0)
(10.55 -0.148013 0)
(10.6105 -0.149026 0)
(10.5703 -0.142388 0)
(10.6286 -0.138064 0)
(10.591 -0.131772 0)
(10.6418 -0.131038 0)
(10.6173 -0.11334 0)
(10.647 -0.12535 0)
(10.6491 -0.0923261 0)
(10.6523 -0.116192 0)
(10.6749 -0.0705918 0)
(10.6718 -0.103161 0)
(10.6872 -0.0493717 0)
(10.7074 -0.0829556 0)
(10.6936 -0.0316223 0)
(10.7504 -0.0559207 0)
(10.7053 -0.0109308 0)
(10.7951 -0.0307063 0)
(10.7283 0.019006 0)
(10.8439 -0.00566258 0)
(10.7593 0.0474557 0)
(10.9083 0.0325576 0)
(10.7929 0.0693383 0)
(10.9874 0.0723554 0)
(10.8543 0.115939 0)
(11.0457 0.0754629 0)
(10.9805 0.218029 0)
(11.0786 0.0424131 0)
(11.1448 0.339616 0)
(11.1567 0.0434511 0)
(11.2652 0.401728 0)
(11.3568 0.140152 0)
(11.331 0.402873 0)
(11.6188 0.275318 0)
(11.4825 0.446485 0)
(11.8176 0.369319 0)
(11.7803 0.543059 0)
(12.0421 0.503386 0)
(12.0668 0.61242 0)
(12.4544 0.695012 0)
(12.3609 0.763267 0)
(12.9173 0.828764 0)
(12.8415 1.08735 0)
(13.46 1.03541 0)
(13.4306 1.3965 0)
(14.2145 1.58564 0)
(14.2043 1.8674 0)
(14.9866 2.41789 0)
(15.2299 3.02996 0)
(15.5659 3.93057 0)
(9.99493 -0.0624755 0)
(10.0373 -0.135705 0)
(10.0644 -0.174747 0)
(10.1102 -0.18358 0)
(10.1286 -0.186838 0)
(10.1538 -0.185254 0)
(10.1582 -0.188796 0)
(10.162 -0.190469 0)
(10.1623 -0.196855 0)
(10.152 -0.19623 0)
(10.1536 -0.202827 0)
(10.1344 -0.197498 0)
(10.1342 -0.204755 0)
(10.1104 -0.195598 0)
(10.103 -0.204715 0)
(10.0791 -0.19296 0)
(10.0608 -0.203302 0)
(10.0401 -0.191154 0)
(10.0099 -0.199765 0)
(9.99346 -0.189855 0)
(9.95213 -0.195239 0)
(9.94016 -0.18659 0)
(9.88806 -0.192263 0)
(9.88197 -0.179313 0)
(9.81839 -0.19082 0)
(9.81925 -0.170086 0)
(9.74552 -0.187554 0)
(9.75069 -0.162002 0)
(9.67315 -0.180662 0)
(9.67598 -0.154244 0)
(9.60264 -0.172761 0)
(9.59766 -0.143408 0)
(9.53342 -0.165842 0)
(9.51838 -0.129577 0)
(9.4678 -0.157512 0)
(9.43656 -0.115793 0)
(9.41214 -0.145947 0)
(9.34981 -0.101456 0)
(9.36947 -0.133773 0)
(9.26309 -0.0838787 0)
(9.33432 -0.121678 0)
(9.18813 -0.0645527 0)
(9.29941 -0.107284 0)
(9.13305 -0.0445385 0)
(9.26571 -0.0919309 0)
(9.09771 -0.0208254 0)
(9.2408 -0.0782412 0)
(9.07621 0.00659981 0)
(9.23898 -0.0629942 0)
(9.05662 0.0341983 0)
(9.27292 -0.0450693 0)
(9.04321 0.0624602 0)
(9.33663 -0.0244927 0)
(9.0465 0.0910139 0)
(9.44608 0.000469763 0)
(9.03324 0.120209 0)
(9.64283 0.028592 0)
(9.00508 0.154747 0)
(9.87019 0.0533437 0)
(9.08726 0.209059 0)
(10.0037 0.0559944 0)
(9.35194 0.298615 0)
(10.1189 0.0533261 0)
(9.61543 0.369368 0)
(10.4054 0.13214 0)
(9.86143 0.379311 0)
(10.6544 0.230544 0)
(10.406 0.473553 0)
(10.7832 0.215608 0)
(11.0835 0.644318 0)
(11.2031 0.292566 0)
(11.6216 0.749061 0)
(12.0471 0.478121 0)
(12.0885 0.878649 0)
(13.1382 0.766839 0)
(13.0085 1.08083 0)
(14.2103 1.11563 0)
(14.5986 1.65918 0)
(15.6888 2.00202 0)
(16.5164 3.12679 0)
(9.89946 -0.0454377 0)
(9.80824 -0.0987315 0)
(9.69727 -0.120742 0)
(9.57275 -0.126089 0)
(9.41529 -0.123986 0)
(9.25569 -0.123997 0)
(9.07804 -0.123345 0)
(8.91255 -0.1263 0)
(8.73487 -0.12598 0)
(8.57305 -0.12789 0)
(8.39841 -0.125753 0)
(8.24066 -0.12583 0)
(8.06729 -0.122649 0)
(7.91348 -0.121692 0)
(7.74044 -0.118622 0)
(7.59149 -0.116926 0)
(7.41922 -0.114432 0)
(7.2762 -0.112031 0)
(7.10556 -0.109804 0)
(6.96893 -0.106994 0)
(6.80035 -0.104649 0)
(6.67094 -0.101668 0)
(6.50466 -0.0990696 0)
(6.38398 -0.0957402 0)
(6.2196 -0.0931541 0)
(6.10903 -0.0895338 0)
(5.94681 -0.0866138 0)
(5.84672 -0.083241 0)
(5.68884 -0.079215 0)
(5.59778 -0.0768035 0)
(5.44768 -0.0711349 0)
(5.36402 -0.0700619 0)
(5.22388 -0.0623328 0)
(5.14887 -0.0630813 0)
(5.01702 -0.0529396 0)
(4.95572 -0.0552308 0)
(4.82786 -0.0441063 0)
(4.78506 -0.0451891 0)
(4.66173 -0.0370717 0)
(4.63194 -0.0330066 0)
(4.52925 -0.0301975 0)
(4.48885 -0.022601 0)
(4.43872 -0.0181292 0)
(4.35562 -0.0187664 0)
(4.38372 0.000259307 0)
(4.25177 -0.0188448 0)
(4.34268 0.015576 0)
(4.19626 -0.00991325 0)
(4.31986 0.0163954 0)
(4.16159 0.00960072 0)
(4.366 0.0219832 0)
(4.09859 0.00913765 0)
(4.50326 0.0563162 0)
(4.03951 -0.0114293 0)
(4.67657 0.0988878 0)
(4.03382 -0.0273032 0)
(4.87937 0.139552 0)
(4.06419 -0.0457327 0)
(5.13851 0.187018 0)
(4.13412 -0.0558091 0)
(5.44505 0.210668 0)
(4.23534 -0.0344884 0)
(5.88371 0.253035 0)
(4.27227 -0.130638 0)
(6.47322 0.515545 0)
(4.50057 -0.374445 0)
(6.81989 0.728774 0)
(5.202 -0.327504 0)
(7.06176 0.647956 0)
(5.91414 -0.208628 0)
(7.7612 0.722298 0)
(6.35354 -0.298539 0)
(8.9808 1.13134 0)
(6.96076 -0.74669 0)
(10.1371 1.87128 0)
(8.58732 -0.906818 0)
(11.1103 2.03262 0)
(11.0284 -0.358217 0)
(13.2693 2.27841 0)
(14.2212 0.573838 0)
(-0.18588 -0.295285 0)
(0.067943 -0.188666 0)
(0.216458 -0.0496523 0)
(0.356768 -0.0103613 0)
(0.505341 -0.00485951 0)
(0.600283 -0.0208768 0)
(0.614275 0.0185894 0)
(0.470774 0.0979151 0)
(0.1837 0.134734 0)
(-0.0546903 0.0666037 0)
(-0.216662 0.0401506 0)
(-0.632025 0.288805 0)
(-1.63694 0.545023 0)
(-2.48337 0.431056 0)
(-3.03441 0.319832 0)
(-3.45924 0.24206 0)
(-3.383 0.0325308 0)
(-2.93401 -0.247248 0)
(-2.09636 -0.475068 0)
(-0.571635 -0.810376 0)
(-0.337866 0.121282 0)
(0.0151035 -0.189156 0)
(0.316912 -0.239207 0)
(0.373069 -0.319123 0)
(0.417962 -0.249805 0)
(0.460643 -0.0819049 0)
(0.484924 0.123791 0)
(0.372559 0.360095 0)
(0.0383612 0.415302 0)
(-0.492219 0.329815 0)
(-1.29328 0.634112 0)
(-2.11688 1.20626 0)
(-2.83516 1.15149 0)
(-3.32658 0.896317 0)
(-3.65348 0.657498 0)
(-3.69923 0.188871 0)
(-3.33325 -0.437381 0)
(-2.52742 -1.34056 0)
(-1.86727 -1.74996 0)
(-0.0754483 -2.18616 0)
(-0.534262 -1.0731 0)
(-0.694013 -0.961495 0)
(-0.310767 -0.332358 0)
(0.106304 -0.0953931 0)
(0.419189 -0.127038 0)
(0.367188 -0.119494 0)
(0.113689 0.0954989 0)
(-0.0668949 0.551904 0)
(-0.29394 0.986043 0)
(-0.850094 1.29089 0)
(-1.67065 1.54605 0)
(-2.32297 1.75142 0)
(-2.59421 1.56175 0)
(-2.91012 1.16977 0)
(-2.92708 0.676183 0)
(-2.74236 -0.0544822 0)
(-2.45573 -0.928199 0)
(-1.51834 -2.19795 0)
(-1.50041 -2.67001 0)
(0.0125095 -2.94614 0)
(2.85317 0.889536 0)
(0.97832 -0.192462 0)
(-0.253139 -1.22629 0)
(-0.531204 -1.20759 0)
(-0.383914 -0.48818 0)
(-0.0622558 0.287529 0)
(-0.082934 0.551998 0)
(-0.242419 0.765683 0)
(-0.575836 1.1737 0)
(-0.987711 1.64025 0)
(-1.35907 2.07421 0)
(-1.66653 2.12078 0)
(-1.89876 1.79256 0)
(-2.05175 1.26096 0)
(-1.77695 0.538186 0)
(-1.53302 -0.298795 0)
(-1.52573 -1.23394 0)
(-0.607603 -2.5633 0)
(-1.09107 -3.02919 0)
(0.038078 -3.6771 0)
(6.24933 1.81724 0)
(5.20186 1.6423 0)
(4.06327 1.45115 0)
(1.6947 0.371123 0)
(-0.276479 -0.635313 0)
(-0.87417 -0.428001 0)
(-0.848681 0.227089 0)
(-0.654843 1.19446 0)
(-0.423472 1.84155 0)
(-0.621593 2.15482 0)
(-1.14084 2.096 0)
(-1.3499 2.21323 0)
(-1.31217 1.90513 0)
(-1.08608 1.14529 0)
(-0.663466 0.218924 0)
(-0.523798 -0.49232 0)
(-0.711871 -1.51524 0)
(0.247395 -2.69845 0)
(-0.637149 -3.08094 0)
(0.321631 -4.06243 0)
(8.35104 2.5991 0)
(7.63365 2.5583 0)
(6.64752 2.44207 0)
(5.44406 2.33788 0)
(3.81791 2.06189 0)
(1.55023 1.16611 0)
(-0.425624 0.401443 0)
(-1.26817 0.359537 0)
(-1.00329 1.10907 0)
(-0.502758 2.336 0)
(-0.209252 2.86562 0)
(-0.279941 2.48546 0)
(-0.222974 1.70108 0)
(-0.0334132 0.707929 0)
(0.263262 -0.00932956 0)
(0.435082 -0.369282 0)
(0.227252 -1.76007 0)
(0.879306 -2.66836 0)
(-0.474783 -2.97134 0)
(0.466767 -4.06212 0)
(9.58264 3.11619 0)
(9.08367 3.26062 0)
(8.42357 3.28438 0)
(7.59058 3.426 0)
(6.59681 3.35623 0)
(5.10418 3.23038 0)
(3.39961 2.73921 0)
(1.45881 1.99856 0)
(-0.22012 1.28778 0)
(-1.02587 1.36309 0)
(-0.52391 1.74016 0)
(-0.0878488 2.1647 0)
(0.163861 1.77565 0)
(0.580542 0.770177 0)
(0.784973 -0.232509 0)
(1.37443 -0.66133 0)
(0.919682 -1.92098 0)
(0.977107 -2.48971 0)
(-0.574675 -2.82303 0)
(0.753724 -4.0155 0)
(10.3015 3.48091 0)
(9.92513 3.73479 0)
(9.5463 3.92691 0)
(8.9384 4.11372 0)
(8.34096 4.28112 0)
(7.38518 4.38471 0)
(6.42116 4.27112 0)
(4.85972 3.87046 0)
(3.43466 3.22987 0)
(1.64831 2.49168 0)
(0.765399 1.85441 0)
(0.242847 1.55382 0)
(0.542019 0.809276 0)
(0.864394 0.0442314 0)
(0.668214 -0.591315 0)
(1.09349 -0.403216 0)
(0.554416 -0.602502 0)
(0.899245 -0.897062 0)
(0.0665238 -2.12078 0)
(1.24977 -3.542 0)
(10.7641 3.81423 0)
(10.4665 4.03958 0)
(10.2439 4.36044 0)
(9.78956 4.61581 0)
(9.4376 4.92994 0)
(8.83386 5.06266 0)
(8.20147 5.23307 0)
(7.35343 5.15291 0)
(6.27852 4.68787 0)
(5.11841 4.00254 0)
(3.62796 3.24805 0)
(2.86626 2.37115 0)
(2.02198 1.25606 0)
(2.41832 0.257946 0)
(2.46521 -0.669043 0)
(2.42246 -1.29827 0)
(1.45329 -2.40325 0)
(1.92288 -3.08001 0)
(1.34116 -3.76321 0)
(1.71698 -3.78842 0)
(11.1194 4.01827 0)
(10.9029 4.28526 0)
(10.6975 4.70121 0)
(10.4302 4.96814 0)
(10.0649 5.29044 0)
(9.76294 5.67888 0)
(9.276 5.74908 0)
(8.81925 5.81695 0)
(7.99728 5.75326 0)
(7.35292 5.17226 0)
(6.35145 4.22653 0)
(5.69565 2.76399 0)
(5.3261 1.26169 0)
(5.02992 -0.196733 0)
(4.76604 0.0578975 0)
(4.83921 1.14659 0)
(3.94655 1.16364 0)
(3.75954 0.197437 0)
(2.38957 -0.374753 0)
(2.68874 0.365978 0)
(11.4056 4.14875 0)
(11.3693 4.5535 0)
(11.016 4.84202 0)
(10.9278 5.34936 0)
(10.5602 5.60751 0)
(10.3279 5.85827 0)
(9.89855 6.30665 0)
(9.62124 6.2825 0)
(9.05547 6.22665 0)
(8.36833 6.06766 0)
(7.09588 5.5771 0)
(5.32154 4.98083 0)
(2.73552 3.03715 0)
(-1.70704 0.0416711 0)
(-3.76397 -0.355933 0)
(-4.30688 -1.06608 0)
(-3.13816 -2.55089 0)
(-3.01454 -3.05307 0)
(-2.37082 -3.08655 0)
(0.620001 0.102532 0)
(11.7756 4.28459 0)
(11.7235 4.72176 0)
(11.4847 5.16639 0)
(11.2774 5.40698 0)
(10.9573 6.03297 0)
(10.7434 6.22602 0)
(10.3239 6.44673 0)
(10.0843 6.80926 0)
(9.61029 6.61958 0)
(9.41966 6.45664 0)
(9.14748 5.7789 0)
(8.66364 5.32229 0)
(8.41245 5.28334 0)
(7.72474 4.83174 0)
(6.21265 3.68304 0)
(5.11311 1.72598 0)
(4.42209 -0.249955 0)
(3.99038 0.0200981 0)
(1.69047 -1.93018 0)
(-0.672836 -1.13945 0)
(12.2341 4.49577 0)
(12.154 4.79044 0)
(11.8331 5.43771 0)
(11.7784 5.79275 0)
(11.2832 6.09903 0)
(11.1706 6.62132 0)
(10.5376 6.79444 0)
(10.326 7.13472 0)
(9.56758 7.52415 0)
(8.79773 7.77415 0)
(7.842 7.97522 0)
(6.36942 7.22132 0)
(5.24162 6.1231 0)
(5.00781 4.7713 0)
(3.93137 3.05936 0)
(3.48036 0.904443 0)
(1.62191 -1.03406 0)
(1.04338 -0.883554 0)
(-0.0192959 0.323792 0)
(-0.271992 0.69294 0)
(12.6529 4.60234 0)
(12.6929 5.08829 0)
(12.2974 5.53653 0)
(12.1971 6.17318 0)
(11.6214 6.6159 0)
(11.535 6.95172 0)
(10.9751 7.21683 0)
(10.927 7.07688 0)
(10.8151 6.93931 0)
(10.914 6.75794 0)
(11.0752 6.97184 0)
(10.6025 6.88921 0)
(9.05813 6.01981 0)
(7.41432 5.1675 0)
(5.59259 4.19506 0)
(4.34562 2.50611 0)
(2.0464 1.67136 0)
(0.618953 1.35645 0)
(0.159099 -0.312364 0)
(-0.0992107 -1.12956 0)
(13.235 4.62283 0)
(13.2025 5.31575 0)
(12.8456 5.87936 0)
(12.7974 6.35001 0)
(12.0674 6.89145 0)
(11.7149 7.4393 0)
(10.777 8.07431 0)
(9.91912 8.77226 0)
(8.61307 9.17554 0)
(7.16244 8.87904 0)
(6.78365 8.55411 0)
(7.6633 8.75122 0)
(8.14319 8.46975 0)
(7.48279 7.47293 0)
(6.2183 6.15403 0)
(5.217 5.14383 0)
(3.18143 3.46511 0)
(1.73328 1.43243 0)
(1.4333 0.888902 0)
(0.612902 0.637987 0)
(13.8503 4.76287 0)
(13.9469 5.51517 0)
(13.4067 6.27595 0)
(13.2954 7.11457 0)
(12.7166 7.41332 0)
(12.5042 7.52574 0)
(12.3026 7.41803 0)
(12.5032 7.39953 0)
(12.6571 8.03315 0)
(11.799 8.23169 0)
(10.0156 7.58287 0)
(8.36416 6.93708 0)
(8.02212 7.34511 0)
(8.09934 7.87147 0)
(7.06723 6.91221 0)
(5.91827 5.90497 0)
(4.63479 4.96584 0)
(3.12287 2.94199 0)
(1.67535 1.02125 0)
(0.521363 0.956715 0)
(14.5472 4.70593 0)
(14.7299 5.69522 0)
(14.3331 6.44624 0)
(13.8031 7.38474 0)
(12.8624 8.53094 0)
(11.512 9.35316 0)
(9.74496 10.0617 0)
(7.92518 9.88252 0)
(8.11672 9.74185 0)
(9.32699 10.4834 0)
(9.50657 10.4241 0)
(8.38694 9.33819 0)
(7.08335 7.98272 0)
(6.96296 8.26774 0)
(6.67471 8.38966 0)
(5.7625 7.37947 0)
(4.32186 6.07045 0)
(3.27409 4.54965 0)
(1.99549 3.45916 0)
(0.608337 2.67823 0)
(15.8374 5.12439 0)
(15.5823 6.18547 0)
(15.3265 7.27697 0)
(14.8726 7.69141 0)
(14.6253 7.95022 0)
(14.7755 8.50925 0)
(14.7024 9.19499 0)
(13.0805 9.5071 0)
(10.3236 8.84844 0)
(8.75816 8.65496 0)
(8.87444 9.53736 0)
(8.6453 10.0404 0)
(7.44796 9.23359 0)
(6.57645 8.32492 0)
(6.15574 8.03972 0)
(5.68664 8.16043 0)
(4.80918 7.02842 0)
(3.50129 5.11428 0)
(2.03637 4.00197 0)
(0.645588 3.6261 0)
(17.1666 4.51117 0)
(17.6061 6.92757 0)
(16.1763 8.66087 0)
(14.1547 9.92425 0)
(11.5271 10.2985 0)
(9.91296 10.0812 0)
(10.9548 11.0161 0)
(12.3906 11.9991 0)
(11.8275 11.7941 0)
(9.70489 10.6633 0)
(8.35636 9.92065 0)
(8.25374 10.255 0)
(7.32286 10.0138 0)
(6.26505 9.66591 0)
(5.5692 9.04551 0)
(5.09299 8.57078 0)
(4.3774 8.2274 0)
(3.27726 6.95667 0)
(2.05315 5.86684 0)
(0.699597 5.0856 0)
(16.671 3.56347 0)
(19.0863 6.17121 0)
(20.126 8.82826 0)
(19.0862 10.2104 0)
(17.3011 11.112 0)
(13.6938 10.9359 0)
(10.4324 9.9782 0)
(10.0857 10.9249 0)
(10.5219 12.1641 0)
(9.70149 12.1207 0)
(8.19768 11.3986 0)
(7.95281 11.3012 0)
(7.38551 10.9182 0)
(6.16171 9.99638 0)
(5.15264 9.57369 0)
(4.61235 9.51316 0)
(3.78679 8.53092 0)
(2.5751 7.44718 0)
(1.51014 6.89449 0)
(0.505271 6.33548 0)
(3.33571 0.253389 0)
(9.53767 5.222 0)
(13.2109 8.27099 0)
(15.5959 10.8978 0)
(17.242 13.0165 0)
(17.2645 13.8648 0)
(13.8703 13.0858 0)
(10.4442 11.9419 0)
(9.71069 12.2954 0)
(9.42055 12.4212 0)
(8.02944 11.7301 0)
(7.42872 11.7005 0)
(7.01816 11.8974 0)
(6.21878 11.4722 0)
(4.93794 10.3925 0)
(4.31745 10.2374 0)
(3.70837 10.2774 0)
(2.52822 9.10024 0)
(1.34755 8.08784 0)
(0.449004 7.24195 0)
(-4.38518 -7.76034 0)
(3.59565 -0.0563662 0)
(6.14634 4.26148 0)
(8.82113 7.8809 0)
(11.7386 11.4116 0)
(15.4933 15.0165 0)
(15.6384 15.6142 0)
(12.4895 14.1127 0)
(9.51978 13.3122 0)
(8.90025 13.5893 0)
(7.71514 12.9533 0)
(6.93701 12.3818 0)
(6.34346 12.3428 0)
(5.79403 12.1942 0)
(4.77615 11.6677 0)
(3.83505 10.944 0)
(2.92725 10.2934 0)
(1.96429 9.6887 0)
(1.16046 8.99443 0)
(0.425438 8.12811 0)
(0.158765 -0.759191 0)
(-0.0795538 -4.15227 0)
(3.05279 1.23238 0)
(6.21745 5.44918 0)
(7.45639 8.07698 0)
(10.9939 12.8278 0)
(14.0622 17.0123 0)
(12.4662 16.7002 0)
(9.53183 15.0316 0)
(8.37004 14.4087 0)
(7.26656 13.8488 0)
(6.37139 13.1086 0)
(5.68942 12.9878 0)
(5.19016 12.8929 0)
(4.27877 12.3502 0)
(3.76185 12.2652 0)
(2.95554 11.8499 0)
(1.84697 10.5353 0)
(0.952418 9.72927 0)
(0.334904 8.77354 0)
(0.952366 -7.23257 0)
(1.09211 -4.89784 0)
(1.04323 -3.36924 0)
(6.04989 3.11457 0)
(5.99814 5.02391 0)
(8.61034 9.74614 0)
(11.7561 15.4082 0)
(12.2808 17.7719 0)
(9.41443 16.7819 0)
(8.04387 15.7752 0)
(6.97241 14.9799 0)
(5.90931 13.992 0)
(4.95069 13.4218 0)
(4.69726 13.4065 0)
(4.00527 13.0434 0)
(3.33695 12.467 0)
(2.62415 12.3321 0)
(1.82776 11.8072 0)
(0.985018 10.6975 0)
(0.359858 9.47998 0)
(-0.611432 -3.47119 0)
(0.374198 -3.68559 0)
(0.380557 -4.04556 0)
(3.95447 -0.127337 0)
(6.69525 4.13331 0)
(7.11995 7.32932 0)
(9.43709 13.7779 0)
(10.4032 17.9974 0)
(9.00846 18.3465 0)
(7.68622 17.3287 0)
(6.80233 16.3905 0)
(5.87353 15.1302 0)
(4.80101 14.2539 0)
(4.31121 13.9445 0)
(3.73 13.7984 0)
(3.40381 13.7033 0)
(2.63402 13.0786 0)
(1.69175 11.8853 0)
(0.884078 11.2234 0)
(0.31847 10.1163 0)
(-1.43318 -6.12132 0)
(-0.386847 -5.6422 0)
(-0.9273 -6.00538 0)
(1.44125 -3.78624 0)
(5.98432 2.54306 0)
(5.24627 6.68805 0)
(7.72067 13.7436 0)
(8.10948 17.2107 0)
(6.90313 18.1653 0)
(6.64743 17.876 0)
(6.53449 17.2492 0)
(5.81524 16.0828 0)
(4.72747 15.0404 0)
(4.23973 14.5426 0)
(3.56884 14.1403 0)
(3.1261 13.9604 0)
(2.55074 14.1625 0)
(1.80555 13.4909 0)
(0.924249 12.1098 0)
(0.346939 10.7287 0)
(-0.207322 -2.23184 0)
(-1.40394 -5.14456 0)
(-0.439547 -6.46125 0)
(-0.306635 -7.15519 0)
(2.81148 -0.46846 0)
(3.93766 6.801 0)
(5.21779 13.2886 0)
(5.75004 18.3949 0)
(3.85212 18.1672 0)
(4.02819 17.7683 0)
(4.45235 17.5201 0)
(4.66479 16.7733 0)
(4.06249 15.8404 0)
(3.57791 15.2701 0)
(3.03295 15.04 0)
(2.85911 14.7887 0)
(2.28949 14.2501 0)
(1.60081 13.3118 0)
(0.872661 12.7141 0)
(0.314843 11.404 0)
(-0.445113 -3.739 0)
(-0.824895 -4.11803 0)
(-1.78793 -6.71896 0)
(-1.82353 -6.65448 0)
(-1.67761 -2.7023 0)
(2.09366 6.3212 0)
(0.982307 12.5985 0)
(3.57674 18.7421 0)
(2.99327 19.7177 0)
(1.91456 17.6699 0)
(2.44997 17.0058 0)
(2.84374 16.5117 0)
(2.91371 15.9531 0)
(2.93392 15.3156 0)
(2.55659 14.9273 0)
(2.42028 15.1239 0)
(2.06599 15.566 0)
(1.48992 14.851 0)
(0.747054 13.4188 0)
(0.275424 11.9171 0)
(-1.78513 -1.26503 0)
(-3.45253 -4.01327 0)
(-4.52355 -6.32421 0)
(-6.01724 -7.55322 0)
(-4.95537 -3.18451 0)
(-1.89731 5.18935 0)
(-3.6939 11.3217 0)
(0.774473 17.6828 0)
(0.721673 18.8124 0)
(2.36275 18.9064 0)
(2.36416 17.5935 0)
(2.37675 16.6577 0)
(2.24708 16.0368 0)
(2.24365 15.7125 0)
(2.02189 15.3952 0)
(2.09009 15.151 0)
(1.77286 15.048 0)
(1.35862 14.4832 0)
(0.735891 14.0009 0)
(0.254606 12.5242 0)
(-0.890335 1.42365 0)
(-4.22275 -1.15967 0)
(-5.89266 -4.73496 0)
(-8.93196 -6.96619 0)
(-8.75345 -4.05852 0)
(-5.77972 5.71585 0)
(-5.74998 11.2482 0)
(-4.14562 14.8107 0)
(-1.78942 17.0227 0)
(0.569985 16.5397 0)
(2.38147 17.0718 0)
(3.10556 17.0239 0)
(2.77888 16.3385 0)
(2.48325 15.6514 0)
(2.01396 15.3331 0)
(1.91801 15.6598 0)
(1.719 16.3296 0)
(1.29405 15.7798 0)
(0.655743 14.4782 0)
(0.216109 12.8723 0)
(-0.261249 3.08739 0)
(-4.33521 0.950403 0)
(-5.43342 -2.97868 0)
(-8.69662 -5.36842 0)
(-10.4585 -4.70791 0)
(-8.73773 2.23457 0)
(-5.09177 11.0614 0)
(-5.28415 11.6327 0)
(-1.55702 15.2988 0)
(-1.32707 14.168 0)
(0.800548 14.9167 0)
(2.62611 16.1414 0)
(3.15066 16.7011 0)
(2.84428 16.4426 0)
(2.20982 15.8609 0)
(1.93316 15.512 0)
(1.57151 15.7181 0)
(1.2837 15.4428 0)
(0.697647 15.0528 0)
(0.220426 13.4336 0)
(-1.27986 5.41117 0)
(-1.40942 3.37873 0)
(-3.45469 -0.0443668 0)
(-5.93992 -2.69896 0)
(-7.99988 -3.66392 0)
(-8.55262 -0.610658 0)
(-5.79609 6.4855 0)
(-3.11189 9.72448 0)
(-0.423985 12.8009 0)
(0.845714 14.2046 0)
(0.588635 13.5903 0)
(1.54893 14.4843 0)
(2.80865 15.9929 0)
(3.13643 16.4433 0)
(2.57973 16.2488 0)
(2.15433 16.3364 0)
(1.76834 16.9888 0)
(1.29294 16.6114 0)
(0.67813 15.5133 0)
(0.189049 13.7904 0)
(-0.666104 6.82036 0)
(1.48034 3.74229 0)
(-1.05083 2.17987 0)
(-1.79586 -0.423357 0)
(-3.14002 -1.55307 0)
(-4.06807 -0.70816 0)
(-4.05864 3.41682 0)
(-1.67205 6.67421 0)
(0.172245 10.3051 0)
(2.30267 12.7961 0)
(2.76527 13.9198 0)
(2.2556 13.8439 0)
(2.42388 15.086 0)
(2.99485 16.5598 0)
(2.73682 16.6437 0)
(2.30788 16.3053 0)
(1.75461 16.5317 0)
(1.41225 16.4367 0)
(0.775368 16.1207 0)
(0.229187 14.3385 0)
(1.2893 4.3172 0)
(1.12422 3.98297 0)
(0.0212863 3.18075 0)
(1.32963 -0.122505 0)
(1.38891 -0.57773 0)
(1.4473 -0.0620072 0)
(0.69431 3.26985 0)
(1.18933 5.50541 0)
(1.8358 9.14295 0)
(2.60007 10.8705 0)
(4.19236 13.9669 0)
(3.92086 14.7048 0)
(3.21554 14.9099 0)
(3.1759 16.0685 0)
(2.93404 16.9232 0)
(2.55764 17.2363 0)
(2.05149 17.834 0)
(1.48526 17.5481 0)
(0.805787 16.6735 0)
(0.177847 14.7998 0)
(0.00407018 3.62426 0)
(0.169875 4.3865 0)
(1.94201 1.79635 0)
(4.3038 -1.26024 0)
(5.18055 -0.934531 0)
(5.72048 -0.120346 0)
(5.36987 3.03353 0)
(5.25776 5.51814 0)
(5.00918 8.608 0)
(4.52999 10.3533 0)
(4.75086 12.6541 0)
(5.29593 15.1427 0)
(4.44689 15.84 0)
(3.71612 16.5198 0)
(3.23396 17.1112 0)
(2.70938 17.2087 0)
(2.06267 17.5649 0)
(1.62583 17.5966 0)
(0.897455 17.3019 0)
(0.26424 15.2995 0)
(-0.901012 4.44782 0)
(1.73517 1.86438 0)
(4.59942 -1.1199 0)
(7.04309 -2.86313 0)
(7.95409 -1.8546 0)
(8.5737 -0.0496245 0)
(8.26914 2.64888 0)
(8.31652 6.15929 0)
(7.62475 9.00242 0)
(7.17063 11.3247 0)
(5.9288 12.64 0)
(6.07863 15.2346 0)
(5.70286 16.5977 0)
(4.61708 17.2074 0)
(3.64675 17.8186 0)
(2.9974 18.2506 0)
(2.34869 18.8686 0)
(1.72599 18.6798 0)
(0.976402 18.0424 0)
(0.186299 15.988 0)
(0.378371 3.36129 0)
(3.93876 -1.58311 0)
(6.44689 -3.93637 0)
(8.57446 -4.06511 0)
(9.18936 -2.59395 0)
(9.9339 0.116752 0)
(9.61309 2.58584 0)
(10.0219 6.62046 0)
(8.95926 9.21305 0)
(8.92433 12.2455 0)
(7.58374 13.6015 0)
(6.56983 15.4381 0)
(6.34423 17.4657 0)
(5.50494 18.3193 0)
(4.26462 18.5288 0)
(3.19173 18.4543 0)
(2.37573 18.8377 0)
(1.82428 18.9865 0)
(0.989502 18.6751 0)
(0.287138 16.4034 0)
(1.67898 -0.104774 0)
(4.79328 -4.81258 0)
(7.06799 -6.15502 0)
(8.89581 -5.25978 0)
(9.46295 -3.26199 0)
(10.2869 -0.0607885 0)
(9.82621 2.47868 0)
(10.5429 6.99025 0)
(9.38398 9.65591 0)
(9.4392 12.8545 0)
(8.76401 15.056 0)
(7.10437 16.219 0)
(6.6352 18.035 0)
(6.01329 19.4116 0)
(4.71159 19.8593 0)
(3.50529 19.8952 0)
(2.57222 20.2284 0)
(1.8962 20.0478 0)
(1.10031 19.6159 0)
(0.214462 17.3564 0)
(1.90301 -3.89268 0)
(4.74554 -7.75368 0)
(6.89786 -8.021 0)
(8.48788 -6.30329 0)
(8.94599 -3.75796 0)
(9.82295 -0.189149 0)
(9.39444 2.61234 0)
(10.0221 7.02167 0)
(9.13465 10.0525 0)
(9.04829 13.1462 0)
(9.1072 15.9907 0)
(7.29175 17.2385 0)
(6.52999 18.8859 0)
(6.19041 20.4071 0)
(4.98431 20.8051 0)
(3.55223 20.4055 0)
(2.55339 20.5217 0)
(1.88273 20.6017 0)
(0.979265 20.223 0)
(0.243197 17.6275 0)
(1.75613 -7.38501 0)
(4.33711 -10.3135 0)
(6.21586 -9.68487 0)
(7.61697 -7.24216 0)
(8.04327 -4.23815 0)
(8.74343 -0.442119 0)
(8.52084 2.74747 0)
(8.92611 7.11171 0)
(8.41105 10.3192 0)
(8.19366 13.5062 0)
(8.68196 16.957 0)
(7.10027 18.222 0)
(6.11494 19.5386 0)
(5.9386 21.4559 0)
(4.93048 22.289 0)
(3.57623 22.087 0)
(2.49224 21.937 0)
(1.82576 21.6053 0)
(1.05713 21.2436 0)
(0.21569 18.7476 0)
(1.5332 -10.393 0)
(3.69709 -12.5054 0)
(5.37804 -10.9628 0)
(6.42225 -7.99314 0)
(6.90538 -4.49663 0)
(7.52138 -0.638764 0)
(7.26568 2.71514 0)
(7.55435 7.11175 0)
(7.35923 10.4558 0)
(7.14091 13.4571 0)
(7.73037 17.3825 0)
(6.36543 19.1805 0)
(5.44583 20.3299 0)
(5.39627 22.088 0)
(4.54537 22.9715 0)
(3.22205 22.597 0)
(2.28103 22.4556 0)
(1.62354 22.2949 0)
(0.766355 21.7793 0)
(0.114222 18.8046 0)
(1.2688 -12.8669 0)
(3.04154 -14.2909 0)
(4.38826 -12.0757 0)
(5.24975 -8.67766 0)
(5.59543 -4.84536 0)
(6.13399 -0.751223 0)
(5.87017 2.85607 0)
(6.14898 7.10926 0)
(6.08288 10.6383 0)
(5.8703 13.8009 0)
(6.43617 17.8428 0)
(5.31481 19.8512 0)
(4.47066 21.0115 0)
(4.56628 23.0265 0)
(3.93466 24.2598 0)
(2.80559 24.1186 0)
(1.88034 23.6675 0)
(1.34362 23.1088 0)
(0.746136 22.6835 0)
(0.129663 19.8812 0)
(1.0157 -14.8641 0)
(2.38298 -15.6342 0)
(3.38903 -12.8698 0)
(4.04632 -9.06251 0)
(4.35135 -5.08057 0)
(4.6382 -0.975382 0)
(4.43457 2.94592 0)
(4.6949 7.02011 0)
(4.62676 10.3783 0)
(4.33483 13.7085 0)
(4.77051 18.1337 0)
(3.90815 20.4278 0)
(3.3577 21.4594 0)
(3.47582 23.2925 0)
(2.97697 24.5825 0)
(2.07379 24.4427 0)
(1.41108 24.1344 0)
(0.92995 23.7427 0)
(0.302719 23.0382 0)
(-0.105322 19.6026 0)
(0.782877 -16.3776 0)
(1.73811 -16.7005 0)
(2.49258 -13.4727 0)
(2.81708 -9.44632 0)
(3.07165 -5.14596 0)
(3.20862 -0.933928 0)
(2.97156 3.09482 0)
(3.12301 7.21421 0)
(2.93083 10.6698 0)
(2.61406 14.189 0)
(2.93212 18.4489 0)
(2.40478 20.6389 0)
(2.16763 21.7665 0)
(2.40503 23.9394 0)
(2.04113 25.5776 0)
(1.26995 25.588 0)
(0.697307 25.0031 0)
(0.423132 24.2384 0)
(0.133591 23.5933 0)
(-0.0480335 20.3533 0)
(0.550872 -17.4448 0)
(1.16422 -17.2938 0)
(1.56444 -13.7566 0)
(1.77701 -9.58008 0)
(1.78406 -5.22257 0)
(1.84075 -0.884389 0)
(1.60102 3.15803 0)
(1.65914 7.0976 0)
(1.32842 10.5057 0)
(0.983178 14.2988 0)
(1.15003 18.5743 0)
(0.995306 20.5957 0)
(1.07134 21.6725 0)
(1.19595 23.8596 0)
(0.836738 25.5333 0)
(0.304873 25.5889 0)
(0.0141638 25.2376 0)
(-0.209245 24.5939 0)
(-0.459255 23.6825 0)
(-0.420058 19.6007 0)
(0.348754 -18.1564 0)
(0.608352 -17.6872 0)
(0.733695 -13.918 0)
(0.727722 -9.49362 0)
(0.653394 -5.09591 0)
(0.597598 -0.768524 0)
(0.420135 3.44914 0)
(0.360153 7.45701 0)
(0.0125454 10.9619 0)
(-0.298103 14.6984 0)
(-0.162365 18.4481 0)
(-0.0139846 20.3329 0)
(0.0699893 21.8186 0)
(0.0532654 24.4318 0)
(-0.265094 26.2958 0)
(-0.690154 26.3955 0)
(-0.914582 25.6321 0)
(-0.930192 24.6211 0)
(-0.742615 23.6918 0)
(-0.374552 19.7281 0)
(0.170699 -18.4325 0)
(0.109378 -17.6674 0)
(0.0172695 -13.7713 0)
(-0.24726 -9.44492 0)
(-0.396618 -4.99725 0)
(-0.476281 -0.728015 0)
(-0.514082 3.45836 0)
(-0.597085 7.4434 0)
(-0.865134 10.9148 0)
(-1.10727 14.6228 0)
(-0.992864 18.1807 0)
(-0.786101 20.0767 0)
(-0.886428 21.7801 0)
(-1.23049 24.4901 0)
(-1.61075 26.2949 0)
(-1.85927 26.1867 0)
(-1.86631 25.5065 0)
(-1.66949 24.6908 0)
(-1.44887 23.3824 0)
(-0.896729 18.2954 0)
(-0.013688 -18.4734 0)
(-0.35879 -17.4933 0)
(-0.737788 -13.4826 0)
(-1.07051 -9.06381 0)
(-1.37418 -4.79463 0)
(-1.43773 -0.56638 0)
(-1.41059 3.60191 0)
(-1.39372 7.71749 0)
(-1.59717 11.3265 0)
(-1.65983 14.8818 0)
(-1.57243 18.0412 0)
(-1.55121 20.1232 0)
(-2.01529 22.3978 0)
(-2.46719 25.2995 0)
(-2.89099 26.9265 0)
(-3.16961 26.566 0)
(-2.97463 25.588 0)
(-2.57827 24.2882 0)
(-1.9242 22.6179 0)
(-0.9044 17.4697 0)
(-0.144719 -18.0997 0)
(-0.777911 -16.9807 0)
(-1.36161 -13.0473 0)
(-1.92851 -8.77367 0)
(-2.25481 -4.60128 0)
(-2.34398 -0.641032 0)
(-2.29336 3.46523 0)
(-2.19299 7.48965 0)
(-2.3584 11.2232 0)
(-2.35895 14.9339 0)
(-2.45647 18.1415 0)
(-2.73815 20.471 0)
(-3.44697 22.9604 0)
(-4.11295 25.604 0)
(-4.57565 26.7046 0)
(-4.52313 25.9913 0)
(-3.99398 25.1247 0)
(-3.4795 23.9565 0)
(-2.79875 21.8547 0)
(-1.58467 15.1446 0)
(-0.341521 -17.5846 0)
(-1.22224 -16.2821 0)
(-1.99053 -12.2426 0)
(-2.72452 -8.22363 0)
(-3.20518 -4.30592 0)
(-3.42653 -0.550752 0)
(-3.5246 3.51533 0)
(-3.54269 7.65999 0)
(-3.69199 11.6841 0)
(-3.72628 15.4371 0)
(-4.02498 18.5696 0)
(-4.56171 21.2427 0)
(-5.43176 24.0128 0)
(-5.95958 26.3227 0)
(-6.14534 26.8495 0)
(-5.73801 25.9355 0)
(-5.04528 24.8734 0)
(-4.56 23.1077 0)
(-3.35585 20.2645 0)
(-1.51767 12.9577 0)
(-0.428783 -16.6973 0)
(-1.56905 -15.3571 0)
(-2.64853 -11.4727 0)
(-3.55034 -7.3792 0)
(-4.26718 -3.7779 0)
(-4.70803 -0.201028 0)
(-5.11259 3.66329 0)
(-5.37816 7.87013 0)
(-5.66014 11.9609 0)
(-5.84225 15.7978 0)
(-6.35687 19.1525 0)
(-6.95077 22.0473 0)
(-7.64447 24.5916 0)
(-7.90983 26.2305 0)
(-7.617 26.0697 0)
(-6.71024 25.0479 0)
(-6.03279 24.0175 0)
(-5.3261 22.4133 0)
(-4.08403 19.1342 0)
(-1.98687 9.77926 0)
(-0.601575 -15.684 0)
(-1.91311 -14.1698 0)
(-3.11642 -10.3459 0)
(-4.33642 -6.56571 0)
(-5.29171 -3.01631 0)
(-6.10996 0.321248 0)
(-6.93679 4.19412 0)
(-7.55249 8.48752 0)
(-8.09425 12.6503 0)
(-8.42144 16.5122 0)
(-8.93746 19.7835 0)
(-9.33064 22.6266 0)
(-9.6515 24.8605 0)
(-9.25679 25.8265 0)
(-8.39785 25.402 0)
(-7.49306 24.6336 0)
(-6.86252 23.5734 0)
(-6.04045 21.2569 0)
(-4.23971 16.5297 0)
(-1.30738 6.61449 0)
(-0.672611 -14.3597 0)
(-2.25467 -12.8878 0)
(-3.64533 -8.98905 0)
(-5.0153 -5.25618 0)
(-6.26791 -1.88238 0)
(-7.46447 1.41163 0)
(-8.67336 5.18549 0)
(-9.58172 9.2866 0)
(-10.3023 13.2233 0)
(-10.6912 16.8399 0)
(-11.0561 20.0151 0)
(-11.0592 22.6114 0)
(-10.7917 24.2122 0)
(-9.90284 24.7008 0)
(-8.91713 24.2653 0)
(-8.04406 23.6508 0)
(-7.39199 22.401 0)
(-6.13821 19.9237 0)
(-4.39754 14.8984 0)
(-2.10573 4.17527 0)
(-0.76241 -12.9497 0)
(-2.37456 -11.322 0)
(-4.00185 -7.69201 0)
(-5.50981 -3.82068 0)
(-6.9593 -0.511366 0)
(-8.36729 2.71801 0)
(-9.88104 6.28363 0)
(-11.024 10.1727 0)
(-11.8251 13.8264 0)
(-12.0986 17.1826 0)
(-12.1387 19.9287 0)
(-11.7053 22.0376 0)
(-11.0654 23.295 0)
(-9.9053 23.6434 0)
(-8.98546 23.4332 0)
(-8.266 22.9949 0)
(-7.45127 21.6835 0)
(-6.24968 18.4899 0)
(-4.29537 11.4624 0)
(-1.90244 -1.20004 0)
(-0.820519 -11.3953 0)
(-2.6048 -9.78922 0)
(-4.14591 -5.98913 0)
(-5.77885 -2.34988 0)
(-7.27909 1.07483 0)
(-8.82028 4.15897 0)
(-10.4622 7.57153 0)
(-11.6028 11.1366 0)
(-12.325 14.2708 0)
(-12.4203 17.0501 0)
(-12.1692 19.3757 0)
(-11.4792 21.2198 0)
(-10.6271 22.1724 0)
(-9.58814 22.593 0)
(-8.91796 22.5712 0)
(-8.12491 22.0449 0)
(-7.19101 20.185 0)
(-5.57699 16.5 0)
(-4.01191 9.91324 0)
(1.1697 -2.66819 0)
(-0.782953 -9.75654 0)
(-2.54389 -8.15562 0)
(-4.18202 -4.55643 0)
(-5.76421 -0.736369 0)
(-7.27566 2.62057 0)
(-8.77463 5.67827 0)
(-10.376 8.81621 0)
(-11.3926 11.9151 0)
(-11.9563 14.5102 0)
(-11.8722 16.8926 0)
(-11.3973 18.8267 0)
(-10.6094 20.2808 0)
(-9.88332 21.2362 0)
(-9.04499 21.8424 0)
(-8.48892 21.8373 0)
(-7.59865 21.1008 0)
(-6.42414 19.0907 0)
(-4.8223 15.0791 0)
(-3.24785 7.92223 0)
(1.60599 -4.30546 0)
(-0.806847 -8.19979 0)
(-2.50954 -6.52169 0)
(-4.08254 -2.99075 0)
(-5.58776 0.727465 0)
(-7.00276 4.10472 0)
(-8.3384 7.05687 0)
(-9.7902 9.89919 0)
(-10.6195 12.6235 0)
(-10.9954 14.7174 0)
(-10.7658 16.5447 0)
(-10.2731 18.0421 0)
(-9.5736 19.4902 0)
(-8.9224 20.5191 0)
(-8.31074 21.1407 0)
(-7.79329 21.1132 0)
(-6.84648 20.3141 0)
(-5.85066 17.7349 0)
(-4.04428 12.8714 0)
(-2.75126 4.81811 0)
(1.66718 -4.35871 0)
(-0.747167 -6.59562 0)
(-2.40787 -4.97613 0)
(-3.84339 -1.52594 0)
(-5.23939 2.09844 0)
(-6.51139 5.41153 0)
(-7.64861 8.27131 0)
(-8.86363 10.8316 0)
(-9.50455 13.1959 0)
(-9.69269 14.7411 0)
(-9.50939 16.2096 0)
(-8.99852 17.5666 0)
(-8.39235 18.881 0)
(-7.92564 19.8975 0)
(-7.41671 20.6184 0)
(-6.92924 20.4822 0)
(-6.08312 19.3057 0)
(-5.07895 16.5665 0)
(-3.91618 11.4075 0)
(-1.25699 0.98609 0)
(0.492712 -5.01856 0)
(-0.699838 -5.10292 0)
(-2.2066 -3.49338 0)
(-3.51502 -0.229282 0)
(-4.76779 3.31685 0)
(-5.90093 6.53284 0)
(-6.80646 9.33453 0)
(-7.79946 11.5555 0)
(-8.32184 13.5951 0)
(-8.39984 14.7891 0)
(-8.15153 15.988 0)
(-7.72381 17.0024 0)
(-7.32138 18.3409 0)
(-6.83367 19.4479 0)
(-6.44665 20.0805 0)
(-5.91345 19.7903 0)
(-5.1299 18.7328 0)
(-4.51439 15.7018 0)
(-3.38366 9.85746 0)
(0.108846 -1.20888 0)
(-0.684791 -4.82651 0)
(-0.61807 -3.72465 0)
(-1.99997 -2.15903 0)
(-3.18401 0.995838 0)
(-4.26878 4.42104 0)
(-5.24288 7.48803 0)
(-5.9494 10.1666 0)
(-6.728 12.1136 0)
(-7.12851 13.9575 0)
(-7.0867 14.7689 0)
(-6.93233 15.6836 0)
(-6.66248 16.697 0)
(-6.2323 18.0007 0)
(-5.80181 18.954 0)
(-5.39608 19.6153 0)
(-4.93552 19.3948 0)
(-4.38567 17.8482 0)
(-3.63254 14.499 0)
(-3.13022 8.80893 0)
(0.0325992 -2.46331 0)
(-1.07275 -5.61521 0)
(-0.551599 -2.46842 0)
(-1.81003 -0.939272 0)
(-2.82757 2.00774 0)
(-3.74145 5.3592 0)
(-4.59614 8.20711 0)
(-5.07971 10.8495 0)
(-5.72917 12.5567 0)
(-5.99597 14.1354 0)
(-6.00668 14.808 0)
(-5.79463 15.5175 0)
(-5.58366 16.4536 0)
(-5.25645 17.5111 0)
(-4.79147 18.5447 0)
(-4.45047 19.1683 0)
(-4.01592 18.7453 0)
(-3.43135 17.3346 0)
(-3.11369 14.0406 0)
(-2.33159 7.2492 0)
(-0.378471 -4.31497 0)
(-1.14046 -6.27036 0)
(-0.477556 -1.34699 0)
(-1.62013 0.136025 0)
(-2.5017 2.89815 0)
(-3.23607 6.15627 0)
(-3.96517 8.82183 0)
(-4.30218 11.3567 0)
(-4.77915 12.9141 0)
(-5.04807 14.2848 0)
(-4.97662 14.842 0)
(-4.79969 15.3077 0)
(-4.73275 16.2183 0)
(-4.38744 17.1907 0)
(-3.86118 18.1516 0)
(-3.48601 18.5776 0)
(-3.08457 18.5214 0)
(-2.73247 16.698 0)
(-2.07041 13.0237 0)
(-1.7077 6.11671 0)
(-0.134863 -3.31359 0)
(-0.729196 -7.01837 0)
(-0.41901 -0.351978 0)
(-1.4444 1.06743 0)
(-2.21913 3.63389 0)
(-2.75273 6.8461 0)
(-3.43265 9.29702 0)
(-3.63412 11.6945 0)
(-3.96882 13.2342 0)
(-4.14753 14.3131 0)
(-4.1372 14.9298 0)
(-3.98112 15.1561 0)
(-3.85469 16.0687 0)
(-3.61785 16.7278 0)
(-3.10072 17.6213 0)
(-2.69661 18.1762 0)
(-2.29874 17.9622 0)
(-1.73278 16.2024 0)
(-1.41412 12.9379 0)
(-0.506666 5.769 0)
(-0.0433478 -4.83233 0)
(-0.487759 -7.53186 0)
(-0.372088 0.520289 0)
(-1.30431 1.89516 0)
(-1.96854 4.23202 0)
(-2.36396 7.38747 0)
(-2.90553 9.73093 0)
(-3.12485 11.9035 0)
(-3.266 13.4314 0)
(-3.49632 14.3721 0)
(-3.40334 14.9515 0)
(-3.23691 15.0099 0)
(-3.08576 15.8258 0)
(-2.95545 16.4237 0)
(-2.32957 17.2836 0)
(-1.95814 17.5077 0)
(-1.38262 17.6539 0)
(-1.10518 15.7366 0)
(-0.217157 12.2103 0)
(0.149766 4.92263 0)
(0.534506 -3.20733 0)
(0.191413 -7.38365 0)
(-0.322616 1.29632 0)
(-1.1757 2.62629 0)
(-1.79192 4.72995 0)
(-2.02213 7.81803 0)
(-2.45132 10.1164 0)
(-2.68517 12.0457 0)
(-2.70263 13.6356 0)
(-2.92221 14.3023 0)
(-2.8423 14.9461 0)
(-2.66147 14.9042 0)
(-2.42839 15.6077 0)
(-2.28613 16.1314 0)
(-1.80861 16.6484 0)
(-1.24599 17.1019 0)
(-0.753086 17.075 0)
(-0.112972 15.2277 0)
(0.186416 12.0555 0)
(1.17166 5.05136 0)
(0.702906 -4.17362 0)
(0.395452 -7.32065 0)
(-0.283234 2.01268 0)
(-1.08843 3.30678 0)
(-1.65417 5.13061 0)
(-1.81572 8.08955 0)
(-2.01874 10.4494 0)
(-2.34931 12.2035 0)
(-2.22491 13.6519 0)
(-2.44918 14.394 0)
(-2.3282 14.8622 0)
(-2.18855 14.7254 0)
(-1.78722 15.3536 0)
(-1.80486 15.8094 0)
(-1.23002 16.3914 0)
(-0.870816 16.3989 0)
(-0.00474703 16.5001 0)
(0.215236 14.7246 0)
(1.00717 11.2843 0)
(1.1718 4.38996 0)
(1.26289 -2.49031 0)
(-0.127806 -5.9455 0)
(-0.256485 2.6818 0)
(-1.0289 3.93817 0)
(-1.58694 5.49813 0)
(-1.70366 8.27403 0)
(-1.73938 10.6707 0)
(-2.00222 12.2949 0)
(-1.9082 13.7543 0)
(-2.05353 14.3231 0)
(-1.98672 14.7526 0)
(-1.75928 14.6222 0)
(-1.4185 15.037 0)
(-1.11837 15.6553 0)
(-0.902588 15.8211 0)
(-0.237235 15.9072 0)
(0.25236 15.923 0)
(0.994842 14.2206 0)
(0.963416 10.9206 0)
(2.01905 4.36536 0)
(1.06414 -3.06142 0)
(0.207807 -6.93613 0)
(-0.240184 3.31859 0)
(-0.994202 4.55665 0)
(-1.5685 5.84216 0)
(-1.70588 8.35668 0)
(-1.60559 10.7603 0)
(-1.74241 12.4558 0)
(-1.69755 13.707 0)
(-1.75652 14.3328 0)
(-1.67824 14.6592 0)
(-1.56112 14.3744 0)
(-1.04194 14.6863 0)
(-0.885962 15.1756 0)
(-0.385273 15.6077 0)
(-0.141488 15.2986 0)
(0.777307 15.1054 0)
(1.11897 13.7368 0)
(1.74012 10.71 0)
(1.83566 4.73294 0)
(1.75687 -0.504769 0)
(0.804557 -4.43594 0)
(-0.221581 3.94852 0)
(-0.976139 5.19379 0)
(-1.58286 6.19076 0)
(-1.74281 8.43093 0)
(-1.65692 10.7733 0)
(-1.64264 12.3874 0)
(-1.56542 13.7919 0)
(-1.55022 14.2771 0)
(-1.58207 14.4688 0)
(-1.30149 14.2298 0)
(-0.973023 14.2536 0)
(-0.402684 14.9214 0)
(-0.334668 15.0315 0)
(0.394495 14.7178 0)
(0.660995 14.6066 0)
(1.70301 13.2398 0)
(1.30774 10.0947 0)
(2.28278 4.34988 0)
(0.73757 -1.92068 0)
(0.43846 -4.58643 0)
(-0.213674 4.54287 0)
(-0.950793 5.82958 0)
(-1.61262 6.60336 0)
(-1.82432 8.49862 0)
(-1.76023 10.7133 0)
(-1.65231 12.3861 0)
(-1.62384 13.6659 0)
(-1.49755 14.2287 0)
(-1.45001 14.3937 0)
(-1.26522 13.8621 0)
(-0.79622 13.8588 0)
(-0.30767 14.3163 0)
(0.322845 14.8324 0)
(0.374217 14.3737 0)
(1.0702 13.6584 0)
(1.59238 12.8425 0)
(2.23936 10.3872 0)
(2.20455 5.00443 0)
(2.37309 1.00926 0)
(0.789698 -3.91797 0)
(-0.195597 5.1438 0)
(-0.919677 6.52167 0)
(-1.62432 7.04089 0)
(-1.91481 8.62234 0)
(-1.87083 10.6813 0)
(-1.75446 12.2392 0)
(-1.64401 13.5708 0)
(-1.48756 14.1168 0)
(-1.43615 14.1966 0)
(-1.14065 13.6721 0)
(-0.858761 13.3285 0)
(-0.0508481 13.7758 0)
(0.199543 14.3067 0)
(0.959534 13.9923 0)
(0.894787 13.3216 0)
(2.0028 12.113 0)
(1.49113 9.45074 0)
(2.49432 5.21719 0)
(1.0265 0.302951 0)
(0.757686 -0.74238 0)
(-0.15967 5.67767 0)
(-0.83203 7.17393 0)
(-1.54555 7.58459 0)
(-1.93048 8.78703 0)
(-1.98602 10.592 0)
(-1.76601 12.1831 0)
(-1.66872 13.396 0)
(-1.48274 13.9274 0)
(-1.32741 14.0177 0)
(-0.979909 13.3737 0)
(-0.678064 12.872 0)
(-0.156346 13.101 0)
(0.583691 13.8163 0)
(0.765147 13.6603 0)
(1.16006 12.6268 0)
(1.61053 11.9278 0)
(2.21388 9.87185 0)
(1.56039 4.65944 0)
(1.45401 1.62468 0)
(-0.11414 -2.96083 0)
(-0.142485 6.15601 0)
(-0.714675 7.83644 0)
(-1.38078 8.11494 0)
(-1.84898 9.06433 0)
(-1.90581 10.5314 0)
(-1.85398 11.956 0)
(-1.48466 13.225 0)
(-1.36098 13.742 0)
(-1.01475 13.6935 0)
(-0.854325 13.0924 0)
(-0.383512 12.5007 0)
(0.162843 12.511 0)
(0.49326 13.2405 0)
(1.23104 13.5495 0)
(1.05143 12.3646 0)
(1.92567 11.2869 0)
(1.62141 9.19062 0)
(2.74285 6.68228 0)
(1.08182 2.22367 0)
(1.19383 1.22054 0)
(-0.10772 6.56571 0)
(-0.617508 8.38093 0)
(-1.1693 8.69585 0)
(-1.60481 9.35121 0)
(-1.76316 10.5775 0)
(-1.70239 11.7845 0)
(-1.4463 12.8464 0)
(-1.01494 13.5036 0)
(-0.863319 13.3819 0)
(-0.337023 12.8882 0)
(-0.245008 11.9181 0)
(0.159281 12.1439 0)
(0.781386 12.7149 0)
(1.25756 12.9879 0)
(1.4757 12.1797 0)
(1.65468 11.171 0)
(2.29377 9.47912 0)
(1.52593 5.39786 0)
(1.85513 3.79567 0)
(0.121695 -1.07537 0)
(-0.0447157 6.88994 0)
(-0.527051 8.83231 0)
(-0.940245 9.11832 0)
(-1.34098 9.67553 0)
(-1.39387 10.6502 0)
(-1.47168 11.6308 0)
(-1.15239 12.5416 0)
(-0.92061 13.0799 0)
(-0.280776 13.1135 0)
(-0.276223 12.4305 0)
(0.143309 12.0204 0)
(0.148896 11.5331 0)
(0.608018 11.9717 0)
(1.30805 13.0878 0)
(1.30191 11.7093 0)
(2.02089 10.8674 0)
(1.65683 8.92534 0)
(2.42947 6.80138 0)
(0.0966737 3.05638 0)
(1.59412 3.15122 0)
(0.00933846 7.15973 0)
(-0.419642 9.22147 0)
(-0.761073 9.48929 0)
(-1.03205 9.822 0)
(-1.12451 10.7022 0)
(-0.929076 11.5764 0)
(-0.923979 12.16 0)
(-0.342743 12.7538 0)
(-0.159125 12.5615 0)
(0.470197 12.6169 0)
(0.382428 11.4843 0)
(0.562265 11.6256 0)
(0.551044 11.742 0)
(1.15646 11.9711 0)
(1.54492 11.8213 0)
(1.46204 10.4402 0)
(2.01183 9.31191 0)
(1.18964 7.07742 0)
(2.47938 4.85607 0)
(-1.44495 0.582324 0)
(0.0474862 7.30957 0)
(-0.238935 9.57923 0)
(-0.638564 9.7533 0)
(-0.860876 10.0217 0)
(-0.846393 10.6035 0)
(-0.698024 11.3751 0)
(-0.373178 12.0269 0)
(-0.251187 12.1497 0)
(0.393196 12.4991 0)
(0.530783 11.7306 0)
(1.01853 12.0107 0)
(0.920472 11.4128 0)
(1.15878 11.1434 0)
(1.3566 12.3101 0)
(1.34792 11.0917 0)
(2.12436 10.8019 0)
(1.75296 8.89724 0)
(2.29684 6.58814 0)
(-0.691703 5.02159 0)
(1.97234 4.2257 0)
(0.105901 7.3586 0)
(-0.114771 9.88536 0)
(-0.509689 10.0938 0)
(-0.764926 10.0578 0)
(-0.786124 10.538 0)
(-0.524039 11.1836 0)
(-0.312572 11.6061 0)
(0.0951079 12.1362 0)
(0.295659 11.6034 0)
(0.695503 12.0911 0)
(0.769358 11.1192 0)
(1.40607 11.2938 0)
(1.19605 11.6079 0)
(1.49566 11.3939 0)
(2.05161 11.486 0)
(1.58491 9.84507 0)
(2.02627 9.59188 0)
(1.30627 8.98208 0)
(2.57597 6.30573 0)
(-0.391755 1.61909 0)
(0.141353 7.32002 0)
(0.0117166 10.1847 0)
(-0.278569 10.3736 0)
(-0.588345 10.3077 0)
(-0.707155 10.3699 0)
(-0.509672 10.852 0)
(-0.159895 11.4665 0)
(0.270418 11.3868 0)
(0.430807 12.0764 0)
(0.639637 11.0963 0)
(0.965073 11.3381 0)
(0.760336 11.1304 0)
(1.36375 10.7741 0)
(1.53703 11.7319 0)
(1.37063 10.6709 0)
(2.38661 10.9055 0)
(1.76915 9.01438 0)
(2.47598 6.64988 0)
(0.0987315 6.14099 0)
(1.50644 7.10211 0)
(0.0632888 7.19352 0)
(0.16819 10.3436 0)
(0.0434928 10.6731 0)
(-0.308994 10.5594 0)
(-0.346017 10.4003 0)
(-0.381876 10.6778 0)
(0.243961 10.7363 0)
(0.408479 11.5862 0)
(0.91026 11.1626 0)
(1.14291 11.5965 0)
(0.817932 11.0838 0)
(1.30118 10.7082 0)
(1.06681 11.1218 0)
(1.39661 11.0173 0)
(1.78465 11.0164 0)
(1.22099 9.43439 0)
(1.85394 9.80833 0)
(0.38236 10.0985 0)
(1.44734 7.58977 0)
(-1.279 1.73994 0)
(-0.103158 7.10135 0)
(0.203296 10.3093 0)
(0.147377 10.82 0)
(0.126444 10.8136 0)
(-0.133341 10.3944 0)
(0.249872 10.3175 0)
(0.34055 10.6304 0)
(1.0212 10.6962 0)
(1.21737 11.4488 0)
(1.3275 11.155 0)
(1.73234 11.1162 0)
(1.24401 11.0807 0)
(1.64877 10.4364 0)
(1.78387 11.3116 0)
(1.38415 10.5126 0)
(2.19225 10.6947 0)
(1.13141 9.31604 0)
(2.658 7.0523 0)
(0.0380862 6.70323 0)
(3.02312 8.88323 0)
(-0.125323 7.11293 0)
(0.0963795 10.1461 0)
(0.245234 10.7619 0)
(0.245192 10.8396 0)
(0.471417 10.349 0)
(0.285094 10.1296 0)
(0.905377 10.0581 0)
(0.85132 10.6445 0)
(1.32656 10.8161 0)
(1.76121 11.1548 0)
(1.47473 11.1619 0)
(1.92561 10.7035 0)
(1.73741 10.7678 0)
(2.01844 10.8682 0)
(2.51765 11.0583 0)
(1.57994 9.76793 0)
(2.06624 10.3284 0)
(0.346162 11.5798 0)
(1.88713 9.56791 0)
(-1.98197 3.1265 0)
(0.0565049 7.13253 0)
(0.0400115 9.89808 0)
(0.390382 10.5783 0)
(0.667215 10.735 0)
(0.516649 10.2045 0)
(0.793466 10.0607 0)
(0.602854 9.90514 0)
(0.817861 10.3491 0)
(1.12036 10.6473 0)
(1.07995 10.846 0)
(1.63592 11.0148 0)
(1.62227 10.8243 0)
(1.73974 10.2005 0)
(2.20062 10.8837 0)
(1.93533 10.7258 0)
(2.72934 11.0643 0)
(1.8225 9.71239 0)
(2.68349 7.2291 0)
(-0.0820952 6.44411 0)
(3.74804 10.0996 0)
(0.221401 7.03585 0)
(0.154805 9.77241 0)
(0.540122 10.2281 0)
(0.737184 10.6183 0)
(0.907457 10.3995 0)
(0.578821 9.87466 0)
(0.627543 10.1581 0)
(0.539654 10.1613 0)
(0.533062 10.3666 0)
(0.954729 10.9784 0)
(0.914622 10.4183 0)
(1.54496 10.5692 0)
(1.52578 10.483 0)
(1.71417 10.3054 0)
(2.1278 10.6052 0)
(2.32522 10.0376 0)
(1.91845 10.9499 0)
(1.76189 12.7929 0)
(1.28414 11.5514 0)
(-2.30864 5.07721 0)
(0.306192 6.75219 0)
(0.394556 9.61699 0)
(0.557357 9.97478 0)
(0.827836 10.498 0)
(0.813918 10.2062 0)
(0.708122 10.4711 0)
(0.483057 9.90732 0)
(0.189235 10.2713 0)
(0.521993 10.5907 0)
(0.205296 10.0216 0)
(1.02601 10.6976 0)
(0.904089 10.202 0)
(1.4434 9.85025 0)
(1.61777 10.3505 0)
(1.93252 10.376 0)
(2.00721 10.4863 0)
(2.58291 10.5373 0)
(2.02817 8.42242 0)
(1.10572 8.17313 0)
(4.47043 10.6617 0)
(0.42531 6.30461 0)
(0.68313 9.50882 0)
(0.775973 9.84244 0)
(0.852033 10.2231 0)
(1.01487 10.6121 0)
(0.616351 10.1482 0)
(0.617674 10.5578 0)
(0.263249 10.4405 0)
(0.181188 9.84169 0)
(0.559759 10.9701 0)
(0.431639 9.46943 0)
(1.15351 10.0356 0)
(1.32213 9.96246 0)
(1.78849 9.82837 0)
(2.04075 9.86123 0)
(2.30792 10.3201 0)
(1.9317 10.6858 0)
(3.10207 13.5383 0)
(1.0242 11.9767 0)
(-1.25661 8.4875 0)
(0.665792 5.5814 0)
(0.915282 9.2496 0)
(1.4026 9.86925 0)
(1.30488 10.2806 0)
(1.23787 10.3526 0)
(1.22843 10.9385 0)
(0.694348 10.4413 0)
(0.77852 10.3885 0)
(0.813456 10.8199 0)
(0.674861 9.34422 0)
(1.31722 10.3455 0)
(1.63222 9.28709 0)
(1.88494 9.28034 0)
(2.55229 9.47617 0)
(2.30752 10.0852 0)
(3.44266 9.83061 0)
(2.42721 10.316 0)
(3.20318 9.41233 0)
(0.698435 10.6443 0)
(4.84746 12.6244 0)
(0.561793 4.49294 0)
(1.28179 8.70481 0)
(1.9975 9.53804 0)
(1.73632 10.1468 0)
(2.04563 10.8488 0)
(1.22094 10.5962 0)
(1.95515 11.095 0)
(1.09394 10.5389 0)
(1.91569 9.68774 0)
(1.86544 10.7569 0)
(2.4874 8.52457 0)
(2.68731 9.37604 0)
(3.47479 9.22463 0)
(3.4175 8.82231 0)
(4.39472 9.5449 0)
(3.65034 10.0797 0)
(4.21284 11.2082 0)
(3.84778 13.9272 0)
(2.97416 13.3534 0)
(-1.9464 11.443 0)
(-0.0210182 3.61088 0)
(1.30823 8.20824 0)
(1.50332 9.28003 0)
(1.70248 10.4271 0)
(1.47028 10.6516 0)
(2.40345 11.4145 0)
(1.5859 10.2927 0)
(3.22604 10.7957 0)
(2.66266 10.2335 0)
(3.93474 8.54269 0)
(4.27812 9.82668 0)
(4.74755 8.41196 0)
(5.18938 8.04041 0)
(5.89142 9.50607 0)
(5.54126 8.44311 0)
(6.74004 10.4868 0)
(5.54408 9.76388 0)
(5.96903 10.7235 0)
(3.04115 13.9309 0)
(6.6395 16.9606 0)
(-0.687515 3.36528 0)
(0.647811 7.91706 0)
(0.417735 9.18872 0)
(1.0331 10.1317 0)
(2.1358 10.7392 0)
(2.07094 9.82209 0)
(4.49097 11.2354 0)
(3.7753 8.98261 0)
(6.108 9.45369 0)
(6.35413 9.38922 0)
(6.99599 7.49698 0)
(8.14284 8.39588 0)
(7.83816 8.51537 0)
(8.7265 7.59694 0)
(8.30146 9.97555 0)
(8.61836 9.47028 0)
(8.04227 12.2895 0)
(9.83052 15.3994 0)
(6.56349 14.5478 0)
(1.11686 17.9328 0)
(-0.914467 3.62475 0)
(0.0574812 7.20871 0)
(0.233091 8.52998 0)
(1.72862 9.06062 0)
(2.52137 8.70377 0)
(5.22677 9.86879 0)
(5.07282 7.51076 0)
(8.56655 10.0113 0)
(7.89947 7.34128 0)
(9.94706 7.72579 0)
(10.6875 8.39093 0)
(10.4016 7.13382 0)
(12.0895 7.62601 0)
(11.0103 8.4701 0)
(11.9535 8.06361 0)
(12.2821 10.3826 0)
(10.7095 9.10834 0)
(11.4495 11.8298 0)
(14.5063 15.6003 0)
(10.6725 23.9098 0)
(-0.603901 4.03219 0)
(0.0834641 6.14805 0)
(1.0288 7.47988 0)
(2.60971 7.14795 0)
(4.69792 7.39225 0)
(6.04765 6.21755 0)
(9.15046 8.83042 0)
(8.94486 5.46757 0)
(11.7425 8.40372 0)
(11.8512 6.84574 0)
(12.2498 6.65316 0)
(13.9281 8.20461 0)
(11.8288 6.97517 0)
(15.0577 9.49143 0)
(12.2562 8.55119 0)
(14.7797 11.012 0)
(15.599 12.6252 0)
(13.5098 15.2014 0)
(19.7352 10.843 0)
(17.2544 20.5255 0)
(-0.120975 4.15946 0)
(0.496982 5.34146 0)
(1.97509 6.08411 0)
(4.09778 5.40972 0)
(5.59834 4.3213 0)
(8.5431 5.98419 0)
(9.14201 4.15299 0)
(11.8597 7.37505 0)
(11.8533 4.79907 0)
(13.4597 6.8395 0)
(13.666 6.77425 0)
(14.012 6.71133 0)
(14.6949 7.11548 0)
(13.9593 7.20103 0)
(17.0312 7.27318 0)
(13.4155 10.3974 0)
(19.9805 5.55397 0)
(14.3195 15.6004 0)
(22.4857 10.7028 0)
(17.7209 14.2229 0)
(0.268747 3.92689 0)
(1.33966 3.94224 0)
(3.52034 4.21289 0)
(5.26857 3.06717 0)
(6.98524 2.8226 0)
(9.15828 2.84763 0)
(10.2173 4.5475 0)
(11.9799 3.84061 0)
(11.9454 5.6055 0)
(14.0515 6.35751 0)
(13.416 5.44263 0)
(13.0263 8.80943 0)
(16.9926 4.79043 0)
(11.9324 13.3613 0)
(19.3799 1.88562 0)
(13.8379 14.2037 0)
(23.8361 5.81038 0)
(15.5112 11.677 0)
(26.297 12.1398 0)
(20.3846 10.3703 0)
(0.731164 2.79716 0)
(2.61193 1.9624 0)
(4.53515 2.14329 0)
(6.10627 1.53802 0)
(7.47565 1.21702 0)
(8.85101 2.05779 0)
(10.4891 2.60783 0)
(10.2489 3.96627 0)
(13.4552 4.42672 0)
(10.6868 5.17706 0)
(15.4848 5.35552 0)
(11.7518 8.14666 0)
(14.4398 0.157187 0)
(15.3125 11.2239 0)
(14.5187 -1.30267 0)
(11.8632 10.7592 0)
(18.1229 3.22476 0)
(10.8662 9.3558 0)
(22.0613 11.6381 0)
(22.013 13.1477 0)
(1.2746 0.424212 0)
(3.28216 0.160772 0)
(4.85859 0.51429 0)
(6.43198 0.166367 0)
(7.14405 -0.00981842 0)
(8.75626 0.762779 0)
(8.88989 1.44716 0)
(10.3752 3.48386 0)
(10.1556 2.8108 0)
(11.84 7.03489 0)
(10.8598 1.80676 0)
(13.1172 13.1303 0)
(7.20709 -2.03565 0)
(14.166 15.4866 0)
(11.3109 3.82843 0)
(12.9403 13.2628 0)
(17.467 7.27697 0)
(8.64522 3.43057 0)
(15.4282 3.16448 0)
(18.5784 9.21823 0)
(1.25163 -2.09471 0)
(3.22282 -1.50007 0)
(4.70468 -1.27922 0)
(5.61571 -1.34749 0)
(5.968 -0.998799 0)
(6.80724 -0.0409091 0)
(6.49035 0.992376 0)
(8.49161 2.90778 0)
(6.78548 1.41044 0)
(10.7213 6.42614 0)
(6.74439 2.4704 0)
(15.3877 11.881 0)
(3.29825 -2.89985 0)
(14.828 10.3175 0)
(7.44891 -3.69578 0)
(9.35406 6.53234 0)
(16.1921 10.3353 0)
(13.1017 9.87383 0)
(16.5041 4.64978 0)
(17.0507 5.94953 0)
(0.505469 -4.33286 0)
(1.79153 -2.35777 0)
(2.3505 -1.42508 0)
(2.35638 -0.963621 0)
(2.42372 -0.548707 0)
(2.60907 0.0784162 0)
(2.63778 1.05013 0)
(4.37498 2.14208 0)
(3.70053 3.28779 0)
(6.29753 3.34701 0)
(6.56336 0.0228291 0)
(12.6103 14.3727 0)
(0.417825 -6.84735 0)
(11.7891 14.4652 0)
(12.5538 9.50464 0)
(6.91246 3.72881 0)
(13.6229 4.16713 0)
(13.3109 3.64192 0)
(16.4108 0.361323 0)
(16.149 2.39687 0)
(-0.779112 -5.80799 0)
(-1.02405 -4.20971 0)
(-2.14703 -2.98544 0)
(-2.82379 -2.14864 0)
(-3.09465 -1.20323 0)
(-3.25514 -0.327589 0)
(-2.76898 0.27098 0)
(-0.581847 1.09494 0)
(-2.93561 0.977061 0)
(7.0114 1.62708 0)
(-4.6896 -1.61019 0)
(12.3167 16.2962 0)
(11.0246 2.45177 0)
(7.36257 1.71495 0)
(11.723 -0.459053 0)
(6.57339 2.20658 0)
(12.2558 3.58986 0)
(14.0868 4.5019 0)
(16.3167 3.09087 0)
(16.8197 3.08122 0)
(-3.36181 -0.294192 0)
(-4.99665 1.54006 0)
(-5.62535 0.865377 0)
(-7.93906 0.303891 0)
(-8.40085 0.109321 0)
(-8.82344 -0.519287 0)
(-9.1576 -0.322514 0)
(-8.6061 -0.448048 0)
(-8.9045 -1.15186 0)
(-6.18677 0.778775 0)
(-12.976 -0.940793 0)
(1.01225 2.25918 0)
(-6.09395 2.11884 0)
(6.039 13.0434 0)
(8.48888 8.10637 0)
(9.94286 3.97033 0)
(14.2043 0.286697 0)
(16.2986 -0.846833 0)
(16.9299 -0.980136 0)
(17.3646 -0.284079 0)
(15.1459 16.8493 0)
(-7.78278 -7.3733 0)
(8.33766 -5.73276 0)
(8.54755 -3.15889 0)
(2.24168 2.60956 0)
(-6.82724 -2.61487 0)
(-6.32792 1.28609 0)
(-13.0651 -0.309581 0)
(-7.45377 -0.124377 0)
(-13.6546 0.148927 0)
(-8.76371 -1.22243 0)
(-12.289 -1.20186 0)
(-10.9142 -0.930627 0)
(-14.1766 0.0841944 0)
(-15.7742 0.910746 0)
(-19.3722 1.3702 0)
(-21.6872 1.42771 0)
(-24.4798 1.32075 0)
(-26.3492 1.13022 0)
(-28.345 0.860481 0)
(-29.4466 0.658369 0)
(-30.5247 0.396591 0)
(-30.7991 0.197138 0)
(-31.2769 -0.0542718 0)
(-31.0113 -0.130074 0)
(-30.6899 -0.381882 0)
(-30.0492 -0.431227 0)
(-29.7965 -0.489052 0)
(-28.3475 -0.589606 0)
(-26.9318 -1.11671 0)
(-25.2032 -1.04204 0)
(-22.4426 -1.81428 0)
(-19.4132 -1.86508 0)
(-15.6679 -2.48604 0)
(-10.7832 -1.78407 0)
(-7.51613 -2.10336 0)
(-2.25156 -2.05683 0)
(1.19306 -1.65977 0)
(4.28907 -1.43248 0)
(6.95897 -1.13137 0)
(8.78468 -0.868295 0)
(10.3467 -0.681969 0)
(11.6356 -0.423919 0)
(12.3852 0.00623243 0)
(12.7826 0.876084 0)
(11.9769 1.62365 0)
(10.7965 1.73712 0)
(9.1334 1.32676 0)
(7.88871 1.06606 0)
(6.29883 1.08211 0)
(4.57959 1.21217 0)
(2.22903 1.20861 0)
(-0.198622 1.11108 0)
(-2.65978 0.906391 0)
(-4.34255 0.600791 0)
(-5.3917 0.488364 0)
(-6.4232 0.000689927 0)
(-5.42792 -0.25468 0)
(-5.67815 -0.329594 0)
(-3.9493 -0.74005 0)
(-2.79513 -0.77313 0)
(-0.793555 -0.897151 0)
(1.09613 -0.886011 0)
(3.13957 -0.830472 0)
(4.96399 -0.654252 0)
(6.46744 -0.419957 0)
(7.62691 -0.235114 0)
(8.37027 -0.104162 0)
(8.64481 0.10538 0)
(8.59086 0.299947 0)
(8.2041 0.507749 0)
(7.56212 0.555101 0)
(6.83766 0.53909 0)
(5.90036 0.477271 0)
(5.15855 0.32014 0)
(4.39022 0.207 0)
(3.84003 0.0636944 0)
(3.43096 0.0216897 0)
(3.12823 -0.0505451 0)
(2.89514 -0.0454423 0)
(21.4085 18.4557 0)
(20.4988 9.11881 0)
(-9.88066 -6.85063 0)
(3.42583 6.69613 0)
(-5.37979 8.09143 0)
(2.32314 10.6748 0)
(-2.9417 6.06236 0)
(-2.3652 4.06813 0)
(-1.02215 0.23394 0)
(-1.16479 0.190766 0)
(2.03152 0.890164 0)
(1.51671 1.89079 0)
(-1.21248 3.17943 0)
(-5.85291 5.02033 0)
(-8.87215 5.46931 0)
(-12.4171 5.31398 0)
(-14.5988 4.53837 0)
(-16.8983 3.68481 0)
(-18.4239 2.69901 0)
(-19.7607 1.92141 0)
(-20.571 1.18526 0)
(-20.9599 0.690736 0)
(-21.1731 0.0841349 0)
(-21.0581 -0.285455 0)
(-21.1703 -0.411223 0)
(-20.3064 -0.594567 0)
(-19.734 -0.980159 0)
(-19.1716 -1.47336 0)
(-18.8743 -1.85742 0)
(-15.5281 -2.99293 0)
(-15.5034 -3.71116 0)
(-11.6994 -4.60687 0)
(-9.41311 -5.7308 0)
(-5.06459 -6.13286 0)
(-1.61956 -6.61114 0)
(3.28705 -6.22864 0)
(7.17702 -5.64746 0)
(11.4619 -4.73103 0)
(14.2691 -3.6427 0)
(16.9452 -2.71916 0)
(18.2053 -2.02008 0)
(19.3445 -1.55141 0)
(19.3126 -1.19877 0)
(19.2147 -0.829038 0)
(18.5305 -0.287648 0)
(18.3693 0.515955 0)
(17.7787 1.24383 0)
(17.3322 1.76767 0)
(15.72 2.02534 0)
(13.7346 2.35554 0)
(10.9904 2.81845 0)
(8.64954 3.23302 0)
(6.17794 3.2816 0)
(4.254 2.90554 0)
(2.95043 2.11638 0)
(2.00372 1.1939 0)
(1.93348 0.210871 0)
(2.13657 -0.802971 0)
(2.96958 -1.58363 0)
(4.05744 -2.28509 0)
(5.63988 -2.7287 0)
(7.26576 -2.95043 0)
(9.19018 -2.95046 0)
(10.9509 -2.74609 0)
(12.7006 -2.42736 0)
(14.1197 -1.92874 0)
(15.235 -1.37186 0)
(15.991 -0.754348 0)
(16.3514 -0.229461 0)
(16.4878 0.254621 0)
(16.2708 0.629304 0)
(15.9225 0.909584 0)
(15.4335 1.09387 0)
(14.9658 1.12818 0)
(14.5024 1.12213 0)
(13.9678 0.962436 0)
(13.6002 0.84175 0)
(13.0282 0.595978 0)
(12.8757 0.493321 0)
(12.2765 0.369379 0)
(23.0582 17.7267 0)
(24.5269 14.9683 0)
(25.2025 13.4418 0)
(8.3426 1.46143 0)
(0.938452 1.53986 0)
(1.44831 0.806045 0)
(-2.57289 1.33026 0)
(-3.1082 -1.64055 0)
(-4.18151 -4.07095 0)
(-4.67375 -4.88501 0)
(-2.52354 -3.07989 0)
(-0.764804 2.05386 0)
(-0.33055 4.71567 0)
(-0.973959 4.85996 0)
(-1.90412 4.62888 0)
(-3.21097 4.58886 0)
(-4.05929 4.50816 0)
(-5.15814 4.20934 0)
(-4.8148 3.58471 0)
(-6.96077 2.84941 0)
(-4.99948 1.84249 0)
(-8.09581 0.933681 0)
(-5.51895 0.231419 0)
(-7.21188 -0.367102 0)
(-6.52352 -0.751765 0)
(-5.59165 -1.34185 0)
(-5.73405 -1.46244 0)
(-4.76189 -2.03057 0)
(-4.19673 -3.01296 0)
(-2.95519 -4.57828 0)
(-1.62172 -5.6906 0)
(0.292792 -7.82127 0)
(2.95046 -9.31557 0)
(6.32612 -11.1204 0)
(9.35504 -11.7016 0)
(13.5859 -11.6512 0)
(16.9054 -10.5599 0)
(20.9208 -8.93681 0)
(23.6716 -6.877 0)
(26.4994 -4.82319 0)
(28.0565 -2.95122 0)
(29.4866 -1.49906 0)
(29.9228 -0.373466 0)
(30.1634 0.547339 0)
(29.1738 1.72686 0)
(27.7304 2.78617 0)
(25.1483 3.165 0)
(22.7846 3.07572 0)
(20.6357 3.49103 0)
(19.2241 4.50141 0)
(17.8141 5.50099 0)
(16.1877 5.84436 0)
(14.7472 5.35967 0)
(13.2422 4.36046 0)
(12.5472 2.88428 0)
(11.7545 1.4257 0)
(11.7195 -0.0658949 0)
(11.8664 -1.42578 0)
(12.6882 -2.56109 0)
(13.6905 -3.52573 0)
(15.1578 -4.41514 0)
(16.7981 -4.91932 0)
(18.3709 -4.86071 0)
(19.7836 -4.39359 0)
(20.983 -3.70691 0)
(22.0533 -2.95022 0)
(22.7646 -2.07105 0)
(23.2842 -1.23101 0)
(23.4229 -0.397321 0)
(23.4808 0.282393 0)
(23.1919 0.8877 0)
(22.9717 1.24943 0)
(22.5107 1.53833 0)
(22.1752 1.5929 0)
(21.6701 1.5668 0)
(21.1878 1.38733 0)
(20.7301 1.17943 0)
(20.1124 0.93386 0)
(19.8228 0.740423 0)
(19.1467 0.565969 0)
(24.4667 12.2375 0)
(24.4338 14.0112 0)
(29.0712 13.8276 0)
(27.5529 13.4226 0)
(22.6065 13.437 0)
(20.7213 10.9805 0)
(19.9265 8.58053 0)
(18.1462 6.70743 0)
(16.1994 4.21031 0)
(11.0024 0.83616 0)
(5.744 -1.4802 0)
(3.16481 0.17024 0)
(4.67239 3.43557 0)
(6.54766 6.43444 0)
(9.20976 8.97096 0)
(10.4661 10.2003 0)
(11.9055 9.65801 0)
(11.034 8.19881 0)
(10.7857 6.18622 0)
(8.88394 4.25778 0)
(8.41263 2.36017 0)
(7.26059 1.1001 0)
(6.99344 -0.238138 0)
(7.26123 -0.904034 0)
(7.30848 -1.57639 0)
(8.36182 -1.79855 0)
(8.66696 -2.21823 0)
(9.76899 -2.70915 0)
(10.1821 -3.91172 0)
(11.5875 -5.3112 0)
(12.2952 -7.42365 0)
(13.9541 -9.51284 0)
(15.8261 -11.9955 0)
(17.8645 -14.1666 0)
(20.3469 -15.6452 0)
(22.8393 -15.8952 0)
(25.2695 -14.8889 0)
(27.6399 -12.926 0)
(29.5537 -10.303 0)
(31.4012 -7.71455 0)
(32.6042 -5.40274 0)
(33.7961 -3.35348 0)
(34.364 -1.58961 0)
(35.1545 -0.0483817 0)
(35.5826 1.89735 0)
(35.1267 4.17895 0)
(33.2437 5.83141 0)
(30.5935 6.19313 0)
(27.6212 5.76163 0)
(25.023 5.62761 0)
(23.5359 6.1464 0)
(22.5609 6.80203 0)
(22.2635 6.75085 0)
(21.6823 5.9636 0)
(21.5046 4.3423 0)
(21.1261 2.42627 0)
(21.0062 0.368372 0)
(21.2218 -1.65825 0)
(21.7721 -3.22297 0)
(22.5994 -4.57199 0)
(23.7752 -5.73614 0)
(25.2923 -6.47163 0)
(26.6789 -6.42209 0)
(27.8369 -5.83972 0)
(28.5574 -4.84792 0)
(29.1505 -3.77054 0)
(29.4181 -2.58987 0)
(29.5891 -1.50034 0)
(29.4352 -0.411979 0)
(29.2404 0.452863 0)
(28.7774 1.19072 0)
(28.3574 1.62392 0)
(27.8363 1.94437 0)
(27.3582 1.98431 0)
(26.9104 1.98773 0)
(26.3859 1.7921 0)
(26.0588 1.67311 0)
(25.4847 1.3892 0)
(25.3259 1.27726 0)
(24.7402 1.01255 0)
(25.2478 11.5391 0)
(25.5707 12.2202 0)
(28.9936 12.7901 0)
(31.1489 12.5333 0)
(31.9314 12.629 0)
(30.9474 11.8472 0)
(32.5056 9.54906 0)
(32.3143 6.40209 0)
(31.2429 3.75725 0)
(29.4474 1.91486 0)
(29.1365 1.41627 0)
(26.9762 2.01737 0)
(25.9448 2.71854 0)
(23.4614 2.38479 0)
(23.1873 2.40412 0)
(22.5941 3.17817 0)
(23.9394 4.07259 0)
(23.9199 4.47601 0)
(25.202 4.41588 0)
(24.7756 3.79053 0)
(25.1379 2.89712 0)
(24.223 1.51611 0)
(23.9158 0.042509 0)
(22.8342 -1.40349 0)
(22.8252 -2.09889 0)
(22.3874 -2.58723 0)
(23.0385 -2.76645 0)
(22.9585 -3.16664 0)
(23.9217 -3.89785 0)
(24.4056 -5.36315 0)
(25.3445 -7.31496 0)
(26.4108 -9.93546 0)
(27.5508 -12.5945 0)
(28.5983 -15.1603 0)
(29.7627 -16.8406 0)
(30.8097 -17.108 0)
(31.4896 -16.145 0)
(32.123 -14.1922 0)
(32.6723 -11.5274 0)
(33.1211 -8.79653 0)
(33.4459 -6.46554 0)
(33.8595 -4.48482 0)
(34.6331 -2.81605 0)
(35.6372 -0.868667 0)
(36.984 1.40834 0)
(37.7147 4.11965 0)
(37.2733 6.82152 0)
(35.525 8.45985 0)
(33.0195 8.70349 0)
(30.106 8.08619 0)
(28.1434 7.52697 0)
(26.9787 7.22685 0)
(26.9359 6.72544 0)
(26.9134 5.82941 0)
(27.2039 4.03371 0)
(27.2108 2.13529 0)
(27.3094 0.0829776 0)
(27.6471 -2.16192 0)
(28.3161 -3.88816 0)
(29.1068 -5.5194 0)
(30.233 -6.91072 0)
(31.674 -7.66125 0)
(32.979 -7.55108 0)
(33.8274 -6.85028 0)
(34.1266 -5.61569 0)
(34.1523 -4.16496 0)
(33.9261 -2.71969 0)
(33.7017 -1.43841 0)
(33.2856 -0.161619 0)
(32.8632 0.825066 0)
(32.2861 1.63813 0)
(31.7957 2.10162 0)
(31.2838 2.45829 0)
(30.8134 2.49087 0)
(30.4141 2.53227 0)
(29.915 2.30207 0)
(29.6019 2.19994 0)
(29.0194 1.84247 0)
(28.8316 1.72734 0)
(28.2318 1.37283 0)
(21.2888 8.47922 0)
(23.8054 8.76863 0)
(27.7542 10.7543 0)
(29.779 10.758 0)
(33.3704 10.584 0)
(33.9781 10.5373 0)
(35.8782 8.99266 0)
(37.5861 6.92165 0)
(37.6909 4.87486 0)
(37.3294 3.57823 0)
(37.4403 3.32791 0)
(35.9543 3.3041 0)
(35.5576 3.56064 0)
(35.6218 4.95387 0)
(35.8225 6.28453 0)
(35.7592 6.94823 0)
(36.4192 7.13433 0)
(37.1667 7.20334 0)
(38.0861 6.92954 0)
(38.5767 6.30623 0)
(38.4019 4.99656 0)
(38.1274 3.44111 0)
(36.9528 1.85239 0)
(36.3477 0.527511 0)
(35.1912 -0.371762 0)
(34.3854 -1.16389 0)
(33.7697 -2.09769 0)
(33.7673 -2.85803 0)
(34.0763 -4.16152 0)
(34.746 -5.74642 0)
(35.2936 -7.97543 0)
(35.9116 -10.7226 0)
(36.1953 -13.2326 0)
(35.7103 -15.7178 0)
(35.2542 -17.0013 0)
(34.0989 -16.4698 0)
(32.0472 -14.9117 0)
(30.8221 -12.8038 0)
(30.0394 -10.2704 0)
(28.695 -7.6787 0)
(27.2449 -5.61383 0)
(26.3929 -4.25734 0)
(26.9443 -3.30029 0)
(28.5051 -1.96883 0)
(30.8486 0.34063 0)
(33.0236 3.31277 0)
(34.4832 6.55116 0)
(34.9445 9.25212 0)
(34.5954 10.6672 0)
(33.5125 10.7037 0)
(32.2397 10.0228 0)
(31.2335 8.84409 0)
(30.824 7.45844 0)
(30.7166 5.98264 0)
(31.042 3.83724 0)
(31.4719 1.90891 0)
(31.8425 -0.350906 0)
(32.3074 -2.67527 0)
(33.2133 -4.50421 0)
(33.8132 -6.49248 0)
(34.7605 -7.94576 0)
(35.8647 -8.34735 0)
(36.7418 -8.01586 0)
(36.9377 -7.14533 0)
(36.7054 -5.67359 0)
(36.0007 -3.93937 0)
(35.1282 -2.25063 0)
(34.4369 -0.91408 0)
(33.8217 0.303258 0)
(33.1568 1.23521 0)
(32.5979 1.9921 0)
(32.0712 2.4156 0)
(31.7797 2.72533 0)
(31.4148 2.72814 0)
(31.3168 2.74467 0)
(30.9851 2.48388 0)
(30.9284 2.36287 0)
(30.5421 1.99261 0)
(30.52 1.87976 0)
(30.1509 1.54135 0)
(19.0947 5.43375 0)
(21.7158 4.5679 0)
(25.0176 5.4738 0)
(27.223 6.28975 0)
(30.9922 6.16012 0)
(33.0625 6.26519 0)
(35.5619 5.97601 0)
(37.5117 4.50103 0)
(38.7989 3.12934 0)
(39.4737 2.37405 0)
(39.411 1.74443 0)
(38.577 1.63913 0)
(39.1437 2.32978 0)
(40.0685 3.35787 0)
(40.7801 4.22536 0)
(41.1917 4.71034 0)
(42.4537 4.75595 0)
(43.8315 4.58561 0)
(45.3021 4.13414 0)
(46.2969 3.38794 0)
(46.9116 2.4901 0)
(47.4426 1.38904 0)
(47.6223 0.51537 0)
(47.6786 -0.392234 0)
(47.3741 -1.14991 0)
(46.8431 -1.83839 0)
(46.5021 -2.66428 0)
(46.3412 -3.37397 0)
(46.1091 -4.61627 0)
(45.9003 -6.03984 0)
(45.2375 -7.97177 0)
(44.3273 -10.2865 0)
(42.6519 -12.0749 0)
(40.0658 -14.1712 0)
(37.8135 -14.8165 0)
(34.1088 -13.4038 0)
(29.1022 -11.4456 0)
(26.5236 -9.2461 0)
(25.1368 -7.23964 0)
(21.1849 -4.84779 0)
(16.4457 -2.79542 0)
(14.7792 -3.0363 0)
(15.5301 -3.97384 0)
(17.7219 -3.76203 0)
(20.3464 -2.07148 0)
(22.8181 1.22425 0)
(25.3131 4.76743 0)
(27.5071 7.91505 0)
(29.2376 10.024 0)
(30.5957 10.5121 0)
(31.3806 10.2626 0)
(31.9909 9.03879 0)
(32.6484 7.70405 0)
(33.2154 5.8973 0)
(33.7718 3.88311 0)
(34.4697 1.90351 0)
(34.6661 -0.806707 0)
(34.9633 -2.92431 0)
(35.5671 -5.1124 0)
(35.1911 -7.64999 0)
(35.7434 -8.81396 0)
(36.1962 -8.53927 0)
(36.0623 -7.767 0)
(35.2424 -6.51679 0)
(34.4626 -4.80902 0)
(33.0182 -2.98258 0)
(31.4847 -1.12126 0)
(30.2512 0.377447 0)
(29.6659 1.53313 0)
(29.061 2.30219 0)
(28.7082 2.96798 0)
(28.3873 3.22994 0)
(28.3322 3.50258 0)
(28.3027 3.34855 0)
(28.429 3.35375 0)
(28.5372 2.93447 0)
(28.6627 2.81395 0)
(28.8248 2.33591 0)
(28.9092 2.25542 0)
(29.1688 1.84565 0)
(17.8338 4.32577 0)
(19.3959 3.42337 0)
(21.1493 3.40537 0)
(23.2851 4.27752 0)
(26.7555 4.61495 0)
(29.7551 5.28178 0)
(32.4852 5.50628 0)
(34.7373 4.9 0)
(36.6319 4.2397 0)
(37.7562 3.49067 0)
(38.0193 2.87577 0)
(38.263 3.09423 0)
(39.096 3.7354 0)
(40.1998 4.16465 0)
(41.0148 4.45478 0)
(41.8341 4.89669 0)
(43.2663 5.07828 0)
(44.9564 5.01549 0)
(46.6514 4.7158 0)
(48.0368 4.27935 0)
(49.1274 3.83427 0)
(50.0029 3.2626 0)
(50.4898 2.62187 0)
(50.7331 1.80621 0)
(50.661 1.02252 0)
(50.5985 0.301386 0)
(50.4006 -0.498179 0)
(50.1992 -1.1813 0)
(49.574 -2.45067 0)
(48.5877 -3.72662 0)
(46.9258 -5.51914 0)
(44.6265 -7.71799 0)
(41.1705 -9.1078 0)
(37.076 -11.1702 0)
(33.0833 -10.9023 0)
(26.9712 -8.46889 0)
(22.4393 -8.6165 0)
(21.0374 -7.09568 0)
(18.462 -2.03979 0)
(15.1774 1.1015 0)
(13.3338 -0.225552 0)
(12.5033 -3.46544 0)
(11.615 -5.73839 0)
(11.356 -5.67713 0)
(11.9576 -3.42278 0)
(12.7309 -0.282412 0)
(14.4536 3.28044 0)
(16.9549 6.6257 0)
(19.1933 8.34003 0)
(22.0674 9.39575 0)
(24.5473 9.03372 0)
(26.6133 8.05387 0)
(28.6964 7.21919 0)
(30.0919 4.95036 0)
(31.2739 3.48965 0)
(32.1152 1.33968 0)
(32.0902 -1.4133 0)
(32.4898 -3.09452 0)
(31.9587 -6.02117 0)
(30.8733 -9.02195 0)
(31.9814 -9.35439 0)
(31.9235 -8.46312 0)
(30.0007 -7.00225 0)
(28.1575 -4.88998 0)
(26.8517 -3.04585 0)
(25.1152 -1.90855 0)
(23.5146 -0.679275 0)
(22.3179 0.551542 0)
(22.2202 1.48899 0)
(22.0573 1.98226 0)
(22.5236 2.42442 0)
(22.6782 2.58897 0)
(23.4115 2.75138 0)
(23.778 2.62917 0)
(24.5414 2.58512 0)
(24.9884 2.25375 0)
(25.5439 2.12688 0)
(26.0951 1.77178 0)
(26.3988 1.71022 0)
(27.0512 1.4277 0)
(19.0189 3.35561 0)
(21.0496 1.62981 0)
(21.912 0.247452 0)
(22.6085 0.0449866 0)
(24.4502 0.201681 0)
(26.5155 0.563632 0)
(28.5817 0.971497 0)
(30.6409 1.0345 0)
(32.2261 0.636719 0)
(33.4506 0.234071 0)
(34.266 0.188395 0)
(34.8687 0.557075 0)
(35.5709 0.860245 0)
(36.7893 0.88805 0)
(37.7874 1.12022 0)
(39.2149 1.52563 0)
(40.6863 1.67742 0)
(42.7205 1.56703 0)
(44.5808 1.13224 0)
(46.2308 0.806869 0)
(47.5161 0.25896 0)
(48.4117 -0.173851 0)
(48.9218 -0.678828 0)
(49.2868 -1.17506 0)
(49.2274 -1.49017 0)
(49.2765 -1.98829 0)
(48.8359 -2.3743 0)
(48.4699 -2.98574 0)
(47.3269 -3.76503 0)
(45.7323 -4.73351 0)
(43.317 -6.06057 0)
(39.7827 -7.10725 0)
(36.0424 -8.42515 0)
(30.8011 -8.50994 0)
(25.228 -6.52463 0)
(20.7092 -5.47959 0)
(17.556 -7.02897 0)
(17.3291 -7.35338 0)
(18.5942 -4.71961 0)
(19.5613 -2.05492 0)
(20.0304 -1.31622 0)
(18.0375 -1.73471 0)
(13.3044 -2.4624 0)
(8.90315 -2.94098 0)
(5.84397 -2.5784 0)
(4.91544 -0.907178 0)
(5.44995 1.35413 0)
(7.01802 3.10944 0)
(9.9111 4.5857 0)
(12.8325 5.42329 0)
(15.6083 4.91622 0)
(19.5866 4.90438 0)
(21.9359 3.94799 0)
(23.6743 2.51727 0)
(26.484 1.88579 0)
(26.7712 -0.0967005 0)
(26.9969 -1.3645 0)
(27.6474 -2.89335 0)
(24.9927 -6.19244 0)
(23.258 -8.61021 0)
(24.9807 -9.34646 0)
(22.5605 -9.08086 0)
(17.6352 -6.46014 0)
(14.5721 -2.25872 0)
(11.343 0.278956 0)
(8.33708 1.04187 0)
(7.36407 1.74067 0)
(7.51996 2.28248 0)
(8.05117 2.39297 0)
(8.60177 2.31543 0)
(9.84712 2.31421 0)
(10.7002 2.27095 0)
(12.07 2.3049 0)
(13.0724 2.10931 0)
(14.2295 1.99573 0)
(15.1585 1.65535 0)
(15.9089 1.56633 0)
(16.9341 1.29358 0)
(17.3351 1.23395 0)
(18.3688 1.01402 0)
(19.4837 0.67023 0)
(21.6605 1.36679 0)
(22.7408 1.93222 0)
(23.0019 2.12746 0)
(23.9881 2.00401 0)
(25.386 1.75145 0)
(26.7308 1.72863 0)
(28.068 1.54222 0)
(29.2915 1.30421 0)
(30.675 1.17045 0)
(31.3519 1.31302 0)
(31.8311 1.37879 0)
(32.2883 1.33208 0)
(33.86 1.36903 0)
(35.1995 1.54934 0)
(36.6953 1.89945 0)
(37.9827 2.08637 0)
(39.9584 2.05852 0)
(41.718 1.99583 0)
(43.4845 1.81367 0)
(44.5817 1.61265 0)
(45.6556 1.42003 0)
(46.0256 1.24026 0)
(46.3442 1.17362 0)
(46.0231 1.00948 0)
(45.7172 0.916035 0)
(44.9481 0.615913 0)
(44.1711 0.489108 0)
(42.4513 0.000872866 0)
(40.387 -0.277031 0)
(37.3639 -0.828911 0)
(33.4927 -0.994014 0)
(29.2812 -1.19713 0)
(23.9257 -0.308008 0)
(21.229 1.64761 0)
(19.2603 0.206106 0)
(13.5877 -2.71038 0)
(6.33964 -2.20918 0)
(2.88747 -0.310717 0)
(0.797587 0.819166 0)
(0.893456 1.69735 0)
(0.755465 1.68897 0)
(0.656622 1.16006 0)
(-0.238049 0.440848 0)
(-1.61202 0.39839 0)
(-1.85292 0.13966 0)
(-2.21921 0.0313232 0)
(-0.703678 1.49569 0)
(2.58182 2.23637 0)
(5.26839 0.79891 0)
(7.9769 1.33369 0)
(12.8971 2.62857 0)
(15.4486 0.236262 0)
(16.9945 1.01202 0)
(20.8493 1.53372 0)
(20.3393 -1.40957 0)
(19.8603 0.517665 0)
(21.0855 -1.22318 0)
(14.3677 -5.91274 0)
(5.48103 -3.05838 0)
(-0.78892 1.59003 0)
(-5.51712 3.03636 0)
(-7.86006 2.4645 0)
(-8.70432 1.66904 0)
(-8.52835 1.07487 0)
(-7.91521 0.548432 0)
(-7.14778 0.402973 0)
(-5.80043 0.630425 0)
(-4.30293 0.534883 0)
(-3.61576 0.274971 0)
(-2.16296 0.496002 0)
(-0.941297 0.520719 0)
(0.394916 0.559526 0)
(1.8163 0.625598 0)
(3.12131 0.521379 0)
(3.99729 0.266284 0)
(5.16406 0.332972 0)
(6.29762 0.383166 0)
(6.76904 0.334235 0)
(7.86879 0.249577 0)
)
;

boundaryField
{
    inlet
    {
        type            fixedValue;
        value           uniform (10 0 0);
    }
    outlet
    {
        type            zeroGradient;
    }
    walls
    {
        type            fixedValue;
        value           uniform (0 0 0);
    }
    frontAndBack
    {
        type            empty;
    }
}


// ************************************************************************* //
