/*--------------------------------*- C++ -*----------------------------------*\
| =========                 |                                                 |
| \\      /  F ield         | OpenFOAM: The Open Source CFD Toolbox           |
|  \\    /   O peration     | Version:  2306                                  |
|   \\  /    A nd           | Website:  www.openfoam.com                      |
|    \\/     M anipulation  |                                                 |
\*---------------------------------------------------------------------------*/
FoamFile
{
    version     2.0;
    format      ascii;
    arch        "LSB;label=32;scalar=64";
    class       volVectorField;
    location    "0.05";
    object      U;
}
// * * * * * * * * * * * * * * * * * * * * * * * * * * * * * * * * * * * * * //

dimensions      [0 1 -1 0 0 0 0];

internalField   nonuniform List<vector> 
4400
(
(9.90156 0.0455526 0)
(9.80654 0.0985387 0)
(9.70017 0.120958 0)
(9.5701 0.125562 0)
(9.41926 0.124195 0)
(9.25235 0.123885 0)
(9.08067 0.123756 0)
(8.90995 0.125313 0)
(8.73777 0.127998 0)
(8.56824 0.127052 0)
(8.40206 0.126207 0)
(8.23455 0.126658 0)
(8.06867 0.123287 0)
(7.90558 0.120276 0)
(7.74237 0.120276 0)
(7.58087 0.117069 0)
(7.4223 0.112768 0)
(7.26526 0.113238 0)
(7.10995 0.11191 0)
(6.95587 0.105404 0)
(6.80227 0.103361 0)
(6.65208 0.105777 0)
(6.50796 0.101194 0)
(6.36845 0.0915303 0)
(6.231 0.0884137 0)
(6.09496 0.0906718 0)
(5.96161 0.0871247 0)
(5.83453 0.0768124 0)
(5.71617 0.0682414 0)
(5.60527 0.0643926 0)
(5.49919 0.0608767 0)
(5.39807 0.054188 0)
(5.30485 0.0446453 0)
(5.22247 0.0334304 0)
(5.15273 0.0210835 0)
(5.09683 0.00846825 0)
(5.05557 -0.00285544 0)
(5.02882 -0.0114899 0)
(5.01504 -0.0167786 0)
(5.01144 -0.0187784 0)
(5.01482 -0.0179731 0)
(5.02209 -0.0151316 0)
(5.03083 -0.0111364 0)
(5.039 -0.00696591 0)
(5.04522 -0.00319366 0)
(5.04851 4.9578e-05 0)
(5.04856 0.0030185 0)
(5.0453 0.0054938 0)
(5.03898 0.00725621 0)
(5.02983 0.00860478 0)
(5.01802 0.00976511 0)
(5.00372 0.0109319 0)
(4.9869 0.0122185 0)
(4.96747 0.0136932 0)
(4.9452 0.0154827 0)
(4.91968 0.0175279 0)
(4.89058 0.0200007 0)
(4.85722 0.0228296 0)
(4.81914 0.026099 0)
(4.77552 0.029949 0)
(4.72555 0.0342002 0)
(4.66852 0.039282 0)
(4.60301 0.0448815 0)
(4.52841 0.0513547 0)
(4.44294 0.0587859 0)
(4.34545 0.0669177 0)
(4.23456 0.0765274 0)
(4.10772 0.0868733 0)
(3.96449 0.0987535 0)
(3.80113 0.111925 0)
(3.61699 0.126187 0)
(3.4093 0.142217 0)
(3.17503 0.159088 0)
(2.91444 0.177138 0)
(2.62222 0.195959 0)
(2.30033 0.214411 0)
(1.94605 0.232088 0)
(1.55934 0.24732 0)
(1.14591 0.257131 0)
(0.705131 0.260034 0)
(9.99997 0.0611842 0)
(10.0322 0.137217 0)
(10.0696 0.17356 0)
(10.1049 0.184591 0)
(10.1337 0.185666 0)
(10.1504 0.186388 0)
(10.1591 0.187918 0)
(10.163 0.191382 0)
(10.1596 0.196394 0)
(10.1541 0.19891 0)
(10.1489 0.200461 0)
(10.1378 0.202634 0)
(10.1247 0.201652 0)
(10.1135 0.19992 0)
(10.0969 0.200847 0)
(10.0759 0.199909 0)
(10.0573 0.19682 0)
(10.0366 0.196824 0)
(10.0097 0.197357 0)
(9.9822 0.193997 0)
(9.95576 0.191651 0)
(9.92441 0.192877 0)
(9.88996 0.19049 0)
(9.85973 0.18267 0)
(9.83141 0.177289 0)
(9.79779 0.177727 0)
(9.75912 0.176777 0)
(9.72262 0.168863 0)
(9.69071 0.158108 0)
(9.65911 0.150274 0)
(9.62528 0.144688 0)
(9.59188 0.137199 0)
(9.56225 0.126261 0)
(9.53672 0.113162 0)
(9.51359 0.0988818 0)
(9.49164 0.0831478 0)
(9.47125 0.0658527 0)
(9.45356 0.0480818 0)
(9.43888 0.0316232 0)
(9.42693 0.0176949 0)
(9.41819 0.00686756 0)
(9.41282 -0.000498599 0)
(9.41044 -0.00481666 0)
(9.41022 -0.00630931 0)
(9.411 -0.00539754 0)
(9.412 -0.00276915 0)
(9.41276 0.000825825 0)
(9.41196 0.00480933 0)
(9.40895 0.00896119 0)
(9.40371 0.0130174 0)
(9.39609 0.0170185 0)
(9.3861 0.0208725 0)
(9.37355 0.0247746 0)
(9.35851 0.0289429 0)
(9.34082 0.0332716 0)
(9.32012 0.0383986 0)
(9.29655 0.0438448 0)
(9.26909 0.0503287 0)
(9.238 0.0577234 0)
(9.20226 0.0658311 0)
(9.16105 0.0758998 0)
(9.1148 0.0863151 0)
(9.06048 0.0992852 0)
(8.99999 0.113412 0)
(8.92974 0.129234 0)
(8.84935 0.148522 0)
(8.7599 0.167935 0)
(8.65354 0.192705 0)
(8.53842 0.217949 0)
(8.40233 0.247267 0)
(8.25012 0.280926 0)
(8.08189 0.314367 0)
(7.88098 0.356385 0)
(7.67191 0.396042 0)
(7.4195 0.441943 0)
(7.14989 0.490184 0)
(6.85072 0.534258 0)
(6.50255 0.586065 0)
(6.15224 0.625113 0)
(5.7297 0.664422 0)
(9.99987 0.026743 0)
(10.0171 0.0696094 0)
(10.0428 0.0996882 0)
(10.0746 0.117334 0)
(10.1094 0.126269 0)
(10.1398 0.13169 0)
(10.1672 0.13553 0)
(10.1935 0.139426 0)
(10.2137 0.14517 0)
(10.2329 0.150167 0)
(10.2555 0.153883 0)
(10.2745 0.158654 0)
(10.2922 0.161746 0)
(10.3147 0.162157 0)
(10.3352 0.16432 0)
(10.3514 0.166811 0)
(10.3716 0.166146 0)
(10.393 0.166389 0)
(10.4078 0.169169 0)
(10.4219 0.169452 0)
(10.4406 0.167824 0)
(10.4557 0.168957 0)
(10.4645 0.169793 0)
(10.4775 0.165262 0)
(10.4976 0.160045 0)
(10.5138 0.160249 0)
(10.52 0.1614 0)
(10.5249 0.155904 0)
(10.5364 0.145563 0)
(10.5505 0.13766 0)
(10.5598 0.133393 0)
(10.5646 0.127215 0)
(10.5698 0.11558 0)
(10.5768 0.100321 0)
(10.5822 0.0840049 0)
(10.5831 0.0668851 0)
(10.5806 0.0488032 0)
(10.5764 0.0312085 0)
(10.5713 0.016104 0)
(10.5654 0.0044698 0)
(10.5591 -0.00371035 0)
(10.5527 -0.00869377 0)
(10.5463 -0.0109294 0)
(10.54 -0.0104999 0)
(10.5334 -0.00782404 0)
(10.5264 -0.00345513 0)
(10.5184 0.00181303 0)
(10.5096 0.00741054 0)
(10.5 0.0131446 0)
(10.4894 0.01916 0)
(10.478 0.0249092 0)
(10.4655 0.0308237 0)
(10.4523 0.0368422 0)
(10.438 0.0428901 0)
(10.4224 0.0500248 0)
(10.4058 0.0570093 0)
(10.387 0.0658077 0)
(10.3668 0.0751713 0)
(10.3437 0.0857127 0)
(10.3178 0.0989862 0)
(10.2894 0.111929 0)
(10.2552 0.129458 0)
(10.219 0.147261 0)
(10.1757 0.168011 0)
(10.1266 0.193789 0)
(10.0739 0.218169 0)
(10.0071 0.251953 0)
(9.94013 0.284935 0)
(9.85698 0.323054 0)
(9.76384 0.37039 0)
(9.66713 0.413046 0)
(9.5402 0.47157 0)
(9.41949 0.528646 0)
(9.26708 0.587626 0)
(9.09847 0.665638 0)
(8.92906 0.725352 0)
(8.70373 0.80791 0)
(8.49639 0.88391 0)
(8.23577 0.943834 0)
(7.94912 1.03246 0)
(9.99982 0.018798 0)
(10.0104 0.0525598 0)
(10.0277 0.0804814 0)
(10.0508 0.101057 0)
(10.0791 0.114267 0)
(10.1057 0.122714 0)
(10.1315 0.128034 0)
(10.1587 0.131518 0)
(10.1808 0.13562 0)
(10.201 0.139747 0)
(10.2258 0.142838 0)
(10.2475 0.146846 0)
(10.2664 0.150259 0)
(10.2919 0.151001 0)
(10.3177 0.152407 0)
(10.3375 0.154616 0)
(10.3617 0.15404 0)
(10.3911 0.153209 0)
(10.4134 0.155247 0)
(10.4324 0.156088 0)
(10.4584 0.153945 0)
(10.4838 0.153615 0)
(10.5005 0.154945 0)
(10.5201 0.152384 0)
(10.5512 0.14708 0)
(10.5805 0.145043 0)
(10.5959 0.145374 0)
(10.6075 0.141767 0)
(10.6294 0.133641 0)
(10.6577 0.126263 0)
(10.6788 0.12128 0)
(10.6909 0.114754 0)
(10.7028 0.104151 0)
(10.7188 0.0915778 0)
(10.7342 0.079667 0)
(10.7442 0.0683922 0)
(10.749 0.0566617 0)
(10.7511 0.0446338 0)
(10.7513 0.03351 0)
(10.7488 0.0240212 0)
(10.7436 0.0164187 0)
(10.7369 0.0109089 0)
(10.7296 0.00796153 0)
(10.7221 0.00775379 0)
(10.7141 0.00980058 0)
(10.7055 0.0136782 0)
(10.6965 0.0185347 0)
(10.687 0.0241068 0)
(10.6773 0.0300487 0)
(10.6671 0.0355437 0)
(10.6564 0.0414947 0)
(10.6456 0.0468046 0)
(10.6339 0.0527868 0)
(10.6222 0.0593137 0)
(10.6094 0.0657786 0)
(10.5955 0.0749763 0)
(10.5814 0.0832675 0)
(10.5641 0.0951976 0)
(10.5469 0.107951 0)
(10.5264 0.121805 0)
(10.5025 0.141077 0)
(10.4792 0.158336 0)
(10.4464 0.182841 0)
(10.4163 0.208529 0)
(10.3779 0.235899 0)
(10.3319 0.272949 0)
(10.2911 0.307042 0)
(10.2257 0.350971 0)
(10.1737 0.400833 0)
(10.0986 0.448807 0)
(10.0173 0.513477 0)
(9.94035 0.577087 0)
(9.82352 0.643298 0)
(9.73402 0.732733 0)
(9.59348 0.802422 0)
(9.46614 0.898605 0)
(9.32164 0.995214 0)
(9.13101 1.07078 0)
(8.9851 1.19143 0)
(8.7399 1.25781 0)
(9.99981 0.0133428 0)
(10.0072 0.0383806 0)
(10.0196 0.0602576 0)
(10.0366 0.0777182 0)
(10.0595 0.0901092 0)
(10.0822 0.0984594 0)
(10.1052 0.103927 0)
(10.1313 0.107291 0)
(10.1535 0.110379 0)
(10.1732 0.113547 0)
(10.1979 0.116043 0)
(10.2201 0.119082 0)
(10.2379 0.12235 0)
(10.2624 0.123776 0)
(10.2887 0.124824 0)
(10.3081 0.126734 0)
(10.3314 0.126985 0)
(10.3621 0.126092 0)
(10.3858 0.127162 0)
(10.4037 0.128316 0)
(10.4297 0.127018 0)
(10.4577 0.126182 0)
(10.4749 0.127231 0)
(10.4923 0.126164 0)
(10.5241 0.121839 0)
(10.5574 0.118819 0)
(10.5747 0.118673 0)
(10.5844 0.116889 0)
(10.6056 0.110855 0)
(10.6361 0.103638 0)
(10.6595 0.0981266 0)
(10.672 0.0929863 0)
(10.684 0.0858686 0)
(10.7016 0.0769184 0)
(10.719 0.0676937 0)
(10.7299 0.0584318 0)
(10.7349 0.0484094 0)
(10.7377 0.0376848 0)
(10.7393 0.0272261 0)
(10.7388 0.018264 0)
(10.736 0.0113565 0)
(10.7318 0.00693798 0)
(10.7271 0.00522186 0)
(10.7218 0.00599611 0)
(10.7158 0.0092853 0)
(10.7094 0.0139437 0)
(10.7027 0.0202522 0)
(10.6961 0.0268386 0)
(10.689 0.0336144 0)
(10.6818 0.0407558 0)
(10.6744 0.0467129 0)
(10.666 0.0542732 0)
(10.6582 0.0604348 0)
(10.6482 0.0681882 0)
(10.6387 0.0771665 0)
(10.6281 0.0850832 0)
(10.6145 0.0984893 0)
(10.6036 0.108925 0)
(10.5855 0.125165 0)
(10.5704 0.142873 0)
(10.5519 0.160141 0)
(10.5256 0.18676 0)
(10.5088 0.209518 0)
(10.4715 0.240158 0)
(10.4465 0.276665 0)
(10.4095 0.309846 0)
(10.3608 0.358214 0)
(10.3302 0.406084 0)
(10.2563 0.455895 0)
(10.2186 0.526843 0)
(10.1358 0.584994 0)
(10.0638 0.663911 0)
(9.9944 0.751551 0)
(9.86572 0.826201 0)
(9.80751 0.940612 0)
(9.64783 1.0263 0)
(9.53783 1.13979 0)
(9.41223 1.25592 0)
(9.20269 1.34626 0)
(9.09305 1.48443 0)
(9.9998 0.00961222 0)
(10.0055 0.0279769 0)
(10.0151 0.0445814 0)
(10.0285 0.0586272 0)
(10.0475 0.0694784 0)
(10.067 0.0772645 0)
(10.0876 0.0827048 0)
(10.1122 0.0862695 0)
(10.134 0.0889386 0)
(10.1534 0.0915368 0)
(10.1778 0.0937626 0)
(10.2002 0.096038 0)
(10.2175 0.0987063 0)
(10.2409 0.100457 0)
(10.2672 0.101511 0)
(10.2862 0.103081 0)
(10.3079 0.103758 0)
(10.3387 0.103056 0)
(10.3637 0.103403 0)
(10.3807 0.104533 0)
(10.4053 0.103954 0)
(10.4339 0.102808 0)
(10.4514 0.103239 0)
(10.467 0.103149 0)
(10.4977 0.10022 0)
(10.5325 0.0969165 0)
(10.5503 0.0958284 0)
(10.5575 0.0946909 0)
(10.576 0.0905958 0)
(10.6073 0.0849614 0)
(10.6329 0.0806547 0)
(10.6455 0.0771465 0)
(10.6553 0.0718332 0)
(10.6708 0.0642 0)
(10.6875 0.0559479 0)
(10.6985 0.0483734 0)
(10.7041 0.0412102 0)
(10.7082 0.0341294 0)
(10.7122 0.0276074 0)
(10.7143 0.0221235 0)
(10.7134 0.0183057 0)
(10.7106 0.0158553 0)
(10.7066 0.0153798 0)
(10.7025 0.0168349 0)
(10.6979 0.0198413 0)
(10.6932 0.0250305 0)
(10.6887 0.0301253 0)
(10.6839 0.0369621 0)
(10.68 0.0430176 0)
(10.6751 0.0492236 0)
(10.6705 0.0566862 0)
(10.666 0.0616428 0)
(10.659 0.0707809 0)
(10.6546 0.0770731 0)
(10.6457 0.0862842 0)
(10.6378 0.0983608 0)
(10.6306 0.106873 0)
(10.6148 0.125371 0)
(10.6098 0.138396 0)
(10.5888 0.158077 0)
(10.5764 0.182976 0)
(10.5614 0.203046 0)
(10.5292 0.236822 0)
(10.524 0.268739 0)
(10.4755 0.302561 0)
(10.4637 0.352509 0)
(10.4186 0.394581 0)
(10.3743 0.449936 0)
(10.351 0.517413 0)
(10.2606 0.573973 0)
(10.2497 0.662432 0)
(10.1415 0.736893 0)
(10.0858 0.831276 0)
(10.0139 0.937352 0)
(9.87661 1.02826 0)
(9.82536 1.16679 0)
(9.65431 1.26368 0)
(9.55278 1.39891 0)
(9.39403 1.536 0)
(9.21587 1.63385 0)
(9.9998 0.00684706 0)
(10.0045 0.0201047 0)
(10.0125 0.0323134 0)
(10.0237 0.043024 0)
(10.0402 0.0517623 0)
(10.0574 0.0583854 0)
(10.0759 0.0632667 0)
(10.0992 0.0665985 0)
(10.1202 0.0688933 0)
(10.1394 0.0709811 0)
(10.1635 0.0727796 0)
(10.186 0.0744 0)
(10.2032 0.0764205 0)
(10.2259 0.0781047 0)
(10.2519 0.0789981 0)
(10.2706 0.0800707 0)
(10.2914 0.0810061 0)
(10.3219 0.0807937 0)
(10.3474 0.0805521 0)
(10.3641 0.0810717 0)
(10.3876 0.0809873 0)
(10.4165 0.0802727 0)
(10.4347 0.0804257 0)
(10.4488 0.0804561 0)
(10.4775 0.078308 0)
(10.5127 0.0753152 0)
(10.5318 0.0740797 0)
(10.5383 0.0737885 0)
(10.5551 0.0716265 0)
(10.5859 0.0675086 0)
(10.612 0.0634823 0)
(10.6237 0.0599571 0)
(10.6314 0.0555607 0)
(10.6458 0.0498883 0)
(10.6631 0.0443662 0)
(10.6754 0.03964 0)
(10.6816 0.0353611 0)
(10.6862 0.0307188 0)
(10.6905 0.0258203 0)
(10.6932 0.021497 0)
(10.6932 0.0178395 0)
(10.6914 0.0161638 0)
(10.6892 0.0156183 0)
(10.6863 0.0173734 0)
(10.6837 0.0208425 0)
(10.6806 0.0249063 0)
(10.6777 0.0317152 0)
(10.6759 0.0364935 0)
(10.6725 0.0445009 0)
(10.6717 0.0506632 0)
(10.6685 0.0569928 0)
(10.6655 0.0667803 0)
(10.6646 0.0711472 0)
(10.6564 0.0837642 0)
(10.6569 0.0917506 0)
(10.6472 0.102392 0)
(10.6404 0.120259 0)
(10.6384 0.129309 0)
(10.6167 0.153162 0)
(10.6221 0.171931 0)
(10.5942 0.192648 0)
(10.5885 0.227697 0)
(10.5744 0.251096 0)
(10.5392 0.291818 0)
(10.5464 0.33365 0)
(10.4833 0.374513 0)
(10.4937 0.434681 0)
(10.4315 0.487489 0)
(10.4008 0.558202 0)
(10.3777 0.633005 0)
(10.2833 0.710329 0)
(10.2789 0.814005 0)
(10.1671 0.90151 0)
(10.1176 1.01979 0)
(10.0263 1.14095 0)
(9.91061 1.26032 0)
(9.83039 1.398 0)
(9.66149 1.54661 0)
(9.54798 1.67768 0)
(9.37198 1.82675 0)
(9.9998 0.00462125 0)
(10.004 0.013628 0)
(10.011 0.0220236 0)
(10.0208 0.0295383 0)
(10.0357 0.0358526 0)
(10.0513 0.0408171 0)
(10.0684 0.0445838 0)
(10.0905 0.0472353 0)
(10.1109 0.0490646 0)
(10.1297 0.0506008 0)
(10.1536 0.0518851 0)
(10.1761 0.0529899 0)
(10.1933 0.0543952 0)
(10.2156 0.0557153 0)
(10.2411 0.056379 0)
(10.26 0.0570895 0)
(10.2803 0.0579676 0)
(10.3099 0.0579463 0)
(10.3355 0.0574951 0)
(10.3526 0.0577735 0)
(10.3758 0.058093 0)
(10.4044 0.0576677 0)
(10.4226 0.0573201 0)
(10.4359 0.057217 0)
(10.4635 0.0562092 0)
(10.4992 0.0544744 0)
(10.5195 0.0535271 0)
(10.5254 0.0532265 0)
(10.5401 0.0516609 0)
(10.5697 0.0484108 0)
(10.5962 0.0451984 0)
(10.6084 0.0429293 0)
(10.6158 0.0407478 0)
(10.6297 0.0378181 0)
(10.6471 0.0343058 0)
(10.6594 0.0311934 0)
(10.6656 0.0278747 0)
(10.6698 0.0247451 0)
(10.6748 0.0214484 0)
(10.6785 0.018775 0)
(10.68 0.0176953 0)
(10.6795 0.016716 0)
(10.678 0.018618 0)
(10.677 0.0199787 0)
(10.6747 0.0239272 0)
(10.6737 0.0289086 0)
(10.6723 0.0326252 0)
(10.6705 0.0413928 0)
(10.672 0.044377 0)
(10.6685 0.0539177 0)
(10.671 0.0603 0)
(10.6692 0.0657088 0)
(10.6652 0.0796044 0)
(10.6713 0.0821019 0)
(10.6566 0.09885 0)
(10.6668 0.10955 0)
(10.6522 0.120091 0)
(10.6489 0.145378 0)
(10.6519 0.155025 0)
(10.6232 0.183427 0)
(10.6439 0.20909 0)
(10.601 0.232453 0)
(10.6161 0.274596 0)
(10.5887 0.305303 0)
(10.5637 0.354231 0)
(10.578 0.400377 0)
(10.5039 0.45911 0)
(10.5343 0.521778 0)
(10.4615 0.592768 0)
(10.4454 0.673773 0)
(10.4086 0.765934 0)
(10.34 0.863168 0)
(10.3133 0.968824 0)
(10.2144 1.1071 0)
(10.1621 1.21435 0)
(10.0636 1.37077 0)
(9.94934 1.52466 0)
(9.8342 1.66655 0)
(9.70711 1.84149 0)
(9.50152 2.01315 0)
(9.9998 0.00268092 0)
(10.0037 0.00792499 0)
(10.0101 0.0128483 0)
(10.0192 0.0172922 0)
(10.0331 0.0211005 0)
(10.0477 0.0241505 0)
(10.0639 0.0265014 0)
(10.0851 0.0282237 0)
(10.1051 0.0294005 0)
(10.1236 0.0303236 0)
(10.1472 0.0311397 0)
(10.1698 0.0318231 0)
(10.1871 0.0325989 0)
(10.2091 0.0334078 0)
(10.2344 0.0339429 0)
(10.2532 0.034405 0)
(10.2732 0.0348547 0)
(10.3023 0.034815 0)
(10.3281 0.0346727 0)
(10.3455 0.0350441 0)
(10.3682 0.0353158 0)
(10.3963 0.0348458 0)
(10.4148 0.0345006 0)
(10.4283 0.0347464 0)
(10.4553 0.0345765 0)
(10.4905 0.0335135 0)
(10.5109 0.0325521 0)
(10.5166 0.0322965 0)
(10.5304 0.0316851 0)
(10.5598 0.0303219 0)
(10.587 0.0287493 0)
(10.5997 0.02776 0)
(10.6066 0.0266954 0)
(10.6193 0.0249805 0)
(10.6363 0.0230796 0)
(10.6488 0.021073 0)
(10.6553 0.0200216 0)
(10.6604 0.0184475 0)
(10.6657 0.017822 0)
(10.6708 0.0170472 0)
(10.6724 0.016769 0)
(10.6729 0.0182705 0)
(10.6725 0.018332 0)
(10.671 0.0225914 0)
(10.6719 0.0242144 0)
(10.6694 0.0291142 0)
(10.6705 0.0351336 0)
(10.6712 0.0372498 0)
(10.6689 0.0485354 0)
(10.6759 0.0496792 0)
(10.6691 0.0602322 0)
(10.6769 0.0695041 0)
(10.6753 0.0717789 0)
(10.6695 0.0926549 0)
(10.6846 0.093368 0)
(10.6599 0.113151 0)
(10.6846 0.129601 0)
(10.6594 0.13874 0)
(10.6675 0.171617 0)
(10.6673 0.182907 0)
(10.6406 0.218388 0)
(10.6704 0.244042 0)
(10.6193 0.280774 0)
(10.6504 0.323664 0)
(10.6146 0.360213 0)
(10.6062 0.427781 0)
(10.6062 0.469643 0)
(10.5645 0.550439 0)
(10.5665 0.617383 0)
(10.5249 0.711286 0)
(10.5007 0.798041 0)
(10.4678 0.909321 0)
(10.4097 1.03943 0)
(10.3631 1.14732 0)
(10.3106 1.3133 0)
(10.1874 1.46271 0)
(10.1498 1.62349 0)
(9.98327 1.80808 0)
(9.87389 1.99861 0)
(9.72138 2.17168 0)
(9.9998 0.000884035 0)
(10.0035 0.00261713 0)
(10.0097 0.0042479 0)
(10.0184 0.00572566 0)
(10.0319 0.00701027 0)
(10.046 0.00804325 0)
(10.0618 0.00885253 0)
(10.0826 0.00946985 0)
(10.1022 0.00988365 0)
(10.1206 0.0101956 0)
(10.1442 0.010513 0)
(10.1667 0.0107834 0)
(10.184 0.0110313 0)
(10.206 0.0113048 0)
(10.2312 0.0115719 0)
(10.2499 0.0117872 0)
(10.2696 0.0119444 0)
(10.2987 0.0119438 0)
(10.3247 0.0120164 0)
(10.3421 0.0122532 0)
(10.3644 0.0124077 0)
(10.3924 0.0122812 0)
(10.4113 0.0123069 0)
(10.4247 0.0125947 0)
(10.4511 0.0126155 0)
(10.4859 0.0122486 0)
(10.5069 0.011982 0)
(10.5131 0.012243 0)
(10.5266 0.0125984 0)
(10.5554 0.012535 0)
(10.5824 0.0124239 0)
(10.5951 0.0120271 0)
(10.6017 0.0120524 0)
(10.6146 0.0116433 0)
(10.6316 0.0115367 0)
(10.6447 0.0120959 0)
(10.6516 0.0118951 0)
(10.6565 0.0136664 0)
(10.6625 0.0128128 0)
(10.6668 0.0149184 0)
(10.6702 0.0152194 0)
(10.6702 0.0161701 0)
(10.6703 0.020514 0)
(10.6716 0.0191874 0)
(10.6688 0.027313 0)
(10.6734 0.0270231 0)
(10.6693 0.033046 0)
(10.6736 0.0409402 0)
(10.6765 0.0393699 0)
(10.6713 0.056055 0)
(10.6873 0.0538024 0)
(10.6721 0.0665582 0)
(10.6905 0.0795431 0)
(10.6832 0.0782273 0)
(10.6816 0.107318 0)
(10.6994 0.104723 0)
(10.6711 0.131843 0)
(10.7066 0.146655 0)
(10.6709 0.163772 0)
(10.6966 0.197514 0)
(10.6841 0.210658 0)
(10.6728 0.260579 0)
(10.6974 0.275864 0)
(10.6585 0.336561 0)
(10.6834 0.368455 0)
(10.666 0.432718 0)
(10.6511 0.486826 0)
(10.6629 0.558268 0)
(10.6293 0.647564 0)
(10.6258 0.711659 0)
(10.6164 0.847487 0)
(10.5563 0.932255 0)
(10.577 1.07837 0)
(10.4797 1.20708 0)
(10.4729 1.38306 0)
(10.3753 1.52946 0)
(10.2976 1.74382 0)
(10.2187 1.92284 0)
(10.0393 2.12928 0)
(9.94082 2.39457 0)
(9.9998 -0.000868482 0)
(10.0035 -0.00257083 0)
(10.0097 -0.0041707 0)
(10.0184 -0.0056166 0)
(10.0319 -0.00686752 0)
(10.046 -0.00786487 0)
(10.0618 -0.00863431 0)
(10.0826 -0.00920899 0)
(10.1023 -0.00957273 0)
(10.1207 -0.00983172 0)
(10.1443 -0.0100833 0)
(10.1667 -0.0102874 0)
(10.184 -0.0104461 0)
(10.206 -0.0106369 0)
(10.2313 -0.0107819 0)
(10.2499 -0.0108949 0)
(10.2697 -0.0108822 0)
(10.2988 -0.0107556 0)
(10.3248 -0.0105978 0)
(10.3422 -0.0106722 0)
(10.3645 -0.0105269 0)
(10.3925 -0.0101829 0)
(10.4114 -0.00983116 0)
(10.4249 -0.00979976 0)
(10.4513 -0.00937302 0)
(10.4862 -0.00854515 0)
(10.5072 -0.00774759 0)
(10.5134 -0.00733834 0)
(10.527 -0.00703852 0)
(10.5559 -0.00608233 0)
(10.5828 -0.00512732 0)
(10.5957 -0.00356641 0)
(10.6025 -0.00250606 0)
(10.615 -0.000553297 0)
(10.6328 0.000901149 0)
(10.6454 0.00246056 0)
(10.653 0.00460199 0)
(10.6578 0.00545267 0)
(10.6633 0.00935022 0)
(10.6696 0.00981321 0)
(10.6704 0.013941 0)
(10.6739 0.0160964 0)
(10.6726 0.017229 0)
(10.6726 0.024154 0)
(10.6773 0.0211421 0)
(10.6694 0.0310715 0)
(10.6829 0.0307877 0)
(10.6716 0.0343532 0)
(10.684 0.0471595 0)
(10.685 0.0402252 0)
(10.6791 0.0619581 0)
(10.703 0.0595516 0)
(10.6779 0.0709463 0)
(10.7115 0.0902545 0)
(10.6893 0.0867289 0)
(10.7066 0.119759 0)
(10.7088 0.11856 0)
(10.6982 0.152388 0)
(10.7222 0.160296 0)
(10.7026 0.195306 0)
(10.7183 0.218372 0)
(10.7191 0.245686 0)
(10.7145 0.29569 0)
(10.7213 0.318336 0)
(10.731 0.3859 0)
(10.7085 0.420125 0)
(10.7487 0.503463 0)
(10.6991 0.553777 0)
(10.7537 0.6537 0)
(10.6986 0.728198 0)
(10.7271 0.857614 0)
(10.7085 0.947239 0)
(10.6695 1.11386 0)
(10.694 1.24348 0)
(10.5829 1.41959 0)
(10.6165 1.63553 0)
(10.471 1.77032 0)
(10.4457 2.09474 0)
(10.2651 2.24286 0)
(10.18 2.55207 0)
(9.9998 -0.00266565 0)
(10.0037 -0.00787959 0)
(10.0101 -0.0127725 0)
(10.0192 -0.0171853 0)
(10.0331 -0.0209607 0)
(10.0477 -0.023976 0)
(10.0639 -0.0262878 0)
(10.0852 -0.0279689 0)
(10.1051 -0.0290961 0)
(10.1236 -0.0299684 0)
(10.1473 -0.0307187 0)
(10.1698 -0.0313395 0)
(10.1872 -0.0320242 0)
(10.2092 -0.0327579 0)
(10.2345 -0.0331642 0)
(10.2533 -0.0335395 0)
(10.2734 -0.0338044 0)
(10.3026 -0.033665 0)
(10.3284 -0.0332675 0)
(10.3458 -0.0335136 0)
(10.3685 -0.0334524 0)
(10.3967 -0.032801 0)
(10.4153 -0.0320685 0)
(10.4288 -0.0319889 0)
(10.456 -0.0314327 0)
(10.4912 -0.0297983 0)
(10.5118 -0.0284856 0)
(10.5175 -0.027375 0)
(10.5316 -0.0262995 0)
(10.561 -0.0240292 0)
(10.5885 -0.0213773 0)
(10.6014 -0.0199305 0)
(10.6084 -0.0165322 0)
(10.6217 -0.015079 0)
(10.6384 -0.00966922 0)
(10.652 -0.00758978 0)
(10.6584 -0.00380368 0)
(10.6645 0.00102547 0)
(10.6706 0.000851804 0)
(10.6746 0.0107948 0)
(10.68 0.00746951 0)
(10.6771 0.0171902 0)
(10.6818 0.0181117 0)
(10.6795 0.0176445 0)
(10.6791 0.0309118 0)
(10.6873 0.0185313 0)
(10.6742 0.0382261 0)
(10.6973 0.030292 0)
(10.6769 0.037348 0)
(10.7009 0.052342 0)
(10.6929 0.039882 0)
(10.6969 0.0725704 0)
(10.7146 0.0576567 0)
(10.6957 0.0879746 0)
(10.7287 0.0891087 0)
(10.7052 0.104909 0)
(10.7329 0.131457 0)
(10.7229 0.127629 0)
(10.7343 0.180686 0)
(10.738 0.169947 0)
(10.7487 0.228066 0)
(10.7388 0.235599 0)
(10.7792 0.292185 0)
(10.7366 0.312521 0)
(10.8059 0.378147 0)
(10.7571 0.423239 0)
(10.8037 0.482678 0)
(10.8142 0.561319 0)
(10.7836 0.639771 0)
(10.8613 0.73527 0)
(10.7906 0.834056 0)
(10.877 0.988817 0)
(10.7942 1.07218 0)
(10.8665 1.31962 0)
(10.7823 1.41001 0)
(10.8057 1.68631 0)
(10.7164 1.87674 0)
(10.6626 2.14339 0)
(10.5673 2.41954 0)
(10.4078 2.6635 0)
(9.9998 -0.0046067 0)
(10.004 -0.0135847 0)
(10.011 -0.0219514 0)
(10.0208 -0.0294365 0)
(10.0357 -0.0357194 0)
(10.0513 -0.0406508 0)
(10.0685 -0.0443802 0)
(10.0905 -0.0469923 0)
(10.111 -0.0487739 0)
(10.1298 -0.0502618 0)
(10.1537 -0.0514824 0)
(10.1762 -0.0525284 0)
(10.1935 -0.0538442 0)
(10.2158 -0.0550946 0)
(10.2414 -0.0556305 0)
(10.2602 -0.0562634 0)
(10.2806 -0.0569544 0)
(10.3103 -0.0568531 0)
(10.336 -0.0561305 0)
(10.3531 -0.0563286 0)
(10.3764 -0.0562685 0)
(10.4051 -0.0557554 0)
(10.4234 -0.0549034 0)
(10.4367 -0.0546719 0)
(10.4647 -0.0530417 0)
(10.5003 -0.0510787 0)
(10.5209 -0.049403 0)
(10.527 -0.0486762 0)
(10.5417 -0.0463253 0)
(10.572 -0.0423324 0)
(10.5982 -0.0383585 0)
(10.6116 -0.0347892 0)
(10.6187 -0.031968 0)
(10.6333 -0.0269764 0)
(10.6518 -0.0228208 0)
(10.6628 -0.0171164 0)
(10.6728 -0.0121484 0)
(10.6736 -0.00733552 0)
(10.6836 0.000384086 0)
(10.6869 0.00201437 0)
(10.6874 0.0111517 0)
(10.6958 0.0121496 0)
(10.6833 0.0159832 0)
(10.6997 0.0240718 0)
(10.6848 0.0154344 0)
(10.6954 0.0337708 0)
(10.6968 0.0192763 0)
(10.6873 0.0351458 0)
(10.7129 0.0358026 0)
(10.6871 0.0331801 0)
(10.7226 0.056528 0)
(10.6998 0.043977 0)
(10.7249 0.0724232 0)
(10.7192 0.0672866 0)
(10.7301 0.0940968 0)
(10.7303 0.0930274 0)
(10.7518 0.1262 0)
(10.7294 0.12731 0)
(10.7777 0.162483 0)
(10.7481 0.176429 0)
(10.7742 0.206399 0)
(10.8035 0.242117 0)
(10.7595 0.261121 0)
(10.8563 0.326693 0)
(10.7727 0.342379 0)
(10.8932 0.426598 0)
(10.8097 0.449182 0)
(10.9229 0.575311 0)
(10.8669 0.579987 0)
(10.95 0.759682 0)
(10.9336 0.792247 0)
(10.9786 0.971822 0)
(10.9878 1.09744 0)
(11.0087 1.25596 0)
(11.0213 1.48321 0)
(10.9873 1.65993 0)
(11.0164 1.96879 0)
(10.8874 2.18374 0)
(10.9262 2.54474 0)
(10.6645 2.82665 0)
(9.9998 -0.00683353 0)
(10.0046 -0.0200646 0)
(10.0125 -0.0322463 0)
(10.0237 -0.0429296 0)
(10.0402 -0.0516385 0)
(10.0574 -0.058231 0)
(10.076 -0.0630771 0)
(10.0992 -0.066373 0)
(10.1203 -0.0686217 0)
(10.1395 -0.0706674 0)
(10.1637 -0.0724004 0)
(10.1862 -0.0739755 0)
(10.2034 -0.0758956 0)
(10.2262 -0.0775402 0)
(10.2522 -0.0782727 0)
(10.271 -0.0793339 0)
(10.2918 -0.0800018 0)
(10.3224 -0.0798452 0)
(10.348 -0.0791665 0)
(10.3648 -0.0798464 0)
(10.3884 -0.0791127 0)
(10.4174 -0.0786451 0)
(10.4358 -0.0779855 0)
(10.4501 -0.0781674 0)
(10.4789 -0.0753121 0)
(10.5143 -0.0719597 0)
(10.5338 -0.0705641 0)
(10.5404 -0.0688929 0)
(10.5577 -0.0673495 0)
(10.5887 -0.0610364 0)
(10.6154 -0.0573588 0)
(10.6274 -0.0526767 0)
(10.6357 -0.0455347 0)
(10.6509 -0.0429026 0)
(10.6683 -0.0288485 0)
(10.6829 -0.0320127 0)
(10.6877 -0.0157635 0)
(10.6968 -0.016775 0)
(10.6974 -0.00673417 0)
(10.7062 0.00706747 0)
(10.7053 -0.00226819 0)
(10.7055 0.0271894 0)
(10.7102 0.00458688 0)
(10.6993 0.0312681 0)
(10.7162 0.0210332 0)
(10.6946 0.0200561 0)
(10.7206 0.0409423 0)
(10.6977 0.0110217 0)
(10.723 0.0541592 0)
(10.709 0.0166044 0)
(10.7244 0.0606145 0)
(10.7267 0.0390904 0)
(10.724 0.0599187 0)
(10.7504 0.0807854 0)
(10.7243 0.0586337 0)
(10.7756 0.121303 0)
(10.73 0.0868863 0)
(10.7994 0.141484 0)
(10.7442 0.138863 0)
(10.8252 0.177373 0)
(10.7617 0.180412 0)
(10.8589 0.242861 0)
(10.7938 0.235385 0)
(10.8767 0.316062 0)
(10.8695 0.314668 0)
(10.878 0.413604 0)
(10.9562 0.427044 0)
(10.9213 0.518964 0)
(11.0178 0.609631 0)
(10.9968 0.646803 0)
(11.1041 0.842548 0)
(11.0604 0.863123 0)
(11.205 1.11266 0)
(11.1444 1.19661 0)
(11.2768 1.47798 0)
(11.1977 1.65481 0)
(11.3232 1.96262 0)
(11.2022 2.2567 0)
(11.214 2.61245 0)
(11.1142 3.00527 0)
(9.9998 -0.00960009 0)
(10.0055 -0.0279408 0)
(10.0151 -0.0445211 0)
(10.0285 -0.0585421 0)
(10.0475 -0.0693668 0)
(10.0671 -0.077125 0)
(10.0876 -0.0825337 0)
(10.1123 -0.0860653 0)
(10.1341 -0.0886932 0)
(10.1535 -0.0912516 0)
(10.178 -0.0934201 0)
(10.2005 -0.0956496 0)
(10.2178 -0.0982331 0)
(10.2413 -0.0999357 0)
(10.2676 -0.100861 0)
(10.2867 -0.102392 0)
(10.3084 -0.102862 0)
(10.3395 -0.102159 0)
(10.3643 -0.102172 0)
(10.3817 -0.103362 0)
(10.4063 -0.102281 0)
(10.4351 -0.101266 0)
(10.4528 -0.10102 0)
(10.4684 -0.101052 0)
(10.4998 -0.0973773 0)
(10.5342 -0.0939851 0)
(10.5532 -0.092306 0)
(10.5598 -0.0905268 0)
(10.5793 -0.0863112 0)
(10.6112 -0.0791479 0)
(10.6359 -0.0753074 0)
(10.6522 -0.0693851 0)
(10.6581 -0.0646635 0)
(10.6796 -0.0545579 0)
(10.6927 -0.0453748 0)
(10.7063 -0.0375889 0)
(10.7173 -0.0251047 0)
(10.7111 -0.0231971 0)
(10.7378 -0.00396384 0)
(10.7135 -0.00977578 0)
(10.7454 0.0130183 0)
(10.7168 0.00467661 0)
(10.7343 0.0182147 0)
(10.7305 0.021979 0)
(10.7137 0.0120956 0)
(10.7472 0.0352159 0)
(10.6997 0.00967049 0)
(10.7539 0.0352829 0)
(10.7061 0.0233758 0)
(10.7466 0.0302689 0)
(10.7284 0.0403181 0)
(10.7415 0.0427825 0)
(10.74 0.0457532 0)
(10.7673 0.0765126 0)
(10.7267 0.0523132 0)
(10.8071 0.110639 0)
(10.7399 0.0783607 0)
(10.8002 0.133002 0)
(10.8153 0.131777 0)
(10.7675 0.148305 0)
(10.887 0.196628 0)
(10.7886 0.189408 0)
(10.9147 0.253966 0)
(10.853 0.256416 0)
(10.9504 0.337567 0)
(10.9185 0.323792 0)
(11.0156 0.462139 0)
(10.9944 0.429745 0)
(11.1047 0.585904 0)
(11.0888 0.619808 0)
(11.2129 0.744576 0)
(11.2218 0.860821 0)
(11.3263 0.997112 0)
(11.3833 1.19717 0)
(11.4402 1.36353 0)
(11.5524 1.65154 0)
(11.5162 1.91067 0)
(11.6649 2.30641 0)
(11.4964 2.61505 0)
(11.6288 3.16059 0)
(9.99981 -0.0133324 0)
(10.0072 -0.0383498 0)
(10.0196 -0.0602055 0)
(10.0367 -0.0776453 0)
(10.0595 -0.0900126 0)
(10.0823 -0.0983392 0)
(10.1053 -0.103777 0)
(10.1314 -0.107114 0)
(10.1536 -0.110163 0)
(10.1734 -0.113301 0)
(10.1981 -0.115735 0)
(10.2204 -0.118753 0)
(10.2383 -0.12191 0)
(10.2628 -0.123356 0)
(10.2891 -0.124182 0)
(10.3087 -0.12623 0)
(10.3319 -0.126021 0)
(10.363 -0.125547 0)
(10.3866 -0.125687 0)
(10.4048 -0.127802 0)
(10.4308 -0.124796 0)
(10.4592 -0.125734 0)
(10.4764 -0.124098 0)
(10.4943 -0.125557 0)
(10.5262 -0.117994 0)
(10.5599 -0.11724 0)
(10.5775 -0.114933 0)
(10.5877 -0.112853 0)
(10.6091 -0.108322 0)
(10.6408 -0.0959528 0)
(10.6637 -0.0963989 0)
(10.6787 -0.0831932 0)
(10.6891 -0.0804857 0)
(10.7103 -0.0708475 0)
(10.7265 -0.0504789 0)
(10.7397 -0.0623724 0)
(10.7471 -0.0145942 0)
(10.7476 -0.0487891 0)
(10.7569 0.0146745 0)
(10.752 -0.0190932 0)
(10.7582 0.0170821 0)
(10.7558 0.0244717 0)
(10.7462 -0.00215024 0)
(10.766 0.0635778 0)
(10.7268 -0.020624 0)
(10.779 0.0776716 0)
(10.7123 -0.0178023 0)
(10.7825 0.0590777 0)
(10.7212 0.0180407 0)
(10.7608 0.0162751 0)
(10.7625 0.0762536 0)
(10.7212 -0.0166271 0)
(10.8117 0.105013 0)
(10.707 0.0135341 0)
(10.8254 0.0804872 0)
(10.7394 0.0798572 0)
(10.8205 0.0789669 0)
(10.7764 0.106529 0)
(10.8451 0.131035 0)
(10.8 0.115426 0)
(10.8789 0.196775 0)
(10.8566 0.136573 0)
(10.9008 0.267108 0)
(10.9288 0.200295 0)
(10.9522 0.295909 0)
(11.0085 0.347398 0)
(11.021 0.319796 0)
(11.1178 0.486828 0)
(11.1066 0.453486 0)
(11.2656 0.598906 0)
(11.2369 0.645231 0)
(11.4187 0.811119 0)
(11.4225 0.879126 0)
(11.6376 1.10684 0)
(11.6161 1.26941 0)
(11.8488 1.56144 0)
(11.8731 1.82658 0)
(11.9873 2.2451 0)
(12.056 2.68078 0)
(11.9594 3.16513 0)
(9.99982 -0.0187896 0)
(10.0105 -0.052535 0)
(10.0277 -0.0804398 0)
(10.0508 -0.100998 0)
(10.0791 -0.114189 0)
(10.1058 -0.122616 0)
(10.1316 -0.127914 0)
(10.1588 -0.131372 0)
(10.1809 -0.135446 0)
(10.2012 -0.139539 0)
(10.226 -0.142592 0)
(10.2478 -0.146559 0)
(10.2667 -0.149916 0)
(10.2924 -0.150612 0)
(10.3181 -0.151929 0)
(10.3383 -0.154098 0)
(10.3623 -0.15337 0)
(10.3923 -0.152538 0)
(10.4141 -0.15429 0)
(10.4341 -0.155245 0)
(10.4593 -0.152583 0)
(10.486 -0.152553 0)
(10.502 -0.153076 0)
(10.5225 -0.150911 0)
(10.5539 -0.144816 0)
(10.5827 -0.142553 0)
(10.6006 -0.143334 0)
(10.6093 -0.136894 0)
(10.6362 -0.133247 0)
(10.6604 -0.116855 0)
(10.6861 -0.124157 0)
(10.6976 -0.0990959 0)
(10.7076 -0.110255 0)
(10.7331 -0.0711798 0)
(10.7357 -0.0840153 0)
(10.7663 -0.0508721 0)
(10.7518 -0.0475088 0)
(10.775 -0.0421166 0)
(10.7663 0.00121588 0)
(10.7635 -0.0410259 0)
(10.7794 0.0430126 0)
(10.74 -0.0324027 0)
(10.7883 0.0500295 0)
(10.7238 0.00206646 0)
(10.7822 0.0155414 0)
(10.7304 0.0528572 0)
(10.7528 -0.0263514 0)
(10.755 0.0805615 0)
(10.7296 -0.0248057 0)
(10.7543 0.0532464 0)
(10.7566 0.0316719 0)
(10.7058 0.00670985 0)
(10.8152 0.0844517 0)
(10.6898 0.00446579 0)
(10.8034 0.0902414 0)
(10.7806 0.0520337 0)
(10.7369 0.0749425 0)
(10.8679 0.108771 0)
(10.7483 0.0764376 0)
(10.8872 0.156291 0)
(10.8103 0.100179 0)
(10.9232 0.19754 0)
(10.873 0.15416 0)
(10.9657 0.243033 0)
(10.975 0.203957 0)
(11.0316 0.328664 0)
(11.0608 0.278014 0)
(11.1678 0.395776 0)
(11.1845 0.423768 0)
(11.2852 0.484087 0)
(11.4102 0.601395 0)
(11.4441 0.6453 0)
(11.6631 0.816496 0)
(11.7024 0.933938 0)
(11.9844 1.14754 0)
(11.9846 1.33153 0)
(12.4014 1.75756 0)
(12.2556 2.02323 0)
(12.7185 2.66477 0)
(12.4735 3.14187 0)
(9.99987 -0.0267366 0)
(10.0171 -0.06959 0)
(10.0428 -0.0996558 0)
(10.0746 -0.117289 0)
(10.1095 -0.126208 0)
(10.1399 -0.131615 0)
(10.1673 -0.135436 0)
(10.1936 -0.139315 0)
(10.2139 -0.145033 0)
(10.2331 -0.15001 0)
(10.2558 -0.153685 0)
(10.2749 -0.158445 0)
(10.2926 -0.16145 0)
(10.3152 -0.161905 0)
(10.3358 -0.163848 0)
(10.3521 -0.16657 0)
(10.3726 -0.165329 0)
(10.3939 -0.166327 0)
(10.4092 -0.167655 0)
(10.4229 -0.169939 0)
(10.4427 -0.165004 0)
(10.4571 -0.17057 0)
(10.4671 -0.164909 0)
(10.4801 -0.16847 0)
(10.4997 -0.152796 0)
(10.5196 -0.164442 0)
(10.5193 -0.153184 0)
(10.5379 -0.157999 0)
(10.5287 -0.140657 0)
(10.5756 -0.131867 0)
(10.5421 -0.137313 0)
(10.6028 -0.108923 0)
(10.547 -0.128752 0)
(10.6173 -0.0744853 0)
(10.5748 -0.0931642 0)
(10.5987 -0.0535788 0)
(10.6232 -0.0284071 0)
(10.5345 -0.0555632 0)
(10.6914 0.0556274 0)
(10.4602 -0.0755804 0)
(10.7429 0.118724 0)
(10.4252 -0.078953 0)
(10.7301 0.125239 0)
(10.4722 -0.0361431 0)
(10.6403 0.0627435 0)
(10.5861 0.0503541 0)
(10.519 -0.0331321 0)
(10.6972 0.131355 0)
(10.4424 -0.0779467 0)
(10.7277 0.118585 0)
(10.477 -0.0072343 0)
(10.6568 0.0230497 0)
(10.5841 0.0911359 0)
(10.5862 -0.0221515 0)
(10.6488 0.12088 0)
(10.5926 -0.0103368 0)
(10.6736 0.140279 0)
(10.6193 0.00758171 0)
(10.7158 0.136221 0)
(10.6666 0.0943357 0)
(10.7346 0.0921566 0)
(10.7656 0.141204 0)
(10.8034 0.214702 0)
(10.7676 0.0322997 0)
(10.9977 0.4014 0)
(10.809 0.0459766 0)
(11.0932 0.411835 0)
(11.0072 0.205697 0)
(11.1999 0.433263 0)
(11.2067 0.334698 0)
(11.4439 0.567307 0)
(11.4055 0.471239 0)
(11.7926 0.738695 0)
(11.7406 0.731939 0)
(12.184 0.998311 0)
(12.2451 1.12669 0)
(12.698 1.50491 0)
(12.8596 1.8393 0)
(13.1899 2.50622 0)
(13.3732 3.29528 0)
(9.99997 -0.0611804 0)
(10.0322 -0.137205 0)
(10.0696 -0.17354 0)
(10.1049 -0.184562 0)
(10.1337 -0.185628 0)
(10.1505 -0.18634 0)
(10.1593 -0.187858 0)
(10.1632 -0.191311 0)
(10.1598 -0.196306 0)
(10.1543 -0.198807 0)
(10.1492 -0.200335 0)
(10.1382 -0.20249 0)
(10.1251 -0.201474 0)
(10.1142 -0.199727 0)
(10.0975 -0.200586 0)
(10.077 -0.199662 0)
(10.058 -0.196437 0)
(10.0384 -0.196515 0)
(10.0104 -0.196793 0)
(9.9854 -0.193617 0)
(9.95558 -0.190858 0)
(9.93059 -0.192325 0)
(9.88716 -0.189552 0)
(9.87193 -0.181604 0)
(9.82251 -0.176662 0)
(9.82106 -0.175147 0)
(9.73909 -0.17779 0)
(9.76289 -0.162572 0)
(9.65565 -0.163464 0)
(9.71831 -0.136732 0)
(9.58004 -0.15796 0)
(9.65823 -0.112688 0)
(9.53135 -0.149743 0)
(9.57472 -0.0774465 0)
(9.54684 -0.128875 0)
(9.44523 -0.043636 0)
(9.62636 -0.0906339 0)
(9.28265 -0.0175202 0)
(9.73342 -0.0366006 0)
(9.15063 -0.0095217 0)
(9.79391 0.0160174 0)
(9.14117 -0.0130462 0)
(9.73813 0.0510568 0)
(9.28872 -0.0157259 0)
(9.56522 0.0570585 0)
(9.53288 0.000501388 0)
(9.37914 0.0253887 0)
(9.71498 0.042723 0)
(9.33718 -0.0233279 0)
(9.71182 0.0849956 0)
(9.48013 -0.0528863 0)
(9.57169 0.109893 0)
(9.69388 -0.0698751 0)
(9.43089 0.132463 0)
(9.87459 -0.0590524 0)
(9.35651 0.0995994 0)
(10.0031 0.0259502 0)
(9.3539 0.0360621 0)
(10.095 0.077545 0)
(9.41714 0.0767735 0)
(10.1401 0.029101 0)
(9.5421 0.162374 0)
(10.225 0.051711 0)
(9.60361 0.140696 0)
(10.4435 0.0895308 0)
(9.62645 0.234163 0)
(10.7089 0.0831155 0)
(9.82268 0.295565 0)
(10.7996 0.154135 0)
(10.2488 0.372737 0)
(10.9561 0.197168 0)
(10.6725 0.458171 0)
(11.2864 0.326573 0)
(11.3194 0.591087 0)
(11.662 0.486775 0)
(12.2361 0.883147 0)
(12.4222 0.823552 0)
(13.3124 1.36232 0)
(13.6649 1.78095 0)
(14.5418 2.70962 0)
(9.90156 -0.0455514 0)
(9.80654 -0.0985355 0)
(9.70019 -0.120951 0)
(9.57013 -0.125553 0)
(9.41931 -0.124182 0)
(9.25243 -0.123868 0)
(9.08079 -0.123737 0)
(8.91012 -0.125288 0)
(8.73799 -0.127968 0)
(8.56853 -0.127016 0)
(8.40243 -0.126163 0)
(8.23502 -0.126603 0)
(8.06925 -0.123225 0)
(7.90628 -0.120198 0)
(7.74325 -0.120189 0)
(7.58192 -0.116957 0)
(7.42358 -0.112649 0)
(7.26677 -0.113072 0)
(7.11179 -0.111751 0)
(6.95804 -0.105167 0)
(6.80483 -0.103155 0)
(6.65524 -0.105402 0)
(6.51134 -0.100968 0)
(6.37321 -0.0909754 0)
(6.23508 -0.088156 0)
(6.10256 -0.0898384 0)
(5.96568 -0.086772 0)
(5.84719 -0.0758751 0)
(5.71851 -0.0673618 0)
(5.62663 -0.0639996 0)
(5.49715 -0.0581582 0)
(5.4328 -0.0561369 0)
(5.29584 -0.038094 0)
(5.2734 -0.0401881 0)
(5.13858 -0.00924812 0)
(5.16068 -0.0204693 0)
(5.047 0.0179202 0)
(5.09342 -0.00251264 0)
(5.03351 0.0310014 0)
(5.05643 0.0151957 0)
(5.08883 0.0217386 0)
(5.02157 0.0312312 0)
(5.19318 -0.00281808 0)
(4.97146 0.0406844 0)
(5.31917 -0.0149636 0)
(4.91674 0.0230092 0)
(5.42384 0.0159388 0)
(4.90026 -0.0380762 0)
(5.45019 0.0885617 0)
(4.98868 -0.11536 0)
(5.34484 0.149427 0)
(5.21763 -0.136642 0)
(5.14278 0.122567 0)
(5.47288 -0.0416759 0)
(5.04805 -0.0143101 0)
(5.5113 0.119902 0)
(5.29957 -0.118706 0)
(5.18545 0.136268 0)
(5.85797 0.00093444 0)
(4.83683 -0.0725515 0)
(6.22214 0.281789 0)
(4.89951 -0.261104 0)
(6.22911 0.328703 0)
(5.24742 -0.122068 0)
(6.31518 0.179256 0)
(5.31754 -0.0789891 0)
(6.84237 0.393348 0)
(5.31957 -0.367853 0)
(7.18975 0.737875 0)
(5.85934 -0.471055 0)
(7.30547 0.772618 0)
(6.5952 -0.361908 0)
(7.67138 0.806767 0)
(7.34869 -0.277182 0)
(8.35554 0.862056 0)
(8.32074 -0.113455 0)
(9.64171 1.0864 0)
(9.60995 -0.104837 0)
(11.8719 1.88636 0)
(12.198 0.497721 0)
(0.251589 0.250023 0)
(-0.205309 0.223508 0)
(-0.645444 0.177924 0)
(-1.04424 0.111373 0)
(-1.38401 0.0374838 0)
(-1.6444 -0.0362108 0)
(-1.83102 -0.0930437 0)
(-1.93989 -0.125907 0)
(-1.99095 -0.142001 0)
(-1.99017 -0.128821 0)
(-1.9447 -0.110606 0)
(-1.88415 -0.0695784 0)
(-1.74317 -0.0245486 0)
(-1.4986 -0.0360311 0)
(-1.22569 0.0185969 0)
(-1.00692 0.033796 0)
(-0.893238 -0.0308768 0)
(-0.811832 -0.282281 0)
(-0.579203 -0.509305 0)
(-0.200436 -0.480777 0)
(5.30729 0.691335 0)
(4.83444 0.698406 0)
(4.3255 0.693752 0)
(3.81972 0.654984 0)
(3.24727 0.600418 0)
(2.71497 0.518486 0)
(2.14313 0.418448 0)
(1.60872 0.312871 0)
(1.12138 0.194431 0)
(0.654066 0.094975 0)
(0.347336 -0.0330071 0)
(0.0786738 -0.14543 0)
(-0.0541187 -0.325904 0)
(-0.0271624 -0.5611 0)
(-0.127718 -0.604609 0)
(-0.437749 -0.44522 0)
(-0.85514 -0.166648 0)
(-0.920184 0.00823882 0)
(-0.614424 -0.0694011 0)
(-0.216928 -0.204291 0)
(7.66809 1.06872 0)
(7.2922 1.12082 0)
(6.94877 1.15443 0)
(6.52872 1.12498 0)
(6.05314 1.14097 0)
(5.61985 1.0631 0)
(5.03743 0.999784 0)
(4.53572 0.932078 0)
(3.99504 0.772173 0)
(3.37181 0.685656 0)
(2.96162 0.489325 0)
(2.32127 0.330599 0)
(1.82242 0.184547 0)
(1.45997 0.130758 0)
(0.817441 0.515282 0)
(0.693165 0.77247 0)
(0.859176 0.646111 0)
(1.09861 -0.386004 0)
(0.423004 -1.67828 0)
(-0.183518 -1.6212 0)
(8.54305 1.34755 0)
(8.28765 1.43719 0)
(7.98345 1.45153 0)
(7.71269 1.53548 0)
(7.31582 1.52022 0)
(6.96339 1.49871 0)
(6.51284 1.51881 0)
(6.03672 1.38483 0)
(5.58546 1.33538 0)
(4.932 1.23598 0)
(4.54722 0.972863 0)
(3.88042 0.924666 0)
(3.47836 0.542882 0)
(3.24108 0.120696 0)
(2.94937 -0.0306719 0)
(2.88005 -0.512626 0)
(2.72763 -0.668577 0)
(2.979 0.39228 0)
(1.21925 1.63036 0)
(-0.16118 0.571899 0)
(8.84903 1.56006 0)
(8.6478 1.67045 0)
(8.43554 1.75908 0)
(8.12081 1.80061 0)
(7.86369 1.8827 0)
(7.52098 1.87849 0)
(7.13168 1.89704 0)
(6.76351 1.86263 0)
(6.25546 1.80481 0)
(5.83481 1.75793 0)
(5.26527 1.51316 0)
(4.58017 1.51944 0)
(4.01027 1.2026 0)
(2.67226 0.955959 0)
(1.86767 1.16217 0)
(0.0448749 1.05022 0)
(-1.18298 0.83276 0)
(-1.45612 0.86917 0)
(-1.39629 0.629064 0)
(-0.138643 -1.00135 0)
(9.05472 1.79326 0)
(8.82246 1.88101 0)
(8.61405 2.00417 0)
(8.34587 2.09612 0)
(8.07692 2.16745 0)
(7.75868 2.23384 0)
(7.3854 2.26045 0)
(7.09512 2.28328 0)
(6.54471 2.23774 0)
(6.1793 2.20445 0)
(5.65009 2.17534 0)
(5.06624 2.00096 0)
(4.88578 1.88166 0)
(4.14695 1.72319 0)
(4.08834 1.66865 0)
(3.95735 1.87624 0)
(3.76346 1.36983 0)
(2.12356 1.40701 0)
(1.36129 1.10644 0)
(1.1904 -0.578721 0)
(9.17907 1.98604 0)
(8.98046 2.09928 0)
(8.75821 2.25253 0)
(8.47749 2.36655 0)
(8.19492 2.46947 0)
(7.93383 2.55926 0)
(7.49573 2.62226 0)
(7.19031 2.67177 0)
(6.7558 2.69286 0)
(6.33583 2.66552 0)
(5.88751 2.61142 0)
(5.13088 2.5733 0)
(4.59601 2.8114 0)
(3.548 2.65529 0)
(2.40131 2.25811 0)
(1.487 2.25633 0)
(0.676304 2.24335 0)
(0.18003 2.14627 0)
(0.775613 1.1954 0)
(0.630272 0.83817 0)
(9.36491 2.16757 0)
(9.13504 2.33322 0)
(8.85439 2.51458 0)
(8.683 2.63035 0)
(8.29035 2.77013 0)
(8.00891 2.92603 0)
(7.65002 2.96827 0)
(7.28925 3.06211 0)
(6.818 3.1267 0)
(6.28787 3.10461 0)
(6.05944 3.26214 0)
(5.61052 2.91323 0)
(5.29042 2.62145 0)
(5.30725 2.7291 0)
(5.04187 2.73135 0)
(4.37804 3.01168 0)
(3.69249 3.16374 0)
(3.44135 2.25751 0)
(2.9235 1.32583 0)
(1.06595 1.27044 0)
(9.49373 2.3863 0)
(9.33877 2.5775 0)
(9.03679 2.73393 0)
(8.80111 2.96657 0)
(8.45584 3.07983 0)
(8.15693 3.2553 0)
(7.75747 3.37303 0)
(7.26327 3.46458 0)
(7.07284 3.61438 0)
(6.42152 3.4598 0)
(5.79026 3.6254 0)
(5.146 4.07318 0)
(3.8546 4.18359 0)
(2.40447 4.01945 0)
(1.74501 3.7449 0)
(2.00312 3.46984 0)
(2.54539 2.93427 0)
(2.82306 2.59502 0)
(2.18844 3.05398 0)
(0.542037 3.64069 0)
(9.71091 2.53529 0)
(9.52897 2.85286 0)
(9.24304 3.00701 0)
(8.98777 3.24026 0)
(8.65165 3.46871 0)
(8.21907 3.57719 0)
(8.02506 3.82468 0)
(7.32016 3.85 0)
(6.96927 4.04404 0)
(6.63128 4.21071 0)
(6.16342 3.89375 0)
(6.21673 3.72495 0)
(6.47069 3.95897 0)
(6.2486 3.98412 0)
(5.39741 3.4687 0)
(4.13214 2.84411 0)
(2.89763 2.6351 0)
(1.81082 3.25676 0)
(0.882899 4.30195 0)
(-0.0348813 4.54428 0)
(9.95708 2.7866 0)
(9.75472 3.04021 0)
(9.51946 3.3471 0)
(9.12254 3.52092 0)
(8.97032 3.84967 0)
(8.35327 3.96415 0)
(8.07515 4.24757 0)
(7.6966 4.3698 0)
(7.02286 4.30015 0)
(6.48242 4.73424 0)
(5.68847 5.10339 0)
(3.83396 5.03124 0)
(2.62584 5.22304 0)
(2.60327 5.46421 0)
(2.53262 5.34219 0)
(1.88957 4.83207 0)
(0.859822 4.26829 0)
(0.0640378 4.22172 0)
(-0.303997 4.73486 0)
(-0.268308 4.32393 0)
(10.3006 3.04075 0)
(9.94354 3.26553 0)
(9.88109 3.65066 0)
(9.36958 3.85516 0)
(9.12929 4.21755 0)
(8.74928 4.44207 0)
(8.08545 4.57711 0)
(7.78799 5.03376 0)
(7.34048 5.00609 0)
(6.73677 4.73831 0)
(7.22279 5.01933 0)
(7.17589 5.38624 0)
(6.1583 5.29317 0)
(4.93426 4.84387 0)
(3.74957 4.86252 0)
(2.69042 5.20346 0)
(1.35707 5.15738 0)
(0.253934 4.87275 0)
(-0.275279 4.77136 0)
(-0.0996604 3.89663 0)
(10.6415 3.23841 0)
(10.324 3.53215 0)
(10.0969 3.91084 0)
(9.83222 4.3061 0)
(9.26035 4.50899 0)
(9.06836 4.96145 0)
(8.50665 5.05398 0)
(7.72815 5.2133 0)
(7.49663 5.96282 0)
(6.00663 6.09918 0)
(4.21449 5.8503 0)
(4.16336 6.39167 0)
(4.61884 6.94728 0)
(4.57237 6.75983 0)
(3.93138 6.47793 0)
(3.41525 6.4598 0)
(2.54705 6.32758 0)
(1.50215 5.85376 0)
(0.642796 5.20501 0)
(0.27224 4.00221 0)
(10.9139 3.36766 0)
(10.8371 3.8672 0)
(10.3684 4.17574 0)
(10.2142 4.7057 0)
(9.72066 5.03025 0)
(9.02237 5.35401 0)
(8.99065 5.88553 0)
(8.0866 5.56718 0)
(7.99564 5.62825 0)
(8.51313 6.38214 0)
(7.81724 6.5052 0)
(6.26172 6.11936 0)
(5.09918 6.06608 0)
(4.46774 6.36974 0)
(3.7893 6.74781 0)
(3.51003 7.005 0)
(3.10956 7.18309 0)
(2.3553 6.83301 0)
(1.43737 6.01109 0)
(0.546615 4.70461 0)
(11.3275 3.54641 0)
(11.2417 4.09059 0)
(10.9779 4.59459 0)
(10.4031 4.98057 0)
(10.3673 5.53053 0)
(9.3991 5.67613 0)
(8.92622 6.4287 0)
(8.23793 7.23273 0)
(5.99269 6.87221 0)
(5.24727 6.84229 0)
(5.90924 7.62147 0)
(5.83836 7.87794 0)
(5.16092 7.52582 0)
(4.3585 7.21864 0)
(3.57348 7.17023 0)
(3.19217 7.21597 0)
(2.92017 7.58672 0)
(2.49098 7.54804 0)
(1.733 6.94699 0)
(0.617442 5.77264 0)
(12.0613 3.8226 0)
(11.5585 4.3221 0)
(11.6495 5.08191 0)
(10.8273 5.50059 0)
(10.5664 6.11105 0)
(10.1725 6.34729 0)
(9.3948 6.0269 0)
(10.0491 6.82598 0)
(9.73198 7.58671 0)
(8.12856 7.35541 0)
(6.6479 7.25009 0)
(5.91117 7.79436 0)
(5.34433 8.15063 0)
(4.5835 8.1416 0)
(3.74253 7.88104 0)
(3.05667 7.61286 0)
(2.5208 7.86491 0)
(2.24072 8.06119 0)
(1.67711 7.86468 0)
(0.548123 6.91241 0)
(12.7198 3.9234 0)
(12.3457 4.54089 0)
(12.1133 5.34644 0)
(11.7528 6.06824 0)
(10.7312 6.64616 0)
(10.3235 7.91494 0)
(8.21907 8.10196 0)
(6.61936 7.65908 0)
(7.29708 8.39184 0)
(7.66302 8.8864 0)
(6.83943 8.64833 0)
(5.93613 8.5739 0)
(5.30676 8.76106 0)
(4.73509 8.9354 0)
(4.06001 8.76106 0)
(3.17668 8.37804 0)
(2.28363 8.34201 0)
(1.91274 8.52051 0)
(1.46494 8.69191 0)
(0.420667 7.9262 0)
(13.3028 4.18738 0)
(13.2559 5.15427 0)
(12.533 5.62049 0)
(12.4809 6.34998 0)
(11.8362 6.34445 0)
(12.2321 7.09537 0)
(12.2263 8.37773 0)
(10.3446 8.42566 0)
(8.23257 8.25019 0)
(7.57214 8.8476 0)
(7.01443 9.21826 0)
(6.16746 9.17472 0)
(5.34513 9.19819 0)
(4.73081 9.42747 0)
(4.20797 9.54119 0)
(3.31168 9.3222 0)
(2.23087 9.04138 0)
(1.65908 9.0127 0)
(1.22635 9.42855 0)
(0.293884 8.76207 0)
(14.6849 4.28726 0)
(14.7176 6.128 0)
(13.353 7.122 0)
(12.0946 8.03892 0)
(10.1468 8.61193 0)
(8.3622 8.24648 0)
(9.44159 9.21247 0)
(10.2261 10.1221 0)
(9.00174 9.95236 0)
(7.72829 9.94344 0)
(6.98168 10.2992 0)
(6.19675 10.3203 0)
(5.2553 10.0954 0)
(4.46839 10.0149 0)
(4.00789 10.2255 0)
(3.27903 10.2483 0)
(2.25768 9.83712 0)
(1.52953 9.57209 0)
(1.03589 10.0982 0)
(0.20342 9.432 0)
(14.6147 3.44539 0)
(16.0393 5.15863 0)
(16.5287 6.70889 0)
(16.3554 7.74835 0)
(15.7357 9.12672 0)
(12.7703 9.21786 0)
(9.68546 8.86512 0)
(9.5119 9.99154 0)
(9.29305 10.5876 0)
(8.11654 10.4749 0)
(7.09176 10.727 0)
(6.3058 11.0738 0)
(5.3579 11.0164 0)
(4.36663 10.726 0)
(3.74355 10.8557 0)
(3.15876 11.0678 0)
(2.31063 10.644 0)
(1.49976 10.2217 0)
(0.910803 10.7509 0)
(0.158458 9.98348 0)
(4.4153 3.17643 0)
(5.14242 4.44746 0)
(9.35613 6.39265 0)
(11.905 8.09675 0)
(14.6669 10.3408 0)
(15.1368 11.8049 0)
(12.0503 11.2329 0)
(9.57561 11.0819 0)
(9.04653 11.8524 0)
(8.23266 11.9568 0)
(7.09941 11.7638 0)
(6.26276 11.8823 0)
(5.46093 11.9403 0)
(4.45396 11.5852 0)
(3.59873 11.5227 0)
(3.04145 11.7823 0)
(2.34392 11.4193 0)
(1.50362 10.9627 0)
(0.826201 11.4316 0)
(0.140732 10.4829 0)
(-2.71318 -3.07733 0)
(0.808739 -0.553714 0)
(3.77296 1.95993 0)
(6.59174 4.48919 0)
(10.0982 7.90109 0)
(14.0755 11.9428 0)
(13.7759 13.1192 0)
(10.8753 12.3871 0)
(9.20912 12.4318 0)
(8.33387 12.791 0)
(7.16778 12.6927 0)
(6.13927 12.6838 0)
(5.39967 12.8412 0)
(4.51229 12.5171 0)
(3.53454 12.2443 0)
(2.93392 12.4068 0)
(2.32684 12.1373 0)
(1.48431 11.7403 0)
(0.747546 12.1383 0)
(0.133046 10.9601 0)
(-2.22837 3.88055 0)
(0.222908 -2.5826 0)
(0.879383 -1.47124 0)
(4.60972 1.81102 0)
(4.96891 3.75568 0)
(10.1825 9.86836 0)
(13.093 14.0891 0)
(11.6359 14.6384 0)
(9.45292 14.1362 0)
(8.23972 14.0702 0)
(7.13234 13.8476 0)
(5.9649 13.5807 0)
(5.20391 13.6535 0)
(4.47508 13.3828 0)
(3.49904 12.9895 0)
(2.83604 12.992 0)
(2.25433 12.8055 0)
(1.43423 12.5094 0)
(0.673342 12.8156 0)
(0.133105 11.3919 0)
(0.510384 0.484729 0)
(3.3764 -3.04514 0)
(4.45181 -2.91162 0)
(6.01591 0.409309 0)
(5.76223 1.79908 0)
(6.58944 5.85919 0)
(11.0346 12.6144 0)
(11.5198 15.3081 0)
(9.6455 15.3351 0)
(8.11573 15.1559 0)
(7.01587 14.9176 0)
(5.80423 14.5013 0)
(4.95458 14.4176 0)
(4.32831 14.2138 0)
(3.41756 13.7917 0)
(2.69944 13.6307 0)
(2.11331 13.4812 0)
(1.33555 13.251 0)
(0.600829 13.4498 0)
(0.140895 11.7679 0)
(1.86564 -0.893276 0)
(3.56135 -5.2649 0)
(6.05259 -3.74893 0)
(5.74333 -1.52248 0)
(8.14617 3.06572 0)
(5.42887 4.13276 0)
(8.51846 11.066 0)
(10.501 15.9483 0)
(9.36978 16.7926 0)
(7.77772 16.4443 0)
(6.67504 16.0499 0)
(5.51068 15.4898 0)
(4.58914 15.201 0)
(4.01959 15.0173 0)
(3.20982 14.6129 0)
(2.48586 14.3254 0)
(1.89401 14.1806 0)
(1.20183 13.9733 0)
(0.529152 14.015 0)
(0.149514 12.1057 0)
(1.01396 -5.52068 0)
(4.19196 -7.52273 0)
(6.04212 -5.11568 0)
(6.1286 -3.10897 0)
(8.7117 2.72801 0)
(7.05441 4.41075 0)
(6.74392 8.70212 0)
(9.15227 15.2227 0)
(8.78584 17.6118 0)
(7.23695 17.5733 0)
(6.13348 17.1116 0)
(5.07618 16.4534 0)
(4.14253 15.9475 0)
(3.59764 15.7047 0)
(2.89475 15.3388 0)
(2.20619 14.9924 0)
(1.6271 14.8458 0)
(1.02762 14.6205 0)
(0.460801 14.5335 0)
(0.152865 12.4266 0)
(1.40374 -7.32181 0)
(3.97735 -8.98581 0)
(4.90063 -6.94767 0)
(6.77485 -3.3537 0)
(7.57485 1.87184 0)
(7.98306 5.94724 0)
(5.81793 8.39072 0)
(7.56687 14.625 0)
(7.84343 18.1539 0)
(6.54311 18.5632 0)
(5.45598 18.0969 0)
(4.53082 17.3757 0)
(3.65706 16.6727 0)
(3.11786 16.3035 0)
(2.52631 15.9531 0)
(1.91899 15.5731 0)
(1.36954 15.4247 0)
(0.882064 15.1677 0)
(0.409327 14.9404 0)
(0.153099 12.7221 0)
(1.43245 -11.1767 0)
(3.46747 -11.6561 0)
(4.52331 -9.00242 0)
(6.80937 -4.29437 0)
(6.06202 0.36463 0)
(7.83161 6.20627 0)
(5.46083 8.59448 0)
(6.14176 14.1287 0)
(6.69561 18.4329 0)
(5.63625 19.3439 0)
(4.6384 18.9491 0)
(3.87263 18.224 0)
(3.0991 17.3869 0)
(2.5807 16.8708 0)
(2.10766 16.4929 0)
(1.61806 16.0903 0)
(1.13044 15.9078 0)
(0.747631 15.5869 0)
(0.388469 15.3016 0)
(0.149925 12.9917 0)
(1.2615 -12.6608 0)
(2.62547 -12.6429 0)
(3.68246 -9.74583 0)
(5.54663 -4.75022 0)
(4.51459 0.33253 0)
(6.69151 6.90047 0)
(4.7407 9.5195 0)
(4.59352 14.0028 0)
(5.33856 18.6619 0)
(4.54841 19.9594 0)
(3.67768 19.6445 0)
(3.10586 18.9406 0)
(2.48371 18.0337 0)
(2.01973 17.3824 0)
(1.66691 16.9623 0)
(1.29949 16.5392 0)
(0.903829 16.3259 0)
(0.654838 15.9248 0)
(0.373412 15.5548 0)
(0.137853 13.2425 0)
(0.724814 -14.9247 0)
(2.06364 -14.3426 0)
(2.77302 -10.9483 0)
(4.08175 -5.50601 0)
(3.00168 -0.201869 0)
(5.00692 6.9763 0)
(3.58611 10.1 0)
(3.0939 14.1783 0)
(3.84086 18.8542 0)
(3.29305 20.4032 0)
(2.62704 20.158 0)
(2.26628 19.4809 0)
(1.83356 18.5432 0)
(1.45026 17.7888 0)
(1.20496 17.3257 0)
(0.963217 16.8955 0)
(0.67476 16.632 0)
(0.52651 16.1772 0)
(0.351949 15.8411 0)
(0.104368 13.4875 0)
(0.606115 -15.4309 0)
(1.27743 -14.6655 0)
(1.64853 -10.8766 0)
(2.33165 -5.40149 0)
(1.59741 0.116813 0)
(3.0732 7.01093 0)
(2.07309 10.5923 0)
(1.56752 14.3745 0)
(2.26797 19.0877 0)
(1.88446 20.7488 0)
(1.48542 20.5229 0)
(1.35803 19.8542 0)
(1.13195 18.905 0)
(0.865513 18.0809 0)
(0.750387 17.5542 0)
(0.617257 17.122 0)
(0.444944 16.8389 0)
(0.415025 16.3476 0)
(0.287519 16.0136 0)
(0.0421987 13.7091 0)
(-0.0289765 -16.4993 0)
(0.481944 -15.4542 0)
(0.390203 -11.4047 0)
(0.52818 -5.74147 0)
(0.0978776 -0.0254818 0)
(0.897679 6.8216 0)
(0.417396 10.783 0)
(0.0560373 14.6809 0)
(0.673467 19.207 0)
(0.418523 20.895 0)
(0.253712 20.6764 0)
(0.390099 20.029 0)
(0.366796 19.0998 0)
(0.258888 18.2158 0)
(0.275063 17.6541 0)
(0.251937 17.2214 0)
(0.196426 16.8907 0)
(0.239838 16.4612 0)
(0.192835 16.2358 0)
(-0.0496227 13.8668 0)
(-0.0727642 -15.7875 0)
(-0.456041 -14.7477 0)
(-0.92615 -10.4825 0)
(-1.09622 -5.30118 0)
(-1.52065 0.0712278 0)
(-1.01721 6.87142 0)
(-1.19491 11.1085 0)
(-1.45962 14.8714 0)
(-0.935172 19.2636 0)
(-1.06697 20.8677 0)
(-0.936796 20.6214 0)
(-0.591844 19.99 0)
(-0.421251 19.0943 0)
(-0.370428 18.2177 0)
(-0.217144 17.6532 0)
(-0.148534 17.2037 0)
(-0.0456573 16.8624 0)
(0.0457371 16.4642 0)
(0.00864311 16.2843 0)
(-0.160261 13.8981 0)
(-0.50345 -16 0)
(-1.07351 -14.7911 0)
(-1.96413 -10.4607 0)
(-2.43164 -4.96771 0)
(-3.00058 0.523225 0)
(-2.58535 6.87413 0)
(-2.78541 11.1066 0)
(-2.94676 15.0388 0)
(-2.46709 19.2308 0)
(-2.47411 20.6872 0)
(-2.09851 20.356 0)
(-1.56105 19.7339 0)
(-1.22295 18.9135 0)
(-1.01106 18.1043 0)
(-0.740077 17.5371 0)
(-0.567005 17.0947 0)
(-0.370089 16.7212 0)
(-0.248722 16.46 0)
(-0.196759 16.4271 0)
(-0.295989 13.7453 0)
(-0.360737 -14.3319 0)
(-1.78966 -13.3202 0)
(-2.80389 -9.30191 0)
(-3.54164 -4.3898 0)
(-4.22065 0.880855 0)
(-3.92953 6.67921 0)
(-4.26974 11.0664 0)
(-4.31082 15.0915 0)
(-3.83644 19.0646 0)
(-3.75414 20.2397 0)
(-3.18213 19.821 0)
(-2.47685 19.2641 0)
(-1.9923 18.5767 0)
(-1.61324 17.8259 0)
(-1.25345 17.3069 0)
(-1.0185 16.8902 0)
(-0.732649 16.5645 0)
(-0.565245 16.3755 0)
(-0.483696 16.3186 0)
(-0.419554 13.388 0)
(-0.616494 -14.0106 0)
(-2.16327 -12.6321 0)
(-3.4763 -8.56532 0)
(-4.25817 -3.48818 0)
(-5.23841 1.35708 0)
(-5.11499 6.78379 0)
(-5.53683 11.0044 0)
(-5.47966 15.2012 0)
(-5.05739 18.722 0)
(-4.85108 19.5126 0)
(-4.0672 19.0309 0)
(-3.25899 18.5987 0)
(-2.6363 18.0489 0)
(-2.17489 17.4109 0)
(-1.76116 17.0087 0)
(-1.46306 16.5973 0)
(-1.13692 16.3068 0)
(-0.941627 16.3383 0)
(-0.741214 16.2935 0)
(-0.51428 12.8174 0)
(-0.573065 -11.8029 0)
(-2.76837 -10.7518 0)
(-4.00239 -7.20926 0)
(-4.95222 -2.50195 0)
(-5.97862 1.96606 0)
(-6.152 6.84218 0)
(-6.53944 11.2886 0)
(-6.53963 15.2771 0)
(-6.0977 18.2427 0)
(-5.69667 18.5618 0)
(-4.72701 18.0678 0)
(-3.8446 17.8093 0)
(-3.17458 17.413 0)
(-2.65775 16.9725 0)
(-2.21911 16.6016 0)
(-1.87681 16.2277 0)
(-1.49633 16.046 0)
(-1.25359 16.0873 0)
(-0.999385 15.8872 0)
(-0.531806 12.0678 0)
(-0.803375 -10.9909 0)
(-2.86331 -9.56784 0)
(-4.49267 -6.06905 0)
(-5.35974 -1.52494 0)
(-6.5053 2.61327 0)
(-7.03219 7.27114 0)
(-7.37193 11.5758 0)
(-7.40345 15.2099 0)
(-6.85369 17.5371 0)
(-6.25684 17.4402 0)
(-5.14124 17.0395 0)
(-4.26223 16.9884 0)
(-3.56565 16.8005 0)
(-3.02774 16.4653 0)
(-2.57566 16.1578 0)
(-2.17402 15.8487 0)
(-1.83414 15.704 0)
(-1.51747 15.8781 0)
(-1.10607 15.5812 0)
(-0.485521 11.226 0)
(-0.899907 -8.3813 0)
(-3.22408 -7.48105 0)
(-4.83525 -4.76057 0)
(-5.81781 -0.462082 0)
(-6.91007 3.68356 0)
(-7.68929 7.76578 0)
(-7.93953 11.8855 0)
(-7.95049 14.9466 0)
(-7.22459 16.6276 0)
(-6.48828 16.2208 0)
(-5.27729 16.0492 0)
(-4.46647 16.1961 0)
(-3.74835 16.1774 0)
(-3.23753 15.9185 0)
(-2.76972 15.7181 0)
(-2.40489 15.4612 0)
(-2.07305 15.4106 0)
(-1.64098 15.358 0)
(-1.16637 14.8313 0)
(-0.402524 10.3996 0)
(-1.08425 -7.09664 0)
(-3.12266 -5.844 0)
(-5.18382 -3.31478 0)
(-6.23099 0.792715 0)
(-7.23877 4.56769 0)
(-8.02458 8.38973 0)
(-8.21983 12.0863 0)
(-8.11459 14.5144 0)
(-7.2293 15.6101 0)
(-6.36211 15.0067 0)
(-5.17624 15.1293 0)
(-4.43587 15.4573 0)
(-3.75808 15.5238 0)
(-3.31322 15.4124 0)
(-2.83045 15.3417 0)
(-2.51684 15.1185 0)
(-2.18814 15.0001 0)
(-1.70129 14.9675 0)
(-1.07031 14.3153 0)
(-0.417794 9.64163 0)
(-1.00884 -4.48037 0)
(-3.35053 -3.88304 0)
(-5.28267 -1.67931 0)
(-6.49217 1.81731 0)
(-7.42629 5.44869 0)
(-8.12007 8.84408 0)
(-8.18702 12.0527 0)
(-7.90272 13.853 0)
(-6.89281 14.4715 0)
(-5.98013 13.8744 0)
(-4.90473 14.2831 0)
(-4.2814 14.7507 0)
(-3.69605 14.8902 0)
(-3.21905 14.9762 0)
(-2.80683 14.922 0)
(-2.49247 14.7461 0)
(-2.15124 14.6107 0)
(-1.66152 14.2965 0)
(-1.07925 13.4226 0)
(-0.497268 8.85228 0)
(-0.845478 -2.75185 0)
(-3.12734 -1.83551 0)
(-5.14435 -0.158325 0)
(-6.39986 2.93541 0)
(-7.32771 6.18747 0)
(-7.89098 9.1338 0)
(-7.8032 11.7938 0)
(-7.37008 13.0682 0)
(-6.27385 13.3345 0)
(-5.47881 12.9028 0)
(-4.5539 13.5723 0)
(-4.10855 14.1001 0)
(-3.49981 14.3276 0)
(-3.0356 14.4984 0)
(-2.64075 14.5421 0)
(-2.30999 14.4186 0)
(-1.98348 14.133 0)
(-1.62337 13.9786 0)
(-1.03436 13.0377 0)
(-0.607226 8.03175 0)
(-0.829234 -0.700121 0)
(-2.92604 0.0922639 0)
(-4.79414 1.43135 0)
(-5.99097 3.99507 0)
(-6.82369 6.83907 0)
(-7.2912 9.31452 0)
(-7.06222 11.4311 0)
(-6.57664 12.3074 0)
(-5.53072 12.422 0)
(-4.91376 12.1714 0)
(-4.21474 13.0411 0)
(-3.82774 13.5087 0)
(-3.2093 13.8157 0)
(-2.72906 14.0476 0)
(-2.38921 14.1596 0)
(-2.02587 14.0439 0)
(-1.79921 13.8432 0)
(-1.52687 13.4636 0)
(-1.16399 12.3125 0)
(-0.581988 7.08568 0)
(-0.70033 0.993737 0)
(-2.56784 1.84494 0)
(-4.25417 2.88346 0)
(-5.33506 4.97617 0)
(-6.01795 7.38875 0)
(-6.42936 9.39516 0)
(-6.11629 11.0481 0)
(-5.63909 11.6244 0)
(-4.82342 11.7376 0)
(-4.32993 11.665 0)
(-3.88964 12.5907 0)
(-3.45 12.9652 0)
(-2.8474 13.3561 0)
(-2.48459 13.6044 0)
(-2.0584 13.8527 0)
(-1.81503 13.8073 0)
(-1.60439 13.587 0)
(-1.47965 13.3963 0)
(-1.09216 12.1154 0)
(-0.52447 6.25432 0)
(-0.566742 2.50287 0)
(-2.16789 3.41936 0)
(-3.62773 4.18934 0)
(-4.57217 5.8353 0)
(-5.07067 7.86107 0)
(-5.47025 9.42314 0)
(-5.18559 10.6865 0)
(-4.75157 11.0885 0)
(-4.22374 11.2176 0)
(-3.84714 11.3072 0)
(-3.55846 12.1553 0)
(-3.07111 12.4623 0)
(-2.61727 12.9118 0)
(-2.22366 13.2456 0)
(-1.87587 13.5334 0)
(-1.61359 13.5502 0)
(-1.50766 13.5004 0)
(-1.37427 13.0345 0)
(-1.14411 11.4184 0)
(-0.36644 5.34645 0)
(-0.433968 3.76134 0)
(-1.76803 4.77293 0)
(-2.99303 5.32446 0)
(-3.82474 6.54513 0)
(-4.12323 8.26267 0)
(-4.49478 9.50095 0)
(-4.35954 10.4094 0)
(-4.00896 10.744 0)
(-3.71432 10.8668 0)
(-3.4857 11.0663 0)
(-3.2434 11.7089 0)
(-2.84147 12.0668 0)
(-2.4606 12.5006 0)
(-2.13249 12.8633 0)
(-1.71961 13.2374 0)
(-1.56879 13.4052 0)
(-1.38931 13.3368 0)
(-1.30519 13.0158 0)
(-0.891033 11.1957 0)
(-0.275648 4.77335 0)
(-0.312943 4.77141 0)
(-1.40323 5.89966 0)
(-2.39917 6.29773 0)
(-3.16432 7.11184 0)
(-3.30901 8.54236 0)
(-3.55477 9.64327 0)
(-3.58975 10.2815 0)
(-3.37393 10.5724 0)
(-3.20065 10.6967 0)
(-3.16748 10.9297 0)
(-2.94606 11.3753 0)
(-2.70017 11.7867 0)
(-2.41317 12.1115 0)
(-2.00814 12.5532 0)
(-1.73932 12.939 0)
(-1.44352 13.1753 0)
(-1.30044 13.1908 0)
(-1.11275 12.593 0)
(-0.857993 10.5278 0)
(-0.113301 4.05744 0)
(-0.207985 5.55206 0)
(-1.09198 6.80737 0)
(-1.86969 7.13012 0)
(-2.5955 7.59169 0)
(-2.70753 8.68268 0)
(-2.75983 9.75274 0)
(-2.86257 10.2763 0)
(-2.7592 10.5156 0)
(-2.66412 10.6482 0)
(-2.71182 10.9175 0)
(-2.64175 11.1587 0)
(-2.503 11.6122 0)
(-2.26519 11.79 0)
(-1.95487 12.2095 0)
(-1.62155 12.6424 0)
(-1.39076 12.953 0)
(-1.14291 12.9513 0)
(-0.957858 12.4871 0)
(-0.514289 10.2982 0)
(-0.0539783 3.85939 0)
(-0.118535 6.13527 0)
(-0.83898 7.51594 0)
(-1.41586 7.83081 0)
(-2.08552 8.05221 0)
(-2.28125 8.75328 0)
(-2.21132 9.75655 0)
(-2.24589 10.2876 0)
(-2.20749 10.5083 0)
(-2.10003 10.6409 0)
(-2.19493 10.9617 0)
(-2.21958 11.1338 0)
(-2.20183 11.4945 0)
(-2.02993 11.5454 0)
(-1.76185 11.966 0)
(-1.55019 12.3574 0)
(-1.21516 12.6936 0)
(-0.974673 12.7076 0)
(-0.689216 12.0098 0)
(-0.507962 9.82174 0)
(0.0683859 3.3546 0)
(-0.042113 6.55771 0)
(-0.638906 8.05741 0)
(-1.04407 8.39691 0)
(-1.61522 8.51911 0)
(-1.92196 8.86035 0)
(-1.88321 9.68427 0)
(-1.82189 10.2489 0)
(-1.77095 10.4841 0)
(-1.66759 10.6186 0)
(-1.63216 11.034 0)
(-1.80613 11.1765 0)
(-1.71839 11.4121 0)
(-1.67674 11.4158 0)
(-1.51613 11.7158 0)
(-1.28435 12.1079 0)
(-1.04684 12.3841 0)
(-0.776976 12.4175 0)
(-0.555859 11.8866 0)
(-0.176022 9.56039 0)
(0.0833961 3.47639 0)
(0.025175 6.85077 0)
(-0.476323 8.46969 0)
(-0.753385 8.82697 0)
(-1.19584 8.96616 0)
(-1.54977 9.05762 0)
(-1.6487 9.63733 0)
(-1.54933 10.1478 0)
(-1.52098 10.4339 0)
(-1.33036 10.5406 0)
(-1.31473 11.0395 0)
(-1.31666 11.2601 0)
(-1.32875 11.3471 0)
(-1.25818 11.3514 0)
(-1.20085 11.601 0)
(-1.06339 11.869 0)
(-0.830527 12.1904 0)
(-0.589515 12.1923 0)
(-0.276305 11.4757 0)
(-0.215202 9.38572 0)
(0.149247 3.16734 0)
(0.0879285 7.03423 0)
(-0.338008 8.78816 0)
(-0.526802 9.13762 0)
(-0.857471 9.34031 0)
(-1.1522 9.33053 0)
(-1.39974 9.67825 0)
(-1.33375 10.08 0)
(-1.35968 10.341 0)
(-1.17829 10.4529 0)
(-1.08641 10.9837 0)
(-1.04661 11.2548 0)
(-0.903068 11.2846 0)
(-0.939203 11.3614 0)
(-0.881461 11.4687 0)
(-0.778395 11.7551 0)
(-0.62324 11.899 0)
(-0.40672 11.8857 0)
(-0.271105 11.3565 0)
(0.0508727 9.03116 0)
(0.145831 3.43901 0)
(0.146281 7.11727 0)
(-0.214512 9.04243 0)
(-0.347271 9.36538 0)
(-0.600158 9.61144 0)
(-0.787852 9.6043 0)
(-1.08615 9.82187 0)
(-1.0966 10.0684 0)
(-1.21031 10.3063 0)
(-1.02265 10.3381 0)
(-1.0667 10.8436 0)
(-0.745631 11.1553 0)
(-0.754019 11.2065 0)
(-0.632821 11.3471 0)
(-0.64774 11.4665 0)
(-0.561899 11.5693 0)
(-0.434012 11.8151 0)
(-0.269389 11.8045 0)
(0.0450523 11.1066 0)
(0.0102131 9.16635 0)
(0.170493 3.33892 0)
(0.197095 7.1107 0)
(-0.0982779 9.24775 0)
(-0.194313 9.54752 0)
(-0.421089 9.78517 0)
(-0.483451 9.8254 0)
(-0.777362 9.98834 0)
(-0.791336 10.1727 0)
(-1.00749 10.2976 0)
(-0.889555 10.3196 0)
(-0.960307 10.7038 0)
(-0.681565 10.9757 0)
(-0.562421 11.1217 0)
(-0.510781 11.335 0)
(-0.444727 11.3572 0)
(-0.402397 11.5816 0)
(-0.291125 11.6073 0)
(-0.128182 11.4732 0)
(-0.102191 10.9617 0)
(0.172991 8.78236 0)
(0.155313 3.55987 0)
(0.22862 7.02546 0)
(0.0124617 9.40799 0)
(-0.0675967 9.70572 0)
(-0.270001 9.89527 0)
(-0.292197 9.96997 0)
(-0.464367 10.1301 0)
(-0.537422 10.2881 0)
(-0.689654 10.3981 0)
(-0.709138 10.3353 0)
(-0.837468 10.5887 0)
(-0.523013 10.7973 0)
(-0.540447 10.9962 0)
(-0.353343 11.2394 0)
(-0.347835 11.3789 0)
(-0.239338 11.374 0)
(-0.16417 11.5251 0)
(-0.0616488 11.5432 0)
(0.225541 10.8619 0)
(0.127903 9.01475 0)
(0.158668 3.72954 0)
(0.238331 6.87393 0)
(0.107242 9.52902 0)
(0.0357554 9.84406 0)
(-0.146986 9.98596 0)
(-0.145817 10.0501 0)
(-0.275025 10.205 0)
(-0.255775 10.415 0)
(-0.443359 10.4717 0)
(-0.457915 10.4551 0)
(-0.642025 10.5699 0)
(-0.469989 10.6558 0)
(-0.430263 10.9346 0)
(-0.330346 11.1852 0)
(-0.223057 11.2078 0)
(-0.207389 11.4394 0)
(-0.0754923 11.4417 0)
(0.0501234 11.1918 0)
(0.039088 10.7657 0)
(0.244543 8.88222 0)
(0.126179 3.73464 0)
(0.227473 6.67462 0)
(0.184678 9.60756 0)
(0.105131 9.97025 0)
(-0.022737 10.0616 0)
(-0.0811277 10.1188 0)
(-0.0786843 10.219 0)
(-0.170555 10.4767 0)
(-0.10216 10.5691 0)
(-0.31826 10.5734 0)
(-0.3671 10.5716 0)
(-0.323156 10.6147 0)
(-0.350517 10.8275 0)
(-0.197047 11.0406 0)
(-0.199739 11.2631 0)
(-0.043354 11.2001 0)
(-0.0164259 11.2389 0)
(0.0574817 11.3145 0)
(0.251029 10.6046 0)
(0.123115 8.80612 0)
(0.151861 4.18546 0)
(0.2015 6.45242 0)
(0.240477 9.65299 0)
(0.145187 10.0657 0)
(0.0753558 10.1494 0)
(-0.00364739 10.1519 0)
(-0.0196833 10.2404 0)
(-0.0164013 10.4883 0)
(-0.0167721 10.5914 0)
(-0.0791454 10.7054 0)
(-0.202494 10.6468 0)
(-0.220077 10.5883 0)
(-0.234202 10.8383 0)
(-0.199801 11.0449 0)
(-0.0830284 11.0393 0)
(-0.096295 11.2746 0)
(0.0427295 11.3463 0)
(0.145391 11.0217 0)
(0.151606 10.7741 0)
(0.313691 9.20153 0)
(0.0628477 3.94399 0)
(0.171228 6.22677 0)
(0.268116 9.66726 0)
(0.170291 10.1459 0)
(0.143398 10.2001 0)
(0.0372253 10.2251 0)
(0.0888788 10.2265 0)
(-0.0562779 10.4794 0)
(0.183062 10.6102 0)
(-0.0721223 10.7923 0)
(0.0272742 10.6696 0)
(-0.101607 10.667 0)
(-0.111279 10.785 0)
(-0.0487914 10.8891 0)
(-0.061198 11.1645 0)
(0.0742547 11.0898 0)
(0.0999316 11.0015 0)
(0.130538 11.1544 0)
(0.269632 10.3906 0)
(0.0747698 8.68575 0)
(0.181598 4.58421 0)
(0.142553 6.0102 0)
(0.27712 9.66019 0)
(0.16827 10.197 0)
(0.197111 10.258 0)
(0.0772156 10.2438 0)
(0.11694 10.2875 0)
(0.0231843 10.4459 0)
(0.127146 10.5747 0)
(0.0723519 10.8532 0)
(0.0717299 10.7404 0)
(-0.010493 10.6688 0)
(-0.0364138 10.8411 0)
(-0.0522537 10.9888 0)
(0.00662817 10.9168 0)
(0.0145663 11.0907 0)
(0.0666167 11.2571 0)
(0.174784 10.8648 0)
(0.100933 10.776 0)
(0.329434 9.42103 0)
(-0.026699 4.19761 0)
(0.123616 5.81246 0)
(0.257781 9.63224 0)
(0.190428 10.2405 0)
(0.184314 10.2687 0)
(0.140237 10.3161 0)
(0.145148 10.2899 0)
(0.00851684 10.4482 0)
(0.19915 10.568 0)
(0.0118205 10.8655 0)
(0.190332 10.7112 0)
(0.0188755 10.7989 0)
(0.0806826 10.8033 0)
(0.0377267 10.8203 0)
(0.0902461 11.0921 0)
(0.115565 11.0605 0)
(0.211846 10.8817 0)
(0.182206 11.1464 0)
(0.400561 10.4212 0)
(0.0513199 8.82814 0)
(0.220076 4.86348 0)
(0.108746 5.6325 0)
(0.241136 9.58762 0)
(0.178234 10.2729 0)
(0.225118 10.2922 0)
(0.114062 10.3161 0)
(0.208537 10.3638 0)
(0.0346251 10.4593 0)
(0.139114 10.5173 0)
(0.103127 10.8672 0)
(0.153905 10.7755 0)
(0.11169 10.7429 0)
(0.0752987 10.8648 0)
(0.0894133 11.001 0)
(0.0638998 10.8651 0)
(0.133425 10.9488 0)
(0.0894067 11.1546 0)
(0.188625 10.6699 0)
(-0.024952 10.626 0)
(0.348647 9.47232 0)
(-0.0797876 4.50944 0)
(0.104271 5.47551 0)
(0.203756 9.53308 0)
(0.223715 10.2885 0)
(0.158447 10.2979 0)
(0.216057 10.3557 0)
(0.140424 10.3775 0)
(0.105097 10.4798 0)
(0.153537 10.5376 0)
(0.0498486 10.8444 0)
(0.222317 10.6942 0)
(0.0643708 10.8752 0)
(0.173285 10.8324 0)
(0.0833129 10.7663 0)
(0.17877 11.0324 0)
(0.122053 11.033 0)
(0.216977 10.829 0)
(0.188216 11.2109 0)
(0.450072 10.5856 0)
(-0.0815293 9.04502 0)
(0.19876 5.03532 0)
(0.0980229 5.32822 0)
(0.190003 9.45943 0)
(0.208388 10.3161 0)
(0.225545 10.2999 0)
(0.123857 10.3482 0)
(0.25714 10.4271 0)
(0.0754544 10.5201 0)
(0.144412 10.5019 0)
(0.133688 10.8174 0)
(0.166409 10.7752 0)
(0.162353 10.7718 0)
(0.157293 10.8416 0)
(0.170117 11.0471 0)
(0.141161 10.8557 0)
(0.215103 10.9119 0)
(0.206754 11.1327 0)
(0.23455 10.5961 0)
(0.0200162 10.5989 0)
(0.52386 9.59911 0)
(-0.0427814 4.80434 0)
(0.0977252 5.19976 0)
(0.158957 9.39176 0)
(0.260955 10.2962 0)
(0.142593 10.3308 0)
(0.266594 10.3593 0)
(0.119622 10.4335 0)
(0.201642 10.5375 0)
(0.147276 10.5474 0)
(0.113685 10.7884 0)
(0.218706 10.6802 0)
(0.13393 10.8782 0)
(0.192485 10.8776 0)
(0.152267 10.711 0)
(0.214725 10.9883 0)
(0.151403 10.9803 0)
(0.154674 10.7455 0)
(0.163666 11.1626 0)
(0.3529 10.557 0)
(-0.287297 9.1755 0)
(0.131985 5.2741 0)
(0.0924498 5.06893 0)
(0.157195 9.29934 0)
(0.239576 10.3138 0)
(0.229566 10.3188 0)
(0.150125 10.356 0)
(0.273481 10.4598 0)
(0.135583 10.5707 0)
(0.18784 10.5075 0)
(0.174748 10.7801 0)
(0.210255 10.7558 0)
(0.188659 10.7762 0)
(0.238932 10.7763 0)
(0.217814 11.0672 0)
(0.196661 10.8479 0)
(0.261163 10.9057 0)
(0.292211 11.1762 0)
(0.277022 10.6767 0)
(0.0782127 10.799 0)
(0.625545 9.74756 0)
(-0.0112546 4.85132 0)
(0.0899944 4.95392 0)
(0.143143 9.23262 0)
(0.269809 10.2588 0)
(0.169764 10.3622 0)
(0.296544 10.3667 0)
(0.125434 10.4499 0)
(0.285093 10.5577 0)
(0.173423 10.5913 0)
(0.206203 10.7186 0)
(0.238907 10.6779 0)
(0.21744 10.8566 0)
(0.225429 10.9205 0)
(0.214084 10.7048 0)
(0.284774 10.9861 0)
(0.199417 10.9987 0)
(0.188971 10.7337 0)
(0.177542 11.1381 0)
(0.382565 10.489 0)
(-0.305401 9.43763 0)
(0.191352 5.8153 0)
(0.0863408 4.82863 0)
(0.147988 9.13019 0)
(0.261764 10.2533 0)
(0.234598 10.3413 0)
(0.208861 10.3524 0)
(0.294798 10.4614 0)
(0.195735 10.5966 0)
(0.2636 10.5007 0)
(0.248864 10.7504 0)
(0.262517 10.7648 0)
(0.269105 10.7533 0)
(0.305343 10.7314 0)
(0.304772 11.0427 0)
(0.234617 10.8239 0)
(0.307675 10.8582 0)
(0.295777 11.1327 0)
(0.303702 10.6667 0)
(0.020082 10.9299 0)
(0.602326 9.72878 0)
(-0.191853 4.55747 0)
(0.0824645 4.71452 0)
(0.156463 9.06755 0)
(0.249961 10.1892 0)
(0.235399 10.3597 0)
(0.320671 10.3744 0)
(0.170022 10.4513 0)
(0.364186 10.5274 0)
(0.244153 10.6232 0)
(0.277988 10.6787 0)
(0.332391 10.6349 0)
(0.283267 10.8442 0)
(0.292983 10.9354 0)
(0.264878 10.7194 0)
(0.346601 11.0205 0)
(0.260298 11.0482 0)
(0.26381 10.8606 0)
(0.195935 11.2879 0)
(0.458779 10.5712 0)
(-0.316741 9.83034 0)
(0.460962 6.57042 0)
(0.0859562 4.58637 0)
(0.155782 8.96187 0)
(0.291835 10.1413 0)
(0.243922 10.3349 0)
(0.288048 10.339 0)
(0.347987 10.4353 0)
(0.276158 10.5796 0)
(0.332882 10.5028 0)
(0.380569 10.6884 0)
(0.314344 10.8084 0)
(0.381795 10.7418 0)
(0.396209 10.7174 0)
(0.408983 11.0549 0)
(0.33399 10.8133 0)
(0.371494 10.9072 0)
(0.334697 11.0744 0)
(0.366216 10.6062 0)
(0.0253607 11.041 0)
(0.674053 9.75293 0)
(-0.462217 4.28036 0)
(0.0828814 4.45977 0)
(0.191156 8.88996 0)
(0.230853 10.0991 0)
(0.322082 10.3141 0)
(0.360842 10.3595 0)
(0.258662 10.4278 0)
(0.434689 10.4959 0)
(0.370982 10.6048 0)
(0.350036 10.6662 0)
(0.458719 10.5846 0)
(0.390472 10.8079 0)
(0.384291 10.951 0)
(0.352096 10.7066 0)
(0.40399 11.0706 0)
(0.340047 10.9858 0)
(0.334686 10.9569 0)
(0.237411 11.4408 0)
(0.541914 10.6333 0)
(-0.299137 10.0876 0)
(0.656168 7.2091 0)
(0.0967139 4.32364 0)
(0.175358 8.78596 0)
(0.346027 9.99565 0)
(0.279643 10.2758 0)
(0.382966 10.2961 0)
(0.427692 10.41 0)
(0.395447 10.5066 0)
(0.428607 10.4954 0)
(0.521558 10.6291 0)
(0.414633 10.8246 0)
(0.49547 10.7664 0)
(0.495431 10.7137 0)
(0.518621 11.0973 0)
(0.438213 10.806 0)
(0.445947 11.0995 0)
(0.396464 11.147 0)
(0.388852 10.6332 0)
(-0.024327 11.2306 0)
(0.64467 9.93538 0)
(-0.514916 4.17585 0)
(0.0933379 4.16661 0)
(0.244135 8.67432 0)
(0.247113 9.97817 0)
(0.421105 10.2313 0)
(0.426567 10.3259 0)
(0.388727 10.3508 0)
(0.538132 10.4594 0)
(0.494262 10.5817 0)
(0.471767 10.6376 0)
(0.60295 10.5529 0)
(0.527073 10.7693 0)
(0.539819 10.9648 0)
(0.485666 10.7291 0)
(0.530739 11.1933 0)
(0.47487 10.9028 0)
(0.439264 10.9869 0)
(0.385366 11.5916 0)
(0.686772 10.7144 0)
(-0.165607 10.3272 0)
(0.753814 7.9024 0)
(0.118244 4.0169 0)
(0.210599 8.57618 0)
(0.425796 9.83176 0)
(0.356985 10.1698 0)
(0.503998 10.1945 0)
(0.553019 10.3761 0)
(0.507494 10.4342 0)
(0.605202 10.4404 0)
(0.684767 10.5726 0)
(0.556082 10.834 0)
(0.653068 10.7861 0)
(0.617971 10.7556 0)
(0.638589 11.1223 0)
(0.547924 10.7412 0)
(0.523275 11.275 0)
(0.483971 11.3006 0)
(0.373561 10.6889 0)
(0.0432064 11.4643 0)
(0.629768 10.0642 0)
(-0.679573 4.05764 0)
(0.115243 3.80977 0)
(0.314223 8.39661 0)
(0.317114 9.80322 0)
(0.540397 10.1036 0)
(0.531615 10.2751 0)
(0.51764 10.2559 0)
(0.733218 10.3708 0)
(0.622338 10.5431 0)
(0.623608 10.6203 0)
(0.768861 10.5065 0)
(0.699126 10.7567 0)
(0.712783 10.9225 0)
(0.664596 10.7848 0)
(0.709882 11.4008 0)
(0.62492 10.9386 0)
(0.598481 11.044 0)
(0.586272 11.7684 0)
(0.656366 10.8174 0)
(-0.016795 10.7084 0)
(1.17088 8.664 0)
(0.149897 3.63637 0)
(0.268248 8.2971 0)
(0.526267 9.647 0)
(0.475001 10.0365 0)
(0.643219 10.0544 0)
(0.765878 10.2784 0)
(0.613807 10.367 0)
(0.8249 10.3888 0)
(0.875536 10.4982 0)
(0.782121 10.8379 0)
(0.842434 10.7786 0)
(0.814173 10.8971 0)
(0.839104 11.1791 0)
(0.667514 10.695 0)
(0.748069 11.4058 0)
(0.54617 11.4556 0)
(0.409402 10.8436 0)
(0.296769 11.7046 0)
(0.557726 10.2258 0)
(-0.965723 4.30286 0)
(0.148442 3.36236 0)
(0.398777 8.03989 0)
(0.438336 9.55968 0)
(0.690663 9.92462 0)
(0.702538 10.1648 0)
(0.637123 10.1654 0)
(0.982883 10.2692 0)
(0.79232 10.4568 0)
(0.867307 10.5778 0)
(0.947248 10.4625 0)
(0.922043 10.7984 0)
(0.942972 10.8034 0)
(0.823493 10.8169 0)
(1.00309 11.5853 0)
(0.649051 11.035 0)
(0.89021 11.1949 0)
(0.757836 11.9109 0)
(0.636439 11.0857 0)
(0.133482 10.9748 0)
(1.45403 9.12999 0)
(0.191274 3.14909 0)
(0.352928 7.91326 0)
(0.650278 9.41814 0)
(0.630469 9.86899 0)
(0.796702 9.91624 0)
(1.03316 10.136 0)
(0.777561 10.254 0)
(1.10808 10.3107 0)
(1.06755 10.4445 0)
(1.05323 10.8271 0)
(1.10341 10.7067 0)
(1.04039 11.0796 0)
(1.15046 11.3027 0)
(0.794693 10.734 0)
(1.19607 11.5904 0)
(0.595525 11.6059 0)
(0.644598 11.1294 0)
(0.508232 11.9179 0)
(0.671268 10.6364 0)
(-0.946902 5.0164 0)
(0.19186 2.79682 0)
(0.496751 7.58842 0)
(0.596332 9.2423 0)
(0.878917 9.70238 0)
(0.924447 9.97715 0)
(0.82086 10.0228 0)
(1.26174 10.1471 0)
(0.986269 10.3718 0)
(1.16793 10.4924 0)
(1.22853 10.4104 0)
(1.20343 10.8757 0)
(1.25195 10.7151 0)
(1.08905 10.8243 0)
(1.37639 11.7629 0)
(0.668978 11.1544 0)
(1.2645 11.4609 0)
(0.78434 12.0779 0)
(0.82841 11.4 0)
(0.0628389 11.2679 0)
(1.58257 9.63341 0)
(0.241454 2.52256 0)
(0.464306 7.39539 0)
(0.807637 9.11671 0)
(0.813199 9.6489 0)
(1.01128 9.75785 0)
(1.28772 9.98748 0)
(0.999915 10.1306 0)
(1.44139 10.1811 0)
(1.36255 10.3829 0)
(1.37346 10.7586 0)
(1.41734 10.6177 0)
(1.39478 11.21 0)
(1.43179 11.4404 0)
(1.06093 10.8305 0)
(1.68383 11.8106 0)
(0.733069 11.7219 0)
(1.13051 11.4861 0)
(0.585817 12.3331 0)
(0.9005 11.1405 0)
(-1.00166 5.72367 0)
(0.242615 2.08583 0)
(0.609561 7.01995 0)
(0.774671 8.84707 0)
(1.12022 9.42664 0)
(1.13778 9.7455 0)
(1.11123 9.81494 0)
(1.58302 9.95052 0)
(1.27454 10.243 0)
(1.508 10.3263 0)
(1.55069 10.3981 0)
(1.59922 10.9342 0)
(1.54269 10.6429 0)
(1.59759 10.8843 0)
(1.75179 11.896 0)
(0.94111 11.3297 0)
(1.71818 11.9281 0)
(0.796028 12.3979 0)
(1.29365 11.755 0)
(0.120138 11.7812 0)
(2.0734 10.5293 0)
(0.295519 1.72998 0)
(0.593724 6.72215 0)
(1.0036 8.71289 0)
(0.999742 9.38016 0)
(1.33041 9.53245 0)
(1.52513 9.79932 0)
(1.28729 9.98457 0)
(1.78593 10.0182 0)
(1.69102 10.3715 0)
(1.81251 10.5974 0)
(1.79241 10.4817 0)
(2.00039 11.3329 0)
(1.70941 11.4852 0)
(1.61006 11.0633 0)
(2.114 12.1116 0)
(1.03403 11.7885 0)
(1.74181 11.8854 0)
(0.622445 12.8858 0)
(1.16085 11.7315 0)
(-1.53977 6.60922 0)
(0.29104 1.20844 0)
(0.732357 6.30472 0)
(0.956078 8.36882 0)
(1.41908 9.06465 0)
(1.31739 9.48366 0)
(1.47917 9.56291 0)
(1.92973 9.70071 0)
(1.63187 10.0586 0)
(1.98591 10.0083 0)
(1.96467 10.3395 0)
(2.14188 10.9549 0)
(1.8436 10.5207 0)
(2.32111 11.0451 0)
(2.10108 11.9081 0)
(1.55241 11.4473 0)
(2.27678 12.5533 0)
(1.00195 12.7906 0)
(1.92647 12.3226 0)
(0.127082 12.4979 0)
(3.03831 11.5273 0)
(0.33616 0.762146 0)
(0.720485 5.88035 0)
(1.22069 8.1774 0)
(1.17721 9.06167 0)
(1.72018 9.22188 0)
(1.77238 9.53782 0)
(1.64082 9.74329 0)
(2.21358 9.77937 0)
(2.04904 10.3418 0)
(2.29934 10.3836 0)
(2.25742 10.3085 0)
(2.74694 11.412 0)
(2.10385 11.3612 0)
(2.48071 11.3925 0)
(2.61037 12.5476 0)
(1.60524 11.905 0)
(2.43806 12.6371 0)
(0.971041 13.5846 0)
(1.62713 12.798 0)
(-1.99517 8.06662 0)
(0.308382 0.170862 0)
(0.838353 5.4146 0)
(1.1182 7.78619 0)
(1.72871 8.5999 0)
(1.49197 9.16814 0)
(1.8748 9.24761 0)
(2.29261 9.43147 0)
(2.00003 9.77411 0)
(2.52457 9.60428 0)
(2.53058 10.1875 0)
(2.73944 10.8235 0)
(2.39607 10.3388 0)
(3.22742 11.2847 0)
(2.57716 11.7963 0)
(2.55216 11.5461 0)
(3.05535 13.2376 0)
(1.64774 13.066 0)
(2.59334 13.1489 0)
(0.309254 13.2838 0)
(4.01907 12.9054 0)
(0.313896 -0.339124 0)
(0.80339 4.86516 0)
(1.40146 7.49184 0)
(1.34811 8.6418 0)
(2.09331 8.81362 0)
(2.02576 9.19703 0)
(2.04748 9.32371 0)
(2.71077 9.48327 0)
(2.52036 10.1649 0)
(2.8089 10.0277 0)
(3.00359 10.1283 0)
(3.50841 11.3077 0)
(2.76322 11.0048 0)
(3.69182 11.7284 0)
(3.23594 12.8736 0)
(2.6621 12.0829 0)
(3.23712 13.6412 0)
(1.97427 14.5863 0)
(1.96779 14.3291 0)
(-2.25615 10.1169 0)
(0.221183 -0.929589 0)
(0.865337 4.33842 0)
(1.22047 7.04254 0)
(1.95885 8.04044 0)
(1.67124 8.75637 0)
(2.27367 8.81273 0)
(2.62232 9.15085 0)
(2.4019 9.29005 0)
(3.05929 9.13687 0)
(3.2438 9.95177 0)
(3.2757 10.362 0)
(3.2913 10.1436 0)
(4.24709 11.4549 0)
(3.22049 11.4385 0)
(4.06821 11.7575 0)
(4.05833 13.8513 0)
(2.9915 13.4652 0)
(3.48382 14.356 0)
(1.33195 14.9463 0)
(4.80729 15.0461 0)
(0.137364 -1.38902 0)
(0.772287 3.68203 0)
(1.45927 6.64119 0)
(1.49041 8.01717 0)
(2.38846 8.28068 0)
(2.21963 8.76066 0)
(2.51664 8.69354 0)
(3.21253 9.13115 0)
(3.0592 9.73165 0)
(3.39425 9.41764 0)
(4.0111 9.94671 0)
(4.20614 10.7931 0)
(3.81721 10.4631 0)
(5.24041 12.0217 0)
(4.18995 12.6903 0)
(4.48099 12.317 0)
(4.77117 14.575 0)
(3.9928 15.7621 0)
(2.65372 16.4095 0)
(-1.47724 13.5454 0)
(-0.0196909 -1.81319 0)
(0.734257 3.0938 0)
(1.21036 6.06787 0)
(2.02609 7.3851 0)
(1.7969 8.1773 0)
(2.67637 8.21177 0)
(2.82984 8.76177 0)
(2.80233 8.55266 0)
(3.66743 8.60266 0)
(3.91039 9.55206 0)
(3.83352 9.49217 0)
(4.61325 9.98606 0)
(5.17596 11.2361 0)
(4.39684 10.59 0)
(6.03063 12.1076 0)
(5.60829 13.9672 0)
(5.00985 13.711 0)
(5.81944 15.6439 0)
(3.7896 17.6376 0)
(5.6391 19.3747 0)
(-0.114369 -2.05536 0)
(0.579767 2.35221 0)
(1.33759 5.58059 0)
(1.56184 7.08986 0)
(2.57196 7.60379 0)
(2.27991 8.15141 0)
(3.04421 7.92721 0)
(3.70107 8.64681 0)
(3.48015 8.90323 0)
(4.196 8.64282 0)
(5.0449 9.56834 0)
(4.70742 9.59947 0)
(5.60175 9.82762 0)
(6.69732 11.9786 0)
(5.62138 11.537 0)
(7.12863 12.3828 0)
(7.3652 15.1202 0)
(7.57047 16.3608 0)
(5.94199 18.2282 0)
(1.23508 19.9497 0)
(-0.177447 -2.21439 0)
(0.441206 1.74093 0)
(1.08257 4.86691 0)
(1.86366 6.58768 0)
(1.80579 7.3278 0)
(3.01818 7.44193 0)
(2.81354 8.04608 0)
(3.17937 7.5933 0)
(4.34835 8.04521 0)
(4.28339 8.64888 0)
(4.64836 8.42342 0)
(6.22868 9.7392 0)
(5.56686 10.0135 0)
(6.397 9.55706 0)
(8.13127 12.3109 0)
(7.62135 12.8076 0)
(7.87659 13.0772 0)
(10.3677 16.552 0)
(11.9383 19.1531 0)
(8.77964 25.4714 0)
(-0.122387 -2.28795 0)
(0.268897 1.00568 0)
(1.02194 4.32424 0)
(1.53988 5.8829 0)
(2.53756 6.78856 0)
(2.2197 7.24486 0)
(3.63131 7.12844 0)
(3.92095 7.88525 0)
(3.87034 7.57815 0)
(5.238 7.91096 0)
(5.5443 8.46137 0)
(5.46058 7.83228 0)
(7.8831 9.533 0)
(7.51759 10.5695 0)
(7.63222 9.62363 0)
(10.7619 12.4954 0)
(10.4141 13.3697 0)
(9.80239 14.9136 0)
(17.8162 14.7095 0)
(15.4521 24.8821 0)
(-0.0067439 -2.34463 0)
(0.0185335 0.579846 0)
(0.823243 3.57938 0)
(1.36096 5.53855 0)
(1.68474 6.12615 0)
(3.06948 6.49891 0)
(2.44228 6.78183 0)
(3.85737 6.51647 0)
(4.59025 7.38213 0)
(4.35599 7.07279 0)
(6.11128 7.53779 0)
(6.79771 8.772 0)
(5.90318 7.43804 0)
(9.59266 9.3145 0)
(9.00672 10.2401 0)
(8.83785 10.837 0)
(14.9449 10.6544 0)
(10.973 16.9529 0)
(16.6465 8.35131 0)
(20.414 20.5317 0)
(0.124261 -2.37732 0)
(-0.221492 0.230697 0)
(0.473327 2.89101 0)
(1.36083 4.7532 0)
(2.10428 5.58947 0)
(2.13661 6.28885 0)
(4.16241 6.14257 0)
(3.46964 6.83542 0)
(4.8284 5.96444 0)
(5.87976 7.3672 0)
(5.02186 5.5286 0)
(7.69244 7.45635 0)
(8.97056 7.20966 0)
(7.25176 8.98852 0)
(13.736 6.51695 0)
(9.59626 13.0314 0)
(15.4404 4.17421 0)
(15.441 16.0614 0)
(15.3839 7.5327 0)
(21.4453 14.4781 0)
(0.136339 -2.13862 0)
(-0.84959 0.17577 0)
(0.491224 2.00607 0)
(0.364075 4.52195 0)
(1.54646 3.98514 0)
(2.52725 5.82224 0)
(1.91322 4.24842 0)
(4.63851 6.31633 0)
(3.80204 4.65961 0)
(4.72832 7.43667 0)
(8.48646 4.18347 0)
(4.98498 8.6001 0)
(12.4961 2.51999 0)
(8.51594 10.9829 0)
(13.3406 0.970818 0)
(12.5784 12.4787 0)
(13.5267 2.87373 0)
(16.734 12.802 0)
(16.4398 8.92111 0)
(20.5416 10.2469 0)
(-0.109986 -1.79234 0)
(-1.08072 0.242313 0)
(0.659378 1.33952 0)
(0.619366 4.39353 0)
(1.49999 3.12922 0)
(2.01813 6.48509 0)
(4.4355 2.75775 0)
(2.91876 6.98723 0)
(8.24308 2.26043 0)
(3.5089 7.91053 0)
(10.4108 -0.837921 0)
(7.59085 9.46026 0)
(10.6678 -1.77262 0)
(11.0299 10.3589 0)
(11.277 0.672142 0)
(13.595 11.0808 0)
(14.0397 5.33214 0)
(16.4415 9.09263 0)
(17.2051 8.51504 0)
(19.6551 8.4938 0)
(-0.0248394 -0.943392 0)
(-1.3939 -0.55454 0)
(2.39074 -0.375421 0)
(-0.916019 3.84496 0)
(4.93621 0.270322 0)
(1.28678 5.82518 0)
(6.03065 -0.419095 0)
(3.48365 7.00863 0)
(7.31825 0.0573252 0)
(5.48125 8.33869 0)
(6.25561 -4.32335 0)
(9.29078 9.33176 0)
(7.61111 -2.00304 0)
(11.1122 9.33715 0)
(11.0489 2.25567 0)
(12.8614 7.54033 0)
(13.9683 5.40608 0)
(16.0756 6.01247 0)
(17.8094 6.25974 0)
(19.7451 6.55537 0)
(-0.103974 -0.605498 0)
(0.765401 -1.61387 0)
(0.607613 0.726027 0)
(-0.954392 3.54357 0)
(2.37415 -0.0149846 0)
(1.97495 6.3418 0)
(3.04163 -1.67609 0)
(4.78627 6.40227 0)
(4.8886 -1.63912 0)
(7.05562 8.83244 0)
(5.93589 -4.11278 0)
(9.62833 8.4929 0)
(8.69846 -0.0583623 0)
(10.1936 5.94768 0)
(11.4638 2.93453 0)
(12.9127 4.04536 0)
(14.2249 3.84197 0)
(15.8804 4.0157 0)
(17.8596 4.03471 0)
(19.7757 4.26402 0)
(-0.131615 -1.919 0)
(0.923951 -2.05844 0)
(-1.9283 1.29556 0)
(0.515654 1.04935 0)
(-1.4781 -2.19633 0)
(2.41396 5.24175 0)
(2.04372 -1.93129 0)
(4.9884 5.81518 0)
(3.99692 -0.12173 0)
(7.08642 7.60509 0)
(7.39828 -2.19266 0)
(8.73502 4.43233 0)
(9.91144 0.354092 0)
(10.9246 1.98017 0)
(12.1119 1.69332 0)
(13.6122 1.98236 0)
(15.1388 2.12443 0)
(16.4857 2.39507 0)
(18.0854 2.3357 0)
(19.8584 2.27778 0)
(-1.35118 -0.916663 0)
(-1.50212 0.948846 0)
(-3.99121 2.47736 0)
(3.41888 1.9707 0)
(-2.32054 -0.17352 0)
(2.06554 1.35405 0)
(1.11828 -1.02282 0)
(1.18942 1.8971 0)
(4.52193 -0.598293 0)
(4.99566 0.752002 0)
(6.89135 -1.96074 0)
(5.32026 0.764518 0)
(8.19964 0.421163 0)
(9.3672 0.92717 0)
(10.3796 1.15381 0)
(12.1307 1.25993 0)
(14.2143 1.20509 0)
(15.9323 1.18459 0)
(17.4899 1.06257 0)
(19.1564 0.899311 0)
(12.7866 15.8652 0)
(-11.7322 -13.0856 0)
(5.73194 -8.14804 0)
(1.59136 2.25006 0)
(-4.2508 5.14344 0)
(-9.94473 -1.22343 0)
(-8.79212 0.644332 0)
(-12.804 -0.289634 0)
(-12.6625 0.591824 0)
(-16.1658 1.24215 0)
(-17.5126 1.23525 0)
(-20.5335 1.15845 0)
(-21.1525 0.657608 0)
(-22.5191 0.408661 0)
(-22.4502 -0.00134473 0)
(-22.6675 -0.157827 0)
(-21.2665 -0.519758 0)
(-20.2283 -0.768834 0)
(-18.915 -0.492182 0)
(-16.716 -1.15855 0)
(-15.4597 -0.69949 0)
(-13.1249 -1.40469 0)
(-11.4344 -0.657961 0)
(-9.13437 -1.17617 0)
(-7.47903 -0.615725 0)
(-5.99489 -0.890129 0)
(-3.43957 -0.973922 0)
(-2.05965 -0.725732 0)
(-0.0253489 -0.773496 0)
(1.70985 -0.694727 0)
(3.46139 -0.62127 0)
(5.11966 -0.536586 0)
(6.64348 -0.438274 0)
(7.99971 -0.334947 0)
(9.16385 -0.232541 0)
(10.1165 -0.132843 0)
(10.8616 -0.0424214 0)
(11.4058 0.0355347 0)
(11.7658 0.0921111 0)
(11.9725 0.118666 0)
(12.0537 0.116418 0)
(12.0528 0.0979617 0)
(11.9998 0.0732842 0)
(11.9182 0.0443205 0)
(11.8342 0.0135945 0)
(11.7673 -0.0113123 0)
(11.7345 -0.0262611 0)
(11.7353 -0.0260046 0)
(11.7593 -0.0116691 0)
(11.7958 0.00539357 0)
(11.8433 0.0207471 0)
(11.9015 0.0303256 0)
(11.9628 0.0453532 0)
(12.0023 0.0715533 0)
(12.0119 0.118414 0)
(11.9799 0.174791 0)
(11.9125 0.229778 0)
(11.7981 0.271323 0)
(11.6464 0.293866 0)
(11.4515 0.29491 0)
(11.2497 0.271836 0)
(11.0467 0.234904 0)
(10.8804 0.190856 0)
(10.741 0.154841 0)
(10.6508 0.117447 0)
(10.6052 0.0801903 0)
(10.5972 0.0397957 0)
(10.6303 0.0074031 0)
(10.6634 -0.0103434 0)
(10.7351 -0.0259331 0)
(10.7862 -0.0282173 0)
(10.8644 -0.0332734 0)
(10.929 -0.0330998 0)
(10.9873 -0.0264042 0)
(11.0625 -0.0329087 0)
(11.0949 -0.0190642 0)
(11.1633 -0.0268174 0)
(11.1885 -0.020344 0)
(11.2275 -0.0177895 0)
(11.2635 -0.0228113 0)
(17.1371 17.3002 0)
(21.4065 14.9418 0)
(-11.0335 -0.612724 0)
(-2.67754 3.25277 0)
(-8.75284 3.46366 0)
(1.12319 4.4018 0)
(-3.01639 3.11157 0)
(2.88982 3.34798 0)
(-3.12001 3.05667 0)
(-6.52465 3.84814 0)
(-9.32549 3.09483 0)
(-11.4055 2.61036 0)
(-12.3821 1.78664 0)
(-12.1629 0.751767 0)
(-12.7104 -0.34508 0)
(-12.4084 -0.925005 0)
(-11.1915 -1.94592 0)
(-8.55939 -2.76477 0)
(-9.22871 -2.99838 0)
(-5.55761 -2.95978 0)
(-5.02148 -3.21667 0)
(-2.14856 -3.14242 0)
(-1.55075 -3.23889 0)
(1.06139 -3.11928 0)
(2.02434 -3.1296 0)
(3.84126 -3.15981 0)
(5.41309 -3.17299 0)
(6.88451 -3.07712 0)
(8.39614 -3.01843 0)
(9.81962 -2.89194 0)
(11.1853 -2.72507 0)
(12.4916 -2.52004 0)
(13.7143 -2.27434 0)
(14.8283 -1.99281 0)
(15.8229 -1.69369 0)
(16.6926 -1.39417 0)
(17.4393 -1.10503 0)
(18.0676 -0.833822 0)
(18.584 -0.585648 0)
(19.0006 -0.363487 0)
(19.3322 -0.175336 0)
(19.5938 -0.0272385 0)
(19.7849 0.0755262 0)
(19.9037 0.132517 0)
(19.9624 0.144494 0)
(19.9821 0.116777 0)
(19.9798 0.0650039 0)
(19.9653 0.0138567 0)
(19.9352 -0.0290819 0)
(19.9064 -0.0688417 0)
(19.8808 -0.109284 0)
(19.8644 -0.13214 0)
(19.8442 -0.130253 0)
(19.83 -0.107216 0)
(19.8257 -0.084901 0)
(19.805 -0.0532313 0)
(19.7917 -0.0202683 0)
(19.7421 0.0210249 0)
(19.7369 0.0594196 0)
(19.6856 0.0946832 0)
(19.7183 0.107914 0)
(19.6727 0.10062 0)
(19.7235 0.0794363 0)
(19.6948 0.0390048 0)
(19.7681 -0.00448449 0)
(19.7635 -0.0518969 0)
(19.823 -0.0720293 0)
(19.8548 -0.100659 0)
(19.9162 -0.104139 0)
(19.98 -0.120943 0)
(20.0284 -0.113653 0)
(20.1052 -0.119394 0)
(20.1467 -0.111462 0)
(20.2263 -0.102903 0)
(20.2662 -0.100024 0)
(20.3513 -0.0773494 0)
(20.3838 -0.0800883 0)
(20.4849 -0.0529265 0)
(20.5017 -0.0565751 0)
(20.6182 -0.0297232 0)
(18.276 16.5298 0)
(25.8223 15.8926 0)
(20.7004 11.9566 0)
(16.6579 7.83281 0)
(7.83112 3.20839 0)
(4.9989 -2.59706 0)
(1.78834 -1.76012 0)
(-0.356272 1.07761 0)
(-1.52243 5.51859 0)
(0.267051 5.39831 0)
(0.481325 4.75557 0)
(0.774424 3.81277 0)
(0.841604 2.49272 0)
(1.40564 1.11109 0)
(2.4184 -0.194198 0)
(2.60981 -1.73625 0)
(4.51248 -2.91825 0)
(4.97129 -3.75723 0)
(6.90738 -4.06264 0)
(7.80586 -4.63533 0)
(9.65426 -4.5441 0)
(10.6547 -4.61074 0)
(12.1813 -4.29466 0)
(13.3253 -4.27171 0)
(14.4456 -4.12721 0)
(15.4438 -4.10173 0)
(16.4052 -4.08331 0)
(17.3096 -4.04435 0)
(18.1565 -3.98085 0)
(18.9351 -3.87004 0)
(19.6443 -3.68913 0)
(20.2932 -3.4337 0)
(20.8858 -3.11978 0)
(21.4175 -2.76753 0)
(21.8768 -2.39142 0)
(22.2602 -2.00444 0)
(22.5742 -1.6243 0)
(22.8297 -1.27083 0)
(23.0396 -0.965635 0)
(23.2191 -0.717106 0)
(23.3775 -0.518898 0)
(23.5188 -0.35851 0)
(23.6443 -0.233255 0)
(23.7503 -0.139993 0)
(23.8338 -0.075301 0)
(23.9036 -0.0397318 0)
(23.9761 -0.0196333 0)
(24.0255 -0.0037572 0)
(24.0565 0.0157179 0)
(24.0522 0.0144122 0)
(24.0648 0.0178098 0)
(24.0411 0.0107633 0)
(24.0628 0.0391395 0)
(24.0225 0.0570443 0)
(24.0535 0.114789 0)
(23.9941 0.148387 0)
(24.0486 0.220499 0)
(23.9809 0.262163 0)
(24.0563 0.318975 0)
(23.9858 0.340019 0)
(24.0516 0.334804 0)
(23.9682 0.309601 0)
(23.9955 0.23679 0)
(23.9209 0.192996 0)
(23.9054 0.0932836 0)
(23.8537 0.058527 0)
(23.8091 -0.0246001 0)
(23.773 -0.0372684 0)
(23.7132 -0.0937458 0)
(23.6898 -0.0934689 0)
(23.6378 -0.120884 0)
(23.6201 -0.116862 0)
(23.5853 -0.127012 0)
(23.5722 -0.124145 0)
(23.5528 -0.127958 0)
(23.5416 -0.126365 0)
(23.5326 -0.130374 0)
(23.5182 -0.128843 0)
(23.5137 -0.132401 0)
(23.4956 -0.130257 0)
(20.3385 13.9788 0)
(25.123 13.6381 0)
(25.8536 12.0895 0)
(26.8537 10.6204 0)
(24.0847 9.25925 0)
(24.0174 7.92012 0)
(21.5346 7.05813 0)
(19.5061 5.66209 0)
(15.9756 5.14282 0)
(15.0523 4.63632 0)
(14.6133 3.91358 0)
(15.1638 2.89975 0)
(15.4162 1.44941 0)
(16.3275 -0.109916 0)
(16.8875 -1.76082 0)
(17.8566 -3.04731 0)
(18.4779 -4.31079 0)
(19.4153 -5.03735 0)
(19.9391 -5.67111 0)
(20.6926 -5.86993 0)
(21.2589 -5.95335 0)
(21.8808 -5.75866 0)
(22.4562 -5.54897 0)
(22.9459 -5.30725 0)
(23.3823 -5.1097 0)
(23.7494 -4.95574 0)
(24.0817 -4.82993 0)
(24.3776 -4.69883 0)
(24.6169 -4.5383 0)
(24.8031 -4.34108 0)
(24.9479 -4.0982 0)
(25.0582 -3.79284 0)
(25.1385 -3.41953 0)
(25.199 -3.00015 0)
(25.2489 -2.57121 0)
(25.2873 -2.15138 0)
(25.3075 -1.7453 0)
(25.3037 -1.36356 0)
(25.2829 -1.02583 0)
(25.2649 -0.74138 0)
(25.2634 -0.511682 0)
(25.2762 -0.331485 0)
(25.2865 -0.196335 0)
(25.2779 -0.100481 0)
(25.2503 -0.0459545 0)
(25.2173 -0.0264904 0)
(25.1938 -0.022694 0)
(25.1637 -0.0299115 0)
(25.1063 -0.0336573 0)
(25.0183 -0.0550296 0)
(24.9212 -0.0650087 0)
(24.8173 -0.0867217 0)
(24.7075 -0.0728558 0)
(24.5938 -0.0765904 0)
(24.4887 -0.0372952 0)
(24.4062 -0.0162319 0)
(24.3408 0.0375147 0)
(24.3131 0.069242 0)
(24.2896 0.104716 0)
(24.307 0.126109 0)
(24.305 0.118039 0)
(24.3417 0.121517 0)
(24.3486 0.0786364 0)
(24.3828 0.0734477 0)
(24.4003 0.0234862 0)
(24.4017 0.0110971 0)
(24.4115 -0.0317045 0)
(24.356 -0.0504886 0)
(24.3804 -0.0672872 0)
(24.285 -0.0839544 0)
(24.3136 -0.0859669 0)
(24.1871 -0.0975461 0)
(24.2087 -0.0955844 0)
(24.074 -0.0961297 0)
(24.0817 -0.0943824 0)
(23.9502 -0.0805093 0)
(23.9459 -0.0795012 0)
(23.8127 -0.0556266 0)
(23.8063 -0.0546944 0)
(23.6638 -0.0278424 0)
(21.4176 10.7042 0)
(24.6555 10.8505 0)
(26.3749 10.2684 0)
(28.8735 9.4792 0)
(29.2887 8.87674 0)
(30.1675 7.81062 0)
(29.8789 6.89109 0)
(29.9974 6.29876 0)
(29.5581 6.07515 0)
(29.5305 5.65204 0)
(29.8203 4.96426 0)
(30.1593 3.77991 0)
(30.6808 2.36816 0)
(30.9527 0.610217 0)
(31.3706 -1.02842 0)
(31.4662 -2.48032 0)
(31.5052 -3.60492 0)
(31.259 -4.5097 0)
(30.9557 -5.06518 0)
(30.5467 -5.37499 0)
(30.1634 -5.42459 0)
(29.79 -5.32169 0)
(29.4283 -5.13618 0)
(29.0683 -4.92682 0)
(28.7004 -4.73727 0)
(28.3314 -4.57901 0)
(27.9757 -4.43619 0)
(27.63 -4.29455 0)
(27.2702 -4.12826 0)
(26.8846 -3.91669 0)
(26.5013 -3.66488 0)
(26.1564 -3.37542 0)
(25.8517 -3.03524 0)
(25.5697 -2.64388 0)
(25.3138 -2.23587 0)
(25.1059 -1.84636 0)
(24.942 -1.48691 0)
(24.7957 -1.16279 0)
(24.6587 -0.884349 0)
(24.5492 -0.647481 0)
(24.4779 -0.449528 0)
(24.444 -0.290922 0)
(24.4371 -0.172548 0)
(24.4318 -0.0905836 0)
(24.4143 -0.0345848 0)
(24.409 0.00528829 0)
(24.4217 0.0445856 0)
(24.4254 0.0783656 0)
(24.3879 0.115161 0)
(24.3198 0.140844 0)
(24.2292 0.178567 0)
(24.1351 0.200715 0)
(24.0116 0.238058 0)
(23.8966 0.250673 0)
(23.7611 0.280354 0)
(23.6694 0.280679 0)
(23.5611 0.297811 0)
(23.5208 0.291752 0)
(23.4586 0.294339 0)
(23.4658 0.285667 0)
(23.438 0.265606 0)
(23.4557 0.246668 0)
(23.4497 0.201277 0)
(23.455 0.171127 0)
(23.4658 0.113382 0)
(23.4378 0.0748906 0)
(23.4687 0.0341467 0)
(23.4238 0.0135034 0)
(23.4658 0.00321823 0)
(23.3972 -0.00205915 0)
(23.4202 -0.00157068 0)
(23.3364 0.00667002 0)
(23.3265 0.00270322 0)
(23.2437 0.0184431 0)
(23.2095 0.010201 0)
(23.1437 0.023881 0)
(23.1083 0.0216842 0)
(23.0664 0.0252061 0)
(23.0468 0.0292272 0)
(23.0229 0.0223319 0)
(21.3927 8.55975 0)
(23.9888 8.64108 0)
(25.857 8.43396 0)
(28.1245 7.84594 0)
(29.5825 7.28315 0)
(31.0345 6.62552 0)
(31.9981 6.07951 0)
(32.9892 5.65964 0)
(33.8307 5.34985 0)
(34.704 4.90103 0)
(35.4995 4.14776 0)
(36.196 3.06064 0)
(36.7258 1.66649 0)
(37.0137 0.15806 0)
(37.1773 -1.37669 0)
(37.0269 -2.7108 0)
(36.4623 -3.80098 0)
(35.6193 -4.58593 0)
(34.5999 -5.07293 0)
(33.5289 -5.28006 0)
(32.4847 -5.28367 0)
(31.5014 -5.16611 0)
(30.5857 -4.9995 0)
(29.7346 -4.82238 0)
(28.9309 -4.6579 0)
(28.1901 -4.50996 0)
(27.5305 -4.36233 0)
(26.9463 -4.20701 0)
(26.4215 -4.0259 0)
(25.9222 -3.78309 0)
(25.4482 -3.47732 0)
(25.0491 -3.14218 0)
(24.7483 -2.79402 0)
(24.5072 -2.42094 0)
(24.2917 -2.02574 0)
(24.1131 -1.63558 0)
(23.9756 -1.27866 0)
(23.8492 -0.973995 0)
(23.7321 -0.729176 0)
(23.6438 -0.532701 0)
(23.5923 -0.377803 0)
(23.5674 -0.252759 0)
(23.5547 -0.158907 0)
(23.5397 -0.0988407 0)
(23.5237 -0.0602587 0)
(23.5154 -0.0216625 0)
(23.5199 0.0160599 0)
(23.513 0.0483171 0)
(23.4739 0.0787825 0)
(23.4245 0.108258 0)
(23.3775 0.146601 0)
(23.3572 0.174427 0)
(23.328 0.203397 0)
(23.3259 0.208257 0)
(23.3006 0.21697 0)
(23.3214 0.202175 0)
(23.3043 0.203981 0)
(23.3433 0.190554 0)
(23.3231 0.195174 0)
(23.354 0.180941 0)
(23.3105 0.170814 0)
(23.3119 0.141313 0)
(23.2533 0.110337 0)
(23.2265 0.0659067 0)
(23.1738 0.026206 0)
(23.1348 -0.01265 0)
(23.1014 -0.0331093 0)
(23.0557 -0.0515636 0)
(23.0446 -0.0515538 0)
(23.0015 -0.0448259 0)
(23.0048 -0.032406 0)
(22.957 -0.00921449 0)
(22.9682 -0.00498275 0)
(22.9117 0.0196291 0)
(22.9312 0.0039485 0)
(22.8729 0.0204292 0)
(22.9003 -0.00655876 0)
(22.8547 0.00424511 0)
(22.8771 -0.0152922 0)
(22.8471 -0.00595634 0)
(21.5803 6.5601 0)
(23.7778 6.43021 0)
(25.641 6.24375 0)
(27.5514 5.81544 0)
(29.1964 5.37566 0)
(30.7533 4.92903 0)
(32.1401 4.54669 0)
(33.4183 4.19394 0)
(34.5815 3.83677 0)
(35.6664 3.38722 0)
(36.6481 2.74419 0)
(37.4464 1.94905 0)
(38.062 0.968695 0)
(38.4421 -0.0327427 0)
(38.5127 -1.06886 0)
(38.2444 -2.05399 0)
(37.61 -2.86873 0)
(36.6895 -3.45186 0)
(35.6075 -3.79387 0)
(34.4617 -3.93759 0)
(33.3287 -3.94448 0)
(32.2495 -3.88203 0)
(31.2492 -3.78672 0)
(30.3376 -3.67724 0)
(29.5025 -3.5657 0)
(28.7616 -3.43742 0)
(28.1236 -3.29709 0)
(27.5694 -3.15682 0)
(27.0871 -3.00694 0)
(26.6457 -2.83716 0)
(26.2172 -2.64833 0)
(25.8246 -2.43622 0)
(25.5044 -2.19716 0)
(25.2432 -1.94255 0)
(25.0043 -1.67832 0)
(24.7788 -1.40151 0)
(24.5662 -1.12403 0)
(24.3526 -0.865985 0)
(24.1529 -0.643182 0)
(23.9908 -0.461774 0)
(23.8717 -0.322029 0)
(23.7853 -0.224033 0)
(23.7149 -0.152302 0)
(23.649 -0.0900365 0)
(23.6055 -0.0336867 0)
(23.589 0.0242886 0)
(23.5859 0.0778727 0)
(23.5602 0.115843 0)
(23.5037 0.146415 0)
(23.4281 0.173793 0)
(23.3529 0.203498 0)
(23.284 0.221967 0)
(23.2117 0.234631 0)
(23.1545 0.232802 0)
(23.093 0.235995 0)
(23.0652 0.232107 0)
(23.0226 0.241449 0)
(23.0247 0.246599 0)
(22.9922 0.261858 0)
(23.0103 0.267204 0)
(22.9778 0.273435 0)
(23.0005 0.266036 0)
(22.9655 0.251703 0)
(22.986 0.223449 0)
(22.9499 0.191722 0)
(22.9636 0.147357 0)
(22.9268 0.112122 0)
(22.9379 0.0709159 0)
(22.9093 0.0547654 0)
(22.9197 0.0333586 0)
(22.8986 0.0368284 0)
(22.9028 0.0351807 0)
(22.8915 0.0404232 0)
(22.8741 0.0468231 0)
(22.8649 0.0406405 0)
(22.8074 0.0492721 0)
(22.7971 0.0348026 0)
(22.6963 0.04693 0)
(22.6888 0.0356789 0)
(22.5608 0.0520869 0)
(21.6286 4.47355 0)
(23.6421 4.437 0)
(25.5433 4.31051 0)
(27.3534 4.07306 0)
(29.0241 3.80271 0)
(30.579 3.53107 0)
(32.0104 3.25461 0)
(33.3234 2.96323 0)
(34.5115 2.65254 0)
(35.5758 2.29673 0)
(36.5213 1.86014 0)
(37.3052 1.3223 0)
(37.893 0.724196 0)
(38.2271 0.0349712 0)
(38.2681 -0.679314 0)
(37.9997 -1.37686 0)
(37.4181 -1.99068 0)
(36.5818 -2.45349 0)
(35.5713 -2.75331 0)
(34.4596 -2.91699 0)
(33.3182 -2.97839 0)
(32.1957 -2.98805 0)
(31.1296 -2.96256 0)
(30.1262 -2.91888 0)
(29.1848 -2.874 0)
(28.323 -2.81143 0)
(27.5244 -2.75456 0)
(26.7931 -2.72288 0)
(26.14 -2.69397 0)
(25.5235 -2.6614 0)
(24.9329 -2.612 0)
(24.4157 -2.49856 0)
(23.9776 -2.2845 0)
(23.5842 -1.98681 0)
(23.2415 -1.6575 0)
(22.9638 -1.33954 0)
(22.7299 -1.04759 0)
(22.5035 -0.775114 0)
(22.2913 -0.521351 0)
(22.1233 -0.311129 0)
(21.9882 -0.172742 0)
(21.8812 -0.102928 0)
(21.7999 -0.0847621 0)
(21.726 -0.0697557 0)
(21.6688 -0.0305021 0)
(21.6418 0.0272495 0)
(21.6371 0.0956392 0)
(21.6349 0.16629 0)
(21.6314 0.235894 0)
(21.6283 0.304129 0)
(21.6352 0.357444 0)
(21.6438 0.383827 0)
(21.6493 0.384983 0)
(21.6538 0.365341 0)
(21.6494 0.336022 0)
(21.6465 0.300388 0)
(21.6292 0.273237 0)
(21.6253 0.247803 0)
(21.6075 0.235543 0)
(21.6204 0.218729 0)
(21.619 0.20851 0)
(21.6593 0.183324 0)
(21.6775 0.159423 0)
(21.7359 0.117484 0)
(21.7544 0.0801729 0)
(21.8083 0.033264 0)
(21.8061 0.0059296 0)
(21.8467 -0.0214379 0)
(21.8203 -0.0227433 0)
(21.8555 -0.0255943 0)
(21.8137 -0.00289907 0)
(21.849 0.012099 0)
(21.8029 0.0429912 0)
(21.8387 0.0612583 0)
(21.7971 0.0861546 0)
(21.8228 0.100347 0)
(21.7897 0.114193 0)
(21.7985 0.1216 0)
(21.7791 0.127028 0)
(21.775 0.128779 0)
(21.6252 2.40523 0)
(23.4539 2.47317 0)
(25.3178 2.44887 0)
(27.1402 2.36531 0)
(28.8646 2.26159 0)
(30.4575 2.13325 0)
(31.912 1.96793 0)
(33.237 1.76462 0)
(34.4294 1.53749 0)
(35.4906 1.29762 0)
(36.3925 1.02674 0)
(37.1218 0.701234 0)
(37.6375 0.316342 0)
(37.8964 -0.114441 0)
(37.8867 -0.55298 0)
(37.5878 -0.984791 0)
(37.0084 -1.37022 0)
(36.1941 -1.6638 0)
(35.1878 -1.8519 0)
(34.0431 -1.94678 0)
(32.8239 -1.97893 0)
(31.5785 -1.97581 0)
(30.3677 -1.94906 0)
(29.1969 -1.91228 0)
(28.0751 -1.86454 0)
(27.0255 -1.81978 0)
(26.0064 -1.80629 0)
(25.0469 -1.80939 0)
(24.1663 -1.82005 0)
(23.305 -1.83555 0)
(22.4698 -1.82062 0)
(21.7292 -1.75691 0)
(21.097 -1.63583 0)
(20.5224 -1.43322 0)
(19.9738 -1.1704 0)
(19.4791 -0.916159 0)
(19.0778 -0.701405 0)
(18.7705 -0.502977 0)
(18.5337 -0.319121 0)
(18.3194 -0.177816 0)
(18.1122 -0.0667297 0)
(17.9351 0.0127518 0)
(17.7963 0.052574 0)
(17.7192 0.0688028 0)
(17.6885 0.0777083 0)
(17.718 0.0780797 0)
(17.7976 0.0689869 0)
(17.8926 0.0563428 0)
(17.9909 0.0523957 0)
(18.0864 0.0674915 0)
(18.1786 0.0990972 0)
(18.2614 0.137659 0)
(18.3333 0.178883 0)
(18.3858 0.21681 0)
(18.4274 0.249428 0)
(18.4628 0.27351 0)
(18.5013 0.289523 0)
(18.5478 0.294331 0)
(18.6029 0.289363 0)
(18.6754 0.272109 0)
(18.7505 0.247106 0)
(18.8442 0.213724 0)
(18.9204 0.177451 0)
(19.0117 0.139074 0)
(19.0657 0.10504 0)
(19.1379 0.076849 0)
(19.1613 0.0563557 0)
(19.2092 0.0419272 0)
(19.2091 0.0344157 0)
(19.2502 0.0278383 0)
(19.2454 0.0271518 0)
(19.2979 0.0220363 0)
(19.2979 0.0276624 0)
(19.3719 0.0253817 0)
(19.3777 0.0349185 0)
(19.4706 0.0343071 0)
(19.4758 0.0423969 0)
(19.5799 0.0440286 0)
(19.5821 0.0479797 0)
(19.6913 0.0515021 0)
(20.7841 0.849728 0)
(22.3247 0.85882 0)
(23.8821 0.845052 0)
(25.4798 0.816083 0)
(27.0368 0.788708 0)
(28.4747 0.747026 0)
(29.7835 0.687231 0)
(30.9847 0.601159 0)
(32.077 0.512558 0)
(33.0307 0.418529 0)
(33.804 0.316151 0)
(34.3677 0.196547 0)
(34.7121 0.0415589 0)
(34.8204 -0.116666 0)
(34.6407 -0.268403 0)
(34.1589 -0.415134 0)
(33.3997 -0.543284 0)
(32.4059 -0.636922 0)
(31.206 -0.691226 0)
(29.8308 -0.713454 0)
(28.3548 -0.720079 0)
(26.8497 -0.723868 0)
(25.3799 -0.720972 0)
(23.9569 -0.719701 0)
(22.5693 -0.717853 0)
(21.1872 -0.719834 0)
(19.801 -0.765164 0)
(18.4518 -0.821638 0)
(17.0906 -0.838823 0)
(15.6651 -0.82764 0)
(14.2265 -0.785601 0)
(12.8237 -0.693241 0)
(11.5521 -0.522677 0)
(10.5176 -0.314641 0)
(9.67221 -0.191759 0)
(8.97348 -0.161781 0)
(8.44597 -0.111876 0)
(8.09547 0.00723196 0)
(7.9064 0.133656 0)
(7.84522 0.199123 0)
(7.87659 0.203 0)
(7.96168 0.153227 0)
(8.05297 0.0837616 0)
(8.12573 0.0182783 0)
(8.16346 -0.0361669 0)
(8.17873 -0.0632126 0)
(8.18676 -0.0359367 0)
(8.20996 0.0425228 0)
(8.26715 0.136179 0)
(8.3661 0.215746 0)
(8.50854 0.266576 0)
(8.69114 0.284673 0)
(8.90511 0.274581 0)
(9.13681 0.248177 0)
(9.37782 0.214915 0)
(9.61589 0.17732 0)
(9.84596 0.137853 0)
(10.0599 0.0993449 0)
(10.2549 0.0637844 0)
(10.4257 0.0333078 0)
(10.5719 0.00794081 0)
(10.6898 -0.0121858 0)
(10.7812 -0.0276092 0)
(10.8465 -0.0384208 0)
(10.8865 -0.0469779 0)
(10.9075 -0.0529375 0)
(10.9111 -0.0571638 0)
(10.9059 -0.0565297 0)
(10.894 -0.0527415 0)
(10.8816 -0.0458715 0)
(10.8712 -0.0362326 0)
(10.8659 -0.0252507 0)
(10.867 -0.0114474 0)
(10.8753 -0.00133589 0)
(10.8867 0.0109519 0)
(10.914 0.0153643 0)
(10.9282 0.0228329 0)
(10.9775 0.022062 0)
(10.9848 0.0240654 0)
(11.0516 0.0199256 0)
)
;

boundaryField
{
    inlet
    {
        type            fixedValue;
        value           uniform (10 0 0);
    }
    outlet
    {
        type            zeroGradient;
    }
    walls
    {
        type            fixedValue;
        value           uniform (0 0 0);
    }
    frontAndBack
    {
        type            empty;
    }
}


// ************************************************************************* //
