/*--------------------------------*- C++ -*----------------------------------*\
| =========                 |                                                 |
| \\      /  F ield         | OpenFOAM: The Open Source CFD Toolbox           |
|  \\    /   O peration     | Version:  2306                                  |
|   \\  /    A nd           | Website:  www.openfoam.com                      |
|    \\/     M anipulation  |                                                 |
\*---------------------------------------------------------------------------*/
FoamFile
{
    version     2.0;
    format      ascii;
    arch        "LSB;label=32;scalar=64";
    class       surfaceScalarField;
    location    "0.4";
    object      phi;
}
// * * * * * * * * * * * * * * * * * * * * * * * * * * * * * * * * * * * * * //

dimensions      [0 3 -1 0 0 0 0];

oriented        oriented;

internalField   nonuniform List<scalar> 
8520
(
0.00992784
7.21574e-05
0.00978962
0.000138218
0.00962951
0.000160111
0.00946826
0.000161253
0.00930944
0.000158819
0.00914915
0.000160293
0.00898637
0.000162776
0.00882095
0.000165427
0.0086537
0.000167248
0.0084856
0.000168094
0.0083179
0.000167701
0.00815106
0.000166838
0.00798557
0.000165491
0.00782133
0.000164247
0.00765852
0.000162808
0.00749709
0.000161432
0.00733718
0.000159904
0.00717884
0.000158341
0.00702218
0.000156656
0.00686733
0.000154853
0.00671428
0.00015305
0.00656328
0.000150998
0.00641415
0.000149129
0.00626725
0.000146906
0.00612231
0.000144939
0.00597964
0.000142667
0.0058391
0.000140542
0.00570077
0.000138327
0.0055647
0.000136071
0.00543076
0.000133944
0.0052992
0.000131557
0.00516961
0.000129592
0.00504236
0.000127251
0.00491682
0.000125536
0.00479347
0.000123351
0.0046716
0.000121876
0.00455151
0.000120082
0.00443259
0.000118925
0.00431487
0.000117719
0.00419782
0.000117052
0.00408126
0.00011656
0.00396468
0.000116575
0.00384777
0.000116915
0.00372989
0.000117879
0.00361067
0.00011922
0.0034892
0.000121473
0.00336518
0.000124015
0.00323728
0.000127897
0.00310538
0.0001319
0.00296772
0.000137663
0.00282425
0.000143473
0.00267295
0.000151302
0.00251371
0.000159233
0.00234446
0.000169254
0.00216502
0.000179437
0.0019734
0.000191622
0.00176957
0.000203831
0.0015518
0.000217767
0.00132064
0.000231161
0.00107493
0.000245711
0.000816697
0.000258234
0.000546293
0.000270404
0.000270829
0.000275464
1.58586e-06
0.000269243
-0.000243175
0.000244761
-0.000453694
0.000210519
-0.000604106
0.000150412
-0.000679827
7.5721e-05
-0.000658856
-2.09712e-05
-0.000536382
-0.000122473
-0.000305345
-0.000231037
-2.45099e-05
-0.000280835
0.000214177
-0.000238687
0.000321369
-0.000107191
4.24996e-05
0.000278869
-0.000425501
0.000468
-0.000277559
-0.000147941
0.000118756
-0.000396315
0.00016486
-4.61048e-05
0.000181598
-1.67378e-05
0.0100357
3.64839e-05
0.0100798
9.40485e-05
0.0101108
0.000129159
0.0101272
0.00014484
0.0101357
0.000150282
0.0101431
0.000152969
0.0101494
0.000156494
0.0101532
0.000161624
0.0101537
0.000166722
0.0101502
0.000171607
0.0101431
0.000174809
0.0101323
0.000177582
0.0101189
0.000178914
0.0101027
0.000180435
0.0100844
0.000181109
0.0100637
0.000182168
0.0100409
0.000182646
0.0100159
0.000183407
0.00998883
0.000183682
0.00995968
0.000184003
0.00992856
0.00018417
0.00989565
0.000183908
0.00986065
0.00018413
0.00982423
0.000183331
0.00978561
0.000183554
0.00974579
0.000182489
0.00970381
0.000182527
0.00966065
0.000181483
0.00961547
0.000181251
0.00956903
0.000180383
0.00952071
0.000179879
0.00947093
0.000179375
0.00941945
0.000178727
0.00936626
0.000178724
0.00931143
0.000178188
0.0092547
0.000178599
0.00919609
0.000178695
0.00913557
0.000179442
0.00907263
0.000180659
0.00900776
0.000181926
0.00893961
0.000184712
0.00886954
0.000186643
0.00879524
0.000191212
0.00871879
0.000194333
0.0086371
0.000200907
0.00855253
0.000206044
0.00846188
0.000214661
0.00836694
0.000222836
0.00826522
0.000233625
0.00815722
0.000245664
0.00804152
0.000259166
0.00791729
0.000275535
0.00778394
0.000292587
0.00763966
0.000313534
0.00748425
0.000334843
0.00731543
0.000360447
0.00713301
0.00038625
0.00693467
0.000416101
0.00672024
0.000445597
0.00648784
0.00047811
0.00623781
0.000508264
0.00596929
0.00053892
0.0056821
0.000562654
0.00537192
0.000579429
0.00504258
0.000574093
0.00468408
0.000569018
0.0042844
0.000550092
0.00383248
0.000527641
0.00330887
0.000502641
0.00268891
0.000497493
0.0019275
0.000530366
0.0010564
0.000590273
0.000209031
0.000608677
-0.00036355
0.000465389
-0.000508024
0.000423344
-0.00031816
0.000278136
-0.000315378
-0.000150723
-0.000366765
-0.000344928
-0.000282875
-0.000129994
0.000181781
-0.000283058
0.0100141
2.23463e-05
0.0100441
6.41244e-05
0.0100777
9.54966e-05
0.0101074
0.000115191
0.0101313
0.000126353
0.0101522
0.000132028
0.010173
0.000135759
0.010195
0.000139579
0.0102179
0.000143837
0.0102408
0.000148703
0.0102631
0.000152514
0.0102842
0.000156457
0.0103045
0.00015867
0.0103236
0.000161291
0.0103423
0.000162438
0.0103601
0.000164374
0.0103775
0.00016519
0.0103941
0.000166873
0.0104102
0.000167595
0.0104252
0.000168928
0.0104397
0.000169746
0.0104531
0.000170437
0.0104656
0.000171634
0.0104774
0.00017157
0.0104878
0.000173149
0.0104977
0.000172616
0.0105059
0.000174317
0.0105136
0.000173773
0.0105195
0.000175309
0.0105248
0.000175137
0.0105283
0.00017632
0.0105308
0.000176947
0.0105318
0.00017766
0.0105311
0.000179437
0.0105295
0.000179788
0.0105253
0.000182772
0.0105207
0.000183318
0.0105128
0.000187357
0.0105046
0.000188861
0.0104927
0.000193823
0.0104804
0.000197013
0.0104642
0.000202823
0.0104469
0.00020849
0.010426
0.00021524
0.0104028
0.000224131
0.0103765
0.000232345
0.0103463
0.000244828
0.0103135
0.000255651
0.0102754
0.000271771
0.0102345
0.000286541
0.0101871
0.000306585
0.0101363
0.000326315
0.0100779
0.000351035
0.010015
0.000376352
0.00994331
0.000406578
0.00986595
0.000437801
0.00977819
0.000474018
0.00968348
0.000510812
0.00957649
0.000552586
0.00946123
0.000593366
0.00933129
0.000638206
0.00919087
0.000679336
0.00903214
0.00072139
0.00885563
0.000755938
0.00864407
0.000785645
0.00840063
0.000812459
0.00811195
0.000838776
0.00777507
0.000864523
0.00738206
0.00089565
0.00693789
0.000941661
0.00645924
0.00100902
0.00596581
0.0010837
0.00541472
0.00115977
0.00468893
0.00119119
0.00391865
0.00119362
0.00304104
0.00115575
0.00185311
0.00103721
0.000537535
0.00097065
-0.000292854
0.000700395
0.000447471
-0.000558545
0.0100069
1.54292e-05
0.0100267
4.42953e-05
0.0100518
7.04329e-05
0.010077
8.99865e-05
0.0101002
0.00010314
0.0101223
0.00010993
0.010143
0.000115068
0.0101643
0.000118302
0.0101863
0.000121847
0.0102095
0.000125443
0.0102332
0.000128905
0.0102569
0.000132713
0.0102805
0.000135027
0.0103037
0.000138108
0.0103271
0.000139098
0.0103499
0.000141583
0.0103732
0.000141888
0.0103958
0.000144211
0.0104192
0.000144257
0.0104416
0.000146471
0.0104648
0.000146567
0.0104869
0.000148353
0.0105096
0.000148933
0.0105312
0.000149905
0.0105531
0.000151254
0.0105743
0.000151411
0.0105952
0.000153489
0.0106157
0.000153203
0.0106354
0.000155697
0.010655
0.000155474
0.0106733
0.000158059
0.0106917
0.000158528
0.0107085
0.000160857
0.0107253
0.000162612
0.0107406
0.000164524
0.0107554
0.000167923
0.010769
0.000169745
0.0107816
0.000174816
0.0107932
0.000177197
0.0108032
0.000183839
0.0108127
0.000187516
0.0108199
0.000195582
0.0108268
0.000201669
0.0108312
0.000210828
0.0108347
0.000220618
0.0108362
0.000230856
0.0108358
0.000245176
0.0108341
0.0002574
0.0108295
0.000276366
0.010824
0.000292062
0.0108148
0.000315761
0.0108048
0.000336266
0.0107907
0.000365155
0.0107756
0.000391472
0.010756
0.000426133
0.0107349
0.000458901
0.0107093
0.000499656
0.010681
0.000539156
0.0106485
0.000585077
0.0106102
0.000631591
0.0105687
0.000679734
0.0105155
0.00073256
0.0104572
0.000779715
0.010377
0.000836056
0.0102804
0.000882284
0.0101525
0.000940396
0.0100027
0.000988544
0.00981227
0.00105496
0.00959492
0.001113
0.00933498
0.0012016
0.00906243
0.00128157
0.0087467
0.00139943
0.00839524
0.00151123
0.00794893
0.0016375
0.00743659
0.00170595
0.00682571
0.00176663
0.00611601
0.00174691
0.00534015
0.00174651
0.0042593
0.00178124
0.0017387
0.00296808
0.0100044
1.10553e-05
0.0100166
3.20892e-05
0.010035
5.1985e-05
0.0100562
6.87705e-05
0.010078
8.13831e-05
0.0100989
8.90639e-05
0.0101192
9.47344e-05
0.0101397
9.78316e-05
0.0101606
0.000100914
0.0101825
0.000103521
0.010205
0.000106414
0.0102281
0.000109679
0.0102514
0.000111648
0.0102746
0.000114927
0.0102982
0.000115535
0.0103211
0.000118613
0.0103449
0.000118181
0.0103678
0.000121269
0.0103918
0.000120289
0.0104147
0.000123523
0.0104389
0.000122421
0.0104617
0.000125531
0.0104857
0.000124864
0.0105084
0.000127224
0.0105321
0.000127627
0.0105547
0.000128804
0.0105775
0.00013065
0.0106
0.000130669
0.0106219
0.000133874
0.0106442
0.000133118
0.0106648
0.00013745
0.0106868
0.000136543
0.0107061
0.000141568
0.0107274
0.000141298
0.0107454
0.000146515
0.0107656
0.000147713
0.0107824
0.000152962
0.0108012
0.000156074
0.0108168
0.000161582
0.0108337
0.000166898
0.0108482
0.00017298
0.0108629
0.000180902
0.0108765
0.000188125
0.0108887
0.00019859
0.0109009
0.000208413
0.0109111
0.000220714
0.0109213
0.000234929
0.0109297
0.000248986
0.0109378
0.000268237
0.0109444
0.00028551
0.0109508
0.000309377
0.0109552
0.00033187
0.0109603
0.000360017
0.0109624
0.000389412
0.0109668
0.000421736
0.0109666
0.000459105
0.0109701
0.000496142
0.0109683
0.000540903
0.0109693
0.000584076
0.0109662
0.000634744
0.0109617
0.000684171
0.0109529
0.000741402
0.0109381
0.000794523
0.010913
0.000861104
0.0108791
0.00091624
0.0108273
0.000992169
0.0107608
0.00105503
0.0106749
0.0011409
0.0105643
0.00122355
0.0104395
0.00132641
0.0102855
0.00143559
0.0101125
0.00157242
0.00991632
0.00170742
0.00969093
0.0018629
0.00941287
0.00198401
0.00906123
0.00211827
0.00860869
0.00219944
0.00801818
0.00233702
0.0073668
0.00243262
0.00255187
0.00655363
0.0100032
7.84814e-06
0.0100117
2.35845e-05
0.0100257
3.7953e-05
0.010043
5.14741e-05
0.0100626
6.18329e-05
0.0100823
6.93145e-05
0.0101024
7.46469e-05
0.0101224
7.78101e-05
0.0101427
8.06993e-05
0.0101637
8.24756e-05
0.0101852
8.48943e-05
0.0102078
8.71515e-05
0.0102303
8.9151e-05
0.0102534
9.17296e-05
0.0102763
9.26583e-05
0.0102997
9.52643e-05
0.0103227
9.5171e-05
0.0103461
9.78456e-05
0.0103693
9.70667e-05
0.0103928
0.000100062
0.0104163
9.89478e-05
0.0104396
0.000102242
0.0104632
0.000101219
0.0104862
0.00010425
0.0105098
0.000104038
0.0105324
0.000106158
0.0105556
0.000107422
0.010578
0.0001083
0.0106006
0.000111269
0.0106227
0.00011104
0.0106444
0.000115728
0.0106661
0.000114804
0.0106868
0.000120926
0.0107081
0.000120029
0.0107276
0.00012701
0.010748
0.000127235
0.0107665
0.00013448
0.0107858
0.000136758
0.0108035
0.000143964
0.0108213
0.000149086
0.0108382
0.000156054
0.0108541
0.000165036
0.0108706
0.000171544
0.0108841
0.000185115
0.0109006
0.000191959
0.0109117
0.000209548
0.0109276
0.000219036
0.0109374
0.000239227
0.0109519
0.000253753
0.0109614
0.000276026
0.0109739
0.000296831
0.010984
0.000321785
0.0109945
0.00034953
0.0110059
0.000377949
0.0110146
0.000413111
0.0110278
0.000445888
0.0110352
0.000488689
0.0110498
0.00052636
0.0110563
0.000577527
0.0110711
0.000619926
0.0110748
0.000680558
0.011088
0.000728202
0.0110839
0.000798618
0.0110917
0.000853222
0.0110756
0.000932357
0.0110687
0.000999083
0.0110376
0.00108619
0.0110047
0.00117381
0.0109549
0.0012733
0.0108927
0.00138865
0.0108193
0.00150899
0.0107319
0.00165982
0.0106416
0.00179771
0.0105187
0.0019858
0.0103868
0.00211587
0.0101669
0.00233816
0.00992652
0.00243984
0.00956429
0.00269926
0.00923986
0.00275704
0.00301602
0.00877571
0.0100025
5.3499e-06
0.0100092
1.68663e-05
0.0100205
2.66592e-05
0.0100352
3.68179e-05
0.0100525
4.45307e-05
0.010071
5.07784e-05
0.0100903
5.5329e-05
0.0101102
5.79653e-05
0.01013
6.09006e-05
0.0101508
6.16436e-05
0.0101715
6.42252e-05
0.0101938
6.48499e-05
0.0102154
6.75253e-05
0.0102386
6.84742e-05
0.0102608
7.05009e-05
0.0102845
7.15532e-05
0.0103069
7.27835e-05
0.0103308
7.39502e-05
0.0103534
7.44718e-05
0.0103773
7.61618e-05
0.0104002
7.60439e-05
0.0104238
7.86423e-05
0.0104471
7.78836e-05
0.0104701
8.1264e-05
0.0104939
8.02835e-05
0.0105161
8.3968e-05
0.0105401
8.34105e-05
0.0105615
8.68823e-05
0.0105855
8.73028e-05
0.0106062
9.02788e-05
0.0106297
9.2234e-05
0.01065
9.45091e-05
0.0106726
9.83045e-05
0.0106926
0.000100075
0.010714
0.000105548
0.0107336
0.000107649
0.0107538
0.000114344
0.010773
0.000117536
0.0107916
0.000125343
0.0108105
0.000130218
0.0108276
0.000138967
0.0108458
0.000146848
0.0108618
0.000155458
0.0108786
0.000168352
0.0108945
0.000176078
0.0109093
0.000194749
0.0109254
0.000202939
0.0109384
0.000226235
0.0109546
0.000237559
0.0109666
0.000264032
0.0109824
0.000281027
0.0109947
0.000309482
0.0110094
0.000334771
0.0110234
0.000363952
0.0110369
0.00039965
0.0110532
0.000429621
0.0110658
0.00047604
0.0110841
0.000508068
0.0110957
0.000565876
0.0111156
0.000600077
0.0111248
0.00067132
0.0111444
0.000708676
0.0111505
0.000792459
0.0111654
0.00083832
0.0111664
0.000931413
0.0111717
0.00099376
0.0111632
0.00109472
0.011153
0.00118391
0.0111344
0.00129198
0.0111036
0.00141937
0.0110756
0.00153703
0.0110276
0.00170779
0.0109894
0.0018359
0.0109197
0.00205557
0.0108499
0.00218559
0.0107336
0.00245446
0.0105985
0.00257497
0.0104332
0.00286453
0.0102138
0.00297647
0.00324406
0.00998577
0.0100019
3.46232e-06
0.0100079
1.08039e-05
0.0100174
1.72074e-05
0.0100305
2.37674e-05
0.010046
2.90274e-05
0.0100635
3.32696e-05
0.010082
3.68209e-05
0.0101015
3.83903e-05
0.0101212
4.12769e-05
0.0101419
4.09319e-05
0.0101623
4.38499e-05
0.0101841
4.29875e-05
0.0102055
4.61595e-05
0.0102283
4.56474e-05
0.0102505
4.83356e-05
0.0102738
4.82473e-05
0.0102965
5.00893e-05
0.0103199
5.0491e-05
0.010343
5.14306e-05
0.0103664
5.27792e-05
0.0103898
5.26419e-05
0.0104128
5.55866e-05
0.0104367
5.39959e-05
0.0104591
5.88423e-05
0.0104836
5.58561e-05
0.0105051
6.24168e-05
0.01053
5.85084e-05
0.0105506
6.62419e-05
0.0105758
6.21869e-05
0.0105956
7.04333e-05
0.0106205
6.73707e-05
0.0106399
7.51206e-05
0.0106639
7.42729e-05
0.0106832
8.07734e-05
0.0107059
8.28242e-05
0.0107252
8.83293e-05
0.0107465
9.30424e-05
0.0107658
9.82763e-05
0.0107856
0.000105583
0.0108049
0.000110856
0.0108228
0.000121134
0.0108426
0.000127043
0.0108583
0.000139677
0.0108784
0.00014827
0.0108927
0.000161751
0.0109125
0.000175005
0.0109262
0.000189189
0.0109452
0.000207318
0.0109593
0.000223452
0.0109768
0.000246535
0.0109926
0.000265242
0.0110081
0.000293963
0.0110263
0.000316551
0.0110407
0.000349497
0.0110604
0.000379955
0.0110758
0.000414258
0.0110959
0.000455956
0.0111125
0.000491464
0.0111334
0.000544942
0.0111499
0.000583602
0.0111714
0.000649828
0.0111878
0.000692317
0.0112069
0.00077334
0.0112226
0.00082257
0.0112367
0.000917375
0.0112483
0.000982154
0.0112546
0.00108835
0.0112598
0.00117875
0.0112556
0.00129619
0.0112511
0.00142382
0.0112391
0.00154904
0.0112208
0.00172615
0.0111979
0.00185878
0.0111678
0.00208566
0.0111151
0.00223833
0.0110727
0.00249679
0.0109724
0.00267531
0.0109057
0.00293119
0.0107436
0.00313863
0.0033755
0.0106121
0.0100015
1.98221e-06
0.0100073
5.01461e-06
0.0100157
8.7878e-06
0.0100278
1.16583e-05
0.0100421
1.46762e-05
0.0100589
1.65276e-05
0.0100769
1.88593e-05
0.010096
1.91974e-05
0.0101157
2.16512e-05
0.0101362
2.04229e-05
0.0101566
2.34472e-05
0.0101781
2.14789e-05
0.0101994
2.4858e-05
0.0102218
2.32326e-05
0.0102441
2.60144e-05
0.010267
2.54156e-05
0.0102901
2.69152e-05
0.010313
2.76108e-05
0.0103367
2.77264e-05
0.0103595
2.9983e-05
0.0103835
2.86862e-05
0.0104062
3.28268e-05
0.0104303
2.99408e-05
0.010453
3.61688e-05
0.010477
3.17926e-05
0.0104995
3.99824e-05
0.0105235
3.44583e-05
0.0105456
4.41827e-05
0.0105695
3.82914e-05
0.0105911
4.87764e-05
0.0106146
4.39064e-05
0.010636
5.37063e-05
0.0106587
5.16014e-05
0.01068
5.9431e-05
0.0107016
6.12471e-05
0.0107229
6.69904e-05
0.0107433
7.2663e-05
0.0107646
7.69905e-05
0.0107838
8.64076e-05
0.010805
8.96731e-05
0.0108229
0.00010319
0.010844
0.000105895
0.0108608
0.000122909
0.0108819
0.000127225
0.0108978
0.000145778
0.0109186
0.000154262
0.0109341
0.000173651
0.0109549
0.000186534
0.0109698
0.000208527
0.0109915
0.000224891
0.0110059
0.000250779
0.0110282
0.000271655
0.0110439
0.000300878
0.0110656
0.00032783
0.0110843
0.000361216
0.0111049
0.000393688
0.0111267
0.000434106
0.0111472
0.000471005
0.011171
0.000521163
0.0111921
0.000562435
0.0112173
0.000624702
0.0112386
0.000670976
0.011264
0.000747931
0.0112849
0.000801632
0.0113082
0.00089413
0.0113266
0.000963754
0.0113477
0.0010672
0.0113588
0.00116766
0.0113766
0.00127845
0.0113825
0.00141789
0.0113863
0.00154528
0.0113933
0.00171906
0.0113724
0.00187975
0.0113786
0.00207948
0.0113306
0.00228628
0.0113242
0.00250324
0.0112518
0.00274763
0.0111997
0.00298336
0.0111
0.00323833
0.00350036
0.0109751
0.0100014
5.67358e-07
0.010007
-5.92505e-07
0.0100149
8.67579e-07
0.0100267
-6.86707e-08
0.0100404
9.76655e-07
0.0100568
1.20846e-07
0.0100744
1.2561e-06
0.0100934
2.19883e-07
0.010113
1.98564e-06
0.0101333
1.19779e-07
0.0101539
2.832e-06
0.0101752
2.64848e-07
0.0101966
3.43913e-06
0.0102188
1.05301e-06
0.0102411
3.64844e-06
0.0102639
2.63229e-06
0.0102871
3.71311e-06
0.01031
4.66655e-06
0.0103338
4.01642e-06
0.0103567
7.00998e-06
0.0103806
4.86188e-06
0.0104038
9.60641e-06
0.0104273
6.36789e-06
0.010451
1.2515e-05
0.0104741
8.73057e-06
0.0104981
1.5939e-05
0.0105207
1.18569e-05
0.0105448
2.01382e-05
0.0105672
1.58942e-05
0.0105907
2.52275e-05
0.0106131
2.15188e-05
0.010636
3.07658e-05
0.0106581
2.95221e-05
0.0106807
3.6835e-05
0.0107021
3.98687e-05
0.0107245
4.46103e-05
0.0107452
5.1964e-05
0.010767
5.51323e-05
0.0107874
6.60728e-05
0.0108085
6.85475e-05
0.0108285
8.31976e-05
0.0108491
8.52974e-05
0.0108687
0.000103327
0.0108888
0.000107115
0.0109083
0.000126191
0.0109278
0.000134811
0.0109477
0.00015374
0.010967
0.000167234
0.0109869
0.000188623
0.0110072
0.000204653
0.0110268
0.000231183
0.0110487
0.000249739
0.0110682
0.000281323
0.0110923
0.00030379
0.011112
0.000341458
0.0111385
0.000367192
0.0111594
0.000413195
0.011187
0.00044339
0.0112117
0.000496552
0.0112382
0.000535854
0.011268
0.000594933
0.0112928
0.000646143
0.0113274
0.000713387
0.0113499
0.000779131
0.0113871
0.000856862
0.0114099
0.00094103
0.011442
0.00103507
0.0114712
0.0011385
0.0114912
0.00125843
0.0115246
0.00138445
0.0115348
0.00153513
0.0115605
0.00169329
0.0115646
0.00187569
0.0115699
0.00207421
0.0115671
0.00228904
0.011544
0.00252632
0.0115195
0.00277211
0.0114571
0.00304577
0.0113833
0.00331215
0.00361228
0.0112714
0.0100017
-1.08605e-06
0.010007
-5.93308e-06
0.010015
-7.18067e-06
0.0100267
-1.17393e-05
0.0100404
-1.27594e-05
0.0100569
-1.63013e-05
0.0100744
-1.63222e-05
0.0100934
-1.86864e-05
0.0101132
-1.7848e-05
0.0101332
-1.99284e-05
0.0101542
-1.81684e-05
0.0101751
-2.05704e-05
0.0101969
-1.84096e-05
0.0102188
-2.08454e-05
0.0102414
-1.89498e-05
0.0102643
-2.02052e-05
0.0102874
-1.94362e-05
0.0103107
-1.85862e-05
0.0103342
-1.94985e-05
0.0103575
-1.6342e-05
0.0103812
-1.88411e-05
0.0104048
-1.39322e-05
0.0104284
-1.72208e-05
0.0104523
-1.13884e-05
0.0104755
-1.44818e-05
0.0104998
-8.34193e-06
0.0105226
-1.09756e-05
0.0105469
-4.15467e-06
0.0105696
-6.82866e-06
0.0105934
1.45072e-06
0.0106163
-1.38729e-06
0.0106393
7.70903e-06
0.0106622
6.62229e-06
0.0106847
1.43372e-05
0.0107073
1.72867e-05
0.0107295
2.24726e-05
0.0107516
2.98188e-05
0.0107733
3.34425e-05
0.010795
4.43313e-05
0.0108164
4.71344e-05
0.0108375
6.21671e-05
0.0108592
6.3544e-05
0.0108791
8.3481e-05
0.0109015
8.46505e-05
0.0109208
0.00010697
0.0109431
0.000112471
0.0109632
0.000133638
0.0109848
0.000145665
0.0110061
0.000167291
0.0110282
0.000182603
0.0110496
0.000209693
0.0110737
0.000225719
0.0110957
0.000259257
0.011121
0.000278501
0.0111456
0.000316844
0.0111718
0.000341018
0.0111988
0.000386229
0.0112278
0.000414375
0.0112566
0.000467763
0.0112878
0.000504629
0.0113211
0.000561607
0.0113533
0.000613982
0.0113891
0.000677587
0.0114274
0.000740832
0.0114606
0.000823641
0.0115046
0.000897025
0.0115404
0.000999232
0.0115812
0.00109772
0.0116235
0.00121612
0.0116584
0.00134961
0.0117019
0.00149164
0.0117296
0.00166562
0.011765
0.00184027
0.011783
0.00205613
0.0117991
0.00227303
0.0117942
0.00253116
0.0117801
0.00278624
0.0117361
0.00308976
0.0116614
0.00338685
0.0036986
0.0115751
0.010002
-3.12433e-06
0.0100071
-1.10329e-05
0.010016
-1.60026e-05
0.0100279
-2.36671e-05
0.0100425
-2.73685e-05
0.0100591
-3.29304e-05
0.0100772
-3.43677e-05
0.0100961
-3.76646e-05
0.0101162
-3.78929e-05
0.0101362
-3.99038e-05
0.0101574
-3.94286e-05
0.0101781
-4.12741e-05
0.0102004
-4.06764e-05
0.0102222
-4.26502e-05
0.0102451
-4.18575e-05
0.010268
-4.30997e-05
0.0102912
-4.26424e-05
0.0103147
-4.20426e-05
0.0103382
-4.30127e-05
0.0103617
-3.98462e-05
0.0103856
-4.27817e-05
0.0104091
-3.7427e-05
0.0104332
-4.12668e-05
0.0104571
-3.527e-05
0.0104806
-3.79994e-05
0.0105053
-3.30638e-05
0.0105279
-3.35742e-05
0.0105533
-2.95703e-05
0.0105753
-2.87754e-05
0.0106007
-2.39809e-05
0.0106226
-2.32621e-05
0.0106474
-1.71624e-05
0.0106694
-1.53288e-05
0.0106938
-1.00753e-05
0.0107154
-4.27999e-06
0.0107397
-1.8474e-06
0.0107608
8.70769e-06
0.0107847
9.52465e-06
0.0108057
2.33427e-05
0.0108292
2.36626e-05
0.01085
4.1361e-05
0.0108736
3.99265e-05
0.0108934
6.36743e-05
0.0109183
5.97038e-05
0.0109367
8.85732e-05
0.010963
8.62544e-05
0.0109815
0.000115122
0.0110072
0.000119928
0.0110284
0.000146056
0.0110523
0.000158709
0.0110773
0.000184727
0.0111002
0.000202813
0.0111283
0.000231139
0.0111518
0.000255027
0.0111828
0.000285897
0.0112082
0.00031554
0.0112411
0.000353394
0.0112716
0.000383821
0.0113036
0.000435823
0.0113425
0.000465644
0.0113742
0.00052997
0.0114177
0.000570472
0.0114575
0.000637793
0.0114983
0.000700053
0.0115497
0.000772199
0.0115913
0.000855412
0.0116475
0.000943057
0.0116961
0.00104909
0.0117519
0.0011603
0.0118096
0.00129196
0.0118597
0.00144154
0.0119209
0.00160435
0.0119665
0.00179471
0.0120153
0.00200735
0.0120424
0.00224596
0.0120765
0.00249699
0.0120557
0.00280712
0.0120532
0.00309223
0.0119761
0.00346398
0.00378854
0.0118861
0.0100025
-5.60279e-06
0.0100076
-1.6184e-05
0.0100178
-2.6163e-05
0.0100305
-3.63615e-05
0.0100465
-4.34288e-05
0.0100637
-5.00521e-05
0.0100825
-5.32223e-05
0.0101018
-5.68987e-05
0.0101219
-5.80623e-05
0.0101422
-6.01481e-05
0.0101634
-6.06787e-05
0.0101846
-6.24522e-05
0.010207
-6.30953e-05
0.0102293
-6.49009e-05
0.0102523
-6.48605e-05
0.0102756
-6.63936e-05
0.0102986
-6.56701e-05
0.0103226
-6.60796e-05
0.0103457
-6.61191e-05
0.01037
-6.40636e-05
0.0103935
-6.63787e-05
0.0104176
-6.15271e-05
0.0104416
-6.52342e-05
0.0104659
-5.95898e-05
0.0104896
-6.16279e-05
0.0105147
-5.82194e-05
0.0105374
-5.62359e-05
0.0105634
-5.56112e-05
0.0105853
-5.0685e-05
0.0106115
-5.01396e-05
0.0106335
-4.52791e-05
0.0106588
-4.24998e-05
0.0106815
-3.80258e-05
0.0107058
-3.43122e-05
0.010729
-2.74963e-05
0.0107523
-2.51686e-05
0.0107759
-1.48848e-05
0.0107983
-1.2834e-05
0.0108227
-1.08325e-06
0.0108435
2.8936e-06
0.0108695
1.53539e-05
0.0108885
2.08627e-05
0.0109158
3.64431e-05
0.0109345
4.09365e-05
0.0109618
6.12788e-05
0.0109813
6.68091e-05
0.0110089
8.75374e-05
0.0110289
9.98817e-05
0.0110575
0.000117494
0.0110788
0.000137387
0.0111077
0.000155859
0.0111322
0.000178224
0.011161
0.000202352
0.0111887
0.000227361
0.0112204
0.000254238
0.0112488
0.000287101
0.0112861
0.000316129
0.0113156
0.000354288
0.0113586
0.000392802
0.0113904
0.000433858
0.0114402
0.000480206
0.0114757
0.000534889
0.0115299
0.000583646
0.0115764
0.000653558
0.0116297
0.000718852
0.0116912
0.000793921
0.0117464
0.000887837
0.0118181
0.000977463
0.0118826
0.00109573
0.0119574
0.0012172
0.0120318
0.00136714
0.01211
0.00152616
0.0121823
0.00172242
0.0122553
0.0019343
0.012322
0.0021793
0.0123551
0.00246388
0.0123992
0.00276307
0.0123822
0.00310918
0.0123529
0.00349326
0.00389063
0.0122508
0.0100029
-8.50674e-06
0.010009
-2.22594e-05
0.0100209
-3.80709e-05
0.0100351
-5.05721e-05
0.0100529
-6.1251e-05
0.0100711
-6.81938e-05
0.0100907
-7.28489e-05
0.0101104
-7.66395e-05
0.0101305
-7.81437e-05
0.0101514
-8.10231e-05
0.0101725
-8.17961e-05
0.0101948
-8.47298e-05
0.0102171
-8.54172e-05
0.0102404
-8.81844e-05
0.0102631
-8.75705e-05
0.0102874
-9.06843e-05
0.0103097
-8.80277e-05
0.010335
-9.13435e-05
0.0103571
-8.82412e-05
0.0103828
-8.97004e-05
0.0104055
-8.91149e-05
0.0104306
-8.66628e-05
0.0104545
-8.90837e-05
0.010479
-8.41284e-05
0.0105034
-8.59941e-05
0.0105281
-8.29556e-05
0.010552
-8.00889e-05
0.0105774
-8.10548e-05
0.0106007
-7.39144e-05
0.0106262
-7.56666e-05
0.0106498
-6.88495e-05
0.0106742
-6.69503e-05
0.010699
-6.27795e-05
0.0107218
-5.71717e-05
0.0107478
-5.34358e-05
0.0107692
-4.6638e-05
0.0107961
-4.17262e-05
0.0108163
-3.30762e-05
0.0108443
-2.90899e-05
0.0108629
-1.57346e-05
0.0108927
-1.43684e-05
0.0109095
4.06498e-06
0.0109409
4.97515e-06
0.0109576
2.43127e-05
0.0109882
3.06485e-05
0.0110079
4.70653e-05
0.0110357
5.97334e-05
0.01106
7.56251e-05
0.0110856
9.18649e-05
0.0111133
0.000109716
0.0111389
0.000130266
0.0111697
0.000147362
0.0111961
0.000176036
0.0112296
0.000193778
0.0112607
0.000223171
0.0112925
0.00025531
0.0113332
0.000275408
0.0113652
0.000322337
0.0114083
0.000349633
0.0114537
0.00038848
0.0114911
0.000442784
0.0115513
0.000474721
0.0115936
0.000541385
0.011658
0.000589112
0.011714
0.000662834
0.0117845
0.000723417
0.0118526
0.000819811
0.0119339
0.000896121
0.012015
0.00101466
0.0121082
0.00112401
0.0122031
0.00127225
0.0123018
0.00142745
0.0124094
0.00161479
0.012512
0.00183174
0.0125974
0.00209383
0.0127005
0.0023608
0.0127487
0.00271492
0.0127729
0.00308496
0.0127824
0.00348375
0.0039863
0.0126867
0.0100034
-1.192e-05
0.0100116
-3.04474e-05
0.0100261
-5.26077e-05
0.0100428
-6.724e-05
0.010063
-8.14613e-05
0.010082
-8.72116e-05
0.0101029
-9.37513e-05
0.0101224
-9.6123e-05
0.0101434
-9.91427e-05
0.0101642
-0.000101838
0.0101864
-0.000104012
0.0102091
-0.000107395
0.0102322
-0.000108511
0.0102559
-0.000111895
0.0102791
-0.000110713
0.0103036
-0.000115198
0.0103263
-0.000110704
0.0103516
-0.000116734
0.0103741
-0.000110728
0.0103999
-0.000115501
0.0104231
-0.000112272
0.0104483
-0.000111925
0.0104728
-0.000113549
0.0104972
-0.000108509
0.0105226
-0.000111365
0.0105468
-0.000107169
0.0105719
-0.000105248
0.0105968
-0.000105883
0.0106213
-9.84347e-05
0.0106465
-0.000100869
0.010671
-9.33168e-05
0.0106958
-9.17738e-05
0.0107206
-8.75918e-05
0.010745
-8.15362e-05
0.0107698
-7.82752e-05
0.0107941
-7.09764e-05
0.0108186
-6.61623e-05
0.0108433
-5.78362e-05
0.0108669
-5.27033e-05
0.0108928
-4.16139e-05
0.0109149
-3.64617e-05
0.0109429
-2.39626e-05
0.0109633
-1.53623e-05
0.010993
-5.45457e-06
0.011013
1.06591e-05
0.0110436
1.64809e-05
0.0110653
3.80889e-05
0.0110948
4.60426e-05
0.0111206
6.60734e-05
0.0111481
8.22446e-05
0.0111779
0.00010045
0.011208
0.000117328
0.0112358
0.00014821
0.0112758
0.000153779
0.0112989
0.000200075
0.0113476
0.000206557
0.0113742
0.000248875
0.0114237
0.000272856
0.0114609
0.000312336
0.011511
0.000338422
0.0115588
0.000395004
0.0116117
0.00042178
0.0116736
0.000479485
0.0117293
0.000533431
0.0118063
0.000585818
0.0118726
0.000657093
0.0119611
0.000731394
0.0120468
0.000810346
0.0121447
0.000916798
0.0122605
0.00100823
0.0123626
0.00117013
0.012509
0.00128103
0.0126312
0.00149264
0.0127685
0.00169437
0.0129247
0.00193766
0.013037
0.00224846
0.0131441
0.00260783
0.0132567
0.00297243
0.013243
0.00349745
0.00399559
0.0132337
0.0100044
-1.63266e-05
0.0100164
-4.24755e-05
0.0100355
-7.16788e-05
0.0100558
-8.75314e-05
0.0100788
-0.000104464
0.0100982
-0.000106622
0.0101205
-0.000116061
0.0101393
-0.000114909
0.0101624
-0.000122191
0.0101828
-0.000122271
0.0102073
-0.000128513
0.0102293
-0.0001294
0.0102544
-0.000133586
0.0102772
-0.000134747
0.0103018
-0.00013531
0.0103255
-0.000138874
0.0103493
-0.00013456
0.0103742
-0.000141567
0.0103976
-0.000134173
0.0104232
-0.000141095
0.010447
-0.000136079
0.0104724
-0.00013725
0.0104973
-0.000138466
0.0105217
-0.00013292
0.0105477
-0.000137369
0.0105715
-0.000131013
0.0105977
-0.000131466
0.0106219
-0.000129989
0.0106475
-0.000124069
0.0106724
-0.000125735
0.010697
-0.000117976
0.0107229
-0.000117672
0.0107461
-0.000110802
0.0107735
-0.000108879
0.010795
-9.98227e-05
0.0108235
-9.94965e-05
0.0108443
-8.68848e-05
0.0108729
-8.64398e-05
0.0108938
-7.36375e-05
0.0109221
-6.98865e-05
0.0109434
-5.77586e-05
0.0109714
-5.19752e-05
0.0109938
-3.77945e-05
0.0110203
-3.19716e-05
0.0110462
-1.52678e-05
0.0110706
-7.82357e-06
0.0111001
8.49791e-06
0.0111232
2.29952e-05
0.0111565
3.27921e-05
0.0111789
5.98124e-05
0.0112154
6.39833e-05
0.0112411
9.15929e-05
0.0112762
0.000113107
0.0113106
0.000119359
0.0113451
0.000165563
0.0113825
0.000169228
0.01143
0.000201324
0.0114588
0.000244106
0.0115258
0.000245306
0.0115533
0.000310895
0.011627
0.000321377
0.0116706
0.000378092
0.0117424
0.000407728
0.011808
0.000467867
0.0118838
0.000509936
0.0119638
0.00057715
0.0120658
0.000629392
0.012146
0.00073016
0.0122883
0.000774496
0.0123798
0.000916707
0.0125454
0.00100456
0.0126871
0.00113935
0.0128528
0.00132687
0.0130527
0.00149444
0.0132272
0.00176323
0.0134301
0.00204552
0.0136009
0.00243703
0.0137379
0.00283549
0.0138531
0.00338226
0.0039762
0.0138725
0.0100067
-2.3022e-05
0.010027
-6.28024e-05
0.010052
-9.66854e-05
0.0100771
-0.000112646
0.0101009
-0.000128189
0.0101226
-0.000128358
0.0101444
-0.000137859
0.010165
-0.000135465
0.0101883
-0.000145543
0.0102107
-0.000144646
0.0102358
-0.000153584
0.0102589
-0.000152498
0.0102838
-0.00015855
0.0103069
-0.000157806
0.0103312
-0.000159601
0.0103546
-0.000162343
0.0103784
-0.000158311
0.0104028
-0.000165939
0.010426
-0.000157438
0.0104513
-0.000166362
0.010474
-0.000158776
0.0104999
-0.000163175
0.0105219
-0.000160454
0.0105483
-0.000159349
0.0105697
-0.000158695
0.0105963
-0.000157614
0.0106173
-0.000152465
0.0106435
-0.000156253
0.0106645
-0.000145049
0.0106904
-0.000151615
0.0107108
-0.000138415
0.0107372
-0.000144079
0.0107559
-0.000129429
0.0107839
-0.000136899
0.0108004
-0.000116385
0.0108293
-0.000128311
0.0108458
-0.000103424
0.010873
-0.00011367
0.0108917
-9.22848e-05
0.0109168
-9.50432e-05
0.0109366
-7.75452e-05
0.0109626
-7.79876e-05
0.0109801
-5.52853e-05
0.0110114
-6.3229e-05
0.0110236
-2.74627e-05
0.0110623
-4.65553e-05
0.011071
-1.93092e-07
0.0111112
-1.71656e-05
0.0111285
1.54216e-05
0.0111592
2.91267e-05
0.0111935
2.97014e-05
0.0112152
6.99047e-05
0.0112573
7.10236e-05
0.0112877
8.89438e-05
0.0113229
0.00013038
0.0113712
0.000120839
0.0114031
0.000169494
0.0114634
0.000183829
0.0114978
0.000210827
0.0115733
0.000235435
0.0116079
0.00028678
0.0117001
0.00028589
0.0117429
0.000364965
0.0118515
0.000359231
0.0119009
0.000460502
0.0120353
0.000442785
0.0121048
0.000559916
0.0122434
0.000591491
0.0123618
0.000656133
0.0125174
0.00076109
0.012657
0.000864964
0.0128683
0.000928062
0.0130526
0.00114252
0.0133021
0.00124496
0.0135619
0.00150349
0.0138478
0.00175963
0.0141007
0.00218404
0.0143266
0.0026096
0.0145519
0.00315702
0.00391709
0.014611
0.0100141
-3.71682e-05
0.0100446
-9.32255e-05
0.0100778
-0.000129941
0.0101085
-0.000143287
0.0101318
-0.000151527
0.010154
-0.000150572
0.0101741
-0.000157954
0.0101972
-0.000158581
0.0102197
-0.000168056
0.0102433
-0.000168187
0.0102657
-0.000176041
0.010287
-0.000173801
0.0103083
-0.000179798
0.0103269
-0.00017637
0.010348
-0.000180729
0.010364
-0.000178341
0.0103858
-0.00018018
0.0103994
-0.000179477
0.0104214
-0.000179485
0.0104335
-0.00017839
0.0104539
-0.000179206
0.010466
-0.000175308
0.0104833
-0.000177681
0.0104962
-0.000172319
0.0105106
-0.000173091
0.010523
-0.00016996
0.0105368
-0.000166292
0.0105463
-0.000165734
0.0105614
-0.000160127
0.0105673
-0.000157595
0.0105836
-0.000154647
0.0105868
-0.000147365
0.0106038
-0.000146354
0.0106049
-0.000138067
0.0106228
-0.000134249
0.010622
-0.00012755
0.0106411
-0.000122489
0.0106389
-0.000111486
0.0106593
-0.000112699
0.0106565
-9.22013e-05
0.0106781
-9.9196e-05
0.0106761
-7.58969e-05
0.0106986
-7.78207e-05
0.0106984
-6.29938e-05
0.0107229
-5.20147e-05
0.010723
-4.66742e-05
0.0107539
-3.11023e-05
0.010753
-1.62562e-05
0.0107927
-2.42037e-05
0.0107921
2.97047e-05
0.0108391
-1.73704e-05
0.0108415
6.7558e-05
0.010896
1.65499e-05
0.0109049
8.00209e-05
0.0109667
6.85607e-05
0.010985
0.000102566
0.0110529
0.000101583
0.011084
0.000152759
0.0111631
0.000131668
0.0111991
0.000199488
0.0113085
0.000177307
0.0113356
0.000258864
0.0114813
0.000219283
0.0115272
0.000313333
0.0116526
0.000335088
0.0117843
0.000311039
0.0118845
0.000459714
0.0120411
0.000434888
0.0122445
0.000452753
0.0123401
0.000665521
0.0126516
0.000553459
0.0128091
0.000770527
0.0131006
0.000851074
0.0134065
0.00093903
0.013792
0.00111793
0.0141711
0.00138063
0.0146989
0.00165621
0.0151366
0.00217193
0.0154429
0.00285065
0.00365713
0.0157029
0.0100358
-7.30148e-05
0.0100801
-0.000137521
0.0101109
-0.000160707
0.0101281
-0.000160486
0.0101359
-0.000159298
0.0101446
-0.000159286
0.0101498
-0.000163157
0.0101555
-0.00016425
0.0101547
-0.000167332
0.0101533
-0.000166737
0.010145
-0.00016774
0.0101364
-0.000165205
0.0101222
-0.000165593
0.0101079
-0.000162078
0.01009
-0.000162791
0.0100702
-0.000158631
0.0100497
-0.000159655
0.0100247
-0.000154495
0.0100017
-0.000156416
0.00997253
-0.000149253
0.00994621
-0.000152883
0.00991433
-0.000143427
0.0098847
-0.000148052
0.00985057
-0.000138183
0.00981877
-0.000141296
0.00978198
-0.00013317
0.00974937
-0.000133679
0.00971021
-0.00012658
0.00967703
-0.000126939
0.00963682
-0.000117386
0.00960304
-0.000120872
0.0095626
-0.000106926
0.00952964
-0.000113394
0.00948864
-9.70677e-05
0.00945809
-0.000103699
0.00941758
-8.70338e-05
0.00938872
-9.3628e-05
0.00935181
-7.45761e-05
0.00932381
-8.47047e-05
0.00929133
-5.97144e-05
0.00926794
-7.58128e-05
0.00923617
-4.41238e-05
0.00922359
-6.52396e-05
0.00919049
-2.99007e-05
0.00918913
-5.0654e-05
0.00916181
-1.93508e-05
0.00916297
-3.22641e-05
0.00915284
-6.12601e-06
0.0091494
-2.07622e-05
0.00916016
1.89497e-05
0.00916017
-1.73841e-05
0.00918403
4.36979e-05
0.00919795
2.62658e-06
0.00922998
4.7992e-05
0.00925749
4.1056e-05
0.00931228
4.77686e-05
0.00933804
7.58281e-05
0.00943015
6.06469e-05
0.00945434
0.000107482
0.00958338
7.04433e-05
0.00961219
0.000148501
0.00977452
9.65314e-05
0.00983354
0.000160267
0.00999989
0.000146976
0.0101089
0.000226075
0.0103276
9.2329e-05
0.0103701
0.000417273
0.0107668
3.81451e-05
0.0107574
0.000462154
0.011243
0.000179955
0.0113004
0.000496012
0.0118569
0.000214079
0.0119662
0.000741754
0.0127242
0.000181052
0.0127995
0.00104261
0.013893
0.0002871
0.0141158
0.00143339
0.0155404
0.000747396
0.0159517
0.00243932
0.00231609
0.0172927
0.00992699
0.00978946
0.00962876
0.00946827
0.00930897
0.00914969
0.00898653
0.00882228
0.00865495
0.00848821
0.00832047
0.00815527
0.00798967
0.00782759
0.0076648
0.00750617
0.00734652
0.00719202
0.00703561
0.00688635
0.00673347
0.00659004
0.00644199
0.00630381
0.00616251
0.00602934
0.00589566
0.00576908
0.00564214
0.00552476
0.00540389
0.00529696
0.00518357
0.0050865
0.0049828
0.00489577
0.00480214
0.00472756
0.00464286
0.00458314
0.00450733
0.00446321
0.00439797
0.00436807
0.00431741
0.00429806
0.0042658
0.00425967
0.00423891
0.00425786
0.00424047
0.00428417
0.0042868
0.00433479
0.00437585
0.00442362
0.00449944
0.00456009
0.00466757
0.00473802
0.00488652
0.00498305
0.00514332
0.00529029
0.00551637
0.0056087
0.00602597
0.00606411
0.00652627
0.00670622
0.00720223
0.00741631
0.00815807
0.00833912
0.00938173
0.00966883
0.0111022
0.0118496
0.0142889
0.016605
-9.56201e-05
7.88824e-05
-0.000203955
0.000108335
-0.000320682
0.000116727
-0.000357371
3.66888e-05
-0.000346031
-1.13404e-05
-0.000248013
-9.80173e-05
-0.000110643
-0.00013737
1.0634e-05
-0.000121277
0.000140399
-0.000129765
0.00022146
-8.10611e-05
8.49193e-05
0.000136541
-0.00046114
0.000546059
-0.00133379
0.000872648
-0.00207674
0.000742949
-0.00229673
0.000219997
-0.00207776
-0.000218968
-0.00167194
-0.000405825
-0.00114647
-0.00052547
-0.000382124
-0.000764345
-0.000382125
-0.000149776
-5.43994e-05
-0.0001413
9.98599e-05
-0.000348651
0.000324078
-0.000539715
0.000227753
-0.000631614
8.05584e-05
-0.000488452
-0.000241179
-0.00028774
-0.000338082
-0.000148315
-0.000260702
-0.000168851
-0.000109228
-0.000425473
0.000175561
-0.00101978
0.00073085
-0.00170155
0.00122782
-0.00219204
0.00136314
-0.00241582
0.000966727
-0.00237688
0.000181051
-0.00221908
-0.000376761
-0.00196826
-0.000656645
-0.00150176
-0.000991972
-0.00056455
-0.00170155
-0.000946675
-0.000774392
0.000161448
-0.000802645
0.000128113
-0.000789229
0.000310662
-0.000826617
0.000265141
-0.000845415
9.9357e-05
-0.000861763
-0.000224832
-0.000803241
-0.000396605
-0.000712338
-0.000351604
-0.00083837
1.68034e-05
-0.00117007
0.00050726
-0.00147311
0.00103389
-0.00170888
0.0014636
-0.00185431
0.00150857
-0.00192357
0.00103599
-0.00193638
0.000193863
-0.00190955
-0.000403588
-0.00177665
-0.000789545
-0.00143909
-0.00132954
-0.000714715
-0.00242593
-0.00166139
0.0014609
0.00166862
0.000160512
0.0014285
-0.000653138
0.00112431
-0.00109385
0.000705852
-0.0014291
0.000434612
-0.00140122
-0.000252718
-0.0012133
-0.000584522
-0.00107284
-0.000492061
-0.000933848
-0.000122191
-0.000958562
0.000531975
-0.00108644
0.00116177
-0.00117937
0.00155652
-0.00125153
0.00158073
-0.00128078
0.00106524
-0.00135256
0.000265648
-0.00139721
-0.000358939
-0.00134039
-0.000846369
-0.00118071
-0.00148922
-0.000798014
-0.00280862
-0.0024594
0.00573926
0.002483
0.00469413
0.00247364
0.00352708
0.00229136
0.00215917
0.00207376
0.0007769
0.00181688
-0.000344975
0.000869158
-0.00118169
0.000252191
-0.00113604
-0.000537707
-0.000788095
-0.00047014
-0.000525377
0.000269257
-0.000350864
0.000987257
-0.000224864
0.00143052
-0.000134704
0.00149057
-7.81582e-05
0.00100869
-0.000362929
0.000550419
-0.000773675
5.18074e-05
-0.000923263
-0.000696782
-0.000928781
-0.0014837
-0.00081206
-0.00292534
-0.00327146
0.00826655
0.00299216
0.00757265
0.00316754
0.00673944
0.00312457
0.00581529
0.00299791
0.00494423
0.00268794
0.00362571
0.00218768
0.00208999
0.00178791
0.000625509
0.00092677
-8.60946e-06
0.000163979
0.000185957
7.46909e-05
0.000462191
0.000711022
0.000665755
0.00122696
0.000722766
0.00143356
0.00046327
0.00126819
-4.25154e-05
0.0010562
-0.000177094
0.000186386
-0.000103584
-0.000770291
-0.000320004
-0.00126728
-0.000604557
-0.00264079
-0.00387602
0.00961758
0.00336036
0.00923458
0.00355053
0.00873356
0.00362559
0.00812485
0.00360662
0.00738187
0.00343092
0.00626317
0.00330638
0.00533021
0.00272087
0.00389508
0.00236191
0.00221602
0.00184304
0.00122262
0.00106809
0.00113163
0.000802009
0.00138036
0.000978224
0.00151817
0.00129575
0.0014481
0.00133827
0.00160526
0.000899037
0.00174203
4.96164e-05
0.00077267
0.000199073
-0.0001882
-0.000306411
-0.000503372
-0.00232561
-0.00437939
0.0103835
0.00358904
0.0101263
0.00380774
0.00982524
0.00392662
0.00936337
0.00406849
0.00877952
0.00401477
0.00811664
0.00396926
0.00713415
0.00370335
0.00613743
0.00335864
0.0050131
0.00296736
0.00361072
0.00247048
0.00289627
0.00151646
0.00294813
0.000926363
0.00324303
0.00100085
0.00316301
0.00141829
0.00328593
0.00077611
0.00324231
9.32451e-05
0.00213422
0.00130716
0.00141892
0.000408887
0.000622513
-0.0015292
-0.00375688
0.0108238
0.00374033
0.0106338
0.00399773
0.0103699
0.00419056
0.010068
0.00437035
0.00959486
0.00448793
0.00910857
0.00445555
0.0083678
0.00444412
0.00755199
0.00417445
0.00666117
0.00385818
0.00535955
0.00377209
0.00378124
0.00309477
0.00247025
0.00223735
0.00180866
0.00166245
0.00131404
0.00191291
0.000874497
0.00121565
0.000564887
0.000402855
0.00129761
0.000574433
0.00214973
-0.000443225
0.00171946
-0.00109893
-0.00203742
0.011131
0.00388074
0.010961
0.00416768
0.0107131
0.00443847
0.0104666
0.00461681
0.0100797
0.00487492
0.00962015
0.00491506
0.00909517
0.0049691
0.00825716
0.00501247
0.00756618
0.00454916
0.00713896
0.00419931
0.0064001
0.00383363
0.00613784
0.00249961
0.00660436
0.00119593
0.00663079
0.00188648
0.00627256
0.00157389
0.00565806
0.00101736
0.0057604
0.00047209
0.00594517
-0.000627992
0.00459217
0.000254064
0.00255475
0.0114048
0.00405104
0.0112565
0.004316
0.0110048
0.00469013
0.0107136
0.00490801
0.0104195
0.00516904
0.00994836
0.00538618
0.00953402
0.00538344
0.00902962
0.00551687
0.00788309
0.0056957
0.00672359
0.0053588
0.00471097
0.00584625
0.00214794
0.00506265
0.000386635
0.00295723
2.71471e-05
0.00224596
0.000160064
0.00144097
0.00055426
0.000623161
0.00050714
0.000519211
8.24116e-05
-0.000203264
6.90174e-05
0.000267459
0.00262376
0.0117465
0.00419064
0.0115327
0.00452978
0.011321
0.00490191
0.0109742
0.00525477
0.0106566
0.00548667
0.0101766
0.00586611
0.00957066
0.00598942
0.00914231
0.00594522
0.00862219
0.00621581
0.00821161
0.00576938
0.00835072
0.00570714
0.00792813
0.00548524
0.00644329
0.00444207
0.00518376
0.00350549
0.00440811
0.00221662
0.00391427
0.00111701
0.00333469
0.00109878
0.00182259
0.00130884
0.000345381
0.00174467
0.00296914
0.0121301
0.00431136
0.0118714
0.00478846
0.0116466
0.00512678
0.0112666
0.00563476
0.0108541
0.00589914
0.0105125
0.00620771
0.00978301
0.00671892
0.0090694
0.00665883
0.00825048
0.00703473
0.00687987
0.00714
0.00541899
0.00716801
0.00422833
0.00667591
0.00353598
0.00513441
0.00349245
0.00354903
0.00285356
0.00285551
0.00163486
0.00233571
0.00101949
0.00171415
0.000425725
0.00190261
0.000184795
0.0019856
0.00315394
0.0125509
0.00444717
0.0123569
0.00498244
0.0119694
0.0055143
0.0116434
0.00596078
0.0110478
0.00649478
0.0106581
0.00659739
0.0104164
0.00696058
0.00997722
0.00709802
0.00986842
0.00714353
0.00980087
0.00720755
0.00915777
0.00781111
0.0076041
0.00822958
0.00558596
0.00715255
0.00389719
0.0052378
0.00262276
0.00412994
0.00124588
0.00371259
-0.000242033
0.00320207
-0.000875709
0.00253628
-0.00057558
0.00168547
0.00257836
0.0130599
0.00462096
0.012857
0.00518528
0.0125039
0.0058675
0.0120669
0.00639776
0.0114637
0.00709799
0.0105389
0.00752214
0.00972957
0.00776993
0.00860087
0.00822673
0.00710327
0.00864113
0.00624821
0.00806261
0.00641754
0.00764177
0.00645843
0.00818869
0.00529433
0.00831666
0.0035523
0.00697983
0.00239906
0.00528318
0.00141741
0.00469424
5.26666e-05
0.00456681
-0.000783543
0.00337249
-0.00102907
0.00193099
0.00154929
0.0137253
0.00476814
0.0134165
0.00549407
0.0129995
0.00628443
0.0124295
0.00696783
0.0121473
0.0073802
0.0117998
0.00786964
0.0114778
0.00809187
0.0115899
0.00811461
0.0110615
0.00916953
0.00940967
0.00971448
0.00790156
0.00914988
0.00704681
0.00904344
0.0060341
0.00932936
0.00428387
0.00873005
0.00246399
0.00710306
0.00122297
0.00593525
0.000166853
0.00562293
-0.000717817
0.00425716
-0.000908211
0.00212138
0.000641083
0.0145972
0.00478193
0.0142343
0.00585698
0.0135581
0.00696066
0.0126223
0.00790361
0.0114447
0.00855774
0.0102115
0.00910287
0.00868034
0.00962304
0.00776489
0.00903006
0.00827839
0.00865603
0.00852192
0.00947095
0.00790379
0.00976801
0.00724836
0.00969888
0.00640652
0.0101712
0.00501425
0.0101223
0.0030749
0.00904241
0.00125412
0.00775603
0.000109181
0.00676787
-0.000453338
0.00481968
-0.000588489
0.00225653
5.25934e-05
0.0156959
0.00478889
0.0151094
0.00644354
0.0144667
0.00760329
0.0141812
0.00818918
0.0140472
0.0086917
0.0138109
0.00933918
0.0131308
0.0103031
0.0110062
0.0111546
0.0091419
0.0105204
0.00837398
0.0102389
0.00766298
0.010479
0.00701143
0.0103504
0.00647514
0.0107075
0.00543345
0.011164
0.00398562
0.0104902
0.00268194
0.00905971
0.00172473
0.00772508
0.000843192
0.00570122
0.000192842
0.00290688
0.000245435
0.0171683
0.00491335
0.015937
0.00767476
0.0139528
0.00958748
0.0119067
0.0102353
0.0105025
0.0100959
0.0100509
0.00979071
0.0108656
0.00948845
0.0112491
0.0107711
0.0101186
0.011651
0.00897382
0.0113836
0.00801459
0.0114382
0.00705357
0.0113114
0.00656776
0.0111933
0.00613469
0.0115971
0.00506745
0.0115575
0.00371128
0.0104159
0.00252364
0.00891272
0.00144137
0.00678349
0.000634132
0.00371413
0.000879566
0.0175593
0.00395909
0.0184889
0.00674519
0.0185637
0.00951264
0.0173861
0.0114129
0.0149232
0.0125588
0.0119313
0.0127827
0.0100603
0.0113594
0.0100472
0.0107842
0.00991632
0.0117819
0.00915437
0.0121456
0.00836855
0.012224
0.00750985
0.0121701
0.00670012
0.012003
0.00617099
0.0121262
0.00548032
0.0122481
0.00430088
0.0115953
0.00301665
0.010197
0.00189906
0.00790108
0.000886357
0.00472683
0.00176592
0.00682598
-0.00286688
0.0107406
0.00283059
0.0141448
0.00610844
0.0157301
0.00982757
0.0159237
0.0123652
0.0144068
0.0142996
0.0117297
0.0140366
0.00996213
0.0125518
0.00947587
0.0122681
0.00898266
0.0126388
0.00833282
0.0128739
0.00753153
0.0129714
0.0067367
0.0127979
0.00609915
0.0127638
0.00548664
0.0128607
0.00471239
0.0123696
0.00376488
0.0111445
0.00262407
0.00904189
0.00127506
0.00607583
0.00304098
-0.000563922
-0.00230296
0.00318965
-0.000922985
0.00740196
0.00189613
0.0103655
0.00686404
0.0131436
0.00958701
0.0145111
0.0129321
0.0131816
0.0153661
0.0109719
0.0147614
0.00952419
0.0137159
0.00873195
0.013431
0.00810131
0.0135045
0.00747442
0.0135983
0.00675205
0.0135202
0.00613326
0.0133826
0.00558153
0.0134124
0.00483549
0.0131156
0.00386812
0.0121118
0.00271201
0.010198
0.00140268
0.00738516
0.00444367
-0.00149809
-0.000804871
-0.00132001
-0.00110107
0.00192651
-0.00135038
0.00527614
0.00351441
0.00853139
0.00633175
0.0120828
0.00938068
0.0130091
0.0144398
0.0117072
0.0160633
0.0100675
0.0153556
0.00892978
0.0145687
0.0080834
0.0143509
0.00737809
0.0143036
0.00672911
0.0141692
0.00608285
0.0140288
0.00554525
0.01395
0.00496251
0.0136984
0.0041131
0.0129612
0.00296253
0.0113486
0.00153466
0.00881303
0.00597833
-0.000506551
-0.00029832
-0.00117999
-0.00042763
-0.000809619
-0.00172075
0.00187042
0.000834376
0.00375148
0.00445069
0.00809813
0.00503403
0.0111317
0.0114062
0.0115635
0.0156315
0.0104233
0.0164958
0.00906264
0.0159293
0.00797812
0.0154354
0.00708305
0.0151987
0.00631419
0.0149381
0.00569789
0.0146451
0.005086
0.0145619
0.00439932
0.014385
0.00364013
0.0137204
0.00266144
0.0123273
0.00137837
0.0100961
0.0073567
-0.00156735
0.00126903
-0.00198979
-5.19094e-06
-0.00240965
-0.00130089
-0.000198352
-0.00137692
0.000939428
0.00331291
0.00349861
0.00247485
0.00859433
0.00631051
0.0106226
0.0136032
0.0102728
0.0168457
0.00907677
0.0171253
0.00786528
0.0166469
0.00690386
0.0161601
0.00609223
0.0157497
0.00536677
0.0153706
0.00484014
0.0150885
0.00433618
0.014889
0.00361025
0.0144464
0.00263328
0.0133042
0.00135606
0.0113733
0.00871276
-0.000244253
0.00151329
-0.000517989
0.000268544
-0.000892383
-0.000926497
3.38718e-05
-0.00230318
0.00159857
0.00174821
0.0010941
0.00297932
0.00521485
0.00218975
0.00891783
0.00990024
0.00980647
0.015957
0.00901516
0.0179167
0.00785432
0.0178078
0.00677648
0.017238
0.00586116
0.016665
0.00507851
0.0161532
0.00432763
0.0158394
0.0036745
0.0155421
0.00305704
0.0150638
0.00226188
0.0140994
0.00119197
0.0124432
0.00990474
-0.000115206
0.00162849
0.000287156
-0.000133818
0.000985732
-0.00162507
0.000557038
-0.00187448
0.00297272
-0.000667474
0.00305585
0.00289619
0.00362126
0.00162435
0.00720784
0.00631365
0.00877976
0.0143851
0.00847419
0.0182222
0.00743948
0.0188425
0.00637614
0.0183013
0.00546956
0.0175716
0.00468704
0.0169358
0.00409997
0.0164265
0.00356543
0.0160767
0.00290479
0.0157245
0.00208347
0.0149207
0.00105043
0.0134763
0.0109552
0.00080501
0.000823481
0.00138112
-0.00070993
0.00236727
-0.00261122
0.00298099
-0.0024882
0.00492321
-0.0026097
0.0064318
0.00138761
0.00508673
0.00296942
0.00639563
0.00500476
0.00778406
0.0129967
0.00771641
0.0182899
0.00689109
0.0196678
0.00591466
0.0192778
0.00500365
0.0184826
0.00419376
0.0177456
0.00343157
0.0171886
0.00281987
0.0166884
0.00231301
0.0162313
0.0017045
0.0155292
0.00088677
0.014294
0.0118419
0.00105627
-0.000232789
0.00252257
-0.00217623
0.0041079
-0.00419656
0.00600553
-0.00438583
0.00703798
-0.00364214
0.00828134
0.00014424
0.00711808
0.00413268
0.00647439
0.00564844
0.00707644
0.0123946
0.00689294
0.0184734
0.00608927
0.0204714
0.00521376
0.0201533
0.00436699
0.0193294
0.00365465
0.018458
0.0031107
0.0177326
0.00261104
0.017188
0.00207694
0.0167654
0.00147659
0.0161296
0.000731489
0.0150391
0.0125734
0.00165229
-0.00188508
0.00366145
-0.00418539
0.00571644
-0.00625155
0.00763965
-0.00630903
0.00851018
-0.00451268
0.00914152
-0.000487101
0.00850792
0.00476628
0.00688326
0.0072731
0.00635186
0.012926
0.00589478
0.0189305
0.00511909
0.0212471
0.0042575
0.0210149
0.00355801
0.0200289
0.00292629
0.0190897
0.00232759
0.0183313
0.00186279
0.0176528
0.00150305
0.0171251
0.0010843
0.0165483
0.000525126
0.0155983
0.0130985
0.00190628
-0.00379136
0.00409562
-0.00637474
0.00635821
-0.00851414
0.00804887
-0.00799969
0.00851075
-0.00497455
0.00841747
-0.000393824
0.00784853
0.00533522
0.00621158
0.00891006
0.0050232
0.0141144
0.00449944
0.0194542
0.00391028
0.0218363
0.00325245
0.0216727
0.00265749
0.0206238
0.00222873
0.0195185
0.00189958
0.0186605
0.00154856
0.0180038
0.00115989
0.0175138
0.000782917
0.0169253
0.000369413
0.0160118
0.013468
0.00185969
-0.00565105
0.0039298
-0.00844485
0.00565177
-0.0102361
0.00677198
-0.0091199
0.00696537
-0.00516795
0.00651035
6.11948e-05
0.00586157
0.005984
0.00453124
0.0102404
0.00322192
0.0154237
0.00256396
0.0201122
0.00223465
0.0221656
0.00200982
0.0218975
0.00174119
0.0208925
0.00144732
0.0198123
0.00107435
0.0190334
0.000820422
0.0182578
0.000676543
0.0176577
0.000505931
0.0170959
0.000221866
0.0162958
0.0136898
0.00127359
-0.00692464
0.00268492
-0.00985618
0.00369565
-0.0112468
0.00397505
-0.00939929
0.0038548
-0.0050477
0.00328302
0.000632967
0.0027659
0.00650113
0.00181269
0.0111936
0.000788065
0.0164484
0.000219009
0.0206812
0.00019553
0.0221891
0.000334613
0.0217584
0.000496114
0.020731
0.000543841
0.0197646
0.000588769
0.0189885
0.000495414
0.0183511
0.000340437
0.0178127
0.000184933
0.0172514
1.60637e-05
0.0164647
0.0137059
0.000526343
-0.00745099
0.000856743
-0.0101866
0.000902251
-0.0112923
0.000486796
-0.00898384
-5.7512e-05
-0.00450339
-0.000552513
0.00112797
-0.001072
0.00702061
-0.00179674
0.0119183
-0.00233464
0.0169862
-0.00233922
0.0206858
-0.00179436
0.0216442
-0.00122488
0.0211889
-0.000697032
0.0202031
-0.000309393
0.019377
-0.000201599
0.0188807
-0.000124097
0.0182736
-3.20372e-05
0.0177206
2.20735e-05
0.0171973
-2.93674e-05
0.0165162
0.0136765
-0.000395412
-0.00705557
-0.000934148
-0.00964784
-0.00181827
-0.0104082
-0.00278587
-0.00801624
-0.00373269
-0.00355657
-0.00452302
0.0019183
-0.00487363
0.00737123
-0.00528409
0.0123288
-0.00527034
0.0169725
-0.00464258
0.0200581
-0.00353372
0.0205354
-0.00241133
0.0200666
-0.00165836
0.0194501
-0.00106556
0.0187842
-0.000632893
0.018448
-0.000370283
0.018011
-0.000272868
0.0176232
-0.00023138
0.0171558
-0.000211587
0.0164964
0.0134649
-0.00130983
-0.00574574
-0.00270937
-0.00824831
-0.00418332
-0.00893427
-0.00572326
-0.0064763
-0.00708224
-0.0021976
-0.00785918
0.00269524
-0.00807196
0.00758401
-0.0080671
0.0123239
-0.00754352
0.0164489
-0.00622177
0.0187363
-0.00463513
0.0189487
-0.00337128
0.0188027
-0.0021704
0.0182493
-0.00152458
0.0181383
-0.00107623
0.0179997
-0.000752292
0.0176871
-0.00048793
0.0173588
-0.000327853
0.0169957
-0.000235005
0.0164035
0.0132299
-0.0018551
-0.00389064
-0.00386206
-0.00624135
-0.00592072
-0.0068756
-0.00782861
-0.00456841
-0.00935564
-0.00067056
-0.00999516
0.00333476
-0.01019
0.00777881
-0.00991944
0.0120534
-0.00881569
0.0153452
-0.00677293
0.0166936
-0.00525193
0.0174277
-0.00381781
0.0173686
-0.00277283
0.0172043
-0.0019417
0.0173072
-0.00126694
0.0173249
-0.000885439
0.0173056
-0.000662222
0.0171356
-0.000492509
0.016826
-0.000343682
0.0162547
0.0128862
-0.00229364
-0.001597
-0.00465111
-0.00388387
-0.006872
-0.00465472
-0.00889868
-0.00254173
-0.0103374
0.000768195
-0.0109718
0.00396912
-0.0108135
0.00762052
-0.0101861
0.011426
-0.00882189
0.013981
-0.0066606
0.0145323
-0.00539204
0.0161591
-0.00382057
0.0157971
-0.00290321
0.0162869
-0.0019918
0.0163958
-0.00146414
0.0167973
-0.00103927
0.0168807
-0.000676252
0.0167726
-0.000477727
0.0166275
-0.00032913
0.0161061
0.0125571
-0.00244996
0.00085296
-0.00494687
-0.00138696
-0.00711883
-0.00248276
-0.00883774
-0.00082282
-0.0100976
0.00202807
-0.0106854
0.00455695
-0.0102928
0.00722788
-0.00909841
0.0102316
-0.00773596
0.0126186
-0.00619399
0.0129903
-0.0047598
0.0147249
-0.00364251
0.0146798
-0.00274274
0.0153871
-0.00203254
0.0156856
-0.00137479
0.0161395
-0.000935423
0.0164413
-0.000703338
0.0165405
-0.000485909
0.0164101
-0.000288852
0.015909
0.0122683
-0.0024746
0.00332756
-0.00504186
0.0011803
-0.00707877
-0.000445862
-0.00837099
0.000469408
-0.00909474
0.00275182
-0.00939006
0.00485227
-0.00907186
0.00690968
-0.00780109
0.00896081
-0.00637576
0.0111932
-0.00529993
0.0119145
-0.00378062
0.0132056
-0.00315492
0.0140541
-0.00219516
0.0144274
-0.0015342
0.0150246
-0.00114949
0.0157548
-0.000781428
0.0160733
-0.00042897
0.0161881
-0.000264018
0.0162451
-0.000186031
0.015831
0.0120822
-0.00249559
0.00582316
-0.00494625
0.00363095
-0.0069062
0.00151409
-0.00793082
0.00149403
-0.00815673
0.00297773
-0.0079626
0.00465815
-0.00753289
0.00647996
-0.00645731
0.00788523
-0.00508712
0.00982303
-0.00428993
0.0111173
-0.00296088
0.0118766
-0.00223375
0.013327
-0.00168693
0.0138806
-0.00116132
0.014499
-0.000630596
0.0152241
-0.000396188
0.0158389
-0.00031723
0.0161091
-0.000185451
0.0161133
-7.91884e-05
0.0157248
0.012003
-0.00237174
0.0081949
-0.00468951
0.00594871
-0.00660982
0.0034344
-0.00759074
0.00247494
-0.00758865
0.00297565
-0.00692413
0.00399363
-0.00609444
0.00565027
-0.00504989
0.00684068
-0.00378699
0.00856014
-0.00306657
0.0103969
-0.00213551
0.0109455
-0.00141098
0.0126025
-0.00079537
0.013265
-0.000382322
0.014086
-0.000168874
0.0150106
4.17486e-05
0.0156282
0.000219073
0.0159318
0.000205066
0.0161273
0.000107344
0.0158225
0.0121104
-0.00197163
0.0101665
-0.00419427
0.00817135
-0.00610871
0.00534884
-0.00721807
0.00358431
-0.00724809
0.00300567
-0.00635823
0.00310376
-0.00514276
0.0044348
-0.00379183
0.00548975
-0.00244404
0.00721235
-0.00159825
0.00955108
-0.000911074
0.0102584
-0.000458263
0.0121496
-0.000112558
0.0129193
0.000177607
0.0137958
0.000500313
0.0146879
0.000535718
0.0155928
0.000416933
0.0160506
0.000370772
0.0161735
0.000219824
0.0159735
0.0123302
-0.00141583
0.0115824
-0.00333757
0.0100931
-0.00516377
0.00717504
-0.00630869
0.00472923
-0.00648808
0.00318505
-0.00572855
0.00234423
-0.00438766
0.00309391
-0.00277628
0.00387837
-0.00142994
0.00586601
-0.000233083
0.00835423
0.000438944
0.00958632
0.000833729
0.0117549
0.000978409
0.0127746
0.0010561
0.0137181
0.00102479
0.0147192
0.00107749
0.0155401
0.00103907
0.016089
0.000772739
0.0164398
0.000421897
0.0163243
0.0127521
-0.00075284
0.0123352
-0.00218229
0.0115225
-0.00385807
0.00885083
-0.00484728
0.00571844
-0.00495673
0.0032945
-0.00425359
0.00164109
-0.00304007
0.00188039
-0.00162591
0.00246421
-0.000335912
0.004576
0.00108041
0.0069379
0.00172299
0.00894375
0.00228338
0.0111945
0.00209337
0.0129646
0.0018769
0.0139346
0.0018226
0.0147735
0.00158336
0.0157794
0.00124269
0.0164297
0.000974488
0.016708
0.000548813
0.01675
0.0133009
3.33899e-05
0.0123018
-0.000976101
0.012532
-0.00229193
0.0101667
-0.0030022
0.0064287
-0.00272589
0.0030182
-0.00188331
0.000798511
-0.000735288
0.000732365
0.000320376
0.00140855
0.00130508
0.0035913
0.00244382
0.00579916
0.00299661
0.00839096
0.00348561
0.0107055
0.0034926
0.0129576
0.00298944
0.0144378
0.00242925
0.0153337
0.00211215
0.0160965
0.00181346
0.0167283
0.00131585
0.0172057
0.000700175
0.0173656
0.0140011
0.000440172
0.0118616
0.000155131
0.0128171
-0.000647686
0.0109695
-0.000713877
0.00649489
9.53172e-05
0.002209
0.00106703
-0.000173199
0.00227512
-0.000475728
0.00307242
0.000611244
0.00377486
0.00288887
0.00423172
0.00534229
0.00453373
0.00808895
0.00465011
0.0105891
0.00457074
0.013037
0.00408072
0.0149278
0.00346975
0.0159447
0.00278955
0.0167767
0.00209367
0.0174242
0.0015154
0.0177839
0.000826198
0.0180548
0.0148273
0.00108854
0.0107731
0.00144975
0.0124559
0.00109475
0.0113245
0.00185927
0.00573037
0.00332964
0.000738634
0.00461957
-0.00146313
0.00575927
-0.00161542
0.00628617
8.43373e-05
0.00661375
0.00256129
0.00649105
0.00546499
0.00629257
0.00828744
0.00589244
0.0109892
0.00567499
0.0132544
0.00504362
0.0155591
0.00404652
0.0169418
0.00321425
0.0176089
0.00256761
0.0180709
0.00182952
0.018522
0.000953138
0.0189312
0.0157804
0.00228987
0.00848323
0.00185233
0.0128934
0.00273171
0.0104451
0.00493648
0.00352561
0.00705392
-0.00137881
0.00845507
-0.00286428
0.00921335
-0.00237371
0.00943145
-0.000133758
0.00927201
0.00272073
0.00875074
0.00598626
0.00816205
0.00887613
0.00731575
0.0118355
0.00653815
0.014032
0.00594927
0.016148
0.0051081
0.017783
0.0040028
0.0187142
0.0028679
0.0192058
0.00195787
0.019432
0.00104404
0.0198451
0.0168245
0.00147953
0.0070037
0.00141128
0.0129617
0.00503204
0.00682433
0.00851302
4.46277e-05
0.0107113
-0.00357711
0.0117771
-0.00393011
0.0120417
-0.00263826
0.0117678
0.000140188
0.0112504
0.00323807
0.0104795
0.00675717
0.00956243
0.0097932
0.00856449
0.0128335
0.00747319
0.0151233
0.00646828
0.0171529
0.00533196
0.0189193
0.0042252
0.019821
0.00325826
0.0201727
0.00224597
0.0204443
0.00113646
0.0209546
0.0179609
-0.000706669
0.00771036
0.00282179
0.0094332
0.00826836
0.00137776
0.0117716
-0.00345865
0.0134162
-0.00522163
0.0137988
-0.00431278
0.0135531
-0.00239255
0.0128849
0.00080838
0.0121471
0.00397593
0.011344
0.00756029
0.010378
0.0107592
0.00926276
0.0139487
0.00799745
0.0163886
0.00702116
0.0181292
0.00606296
0.0198775
0.00476802
0.0211159
0.00337012
0.0215706
0.00224202
0.0215724
0.00117544
0.0220211
0.0191364
-0.000206341
0.00791671
0.00630662
0.00292023
0.011138
-0.00345365
0.013633
-0.00595358
0.0143518
-0.00594045
0.0142268
-0.00418785
0.0135861
-0.00175183
0.012888
0.00150654
0.0121131
0.00475082
0.0113524
0.00832096
0.0104454
0.0116662
0.00954001
0.014854
0.00829072
0.0176379
0.00699397
0.019426
0.00583123
0.0210402
0.0047512
0.022196
0.00363882
0.022683
0.00243692
0.0227743
0.00120479
0.0232533
0.0203412
0.00277068
0.00514603
0.0088234
-0.00313249
0.0121632
-0.00679345
0.0135526
-0.00734297
0.0137227
-0.00611053
0.0134038
-0.00386899
0.0127552
-0.00110317
0.0120825
0.00217918
0.0114151
0.0054182
0.0107775
0.00895857
0.0099893
0.0124545
0.00912364
0.0157197
0.00810009
0.0186615
0.00704644
0.0204796
0.00605396
0.0220327
0.00479733
0.0234526
0.00345317
0.0240272
0.00229502
0.0239325
0.00117495
0.0243733
0.0215161
0.00517476
-2.87305e-05
0.00922407
-0.0071818
0.0114149
-0.00898426
0.0122352
-0.00816327
0.01233
-0.00620534
0.0119433
-0.00348235
0.0114337
-0.000593485
0.0108665
0.00274634
0.0102979
0.00598676
0.00974072
0.00951581
0.00912885
0.0130663
0.00853527
0.0163133
0.00761257
0.0195842
0.00648804
0.0216041
0.00548235
0.0230384
0.00457981
0.0243551
0.00350559
0.0251014
0.00230702
0.025131
0.00113053
0.0255498
0.0226467
0.00495137
-0.0049801
0.00821215
-0.0104426
0.00988106
-0.0106532
0.0105572
-0.00883937
0.0105905
-0.00623873
0.0103865
-0.00327835
0.00996813
-0.000175064
0.00954321
0.00317125
0.00901963
0.00651034
0.00857831
0.00995712
0.00801913
0.0136255
0.00746558
0.0168668
0.00683824
0.0202115
0.00604572
0.0223967
0.00521418
0.02387
0.00419181
0.0253775
0.00311667
0.0261765
0.00208705
0.0261607
0.00103515
0.0266017
0.0236818
0.00413077
-0.00911087
0.00686695
-0.0131788
0.00823941
-0.0120256
0.00881601
-0.00941598
0.00896658
-0.0063893
0.00893173
-0.0032435
0.00865316
0.000103509
0.00826295
0.00356147
0.00778302
0.00699027
0.00729691
0.0104432
0.00691565
0.0140068
0.00655601
0.0172264
0.00597686
0.0207907
0.00519177
0.0231818
0.00448421
0.0245775
0.00384012
0.0260216
0.00293847
0.0270782
0.00192035
0.0271788
0.000936551
0.0275855
0.0246184
0.00333536
-0.0124462
0.00554308
-0.0153865
0.00670342
-0.013186
0.00728865
-0.0100012
0.00760551
-0.00670616
0.00762806
-0.00326604
0.00754252
0.000189047
0.00715246
0.00395153
0.00667304
0.00746969
0.0062134
0.0109029
0.00571576
0.0145044
0.00534111
0.0176011
0.00500332
0.0211284
0.0045145
0.0236706
0.00394404
0.025148
0.00323388
0.0267317
0.00249372
0.0278183
0.00167168
0.0280008
0.000793641
0.0284636
0.025412
0.00264208
-0.0150883
0.00440648
-0.0171509
0.00538446
-0.014164
0.00600055
-0.0106173
0.00643248
-0.00713809
0.00665783
-0.00349139
0.00655402
0.000292853
0.00624658
0.00425898
0.00574343
0.00797283
0.00523636
0.0114099
0.00486843
0.0148723
0.00451767
0.0179519
0.00411425
0.0215319
0.00362885
0.024156
0.00321502
0.0255618
0.0028308
0.027116
0.00214824
0.0285009
0.00139677
0.0287523
0.000673594
0.0291868
0.0260856
0.00206649
-0.0171548
0.00344085
-0.0185252
0.00427477
-0.0149979
0.00493349
-0.011276
0.00541773
-0.00762233
0.00568432
-0.00375798
0.00562234
0.000354838
0.00535203
0.00452929
0.00494249
0.00838237
0.00441592
0.0119365
0.00385886
0.0154294
0.00348316
0.0183276
0.00325841
0.0217566
0.00297303
0.0244414
0.00261203
0.0259228
0.00216159
0.0275664
0.00172083
0.0289417
0.00112024
0.0293529
0.000476015
0.029831
0.0265616
0.00158003
-0.0187348
0.00263286
-0.0195781
0.00333288
-0.0156979
0.00391877
-0.0118619
0.00440706
-0.00811062
0.00457296
-0.00392389
0.00459702
0.000330786
0.00437892
0.00474738
0.00402207
0.00873921
0.00360691
0.0123517
0.00323733
0.015799
0.00279989
0.018765
0.00244312
0.0221134
0.00214813
0.0247364
0.00195969
0.0261113
0.00176264
0.0277634
0.0012582
0.0294461
0.000784708
0.0298264
0.000357082
0.0302586
0.0269187
0.00115882
-0.0198936
0.00191204
-0.0203313
0.00243227
-0.0162181
0.00294428
-0.0123739
0.00333364
-0.00849998
0.00352517
-0.00411542
0.00344774
0.000408217
0.00335985
0.00483527
0.00315334
0.00894573
0.00276906
0.012736
0.0023387
0.0162294
0.00198873
0.019115
0.00177008
0.022332
0.00160411
0.0249023
0.00135624
0.0263591
0.001045
0.0280747
0.000829772
0.0296613
0.00046251
0.0301936
0.000114107
0.030607
0.0270328
0.000801911
-0.0206956
0.00126805
-0.0207974
0.00159776
-0.0165478
0.00193814
-0.0127143
0.00210014
-0.00866198
0.00215718
-0.00417246
0.00212583
0.000439565
0.00213524
0.00482587
0.00206934
0.00901162
0.00192396
0.0128813
0.0017019
0.0164514
0.001305
0.0195119
0.000989919
0.0226471
0.000803895
0.0250884
0.000727587
0.0264354
0.000601489
0.0282008
0.000226607
0.0300362
-5.7874e-06
0.030426
-0.000119828
0.030721
0.026913
0.00045174
-0.0211473
0.000654574
-0.0210003
0.000752963
-0.0166462
0.000839808
-0.0128012
0.000880717
-0.00870289
0.000818906
-0.00411065
0.000881567
0.000376904
0.0010307
0.00467673
0.00113685
0.00890548
0.00104565
0.0129725
0.000857913
0.0166391
0.00062533
0.0197445
0.00043562
0.0228368
0.000289093
0.0252349
-9.74902e-06
0.0267343
-0.000312289
0.0285033
-0.000394482
0.0301184
-0.000537929
0.0305695
-0.000433766
0.0306169
0.0264792
0.000114946
-0.0212622
4.00443e-05
-0.0209254
-5.23508e-05
-0.0165538
-0.000183025
-0.0126705
-0.000297692
-0.00858822
-0.000394227
-0.00401411
-0.000287435
0.000270112
-8.4236e-05
0.00447354
9.66189e-05
0.00872462
0.000206887
0.0128623
0.000138838
0.0167072
-0.000164517
0.0200478
-0.000473126
0.0231454
-0.000688248
0.02545
-0.000839388
0.0268854
-0.00106906
0.028733
-0.00136407
0.0304134
-0.00128803
0.0304934
-0.000883452
0.0302123
0.0255957
-0.000150017
-0.0211122
-0.000431062
-0.0206443
-0.000784433
-0.0162005
-0.00110743
-0.0123475
-0.00142904
-0.00826661
-0.00153609
-0.00390706
-0.00142497
0.000158994
-0.00102676
0.00407532
-0.000732492
0.00843036
-0.000677583
0.0128073
-0.000787513
0.0168171
-0.0010236
0.0202839
-0.00122385
0.0233457
-0.00140807
0.0256342
-0.00185669
0.027334
-0.00232025
0.0291966
-0.00239238
0.0304856
-0.00226297
0.030364
-0.00160506
0.0295544
0.0239907
-0.000397466
-0.0207148
-0.00091687
-0.0201249
-0.00148022
-0.0156371
-0.00199734
-0.0118304
-0.00241958
-0.00784436
-0.00263418
-0.00369246
-0.00249505
1.98684e-05
-0.00217218
0.00375245
-0.00195044
0.00820861
-0.00182685
0.0126838
-0.00189216
0.0168824
-0.00215103
0.0205428
-0.0024756
0.0236702
-0.00280344
0.0259621
-0.00314095
0.0276716
-0.00352492
0.0295805
-0.00380488
0.0307655
-0.00344978
0.0300089
-0.00218014
0.0282847
0.0218106
-0.000632371
-0.0200824
-0.0013491
-0.0194082
-0.00207761
-0.0149086
-0.00280461
-0.0111034
-0.00341037
-0.00723861
-0.00379772
-0.00330512
-0.00372657
-5.1278e-05
-0.00353946
0.00356534
-0.00338834
0.00805749
-0.00332855
0.012624
-0.0033905
0.0169444
-0.0035566
0.0207089
-0.00372846
0.0238421
-0.00401844
0.026252
-0.00465139
0.0283045
-0.00520082
0.03013
-0.00524517
0.0308099
-0.00497589
0.0297396
-0.00360839
0.0269172
0.0182022
-0.000829887
-0.0192525
-0.00173069
-0.0185074
-0.0026368
-0.0140025
-0.00355505
-0.0101851
-0.00437885
-0.0064148
-0.00493298
-0.00275099
-0.00517917
0.000194907
-0.00524967
0.00363585
-0.00522903
0.00803685
-0.00519163
0.0125866
-0.00524757
0.0170003
-0.00540718
0.0208685
-0.00572852
0.0241634
-0.0062466
0.0267701
-0.00675408
0.028812
-0.00710688
0.0304828
-0.00724092
0.0309439
-0.00693762
0.0294363
-0.00549692
0.0254765
0.0127052
-0.00101983
-0.0182327
-0.00208525
-0.017442
-0.00317006
-0.0129177
-0.00427772
-0.00907746
-0.00529327
-0.00539925
-0.00611778
-0.00192648
-0.00664645
0.000723575
-0.00700744
0.00399683
-0.00727587
0.00830528
-0.00741118
0.0127219
-0.00748948
0.0170786
-0.00763709
0.0210161
-0.00784817
0.0243745
-0.00816931
0.0270913
-0.00872764
0.0293703
-0.00903634
0.0307915
-0.00880289
0.0307104
-0.00828739
0.0289208
-0.00618292
0.0233721
0.00652232
-0.00115229
-0.0170804
-0.00230165
-0.0162926
-0.00349277
-0.0117266
-0.00472404
-0.00784619
-0.00589487
-0.00422842
-0.00703261
-0.000788733
-0.00794334
0.0016343
-0.00869588
0.00474937
-0.00920439
0.0088138
-0.00943229
0.0129498
-0.00960779
0.0172541
-0.0097672
0.0211755
-0.0100003
0.0246076
-0.0103476
0.0274385
-0.0104637
0.0294865
-0.0102875
0.0306153
-0.00989068
0.0303136
-0.00842593
0.0274561
-0.00493812
0.0198843
0.0015842
-0.00123444
-0.0158459
-0.00241761
-0.0151094
-0.00361012
-0.010534
-0.00495134
-0.00650497
-0.0062876
-0.00289216
-0.00759445
0.000518119
-0.00884405
0.0028839
-0.00986203
0.00576735
-0.0106148
0.00956658
-0.0110989
0.0134339
-0.0113364
0.0174916
-0.0114367
0.0212758
-0.0114385
0.0246094
-0.0112517
0.0272518
-0.0110488
0.0292835
-0.0105424
0.0301089
-0.00933599
0.0291072
-0.00738706
0.0255072
-0.00342788
0.0159251
-0.00184368
-0.00127935
-0.0145666
-0.00252693
-0.0138618
-0.0037061
-0.00935488
-0.00504404
-0.00516702
-0.00641665
-0.00151955
-0.00778779
0.00188926
-0.00923968
0.0043358
-0.0104656
0.00699324
-0.0113937
0.0104947
-0.011889
0.0139292
-0.0120947
0.0176974
-0.0120772
0.0212582
-0.0118785
0.0244107
-0.0115765
0.0269498
-0.0108745
0.0285815
-0.00977488
0.0290093
-0.00835218
0.0276845
-0.00559585
0.0227508
-0.00183924
0.0121685
-0.00368292
-0.00126917
-0.0132974
-0.00245678
-0.0126742
-0.00361217
-0.00819949
-0.00488769
-0.0038915
-0.00619259
-0.00021465
-0.00762131
0.00331798
-0.00910479
0.00581928
-0.010313
0.00820148
-0.0111983
0.0113799
-0.0117771
0.014508
-0.0120009
0.0179212
-0.0118615
0.0211188
-0.0114124
0.0239616
-0.0105533
0.0260907
-0.00952077
0.027549
-0.00823573
0.0277243
-0.00612115
0.0255699
-0.00367427
0.020304
-0.000989311
0.00948352
-0.00467223
-0.00122973
-0.0120677
-0.00233235
-0.0115716
-0.00334243
-0.00718941
-0.00449411
-0.00273983
-0.00570493
0.000996176
-0.00696661
0.00457965
-0.00836038
0.00721305
-0.00954982
0.00939091
-0.0104967
0.0123268
-0.0110048
0.0150161
-0.0110374
0.0179538
-0.0106861
0.0207675
-0.0100305
0.023306
-0.00919649
0.0252567
-0.00791599
0.0262685
-0.0061727
0.025981
-0.00443923
0.0238364
-0.00197411
0.0178388
2.03734e-05
0.00748904
-0.00465186
-0.00112673
-0.010941
-0.00215158
-0.0105468
-0.00300039
-0.0063406
-0.0039846
-0.00175562
-0.00505217
0.00206374
-0.00610548
0.00563296
-0.00738721
0.00849479
-0.00848529
0.010489
-0.00918408
0.0130256
-0.00952505
0.015357
-0.00949093
0.0179197
-0.00910894
0.0203855
-0.00835105
0.0225481
-0.00712459
0.0240302
-0.00569154
0.0248354
-0.00422349
0.0245129
-0.00216951
0.0217825
-0.000673692
0.016343
0.000214524
0.00660082
-0.00443734
-0.00104134
-0.00989964
-0.00194291
-0.00964519
-0.00265053
-0.00563298
-0.00343953
-0.000966618
-0.00433144
0.00295565
-0.00518238
0.0064839
-0.00621754
0.00952995
-0.00706976
0.0113412
-0.00767794
0.0136338
-0.00798202
0.0156611
-0.0078322
0.0177699
-0.00723053
0.0197838
-0.00630877
0.0216263
-0.00531861
0.0230401
-0.00398442
0.0235012
-0.00227805
0.0228066
-0.00100881
0.0205132
0.000446208
0.014888
0.00079664
0.00625039
-0.0036407
-0.00090922
-0.00899041
-0.00171757
-0.00883684
-0.00225549
-0.00509506
-0.00281559
-0.000406517
-0.00353425
0.00367432
-0.00413639
0.00708604
-0.00489556
0.0102891
-0.00566925
0.0121149
-0.00611077
0.0140753
-0.00622193
0.0157723
-0.00592791
0.0174759
-0.00540185
0.0192578
-0.00458464
0.0208091
-0.00336788
0.0218233
-0.00201558
0.0221489
-0.000870092
0.0216611
0.000525061
0.0191181
0.00085722
0.0145558
0.000631559
0.00647605
-0.00300914
-0.000818794
-0.00817162
-0.00149076
-0.00816487
-0.00188635
-0.00469947
-0.00223739
-5.54776e-05
-0.00276698
0.0042039
-0.00317895
0.00749802
-0.00372353
0.0108337
-0.00426622
0.0126576
-0.0045598
0.0143689
-0.00464677
0.0158592
-0.00442808
0.0172572
-0.00379612
0.0186258
-0.00286063
0.0198736
-0.00199493
0.0209576
-0.000945714
0.0210997
0.00034421
0.0203712
0.00107878
0.0183835
0.00198335
0.0136513
0.00190754
0.00655186
-0.0011016
-0.000703579
-0.00746804
-0.0012778
-0.00759065
-0.00155281
-0.00442445
-0.00174333
0.000135045
-0.00206569
0.00452626
-0.00232283
0.00775516
-0.00256346
0.0110743
-0.00298646
0.0130806
-0.00320613
0.0145886
-0.00319365
0.0158468
-0.00281553
0.0168791
-0.00230448
0.0181148
-0.00161545
0.0191846
-0.000628857
0.019971
0.000418367
0.0200525
0.00118961
0.0195999
0.00184242
0.0177307
0.00110765
0.014386
-0.000100479
0.00775998
-0.00120208
-0.000604067
-0.00686397
-0.00111858
-0.00707614
-0.00130311
-0.00423992
-0.00130917
0.000141104
-0.00142873
0.00464582
-0.00150026
0.00782669
-0.00157292
0.011147
-0.00182051
0.0133282
-0.00191797
0.014686
-0.00188737
0.0158162
-0.00168141
0.0166731
-0.0011358
0.0175692
-0.000409956
0.0184587
0.000191005
0.0193701
0.000867056
0.0193764
0.00165438
0.0188126
0.00198415
0.0174009
0.00265163
0.0137186
0.00226786
0.00814375
0.00106579
-0.0005658
-0.00629817
-0.00098454
-0.0066574
-0.00108251
-0.00414195
-0.000965155
2.37442e-05
-0.000876991
0.00455766
-0.000880378
0.00783008
-0.000721724
0.0109883
-0.000825138
0.0134316
-0.000891854
0.0147527
-0.000837592
0.0157619
-0.000488946
0.0163245
-0.000102438
0.0171827
0.00042564
0.0179307
0.00114818
0.0186475
0.00184975
0.0186749
0.0022678
0.0183945
0.00250523
0.0171635
0.00173339
0.0144904
0.000748717
0.00912842
0.00181451
-0.000461216
-0.00583696
-0.000869037
-0.00624958
-0.000924237
-0.00408675
-0.000720145
-0.000180349
-0.000438132
0.00427564
-0.000278893
0.00767084
-3.65434e-05
0.010746
2.38515e-05
0.0133712
0.000109962
0.0146666
0.000177757
0.0156941
0.000334861
0.0161674
0.000794453
0.0167231
0.00132301
0.0174021
0.00169821
0.0182723
0.00199148
0.0183816
0.00241422
0.0179718
0.00251584
0.0170618
0.00228726
0.014719
0.0010836
0.0103321
0.0028981
-0.000474017
-0.00536294
-0.00082682
-0.00589678
-0.000826307
-0.00408726
-0.000520346
-0.000486309
-0.000110574
0.00386587
0.000145395
0.00741487
0.000591437
0.0102999
0.000802849
0.0131598
0.000880473
0.014589
0.00102239
0.0155522
0.00121943
0.0159703
0.00144564
0.0164969
0.00184748
0.0170003
0.00237298
0.0177468
0.00285275
0.0179018
0.00289791
0.0179267
0.00278873
0.017171
0.00243013
0.0150776
0.00257852
0.0101837
0.00547662
-0.000435183
-0.00492776
-0.000776923
-0.00555504
-0.000775282
-0.0040889
-0.000388701
-0.000872889
0.000121453
0.00335572
0.000471631
0.00706469
0.00100081
0.00977076
0.00136372
0.0127969
0.00164506
0.0143077
0.00173764
0.0154596
0.00187786
0.0158301
0.0022334
0.0161413
0.00260717
0.0166265
0.0028546
0.0174994
0.00290763
0.0178488
0.00316018
0.0176741
0.0030658
0.0172654
0.00216089
0.0159825
0.000199399
0.0121452
0.00567602
-0.000446884
-0.00448087
-0.00077438
-0.00522754
-0.00074935
-0.00411393
-0.000319833
-0.00130241
0.000266027
0.00276986
0.000694757
0.00663596
0.0013189
0.00914661
0.00186949
0.0122463
0.00212369
0.0140535
0.00245903
0.0151243
0.0026138
0.0156753
0.00271993
0.0160352
0.00300443
0.016342
0.00344869
0.0170551
0.00382746
0.01747
0.00355517
0.0179464
0.00319969
0.0176209
0.00284584
0.0163364
0.00260083
0.0123902
0.00827685
-0.000427339
-0.00405354
-0.000757013
-0.00489787
-0.000764508
-0.00410644
-0.000328456
-0.00173846
0.000304393
0.00213701
0.000873126
0.00606723
0.00147344
0.0085463
0.00220533
0.0115144
0.00268715
0.0135716
0.00290756
0.0149039
0.00312838
0.0154545
0.00344997
0.0157136
0.0037347
0.0160573
0.0039176
0.0168722
0.00394955
0.017438
0.00425577
0.0176402
0.00400896
0.0178677
0.00286905
0.0174763
0.000723432
0.0145358
0.00900029
-0.000325499
-0.00372804
-0.000664724
-0.00455864
-0.000784803
-0.00398636
-0.000381203
-0.00214206
0.000305877
0.00144993
0.00100484
0.00536827
0.00160867
0.00794247
0.00248351
0.0106395
0.00295213
0.013103
0.00349501
0.014361
0.00374353
0.015206
0.00388909
0.0155681
0.00413427
0.0158121
0.00461353
0.016393
0.00501817
0.0170334
0.00468099
0.0179774
0.00445081
0.0180979
0.00379903
0.0181281
0.00310035
0.0152345
0.0121006
-0.000194926
-0.00353311
-0.000453803
-0.00429977
-0.000695513
-0.00374465
-0.000434894
-0.00240268
0.000266379
0.000748654
0.00106762
0.00456703
0.0015911
0.00741898
0.00258534
0.00964531
0.00325996
0.0124284
0.00373236
0.0138886
0.00415599
0.0147824
0.00455867
0.0151654
0.00487592
0.0154948
0.00503638
0.0162325
0.0053196
0.0167502
0.00580112
0.0174958
0.00548083
0.0184182
0.00433873
0.0192702
0.00140682
0.0181664
0.0135075
-1.48201e-05
-0.00351829
-0.000128172
-0.00418641
-0.000421362
-0.00345146
-0.000393274
-0.00243077
0.000313007
4.2373e-05
0.00115435
0.00372569
0.00166354
0.00690979
0.0025948
0.00871405
0.00337051
0.0116527
0.0041247
0.0131344
0.00457253
0.0143345
0.00492848
0.0148094
0.00535817
0.0150651
0.00596052
0.0156302
0.00636448
0.0163462
0.00629787
0.0175624
0.00646953
0.0182465
0.00640094
0.0193387
0.0052859
0.0192814
0.0187934
0.000149367
-0.00366766
0.000212508
-0.00424955
-6.87391e-05
-0.00317021
-0.00027814
-0.00222136
0.00025665
-0.000492417
0.00110419
0.00287814
0.00160762
0.00640637
0.00243775
0.00788391
0.00332965
0.0107608
0.0041618
0.0123023
0.00489403
0.0136023
0.00549611
0.0142073
0.00596902
0.0145922
0.00629021
0.015309
0.00699186
0.0156446
0.00797444
0.0165799
0.00778931
0.0184316
0.00708552
0.0200425
0.00539699
0.02097
0.0241904
0.000235205
-0.00390286
0.000413907
-0.00442825
0.000319824
-0.00307613
-5.53812e-05
-0.00184616
0.000151653
-0.000699451
0.000925528
0.00210427
0.00157947
0.00575243
0.00220463
0.00725874
0.00335018
0.00961526
0.00426367
0.0113888
0.00504423
0.0128217
0.0058178
0.0134338
0.00664271
0.0137673
0.00758849
0.0143632
0.00786488
0.0153682
0.00855301
0.0158917
0.0101751
0.0168096
0.0102622
0.0199554
0.0115115
0.0197207
0.0233342
0.0123677
0.000254198
-0.00415706
0.000423647
-0.0045977
0.000508195
-0.00316068
0.000140774
-0.00147874
4.06141e-05
-0.00059929
0.000662696
0.00148218
0.00143081
0.00498432
0.00189133
0.00679822
0.00287762
0.00862897
0.00417027
0.0100961
0.00523422
0.0117578
0.00616946
0.0124985
0.00679069
0.0131461
0.0078615
0.0132924
0.00925334
0.0139763
0.00968727
0.0154578
0.0116786
0.0148182
0.0132513
0.0183827
0.0180334
0.0149386
0.0236578
0.0177098
0.000275367
-0.00443243
0.000367684
-0.00469002
0.000434057
-0.00322705
0.000230271
-0.00127495
-7.26793e-05
-0.000296339
0.000230766
0.00117874
0.00110325
0.00411183
0.00178029
0.00612119
0.00283939
0.00756986
0.00381463
0.00912088
0.00515599
0.0104164
0.00654923
0.0111053
0.00779938
0.0118959
0.00849649
0.0125953
0.0103028
0.01217
0.0111052
0.0146554
0.0143267
0.0115968
0.0141117
0.0185977
0.0184996
0.0105507
0.0200854
0.0220719
0.00024684
-0.00467927
0.000248926
-0.00469211
0.000157269
-0.00313539
2.51599e-05
-0.00114284
-0.000259178
-1.20017e-05
-0.000202388
0.00112195
0.000670876
0.00323856
0.00135248
0.00543959
0.00216462
0.00675772
0.00329021
0.00799529
0.00531783
0.00838882
0.00591371
0.0105094
0.00806001
0.00974962
0.00869807
0.0119572
0.0114882
0.0093799
0.0111125
0.0150311
0.0157639
0.0069454
0.0166779
0.0176837
0.0177006
0.00952804
0.0147786
0.0230074
7.7475e-05
-0.00475674
-6.60971e-05
-0.00454854
-0.000201654
-0.00299984
-0.000284058
-0.00106044
-0.000628762
0.000332702
-0.000630776
0.00112396
0.000126839
0.00248095
0.00101272
0.00455371
0.00222969
0.00554074
0.0024198
0.00780518
0.00542562
0.00538301
0.00619979
0.00973523
0.00918413
0.00676528
0.00885765
0.0122837
0.0127884
0.0054491
0.0129066
0.014913
0.0144548
0.00539716
0.0181528
0.0139856
0.0181327
0.00954822
0.0110782
0.021833
-0.000239886
-0.00451686
-0.000615513
-0.00417291
-0.000923542
-0.00269181
-0.0010436
-0.000940378
-0.0012331
0.0005222
-0.00137981
0.00127067
-0.00062326
0.0017244
0.000337659
0.00359279
0.000999532
0.00487887
0.00140517
0.00739954
0.00473317
0.00205501
0.00502423
0.00944416
0.00945404
0.00233547
0.00958277
0.012155
0.0118217
0.00321015
0.0146047
0.01213
0.0144423
0.00555955
0.0180572
0.0103707
0.0187248
0.00888059
0.00871333
0.0210898
-0.000653595
-0.00386326
-0.00126229
-0.00356421
-0.0017056
-0.00224849
-0.00190538
-0.000740598
-0.00187271
0.000489531
-0.00181441
0.00121237
-0.00139423
0.00130422
-0.000282606
0.00248116
0.000480746
0.00411552
0.00124686
0.00663343
0.0052292
-0.00192734
0.00513439
0.00953897
0.00773886
-0.000268993
0.0103702
0.00952366
0.0105861
0.00299419
0.013798
0.00891815
0.0141852
0.00517234
0.0173759
0.00718001
0.0191925
0.00706404
0.0066032
0.0213026
-0.001207
-0.00265627
-0.00222106
-0.00255015
-0.00277674
-0.00169281
-0.00298369
-0.000533655
-0.00275305
0.000258895
-0.00220856
0.000667876
-0.00140545
0.000501109
0.000746049
0.000329665
0.0002425
0.00461907
0.000376783
0.00649915
0.0030521
-0.00460265
0.00450052
0.00809055
0.00397585
0.000255677
0.00842916
0.00507035
0.00917084
0.00225251
0.0123647
0.00572433
0.0135672
0.00396984
0.0162649
0.0044823
0.0186777
0.00465122
0.00428334
0.0209975
-0.0013659
-0.00129037
-0.00263717
-0.00127888
-0.00332822
-0.00100176
-0.00341612
-0.000445756
-0.002989
-0.000168222
-0.00208711
-0.000234011
-0.000981681
-0.000604321
-0.000453748
-0.000198268
0.000239087
0.00392623
0.00177489
0.00496335
0.00135005
-0.00417781
0.00477867
0.00466193
0.00372392
0.00131042
0.00668729
0.00210698
0.00790962
0.00103018
0.0110191
0.00261488
0.0128871
0.00210185
0.0152063
0.00216306
0.0176046
0.00225292
0.00198916
0.0198988
-0.00129037
-0.00256925
-0.00357101
-0.00401676
-0.00418498
-0.00441899
-0.00502332
-0.00522158
-0.00129535
0.00366799
-0.000509815
0.00415211
0.00546254
0.00756952
0.0085997
0.0112146
0.0133164
0.0154795
0.0177324
0.0197216
0.000318255
0.0120494
0.000181101
0.000137154
0.0045279
-0.0043468
-0.00068657
0.00521447
-0.00471557
0.004029
-0.00680349
0.00208791
-0.00835219
0.0015487
-0.0101834
0.00183121
-0.0118497
0.00166626
-0.0132459
0.00139629
-0.0147664
0.00152045
-0.016212
0.00144557
-0.017715
0.00150306
-0.0185506
0.000835551
-0.0184969
-5.36806e-05
-0.0180082
-0.000488704
-0.0171412
-0.000867032
-0.0160428
-0.0010984
-0.0143113
-0.00173144
-0.0117748
-0.00253656
-0.00913978
-0.00263498
-0.00668229
-0.00245749
-0.00370795
-0.00297434
-0.00111283
-0.00259512
0.00131012
-0.00242295
0.00334188
-0.00203176
0.00504632
-0.00170444
0.00655052
-0.0015042
0.00791574
-0.00136522
0.00871991
-0.000804171
0.00857151
0.000148403
0.00755092
0.00102058
0.00597958
0.00157134
0.00400382
0.00197576
0.00136975
0.00263407
-0.00146581
0.00283556
-0.00426697
0.00280117
-0.00677715
0.00251018
-0.00875482
0.00197767
-0.0103338
0.00157895
-0.0113024
0.00096865
-0.0118898
0.000587383
-0.0120105
0.000120742
-0.0117635
-0.000247087
-0.0111584
-0.000605036
-0.0103019
-0.00085652
-0.00924461
-0.00105729
-0.00805682
-0.00118779
-0.00667073
-0.00138609
-0.00525685
-0.00141388
-0.00384153
-0.00141533
-0.00233675
-0.00150477
-0.000743672
-0.00159308
0.000852306
-0.00159598
0.00227527
-0.00142296
0.00362104
-0.00134577
0.00493588
-0.00131484
0.00598805
-0.00105217
0.00682167
-0.000833617
0.00750459
-0.00068292
0.00792094
-0.00041635
0.00812962
-0.000208687
0.00815375
-2.41224e-05
0.00800705
0.000146696
0.00775982
0.00024723
0.00743198
0.000327836
0.00707121
0.000360772
0.00672493
0.000346284
0.00640205
0.000322882
0.00608414
0.000317908
0.00580798
0.000276158
0.00554929
0.000258685
0.00533385
0.000215441
0.00515183
0.000182021
0.0050496
0.000102232
0.00499719
5.24124e-05
0.00500612
-8.92737e-06
0.00507391
-6.77953e-05
0.00517423
-0.000100317
-0.000156247
0.0123866
0.0173726
-0.0021503
0.0146741
-0.00993257
0.00343546
-0.00803742
0.00331932
-0.00589103
0.00188262
-0.00334999
-0.000453128
-0.00222238
0.000421093
-0.00331746
0.00292629
-0.00458657
0.00293537
-0.00623963
0.00304935
-0.00770744
0.00298826
-0.00891286
0.00265098
-0.00937812
0.00196832
-0.00960285
0.00106027
-0.00963405
-2.24805e-05
-0.00921717
-0.000905583
-0.0082016
-0.00188259
-0.00687839
-0.00242162
-0.0052
-0.00340983
-0.00347703
-0.00425952
-0.00147343
-0.00463858
0.000936206
-0.00486713
0.00304162
-0.00507975
0.0052428
-0.0047963
0.00712201
-0.00430217
0.00878927
-0.00369901
0.0100769
-0.00299212
0.0108954
-0.00232261
0.0113288
-0.00179864
0.0116411
-0.00111652
0.0118488
-5.93115e-05
0.0115863
0.00128316
0.010293
0.00286465
0.0080274
0.00424132
0.00544566
0.00521581
0.00290626
0.00537496
0.000734939
0.00497249
-0.000967067
0.00421218
-0.00239425
0.00340485
-0.00341201
0.00259671
-0.00409459
0.00165123
-0.00433176
0.00082455
-0.00416978
-4.12327e-05
-0.00372835
-0.000688522
-0.00304232
-0.00129106
-0.00213884
-0.00176
-0.00100011
-0.00219602
0.000209579
-0.00239747
0.00151158
-0.00268809
0.00287187
-0.00277417
0.00436282
-0.00290628
0.00579896
-0.00294091
0.00721565
-0.00300977
0.00856041
-0.00294074
0.00998787
-0.00285042
0.0112531
-0.00261095
0.0123454
-0.00240714
0.0133509
-0.00205767
0.0141863
-0.00166903
0.0148216
-0.00131825
0.0153787
-0.000973493
0.0157773
-0.000607267
0.0160694
-0.000316248
0.0162152
9.16984e-07
0.0162311
0.000231351
0.0161076
0.000451319
0.0158838
0.000584581
0.0155228
0.000707256
0.0150982
0.000747528
0.0146466
0.000769447
0.0142066
0.00071624
0.0138364
0.000628844
0.0135448
0.000507056
0.0133636
0.000363172
0.0132477
0.000218206
0.0132451
5.49332e-05
0.0132939
-5.76474e-05
0.0134138
-0.000187685
0.0135632
-0.000249746
-0.000320004
0.022561
0.0168835
0.0228273
0.0144078
0.0151214
0.0111413
0.00971271
0.00872806
0.00525142
0.0063439
0.00234792
0.00245037
0.000402787
0.00236622
0.000515673
0.00281341
0.00119281
0.00225824
0.00203802
0.00220414
0.00288483
0.00214145
0.00369805
0.00183777
0.00436886
0.00129751
0.00491254
0.000516593
0.00532484
-0.000434783
0.00574316
-0.0013239
0.00630253
-0.00244197
0.00729441
-0.00341349
0.00835044
-0.00446587
0.00945397
-0.00536305
0.0108031
-0.0059877
0.0122143
-0.00627833
0.0133482
-0.00621362
0.0143456
-0.00579374
0.0151323
-0.00508887
0.0156585
-0.00422525
0.0159065
-0.00324012
0.0156223
-0.00203841
0.0145844
-0.000760673
0.0129942
0.000473609
0.0116337
0.00130124
0.0109826
0.00193429
0.0110463
0.00280091
0.011229
0.00405859
0.0110701
0.00537476
0.0104302
0.00601485
0.00941255
0.00599012
0.00831706
0.00530767
0.00736973
0.00435218
0.00671651
0.00324993
0.00636728
0.00200046
0.00630671
0.000885126
0.00649343
-0.00022796
0.00694288
-0.00113797
0.00764517
-0.00199335
0.00847381
-0.00258865
0.00942609
-0.00314829
0.0104798
-0.0034512
0.0115633
-0.00377158
0.0126823
-0.00389322
0.0138608
-0.00408472
0.0150473
-0.00412737
0.0161972
-0.00415973
0.0173233
-0.00406682
0.0184063
-0.0039334
0.0193875
-0.00359221
0.0201798
-0.00319942
0.020826
-0.00270384
0.0213692
-0.00221226
0.0217454
-0.0016944
0.0220134
-0.00124147
0.0221865
-0.000780427
0.0222718
-0.000401575
0.0223165
-4.37473e-05
0.0222712
0.00027666
0.0221791
0.000543431
0.0220581
0.000705529
0.0219298
0.000835587
0.0217725
0.000904843
0.02163
0.000911963
0.0214619
0.000884361
0.0213189
0.000771766
0.0211701
0.000655885
0.0210599
0.000473357
0.0209706
0.000307477
0.0209152
0.000110375
0.020899
-4.14141e-05
0.0209133
-0.000202047
0.0209512
-0.000287654
-0.000388717
0.0253642
0.0145267
0.0262298
0.0135422
0.0256357
0.0117354
0.025471
0.00889276
0.024861
0.00695388
0.0220968
0.00521458
0.0203183
0.00414471
0.0194143
0.00371745
0.0182912
0.00338132
0.0177342
0.00276116
0.0175997
0.00227591
0.0176865
0.00175101
0.0179047
0.00107925
0.0181619
0.000259463
0.0184114
-0.00068432
0.018881
-0.00179347
0.0193586
-0.0029196
0.0199411
-0.00399599
0.0204938
-0.00501859
0.0210185
-0.00588774
0.0215059
-0.0064751
0.0218927
-0.00666506
0.022118
-0.006439
0.0222308
-0.00590647
0.0222882
-0.00514631
0.0222188
-0.00415581
0.022073
-0.00309433
0.0219542
-0.00191964
0.0219446
-0.000751079
0.0218572
0.000561073
0.0214002
0.00175819
0.0204733
0.00286117
0.0193963
0.00387791
0.0185791
0.00487581
0.0181927
0.00576119
0.0179819
0.00622565
0.0177816
0.00619042
0.0174441
0.00564512
0.0170947
0.00470164
0.0168104
0.00353417
0.0165925
0.00221835
0.0165294
0.000948238
0.0166831
-0.000381663
0.0170263
-0.00148113
0.0175136
-0.0024807
0.0181261
-0.00320106
0.0187913
-0.00381351
0.019531
-0.00419089
0.020295
-0.0045356
0.0210569
-0.00465516
0.0218462
-0.00487405
0.0226387
-0.00491981
0.0234357
-0.00495676
0.0242393
-0.00487044
0.0250003
-0.00469439
0.0256622
-0.00425414
0.026196
-0.00373319
0.026615
-0.0031228
0.0269276
-0.00252492
0.0271543
-0.00192108
0.0272668
-0.00135398
0.0273439
-0.000857495
0.0273472
-0.000404882
0.0273032
2.79191e-07
0.0271908
0.000389042
0.0270843
0.000649933
0.02693
0.000859792
0.0267927
0.000972908
0.0266332
0.00106435
0.0265057
0.00103949
0.0263789
0.00101111
0.0262753
0.000875332
0.0261793
0.000751932
0.026102
0.000550628
0.0260308
0.000378665
0.025974
0.000167173
0.0259291
3.47758e-06
0.0258919
-0.00016479
0.0258655
-0.000261252
-0.000372776
0.0249879
0.0113717
0.0274641
0.0110661
0.0292015
0.00999802
0.0300597
0.00803453
0.0303303
0.00668328
0.0299358
0.00560907
0.0296753
0.00440526
0.0298444
0.00354827
0.0300116
0.00321417
0.0300011
0.0027716
0.0300843
0.00219272
0.0302221
0.00161323
0.0303672
0.000934167
0.0303983
0.00022836
0.0304938
-0.000779787
0.0305423
-0.001842
0.0304997
-0.00287696
0.0303558
-0.00385208
0.0300965
-0.00475934
0.0296892
-0.00548047
0.0291366
-0.00592243
0.0284477
-0.00597622
0.0277355
-0.00572682
0.0270106
-0.00518153
0.0263181
-0.0044538
0.0256966
-0.00353437
0.0252191
-0.0026168
0.0249095
-0.00161001
0.0246665
-0.000508085
0.0245963
0.000631233
0.0246692
0.00168531
0.0248517
0.00267863
0.0250422
0.00368751
0.0252682
0.0046498
0.0256043
0.00542506
0.0259576
0.00587239
0.0262915
0.00585651
0.0265222
0.00541437
0.026665
0.0045589
0.0267323
0.00346683
0.0267584
0.00219228
0.0267353
0.000971307
0.0267431
-0.000389514
0.0267753
-0.00151332
0.0268214
-0.00252675
0.0269138
-0.00329349
0.0270185
-0.0039182
0.0271776
-0.00435003
0.0273461
-0.00470404
0.0275426
-0.00485162
0.0277927
-0.00512417
0.028072
-0.0051991
0.028425
-0.0053098
0.0288662
-0.00531163
0.0293063
-0.00513453
0.0296603
-0.0046081
0.0299183
-0.00399118
0.0301095
-0.00331398
0.0302082
-0.00262365
0.030244
-0.00195688
0.0301994
-0.00130939
0.030144
-0.00080204
0.030035
-0.00029588
0.0299146
0.000120679
0.0297656
0.00053795
0.02965
0.000765601
0.0295064
0.00100334
0.0293961
0.00108328
0.0292843
0.00117612
0.0292003
0.00112353
0.0291216
0.00108973
0.0290551
0.000941858
0.0289958
0.000811229
0.0289402
0.000606203
0.0288854
0.000433509
0.0288294
0.00022311
0.0287548
7.8111e-05
0.0286874
-9.74137e-05
0.0286133
-0.000187154
-0.000279243
0.0237264
0.00873515
0.0264636
0.00832879
0.0287181
0.00774353
0.0300257
0.0067269
0.0310067
0.00570237
0.0318715
0.00474422
0.0324793
0.00379743
0.0330354
0.00299221
0.0337003
0.00254929
0.0342156
0.00225624
0.0345432
0.00186519
0.034793
0.00136335
0.0349787
0.000748476
0.0351342
7.28931e-05
0.035101
-0.00074662
0.03485
-0.00159098
0.0344248
-0.00245171
0.0338141
-0.0032414
0.0329866
-0.00393188
0.0319626
-0.00445644
0.0307982
-0.00475802
0.0295982
-0.00477622
0.0284486
-0.00457724
0.027407
-0.00413993
0.0265152
-0.00356202
0.0258092
-0.0028283
0.0252189
-0.00202655
0.0247642
-0.00115529
0.0245709
-0.00031482
0.0246236
0.000578558
0.0249339
0.00137502
0.0254593
0.00215324
0.0262249
0.00292187
0.0271771
0.00369759
0.0282862
0.00431602
0.029424
0.00473453
0.0304931
0.00478742
0.0314231
0.00448442
0.0321299
0.00385209
0.0326387
0.00295798
0.0329309
0.00190009
0.033052
0.000850258
0.032991
-0.000328532
0.0328078
-0.00133016
0.0325273
-0.00224622
0.0321886
-0.00295482
0.0318109
-0.00354049
0.0314852
-0.00402434
0.0311608
-0.00437966
0.030944
-0.00463484
0.0308163
-0.00499648
0.0307453
-0.00512803
0.0308452
-0.00540976
0.0310779
-0.00554431
0.0313301
-0.00538673
0.0315044
-0.0047824
0.031588
-0.00407472
0.0315718
-0.00329778
0.0314673
-0.00251921
0.0313026
-0.00179211
0.0311108
-0.00111763
0.0309102
-0.000601466
0.0306522
-3.78609e-05
0.0304219
0.000350937
0.0302062
0.00075373
0.0300259
0.0009459
0.0298543
0.00117491
0.0297348
0.00120279
0.0296253
0.00128566
0.0295553
0.0011935
0.0294877
0.00115733
0.0294408
0.000988742
0.0293811
0.000870915
0.0293293
0.000658038
0.0292458
0.000516977
0.029156
0.000312972
0.0290388
0.000195315
0.0289294
1.19115e-05
0.0287973
-5.50712e-05
-0.000145752
0.0236098
0.00642791
0.0258877
0.00605097
0.0279558
0.00567535
0.0296292
0.00505352
0.0309692
0.00436239
0.0321228
0.00359063
0.0330293
0.00289087
0.033694
0.00232754
0.034363
0.00188029
0.0349973
0.00162194
0.0354749
0.00138764
0.0358065
0.00103175
0.036009
0.000545991
0.0361284
-4.65378e-05
0.0360024
-0.00062059
0.0356781
-0.0012667
0.0351335
-0.00190719
0.0343879
-0.0024958
0.0334526
-0.00299652
0.0323777
-0.00338157
0.0312293
-0.00360964
0.0301054
-0.00365228
0.0290494
-0.00352124
0.0281271
-0.00321759
0.0273445
-0.00277949
0.0267071
-0.00219085
0.0262136
-0.0015331
0.0259163
-0.000857999
0.0257421
-0.000140578
0.0258093
0.000511341
0.0260337
0.00115066
0.0264534
0.00173348
0.0271023
0.00227299
0.0279768
0.00282308
0.0290666
0.00322624
0.0302926
0.00350852
0.0315344
0.00354568
0.0326928
0.00332594
0.0336519
0.00289303
0.0343823
0.00222761
0.0348383
0.00144408
0.0350696
0.000618959
0.0350195
-0.000278467
0.0347525
-0.00106311
0.0343435
-0.00183723
0.0338088
-0.00242017
0.0332277
-0.00295936
0.0326653
-0.00346191
0.0321165
-0.00383085
0.0317645
-0.00428283
0.0314836
-0.00471565
0.0313483
-0.00499271
0.031427
-0.00548849
0.0315295
-0.00564675
0.031575
-0.00543221
0.0315465
-0.00475391
0.0314225
-0.00395074
0.0310839
-0.00295917
0.030638
-0.00207338
0.0301363
-0.00129033
0.0297103
-0.000691672
0.0292818
-0.00017294
0.0288812
0.000362742
0.0285195
0.000712643
0.0282542
0.00101898
0.0280188
0.00118131
0.0278481
0.00134563
0.0277246
0.00132625
0.0276311
0.00137922
0.0275859
0.00123869
0.0275383
0.00120491
0.0275282
0.000998798
0.0274953
0.000903852
0.0274801
0.00067318
0.0274264
0.000570771
0.0273834
0.000355948
0.0272936
0.000285121
0.0272182
8.72325e-05
0.0271022
6.09386e-05
-2.758e-05
0.0233078
0.00411765
0.0253953
0.00396347
0.02736
0.00371063
0.0291124
0.0033011
0.0306221
0.00285269
0.0318458
0.00236694
0.0328069
0.00192978
0.0335672
0.00156732
0.0342028
0.00124467
0.0347984
0.00102631
0.0353034
0.000882642
0.0356719
0.000663278
0.0358698
0.000348103
0.0358664
-4.32184e-05
0.0356814
-0.000435509
0.0353047
-0.000890032
0.034718
-0.00132052
0.033945
-0.00172276
0.0330243
-0.00207581
0.0320021
-0.00235942
0.0309196
-0.00252715
0.0298487
-0.00258132
0.0288348
-0.00250738
0.0279272
-0.00231002
0.0271552
-0.00200742
0.0265738
-0.00160949
0.0261585
-0.00111782
0.0259057
-0.000605182
0.0258908
-0.000125633
0.0260099
0.00039219
0.0263425
0.000818068
0.0268487
0.00122731
0.0275217
0.0016
0.0283845
0.00196029
0.0293961
0.00221464
0.0305216
0.00238295
0.0316942
0.00237314
0.0327961
0.00222403
0.0337714
0.0019177
0.034534
0.00146504
0.0350493
0.000928743
0.0353312
0.000337073
0.0353246
-0.000271895
0.0351078
-0.000846231
0.0346899
-0.00141938
0.0341275
-0.00185775
0.0335218
-0.00235368
0.0328176
-0.00275775
0.0321405
-0.0031537
0.0315859
-0.00372828
0.0309829
-0.00411266
0.0307362
-0.00474599
0.030679
-0.00543131
0.0302821
-0.00524983
0.0296872
-0.00483727
0.0290368
-0.00410352
0.0282702
-0.00318418
0.027358
-0.0020469
0.026457
-0.00117238
0.0255781
-0.000411439
0.0248451
4.12803e-05
0.024196
0.000476197
0.0237525
0.00080626
0.0233574
0.00110768
0.0231663
0.00121007
0.0230168
0.00133083
0.0230075
0.0013549
0.0230032
0.00133063
0.0230945
0.00128789
0.0232148
0.00111834
0.0233442
0.00107561
0.0235162
0.00082679
0.0236567
0.000763356
0.0237926
0.000537238
0.023905
0.000458379
0.0239873
0.000273676
0.0240664
0.000206003
0.0241076
4.59861e-05
0.0241219
4.66453e-05
-3.73232e-05
0.0221745
0.00184193
0.0243242
0.0018138
0.026334
0.00170076
0.028159
0.00147618
0.0297583
0.00125334
0.0310678
0.00105746
0.0321432
0.000854394
0.0330329
0.000677591
0.0337538
0.000523741
0.0343674
0.000412691
0.0349045
0.000345634
0.0353103
0.000257433
0.035535
0.000123421
0.0355392
-4.74162e-05
0.0353936
-0.000289923
0.0350208
-0.000517255
0.0344422
-0.000741925
0.0336818
-0.00096232
0.0327734
-0.0011674
0.0317395
-0.00132555
0.0306309
-0.00141851
0.0294987
-0.0014492
0.0284122
-0.00142087
0.0274235
-0.00132127
0.0265837
-0.00116765
0.0259079
-0.000933675
0.0254107
-0.000620609
0.0251201
-0.000314553
0.0250059
-1.14402e-05
0.0251617
0.0002364
0.0255014
0.000478332
0.0260515
0.000677239
0.0267885
0.000862939
0.0277137
0.00103511
0.0287622
0.00116612
0.0299025
0.00124269
0.0310641
0.00121151
0.0321515
0.00113669
0.0331253
0.000943878
0.0338859
0.000704461
0.0343878
0.000426796
0.0346489
7.603e-05
0.034588
-0.000210993
0.0343195
-0.00057775
0.0337835
-0.000883393
0.033048
-0.00112225
0.0321926
-0.00149832
0.0310811
-0.00164622
0.0299427
-0.00201531
0.02866
-0.00244554
0.027141
-0.00259369
0.0259268
-0.00353177
0.0248708
-0.00437531
0.023614
-0.00399311
0.0218948
-0.00311799
0.0199461
-0.00215489
0.0179348
-0.0011728
0.0161209
-0.000233039
0.0145296
0.000418892
0.0133747
0.000743508
0.0126766
0.000739388
0.0124061
0.000746627
0.0124795
0.00073285
0.0127838
0.00080343
0.0132258
0.000768045
0.0137985
0.000758143
0.0144008
0.000752628
0.0150242
0.00070725
0.0156761
0.000635923
0.0162245
0.000569943
0.016778
0.000522154
0.0172416
0.000363212
0.0176532
0.000351716
0.0179338
0.00025663
0.0182319
0.000160259
0.018315
0.000190571
0.01846
6.09871e-05
0.0184754
3.06171e-05
0.0184508
7.12578e-05
-6.09065e-05
0.0215635
0.0233773
0.0250781
0.0265542
0.0278076
0.028865
0.0297194
0.030397
0.0309208
0.0313334
0.0316791
0.0319365
0.0320599
0.0320125
0.0317226
0.0312053
0.0304634
0.0295011
0.0283337
0.0270081
0.0255896
0.0241404
0.0227196
0.0213983
0.0202306
0.019297
0.0186764
0.0183618
0.0183504
0.0185868
0.0190651
0.0197423
0.0206053
0.0216404
0.0228065
0.0240492
0.0252607
0.0263974
0.0273413
0.0280457
0.0284725
0.0285486
0.0283376
0.0277598
0.0268764
0.0257542
0.0242558
0.0226096
0.0205943
0.0181488
0.0155551
0.0120233
0.00764802
0.00365491
0.000536922
-0.00161797
-0.00279077
-0.00302381
-0.00260492
-0.00186141
-0.00112202
-0.000375398
0.000357452
0.00116088
0.00192893
0.00268707
0.0034397
0.00414695
0.00478287
0.00535281
0.00587497
0.00623818
0.0065899
0.00684653
0.00700679
0.00719736
0.00725834
0.00728896
0.00736022
)
;

boundaryField
{
    inlet
    {
        type            calculated;
        value           nonuniform List<scalar> 
20
(
-0.01
-0.01
-0.01
-0.01
-0.01
-0.01
-0.01
-0.01
-0.01
-0.01
-0.01
-0.01
-0.01
-0.01
-0.01
-0.01
-0.01
-0.01
-0.01
-0.01
)
;
    }
    outlet
    {
        type            calculated;
        value           nonuniform List<scalar> 10(0.00533047 0.0137269 0.02102 0.0258495 0.0285198 0.0286639 0.0269841 0.0241317 0.0184744 0.00729931);
    }
    walls
    {
        type            calculated;
        value           uniform 0;
    }
    frontAndBack
    {
        type            empty;
        value           nonuniform List<scalar> 0();
    }
}


// ************************************************************************* //
