/*--------------------------------*- C++ -*----------------------------------*\
| =========                 |                                                 |
| \\      /  F ield         | OpenFOAM: The Open Source CFD Toolbox           |
|  \\    /   O peration     | Version:  2306                                  |
|   \\  /    A nd           | Website:  www.openfoam.com                      |
|    \\/     M anipulation  |                                                 |
\*---------------------------------------------------------------------------*/
FoamFile
{
    version     2.0;
    format      ascii;
    arch        "LSB;label=32;scalar=64";
    class       volVectorField;
    location    "0.4";
    object      U;
}
// * * * * * * * * * * * * * * * * * * * * * * * * * * * * * * * * * * * * * //

dimensions      [0 1 -1 0 0 0 0];

internalField   nonuniform List<vector> 
4400
(
(9.9018 0.0455002 0)
(9.80628 0.0987396 0)
(9.7001 0.120947 0)
(9.57016 0.125819 0)
(9.4182 0.124462 0)
(9.25216 0.123478 0)
(9.08064 0.124117 0)
(8.90817 0.125702 0)
(8.73729 0.126967 0)
(8.56777 0.127418 0)
(8.40016 0.126858 0)
(8.23331 0.125553 0)
(8.06801 0.12376 0)
(7.90319 0.121748 0)
(7.74006 0.119658 0)
(7.57754 0.117541 0)
(7.41706 0.115429 0)
(7.25746 0.113259 0)
(7.10019 0.111068 0)
(6.94405 0.108762 0)
(6.79032 0.106469 0)
(6.638 0.104017 0)
(6.48811 0.101646 0)
(6.33991 0.0990943 0)
(6.19407 0.0966875 0)
(6.05016 0.0940979 0)
(5.90861 0.0916582 0)
(5.76908 0.089103 0)
(5.63199 0.0866717 0)
(5.49679 0.0842088 0)
(5.36429 0.0818191 0)
(5.23335 0.0794904 0)
(5.10541 0.0772297 0)
(4.97844 0.0750663 0)
(4.85473 0.0729816 0)
(4.73135 0.0709912 0)
(4.61131 0.0692198 0)
(4.49093 0.0675055 0)
(4.37367 0.0661781 0)
(4.25537 0.0648589 0)
(4.1397 0.0641448 0)
(4.02224 0.063418 0)
(3.90668 0.0634538 0)
(3.78839 0.0634865 0)
(3.67115 0.0643528 0)
(3.54987 0.0653403 0)
(3.42867 0.0671156 0)
(3.30164 0.0692387 0)
(3.17365 0.0720223 0)
(3.0376 0.0754092 0)
(2.89935 0.0793523 0)
(2.75049 0.0840547 0)
(2.59793 0.0892896 0)
(2.43203 0.0952521 0)
(2.26064 0.101738 0)
(2.07324 0.108683 0)
(1.8785 0.116002 0)
(1.66542 0.123185 0)
(1.44369 0.130243 0)
(1.20207 0.136073 0)
(0.951833 0.140478 0)
(0.681629 0.141342 0)
(0.404461 0.134234 0)
(0.127215 0.103793 0)
(-0.125003 0.0483603 0)
(-0.373229 -0.0339242 0)
(-0.550559 -0.126289 0)
(-0.668632 -0.235117 0)
(-0.679296 -0.358011 0)
(-0.61706 -0.49574 0)
(-0.419148 -0.61989 0)
(-0.164726 -0.703175 0)
(0.119054 -0.567891 0)
(0.274999 -0.219443 0)
(0.382645 0.458277 0)
(-0.312039 0.910797 0)
(-0.485784 0.3221 0)
(-0.0477075 -0.082664 0)
(0.260932 -0.0909742 0)
(0.063856 -0.200712 0)
(10.0003 0.0612002 0)
(10.0317 0.137428 0)
(10.0698 0.173636 0)
(10.1048 0.184941 0)
(10.1328 0.18617 0)
(10.1497 0.186245 0)
(10.1593 0.188263 0)
(10.1606 0.192 0)
(10.1595 0.195866 0)
(10.1534 0.199187 0)
(10.1471 0.201009 0)
(10.1364 0.202114 0)
(10.1257 0.202044 0)
(10.1102 0.201914 0)
(10.0946 0.201248 0)
(10.0741 0.200777 0)
(10.0536 0.200042 0)
(10.0285 0.199419 0)
(10.0033 0.19857 0)
(9.97431 0.197669 0)
(9.94475 0.196669 0)
(9.91217 0.19541 0)
(9.87848 0.194282 0)
(9.84258 0.19275 0)
(9.80507 0.191441 0)
(9.76584 0.189834 0)
(9.72492 0.188257 0)
(9.68225 0.186722 0)
(9.63829 0.184913 0)
(9.59199 0.183506 0)
(9.54533 0.181527 0)
(9.49524 0.180319 0)
(9.44598 0.178264 0)
(9.39201 0.17735 0)
(9.33985 0.175362 0)
(9.28214 0.174751 0)
(9.22645 0.173107 0)
(9.16508 0.17288 0)
(9.10501 0.171848 0)
(9.03978 0.17218 0)
(8.97446 0.171965 0)
(8.9046 0.173159 0)
(8.83322 0.174059 0)
(8.75739 0.176472 0)
(8.67914 0.178832 0)
(8.59537 0.182889 0)
(8.50922 0.187042 0)
(8.415 0.19326 0)
(8.31937 0.199555 0)
(8.21187 0.208423 0)
(8.10427 0.217314 0)
(7.98042 0.229264 0)
(7.85733 0.241229 0)
(7.71359 0.256602 0)
(7.57062 0.271966 0)
(7.4028 0.290945 0)
(7.23482 0.309642 0)
(7.03794 0.331995 0)
(6.83935 0.353212 0)
(6.60798 0.377816 0)
(6.37292 0.399168 0)
(6.10182 0.422744 0)
(5.82449 0.43871 0)
(5.51023 0.453435 0)
(5.19343 0.452202 0)
(4.84555 0.447419 0)
(4.47325 0.415833 0)
(4.0647 0.382017 0)
(3.59804 0.32285 0)
(3.0708 0.280918 0)
(2.39404 0.21676 0)
(1.57071 0.221557 0)
(0.527552 0.153942 0)
(-0.158567 -0.0059687 0)
(-0.553182 0.0384859 0)
(-0.488604 -0.0718788 0)
(-0.142853 -0.681705 0)
(-0.438226 -0.798105 0)
(-0.311115 -0.00965681 0)
(-0.288125 0.602222 0)
(10 0.026808 0)
(10.0167 0.0697123 0)
(10.0429 0.0999056 0)
(10.0746 0.117528 0)
(10.1085 0.126764 0)
(10.1391 0.13194 0)
(10.1675 0.13578 0)
(10.1907 0.140488 0)
(10.2133 0.14516 0)
(10.2327 0.150577 0)
(10.2537 0.154674 0)
(10.2728 0.158927 0)
(10.2938 0.161487 0)
(10.3125 0.164332 0)
(10.3329 0.165922 0)
(10.3505 0.168029 0)
(10.3695 0.169279 0)
(10.3856 0.171064 0)
(10.4029 0.17219 0)
(10.4176 0.173545 0)
(10.4328 0.174737 0)
(10.4463 0.175371 0)
(10.4595 0.176845 0)
(10.4715 0.176715 0)
(10.4825 0.178396 0)
(10.4927 0.177821 0)
(10.5017 0.179445 0)
(10.5097 0.178825 0)
(10.5168 0.18021 0)
(10.5217 0.179813 0)
(10.5271 0.180866 0)
(10.5288 0.180938 0)
(10.5322 0.181723 0)
(10.5305 0.182372 0)
(10.5313 0.183259 0)
(10.5266 0.184255 0)
(10.5236 0.185981 0)
(10.5167 0.187036 0)
(10.5085 0.190322 0)
(10.4999 0.191414 0)
(10.4852 0.196686 0)
(10.4749 0.198223 0)
(10.453 0.205725 0)
(10.4404 0.208528 0)
(10.4112 0.218227 0)
(10.3944 0.223547 0)
(10.3583 0.235192 0)
(10.3351 0.244479 0)
(10.292 0.258066 0)
(10.2603 0.272319 0)
(10.2095 0.288589 0)
(10.1673 0.308147 0)
(10.107 0.328379 0)
(10.0527 0.353315 0)
(9.98025 0.378623 0)
(9.9118 0.408978 0)
(9.82414 0.439925 0)
(9.7384 0.475346 0)
(9.63222 0.511406 0)
(9.5246 0.550524 0)
(9.39615 0.589113 0)
(9.25966 0.627971 0)
(9.10417 0.663502 0)
(8.92857 0.693469 0)
(8.73748 0.716746 0)
(8.50972 0.727467 0)
(8.26159 0.732872 0)
(7.95293 0.726315 0)
(7.62433 0.731211 0)
(7.20967 0.742881 0)
(6.77328 0.796441 0)
(6.22845 0.873456 0)
(5.6766 0.988547 0)
(4.99825 0.982961 0)
(4.41073 0.893556 0)
(3.39263 0.716983 0)
(2.66421 0.458205 0)
(1.21435 0.232156 0)
(-0.216398 -0.207908 0)
(-0.42247 -0.295487 0)
(10.0002 0.0189074 0)
(10.0098 0.0525394 0)
(10.0281 0.0808155 0)
(10.0505 0.101053 0)
(10.0785 0.114891 0)
(10.1045 0.122954 0)
(10.1326 0.128514 0)
(10.1553 0.132467 0)
(10.1804 0.136305 0)
(10.2004 0.140356 0)
(10.2245 0.143853 0)
(10.2444 0.147734 0)
(10.2693 0.150104 0)
(10.29 0.153045 0)
(10.3156 0.154287 0)
(10.3367 0.156412 0)
(10.3624 0.157104 0)
(10.3833 0.158848 0)
(10.4086 0.159396 0)
(10.4295 0.160832 0)
(10.454 0.16154 0)
(10.475 0.162401 0)
(10.4987 0.163598 0)
(10.5197 0.16371 0)
(10.5425 0.165401 0)
(10.5632 0.165041 0)
(10.5849 0.166918 0)
(10.6051 0.166634 0)
(10.6256 0.168325 0)
(10.6447 0.16859 0)
(10.6644 0.169808 0)
(10.6817 0.171168 0)
(10.7008 0.171645 0)
(10.7158 0.174632 0)
(10.734 0.174267 0)
(10.7466 0.17914 0)
(10.7637 0.178323 0)
(10.7736 0.185028 0)
(10.7892 0.184484 0)
(10.7965 0.192812 0)
(10.8097 0.193524 0)
(10.8151 0.203121 0)
(10.8246 0.206459 0)
(10.8285 0.216744 0)
(10.8337 0.224238 0)
(10.8357 0.234907 0)
(10.8367 0.247617 0)
(10.8356 0.259344 0)
(10.833 0.277456 0)
(10.8271 0.291804 0)
(10.8221 0.315104 0)
(10.8092 0.333793 0)
(10.8028 0.362329 0)
(10.781 0.38667 0)
(10.7736 0.420842 0)
(10.7413 0.451527 0)
(10.7325 0.491834 0)
(10.6879 0.528629 0)
(10.6765 0.575132 0)
(10.6177 0.616515 0)
(10.5995 0.667594 0)
(10.5244 0.710961 0)
(10.4911 0.761732 0)
(10.3938 0.8038 0)
(10.3335 0.846903 0)
(10.1993 0.886448 0)
(10.0972 0.922675 0)
(9.90577 0.968827 0)
(9.74745 1.01573 0)
(9.48433 1.08598 0)
(9.25374 1.1679 0)
(8.91122 1.27308 0)
(8.59665 1.3708 0)
(8.15213 1.45532 0)
(7.72126 1.47464 0)
(7.13566 1.51158 0)
(6.51234 1.4844 0)
(5.7638 1.533 0)
(4.82339 1.52156 0)
(3.66041 1.30107 0)
(10.0007 0.0135103 0)
(10.0062 0.0382561 0)
(10.0204 0.0606746 0)
(10.036 0.0775995 0)
(10.0594 0.0907948 0)
(10.0806 0.0986408 0)
(10.1068 0.104698 0)
(10.1277 0.108013 0)
(10.1531 0.111494 0)
(10.1724 0.114344 0)
(10.1971 0.117262 0)
(10.2161 0.120546 0)
(10.2413 0.122583 0)
(10.261 0.125786 0)
(10.287 0.126622 0)
(10.3075 0.129514 0)
(10.334 0.129438 0)
(10.3546 0.132249 0)
(10.381 0.131671 0)
(10.402 0.134529 0)
(10.4277 0.133848 0)
(10.4493 0.13647 0)
(10.4743 0.136278 0)
(10.4964 0.138084 0)
(10.5205 0.138922 0)
(10.5428 0.139599 0)
(10.5661 0.141679 0)
(10.5885 0.141414 0)
(10.6109 0.144504 0)
(10.6325 0.143792 0)
(10.655 0.147517 0)
(10.6746 0.147093 0)
(10.6979 0.15099 0)
(10.7145 0.151576 0)
(10.7389 0.155342 0)
(10.7523 0.157418 0)
(10.7776 0.16128 0)
(10.7875 0.164933 0)
(10.8137 0.169466 0)
(10.82 0.174634 0)
(10.8466 0.180624 0)
(10.8499 0.18719 0)
(10.8757 0.195699 0)
(10.8768 0.20341 0)
(10.9012 0.215535 0)
(10.9 0.224656 0)
(10.9234 0.240773 0)
(10.9188 0.25265 0)
(10.9423 0.272494 0)
(10.9336 0.288706 0)
(10.9574 0.312548 0)
(10.945 0.333998 0)
(10.9683 0.362821 0)
(10.9535 0.390006 0)
(10.9745 0.424809 0)
(10.9601 0.458183 0)
(10.976 0.499246 0)
(10.9637 0.5399 0)
(10.9734 0.5851 0)
(10.9609 0.635645 0)
(10.9658 0.680256 0)
(10.9464 0.741973 0)
(10.9456 0.783828 0)
(10.9129 0.852016 0)
(10.8966 0.895677 0)
(10.8461 0.965957 0)
(10.7995 1.01849 0)
(10.7223 1.10126 0)
(10.6387 1.16632 0)
(10.5151 1.27894 0)
(10.3982 1.36353 0)
(10.2066 1.50412 0)
(10.0594 1.61364 0)
(9.77426 1.74492 0)
(9.59235 1.86205 0)
(9.16565 1.95164 0)
(8.92501 2.05633 0)
(8.26352 2.0963 0)
(7.89374 2.17659 0)
(6.89148 2.15109 0)
(10.0007 0.00970244 0)
(10.0047 0.0280243 0)
(10.0157 0.0447815 0)
(10.0283 0.0586981 0)
(10.0472 0.0699487 0)
(10.0659 0.0776491 0)
(10.0888 0.0834633 0)
(10.1094 0.0869467 0)
(10.1331 0.090168 0)
(10.1531 0.0926148 0)
(10.1767 0.0949978 0)
(10.1963 0.0978642 0)
(10.2206 0.099406 0)
(10.2403 0.10273 0)
(10.2659 0.103052 0)
(10.2855 0.106539 0)
(10.3127 0.105761 0)
(10.3316 0.109361 0)
(10.3601 0.107909 0)
(10.3781 0.111653 0)
(10.4074 0.110027 0)
(10.4247 0.113669 0)
(10.4546 0.112525 0)
(10.4709 0.115393 0)
(10.5017 0.115489 0)
(10.5167 0.117023 0)
(10.5483 0.118852 0)
(10.5619 0.118962 0)
(10.594 0.12249 0)
(10.6063 0.121507 0)
(10.6389 0.126572 0)
(10.6494 0.12507 0)
(10.6825 0.131262 0)
(10.6909 0.130084 0)
(10.7243 0.136721 0)
(10.7309 0.136968 0)
(10.7642 0.143601 0)
(10.7689 0.145966 0)
(10.8022 0.15259 0)
(10.8045 0.157643 0)
(10.8381 0.164177 0)
(10.8377 0.172884 0)
(10.8712 0.179277 0)
(10.869 0.191909 0)
(10.9009 0.199774 0)
(10.8987 0.214794 0)
(10.9273 0.22718 0)
(10.9267 0.24317 0)
(10.9508 0.261558 0)
(10.9526 0.279895 0)
(10.9726 0.303101 0)
(10.9761 0.327064 0)
(10.9937 0.353226 0)
(10.9976 0.386015 0)
(11.0144 0.413723 0)
(11.0187 0.457236 0)
(11.0341 0.487384 0)
(11.0406 0.539061 0)
(11.0523 0.577127 0)
(11.0625 0.630468 0)
(11.068 0.681397 0)
(11.0802 0.734786 0)
(11.0793 0.794425 0)
(11.0845 0.856509 0)
(11.0817 0.917504 0)
(11.0643 0.995051 0)
(11.0626 1.06672 0)
(11.0102 1.15192 0)
(11.0074 1.25795 0)
(10.9074 1.34743 0)
(10.9104 1.48997 0)
(10.7389 1.60833 0)
(10.7636 1.75597 0)
(10.5 1.924 0)
(10.5359 2.04718 0)
(10.1775 2.24328 0)
(10.1511 2.32962 0)
(9.70838 2.53708 0)
(9.49495 2.57673 0)
(9.01117 2.82417 0)
(10.0004 0.00663198 0)
(10.0042 0.02055 0)
(10.0125 0.0322 0)
(10.0243 0.0434786 0)
(10.0392 0.0520097 0)
(10.0571 0.0589946 0)
(10.0765 0.0639829 0)
(10.0972 0.06725 0)
(10.1188 0.0703168 0)
(10.1396 0.0719396 0)
(10.1622 0.0744384 0)
(10.1822 0.0759297 0)
(10.2063 0.0780824 0)
(10.2253 0.0798296 0)
(10.2517 0.0812939 0)
(10.2693 0.0831375 0)
(10.2988 0.0838266 0)
(10.3141 0.0857613 0)
(10.3468 0.0857498 0)
(10.3594 0.0881014 0)
(10.3949 0.0874973 0)
(10.4051 0.0904736 0)
(10.4426 0.0895401 0)
(10.4509 0.0927409 0)
(10.4896 0.0922042 0)
(10.497 0.0949236 0)
(10.5356 0.0956289 0)
(10.5432 0.0972691 0)
(10.5802 0.0996938 0)
(10.5893 0.100132 0)
(10.6237 0.104545 0)
(10.6343 0.10398 0)
(10.6664 0.110289 0)
(10.6776 0.109279 0)
(10.708 0.116953 0)
(10.7192 0.116719 0)
(10.7482 0.124872 0)
(10.7587 0.126766 0)
(10.7872 0.13461 0)
(10.7958 0.139835 0)
(10.8249 0.146911 0)
(10.8306 0.156597 0)
(10.8604 0.162544 0)
(10.864 0.177662 0)
(10.893 0.182781 0)
(10.8965 0.203361 0)
(10.923 0.209504 0)
(10.9282 0.23396 0)
(10.95 0.244509 0)
(10.9599 0.270468 0)
(10.9748 0.289095 0)
(10.9912 0.314444 0)
(10.9998 0.344428 0)
(11.0207 0.367586 0)
(11.0269 0.411227 0)
(11.0491 0.432408 0)
(11.0555 0.48894 0)
(11.0785 0.511998 0)
(11.0848 0.576773 0)
(11.1079 0.607646 0)
(11.1152 0.676951 0)
(11.1335 0.716862 0)
(11.1453 0.795815 0)
(11.1508 0.838781 0)
(11.1719 0.935409 0)
(11.1509 0.987169 0)
(11.1908 1.09066 0)
(11.126 1.18036 0)
(11.1892 1.27261 0)
(11.0769 1.41789 0)
(11.1513 1.51131 0)
(11.0014 1.69502 0)
(11.0718 1.81442 0)
(10.8936 2.02291 0)
(10.9348 2.15177 0)
(10.7443 2.39955 0)
(10.7023 2.49569 0)
(10.5105 2.7928 0)
(10.3311 2.86272 0)
(10.1239 3.15229 0)
(10.0001 0.00441694 0)
(10.0038 0.0140727 0)
(10.0106 0.0219265 0)
(10.0216 0.030071 0)
(10.0344 0.0361511 0)
(10.0512 0.0413256 0)
(10.0688 0.045459 0)
(10.0888 0.0476119 0)
(10.1096 0.0508359 0)
(10.1298 0.0510504 0)
(10.1529 0.054208 0)
(10.1717 0.0538285 0)
(10.1973 0.056995 0)
(10.2141 0.0567558 0)
(10.243 0.0594747 0)
(10.2574 0.0595064 0)
(10.2902 0.0615673 0)
(10.3014 0.0618657 0)
(10.3383 0.0632141 0)
(10.3464 0.0641651 0)
(10.3863 0.0646752 0)
(10.3924 0.0668101 0)
(10.4334 0.066265 0)
(10.4391 0.0697109 0)
(10.4795 0.0683669 0)
(10.4864 0.0728342 0)
(10.5246 0.0712499 0)
(10.5339 0.0762058 0)
(10.5682 0.0750117 0)
(10.5814 0.0800042 0)
(10.6109 0.0800117 0)
(10.6281 0.0845489 0)
(10.653 0.0863297 0)
(10.6728 0.0903746 0)
(10.6946 0.0939669 0)
(10.716 0.0981106 0)
(10.735 0.103436 0)
(10.7575 0.107857 0)
(10.7741 0.115511 0)
(10.7972 0.12014 0)
(10.8121 0.130294 0)
(10.8346 0.136627 0)
(10.8491 0.147437 0)
(10.8699 0.158552 0)
(10.885 0.168164 0)
(10.9034 0.185647 0)
(10.9201 0.194883 0)
(10.9353 0.217955 0)
(10.9541 0.228924 0)
(10.9676 0.256858 0)
(10.9853 0.271335 0)
(11.0027 0.303479 0)
(11.0138 0.323879 0)
(11.0402 0.358893 0)
(11.0433 0.387544 0)
(11.0767 0.424994 0)
(11.0779 0.463646 0)
(11.1103 0.501724 0)
(11.1184 0.556153 0)
(11.1415 0.588544 0)
(11.1625 0.665247 0)
(11.1706 0.694044 0)
(11.2075 0.784043 0)
(11.1954 0.829647 0)
(11.2499 0.917141 0)
(11.2132 0.991609 0)
(11.2837 1.086 0)
(11.2183 1.17842 0)
(11.3045 1.29942 0)
(11.2051 1.41279 0)
(11.3011 1.5525 0)
(11.1799 1.71564 0)
(11.257 1.85091 0)
(11.1391 2.08127 0)
(11.1743 2.20703 0)
(11.0556 2.48303 0)
(11.0472 2.62353 0)
(10.9079 2.90479 0)
(10.8403 3.07219 0)
(10.6665 3.33287 0)
(9.99962 0.00273228 0)
(10.0035 0.00806241 0)
(10.0097 0.0129863 0)
(10.0197 0.0177333 0)
(10.0321 0.0215207 0)
(10.0472 0.0245484 0)
(10.0647 0.0274258 0)
(10.0832 0.0284685 0)
(10.1043 0.0312141 0)
(10.1233 0.0305849 0)
(10.1473 0.0336108 0)
(10.1649 0.032365 0)
(10.1916 0.0354201 0)
(10.2075 0.0344887 0)
(10.2368 0.0369745 0)
(10.251 0.0367617 0)
(10.2833 0.0383954 0)
(10.2954 0.0389233 0)
(10.3308 0.0395945 0)
(10.3409 0.0412857 0)
(10.3785 0.0406534 0)
(10.3873 0.044275 0)
(10.4254 0.0417042 0)
(10.4344 0.0478549 0)
(10.4715 0.0431925 0)
(10.4821 0.0518997 0)
(10.5166 0.0454987 0)
(10.5302 0.0562452 0)
(10.5602 0.0489281 0)
(10.5788 0.0609195 0)
(10.6026 0.0541147 0)
(10.627 0.065809 0)
(10.6439 0.0614868 0)
(10.674 0.0712333 0)
(10.6848 0.070942 0)
(10.7194 0.0784477 0)
(10.7249 0.0819697 0)
(10.7631 0.0883949 0)
(10.7646 0.095015 0)
(10.8044 0.10107 0)
(10.8043 0.111333 0)
(10.8433 0.116801 0)
(10.8432 0.131217 0)
(10.8813 0.137187 0)
(10.8803 0.154551 0)
(10.9188 0.163366 0)
(10.9168 0.18269 0)
(10.9544 0.195523 0)
(10.9548 0.217056 0)
(10.9879 0.235085 0)
(10.9942 0.257903 0)
(11.0215 0.283551 0)
(11.0341 0.307765 0)
(11.0567 0.33942 0)
(11.075 0.370945 0)
(11.0944 0.402926 0)
(11.1172 0.446712 0)
(11.135 0.480556 0)
(11.1621 0.531245 0)
(11.176 0.577121 0)
(11.2118 0.629623 0)
(11.2164 0.687016 0)
(11.2633 0.755388 0)
(11.2575 0.809093 0)
(11.3133 0.909472 0)
(11.2955 0.963097 0)
(11.3591 1.08278 0)
(11.3293 1.16809 0)
(11.3898 1.28564 0)
(11.3594 1.42502 0)
(11.402 1.54155 0)
(11.3712 1.73306 0)
(11.3976 1.86676 0)
(11.3572 2.09455 0)
(11.3599 2.26188 0)
(11.3158 2.51186 0)
(11.2721 2.71906 0)
(11.2323 2.96435 0)
(11.1071 3.22736 0)
(11.0838 3.43671 0)
(9.99941 0.001324 0)
(10.0034 0.00219795 0)
(10.0094 0.00484849 0)
(10.0189 0.00579411 0)
(10.031 0.00775228 0)
(10.0453 0.00820798 0)
(10.0629 0.00992 0)
(10.0804 0.00955413 0)
(10.1019 0.0117858 0)
(10.1202 0.0101264 0)
(10.1443 0.0132854 0)
(10.1621 0.010748 0)
(10.1882 0.0143207 0)
(10.2052 0.011995 0)
(10.2329 0.0148903 0)
(10.2493 0.0139335 0)
(10.2789 0.0152839 0)
(10.2941 0.0161473 0)
(10.326 0.0157854 0)
(10.3398 0.0185741 0)
(10.3738 0.0166744 0)
(10.3863 0.0213148 0)
(10.421 0.0180313 0)
(10.4336 0.0244523 0)
(10.4675 0.0201089 0)
(10.4816 0.0280939 0)
(10.5128 0.0230389 0)
(10.5302 0.0321656 0)
(10.5566 0.0272363 0)
(10.58 0.036634 0)
(10.5985 0.033327 0)
(10.6302 0.0414721 0)
(10.6391 0.0413858 0)
(10.6793 0.0473342 0)
(10.6795 0.0512451 0)
(10.7269 0.0551249 0)
(10.7197 0.0630439 0)
(10.7727 0.0650425 0)
(10.7596 0.077531 0)
(10.8163 0.0774879 0)
(10.8005 0.0948625 0)
(10.8566 0.0939272 0)
(10.8423 0.11449 0)
(10.8952 0.115967 0)
(10.8831 0.13693 0)
(10.9341 0.143611 0)
(10.923 0.164563 0)
(10.9722 0.175815 0)
(10.9649 0.19998 0)
(11.0082 0.212894 0)
(11.0092 0.243529 0)
(11.0449 0.257986 0)
(11.0541 0.293542 0)
(11.0841 0.314895 0)
(11.1015 0.350188 0)
(11.1246 0.384032 0)
(11.1526 0.41876 0)
(11.1689 0.461148 0)
(11.205 0.507283 0)
(11.2189 0.545337 0)
(11.2603 0.615834 0)
(11.2707 0.649029 0)
(11.3214 0.736 0)
(11.3246 0.785793 0)
(11.3818 0.872356 0)
(11.3844 0.955365 0)
(11.4391 1.04257 0)
(11.4396 1.15865 0)
(11.5011 1.26077 0)
(11.4802 1.40495 0)
(11.5571 1.53955 0)
(11.515 1.70434 0)
(11.5835 1.89108 0)
(11.544 2.06265 0)
(11.5683 2.32244 0)
(11.5473 2.49204 0)
(11.5056 2.80218 0)
(11.4959 3.02109 0)
(11.3788 3.28462 0)
(11.3539 3.6039 0)
(9.99978 -0.000178073 0)
(10.0032 -0.00339635 0)
(10.01 -0.00316683 0)
(10.0187 -0.00592984 0)
(10.0312 -0.00578739 0)
(10.0452 -0.00795041 0)
(10.0629 -0.0074162 0)
(10.0807 -0.00914075 0)
(10.1016 -0.00782907 0)
(10.1207 -0.00992467 0)
(10.1439 -0.00757331 0)
(10.1627 -0.0102473 0)
(10.1877 -0.00741467 0)
(10.206 -0.00991129 0)
(10.2323 -0.0076497 0)
(10.2507 -0.00864602 0)
(10.2778 -0.00797127 0)
(10.2964 -0.00675214 0)
(10.3243 -0.00790334 0)
(10.3431 -0.00449749 0)
(10.3715 -0.00708515 0)
(10.3906 -0.00211052 0)
(10.4182 -0.00539566 0)
(10.439 0.000477161 0)
(10.4643 -0.00267434 0)
(10.488 0.00357846 0)
(10.5094 0.000752941 0)
(10.5377 0.0077612 0)
(10.5533 0.00473335 0)
(10.5882 0.0133938 0)
(10.5959 0.00996755 0)
(10.6389 0.0196502 0)
(10.6374 0.0177779 0)
(10.6887 0.0259746 0)
(10.679 0.02847 0)
(10.7372 0.0337311 0)
(10.7201 0.040787 0)
(10.7846 0.0447294 0)
(10.7611 0.0544961 0)
(10.8296 0.0590141 0)
(10.8041 0.0712875 0)
(10.87 0.0760561 0)
(10.8505 0.0916891 0)
(10.9069 0.0977588 0)
(10.8976 0.11466 0)
(10.9447 0.125698 0)
(10.9424 0.141731 0)
(10.9852 0.158512 0)
(10.9861 0.175753 0)
(11.0268 0.196507 0)
(11.0316 0.21697 0)
(11.0697 0.241813 0)
(11.0782 0.267003 0)
(11.1166 0.292519 0)
(11.1265 0.331263 0)
(11.1662 0.348407 0)
(11.181 0.40727 0)
(11.2164 0.421809 0)
(11.2429 0.484581 0)
(11.271 0.522291 0)
(11.307 0.56977 0)
(11.3359 0.639483 0)
(11.3735 0.683472 0)
(11.4046 0.767847 0)
(11.4517 0.831811 0)
(11.4714 0.920318 0)
(11.5356 1.01682 0)
(11.548 1.10963 0)
(11.6099 1.24648 0)
(11.635 1.35214 0)
(11.6762 1.52674 0)
(11.7154 1.66837 0)
(11.7344 1.86193 0)
(11.7745 2.08088 0)
(11.7671 2.2574 0)
(11.8067 2.5804 0)
(11.7369 2.75673 0)
(11.7895 3.10691 0)
(11.6327 3.37641 0)
(11.6465 3.65862 0)
(10 -0.00204296 0)
(10.0032 -0.00874108 0)
(10.011 -0.0115379 0)
(10.0191 -0.0177936 0)
(10.0329 -0.0196412 0)
(10.0468 -0.0243391 0)
(10.0653 -0.0248937 0)
(10.0834 -0.027908 0)
(10.1044 -0.0276219 0)
(10.1241 -0.0298308 0)
(10.1469 -0.0287883 0)
(10.1664 -0.0310292 0)
(10.1906 -0.0294936 0)
(10.21 -0.0318106 0)
(10.2352 -0.0302155 0)
(10.2552 -0.0316533 0)
(10.2804 -0.0308577 0)
(10.3016 -0.0303797 0)
(10.3267 -0.0311026 0)
(10.3492 -0.0282731 0)
(10.3735 -0.0306102 0)
(10.3975 -0.0259199 0)
(10.4201 -0.0290652 0)
(10.4466 -0.0233947 0)
(10.4666 -0.0263495 0)
(10.4958 -0.0202999 0)
(10.5128 -0.0228911 0)
(10.545 -0.0160025 0)
(10.5586 -0.0186513 0)
(10.5947 -0.0104078 0)
(10.6033 -0.0128669 0)
(10.6445 -0.00416564 0)
(10.6477 -0.00468499 0)
(10.6927 0.00276147 0)
(10.6934 0.00589372 0)
(10.7387 0.0113701 0)
(10.7391 0.0184435 0)
(10.7846 0.0223915 0)
(10.7827 0.0334633 0)
(10.8314 0.0356686 0)
(10.8253 0.0520805 0)
(10.8764 0.0514728 0)
(10.8705 0.0740242 0)
(10.9179 0.072072 0)
(10.9179 0.0977519 0)
(10.9592 0.0998899 0)
(10.9646 0.123975 0)
(11.0024 0.133099 0)
(11.0117 0.157771 0)
(11.0466 0.167913 0)
(11.0615 0.202433 0)
(11.0924 0.20753 0)
(11.1127 0.252439 0)
(11.1433 0.261616 0)
(11.1654 0.302897 0)
(11.199 0.331308 0)
(11.2233 0.363273 0)
(11.259 0.405933 0)
(11.2873 0.44662 0)
(11.3242 0.485265 0)
(11.3612 0.548805 0)
(11.3926 0.583966 0)
(11.445 0.666775 0)
(11.4728 0.706897 0)
(11.5283 0.809141 0)
(11.5729 0.863597 0)
(11.6141 0.97495 0)
(11.6805 1.07225 0)
(11.7152 1.17699 0)
(11.7846 1.33581 0)
(11.8287 1.44021 0)
(11.8865 1.65939 0)
(11.9325 1.79996 0)
(11.9869 2.03029 0)
(12.0118 2.28834 0)
(12.037 2.48717 0)
(12.0766 2.84233 0)
(11.9871 3.10329 0)
(12.0608 3.43405 0)
(11.8445 3.79593 0)
(9.99978 -0.00436349 0)
(10.0037 -0.0138936 0)
(10.0121 -0.0209926 0)
(10.0204 -0.0298291 0)
(10.0361 -0.0347136 0)
(10.0499 -0.0408549 0)
(10.0705 -0.0431812 0)
(10.0884 -0.0467027 0)
(10.1104 -0.0477715 0)
(10.1305 -0.0497159 0)
(10.1531 -0.0503064 0)
(10.1735 -0.0517371 0)
(10.1968 -0.0520482 0)
(10.2174 -0.0535495 0)
(10.2418 -0.0533161 0)
(10.2626 -0.0544943 0)
(10.2879 -0.0542177 0)
(10.3089 -0.0537927 0)
(10.3351 -0.0549064 0)
(10.3564 -0.0516137 0)
(10.3826 -0.0550878 0)
(10.4047 -0.0491153 0)
(10.4299 -0.0536587 0)
(10.4536 -0.0472597 0)
(10.4776 -0.049854 0)
(10.5022 -0.0459008 0)
(10.5259 -0.0444801 0)
(10.5502 -0.0432266 0)
(10.5743 -0.0390437 0)
(10.5986 -0.0377443 0)
(10.6218 -0.0336073 0)
(10.6472 -0.0304712 0)
(10.669 -0.0258814 0)
(10.6944 -0.0231778 0)
(10.7175 -0.0144778 0)
(10.7397 -0.0150179 0)
(10.7656 -0.00118147 0)
(10.7864 -0.00334941 0)
(10.8096 0.0130392 0)
(10.8373 0.0116141 0)
(10.8494 0.0307641 0)
(10.8893 0.0278084 0)
(10.8908 0.0538956 0)
(10.9377 0.0459935 0)
(10.9368 0.080552 0)
(10.9833 0.0705702 0)
(10.985 0.107854 0)
(11.0292 0.104553 0)
(11.0354 0.13561 0)
(11.0749 0.147928 0)
(11.0912 0.166892 0)
(11.1201 0.197981 0)
(11.1507 0.207738 0)
(11.1717 0.249607 0)
(11.2089 0.265911 0)
(11.2333 0.299906 0)
(11.2708 0.341758 0)
(11.2984 0.358701 0)
(11.3439 0.424554 0)
(11.3702 0.441237 0)
(11.4194 0.509329 0)
(11.4626 0.551516 0)
(11.4968 0.605439 0)
(11.5637 0.685794 0)
(11.6009 0.729313 0)
(11.6601 0.840208 0)
(11.728 0.898095 0)
(11.775 1.01996 0)
(11.8584 1.12726 0)
(11.9121 1.23453 0)
(12.0025 1.43243 0)
(12.0478 1.52545 0)
(12.1665 1.78275 0)
(12.1697 1.96674 0)
(12.312 2.19381 0)
(12.2935 2.51543 0)
(12.3652 2.78676 0)
(12.3742 3.10907 0)
(12.3336 3.55085 0)
(12.2876 3.82697 0)
(9.99929 -0.00723488 0)
(10.0051 -0.0193725 0)
(10.0129 -0.0320157 0)
(10.0235 -0.0427145 0)
(10.0402 -0.0512466 0)
(10.0561 -0.0580382 0)
(10.078 -0.0621164 0)
(10.0967 -0.0659864 0)
(10.1198 -0.0677629 0)
(10.1399 -0.070241 0)
(10.1631 -0.0713856 0)
(10.1835 -0.0732461 0)
(10.2071 -0.074289 0)
(10.2278 -0.0759641 0)
(10.2526 -0.0762229 0)
(10.2737 -0.07793 0)
(10.2994 -0.077092 0)
(10.3206 -0.0781654 0)
(10.3472 -0.0776197 0)
(10.3684 -0.0765265 0)
(10.3951 -0.0780455 0)
(10.4173 -0.0740983 0)
(10.4426 -0.0770418 0)
(10.467 -0.0722231 0)
(10.4907 -0.0734662 0)
(10.5158 -0.0709914 0)
(10.5403 -0.0680062 0)
(10.5635 -0.0684598 0)
(10.5904 -0.0623988 0)
(10.6122 -0.0628989 0)
(10.6381 -0.0571412 0)
(10.6633 -0.0548454 0)
(10.6836 -0.0503543 0)
(10.7144 -0.0458688 0)
(10.7306 -0.0404358 0)
(10.7624 -0.0359068 0)
(10.7794 -0.0282843 0)
(10.8097 -0.0229479 0)
(10.826 -0.0150879 0)
(10.8605 -0.00613603 0)
(10.8684 0.000303428 0)
(10.9142 0.0131296 0)
(10.9102 0.0197928 0)
(10.9665 0.0351352 0)
(10.9559 0.0422549 0)
(11.0163 0.0630294 0)
(11.0046 0.0661075 0)
(11.0664 0.0965707 0)
(11.0556 0.09708 0)
(11.117 0.128657 0)
(11.1128 0.142867 0)
(11.165 0.158848 0)
(11.179 0.196468 0)
(11.2148 0.20355 0)
(11.2471 0.243062 0)
(11.278 0.271812 0)
(11.3116 0.290184 0)
(11.355 0.347972 0)
(11.3851 0.358285 0)
(11.4322 0.425843 0)
(11.4801 0.445452 0)
(11.5146 0.51814 0)
(11.5845 0.553625 0)
(11.6205 0.620052 0)
(11.6966 0.69956 0)
(11.7449 0.740502 0)
(11.8305 0.870976 0)
(11.8898 0.920012 0)
(11.9794 1.05412 0)
(12.0672 1.18461 0)
(12.1418 1.27902 0)
(12.2749 1.51417 0)
(12.3069 1.63665 0)
(12.4986 1.88023 0)
(12.4956 2.15656 0)
(12.6472 2.39579 0)
(12.699 2.75459 0)
(12.7384 3.15142 0)
(12.706 3.47651 0)
(12.7922 4.04458 0)
(9.99875 -0.0105062 0)
(10.0071 -0.0264642 0)
(10.0138 -0.0450524 0)
(10.0294 -0.0576518 0)
(10.046 -0.0695654 0)
(10.0669 -0.0764912 0)
(10.0885 -0.0817119 0)
(10.1101 -0.0859034 0)
(10.1329 -0.0875632 0)
(10.1542 -0.0914503 0)
(10.1772 -0.091987 0)
(10.1982 -0.095695 0)
(10.2216 -0.0959076 0)
(10.2434 -0.0994421 0)
(10.2674 -0.0981101 0)
(10.2904 -0.102596 0)
(10.3147 -0.0983472 0)
(10.3385 -0.104068 0)
(10.3627 -0.0984737 0)
(10.3874 -0.102742 0)
(10.4103 -0.099875 0)
(10.4377 -0.0991868 0)
(10.4574 -0.100824 0)
(10.489 -0.0959901 0)
(10.5052 -0.0983183 0)
(10.539 -0.0948818 0)
(10.5554 -0.0921303 0)
(10.5871 -0.0935353 0)
(10.6067 -0.0856021 0)
(10.6364 -0.0881988 0)
(10.6547 -0.0809283 0)
(10.6896 -0.07882 0)
(10.6993 -0.0755425 0)
(10.7435 -0.0684001 0)
(10.7463 -0.0665652 0)
(10.7919 -0.0574794 0)
(10.7989 -0.0552838 0)
(10.8359 -0.0431891 0)
(10.8524 -0.043633 0)
(10.8822 -0.0245849 0)
(10.9019 -0.030049 0)
(10.9323 -0.00435129 0)
(10.9496 -0.0106044 0)
(10.983 0.0146331 0)
(10.9991 0.017728 0)
(11.0337 0.0317325 0)
(11.0493 0.0528734 0)
(11.088 0.0537386 0)
(11.0986 0.087472 0)
(11.1471 0.0885508 0)
(11.1512 0.118935 0)
(11.2051 0.134241 0)
(11.2151 0.155013 0)
(11.2607 0.184319 0)
(11.2882 0.200347 0)
(11.323 0.239962 0)
(11.3656 0.257153 0)
(11.3945 0.2965 0)
(11.4562 0.338193 0)
(11.4681 0.349076 0)
(11.5637 0.437682 0)
(11.5611 0.426897 0)
(11.6671 0.528075 0)
(11.6935 0.549681 0)
(11.7761 0.624376 0)
(11.8456 0.698148 0)
(11.9171 0.757977 0)
(12.0214 0.866353 0)
(12.0828 0.958656 0)
(12.227 1.04626 0)
(12.3051 1.24995 0)
(12.4278 1.31058 0)
(12.583 1.56506 0)
(12.6819 1.76295 0)
(12.8044 1.98577 0)
(13.0209 2.32409 0)
(12.9718 2.67342 0)
(13.2431 3.03959 0)
(13.1634 3.56718 0)
(13.1991 4.01312 0)
(9.99685 -0.0144541 0)
(10.0111 -0.0364703 0)
(10.0152 -0.0615168 0)
(10.0404 -0.0757544 0)
(10.0549 -0.091324 0)
(10.0853 -0.0963026 0)
(10.1033 -0.104314 0)
(10.1318 -0.105815 0)
(10.1503 -0.110292 0)
(10.1763 -0.112437 0)
(10.1959 -0.115363 0)
(10.2201 -0.118257 0)
(10.2415 -0.119834 0)
(10.2654 -0.122993 0)
(10.2887 -0.122024 0)
(10.3128 -0.126611 0)
(10.3374 -0.122014 0)
(10.361 -0.128479 0)
(10.3864 -0.122113 0)
(10.4103 -0.127404 0)
(10.4344 -0.12387 0)
(10.4618 -0.123747 0)
(10.4807 -0.125504 0)
(10.5153 -0.120171 0)
(10.5273 -0.12363 0)
(10.5671 -0.118824 0)
(10.5777 -0.117488 0)
(10.6149 -0.117871 0)
(10.6315 -0.110294 0)
(10.6614 -0.113341 0)
(10.6839 -0.104853 0)
(10.7109 -0.104391 0)
(10.7328 -0.099205 0)
(10.762 -0.093908 0)
(10.7828 -0.0900394 0)
(10.8087 -0.0834348 0)
(10.838 -0.0772643 0)
(10.8509 -0.0716501 0)
(10.8946 -0.0616224 0)
(10.8949 -0.058361 0)
(10.9472 -0.0421199 0)
(10.9435 -0.0439358 0)
(10.9962 -0.0188656 0)
(10.9963 -0.0259167 0)
(11.0426 0.0047065 0)
(11.0534 0.000510387 0)
(11.0871 0.0250424 0)
(11.1164 0.037385 0)
(11.1305 0.0456757 0)
(11.1841 0.0752743 0)
(11.1793 0.081955 0)
(11.2469 0.099995 0)
(11.248 0.141642 0)
(11.2975 0.121828 0)
(11.3337 0.200386 0)
(11.3601 0.17118 0)
(11.406 0.241352 0)
(11.4598 0.245178 0)
(11.4721 0.289559 0)
(11.5644 0.319815 0)
(11.5782 0.357343 0)
(11.6566 0.408871 0)
(11.7114 0.432643 0)
(11.7764 0.5127 0)
(11.8573 0.547066 0)
(11.9147 0.605479 0)
(12.051 0.70973 0)
(12.0756 0.737511 0)
(12.2596 0.867726 0)
(12.3294 0.962769 0)
(12.4586 1.06135 0)
(12.6576 1.23365 0)
(12.7253 1.39181 0)
(12.9848 1.56948 0)
(13.1156 1.87111 0)
(13.2741 2.11982 0)
(13.5221 2.52678 0)
(13.6074 2.96885 0)
(13.7118 3.48014 0)
(13.8383 4.08973 0)
(9.99181 -0.0198453 0)
(10.0197 -0.0506282 0)
(10.0174 -0.0824759 0)
(10.0607 -0.0979929 0)
(10.0686 -0.117131 0)
(10.1154 -0.118661 0)
(10.1241 -0.130845 0)
(10.1649 -0.127859 0)
(10.174 -0.138159 0)
(10.2082 -0.135983 0)
(10.2219 -0.144961 0)
(10.2498 -0.143436 0)
(10.2707 -0.149985 0)
(10.2928 -0.149111 0)
(10.3212 -0.151434 0)
(10.3379 -0.153776 0)
(10.3718 -0.15013 0)
(10.3846 -0.157096 0)
(10.4206 -0.149174 0)
(10.4335 -0.1569 0)
(10.4663 -0.150989 0)
(10.4855 -0.152618 0)
(10.5099 -0.153919 0)
(10.5382 -0.147412 0)
(10.5548 -0.153377 0)
(10.5865 -0.144911 0)
(10.6051 -0.147451 0)
(10.6286 -0.143859 0)
(10.6596 -0.139649 0)
(10.6683 -0.139794 0)
(10.712 -0.132967 0)
(10.7117 -0.132323 0)
(10.7587 -0.124515 0)
(10.7583 -0.124963 0)
(10.8038 -0.111742 0)
(10.8026 -0.11679 0)
(10.8511 -0.0982268 0)
(10.8452 -0.102911 0)
(10.8968 -0.086918 0)
(10.8915 -0.0833058 0)
(10.9378 -0.0747887 0)
(10.9413 -0.0614312 0)
(10.979 -0.0586912 0)
(10.9888 -0.0387878 0)
(11.0267 -0.0370463 0)
(11.032 -0.0164591 0)
(11.0804 -0.00949943 0)
(11.0792 0.00823438 0)
(11.1283 0.0178465 0)
(11.146 0.0428253 0)
(11.1628 0.0439687 0)
(11.2299 0.0800093 0)
(11.2073 0.0822683 0)
(11.3004 0.112837 0)
(11.2864 0.1273 0)
(11.363 0.163562 0)
(11.373 0.156284 0)
(11.4558 0.240485 0)
(11.4584 0.192259 0)
(11.5531 0.302488 0)
(11.5957 0.271898 0)
(11.6358 0.352715 0)
(11.7522 0.36504 0)
(11.7839 0.434361 0)
(11.8792 0.452034 0)
(11.994 0.558436 0)
(12.0439 0.534047 0)
(12.2214 0.717029 0)
(12.2766 0.67951 0)
(12.4672 0.846335 0)
(12.6256 0.937929 0)
(12.7198 1.02903 0)
(13.0358 1.20998 0)
(13.1609 1.39788 0)
(13.3984 1.57959 0)
(13.7263 1.90211 0)
(13.908 2.30096 0)
(14.1412 2.69012 0)
(14.4112 3.41765 0)
(14.4624 4.00796 0)
(9.98575 -0.0271421 0)
(10.0332 -0.0689588 0)
(10.0259 -0.100679 0)
(10.0921 -0.11561 0)
(10.0922 -0.128192 0)
(10.1574 -0.128919 0)
(10.1532 -0.137604 0)
(10.207 -0.136932 0)
(10.202 -0.146637 0)
(10.2456 -0.147036 0)
(10.2483 -0.155495 0)
(10.2805 -0.155632 0)
(10.2957 -0.161071 0)
(10.3141 -0.161715 0)
(10.3425 -0.162776 0)
(10.3477 -0.16707 0)
(10.3851 -0.162167 0)
(10.3823 -0.171497 0)
(10.4211 -0.161807 0)
(10.4189 -0.172943 0)
(10.4504 -0.163147 0)
(10.4563 -0.171231 0)
(10.4758 -0.164229 0)
(10.4907 -0.1691 0)
(10.5018 -0.161902 0)
(10.518 -0.1684 0)
(10.5303 -0.155862 0)
(10.5391 -0.167184 0)
(10.5585 -0.148996 0)
(10.5586 -0.162824 0)
(10.5816 -0.142133 0)
(10.5801 -0.156465 0)
(10.5989 -0.132211 0)
(10.6031 -0.150461 0)
(10.6131 -0.119027 0)
(10.6257 -0.141558 0)
(10.6255 -0.107467 0)
(10.65 -0.125622 0)
(10.6349 -0.0974253 0)
(10.677 -0.107737 0)
(10.6452 -0.0803303 0)
(10.7003 -0.0957634 0)
(10.6667 -0.0518055 0)
(10.7152 -0.0885691 0)
(10.6978 -0.0174645 0)
(10.737 -0.0762944 0)
(10.7183 0.00923031 0)
(10.7885 -0.0425733 0)
(10.7196 0.0146411 0)
(10.8668 0.0146597 0)
(10.7251 0.0167052 0)
(10.9371 0.0580607 0)
(10.7801 0.06 0)
(10.9718 0.0612968 0)
(10.886 0.133145 0)
(11.0145 0.0731063 0)
(10.9777 0.180083 0)
(11.1312 0.123347 0)
(11.0359 0.223654 0)
(11.292 0.160421 0)
(11.1361 0.30094 0)
(11.4443 0.200346 0)
(11.2941 0.37333 0)
(11.609 0.261317 0)
(11.523 0.479799 0)
(11.7489 0.30965 0)
(11.8496 0.59909 0)
(11.9609 0.437843 0)
(12.1306 0.658988 0)
(12.3799 0.642912 0)
(12.417 0.80678 0)
(12.8335 0.779894 0)
(12.9471 1.10677 0)
(13.2855 1.01929 0)
(13.6134 1.44262 0)
(14.0261 1.51464 0)
(14.3144 1.98608 0)
(14.8981 2.4206 0)
(15.1228 3.08878 0)
(15.5428 4.13697 0)
(9.98832 -0.0623497 0)
(10.0459 -0.136505 0)
(10.0546 -0.174511 0)
(10.1205 -0.183675 0)
(10.1171 -0.18721 0)
(10.1673 -0.184352 0)
(10.1442 -0.189495 0)
(10.1778 -0.189377 0)
(10.1461 -0.197202 0)
(10.1689 -0.195736 0)
(10.1382 -0.202813 0)
(10.1487 -0.197717 0)
(10.1231 -0.204439 0)
(10.1178 -0.196392 0)
(10.0998 -0.203763 0)
(10.0773 -0.194261 0)
(10.0669 -0.202298 0)
(10.0297 -0.191504 0)
(10.0235 -0.200756 0)
(9.97735 -0.187527 0)
(9.96954 -0.198799 0)
(9.92189 -0.182958 0)
(9.90698 -0.19471 0)
(9.86213 -0.179259 0)
(9.83959 -0.187956 0)
(9.79594 -0.175561 0)
(9.771 -0.180667 0)
(9.72338 -0.16856 0)
(9.70187 -0.17569 0)
(9.64699 -0.156846 0)
(9.63152 -0.172071 0)
(9.56947 -0.143103 0)
(9.56114 -0.165672 0)
(9.49174 -0.130969 0)
(9.49312 -0.154868 0)
(9.41476 -0.119121 0)
(9.42891 -0.14323 0)
(9.34097 -0.103045 0)
(9.37014 -0.13378 0)
(9.26994 -0.0826763 0)
(9.32439 -0.123539 0)
(9.19497 -0.0625082 0)
(9.30252 -0.108979 0)
(9.1146 -0.0436051 0)
(9.30002 -0.0919397 0)
(9.05095 -0.0219713 0)
(9.28988 -0.0772401 0)
(9.03582 0.00724186 0)
(9.25795 -0.0677147 0)
(9.0625 0.0415346 0)
(9.24529 -0.0548196 0)
(9.07926 0.0706704 0)
(9.30802 -0.029396 0)
(9.05998 0.0920602 0)
(9.43461 -0.0019748 0)
(9.06702 0.125931 0)
(9.5493 0.0145398 0)
(9.17293 0.173758 0)
(9.63499 0.0311315 0)
(9.33114 0.227048 0)
(9.80108 0.0425691 0)
(9.45151 0.304859 0)
(10.0989 0.0521341 0)
(9.55127 0.352429 0)
(10.4892 0.158784 0)
(9.75268 0.338697 0)
(10.7661 0.259971 0)
(10.2935 0.473201 0)
(10.8599 0.185459 0)
(11.0072 0.69253 0)
(11.2586 0.263978 0)
(11.4952 0.741108 0)
(12.0863 0.489143 0)
(12.186 0.911176 0)
(12.8499 0.643457 0)
(13.3229 1.23463 0)
(13.9973 1.10741 0)
(14.7703 1.7052 0)
(15.553 2.17134 0)
(16.5857 3.30324 0)
(9.89874 -0.0458627 0)
(9.80915 -0.0983641 0)
(9.69538 -0.121158 0)
(9.57297 -0.125574 0)
(9.41396 -0.124447 0)
(9.25662 -0.123434 0)
(9.07681 -0.123645 0)
(8.91358 -0.126025 0)
(8.73344 -0.125894 0)
(8.57499 -0.128107 0)
(8.39707 -0.125314 0)
(8.24292 -0.126519 0)
(8.06569 -0.121907 0)
(7.91536 -0.122646 0)
(7.73886 -0.117582 0)
(7.5931 -0.118126 0)
(7.4179 -0.113262 0)
(7.27768 -0.113174 0)
(7.10406 -0.108946 0)
(6.97021 -0.107639 0)
(6.79882 -0.104437 0)
(6.67212 -0.101558 0)
(6.50378 -0.0993319 0)
(6.38402 -0.0954686 0)
(6.22026 -0.0933712 0)
(6.10702 -0.0895715 0)
(5.94993 -0.0863436 0)
(5.84272 -0.0836306 0)
(5.69357 -0.0787761 0)
(5.59331 -0.077262 0)
(5.45215 -0.0709921 0)
(5.3607 -0.0699911 0)
(5.22728 -0.0629599 0)
(5.14581 -0.0620786 0)
(5.0215 -0.0543862 0)
(4.94952 -0.0537659 0)
(4.83653 -0.0451018 0)
(4.77445 -0.0449395 0)
(4.67268 -0.0360228 0)
(4.62314 -0.0344494 0)
(4.53307 -0.0286678 0)
(4.49101 -0.0220574 0)
(4.43121 -0.0213181 0)
(4.36352 -0.0133085 0)
(4.38278 -0.00589302 0)
(4.23844 -0.0154647 0)
(4.3725 0.0177464 0)
(4.15405 -0.018787 0)
(4.36049 0.029831 0)
(4.13516 -0.00159705 0)
(4.36411 0.02247 0)
(4.12365 0.0213511 0)
(4.46815 0.0349792 0)
(4.05548 0.00765377 0)
(4.68625 0.0887564 0)
(3.99279 -0.0306578 0)
(4.92006 0.146553 0)
(4.02966 -0.0521077 0)
(5.13361 0.19215 0)
(4.16295 -0.0779895 0)
(5.36018 0.2604 0)
(4.36722 -0.0994478 0)
(5.66704 0.275706 0)
(4.5117 -0.0529042 0)
(6.26413 0.327286 0)
(4.51433 -0.181739 0)
(6.95613 0.637363 0)
(4.92321 -0.405239 0)
(7.28292 0.795134 0)
(5.7848 -0.304278 0)
(7.707 0.764336 0)
(6.48396 -0.315605 0)
(8.75185 1.10473 0)
(7.16753 -0.593968 0)
(9.93238 1.58129 0)
(8.56459 -0.694554 0)
(11.2535 1.89944 0)
(10.7942 -0.360979 0)
(13.6557 2.36779 0)
(14.0768 0.530675 0)
(-0.0890357 -0.198641 0)
(-0.119257 -0.0591542 0)
(-0.283337 0.0971323 0)
(-0.356441 0.132838 0)
(-0.367582 0.103488 0)
(-0.313234 0.00141196 0)
(-0.175027 -0.0338131 0)
(-0.0487798 -0.0275169 0)
(0.07604 -0.0398796 0)
(0.196453 -0.117411 0)
(0.220916 -0.131846 0)
(-0.0328566 0.145139 0)
(-0.8464 0.491846 0)
(-1.88193 0.554753 0)
(-2.38704 0.241502 0)
(-2.20602 -0.0893159 0)
(-1.87613 -0.22377 0)
(-1.39389 -0.268273 0)
(-0.831031 -0.314303 0)
(0.00851151 -0.162426 0)
(-0.242338 0.385915 0)
(-0.0811977 0.299197 0)
(-0.216355 0.125235 0)
(-0.482144 -0.0700561 0)
(-0.633196 -0.134746 0)
(-0.590907 -0.216795 0)
(-0.385194 -0.2583 0)
(-0.190703 -0.232121 0)
(-0.101911 -0.241872 0)
(-0.226538 -0.0585137 0)
(-0.632978 0.399342 0)
(-1.36509 0.920591 0)
(-2.02026 1.18251 0)
(-2.45741 0.862865 0)
(-2.47359 0.165251 0)
(-2.26073 -0.376884 0)
(-2.11141 -0.628676 0)
(-1.75448 -0.819307 0)
(-1.17244 -1.25005 0)
(0.00461577 -0.608277 0)
(-0.642087 -0.534782 0)
(-0.865608 -0.147349 0)
(-0.763873 0.539475 0)
(-0.816607 0.573358 0)
(-0.838451 0.33145 0)
(-0.871674 -0.212522 0)
(-0.847779 -0.391026 0)
(-0.732216 -0.270928 0)
(-0.660513 0.0344887 0)
(-0.996285 0.393536 0)
(-1.30789 1.02564 0)
(-1.6118 1.49306 0)
(-1.84951 1.49892 0)
(-1.97846 0.999865 0)
(-1.92952 0.160314 0)
(-1.88277 -0.426433 0)
(-1.8621 -0.741222 0)
(-1.69411 -1.22498 0)
(-1.09016 -2.19641 0)
(-0.303337 -1.3098 0)
(2.40934 0.952471 0)
(0.644547 0.489805 0)
(-0.391608 0.137125 0)
(-0.869577 -0.101025 0)
(-1.41334 -0.182709 0)
(-1.34444 -0.3016 0)
(-1.36547 -0.339622 0)
(-1.12515 -0.395787 0)
(-0.975577 2.72604e-05 0)
(-0.83895 0.654213 0)
(-1.04725 1.0957 0)
(-1.15275 1.40557 0)
(-1.27648 1.44312 0)
(-1.32683 1.00973 0)
(-1.2664 0.211787 0)
(-1.35225 -0.34384 0)
(-1.38876 -0.784844 0)
(-1.3752 -1.46763 0)
(-0.902783 -2.74008 0)
(-0.607249 -2.06653 0)
(6.29698 2.17639 0)
(5.10905 2.12388 0)
(4.0668 1.98305 0)
(3.02573 1.57249 0)
(1.33979 1.1456 0)
(0.275769 -0.135977 0)
(-1.04078 -0.966187 0)
(-1.20774 -0.700783 0)
(-0.950211 -0.227193 0)
(-0.642252 0.413637 0)
(-0.433625 1.17839 0)
(-0.271043 1.73515 0)
(-0.214034 1.77664 0)
(-0.0844798 1.15721 0)
(-0.0668182 0.333065 0)
(-0.631441 -0.416168 0)
(-0.892715 -1.03672 0)
(-1.00566 -1.64963 0)
(-0.778468 -2.91949 0)
(-0.744967 -2.91188 0)
(8.47839 2.7652 0)
(7.99414 2.97632 0)
(7.05932 2.7621 0)
(6.44975 2.65745 0)
(5.25114 2.3591 0)
(4.30988 1.7201 0)
(3.17958 1.53224 0)
(1.16572 -0.239116 0)
(-0.0150914 -0.758789 0)
(0.00757636 0.159939 0)
(0.328152 0.873701 0)
(0.561306 1.08163 0)
(0.701457 1.17155 0)
(0.730719 0.945397 0)
(0.147985 0.835695 0)
(-0.257256 0.529787 0)
(-0.0305118 -0.195653 0)
(-0.195554 -1.06769 0)
(-0.51706 -2.78767 0)
(-0.56368 -3.77117 0)
(9.77125 3.22997 0)
(9.49854 3.38573 0)
(8.93554 3.42881 0)
(8.50966 3.35932 0)
(7.6719 3.1624 0)
(7.06021 2.90195 0)
(5.68547 2.13285 0)
(4.87486 1.9733 0)
(3.12633 1.12881 0)
(1.31064 0.00955747 0)
(1.02979 0.54881 0)
(1.31325 1.48624 0)
(1.39076 1.84099 0)
(1.54197 1.4944 0)
(1.21844 1.09129 0)
(2.12509 -0.231521 0)
(1.41297 -1.57599 0)
(0.0266384 -1.80935 0)
(-0.459066 -2.87319 0)
(-0.369163 -4.27739 0)
(10.4998 3.50206 0)
(10.288 3.6915 0)
(9.94483 3.7993 0)
(9.67515 3.86954 0)
(9.06125 3.76085 0)
(8.59565 3.65658 0)
(7.6983 3.28239 0)
(6.72215 2.89542 0)
(5.71496 2.47158 0)
(4.31212 2.01323 0)
(2.89191 0.940659 0)
(2.81952 0.302384 0)
(2.9434 0.573716 0)
(3.42227 1.31117 0)
(2.91504 0.957534 0)
(3.82903 0.404126 0)
(2.63186 2.13136 0)
(1.54281 1.39949 0)
(1.03006 -1.36419 0)
(0.451612 -4.01524 0)
(10.8324 3.69613 0)
(10.8109 3.92849 0)
(10.4272 4.02999 0)
(10.324 4.26313 0)
(9.83044 4.2291 0)
(9.43143 4.2025 0)
(8.87971 4.14874 0)
(8.00303 3.7669 0)
(7.16801 3.51087 0)
(6.18879 3.10937 0)
(4.79874 2.35701 0)
(2.70677 1.7823 0)
(2.05815 1.60137 0)
(1.55044 1.48323 0)
(0.928537 0.348509 0)
(0.851266 -0.355593 0)
(0.396127 -0.00740724 0)
(2.02418 -0.826712 0)
(2.21487 -2.00883 0)
(1.65173 -4.10753 0)
(11.1558 3.81097 0)
(11.0837 4.08784 0)
(10.8282 4.36653 0)
(10.5835 4.4399 0)
(10.3882 4.71566 0)
(9.81589 4.67349 0)
(9.49204 4.70721 0)
(8.8526 4.65211 0)
(7.91515 4.22285 0)
(7.32861 4.15527 0)
(6.66978 3.29227 0)
(6.2918 2.19234 0)
(6.09131 1.61256 0)
(6.53007 2.38392 0)
(6.94112 2.31144 0)
(6.09035 1.42425 0)
(5.60515 1.5083 0)
(5.30533 0.206887 0)
(5.75837 0.148886 0)
(4.53396 0.789551 0)
(11.4677 4.00014 0)
(11.3027 4.28195 0)
(11.1892 4.53651 0)
(10.8239 4.82695 0)
(10.598 5.01276 0)
(10.2991 5.14892 0)
(9.63449 5.19536 0)
(9.36492 5.32032 0)
(8.50266 5.0669 0)
(7.47096 4.77305 0)
(6.436 5.22308 0)
(3.44323 3.57304 0)
(0.410454 0.995856 0)
(0.243373 1.13628 0)
(-0.153659 0.71519 0)
(0.475851 0.354068 0)
(0.755887 -0.768247 0)
(0.192514 -1.6845 0)
(-0.124456 0.154711 0)
(0.364451 3.46557 0)
(11.8655 4.14829 0)
(11.5936 4.41828 0)
(11.4361 4.90213 0)
(11.1893 5.03099 0)
(10.7714 5.39188 0)
(10.5351 5.66186 0)
(9.92274 5.6552 0)
(9.46352 5.80891 0)
(9.06446 6.01198 0)
(8.23511 5.2257 0)
(8.31248 5.33973 0)
(8.03103 5.35309 0)
(7.45659 4.32066 0)
(5.82079 3.4905 0)
(4.71896 1.98526 0)
(4.11305 0.762477 0)
(3.55406 1.66942 0)
(2.98003 1.32689 0)
(0.69284 0.601686 0)
(0.0433371 2.32294 0)
(12.1593 4.31577 0)
(12.029 4.7176 0)
(11.6843 4.99883 0)
(11.5976 5.57025 0)
(10.9629 5.63721 0)
(10.8071 6.06794 0)
(10.196 6.27633 0)
(9.45263 6.2429 0)
(8.93333 6.87554 0)
(7.77861 7.03787 0)
(6.06193 6.9793 0)
(4.52455 6.56141 0)
(3.747 5.22644 0)
(3.56992 3.89155 0)
(3.52346 2.78941 0)
(2.03638 1.73125 0)
(1.28033 0.798474 0)
(0.812315 1.47782 0)
(-0.0696711 2.48459 0)
(0.511305 3.32272 0)
(12.4725 4.39097 0)
(12.5593 4.96043 0)
(12.0763 5.36551 0)
(11.8574 5.83305 0)
(11.4753 6.28867 0)
(10.8072 6.42544 0)
(10.6601 6.88781 0)
(10.0512 6.59651 0)
(9.77657 6.53205 0)
(9.90573 6.53321 0)
(9.91781 6.81741 0)
(8.61298 6.84118 0)
(6.71452 5.40472 0)
(4.52463 3.52589 0)
(3.192 2.93044 0)
(1.95211 2.81917 0)
(0.497189 2.43249 0)
(-1.05086 2.09645 0)
(-0.811717 1.63896 0)
(-0.211172 3.17296 0)
(13.1435 4.62733 0)
(12.8922 5.15786 0)
(12.7119 5.75369 0)
(12.2456 6.12103 0)
(11.8407 6.75557 0)
(11.1287 7.04784 0)
(10.2412 7.58693 0)
(9.48525 8.32745 0)
(7.87041 8.48936 0)
(6.02447 8.30864 0)
(6.20758 8.2642 0)
(6.90523 8.90435 0)
(6.33454 8.2466 0)
(4.34801 6.38998 0)
(2.77441 4.88418 0)
(1.96805 4.32944 0)
(0.828197 4.04253 0)
(-0.746539 3.00144 0)
(-0.886357 1.7604 0)
(-1.01632 2.01213 0)
(13.7175 4.78771 0)
(13.5543 5.42173 0)
(13.2766 6.27583 0)
(12.786 6.82121 0)
(12.2847 7.11638 0)
(12.0404 7.44046 0)
(11.4936 7.20619 0)
(11.5363 7.36193 0)
(11.8813 8.28075 0)
(10.4396 8.30301 0)
(8.46848 7.75822 0)
(7.24035 8.14692 0)
(6.7921 8.83036 0)
(5.46674 7.92154 0)
(3.26766 5.97387 0)
(1.56964 5.17508 0)
(0.785772 5.05053 0)
(-0.497789 3.7857 0)
(-0.994661 2.14025 0)
(-0.664938 1.15034 0)
(14.4809 4.88139 0)
(14.3923 5.71292 0)
(13.8554 6.44797 0)
(13.4586 7.55001 0)
(12.1956 8.33833 0)
(11.0342 9.10715 0)
(9.66233 9.743 0)
(7.31066 9.17252 0)
(7.8738 9.30138 0)
(8.97042 10.2382 0)
(8.45057 9.83704 0)
(7.47088 9.47823 0)
(6.86063 9.66573 0)
(6.07167 9.47694 0)
(4.16118 8.12058 0)
(1.89898 6.50733 0)
(0.451022 5.90085 0)
(-0.290964 4.38891 0)
(-0.647656 1.84779 0)
(-0.391047 0.00579926 0)
(15.5098 5.17676 0)
(15.4072 6.39126 0)
(14.7862 7.06936 0)
(14.444 7.48137 0)
(14.2883 7.86149 0)
(13.9885 8.31772 0)
(14.054 9.26375 0)
(12.3883 9.69508 0)
(9.59949 9.0118 0)
(8.43587 9.55511 0)
(8.23691 10.1398 0)
(7.28708 9.90696 0)
(6.77953 10.5516 0)
(6.24275 10.664 0)
(4.80966 9.86416 0)
(3.12075 8.82905 0)
(1.96993 7.33121 0)
(1.29877 4.96925 0)
(0.411952 2.51205 0)
(0.0808127 0.101198 0)
(16.998 5.07593 0)
(17.0289 7.3729 0)
(15.5805 9.12302 0)
(13.0394 9.87234 0)
(11.1577 10.2679 0)
(9.41397 9.91206 0)
(10.2701 10.2447 0)
(11.8332 11.5002 0)
(11.1253 11.187 0)
(9.27945 10.5242 0)
(8.40781 10.9641 0)
(7.51601 10.9044 0)
(6.62945 10.8379 0)
(6.54974 11.6088 0)
(5.75765 11.1037 0)
(4.37738 9.5409 0)
(2.8983 8.62692 0)
(1.99581 6.99061 0)
(1.0123 3.74355 0)
(0.351917 0.464791 0)
(17.1081 3.99659 0)
(18.8679 6.50542 0)
(19.6619 8.78801 0)
(18.4432 10.1756 0)
(16.6256 10.8594 0)
(13.4799 10.8796 0)
(9.94036 9.87779 0)
(9.70388 10.7944 0)
(10.5793 12.0183 0)
(9.65628 11.8259 0)
(8.64618 11.6887 0)
(7.92773 11.6963 0)
(6.96701 11.5419 0)
(6.43041 11.6779 0)
(5.97055 12.2072 0)
(5.03769 11.4235 0)
(3.57032 9.1358 0)
(2.39011 6.35622 0)
(1.43074 3.3366 0)
(0.489232 1.13762 0)
(5.48222 2.37357 0)
(8.63552 5.82574 0)
(12.8311 8.88286 0)
(15.1079 11.1064 0)
(16.3407 12.6614 0)
(16.1341 13.4491 0)
(13.148 12.2816 0)
(9.96027 11.3117 0)
(9.56931 12.101 0)
(9.45474 12.5769 0)
(8.65921 12.6141 0)
(7.96654 12.6103 0)
(6.99174 12.5529 0)
(6.38704 12.6309 0)
(5.81277 12.3493 0)
(5.27184 11.9133 0)
(4.18986 11.3253 0)
(3.24709 9.44045 0)
(2.10443 6.32278 0)
(0.66585 2.63578 0)
(-3.60414 -6.80748 0)
(2.19728 0.61415 0)
(4.78466 4.35122 0)
(9.22947 8.97568 0)
(11.9489 11.6004 0)
(14.5728 14.1786 0)
(14.909 14.8726 0)
(11.9736 13.2427 0)
(9.71401 12.5337 0)
(9.05245 12.9706 0)
(8.33458 13.2825 0)
(7.83705 13.3342 0)
(7.06413 13.0949 0)
(6.36363 13.0147 0)
(5.83484 13.3751 0)
(5.31799 12.7074 0)
(4.43759 10.9768 0)
(3.38852 8.95022 0)
(2.21443 6.1492 0)
(0.714777 3.45971 0)
(-0.43879 1.68466 0)
(-2.20936 -2.10759 0)
(-0.802769 -0.372842 0)
(4.53549 5.34725 0)
(6.56572 8.309 0)
(10.1775 11.9901 0)
(13.5588 15.384 0)
(13.183 15.7182 0)
(10.7034 14.5082 0)
(9.22386 13.7985 0)
(8.33518 13.7653 0)
(7.72215 13.8561 0)
(6.97979 13.8681 0)
(6.38899 13.6646 0)
(5.70968 13.43 0)
(5.39091 13.5658 0)
(4.65153 13.1558 0)
(3.68304 11.2137 0)
(2.40059 8.36538 0)
(0.775767 5.30022 0)
(-1.02727 -2.97736 0)
(0.00215218 -0.251221 0)
(-2.64092 -2.07988 0)
(1.20952 2.25957 0)
(2.69964 4.97516 0)
(4.85014 7.52956 0)
(10.4164 13.1972 0)
(12.6147 16.0541 0)
(11.2768 16.0389 0)
(9.53431 15.2839 0)
(8.28236 14.8983 0)
(7.52523 14.7295 0)
(6.57027 14.4615 0)
(5.94692 14.3599 0)
(5.37843 14.4327 0)
(4.78889 13.7702 0)
(4.13316 12.6982 0)
(3.26619 11.4281 0)
(2.19579 9.13876 0)
(0.6478 6.51421 0)
(-1.15503 2.22545 0)
(-1.95058 -0.679438 0)
(-2.29777 -1.27603 0)
(-2.18459 -0.443807 0)
(1.85659 3.63264 0)
(0.0058456 2.71335 0)
(6.45592 9.61501 0)
(10.8791 14.9706 0)
(11.2228 16.8305 0)
(9.73966 16.5127 0)
(8.24304 15.9599 0)
(7.3314 15.5904 0)
(6.38271 15.2632 0)
(5.66169 14.7683 0)
(4.99735 14.5177 0)
(4.69857 14.7931 0)
(4.05857 14.4747 0)
(3.25898 12.9358 0)
(2.13975 10.8086 0)
(0.647542 8.02556 0)
(-0.355447 0.523045 0)
(-0.236588 0.663397 0)
(-0.693192 -1.21332 0)
(-1.35428 -2.61915 0)
(1.57305 3.3812 0)
(0.980263 2.37428 0)
(1.5051 3.68182 0)
(8.17754 12.4089 0)
(10.3931 16.5229 0)
(9.83472 17.4341 0)
(8.37643 17.0524 0)
(7.30464 16.5723 0)
(6.13886 16.1426 0)
(5.39061 15.8558 0)
(4.68283 15.5534 0)
(3.98649 14.872 0)
(3.41146 14.3175 0)
(2.78241 13.5699 0)
(1.87205 11.7922 0)
(0.522717 9.22589 0)
(-0.323996 2.28919 0)
(0.047758 -0.141206 0)
(0.467078 -0.797831 0)
(1.25507 -1.67893 0)
(0.341311 0.524029 0)
(4.57351 3.75246 0)
(1.99428 0.777203 0)
(5.07466 8.25164 0)
(8.8684 15.6607 0)
(9.35916 18.2166 0)
(8.11937 18.4016 0)
(6.87168 17.7496 0)
(5.7674 17.0663 0)
(4.94876 16.364 0)
(4.30709 15.9961 0)
(3.90169 16.0636 0)
(3.23566 15.6414 0)
(2.61461 14.4477 0)
(1.67741 12.9252 0)
(0.406654 10.409 0)
(0.281172 1.11184 0)
(1.19626 -0.0741761 0)
(1.55371 -2.20521 0)
(3.30297 -1.81474 0)
(3.27091 -2.09303 0)
(5.90734 2.4913 0)
(6.29804 2.67446 0)
(4.39279 4.89068 0)
(7.53891 13.5429 0)
(8.54227 18.1624 0)
(7.57447 19.0362 0)
(6.453 18.628 0)
(5.26037 17.9079 0)
(4.50352 17.3726 0)
(3.77978 16.7858 0)
(3.0643 16.0223 0)
(2.5469 15.7272 0)
(2.07477 15.2697 0)
(1.42113 13.8541 0)
(0.372491 11.3823 0)
(0.509896 0.548858 0)
(1.54736 -1.40368 0)
(3.45417 -3.18901 0)
(4.94468 -3.34162 0)
(6.87227 -3.08213 0)
(7.09261 0.521704 0)
(8.64023 3.54522 0)
(5.71793 4.73163 0)
(6.68204 12.1625 0)
(7.7379 18.1374 0)
(6.79737 20.034 0)
(5.63411 19.6505 0)
(4.60341 18.7565 0)
(3.9025 17.8747 0)
(3.32103 17.3718 0)
(2.8718 17.1588 0)
(2.28118 16.5483 0)
(1.84407 15.6318 0)
(1.19642 14.6495 0)
(0.266276 12.222 0)
(0.709476 -1.02665 0)
(2.70666 -2.97749 0)
(4.66405 -5.21622 0)
(6.55423 -5.6165 0)
(8.25626 -4.42339 0)
(8.17721 -0.326375 0)
(9.74953 4.28275 0)
(7.16654 6.03908 0)
(6.20904 11.9037 0)
(6.80079 18.3135 0)
(5.79022 20.6682 0)
(4.55746 20.4883 0)
(3.72409 19.7415 0)
(3.16676 18.8691 0)
(2.60185 17.9521 0)
(2.01056 17.0848 0)
(1.63882 16.8919 0)
(1.35512 16.6001 0)
(0.899451 15.3871 0)
(0.102568 12.845 0)
(0.937241 -2.90986 0)
(3.10104 -5.66058 0)
(5.02067 -7.78061 0)
(7.16205 -7.66178 0)
(8.29309 -5.21902 0)
(7.96642 -0.862556 0)
(8.98553 4.59004 0)
(6.85675 7.7247 0)
(5.20693 13.0181 0)
(5.3143 18.9066 0)
(4.38722 21.3526 0)
(3.49399 21.3059 0)
(2.75875 20.2311 0)
(2.34152 19.2707 0)
(2.01295 18.6225 0)
(1.74601 18.1464 0)
(1.2886 17.3018 0)
(0.997573 16.3984 0)
(0.62189 15.7015 0)
(0.0809597 13.2984 0)
(0.921794 -4.9711 0)
(3.07412 -7.49952 0)
(4.626 -9.77159 0)
(5.99876 -9.04508 0)
(6.76891 -5.4708 0)
(6.4678 -0.147547 0)
(6.98647 5.35866 0)
(5.04096 9.2705 0)
(3.72462 14.4092 0)
(3.21402 19.4169 0)
(2.41572 21.9144 0)
(2.03959 21.7448 0)
(1.76807 20.8507 0)
(1.56822 19.7269 0)
(1.21908 18.7474 0)
(0.882296 17.8712 0)
(0.695645 17.6858 0)
(0.619225 17.4549 0)
(0.445684 16.3671 0)
(-0.0280256 13.6692 0)
(0.769323 -6.53742 0)
(2.03781 -9.55732 0)
(3.09875 -11.004 0)
(3.66367 -9.67652 0)
(3.66042 -5.43392 0)
(3.48517 0.203215 0)
(3.55698 6.02806 0)
(2.113 10.6137 0)
(1.365 15.9967 0)
(0.380304 20.5099 0)
(0.178268 22.3185 0)
(0.172349 21.9828 0)
(0.482366 21.0107 0)
(0.443593 19.91 0)
(0.565809 19.2719 0)
(0.582452 18.6976 0)
(0.354511 17.7175 0)
(0.280939 16.7619 0)
(0.134925 16.2344 0)
(-0.114346 13.6908 0)
(0.363939 -7.32108 0)
(0.85509 -10.006 0)
(0.693753 -11.2612 0)
(0.841151 -8.90712 0)
(-0.0245342 -4.71308 0)
(-0.267351 0.92963 0)
(-0.49778 7.02025 0)
(-1.46467 11.9927 0)
(-1.92332 17.2535 0)
(-2.11245 21.2114 0)
(-2.13432 22.3207 0)
(-1.56182 21.9022 0)
(-1.08149 20.5722 0)
(-0.437725 19.7507 0)
(-0.253307 18.8609 0)
(-0.175075 18.0835 0)
(-0.0953727 17.9584 0)
(0.0129101 17.8244 0)
(0.0444419 16.7665 0)
(-0.11772 13.8318 0)
(-0.0316377 -7.27722 0)
(-0.565514 -9.97694 0)
(-1.57023 -10.8425 0)
(-2.59607 -8.54158 0)
(-3.66364 -3.87975 0)
(-4.09297 1.62198 0)
(-4.46532 7.67671 0)
(-4.95803 12.741 0)
(-5.12444 17.7108 0)
(-4.54341 21.0982 0)
(-4.39646 21.781 0)
(-2.90539 20.9185 0)
(-2.02236 20.2201 0)
(-1.42567 19.2862 0)
(-0.840767 18.9808 0)
(-0.412045 18.5628 0)
(-0.363067 17.5675 0)
(-0.223633 16.6175 0)
(-0.202798 16.3108 0)
(-0.248548 13.5563 0)
(-0.421254 -6.38728 0)
(-1.93381 -8.84204 0)
(-3.86081 -9.38622 0)
(-5.30114 -6.88512 0)
(-6.88103 -2.67281 0)
(-7.38611 2.6697 0)
(-7.872 7.98576 0)
(-7.99892 13.0249 0)
(-7.35266 17.4742 0)
(-6.99115 20.0434 0)
(-5.43691 20.0538 0)
(-4.00654 19.6843 0)
(-2.68237 19.074 0)
(-1.87787 18.5056 0)
(-1.21482 18.1706 0)
(-0.937586 17.6443 0)
(-0.628112 17.7962 0)
(-0.36718 17.84 0)
(-0.270401 16.7905 0)
(-0.21396 13.4656 0)
(-0.715494 -4.75854 0)
(-2.80004 -7.17131 0)
(-5.38378 -7.82821 0)
(-7.2306 -5.29068 0)
(-8.94455 -1.23374 0)
(-9.67959 3.32565 0)
(-9.99418 8.08444 0)
(-10.056 12.5727 0)
(-8.99135 16.2606 0)
(-8.1094 18.0957 0)
(-5.85478 18.244 0)
(-4.37196 18.449 0)
(-3.41572 17.7898 0)
(-2.28121 18.0476 0)
(-1.55667 18.0198 0)
(-1.02056 17.9317 0)
(-0.791046 17.1075 0)
(-0.560907 16.2276 0)
(-0.409305 16.0942 0)
(-0.277459 13.069 0)
(-1.02777 -2.77658 0)
(-3.53023 -5.00044 0)
(-6.30886 -5.57574 0)
(-8.0396 -3.41576 0)
(-9.76866 0.0920018 0)
(-10.812 3.741 0)
(-10.9484 7.86581 0)
(-10.1942 11.8984 0)
(-9.69561 14.5493 0)
(-7.7819 15.3541 0)
(-5.89382 16.8849 0)
(-4.5524 16.497 0)
(-3.42038 16.6735 0)
(-2.29093 16.7678 0)
(-1.70863 16.8739 0)
(-1.26848 16.8201 0)
(-0.828003 17.2719 0)
(-0.524146 17.6167 0)
(-0.43102 16.5832 0)
(-0.249404 12.8146 0)
(-1.11663 -0.36517 0)
(-3.86908 -2.63059 0)
(-6.56411 -3.54448 0)
(-8.12233 -1.60785 0)
(-9.47098 1.44827 0)
(-10.4241 4.16627 0)
(-10.8162 7.24255 0)
(-9.31279 10.6996 0)
(-8.55466 13.1111 0)
(-7.15103 13.4115 0)
(-5.10952 15.4274 0)
(-4.47428 14.9966 0)
(-2.96211 16.0764 0)
(-2.45687 16.1387 0)
(-1.68877 16.6754 0)
(-1.03891 17.0198 0)
(-0.82767 16.3982 0)
(-0.603638 15.6433 0)
(-0.395101 15.6328 0)
(-0.169441 12.361 0)
(-1.12883 2.03218 0)
(-3.96316 -0.118364 0)
(-6.61888 -1.41003 0)
(-7.89914 -0.128997 0)
(-8.72004 2.41245 0)
(-9.05724 4.62484 0)
(-9.54699 6.81229 0)
(-8.29393 9.31359 0)
(-6.9551 11.7889 0)
(-6.25191 12.3257 0)
(-4.0371 13.9076 0)
(-3.76213 14.3268 0)
(-2.56855 14.6557 0)
(-1.82232 15.2324 0)
(-1.27564 15.7837 0)
(-1.0251 15.9309 0)
(-0.568533 16.6534 0)
(-0.278661 17.2833 0)
(-0.262226 16.332 0)
(-0.113976 12.2489 0)
(-1.22977 4.4414 0)
(-3.91572 2.34444 0)
(-6.45583 0.494238 0)
(-7.63057 0.983773 0)
(-8.08824 2.89463 0)
(-7.76894 4.79933 0)
(-7.91133 6.6738 0)
(-6.98775 8.27074 0)
(-5.54585 10.3416 0)
(-5.08423 11.3996 0)
(-3.3356 12.3273 0)
(-2.6813 13.7712 0)
(-1.87915 14.2496 0)
(-1.47861 14.8539 0)
(-0.850865 15.6753 0)
(-0.421818 16.289 0)
(-0.371603 15.9028 0)
(-0.26884 15.2399 0)
(-0.117365 15.2892 0)
(-0.040357 11.9441 0)
(-1.16703 6.93023 0)
(-3.71144 4.69437 0)
(-6.11501 2.37975 0)
(-7.32233 1.89314 0)
(-7.74067 2.90889 0)
(-6.96308 4.3246 0)
(-6.55275 6.07728 0)
(-5.5221 7.31183 0)
(-4.22349 9.16062 0)
(-3.72318 10.7266 0)
(-2.34416 11.4039 0)
(-1.95706 12.8903 0)
(-0.990937 13.4545 0)
(-0.552613 14.2053 0)
(-0.221617 14.9419 0)
(-0.12495 15.4366 0)
(0.181714 16.2621 0)
(0.274612 17.0677 0)
(0.101134 16.3046 0)
(0.117457 12.1547 0)
(-0.798468 9.12648 0)
(-3.22551 6.91269 0)
(-5.59714 4.24559 0)
(-6.84528 2.87422 0)
(-7.45731 2.88771 0)
(-6.56961 3.50862 0)
(-5.73827 5.09226 0)
(-4.41082 6.32536 0)
(-2.93982 7.86377 0)
(-2.18018 10.1239 0)
(-1.0097 10.5126 0)
(-0.806588 12.3443 0)
(-0.165763 13.199 0)
(-0.0517711 13.9603 0)
(0.383412 14.96 0)
(0.647713 15.8516 0)
(0.4443 15.7617 0)
(0.355795 15.2339 0)
(0.347081 15.3344 0)
(0.108798 12.1001 0)
(-0.504246 10.8371 0)
(-2.34774 9.09059 0)
(-4.74277 6.14209 0)
(-5.84025 4.05826 0)
(-6.62994 2.94788 0)
(-5.89159 2.56885 0)
(-5.13826 3.70284 0)
(-3.45514 4.74346 0)
(-2.02519 6.64589 0)
(-0.853737 9.10196 0)
(0.356761 10.0778 0)
(0.642308 12.0535 0)
(0.833373 12.6659 0)
(1.04532 13.6923 0)
(1.10029 14.5679 0)
(0.997983 15.3405 0)
(1.1278 16.2256 0)
(0.98062 17.1353 0)
(0.527164 16.6757 0)
(0.324812 12.6006 0)
(-0.33202 12.0732 0)
(-1.18316 10.8254 0)
(-3.53017 7.96597 0)
(-4.49399 5.16298 0)
(-5.07067 3.20301 0)
(-4.42676 1.95941 0)
(-3.70448 2.39292 0)
(-2.20522 3.07017 0)
(-1.02731 5.25506 0)
(0.356959 7.71625 0)
(1.49343 9.25588 0)
(2.06302 11.5809 0)
(2.21474 12.9956 0)
(1.88272 13.7736 0)
(1.88925 14.8023 0)
(1.82485 15.7683 0)
(1.38221 16.0825 0)
(1.0748 15.748 0)
(0.840101 15.9451 0)
(0.293893 12.9341 0)
(0.240769 12.4096 0)
(-0.155256 12.0079 0)
(-2.03796 9.52199 0)
(-2.86645 6.07344 0)
(-3.05504 3.22088 0)
(-2.10607 1.19778 0)
(-1.44186 1.34521 0)
(0.0484299 1.93091 0)
(0.718346 4.07858 0)
(1.71842 6.25531 0)
(2.76891 8.76727 0)
(3.13022 10.8438 0)
(3.55187 12.9636 0)
(3.30429 14.173 0)
(2.73289 14.9073 0)
(2.21283 15.7986 0)
(2.01921 16.661 0)
(1.65846 17.6656 0)
(0.949303 17.5627 0)
(0.470149 13.6079 0)
(0.355762 12.0769 0)
(0.603298 12.8573 0)
(-0.458177 10.6047 0)
(-1.00439 6.56622 0)
(-0.432599 2.72759 0)
(0.830931 0.401612 0)
(1.70515 0.194856 0)
(2.98811 0.982393 0)
(3.43341 3.20276 0)
(3.8112 5.43676 0)
(4.33373 8.11628 0)
(4.42464 10.5896 0)
(4.67139 12.9467 0)
(4.31613 14.6306 0)
(3.82213 15.5897 0)
(3.25822 16.3659 0)
(2.40694 16.9169 0)
(1.75509 16.7416 0)
(1.24002 17.1312 0)
(0.462707 14.4293 0)
(0.398577 11.6075 0)
(1.82466 12.7479 0)
(0.656687 11.3173 0)
(1.18118 6.4442 0)
(2.82768 1.65954 0)
(4.43927 -0.683161 0)
(5.40346 -1.07456 0)
(6.27119 0.330014 0)
(6.56856 2.57234 0)
(6.40024 5.21243 0)
(6.34463 7.97911 0)
(5.89541 10.5516 0)
(5.66464 13.0361 0)
(5.50344 15.1825 0)
(4.64421 16.3724 0)
(3.58165 17.0875 0)
(2.91415 17.7188 0)
(2.28565 18.7383 0)
(1.35429 18.9254 0)
(0.578447 15.1266 0)
(1.82276 9.72992 0)
(2.638 12.0422 0)
(0.931033 11.6007 0)
(3.81917 5.17291 0)
(6.4002 -0.121599 0)
(8.29956 -2.10642 0)
(9.15832 -2.1215 0)
(9.53001 -0.122922 0)
(9.5069 2.4182 0)
(9.04008 5.4858 0)
(8.31618 8.33204 0)
(7.72859 11.1702 0)
(6.72832 13.2788 0)
(6.16583 15.7091 0)
(5.66235 17.2128 0)
(4.75063 18.0432 0)
(3.38087 18.4742 0)
(2.34562 18.2266 0)
(1.53761 18.8319 0)
(0.60166 16.3836 0)
(2.0039 7.36343 0)
(0.764654 13.8335 0)
(2.16343 9.5626 0)
(6.93259 2.11592 0)
(10.0103 -2.39496 0)
(11.8257 -3.58652 0)
(12.1547 -2.72731 0)
(12.209 -0.156789 0)
(11.5813 2.7599 0)
(10.9846 6.09518 0)
(9.98054 9.02219 0)
(9.01854 12.1534 0)
(7.92512 14.4354 0)
(6.92916 16.4072 0)
(5.97316 18.2729 0)
(4.80828 19.1012 0)
(3.79818 19.6296 0)
(2.79658 20.4809 0)
(1.66706 20.7372 0)
(0.634565 17.1258 0)
(-0.86561 7.10031 0)
(-0.291631 12.9705 0)
(5.3782 4.38878 0)
(10.3063 -1.81141 0)
(12.9078 -4.69243 0)
(14.0997 -4.45281 0)
(13.9202 -2.77853 0)
(13.4719 0.331841 0)
(12.6349 3.36695 0)
(11.8069 7.01266 0)
(10.8221 10.0743 0)
(9.9741 13.0637 0)
(8.55327 15.4878 0)
(7.31851 17.4955 0)
(6.62272 19.1756 0)
(5.67904 20.415 0)
(4.03464 20.6328 0)
(2.75776 20.2112 0)
(1.70357 20.9825 0)
(0.684681 18.6477 0)
(-2.84569 8.5943 0)
(2.59508 6.27145 0)
(8.78466 -1.48002 0)
(12.597 -5.14442 0)
(14.2127 -6.01785 0)
(14.6797 -4.44988 0)
(14.1005 -2.24577 0)
(13.5086 1.12366 0)
(12.5167 4.25641 0)
(11.9025 7.7202 0)
(10.8597 11.1148 0)
(10.051 14.3965 0)
(9.10679 16.8669 0)
(7.51932 18.5566 0)
(6.36129 20.3629 0)
(5.39992 21.434 0)
(4.33247 22.1934 0)
(3.03032 22.7387 0)
(1.81212 22.8719 0)
(0.632624 19.4398 0)
(-0.414863 8.21202 0)
(6.04448 -0.610309 0)
(10.475 -5.64276 0)
(12.9206 -7.13727 0)
(13.8032 -6.22834 0)
(13.8662 -4.2064 0)
(13.2415 -1.42711 0)
(12.6768 1.70904 0)
(11.766 5.14871 0)
(11.1033 8.65408 0)
(10.5064 11.8848 0)
(9.61319 15.0864 0)
(8.75223 18.1314 0)
(7.49242 19.9072 0)
(6.53413 21.4132 0)
(5.68643 22.852 0)
(4.14111 22.981 0)
(2.88002 22.5614 0)
(1.69447 23.41 0)
(0.688352 21.0276 0)
(2.60236 2.8055 0)
(7.12039 -5.66707 0)
(10.1921 -8.39958 0)
(11.8787 -8.0297 0)
(12.4044 -6.30816 0)
(12.4025 -3.73149 0)
(11.8483 -0.824076 0)
(11.3389 2.58052 0)
(10.6294 5.64325 0)
(10.0449 9.3284 0)
(9.45578 12.9437 0)
(8.86901 16.0942 0)
(8.34865 18.9931 0)
(7.0404 20.9458 0)
(5.87399 22.447 0)
(5.17602 23.7439 0)
(4.2459 24.8538 0)
(2.87121 25.1148 0)
(1.74432 25.1203 0)
(0.566526 21.8177 0)
(2.85001 -3.06889 0)
(6.35395 -9.40015 0)
(8.92264 -10.2063 0)
(10.2781 -8.68298 0)
(10.6274 -6.3494 0)
(10.721 -3.26013 0)
(10.3237 -0.402924 0)
(9.90303 3.05534 0)
(9.28045 6.42043 0)
(8.76635 9.66233 0)
(8.48782 13.2557 0)
(7.64119 16.6092 0)
(7.36526 20.0718 0)
(6.49452 22.0461 0)
(5.59054 23.4812 0)
(4.92496 24.8962 0)
(3.7165 25.1543 0)
(2.66815 24.9469 0)
(1.49859 25.8068 0)
(0.613401 23.266 0)
(2.31884 -7.63499 0)
(5.28832 -12.2766 0)
(7.46264 -11.59 0)
(8.50929 -9.32149 0)
(8.97166 -6.24336 0)
(9.1094 -3.23632 0)
(8.90342 0.0828601 0)
(8.5749 3.34695 0)
(8.08571 6.79445 0)
(7.48598 10.4256 0)
(7.17063 13.9833 0)
(6.69685 17.045 0)
(6.46269 20.3611 0)
(5.69696 22.7765 0)
(4.72579 24.1518 0)
(4.32791 25.6893 0)
(3.62063 27.1195 0)
(2.38217 27.2425 0)
(1.49342 27.2264 0)
(0.442953 23.9697 0)
(1.84446 -11.1928 0)
(4.27202 -14.6152 0)
(6.00446 -12.8443 0)
(6.98995 -9.72839 0)
(7.46486 -6.58257 0)
(7.72177 -3.27666 0)
(7.65803 0.1576 0)
(7.42975 3.84966 0)
(6.97346 7.13245 0)
(6.44307 10.4522 0)
(6.12762 14.1961 0)
(5.30139 17.5126 0)
(5.34628 21.1565 0)
(4.87951 23.4733 0)
(4.2202 24.9836 0)
(3.75447 26.3476 0)
(2.95343 26.9172 0)
(2.19968 27.0256 0)
(1.15864 27.8841 0)
(0.482978 25.1407 0)
(1.46113 -14.0483 0)
(3.36482 -16.4858 0)
(4.80781 -13.7658 0)
(5.6516 -10.408 0)
(6.15858 -7.00378 0)
(6.61367 -3.34072 0)
(6.62016 0.216551 0)
(6.47837 4.00865 0)
(6.12272 7.78021 0)
(5.4508 11.2454 0)
(5.13177 14.6249 0)
(4.59864 17.6014 0)
(4.39864 21.1552 0)
(4.03767 23.9079 0)
(3.30886 25.2717 0)
(3.19235 27.0487 0)
(2.70874 28.7687 0)
(1.71923 28.9281 0)
(1.13269 28.9809 0)
(0.278908 25.6637 0)
(1.13819 -16.2873 0)
(2.62701 -17.9711 0)
(3.75828 -14.7197 0)
(4.53906 -11.0526 0)
(5.15309 -7.44014 0)
(5.52692 -3.79719 0)
(5.67356 0.324829 0)
(5.59372 4.26367 0)
(5.26827 7.89486 0)
(4.74016 11.4379 0)
(4.21721 15.1068 0)
(3.44002 18.1933 0)
(3.48278 21.7526 0)
(3.23602 24.3264 0)
(2.79813 25.8957 0)
(2.47798 27.2447 0)
(2.03687 28.202 0)
(1.56228 28.6248 0)
(0.71757 29.4519 0)
(0.295464 26.4951 0)
(0.888313 -18.0359 0)
(1.98061 -19.1317 0)
(2.90022 -15.4301 0)
(3.591 -11.6731 0)
(4.05096 -8.02234 0)
(4.50002 -3.95998 0)
(4.54906 0.325527 0)
(4.59605 4.67906 0)
(4.31099 8.68985 0)
(3.81799 12.1782 0)
(3.51193 15.4984 0)
(2.91959 18.3804 0)
(2.63413 21.7884 0)
(2.44877 24.572 0)
(1.92675 25.8916 0)
(2.00627 27.8625 0)
(1.69837 29.8226 0)
(0.949785 30.1255 0)
(0.675776 30.2765 0)
(0.0980358 26.7269 0)
(0.65237 -19.3654 0)
(1.43983 -19.9909 0)
(2.10594 -16.0092 0)
(2.61081 -12.2045 0)
(3.04994 -8.46563 0)
(3.40759 -4.12098 0)
(3.47013 0.259273 0)
(3.50279 4.53841 0)
(3.35204 8.57171 0)
(3.02208 12.4266 0)
(2.61342 16.0287 0)
(2.02116 19.0069 0)
(1.94595 22.3167 0)
(1.78489 24.902 0)
(1.46885 26.4652 0)
(1.19817 27.8076 0)
(1.01128 29.1141 0)
(0.785242 29.7125 0)
(0.178575 30.4219 0)
(0.0790497 27.2196 0)
(0.478074 -20.3049 0)
(0.95261 -20.5611 0)
(1.38272 -16.3978 0)
(1.69354 -12.6133 0)
(1.98479 -8.62535 0)
(2.02907 -4.16522 0)
(2.16983 0.507704 0)
(2.16593 5.04462 0)
(2.15537 9.22313 0)
(2.01779 12.9269 0)
(1.91189 16.3186 0)
(1.46586 19.2325 0)
(1.14723 22.4012 0)
(1.00077 24.9621 0)
(0.611217 26.2532 0)
(0.775292 28.3719 0)
(0.539103 30.4807 0)
(-0.0271401 30.852 0)
(0.0416736 30.9997 0)
(-0.243108 27.0454 0)
(0.279422 -20.8661 0)
(0.498673 -20.8611 0)
(0.677974 -16.5812 0)
(0.765317 -12.7234 0)
(0.783274 -8.67931 0)
(0.842954 -4.28534 0)
(0.826466 0.357851 0)
(0.944784 4.66971 0)
(1.12855 8.84343 0)
(1.14373 12.9047 0)
(1.00969 16.6319 0)
(0.700593 19.7674 0)
(0.54933 22.8924 0)
(0.443422 25.3323 0)
(0.153863 26.8888 0)
(-0.190087 28.2923 0)
(-0.30773 29.7208 0)
(-0.348379 30.2937 0)
(-0.594582 30.7438 0)
(-0.159588 27.0665 0)
(0.114749 -21.1505 0)
(0.0617648 -20.8893 0)
(-0.00486132 -16.518 0)
(-0.121801 -12.6938 0)
(-0.342833 -8.60901 0)
(-0.357596 -3.94129 0)
(-0.357489 0.386956 0)
(-0.189056 4.76007 0)
(0.00413236 9.09874 0)
(0.183407 13.0882 0)
(0.275287 16.6947 0)
(0.00608617 19.8474 0)
(-0.311921 22.9193 0)
(-0.511661 25.2191 0)
(-0.832929 26.573 0)
(-0.810822 28.838 0)
(-1.09675 30.9014 0)
(-1.41632 31.2041 0)
(-0.862866 30.9716 0)
(-0.720343 26.3514 0)
(-0.0471353 -21.1051 0)
(-0.334017 -20.6953 0)
(-0.630774 -16.3227 0)
(-1.01358 -12.4623 0)
(-1.40853 -8.40241 0)
(-1.61244 -3.94771 0)
(-1.52458 0.113376 0)
(-1.25472 4.21701 0)
(-0.908387 8.42014 0)
(-0.678156 12.7409 0)
(-0.71252 16.8187 0)
(-0.849921 20.3166 0)
(-1.08161 23.4315 0)
(-1.17463 25.8058 0)
(-1.54981 27.5022 0)
(-2.12371 28.9704 0)
(-2.26908 30.2055 0)
(-2.17424 30.2868 0)
(-1.96075 29.9646 0)
(-0.90888 25.3791 0)
(-0.19877 -20.7822 0)
(-0.727961 -20.2288 0)
(-1.21528 -15.7528 0)
(-1.83897 -11.9428 0)
(-2.40369 -7.9139 0)
(-2.60769 -3.73715 0)
(-2.59465 0.233108 0)
(-2.43349 4.05951 0)
(-2.1603 8.504 0)
(-1.92867 12.9256 0)
(-1.78038 16.9271 0)
(-1.91623 20.4258 0)
(-2.17595 23.5071 0)
(-2.54793 25.6833 0)
(-2.9997 27.2331 0)
(-3.2308 29.5101 0)
(-3.63714 31.1339 0)
(-3.77205 30.9028 0)
(-2.5631 29.8457 0)
(-1.25159 23.3736 0)
(-0.349598 -20.2942 0)
(-1.06519 -19.6495 0)
(-1.72902 -15.1545 0)
(-2.5198 -11.3698 0)
(-3.31585 -7.49268 0)
(-3.66943 -3.5273 0)
(-3.82168 -0.220328 0)
(-3.79848 3.50016 0)
(-3.58884 8.07087 0)
(-3.40673 12.6754 0)
(-3.33979 17.0633 0)
(-3.32283 20.8715 0)
(-3.55317 23.9855 0)
(-3.66004 26.435 0)
(-4.22863 28.4637 0)
(-5.11471 29.987 0)
(-5.4142 30.5692 0)
(-5.03478 29.5164 0)
(-4.08409 27.4615 0)
(-2.32223 21.1762 0)
(-0.45216 -19.5588 0)
(-1.34687 -18.8083 0)
(-2.20176 -14.33 0)
(-3.1598 -10.5377 0)
(-4.10778 -6.70825 0)
(-4.71937 -2.91963 0)
(-5.16112 0.120316 0)
(-5.40607 3.85109 0)
(-5.43002 8.3366 0)
(-5.30499 12.891 0)
(-5.15237 17.2007 0)
(-5.19286 20.9342 0)
(-5.33861 24.1149 0)
(-5.88017 26.4143 0)
(-6.50596 28.2371 0)
(-6.94845 30.2497 0)
(-7.49185 31.0057 0)
(-7.37332 29.6906 0)
(-5.5471 26.4122 0)
(-4.3191 15.6655 0)
(-0.564033 -18.6056 0)
(-1.60489 -17.8387 0)
(-2.61196 -13.3234 0)
(-3.77319 -9.52321 0)
(-4.86431 -5.866 0)
(-5.70056 -2.44142 0)
(-6.50846 0.366862 0)
(-7.04088 3.72799 0)
(-7.34007 8.14052 0)
(-7.46758 12.7285 0)
(-7.44635 17.2236 0)
(-7.35917 21.2056 0)
(-7.65638 24.4828 0)
(-7.79237 27.2912 0)
(-8.31919 29.6284 0)
(-9.0898 30.8273 0)
(-9.24776 30.5284 0)
(-8.79457 28.4516 0)
(-7.75674 23.1628 0)
(-3.16302 8.80673 0)
(-0.636592 -17.539 0)
(-1.77861 -16.7278 0)
(-2.82235 -12.1689 0)
(-4.08354 -8.23221 0)
(-5.33711 -4.61062 0)
(-6.43769 -1.2899 0)
(-7.6147 1.28801 0)
(-8.53501 4.60695 0)
(-9.19138 8.8956 0)
(-9.45766 13.1994 0)
(-9.46415 17.442 0)
(-9.61836 21.2613 0)
(-9.62766 24.6943 0)
(-10.0784 27.2772 0)
(-10.4847 29.1139 0)
(-10.3716 30.4691 0)
(-10.3488 30.4551 0)
(-9.99661 28.3692 0)
(-7.45717 22.0911 0)
(-1.09028 3.1465 0)
(-0.66804 -16.4028 0)
(-1.86217 -15.6308 0)
(-2.94 -11.123 0)
(-4.19331 -7.31979 0)
(-5.584 -3.63678 0)
(-6.91273 -0.201562 0)
(-8.35549 2.2242 0)
(-9.56004 5.22079 0)
(-10.4481 9.13023 0)
(-10.9737 13.1033 0)
(-11.2955 17.3891 0)
(-11.2278 21.4 0)
(-11.4088 24.6944 0)
(-11.2062 27.5921 0)
(-11.0527 29.9367 0)
(-11.0353 30.7828 0)
(-10.3574 29.8159 0)
(-8.77258 26.287 0)
(-6.56462 17.143 0)
(0.527165 -0.468679 0)
(-0.666493 -15.1421 0)
(-1.90423 -14.3979 0)
(-3.04933 -9.74214 0)
(-4.28226 -5.61156 0)
(-5.67581 -2.11288 0)
(-7.0291 1.26623 0)
(-8.64646 3.64556 0)
(-10.0057 6.48666 0)
(-11.1686 10.1814 0)
(-11.8268 13.9231 0)
(-11.9342 17.8176 0)
(-12.134 21.3276 0)
(-11.8251 24.6701 0)
(-11.6517 27.1516 0)
(-11.3972 28.6169 0)
(-10.4105 29.2987 0)
(-9.38723 28.4123 0)
(-7.96957 24.4457 0)
(-3.54877 14.7848 0)
(0.330995 -2.90293 0)
(-0.674088 -13.9055 0)
(-1.88263 -13.276 0)
(-2.92235 -8.89036 0)
(-4.14789 -4.54221 0)
(-5.46936 -0.821559 0)
(-6.82488 2.62234 0)
(-8.49591 5.07632 0)
(-9.86473 7.50566 0)
(-10.9887 10.7993 0)
(-11.5339 13.994 0)
(-12.0134 17.5693 0)
(-11.8572 21.1848 0)
(-11.7088 24.1062 0)
(-10.9773 26.5257 0)
(-9.98844 28.4739 0)
(-9.14738 28.857 0)
(-7.74995 26.944 0)
(-5.02625 21.4926 0)
(-2.52171 9.96716 0)
(0.853738 -4.57936 0)
(-0.643281 -12.6781 0)
(-1.80174 -12.0606 0)
(-2.73999 -7.54885 0)
(-3.79638 -3.29701 0)
(-5.02813 0.396123 0)
(-6.2497 3.97831 0)
(-7.79504 6.49709 0)
(-9.07498 8.80415 0)
(-10.1888 11.884 0)
(-10.97 14.8711 0)
(-10.9904 18.136 0)
(-10.9326 20.9541 0)
(-10.3246 23.7492 0)
(-9.59411 25.8038 0)
(-8.81354 26.6352 0)
(-7.22483 26.4481 0)
(-5.45771 24.5042 0)
(-3.87418 19.3582 0)
(-0.28248 9.26746 0)
(0.407427 -4.16965 0)
(-0.593476 -11.5303 0)
(-1.65264 -11.1511 0)
(-2.50588 -6.87141 0)
(-3.35598 -2.25097 0)
(-4.47144 1.5135 0)
(-5.46165 5.04691 0)
(-6.8595 7.7699 0)
(-8.04626 9.81074 0)
(-9.11456 12.5135 0)
(-9.3887 14.951 0)
(-9.58845 17.5913 0)
(-9.25054 20.4346 0)
(-8.8805 22.7452 0)
(-7.83884 24.4651 0)
(-6.40973 25.8249 0)
(-5.1504 25.7869 0)
(-3.66254 23.1634 0)
(-0.935332 16.7443 0)
(-0.487552 6.18269 0)
(1.10316 -5.41995 0)
(-0.549179 -10.3694 0)
(-1.53438 -10.0108 0)
(-2.22839 -5.94124 0)
(-2.91675 -1.32521 0)
(-3.84361 2.52145 0)
(-4.64292 6.0687 0)
(-5.7839 9.06133 0)
(-6.79806 10.9698 0)
(-7.4899 13.3946 0)
(-8.01055 15.6061 0)
(-7.91624 18.0373 0)
(-7.60878 20.1333 0)
(-6.76796 22.216 0)
(-5.83448 23.7659 0)
(-4.87966 24.0138 0)
(-3.28353 23.1798 0)
(-1.55725 20.7842 0)
(-0.624495 16.0578 0)
(1.47667 7.43357 0)
(0.426312 -2.85123 0)
(-0.440714 -9.53781 0)
(-1.35174 -9.34038 0)
(-1.95977 -5.35976 0)
(-2.40801 -0.653947 0)
(-3.14877 3.2738 0)
(-3.73007 6.7676 0)
(-4.59257 9.8289 0)
(-5.33292 11.5757 0)
(-6.11647 13.6838 0)
(-6.28197 15.4799 0)
(-6.13238 17.3008 0)
(-5.57891 19.3177 0)
(-5.16435 20.9562 0)
(-4.10362 22.079 0)
(-2.69605 22.8743 0)
(-1.45193 22.7371 0)
(-0.46716 20.2041 0)
(1.44072 14.047 0)
(0.232011 4.92458 0)
(1.23681 -4.93842 0)
(-0.452151 -8.5596 0)
(-1.1894 -8.48252 0)
(-1.68644 -4.9699 0)
(-1.93817 -0.204185 0)
(-2.47912 3.95476 0)
(-2.88972 7.2376 0)
(-3.45411 10.6055 0)
(-4.13536 12.4599 0)
(-4.50894 14.2913 0)
(-4.74217 15.9995 0)
(-4.54536 17.5569 0)
(-4.21882 19.0149 0)
(-3.30228 20.5006 0)
(-2.47845 21.6868 0)
(-1.61092 21.5625 0)
(-0.354356 20.4433 0)
(0.904304 18.3523 0)
(1.12945 14.9484 0)
(2.79543 8.19597 0)
(1.40592 -0.558842 0)
(-0.356507 -7.82737 0)
(-1.05228 -7.90935 0)
(-1.42338 -4.54719 0)
(-1.55702 0.0732183 0)
(-1.86007 4.3136 0)
(-2.13612 7.64187 0)
(-2.4523 10.93 0)
(-2.82301 12.7633 0)
(-3.20044 14.3696 0)
(-3.3461 15.5512 0)
(-3.07498 16.7939 0)
(-2.44473 18.2003 0)
(-2.12468 19.2612 0)
(-1.18594 20.0293 0)
(-0.136943 20.4702 0)
(0.901775 20.486 0)
(1.29493 18.347 0)
(2.33313 13.0029 0)
(-0.15069 5.62908 0)
(0.0255568 -1.46419 0)
(-0.298464 -7.21761 0)
(-0.916968 -7.36925 0)
(-1.255 -4.37037 0)
(-1.24039 0.178525 0)
(-1.32082 4.62777 0)
(-1.44559 7.73739 0)
(-1.47564 11.1344 0)
(-1.78895 13.2885 0)
(-1.91623 14.6424 0)
(-2.00871 16.0929 0)
(-1.78859 16.9291 0)
(-1.51256 17.8916 0)
(-0.708482 18.9829 0)
(-0.160454 20.008 0)
(0.484457 19.7403 0)
(1.20313 18.577 0)
(2.02693 17.2561 0)
(1.9322 14.9299 0)
(3.11409 8.68681 0)
(1.64154 -1.48412 0)
(-0.30967 -6.55264 0)
(-0.833477 -6.82162 0)
(-1.08961 -4.16867 0)
(-1.00302 0.0889095 0)
(-0.847367 4.61236 0)
(-0.91592 7.87058 0)
(-0.740528 11.0626 0)
(-0.8095 13.2896 0)
(-0.855993 14.7174 0)
(-0.977146 15.4366 0)
(-0.729111 16.284 0)
(-0.213424 17.2582 0)
(0.00434645 17.9521 0)
(0.79243 18.5623 0)
(1.38102 18.8913 0)
(2.23096 19.1571 0)
(2.12866 17.3541 0)
(2.84369 13.265 0)
(0.352583 8.80099 0)
(1.47846 4.38465 0)
(-0.218942 -6.1071 0)
(-0.726379 -6.53916 0)
(-0.985447 -4.1524 0)
(-0.837386 -0.0478785 0)
(-0.502898 4.43326 0)
(-0.424284 7.73282 0)
(-0.0559406 10.8999 0)
(-0.0323017 13.5239 0)
(0.0677698 14.6659 0)
(0.115693 16.0521 0)
(0.19658 16.3693 0)
(0.499305 16.95 0)
(1.1226 17.8096 0)
(1.45417 18.8227 0)
(1.83656 18.5597 0)
(2.03234 17.5076 0)
(2.65335 17.1354 0)
(2.28199 15.2873 0)
(2.70851 8.93545 0)
(-0.89967 -1.77064 0)
(-0.256093 -5.59252 0)
(-0.721816 -6.0233 0)
(-0.937524 -4.07807 0)
(-0.716279 -0.338709 0)
(-0.221263 4.11851 0)
(-0.0390896 7.56013 0)
(0.393521 10.491 0)
(0.697966 13.1525 0)
(0.849212 14.686 0)
(0.843309 15.2602 0)
(1.14266 15.9073 0)
(1.33663 16.5531 0)
(1.53043 16.9873 0)
(2.12717 17.5667 0)
(2.46405 18.0577 0)
(3.14633 18.5815 0)
(2.49192 16.8868 0)
(3.02305 14.3351 0)
(1.59101 11.1093 0)
(4.01053 8.58983 0)
(-0.235374 -5.16605 0)
(-0.664364 -5.79578 0)
(-0.920787 -4.11001 0)
(-0.604771 -0.640863 0)
(-0.0787923 3.60032 0)
(0.277549 7.27368 0)
(0.768729 10.1116 0)
(1.17131 13.1343 0)
(1.49476 14.4141 0)
(1.73232 15.8774 0)
(1.649 15.9875 0)
(2.09043 16.2847 0)
(2.4288 16.9484 0)
(2.7343 17.9834 0)
(2.86496 17.7949 0)
(2.78436 17.0595 0)
(3.39701 17.56 0)
(2.50733 15.8985 0)
(2.12707 10.2988 0)
(-1.77282 1.60873 0)
(-0.258761 -4.67557 0)
(-0.66542 -5.34931 0)
(-0.930957 -4.15212 0)
(-0.522194 -1.14178 0)
(-0.043027 3.07305 0)
(0.528671 6.82829 0)
(0.953636 9.41134 0)
(1.69706 12.4671 0)
(1.9737 14.2168 0)
(2.18748 14.9144 0)
(2.645 15.6193 0)
(2.58759 16.0529 0)
(2.82497 16.2328 0)
(3.19228 16.8485 0)
(3.54927 17.7538 0)
(4.00092 18.4567 0)
(2.96486 16.9245 0)
(3.4324 15.963 0)
(1.83722 12.707 0)
(3.88996 10.1085 0)
(-0.262143 -4.24112 0)
(-0.615553 -5.0476 0)
(-0.939275 -4.06279 0)
(-0.546247 -1.4919 0)
(-0.0529757 2.43697 0)
(0.64965 6.41283 0)
(1.1341 8.92852 0)
(1.87351 12.0331 0)
(2.45856 13.8788 0)
(2.87546 15.4196 0)
(2.83665 15.6979 0)
(3.40277 15.8889 0)
(3.55609 16.4334 0)
(3.93159 17.2969 0)
(3.83313 17.1191 0)
(3.85155 17.0617 0)
(4.49771 18.2176 0)
(3.22122 17.0245 0)
(2.50605 13.2159 0)
(-0.886249 6.18425 0)
(-0.200769 -3.87982 0)
(-0.467232 -4.72478 0)
(-0.872179 -4.07546 0)
(-0.642123 -1.92822 0)
(-0.150237 1.77335 0)
(0.799721 5.73922 0)
(1.15421 8.15373 0)
(2.19094 11.0503 0)
(2.66583 13.2729 0)
(3.22949 14.2815 0)
(3.6906 15.1898 0)
(3.75067 15.5392 0)
(4.03026 15.5355 0)
(4.31383 16.268 0)
(4.88899 17.6577 0)
(5.03769 18.3892 0)
(4.06177 17.3625 0)
(4.69055 17.7476 0)
(2.37579 15.1677 0)
(4.35896 12.7802 0)
(-0.142523 -3.58478 0)
(-0.250985 -4.38296 0)
(-0.625967 -3.8751 0)
(-0.729748 -2.30994 0)
(-0.171176 1.20534 0)
(0.751144 5.10593 0)
(1.27519 7.80584 0)
(2.06971 10.2537 0)
(3.02475 12.9997 0)
(3.52275 14.5114 0)
(3.87675 15.1848 0)
(4.42346 15.5464 0)
(4.72203 16.0926 0)
(5.14873 16.5473 0)
(5.01771 16.2349 0)
(5.5081 17.2046 0)
(6.05569 18.7858 0)
(4.60969 18.3103 0)
(3.47685 16.0516 0)
(-0.721631 10.914 0)
(-0.0344977 -3.513 0)
(0.0119679 -4.22763 0)
(-0.234892 -3.61644 0)
(-0.645691 -2.51077 0)
(-0.126 0.320103 0)
(0.808333 4.11796 0)
(1.35844 7.05354 0)
(2.15965 9.10646 0)
(2.96106 11.8317 0)
(3.91116 13.2505 0)
(4.28072 14.392 0)
(4.8181 14.69 0)
(5.11882 14.7072 0)
(5.67951 15.6909 0)
(6.49075 17.3123 0)
(6.40307 17.6923 0)
(6.11939 17.5711 0)
(7.26336 19.6413 0)
(4.47444 18.9205 0)
(5.38235 17.6381 0)
(0.0726487 -3.53773 0)
(0.237094 -4.12137 0)
(0.222968 -3.22184 0)
(-0.385446 -2.30915 0)
(-0.138059 -0.246188 0)
(0.688299 3.27234 0)
(1.40785 6.80447 0)
(1.93974 8.32626 0)
(3.03093 11.6378 0)
(3.64468 13.0149 0)
(4.67465 14.2191 0)
(5.19004 14.9861 0)
(5.85117 15.4989 0)
(6.21562 15.4794 0)
(6.55622 15.0796 0)
(7.8124 17.2171 0)
(8.23276 18.6795 0)
(7.89785 18.9994 0)
(7.15956 19.2655 0)
(1.41861 18.6913 0)
(0.131677 -3.76261 0)
(0.331756 -4.34121 0)
(0.548314 -3.07138 0)
(0.0564635 -2.07664 0)
(-0.14346 -0.717736 0)
(0.426487 2.40817 0)
(1.45304 6.01876 0)
(1.71704 7.48266 0)
(2.82793 9.76477 0)
(4.02832 11.67 0)
(4.49921 13.0293 0)
(5.59302 13.2086 0)
(6.18787 13.5068 0)
(7.23462 15.0098 0)
(8.09167 16.1902 0)
(8.15172 15.7969 0)
(9.31608 17.1945 0)
(11.5223 20.6387 0)
(11.6441 21.2374 0)
(8.97524 24.1434 0)
(0.115795 -4.02999 0)
(0.364951 -4.54023 0)
(0.525703 -3.08691 0)
(0.444618 -1.62685 0)
(-0.131188 -0.699978 0)
(0.192131 1.83903 0)
(1.22843 5.63853 0)
(1.54449 7.11137 0)
(2.40985 9.64205 0)
(3.46721 11.0257 0)
(4.96969 12.504 0)
(5.67241 13.8931 0)
(6.63928 14.0805 0)
(7.15138 13.6087 0)
(8.46958 14.1181 0)
(10.4501 16.5859 0)
(10.1803 15.9846 0)
(11.4709 17.778 0)
(17.9172 18.5182 0)
(14.9572 26.8193 0)
(0.116478 -4.33296 0)
(0.410256 -4.70358 0)
(0.307637 -3.29411 0)
(0.541909 -1.38734 0)
(-0.0366494 -0.556527 0)
(-0.153311 1.07486 0)
(0.689227 4.23588 0)
(1.42093 6.3655 0)
(2.26709 7.46979 0)
(3.60465 9.47411 0)
(4.29743 10.9017 0)
(5.93008 11.0106 0)
(7.2515 11.9609 0)
(8.65321 13.6808 0)
(8.90446 13.1877 0)
(10.3627 13.8179 0)
(14.2205 15.1724 0)
(11.7022 19.4096 0)
(18.5972 11.2885 0)
(19.7101 23.2972 0)
(0.148403 -4.62873 0)
(0.32333 -4.76774 0)
(0.120171 -3.24293 0)
(0.200411 -1.15722 0)
(-0.130891 0.0103885 0)
(-0.445559 1.37714 0)
(0.0550873 3.90498 0)
(1.31634 6.00335 0)
(1.5143 7.82396 0)
(2.58902 8.7431 0)
(4.5696 9.58438 0)
(5.54815 12.0368 0)
(6.75309 11.175 0)
(8.29781 11.6755 0)
(10.882 12.4174 0)
(9.66273 14.6931 0)
(15.0523 7.82563 0)
(14.5401 19.2895 0)
(17.0937 9.48158 0)
(20.8167 17.1894 0)
(0.0920617 -4.86325 0)
(0.0421974 -4.74744 0)
(-0.204772 -3.15197 0)
(-0.189758 -1.22846 0)
(-0.341532 -0.0432353 0)
(-0.957241 0.759854 0)
(-0.266676 2.57839 0)
(0.529805 4.81267 0)
(1.60023 5.50429 0)
(2.43523 7.7937 0)
(3.28157 7.33882 0)
(6.07022 8.65543 0)
(8.06686 9.4768 0)
(8.01826 11.5278 0)
(11.9962 6.80678 0)
(11.32 15.8985 0)
(14.6516 4.76035 0)
(15.9718 16.1103 0)
(17.8993 10.3703 0)
(20.5215 12.5469 0)
(-0.0779459 -4.76922 0)
(-0.44841 -4.47915 0)
(-0.888837 -2.87346 0)
(-0.974966 -0.832139 0)
(-1.0252 0.756953 0)
(-1.41347 1.53763 0)
(-1.25919 2.27474 0)
(-0.112497 4.08885 0)
(0.958852 5.97243 0)
(0.507058 6.97802 0)
(3.30094 4.21886 0)
(4.14537 10.1816 0)
(7.93307 4.65867 0)
(8.53345 13.0415 0)
(12.286 3.04982 0)
(12.126 14.4673 0)
(15.1866 6.48271 0)
(15.924 12.5586 0)
(18.2207 9.89273 0)
(20.2177 9.92374 0)
(-0.320903 -4.20253 0)
(-1.07567 -3.9426 0)
(-1.63033 -2.66315 0)
(-1.81784 -1.13313 0)
(-1.87425 0.245424 0)
(-1.78358 1.04465 0)
(-1.74548 1.33666 0)
(-1.02947 3.50481 0)
(0.503329 3.92803 0)
(0.188703 8.28398 0)
(3.11169 0.51016 0)
(5.47569 8.91234 0)
(6.28117 -0.791745 0)
(8.07799 10.7944 0)
(11.698 2.99411 0)
(11.2276 10.5914 0)
(14.4796 5.67593 0)
(15.5741 8.41514 0)
(18.0641 7.59823 0)
(20.4174 7.14752 0)
(-0.617533 -3.22403 0)
(-1.91552 -2.89951 0)
(-2.77067 -1.61913 0)
(-2.89291 -0.250752 0)
(-2.94202 0.79369 0)
(-2.44685 1.46466 0)
(-1.72464 1.49641 0)
(-1.00664 1.51037 0)
(2.1503 3.84889 0)
(-1.31478 4.56063 0)
(1.54669 -5.33836 0)
(5.71754 9.06523 0)
(2.86784 0.263994 0)
(5.81065 8.58794 0)
(9.71394 3.73435 0)
(10.15 7.44735 0)
(13.122 4.92751 0)
(14.7867 5.91143 0)
(17.2467 6.02954 0)
(19.9043 5.64589 0)
(-0.6834 -2.25241 0)
(-2.16064 -2.29923 0)
(-3.35815 -1.64432 0)
(-3.42024 -0.731418 0)
(-3.23573 -0.224922 0)
(-2.51599 -0.206364 0)
(-1.70355 -0.757563 0)
(-0.430547 -1.12471 0)
(-0.764153 4.90094 0)
(1.70491 8.07852 0)
(0.160956 -5.14113 0)
(3.87348 6.36771 0)
(4.1384 0.422629 0)
(4.37633 2.20724 0)
(7.67171 0.991931 0)
(9.27035 3.57076 0)
(12.1624 2.62379 0)
(14.0349 2.94816 0)
(16.1115 3.32325 0)
(18.6267 3.07135 0)
(-0.674019 -0.181013 0)
(-1.99938 -0.119503 0)
(-3.39506 -0.267166 0)
(-3.86747 -0.106795 0)
(-4.03703 -0.0795337 0)
(-4.31868 -0.188337 0)
(-4.59219 -0.168616 0)
(-4.72892 0.983529 0)
(-7.38099 3.52032 0)
(5.96447 3.03037 0)
(-0.643776 -1.20653 0)
(0.395061 4.5419 0)
(6.04483 2.57477 0)
(6.36505 1.96109 0)
(7.83309 1.26267 0)
(9.60794 1.75777 0)
(12.5204 1.44419 0)
(14.6547 1.26135 0)
(16.3577 1.18113 0)
(18.4211 0.893448 0)
(10.0211 11.2624 0)
(-7.39192 -11.1013 0)
(6.68201 -5.41651 0)
(2.73091 4.62612 0)
(-3.26911 4.10749 0)
(-7.15451 -0.0451358 0)
(-6.91839 0.0871142 0)
(-10.0745 0.0720307 0)
(-10.5637 1.03083 0)
(-13.2911 0.867559 0)
(-13.9377 1.34648 0)
(-16.3984 0.920246 0)
(-16.8051 1.31621 0)
(-18.7273 0.577248 0)
(-18.0021 0.0310501 0)
(-18.7871 -0.570855 0)
(-16.4577 -0.39143 0)
(-17.0658 -0.206135 0)
(-14.4886 -1.01475 0)
(-13.9382 -1.81988 0)
(-8.72519 -1.53848 0)
(-9.14182 -1.04069 0)
(-4.54113 -1.66821 0)
(-2.49103 -1.26042 0)
(0.139833 -1.19223 0)
(2.3487 -1.00122 0)
(4.25997 -0.862652 0)
(5.83983 -0.614899 0)
(7.40588 -0.178339 0)
(8.57594 0.565074 0)
(9.01768 1.29639 0)
(8.41512 1.67608 0)
(6.94769 1.72556 0)
(5.1725 1.59034 0)
(2.86233 1.65419 0)
(-0.239524 1.53848 0)
(-3.03205 1.40956 0)
(-5.77989 1.19479 0)
(-7.85605 0.985057 0)
(-9.64324 0.764187 0)
(-10.7676 0.459756 0)
(-11.6393 0.362949 0)
(-11.8142 0.161618 0)
(-11.8541 -0.0746469 0)
(-11.3973 -0.376826 0)
(-10.774 -0.479505 0)
(-9.47584 -0.505654 0)
(-8.7648 -0.597506 0)
(-7.41289 -0.727508 0)
(-5.64372 -0.699062 0)
(-4.77037 -0.541707 0)
(-2.96508 -0.654297 0)
(-1.68048 -0.72302 0)
(0.227431 -0.786021 0)
(1.51828 -0.50399 0)
(2.80717 -0.472367 0)
(4.45991 -0.596903 0)
(5.41361 -0.371713 0)
(6.33556 -0.217824 0)
(7.27745 -0.19941 0)
(7.69625 -0.0238789 0)
(8.04915 0.0575867 0)
(8.2251 0.134183 0)
(8.04568 0.230903 0)
(7.94443 0.202156 0)
(7.57596 0.15898 0)
(7.26538 0.140095 0)
(6.8694 0.0861392 0)
(6.60344 0.0772703 0)
(6.18092 0.103783 0)
(5.98767 0.104625 0)
(5.64797 0.123522 0)
(5.45146 0.142275 0)
(5.22668 0.159377 0)
(5.09742 0.107654 0)
(5.05218 0.111075 0)
(4.92697 0.0597139 0)
(5.13291 0.00868299 0)
(5.0196 -0.0240941 0)
(5.33576 -0.0762288 0)
(16.6106 15.8428 0)
(12.3827 11.1083 0)
(-18.4446 -5.47786 0)
(-1.62953 3.34108 0)
(-11.6598 2.29054 0)
(-2.31476 2.91006 0)
(-2.82729 3.27078 0)
(-2.49608 4.16559 0)
(-3.89886 3.05474 0)
(-5.64075 2.53139 0)
(-7.42687 2.05817 0)
(-8.66787 1.73412 0)
(-9.51536 1.22613 0)
(-9.96183 0.631532 0)
(-8.64451 -0.261607 0)
(-10.9468 -0.807546 0)
(-7.47253 -1.81907 0)
(-7.9671 -2.42753 0)
(-6.34041 -3.08717 0)
(-3.69047 -3.88492 0)
(-2.66996 -4.1783 0)
(-0.269874 -4.12291 0)
(2.01258 -4.22996 0)
(4.1573 -3.86522 0)
(6.01815 -3.47717 0)
(7.9849 -2.99459 0)
(9.50183 -2.62139 0)
(10.6409 -2.61523 0)
(11.2745 -2.87995 0)
(11.5073 -2.4531 0)
(11.9201 -1.22295 0)
(12.0655 0.297703 0)
(11.1848 1.5208 0)
(9.39956 2.39618 0)
(6.25049 3.34385 0)
(4.28492 3.72588 0)
(1.28864 3.67513 0)
(0.0753821 3.25632 0)
(-1.84521 2.53429 0)
(-3.29802 1.97447 0)
(-3.32433 1.19045 0)
(-4.62407 0.599984 0)
(-4.11661 -0.00107135 0)
(-3.96428 -0.58334 0)
(-3.28071 -1.05361 0)
(-2.82095 -1.46835 0)
(-1.25088 -1.83325 0)
(-0.694739 -1.964 0)
(1.08214 -2.22614 0)
(2.08169 -2.30559 0)
(3.7907 -2.42127 0)
(4.87536 -2.43607 0)
(6.61353 -2.493 0)
(7.8084 -2.36897 0)
(9.31517 -2.22287 0)
(10.4687 -2.00987 0)
(11.7904 -1.81702 0)
(12.8278 -1.55714 0)
(13.7454 -1.26956 0)
(14.4633 -1.00653 0)
(15.1625 -0.696214 0)
(15.5191 -0.397799 0)
(15.9928 -0.167669 0)
(16.1383 0.0982387 0)
(16.276 0.342169 0)
(16.1778 0.534374 0)
(16.0434 0.614923 0)
(15.7222 0.646557 0)
(15.32 0.6026 0)
(14.8895 0.566046 0)
(14.3669 0.460969 0)
(14.0754 0.382136 0)
(13.6014 0.261928 0)
(13.5293 0.171065 0)
(13.1975 0.0682243 0)
(13.353 -0.0288194 0)
(13.1535 -0.0928445 0)
(13.4597 -0.17741 0)
(13.38 -0.210319 0)
(13.7426 -0.257642 0)
(21.2268 18.9973 0)
(22.9869 16.5373 0)
(19.7069 12.3263 0)
(14.3503 5.35208 0)
(5.37844 2.62669 0)
(4.73724 -3.14369 0)
(0.773202 -2.16795 0)
(-0.295073 0.799061 0)
(1.22248 1.4713 0)
(1.50239 2.30377 0)
(2.24624 2.87922 0)
(3.08418 2.78933 0)
(3.93065 2.23172 0)
(4.34824 1.24948 0)
(5.5032 0.172216 0)
(5.39672 -0.976617 0)
(6.43514 -2.28529 0)
(6.69286 -3.04363 0)
(8.25519 -4.22825 0)
(9.02186 -5.26565 0)
(10.4608 -5.8557 0)
(11.4698 -6.1922 0)
(12.7923 -6.17385 0)
(13.7143 -5.69521 0)
(14.6871 -4.94066 0)
(15.2959 -4.09495 0)
(15.8976 -2.97228 0)
(15.8849 -1.54314 0)
(15.3728 -0.148297 0)
(13.6509 0.733843 0)
(12.1433 1.26566 0)
(11.1373 2.16899 0)
(10.7833 3.63167 0)
(11.0906 5.26272 0)
(10.8941 6.31819 0)
(10.6284 6.31669 0)
(9.88223 5.69675 0)
(8.59378 4.71799 0)
(7.99795 3.77305 0)
(6.81338 2.82971 0)
(6.74078 1.77772 0)
(6.2815 0.844126 0)
(6.56189 -0.175563 0)
(6.70707 -1.01265 0)
(7.48193 -1.78484 0)
(8.06925 -2.31217 0)
(9.13047 -2.85235 0)
(9.98682 -3.12156 0)
(11.0814 -3.41971 0)
(12.1449 -3.5141 0)
(13.2965 -3.65944 0)
(14.4085 -3.67678 0)
(15.5752 -3.73106 0)
(16.6887 -3.68956 0)
(17.8337 -3.60563 0)
(18.8192 -3.30048 0)
(19.7382 -2.93248 0)
(20.4682 -2.46341 0)
(21.0712 -2.03673 0)
(21.5478 -1.57804 0)
(21.8828 -1.18595 0)
(22.1186 -0.752712 0)
(22.201 -0.406526 0)
(22.3254 -0.0816182 0)
(22.2944 0.181016 0)
(22.2652 0.440769 0)
(22.0813 0.594986 0)
(22.0372 0.753018 0)
(21.7908 0.830733 0)
(21.7697 0.874838 0)
(21.471 0.863608 0)
(21.4686 0.77161 0)
(21.1799 0.666035 0)
(21.1933 0.489606 0)
(20.9575 0.32914 0)
(21.0129 0.127096 0)
(20.8522 -0.0150617 0)
(20.954 -0.177247 0)
(20.8906 -0.263455 0)
(21.0225 -0.370103 0)
(22.8079 16.706 0)
(26.1468 15.9324 0)
(25.989 12.8915 0)
(26.7394 10.0017 0)
(23.8905 7.98988 0)
(23.4979 6.38375 0)
(22.6046 5.48697 0)
(20.1567 4.85847 0)
(18.0501 3.97638 0)
(17.3383 2.97565 0)
(17.0378 2.14447 0)
(17.2662 1.48431 0)
(17.548 0.788909 0)
(18.0296 0.0296679 0)
(18.4512 -0.879805 0)
(19.0033 -1.82768 0)
(19.435 -2.83273 0)
(20.0575 -3.86048 0)
(20.6054 -4.88242 0)
(21.0146 -5.75918 0)
(21.4992 -6.39724 0)
(21.6845 -6.7045 0)
(22.0087 -6.62622 0)
(21.9574 -6.24338 0)
(22.205 -5.59294 0)
(22.0766 -4.66649 0)
(22.2176 -3.7276 0)
(21.8616 -2.67234 0)
(21.8927 -1.48143 0)
(21.7828 -0.0759696 0)
(21.8585 1.23938 0)
(21.0496 2.15624 0)
(19.7081 2.81837 0)
(18.5677 3.84989 0)
(18.0135 5.15701 0)
(17.7803 5.96519 0)
(17.8465 6.07225 0)
(17.5509 5.50669 0)
(17.3793 4.55419 0)
(16.9932 3.3206 0)
(16.8729 1.98114 0)
(16.6631 0.778823 0)
(16.7843 -0.411299 0)
(16.947 -1.43588 0)
(17.4456 -2.38122 0)
(17.9394 -3.05965 0)
(18.5674 -3.65194 0)
(19.2445 -4.02076 0)
(19.9503 -4.38858 0)
(20.7138 -4.51673 0)
(21.4201 -4.72593 0)
(22.2552 -4.7468 0)
(22.921 -4.73559 0)
(23.7601 -4.60525 0)
(24.4663 -4.46011 0)
(25.311 -4.1002 0)
(25.872 -3.64407 0)
(26.4392 -3.0514 0)
(26.708 -2.4735 0)
(27.0687 -1.90446 0)
(27.1695 -1.39335 0)
(27.3677 -0.889604 0)
(27.2908 -0.446812 0)
(27.3852 -0.0177802 0)
(27.2191 0.31264 0)
(27.1946 0.584424 0)
(26.9447 0.783211 0)
(26.9107 0.925771 0)
(26.6529 1.03112 0)
(26.6112 1.02879 0)
(26.3936 1.00179 0)
(26.3591 0.86718 0)
(26.2096 0.73147 0)
(26.1695 0.525292 0)
(26.0638 0.332874 0)
(26.0179 0.11538 0)
(25.9552 -0.0417466 0)
(25.9142 -0.201264 0)
(25.8815 -0.300413 0)
(25.8524 -0.40466 0)
(22.5257 12.2837 0)
(26.0895 12.016 0)
(27.7152 10.8294 0)
(29.7449 9.23644 0)
(30.3818 7.69952 0)
(30.6915 6.05897 0)
(30.5676 4.49175 0)
(30.228 3.45481 0)
(29.5516 3.01567 0)
(29.2118 2.63083 0)
(29.4826 2.18822 0)
(29.7855 1.68807 0)
(30.2964 1.05635 0)
(30.5224 0.329088 0)
(30.8433 -0.563939 0)
(30.8854 -1.52755 0)
(31.0146 -2.54791 0)
(30.8351 -3.52108 0)
(30.6496 -4.46842 0)
(30.0787 -5.27471 0)
(29.5568 -5.88163 0)
(28.7124 -6.19391 0)
(28.0507 -6.16012 0)
(27.1581 -5.69821 0)
(26.5837 -4.96061 0)
(25.7516 -3.98162 0)
(25.3696 -2.87479 0)
(24.8799 -1.60365 0)
(24.7771 -0.305843 0)
(24.4447 0.914655 0)
(24.5619 1.90202 0)
(24.6293 2.91091 0)
(24.8276 4.02849 0)
(24.8594 5.06156 0)
(25.1941 5.94701 0)
(25.5362 6.49364 0)
(26.0768 6.53774 0)
(26.3873 6.07091 0)
(26.6818 5.09617 0)
(26.8007 3.88108 0)
(26.9295 2.46577 0)
(26.95 1.09684 0)
(26.95 -0.316266 0)
(26.9695 -1.40375 0)
(26.9291 -2.43165 0)
(27.0723 -3.21361 0)
(27.0251 -3.87716 0)
(27.2229 -4.33725 0)
(27.2211 -4.77009 0)
(27.5037 -4.96846 0)
(27.5499 -5.2392 0)
(27.958 -5.30833 0)
(28.1042 -5.31794 0)
(28.5489 -5.18374 0)
(28.8382 -4.99845 0)
(29.4484 -4.57757 0)
(29.7425 -4.0692 0)
(30.123 -3.42911 0)
(30.1356 -2.7532 0)
(30.2781 -2.08439 0)
(30.1769 -1.46014 0)
(30.2224 -0.95395 0)
(30.0649 -0.450032 0)
(30.0334 -0.006732 0)
(29.8261 0.390378 0)
(29.7149 0.638083 0)
(29.5392 0.872694 0)
(29.4493 0.978076 0)
(29.3311 1.09257 0)
(29.2204 1.06972 0)
(29.1651 1.05359 0)
(29.0577 0.921961 0)
(29.0619 0.804172 0)
(28.9363 0.601863 0)
(28.9497 0.426366 0)
(28.8229 0.209449 0)
(28.8462 0.0385575 0)
(28.6819 -0.139439 0)
(28.6838 -0.239124 0)
(28.5297 -0.350185 0)
(21.8386 9.67183 0)
(24.7542 9.13876 0)
(27.0626 8.52431 0)
(29.2836 7.55556 0)
(30.8008 6.44063 0)
(31.9006 5.2554 0)
(32.5353 4.24252 0)
(32.984 3.40406 0)
(33.2762 2.98357 0)
(33.4566 2.75481 0)
(33.9245 2.41389 0)
(34.4397 1.89524 0)
(34.9346 1.17256 0)
(35.2671 0.33336 0)
(35.4253 -0.593293 0)
(35.3758 -1.5548 0)
(35.1383 -2.52763 0)
(34.5746 -3.47532 0)
(33.7666 -4.36455 0)
(32.6359 -5.09231 0)
(31.4091 -5.60249 0)
(30.0692 -5.76832 0)
(28.9474 -5.57519 0)
(27.7933 -5.04075 0)
(26.8671 -4.30045 0)
(25.9383 -3.36096 0)
(25.4306 -2.43885 0)
(24.8384 -1.51771 0)
(24.533 -0.612823 0)
(24.3761 0.321346 0)
(24.662 1.27957 0)
(25.0307 2.25461 0)
(25.679 3.25603 0)
(26.4418 4.24582 0)
(27.5385 5.05459 0)
(28.7177 5.60666 0)
(29.9085 5.69614 0)
(30.982 5.3753 0)
(31.8366 4.64348 0)
(32.5515 3.61702 0)
(32.9833 2.39251 0)
(33.217 1.15594 0)
(33.2042 -0.168332 0)
(33.2048 -1.22356 0)
(32.8168 -2.19119 0)
(32.596 -2.9564 0)
(32.0473 -3.58956 0)
(31.7882 -4.07633 0)
(31.2464 -4.51221 0)
(31.1081 -4.77424 0)
(30.6549 -5.16221 0)
(30.7785 -5.32183 0)
(30.5826 -5.48401 0)
(30.8394 -5.4667 0)
(30.9217 -5.24496 0)
(31.4168 -4.70869 0)
(31.5007 -4.10626 0)
(31.7433 -3.44869 0)
(31.569 -2.71915 0)
(31.5217 -1.98161 0)
(31.1732 -1.25023 0)
(31.0129 -0.732929 0)
(30.7617 -0.205916 0)
(30.6102 0.182234 0)
(30.3102 0.592807 0)
(30.0881 0.812433 0)
(29.9072 1.05846 0)
(29.7626 1.13281 0)
(29.684 1.22688 0)
(29.5408 1.17122 0)
(29.5417 1.13893 0)
(29.4098 0.989983 0)
(29.4643 0.86445 0)
(29.2941 0.659603 0)
(29.3526 0.500891 0)
(29.1305 0.291109 0)
(29.1758 0.148735 0)
(28.9215 -0.00765553 0)
(28.9373 -0.0890542 0)
(28.6623 -0.189668 0)
(22.1415 7.14202 0)
(24.3326 6.73267 0)
(26.5545 6.23952 0)
(28.6504 5.50881 0)
(30.2885 4.72994 0)
(31.6251 3.91199 0)
(32.6246 3.18948 0)
(33.448 2.62647 0)
(34.0891 2.18913 0)
(34.5453 1.92882 0)
(34.9543 1.6341 0)
(35.4293 1.16262 0)
(35.865 0.562305 0)
(36.224 -0.127858 0)
(36.37 -0.834146 0)
(36.2882 -1.53672 0)
(35.8847 -2.26095 0)
(35.1915 -2.9657 0)
(34.1985 -3.57996 0)
(33.013 -4.03831 0)
(31.7598 -4.24565 0)
(30.5658 -4.15061 0)
(29.5036 -3.86537 0)
(28.4929 -3.40806 0)
(27.6808 -2.84453 0)
(26.897 -2.18588 0)
(26.2896 -1.51044 0)
(25.8958 -0.803698 0)
(25.7175 -0.0734325 0)
(25.6056 0.70284 0)
(25.804 1.45616 0)
(26.1132 2.17118 0)
(26.6243 2.81815 0)
(27.3239 3.47021 0)
(28.3262 3.95636 0)
(29.5674 4.26582 0)
(30.8361 4.28923 0)
(32.1441 4.00188 0)
(33.2063 3.45931 0)
(34.188 2.66168 0)
(34.7736 1.68563 0)
(35.2109 0.708414 0)
(35.2038 -0.307017 0)
(35.2338 -1.1674 0)
(34.6895 -2.01072 0)
(34.3571 -2.66803 0)
(33.5555 -3.2255 0)
(33.131 -3.74754 0)
(32.3161 -4.14608 0)
(32.0133 -4.54677 0)
(31.2946 -5.04803 0)
(31.3826 -5.32605 0)
(30.9938 -5.78286 0)
(31.3026 -5.94583 0)
(31.339 -5.68749 0)
(31.752 -4.94243 0)
(31.4383 -4.16636 0)
(31.3956 -3.38049 0)
(30.9221 -2.62214 0)
(30.6385 -1.84996 0)
(29.9455 -1.08425 0)
(29.4844 -0.442066 0)
(29.0308 0.131974 0)
(28.7579 0.481481 0)
(28.3789 0.854574 0)
(28.1048 1.04348 0)
(27.8991 1.28766 0)
(27.7495 1.30039 0)
(27.6651 1.37271 0)
(27.5582 1.245 0)
(27.5694 1.19671 0)
(27.4823 0.996028 0)
(27.5448 0.865916 0)
(27.4368 0.638367 0)
(27.4905 0.490593 0)
(27.3473 0.28329 0)
(27.4118 0.189419 0)
(27.2017 0.0213505 0)
(27.1974 -0.032475 0)
(26.9876 -0.111264 0)
(22.0229 5.5268 0)
(24.0238 5.31126 0)
(26.0789 4.94495 0)
(28.0642 4.35756 0)
(29.7291 3.78694 0)
(31.1223 3.2167 0)
(32.2537 2.69785 0)
(33.221 2.25767 0)
(33.9688 1.8423 0)
(34.5486 1.52641 0)
(34.9398 1.24283 0)
(35.34 0.913112 0)
(35.6849 0.496967 0)
(36.0057 0.0146686 0)
(36.0931 -0.485266 0)
(35.9498 -1.02937 0)
(35.4348 -1.57701 0)
(34.7111 -2.10608 0)
(33.6965 -2.5513 0)
(32.6033 -2.85786 0)
(31.4243 -2.98851 0)
(30.3242 -3.00526 0)
(29.2104 -2.9298 0)
(28.3165 -2.75002 0)
(27.4526 -2.45764 0)
(26.763 -2.03516 0)
(26.2316 -1.45357 0)
(25.9077 -0.813388 0)
(25.6988 -0.175195 0)
(25.8204 0.424999 0)
(26.0506 0.97191 0)
(26.5176 1.47301 0)
(27.038 1.93352 0)
(27.8195 2.40332 0)
(28.7002 2.72663 0)
(29.8718 2.94734 0)
(31.0135 2.9531 0)
(32.273 2.75603 0)
(33.2975 2.40746 0)
(34.2951 1.84006 0)
(34.9111 1.19596 0)
(35.4551 0.505001 0)
(35.5076 -0.214338 0)
(35.5515 -0.841659 0)
(35.0409 -1.5202 0)
(34.7085 -2.01402 0)
(33.9074 -2.51038 0)
(33.375 -2.99464 0)
(32.5319 -3.34689 0)
(31.9716 -3.88099 0)
(31.0634 -4.37636 0)
(30.8895 -4.79647 0)
(29.986 -5.54661 0)
(30.1398 -5.91818 0)
(29.9124 -5.6963 0)
(29.9488 -4.77424 0)
(28.6659 -3.73819 0)
(27.9992 -2.62864 0)
(26.8091 -1.76144 0)
(26.2793 -1.06094 0)
(25.2359 -0.60313 0)
(24.5852 -0.0338391 0)
(23.9049 0.427415 0)
(23.559 0.790627 0)
(23.2675 1.05944 0)
(23.0288 1.26791 0)
(23.0405 1.44858 0)
(22.8915 1.44609 0)
(23.1063 1.49612 0)
(23.0225 1.35361 0)
(23.3514 1.32156 0)
(23.3356 1.1052 0)
(23.6506 1.03643 0)
(23.6627 0.78541 0)
(23.9035 0.71768 0)
(23.9252 0.483964 0)
(24.0807 0.440678 0)
(24.0384 0.176862 0)
(24.1527 0.160567 0)
(24.125 0.0578242 0)
(20.9786 2.87408 0)
(23.0464 2.81839 0)
(25.0482 2.66442 0)
(27.0143 2.34113 0)
(28.7777 1.99102 0)
(30.2751 1.68776 0)
(31.5254 1.397 0)
(32.5739 1.12501 0)
(33.4447 0.863247 0)
(34.1358 0.636514 0)
(34.6254 0.471338 0)
(35.0512 0.315165 0)
(35.4003 0.120207 0)
(35.7064 -0.124529 0)
(35.789 -0.432371 0)
(35.6124 -0.776742 0)
(35.1216 -1.11821 0)
(34.4078 -1.42676 0)
(33.4438 -1.68489 0)
(32.3835 -1.86707 0)
(31.1678 -1.99429 0)
(29.9754 -2.09899 0)
(28.8142 -2.09945 0)
(27.8168 -1.98379 0)
(26.8944 -1.77209 0)
(26.1851 -1.43285 0)
(25.5175 -1.01519 0)
(25.1778 -0.591983 0)
(24.9193 -0.152523 0)
(24.949 0.240041 0)
(25.1571 0.564965 0)
(25.6961 0.850344 0)
(26.2988 1.1175 0)
(27.1424 1.36862 0)
(28.0731 1.55605 0)
(29.2436 1.68026 0)
(30.402 1.66415 0)
(31.614 1.57053 0)
(32.6895 1.33813 0)
(33.5751 1.02239 0)
(34.3207 0.639192 0)
(34.7118 0.18732 0)
(34.8462 -0.240982 0)
(34.749 -0.692448 0)
(34.24 -1.10314 0)
(33.7166 -1.44614 0)
(32.8036 -1.849 0)
(31.8404 -2.14779 0)
(30.8477 -2.48319 0)
(29.3867 -2.99268 0)
(28.1349 -3.28834 0)
(26.818 -3.92935 0)
(24.4915 -4.73605 0)
(23.4191 -5.10833 0)
(22.6162 -5.11439 0)
(21.7534 -4.64165 0)
(19.08 -3.54445 0)
(17.4158 -1.88848 0)
(15.1323 -0.443011 0)
(14.1815 0.449395 0)
(12.6602 0.779695 0)
(12.6798 1.20703 0)
(12.2632 1.33183 0)
(12.7294 1.50183 0)
(12.9418 1.40223 0)
(13.529 1.39787 0)
(14.0873 1.24147 0)
(14.6702 1.13984 0)
(15.407 1.01722 0)
(15.8478 0.817628 0)
(16.5922 0.767359 0)
(16.9472 0.498949 0)
(17.4902 0.466289 0)
(17.786 0.246125 0)
(18.1277 0.204543 0)
(18.2579 0.0695369 0)
(18.5276 -0.00352105 0)
(18.278 -0.0691659 0)
(18.6866 -0.0853551 0)
(18.4206 -0.137237 0)
(20.6016 0.64955 0)
(22.4269 0.561954 0)
(23.9922 0.510567 0)
(25.5387 0.414679 0)
(26.9967 0.326639 0)
(28.2283 0.286851 0)
(29.2029 0.249781 0)
(30.0106 0.221558 0)
(30.6529 0.19448 0)
(31.1836 0.149583 0)
(31.5405 0.148132 0)
(31.8194 0.130376 0)
(32.0316 0.102422 0)
(32.1785 0.0448242 0)
(32.1169 -0.0756358 0)
(31.8157 -0.193885 0)
(31.2075 -0.328359 0)
(30.328 -0.435993 0)
(29.1789 -0.522429 0)
(27.812 -0.601104 0)
(26.2808 -0.67473 0)
(24.743 -0.721394 0)
(23.3137 -0.723851 0)
(21.9813 -0.604966 0)
(20.738 -0.442068 0)
(19.6651 -0.28925 0)
(18.8771 -0.0905047 0)
(18.3866 0.0742662 0)
(18.1964 0.154429 0)
(18.3087 0.294535 0)
(18.701 0.432538 0)
(19.3081 0.56719 0)
(20.0807 0.689345 0)
(21.0011 0.782857 0)
(22.0784 0.86006 0)
(23.3201 0.887953 0)
(24.5861 0.830799 0)
(25.8222 0.783481 0)
(26.9285 0.618033 0)
(27.7534 0.459718 0)
(28.4273 0.289565 0)
(28.6785 -0.0162167 0)
(28.6829 -0.131423 0)
(28.3371 -0.411568 0)
(27.5308 -0.583843 0)
(26.6138 -0.662154 0)
(25.218 -1.04088 0)
(23.7053 -0.931289 0)
(21.9976 -1.28948 0)
(19.5413 -1.63118 0)
(17.403 -1.37196 0)
(14.1889 -2.53475 0)
(9.48977 -3.37507 0)
(5.02493 -1.82444 0)
(1.66958 0.157646 0)
(-0.797304 1.36986 0)
(-2.37309 1.72626 0)
(-2.82272 1.49998 0)
(-2.82346 1.14193 0)
(-2.11152 0.836834 0)
(-1.61784 0.602133 0)
(-0.628707 0.403763 0)
(-0.139523 0.30824 0)
(0.893779 0.299257 0)
(1.46632 0.313858 0)
(2.39672 0.277572 0)
(2.92748 0.377654 0)
(4.01786 0.371658 0)
(4.2405 0.304901 0)
(5.23299 0.307597 0)
(5.55255 0.27899 0)
(6.09718 0.202168 0)
(6.38064 0.193402 0)
(6.80981 0.243603 0)
(6.88747 0.0870417 0)
(7.12093 0.281146 0)
(7.35425 0.101587 0)
(7.09838 0.105281 0)
(7.55901 0.253573 0)
(7.22091 0.0241632 0)
)
;

boundaryField
{
    inlet
    {
        type            fixedValue;
        value           uniform (10 0 0);
    }
    outlet
    {
        type            zeroGradient;
    }
    walls
    {
        type            fixedValue;
        value           uniform (0 0 0);
    }
    frontAndBack
    {
        type            empty;
    }
}


// ************************************************************************* //
