/*--------------------------------*- C++ -*----------------------------------*\
| =========                 |                                                 |
| \\      /  F ield         | OpenFOAM: The Open Source CFD Toolbox           |
|  \\    /   O peration     | Version:  2306                                  |
|   \\  /    A nd           | Website:  www.openfoam.com                      |
|    \\/     M anipulation  |                                                 |
\*---------------------------------------------------------------------------*/
FoamFile
{
    version     2.0;
    format      ascii;
    arch        "LSB;label=32;scalar=64";
    class       surfaceScalarField;
    location    "0.2";
    object      phi;
}
// * * * * * * * * * * * * * * * * * * * * * * * * * * * * * * * * * * * * * //

dimensions      [0 3 -1 0 0 0 0];

oriented        oriented;

internalField   nonuniform List<scalar> 
8520
(
0.00992783
7.21679e-05
0.00978961
0.000138223
0.00962951
0.000160103
0.00946825
0.00016126
0.00930946
0.000158789
0.00914913
0.000160326
0.00898638
0.000162748
0.00882094
0.000165446
0.00865369
0.000167244
0.00848563
0.000168066
0.00831786
0.000167763
0.0081511
0.000166763
0.00798552
0.000165576
0.00782137
0.00016415
0.00765848
0.000162891
0.00749714
0.000161342
0.00733717
0.000159975
0.00717891
0.000158253
0.0070222
0.000156715
0.00686739
0.000154806
0.00671433
0.000153058
0.00656333
0.000151006
0.00641423
0.000149096
0.00626729
0.000146939
0.0061224
0.000144889
0.00597972
0.000142684
0.00583921
0.000140512
0.00570091
0.000138302
0.00556485
0.000136057
0.00543097
0.000133876
0.00529939
0.00013158
0.00516993
0.00012946
0.00504261
0.000127324
0.00491727
0.000125343
0.00479386
0.00012341
0.00467216
0.000121696
0.00455209
0.000120072
0.00443331
0.000118777
0.00431568
0.000117631
0.00419879
0.000116894
0.00408235
0.000116434
0.00396595
0.000116402
0.00384919
0.000116764
0.00373153
0.000117656
0.00361245
0.000119078
0.00349131
0.000121146
0.00336736
0.000123946
0.00323994
0.000127419
0.00310803
0.000131916
0.00297097
0.000137058
0.00282739
0.000143579
0.00267679
0.000150601
0.00251737
0.000159415
0.00234887
0.000168508
0.00216917
0.0001797
0.00197826
0.000190904
0.00177408
0.000204183
0.00155698
0.000217102
0.00132536
0.000231614
0.0010803
0.000245064
0.000821398
0.0002589
0.000550956
0.000270443
0.000271561
0.000279394
-6.26307e-06
0.000277824
-0.000259182
0.000252919
-0.000472751
0.000213569
-0.000619987
0.000147236
-0.000686154
6.61674e-05
-0.000642598
-4.35556e-05
-0.000487735
-0.000154863
-0.000210233
-0.000277502
9.55661e-05
-0.000305799
0.000368418
-0.000272852
0.000447009
-7.85908e-05
-1.03753e-05
0.000457384
-0.000409261
0.000398886
-7.09742e-05
-0.000338287
0.000284026
-0.000355
0.000207716
7.63099e-05
0.000180339
2.73772e-05
0.0100357
3.64825e-05
0.0100798
9.40787e-05
0.0101108
0.000129127
0.0101272
0.000144858
0.0101358
0.000150229
0.0101431
0.000153039
0.0101494
0.000156443
0.0101531
0.000161663
0.0101537
0.000166718
0.0101502
0.000171559
0.010143
0.000174929
0.0101323
0.000177423
0.0101188
0.000179098
0.0101028
0.000180205
0.0100843
0.000181331
0.0100638
0.000181901
0.0100408
0.000182903
0.010016
0.000183094
0.00998876
0.000183956
0.00995984
0.000183731
0.00992853
0.000184362
0.00989577
0.00018377
0.00986069
0.000184181
0.0098243
0.000183322
0.00978568
0.000183507
0.00974585
0.00018252
0.00970391
0.000182454
0.00966071
0.0001815
0.0096156
0.000181162
0.00956912
0.000180357
0.00952085
0.000179848
0.0094711
0.000179209
0.00941961
0.000178819
0.00936655
0.000178405
0.00931166
0.000178297
0.00925505
0.00017831
0.0091965
0.000178617
0.00913593
0.000179344
0.00907326
0.000180306
0.00900817
0.000181979
0.00894056
0.000184048
0.00886998
0.000186982
0.00879655
0.00019019
0.0087193
0.000194911
0.00863877
0.000199607
0.00855325
0.000206664
0.0084638
0.000213399
0.00836806
0.000223161
0.00826731
0.000232666
0.00815882
0.000245542
0.00804377
0.000258629
0.00791937
0.000275005
0.00778638
0.000292402
0.00764211
0.000312777
0.00748692
0.00033489
0.00731805
0.000359772
0.00713579
0.00038645
0.00693719
0.000415696
0.00672249
0.00044632
0.00648924
0.000478308
0.00623764
0.000510504
0.00596739
0.000540691
0.0056791
0.000567681
0.00537343
0.000583501
0.00504638
0.000579965
0.00469178
0.000568174
0.00429099
0.000548017
0.00384089
0.00051627
0.00330675
0.000490589
0.00267379
0.000478093
0.001874
0.000522291
0.000971679
0.000596519
0.000102147
0.000596681
-0.000407349
0.000430905
-0.000403031
0.000453065
-0.000177262
0.000173117
-0.00024894
-0.000266609
-0.000255493
-0.000348448
-0.000200326
2.11429e-05
0.000184494
-0.000204481
0.0100141
2.23746e-05
0.0100441
6.41333e-05
0.0100777
9.54582e-05
0.0101073
0.000115236
0.0101313
0.000126264
0.0101522
0.00013217
0.010173
0.000135611
0.0101949
0.000139729
0.0102179
0.000143733
0.0102407
0.000148757
0.0102631
0.000152555
0.0102842
0.000156337
0.0103045
0.000158834
0.0103236
0.000161033
0.0103423
0.000162706
0.0103601
0.000164005
0.0103775
0.000165558
0.0103942
0.000166399
0.0104101
0.000168035
0.0104254
0.00016846
0.0104396
0.000170116
0.0104533
0.000170144
0.0104656
0.000171789
0.0104775
0.000171506
0.0104879
0.000173113
0.0104977
0.000172689
0.010506
0.00017417
0.0105136
0.000173889
0.0105196
0.000175122
0.0105248
0.000175179
0.0105284
0.000176295
0.0105309
0.000176644
0.0105317
0.000178033
0.0105315
0.000178625
0.0105292
0.000180559
0.0105259
0.000181612
0.0105203
0.000184231
0.0105136
0.00018608
0.0105041
0.000189738
0.0104936
0.000192502
0.0104799
0.00019778
0.0104652
0.000201657
0.0104465
0.000208878
0.0104269
0.000214527
0.0104027
0.00022382
0.0103771
0.000232305
0.0103467
0.000243771
0.0103136
0.000256212
0.0102762
0.000270106
0.0102342
0.000287525
0.0101882
0.000304659
0.0101358
0.00032737
0.0100789
0.000349315
0.0100145
0.000377132
0.00994399
0.000405445
0.00986539
0.000438371
0.00977819
0.000473649
0.00968253
0.000511353
0.00957526
0.000553598
0.00945962
0.000593939
0.00932857
0.000641558
0.00918963
0.000679631
0.00902996
0.000727354
0.00885856
0.000754896
0.00864678
0.000791753
0.00840742
0.000807533
0.00811026
0.000845174
0.00777599
0.000850537
0.00736904
0.000897538
0.00692505
0.000922092
0.00643544
0.00101189
0.00596078
0.00107119
0.00537625
0.0011812
0.00462861
0.00117855
0.0038713
0.00121037
0.00292707
0.00111735
0.00161588
0.00104458
0.000287741
0.000979688
-0.000406533
0.000715417
0.000447775
-0.000669814
0.0100069
1.55085e-05
0.0100268
4.4227e-05
0.0100518
7.04291e-05
0.010077
9.00546e-05
0.0101002
0.000103005
0.0101223
0.000110158
0.0101431
0.000114794
0.0101642
0.000118599
0.0101863
0.000121608
0.0102095
0.000125612
0.0102332
0.00012886
0.0102569
0.00013261
0.0102805
0.000135204
0.0103038
0.000137789
0.010327
0.000139439
0.0103499
0.000141109
0.0103731
0.000142365
0.0103959
0.00014359
0.0104191
0.000144882
0.0104418
0.00014577
0.0104647
0.000147206
0.010487
0.00014779
0.0105095
0.000149343
0.0105313
0.000149644
0.0105531
0.000151376
0.0105744
0.000151389
0.0105951
0.000153413
0.0106158
0.000153277
0.0106353
0.000155531
0.010655
0.000155532
0.0106733
0.000157988
0.0106917
0.000158266
0.0107085
0.000161228
0.0107254
0.000161688
0.0107404
0.000165544
0.0107557
0.000166342
0.0107687
0.000171221
0.010782
0.000172816
0.0107928
0.000178911
0.0108038
0.000181553
0.0108121
0.000189403
0.0108206
0.000193178
0.0108261
0.000203428
0.0108319
0.000208711
0.0108339
0.000221824
0.0108368
0.00022935
0.0108349
0.00024571
0.0108346
0.000256453
0.0108284
0.00027636
0.0108243
0.000291573
0.0108136
0.000315391
0.0108049
0.000336094
0.0107894
0.000364837
0.0107754
0.000391113
0.0107541
0.000426767
0.0107347
0.000457761
0.0107062
0.000502144
0.0106808
0.000536765
0.0106439
0.000590453
0.0106107
0.000627195
0.0105635
0.000688686
0.0105174
0.000725708
0.0104537
0.000791081
0.0103809
0.000827674
0.0102789
0.000893806
0.0101541
0.000932353
0.0100019
0.000997298
0.00980665
0.00104584
0.00958822
0.00111596
0.00931825
0.00119206
0.00904855
0.00128159
0.00871827
0.00140147
0.00838361
0.00151586
0.00790325
0.00165891
0.00741607
0.00169756
0.00673467
0.00179875
0.00605834
0.00172091
0.00523369
0.00180434
0.00414671
0.0018024
0.0017655
0.00282898
0.0100043
1.12199e-05
0.0100166
3.18689e-05
0.010035
5.21257e-05
0.0100563
6.86575e-05
0.0100779
8.14043e-05
0.010099
8.91348e-05
0.0101192
9.45789e-05
0.0101397
9.80386e-05
0.0101606
0.000100758
0.0101826
0.000103601
0.010205
0.000106469
0.0102282
0.000109399
0.0102513
0.000112068
0.0102748
0.000114285
0.010298
0.000116269
0.0103214
0.000117692
0.0103447
0.000119141
0.0103681
0.00012014
0.0103915
0.000121472
0.0104151
0.000122241
0.0104386
0.0001237
0.010462
0.00012433
0.0104855
0.000125907
0.0105087
0.000126436
0.0105319
0.000128166
0.0105547
0.000128536
0.0105775
0.000130662
0.0105999
0.000130811
0.010622
0.000133477
0.0106439
0.000133598
0.0106652
0.000136713
0.0106863
0.000137193
0.0107067
0.000140763
0.0107267
0.000141732
0.0107462
0.000146053
0.0107649
0.000147662
0.0107832
0.000152886
0.0108004
0.000155621
0.0108175
0.000161797
0.010833
0.000166021
0.0108487
0.000173747
0.0108626
0.000179257
0.0108763
0.000189707
0.0108889
0.000196152
0.0109001
0.000210598
0.0109116
0.00021787
0.01092
0.000237358
0.0109305
0.00024591
0.0109359
0.000271005
0.0109455
0.000281959
0.010948
0.000312863
0.0109565
0.000327635
0.0109569
0.000364413
0.0109634
0.000384637
0.0109631
0.000427047
0.0109666
0.000454244
0.0109668
0.000501934
0.0109666
0.000536932
0.0109678
0.000589313
0.0109624
0.000632541
0.0109629
0.000688189
0.0109482
0.000740434
0.0109409
0.000798401
0.0109082
0.000860336
0.0108817
0.000920304
0.0108219
0.000992146
0.0107639
0.00105532
0.0106656
0.00114412
0.0105634
0.00121816
0.0104236
0.00133191
0.0102746
0.00143055
0.0100957
0.00158039
0.00989887
0.0017127
0.00968048
0.0018773
0.00937868
0.00199935
0.00903957
0.00213786
0.00855125
0.00220923
0.00799214
0.00236344
0.0073222
0.00247234
0.00257993
0.00650777
0.010003
8.17601e-06
0.0100118
2.30827e-05
0.0100256
3.83966e-05
0.0100432
5.10465e-05
0.0100624
6.21602e-05
0.0100825
6.90629e-05
0.0101023
7.47521e-05
0.0101226
7.77993e-05
0.0101426
8.06873e-05
0.0101638
8.24424e-05
0.0101853
8.49892e-05
0.0102078
8.68175e-05
0.0102303
8.96227e-05
0.0102535
9.1027e-05
0.0102763
9.34739e-05
0.0102998
9.42643e-05
0.0103227
9.62226e-05
0.0103462
9.66392e-05
0.0103693
9.83717e-05
0.0103929
9.86346e-05
0.0104161
0.000100467
0.0104397
0.000100726
0.010463
0.000102674
0.0104864
0.000103007
0.0105095
0.000105048
0.0105326
0.000105431
0.0105555
0.000107821
0.0105782
0.000108108
0.0106005
0.00011109
0.0106227
0.000111425
0.0106446
0.00011486
0.0106659
0.000115839
0.0106873
0.000119407
0.0107075
0.000121474
0.0107283
0.000125314
0.0107474
0.000128531
0.0107672
0.000133099
0.0107853
0.000137504
0.0108039
0.000143208
0.0108209
0.000148983
0.0108383
0.000156429
0.0108541
0.000163435
0.0108701
0.0001737
0.0108846
0.00018161
0.0108993
0.000195933
0.0109126
0.000204589
0.010926
0.000223948
0.0109379
0.000233966
0.0109505
0.000258398
0.0109608
0.000271661
0.0109734
0.000300294
0.0109819
0.000319094
0.0109951
0.000351294
0.011002
0.00037766
0.0110165
0.0004126
0.0110219
0.000448857
0.0110385
0.000485304
0.0110424
0.000533016
0.0110605
0.000571218
0.0110634
0.000629678
0.0110797
0.000671869
0.0110798
0.000740301
0.0110893
0.000788975
0.0110839
0.000865658
0.011079
0.000925211
0.0110654
0.00100575
0.0110332
0.00108757
0.0110081
0.00116924
0.01094
0.00128626
0.0108984
0.00137344
0.0107954
0.00153354
0.0107378
0.00163802
0.0106103
0.00184025
0.0105299
0.00195762
0.0103502
0.00217909
0.0101835
0.00230457
0.00988068
0.00251205
0.0095743
0.00266983
0.00923226
0.00281438
0.00301314
0.00879904
0.0100024
5.80209e-06
0.0100093
1.61747e-05
0.0100204
2.72913e-05
0.0100352
3.62134e-05
0.0100523
4.50351e-05
0.0100711
5.03448e-05
0.0100903
5.5562e-05
0.0101102
5.78792e-05
0.01013
6.0865e-05
0.0101507
6.17079e-05
0.0101716
6.41023e-05
0.0101936
6.48034e-05
0.0102156
6.76552e-05
0.0102385
6.8171e-05
0.010261
7.09181e-05
0.0102843
7.09911e-05
0.0103071
7.34205e-05
0.0103306
7.31745e-05
0.0103535
7.54288e-05
0.0103771
7.49969e-05
0.0104001
7.74868e-05
0.0104239
7.69528e-05
0.0104468
7.98016e-05
0.0104705
7.92151e-05
0.0104932
8.23846e-05
0.0105168
8.18044e-05
0.0105392
8.54634e-05
0.0105625
8.47661e-05
0.0105844
8.91965e-05
0.0106074
8.84289e-05
0.0106287
9.36234e-05
0.0106512
9.32898e-05
0.0106717
9.8924e-05
0.0106936
9.95347e-05
0.0107133
0.000105688
0.0107345
0.000107278
0.0107531
0.000114502
0.0107736
0.000116977
0.0107912
0.000125673
0.0108107
0.000129456
0.0108275
0.000139656
0.0108455
0.000145423
0.010862
0.000157221
0.010878
0.000165549
0.0108946
0.000179395
0.0109086
0.0001906
0.0109253
0.000207184
0.0109374
0.000221884
0.0109546
0.000241197
0.0109648
0.000261433
0.0109831
0.000282038
0.0109916
0.000310596
0.011011
0.000331837
0.0110191
0.00036958
0.0110389
0.000392819
0.0110484
0.000439395
0.0110677
0.000465924
0.0110794
0.000521399
0.0110975
0.000553126
0.0111115
0.000615592
0.0111252
0.000658173
0.0111425
0.000723065
0.0111475
0.000783906
0.0111673
0.000845889
0.0111599
0.000932652
0.0111761
0.000989525
0.011154
0.00110965
0.0111586
0.00116465
0.0111209
0.00132398
0.01111
0.00138434
0.0110568
0.00158672
0.011032
0.00166283
0.0109731
0.00189915
0.0109193
0.00201136
0.0108425
0.00225594
0.0107284
0.00241862
0.0106028
0.00263768
0.0104255
0.00284719
0.0102329
0.00300694
0.00324573
0.0100003
0.0100019
3.86979e-06
0.0100079
1.02072e-05
0.0100174
1.77518e-05
0.0100304
2.32051e-05
0.010046
2.9459e-05
0.0100635
3.29078e-05
0.0100821
3.69385e-05
0.0101015
3.84887e-05
0.0101214
4.09832e-05
0.0101417
4.1315e-05
0.0101625
4.33636e-05
0.0101839
4.33462e-05
0.0102057
4.59493e-05
0.0102281
4.5673e-05
0.0102505
4.85578e-05
0.0102737
4.78312e-05
0.0102964
5.07215e-05
0.0103199
4.96738e-05
0.0103427
5.25593e-05
0.0103664
5.13443e-05
0.0103893
5.45281e-05
0.0104131
5.32249e-05
0.010436
5.68672e-05
0.0104598
5.54629e-05
0.0104825
5.96344e-05
0.0105062
5.81169e-05
0.0105286
6.30442e-05
0.0105522
6.12248e-05
0.0105741
6.72667e-05
0.0105974
6.50982e-05
0.0106187
7.23517e-05
0.0106417
7.02725e-05
0.0106623
7.83328e-05
0.0106847
7.71056e-05
0.0107047
8.56784e-05
0.0107263
8.56746e-05
0.0107457
9.51009e-05
0.0107665
9.6222e-05
0.0107851
0.000107056
0.010805
0.000109539
0.010823
0.000121736
0.0108417
0.000126685
0.0108594
0.00013948
0.0108765
0.000148489
0.0108945
0.000161361
0.0109099
0.000175188
0.010928
0.000189122
0.0109428
0.000207106
0.0109601
0.000223895
0.0109753
0.000246169
0.0109918
0.000265551
0.0110078
0.000294662
0.0110243
0.000315314
0.011041
0.000352895
0.0110578
0.000375972
0.0110762
0.000420985
0.0110929
0.000449287
0.0111135
0.000500759
0.0111296
0.000537021
0.0111517
0.000593509
0.011167
0.000642849
0.0111892
0.000700843
0.0112034
0.000769703
0.011223
0.000826383
0.0112342
0.000921456
0.0112476
0.000976079
0.0112525
0.00110477
0.0112563
0.00116081
0.0112549
0.00132543
0.0112436
0.00139557
0.0112387
0.00159165
0.0112119
0.00168961
0.0111987
0.00191238
0.0111565
0.0020536
0.011125
0.00228741
0.011058
0.00248563
0.0109916
0.00270409
0.010899
0.0029398
0.0107556
0.0031503
0.00337827
0.0106231
0.0100018
2.08943e-06
0.0100072
4.80525e-06
0.0100159
9.0532e-06
0.0100278
1.1329e-05
0.0100423
1.48806e-05
0.0100589
1.63343e-05
0.010077
1.88498e-05
0.010096
1.94724e-05
0.0101158
2.11522e-05
0.0101361
2.10678e-05
0.0101568
2.2649e-05
0.0101779
2.22084e-05
0.0101995
2.43443e-05
0.0102217
2.35068e-05
0.0102441
2.61943e-05
0.010267
2.48741e-05
0.0102898
2.79449e-05
0.0103132
2.62375e-05
0.0103362
2.96026e-05
0.0103598
2.77263e-05
0.0103829
3.14539e-05
0.0104065
2.96042e-05
0.0104297
3.36526e-05
0.0104532
3.19773e-05
0.0104765
3.63339e-05
0.0104997
3.49042e-05
0.010523
3.97436e-05
0.0105459
3.83872e-05
0.010569
4.41128e-05
0.0105914
4.26769e-05
0.0106142
4.95622e-05
0.0106363
4.82403e-05
0.0106585
5.60798e-05
0.01068
5.55835e-05
0.0107018
6.39143e-05
0.0107226
6.49011e-05
0.0107439
7.37647e-05
0.0107639
7.62219e-05
0.0107845
8.6424e-05
0.0108041
8.9969e-05
0.0108237
0.00010215
0.010843
0.000107375
0.0108617
0.000120766
0.0108805
0.000129737
0.0108989
0.000142905
0.0109168
0.00015729
0.0109353
0.000170613
0.0109529
0.000189562
0.0109709
0.000205852
0.0109895
0.000227625
0.0110065
0.000248565
0.0110268
0.000274343
0.0110433
0.000298773
0.0110652
0.000331005
0.0110822
0.000358952
0.0111058
0.00039742
0.0111235
0.000431538
0.0111486
0.000475725
0.0111678
0.000517817
0.011193
0.000568286
0.0112143
0.000621541
0.0112392
0.000675932
0.0112613
0.000747656
0.0112847
0.000802942
0.0113067
0.000899471
0.0113244
0.000958397
0.0113469
0.00108225
0.0113555
0.00115216
0.0113759
0.00130508
0.0113758
0.00139564
0.0113911
0.00157641
0.0113781
0.00170259
0.0113868
0.0019037
0.0113599
0.00208048
0.0113475
0.00229976
0.0113158
0.00251736
0.0112607
0.00275925
0.0112056
0.00299482
0.0110947
0.00326118
0.00350261
0.0109704
0.0100018
3.22958e-07
0.0100069
-3.27788e-07
0.0100152
7.93998e-07
0.0100267
-1.7953e-07
0.0100406
9.67809e-07
0.0100569
9.58165e-09
0.0100745
1.26924e-06
0.0100935
4.60831e-07
0.0101131
1.52513e-06
0.0101334
7.78406e-07
0.0101541
1.95227e-06
0.0101751
1.22569e-06
0.0101968
2.63965e-06
0.0102186
1.69068e-06
0.0102413
3.53019e-06
0.0102638
2.30442e-06
0.010287
4.75911e-06
0.0103102
3.09389e-06
0.0103335
6.30896e-06
0.010357
4.23691e-06
0.0103802
8.17544e-06
0.0104039
5.98851e-06
0.0104273
1.02502e-05
0.0104507
8.51523e-06
0.0104744
1.26782e-05
0.0104974
1.18535e-05
0.0105213
1.58254e-05
0.0105439
1.58475e-05
0.0105678
2.01628e-05
0.01059
2.05078e-05
0.0106136
2.60082e-05
0.0106356
2.61798e-05
0.0106584
3.32877e-05
0.0106804
3.35916e-05
0.0107024
4.1873e-05
0.010724
4.33164e-05
0.0107457
5.21282e-05
0.0107665
5.53878e-05
0.0107878
6.51379e-05
0.0108081
6.96226e-05
0.0108285
8.17308e-05
0.010849
8.69289e-05
0.0108684
0.000101382
0.0108888
0.000109309
0.0109079
0.000123766
0.0109276
0.000137626
0.0109476
0.000150602
0.0109662
0.000170982
0.0109873
0.000184756
0.0110058
0.000209125
0.0110272
0.000227122
0.0110472
0.000254377
0.0110684
0.000277537
0.0110909
0.000308541
0.011112
0.000337908
0.0111376
0.000371802
0.0111582
0.000410859
0.0111878
0.000446141
0.0112081
0.000497532
0.0112411
0.000535324
0.0112631
0.00059949
0.0112958
0.000643251
0.0113229
0.00072053
0.0113519
0.000773939
0.0113837
0.000867662
0.011409
0.000933123
0.0114436
0.00104772
0.011462
0.00113373
0.0115018
0.00126529
0.0115079
0.00138948
0.0115479
0.00153641
0.011548
0.00170253
0.0115703
0.00188136
0.0115681
0.0020827
0.0115674
0.00230053
0.0115497
0.00253499
0.011518
0.00279097
0.0114596
0.00305329
0.011384
0.00333677
0.00362712
0.0112595
0.0100019
-1.55939e-06
0.0100068
-5.23209e-06
0.0100152
-7.65315e-06
0.0100266
-1.15432e-05
0.0100407
-1.31096e-05
0.0100568
-1.61458e-05
0.0100746
-1.64543e-05
0.0100935
-1.84963e-05
0.0101132
-1.81862e-05
0.0101335
-1.95425e-05
0.0101542
-1.8742e-05
0.0101753
-1.98572e-05
0.0101971
-1.90987e-05
0.0102189
-2.01163e-05
0.0102418
-1.9374e-05
0.0102641
-1.99849e-05
0.0102878
-1.90268e-05
0.0103104
-1.94342e-05
0.0103346
-1.78709e-05
0.0103573
-1.84933e-05
0.0103815
-1.60267e-05
0.0104045
-1.70542e-05
0.0104286
-1.3806e-05
0.0104519
-1.48182e-05
0.0104758
-1.12043e-05
0.0104992
-1.1584e-05
0.010523
-7.95891e-06
0.0105463
-7.41892e-06
0.01057
-3.55569e-06
0.010593
-2.45539e-06
0.0106165
2.50729e-06
0.0106392
3.48466e-06
0.0106623
1.01939e-05
0.0106846
1.12106e-05
0.0107075
1.90435e-05
0.0107291
2.17038e-05
0.010752
2.91724e-05
0.0107726
3.48563e-05
0.0107958
4.19288e-05
0.0108154
4.99873e-05
0.0108384
5.86984e-05
0.010858
6.74244e-05
0.0108802
7.91337e-05
0.0109002
8.93123e-05
0.0109216
0.000102368
0.0109423
0.000116949
0.0109632
0.000129708
0.0109847
0.000149464
0.0110054
0.000164032
0.0110282
0.000186328
0.011049
0.000206356
0.0110734
0.000229925
0.011095
0.000255958
0.011121
0.000282515
0.0111443
0.000314608
0.0111721
0.000344004
0.0111976
0.000385388
0.0112273
0.00041642
0.0112561
0.000468742
0.0112872
0.000504205
0.0113202
0.000566565
0.0113526
0.000610784
0.0113901
0.000683048
0.0114221
0.00074195
0.011467
0.000822779
0.0114955
0.00090457
0.0115462
0.000997059
0.0115769
0.001103
0.0116223
0.00121985
0.01166
0.00135178
0.0116984
0.00149808
0.0117323
0.00166864
0.0117635
0.00185014
0.0117871
0.00205904
0.0117986
0.00228905
0.0117995
0.00253407
0.0117817
0.00280879
0.0117393
0.0030957
0.0116635
0.00341256
0.00372619
0.0115644
0.0100021
-3.70285e-06
0.010007
-1.00934e-05
0.0100161
-1.67947e-05
0.0100277
-2.30977e-05
0.0100425
-2.7942e-05
0.0100589
-3.24653e-05
0.0100771
-3.47063e-05
0.0100961
-3.75357e-05
0.0101161
-3.81022e-05
0.0101365
-3.99504e-05
0.0101572
-3.94362e-05
0.0101786
-4.1271e-05
0.0102002
-4.07701e-05
0.0102225
-4.24187e-05
0.0102453
-4.2119e-05
0.0102681
-4.27535e-05
0.0102917
-4.26136e-05
0.0103146
-4.23774e-05
0.0103386
-4.18783e-05
0.0103617
-4.1611e-05
0.0103858
-4.01072e-05
0.0104093
-4.05384e-05
0.0104332
-3.77227e-05
0.0104571
-3.86851e-05
0.0104808
-3.49778e-05
0.0105048
-3.55187e-05
0.0105287
-3.18727e-05
0.0105522
-3.09474e-05
0.0105764
-2.77877e-05
0.0105994
-2.54149e-05
0.0106237
-2.17439e-05
0.0106465
-1.93092e-05
0.0106701
-1.34085e-05
0.0106931
-1.18372e-05
0.010716
-3.82457e-06
0.0107389
-1.17645e-06
0.0107616
6.4551e-06
0.0107836
1.28314e-05
0.0108068
1.87339e-05
0.0108278
2.90054e-05
0.0108511
3.53543e-05
0.0108722
4.63627e-05
0.0108945
5.678e-05
0.0109168
6.70589e-05
0.010938
8.11819e-05
0.0109615
9.34619e-05
0.0109821
0.000109099
0.0110069
0.000124644
0.0110271
0.000143792
0.011054
0.000159456
0.011074
0.000186306
0.011103
0.000201019
0.0111247
0.000234189
0.0111537
0.000253525
0.0111806
0.0002877
0.0112081
0.000316562
0.0112411
0.000352367
0.0112691
0.00038839
0.0113061
0.000431747
0.0113376
0.000472675
0.0113781
0.000526074
0.0114136
0.000575316
0.0114581
0.000638581
0.0114993
0.000700727
0.0115451
0.000776973
0.0115956
0.000854101
0.0116425
0.000950121
0.0116984
0.00104715
0.0117507
0.00116755
0.0118089
0.00129355
0.0118615
0.00144544
0.01192
0.00161013
0.0119707
0.00179943
0.0120135
0.00201633
0.0120544
0.0022481
0.0120688
0.00251973
0.0120752
0.00280233
0.0120447
0.00312626
0.0119951
0.00346208
0.00383798
0.0118834
0.0100022
-5.94613e-06
0.0100077
-1.55003e-05
0.0100178
-2.6895e-05
0.0100303
-3.56964e-05
0.0100463
-4.39276e-05
0.0100633
-4.94547e-05
0.0100824
-5.38196e-05
0.0101016
-5.66763e-05
0.010122
-5.85041e-05
0.0101422
-6.01843e-05
0.0101634
-6.0586e-05
0.0101849
-6.27718e-05
0.0102069
-6.28448e-05
0.0102296
-6.50537e-05
0.0102524
-6.49369e-05
0.0102756
-6.6006e-05
0.010299
-6.59736e-05
0.0103225
-6.58802e-05
0.0103463
-6.56235e-05
0.0103699
-6.52167e-05
0.0103939
-6.41713e-05
0.0104177
-6.42779e-05
0.0104419
-6.19442e-05
0.0104658
-6.26266e-05
0.0104901
-5.92241e-05
0.0105141
-5.94985e-05
0.0105385
-5.63346e-05
0.0105621
-5.44852e-05
0.010587
-5.27292e-05
0.0106099
-4.83174e-05
0.010635
-4.68005e-05
0.0106579
-4.22441e-05
0.0106819
-3.74669e-05
0.010706
-3.59039e-05
0.0107281
-2.59162e-05
0.0107536
-2.66294e-05
0.0107743
-1.43374e-05
0.0107998
-1.26014e-05
0.0108209
-2.38742e-06
0.0108453
4.64677e-06
0.0108673
1.32705e-05
0.0108907
2.29909e-05
0.0109132
3.43363e-05
0.0109368
4.34625e-05
0.0109595
5.84422e-05
0.0109827
7.02112e-05
0.0110075
8.43899e-05
0.0110293
0.000102806
0.0110571
0.000116017
0.0110781
0.000138389
0.011108
0.000156458
0.011131
0.000178028
0.0111613
0.000203864
0.0111878
0.000226975
0.0112197
0.000255846
0.0112485
0.000287731
0.0112852
0.000315729
0.0113154
0.000358179
0.0113571
0.000390039
0.0113921
0.000437615
0.0114359
0.000482287
0.0114795
0.000531708
0.0115264
0.000591715
0.0115759
0.000651209
0.0116327
0.000720244
0.011685
0.000801803
0.0117521
0.000883009
0.0118129
0.000986269
0.0118866
0.00109389
0.0119535
0.00122665
0.0120381
0.00136089
0.0121066
0.00154156
0.0121886
0.00171747
0.0122591
0.00194582
0.0123222
0.002185
0.0123701
0.00247178
0.0124002
0.00277229
0.0123971
0.00312938
0.0123607
0.00349846
0.00392206
0.0122766
0.0100024
-8.333e-06
0.0100091
-2.21873e-05
0.0100206
-3.83851e-05
0.010035
-5.00879e-05
0.0100526
-6.16183e-05
0.0100707
-6.75185e-05
0.0100909
-7.39806e-05
0.0101101
-7.59342e-05
0.010131
-7.94227e-05
0.0101512
-8.03515e-05
0.010173
-8.24109e-05
0.0101948
-8.44962e-05
0.0102176
-8.56732e-05
0.0102403
-8.77377e-05
0.0102638
-8.84487e-05
0.0102869
-8.90986e-05
0.0103108
-8.98845e-05
0.0103342
-8.92483e-05
0.0103583
-8.97589e-05
0.010382
-8.89358e-05
0.0104063
-8.84117e-05
0.0104305
-8.85038e-05
0.0104545
-8.592e-05
0.0104796
-8.77222e-05
0.0105028
-8.24825e-05
0.0105288
-8.54504e-05
0.0105517
-7.92513e-05
0.0105774
-8.01915e-05
0.0106013
-7.66073e-05
0.0106253
-7.23688e-05
0.0106509
-7.23825e-05
0.0106733
-6.46561e-05
0.0106995
-6.36684e-05
0.010722
-5.83675e-05
0.0107468
-5.07435e-05
0.0107709
-5.07192e-05
0.0107937
-3.71691e-05
0.010819
-3.78943e-05
0.0108412
-2.45473e-05
0.010866
-2.02088e-05
0.0108892
-9.87259e-06
0.0109129
-7.75657e-07
0.0109372
1.00922e-05
0.0109606
2.00277e-05
0.0109855
3.35567e-05
0.0110091
4.66361e-05
0.0110355
5.80138e-05
0.0110583
7.9921e-05
0.0110878
8.65712e-05
0.0111099
0.000116273
0.0111417
0.000124662
0.0111666
0.000153128
0.0111973
0.00017312
0.0112291
0.000195269
0.0112584
0.000226544
0.0112956
0.000250444
0.0113285
0.000282828
0.0113676
0.00031915
0.0114082
0.000349399
0.0114494
0.000396402
0.0114969
0.000434775
0.0115452
0.000483413
0.011597
0.000539909
0.0116559
0.000592353
0.0117152
0.000660977
0.0117817
0.000735231
0.0118558
0.000808937
0.0119307
0.000911415
0.0120155
0.00100906
0.0121123
0.00112982
0.0121977
0.00127554
0.012312
0.00142728
0.012406
0.00162341
0.0125183
0.00183349
0.0126108
0.00209251
0.0127001
0.00238253
0.0127586
0.00271379
0.0128049
0.00308311
0.0127776
0.00352571
0.00396054
0.0127391
0.0100028
-1.109e-05
0.0100119
-3.12878e-05
0.0100255
-5.20375e-05
0.010043
-6.75679e-05
0.0100625
-8.11531e-05
0.0100823
-8.72516e-05
0.010103
-9.46849e-05
0.0101227
-9.56408e-05
0.0101438
-0.000100563
0.0101645
-0.000101039
0.0101869
-0.00010486
0.0102093
-0.000106866
0.0102327
-0.000109091
0.0102558
-0.000110777
0.0102798
-0.000112515
0.0103029
-0.00011217
0.0103274
-0.000114334
0.0103507
-0.00011256
0.0103753
-0.000114355
0.0103991
-0.000112809
0.0104237
-0.000113012
0.0104483
-0.000113032
0.0104725
-0.000110167
0.0104981
-0.000113285
0.0105214
-0.000105783
0.0105481
-0.000112219
0.0105708
-0.000101895
0.0105976
-0.000106954
0.0106213
-0.000100309
0.010646
-9.70648e-05
0.0106723
-9.87206e-05
0.0106941
-8.64685e-05
0.0107226
-9.21519e-05
0.0107431
-7.88865e-05
0.0107713
-7.89069e-05
0.0107932
-7.26201e-05
0.0108188
-6.28473e-05
0.0108434
-6.2405e-05
0.0108664
-4.76157e-05
0.0108931
-4.69313e-05
0.0109144
-3.11646e-05
0.0109428
-2.91545e-05
0.010963
-1.00748e-05
0.0109931
-1.0072e-05
0.011012
1.46104e-05
0.0110451
1.35951e-05
0.0110624
4.07351e-05
0.0110981
4.41331e-05
0.0111164
6.83581e-05
0.0111516
8.10448e-05
0.0111752
0.000101079
0.0112083
0.000119964
0.0112369
0.000144513
0.0112721
0.000160073
0.0113027
0.000195974
0.0113429
0.000210232
0.0113776
0.000248128
0.0114198
0.000276915
0.0114642
0.000305037
0.0115072
0.000353456
0.0115613
0.00038062
0.0116115
0.000433237
0.0116702
0.000481157
0.0117359
0.000526692
0.0117981
0.000598801
0.0118811
0.000652169
0.0119535
0.000736618
0.0120509
0.000814005
0.0121452
0.000914687
0.0122533
0.00102175
0.0123765
0.0011524
0.0124981
0.00130559
0.0126419
0.00147964
0.0127771
0.0016983
0.0129203
0.0019493
0.01306
0.00224286
0.0131579
0.00261589
0.013261
0.00297996
0.0132859
0.00350081
0.0039986
0.0132479
0.0100039
-1.49418e-05
0.0100168
-4.42762e-05
0.0100347
-6.98567e-05
0.0100564
-8.93346e-05
0.010078
-0.000102743
0.0100991
-0.000108352
0.01012
-0.00011557
0.0101402
-0.00011581
0.010162
-0.000122422
0.0101836
-0.000122605
0.010207
-0.000128297
0.01023
-0.000129812
0.0102542
-0.000133333
0.0102774
-0.000133991
0.0103021
-0.000137223
0.010325
-0.000134981
0.0103504
-0.000139747
0.0103729
-0.000135139
0.0103992
-0.000140574
0.0104216
-0.000135276
0.0104486
-0.000140028
0.010471
-0.00013536
0.0104983
-0.000137478
0.0105213
-0.000136254
0.0105474
-0.000131965
0.0105724
-0.000137207
0.0105964
-0.000125872
0.0106234
-0.00013398
0.0106462
-0.000123048
0.0106733
-0.00012416
0.010697
-0.000122433
0.0107221
-0.000111565
0.010748
-0.000118111
0.0107707
-0.000101543
0.0107985
-0.000106674
0.0108198
-9.39254e-05
0.0108478
-9.09251e-05
0.0108696
-8.41484e-05
0.0108963
-7.43711e-05
0.01092
-7.05795e-05
0.0109446
-5.57323e-05
0.0109704
-5.50503e-05
0.010994
-3.36289e-05
0.0110207
-3.67319e-05
0.0110452
-9.96319e-06
0.0110722
-1.33434e-05
0.011098
1.48866e-05
0.0111257
1.65021e-05
0.0111542
3.97641e-05
0.0111802
5.50907e-05
0.011216
6.53056e-05
0.0112384
9.75543e-05
0.0112805
0.000102378
0.0113063
0.000134246
0.0113471
0.000155202
0.0113843
0.000173082
0.0114238
0.000208597
0.011467
0.000233746
0.0115181
0.000253915
0.0115574
0.000314098
0.0116252
0.000312878
0.0116709
0.000387485
0.011742
0.000410091
0.0118072
0.000461503
0.0118882
0.000517812
0.0119606
0.000579773
0.012065
0.000632194
0.0121506
0.000728364
0.012279
0.000786348
0.0123869
0.000913849
0.0125398
0.000999458
0.0126922
0.0011532
0.012859
0.00131283
0.0130518
0.00150555
0.0132434
0.0017577
0.0134333
0.00205299
0.0136189
0.00243026
0.0137524
0.00284641
0.0139009
0.00335238
0.00401846
0.013881
0.0100068
-2.17526e-05
0.0100273
-6.47339e-05
0.0100517
-9.42775e-05
0.0100776
-0.000115251
0.0101004
-0.000125547
0.0101232
-0.000131162
0.0101437
-0.000136082
0.0101653
-0.000137412
0.0101875
-0.00014457
0.0102109
-0.000146069
0.0102349
-0.000152255
0.0102591
-0.000154016
0.010283
-0.000157269
0.0103071
-0.000158002
0.0103307
-0.000160883
0.0103546
-0.00015887
0.0103784
-0.000163563
0.0104025
-0.000159177
0.0104265
-0.000164602
0.0104507
-0.000159457
0.0104749
-0.000164251
0.0104989
-0.00015933
0.0105232
-0.000161829
0.0105471
-0.000160171
0.0105707
-0.00015554
0.0105958
-0.000162321
0.0106171
-0.000147118
0.0106445
-0.000161403
0.0106629
-0.000141479
0.0106922
-0.000153405
0.010709
-0.000139284
0.0107382
-0.000140788
0.0107556
-0.000135491
0.0107827
-0.000128576
0.0108026
-0.000126663
0.0108259
-0.000117162
0.0108494
-0.000114479
0.0108692
-0.000103901
0.0108949
-0.000100107
0.0109139
-8.95666e-05
0.0109389
-8.07422e-05
0.0109603
-7.64345e-05
0.0109829
-5.61887e-05
0.011008
-6.18899e-05
0.0110278
-2.97264e-05
0.0110581
-4.37073e-05
0.011074
-9.47166e-07
0.0111116
-2.11461e-05
0.0111249
2.65282e-05
0.0111679
1.20592e-05
0.0111834
4.98335e-05
0.0112276
5.33641e-05
0.0112467
8.32367e-05
0.0112989
8.20033e-05
0.011312
0.000142177
0.0113863
9.87092e-05
0.0113858
0.000209137
0.0114816
0.000137939
0.011485
0.000250511
0.0115765
0.000222567
0.0116153
0.000274166
0.0116859
0.000316812
0.0117601
0.000335891
0.0118349
0.00038675
0.0119183
0.000434403
0.0120277
0.000470362
0.012102
0.000557922
0.0122618
0.000568539
0.0123419
0.000706262
0.0125233
0.00073239
0.0126687
0.000854111
0.0128556
0.000966252
0.0130646
0.00110387
0.013304
0.00126617
0.0135818
0.00147991
0.0138331
0.00180166
0.0141416
0.0021218
0.0143345
0.00265349
0.0145674
0.00311942
0.00391712
0.0146688
0.010015
-3.67858e-05
0.0100439
-9.36423e-05
0.0100786
-0.000128955
0.0101078
-0.000144446
0.0101324
-0.000150169
0.0101532
-0.000151972
0.0101741
-0.000156959
0.0101963
-0.000159628
0.0102193
-0.000167502
0.0102423
-0.000169137
0.0102652
-0.000175096
0.0102862
-0.000175073
0.0103076
-0.000178646
0.0103267
-0.00017705
0.0103468
-0.000181017
0.0103649
-0.000176934
0.0103839
-0.000182592
0.0104013
-0.000176576
0.0104189
-0.000182247
0.0104357
-0.000176175
0.0104519
-0.000180451
0.0104672
-0.000174699
0.0104831
-0.00017766
0.0104953
-0.000172457
0.0105126
-0.000172847
0.0105205
-0.000170142
0.0105396
-0.000166284
0.0105439
-0.000165705
0.010563
-0.000160567
0.0105667
-0.000157043
0.010583
-0.000155645
0.0105883
-0.000146112
0.0106012
-0.000148334
0.0106078
-0.000135214
0.0106196
-0.000138417
0.0106245
-0.000122117
0.010639
-0.000128943
0.0106398
-0.00010473
0.0106588
-0.00011907
0.0106561
-8.69038e-05
0.0106787
-0.000103351
0.010675
-7.26976e-05
0.0106999
-8.10665e-05
0.010697
-5.89628e-05
0.0107243
-5.70262e-05
0.0107225
-4.19968e-05
0.0107537
-3.20653e-05
0.0107547
-2.21796e-05
0.0107895
-8.30865e-06
0.0107958
5.75581e-06
0.0108358
9.89211e-06
0.0108447
4.44324e-05
0.0108947
3.32858e-05
0.0109069
6.97708e-05
0.010966
8.30768e-05
0.010986
7.87403e-05
0.0110529
0.000142228
0.0110836
0.000107219
0.0111593
0.000174787
0.0112039
0.00017797
0.0112941
0.000184008
0.0113508
0.000260103
0.0114577
0.000228927
0.011535
0.000309527
0.0116703
0.000299079
0.0117417
0.000398912
0.0119401
0.00035959
0.0120231
0.00048554
0.0122302
0.000499166
0.0123797
0.00058289
0.0126249
0.000608909
0.0128099
0.000781256
0.0131283
0.000785438
0.0133996
0.000994858
0.0137858
0.00109376
0.0142029
0.00138454
0.0146867
0.00163802
0.0151687
0.00217146
0.0154464
0.00284169
0.00359641
0.0157671
0.0100362
-7.29685e-05
0.0100797
-0.000137135
0.0101114
-0.000160716
0.0101274
-0.000160433
0.0101365
-0.000159294
0.0101438
-0.000159242
0.0101502
-0.000163353
0.0101546
-0.000164013
0.0101549
-0.000167792
0.0101523
-0.000166544
0.0101452
-0.000168029
0.0101353
-0.000165182
0.0101224
-0.000165715
0.0101072
-0.000161895
0.0100896
-0.000163337
0.0100706
-0.00015793
0.0100485
-0.000160517
0.0100258
-0.00015392
0.00999998
-0.000156392
0.00997378
-0.000149974
0.00994469
-0.000151364
0.00991532
-0.000145329
0.00988376
-0.000146096
0.00985098
-0.000139677
0.00981868
-0.000140546
0.00978161
-0.000133079
0.00975004
-0.00013471
0.00970918
-0.00012485
0.00967795
-0.00012933
0.00963576
-0.000114851
0.00960353
-0.000123421
0.00956231
-0.000104887
0.00952889
-0.000114917
0.00948977
-9.60969e-05
0.00945578
-0.00010442
0.00941983
-8.61725e-05
0.00938579
-9.49052e-05
0.00935396
-7.28918e-05
0.00932136
-8.64752e-05
0.0092931
-5.86472e-05
0.0092654
-7.56481e-05
0.00923885
-4.61437e-05
0.00921992
-6.21366e-05
0.00919365
-3.2695e-05
0.00918727
-5.06456e-05
0.00916049
-1.52204e-05
0.00916747
-3.90426e-05
0.00914644
-1.14627e-06
0.00915651
-1.83847e-05
0.00915504
7.23074e-06
0.00916258
2.34836e-06
0.0091814
2.56183e-05
0.00920092
1.37616e-05
0.00922372
4.69696e-05
0.00927229
3.45129e-05
0.00929139
5.96351e-05
0.00937175
6.18655e-05
0.0094044
7.45691e-05
0.00948142
9.77686e-05
0.00958018
7.92143e-05
0.00960847
0.000155711
0.00980411
6.44707e-05
0.00978318
0.000249854
0.0100597
3.29868e-05
0.010056
0.000302798
0.0103253
0.000129615
0.0104295
0.000255351
0.0107019
0.000213182
0.0108039
0.000397172
0.0112737
0.000113089
0.0112638
0.000618788
0.011907
0.000138109
0.0119374
0.000754985
0.0127277
0.00020452
0.0128324
0.000989123
0.013855
0.000361966
0.0141459
0.00134703
0.0155286
0.000788772
0.0159437
0.00242659
0.00227292
0.0172672
0.00992703
0.0097899
0.00962918
0.00946875
0.00930945
0.00915021
0.00898686
0.00882285
0.00865505
0.00848851
0.00832048
0.0081553
0.00798958
0.00782769
0.00766435
0.00750642
0.0073459
0.00719198
0.00703559
0.00688562
0.00673425
0.00658893
0.00644283
0.00630315
0.00616261
0.00602953
0.00589482
0.00576997
0.00564064
0.00552579
0.00540237
0.00529748
0.00518256
0.00508646
0.00498204
0.00489587
0.00480097
0.00472807
0.0046416
0.00458295
0.0045073
0.00446116
0.00439902
0.00436633
0.00431568
0.00430046
0.00426142
0.00426027
0.00424189
0.00424912
0.00425147
0.00427709
0.00429085
0.00433782
0.00437233
0.00443197
0.00449383
0.0045684
0.00466617
0.00474538
0.0049011
0.00496557
0.00521542
0.00524841
0.0055512
0.00568082
0.00593617
0.00614935
0.00654652
0.00665961
0.0072784
0.00741651
0.00817149
0.00837601
0.00936514
0.0097271
0.0110741
0.0118629
0.0142895
0.0165624
-8.31625e-05
0.00011054
-0.000190204
0.000107042
-0.00021404
2.38361e-05
-0.000155796
-5.82441e-05
6.68455e-05
-0.000222642
0.000385126
-0.00031828
0.000646106
-0.00026098
0.000803822
-0.000157716
0.00077687
2.69519e-05
0.000749788
2.70816e-05
0.000360706
0.000389082
-0.00071923
0.00107994
-0.00193059
0.00121136
-0.00242711
0.000496514
-0.00241975
-7.36037e-06
-0.00222423
-0.000195523
-0.00170919
-0.000515033
-0.00121384
-0.000495349
-0.000866845
-0.000346999
-0.000866845
-0.00010624
1.2298e-05
-0.000188933
0.000189735
-0.000378468
0.000213371
-0.000521226
8.45137e-05
-0.000367367
-0.000376501
1.93429e-05
-0.000704991
0.000363243
-0.000604881
0.00058762
-0.000382093
0.000505869
0.000108702
-0.000214444
0.000747395
-0.00137039
0.00154503
-0.00244528
0.00215482
-0.00299047
0.00175655
-0.00322713
0.000733171
-0.00325608
2.15941e-05
-0.00294004
-0.000511562
-0.00248406
-0.000971011
-0.00191119
-0.00106822
-0.00100561
-0.00125258
-0.00187246
-0.000874176
0.00021666
-0.000929436
0.000244994
-0.000979719
0.000263654
-0.000969948
7.47429e-05
-0.000970117
-0.000376332
-0.000851029
-0.000824079
-0.000601135
-0.000854774
-0.000547168
-0.00043606
-0.000805159
0.000366692
-0.0014262
0.00136843
-0.00213981
0.00225864
-0.00263552
0.00265054
-0.00297615
0.00209718
-0.00321822
0.000975248
-0.00324694
5.0315e-05
-0.0029702
-0.000788306
-0.0025607
-0.00138051
-0.00196868
-0.00166024
-0.000937633
-0.00228362
-0.00281009
0.00135186
0.00169378
0.000107873
0.00148898
-0.000656384
0.00102791
-0.00116337
0.000581729
-0.00158147
4.17649e-05
-0.00145962
-0.000945929
-0.00135738
-0.000957009
-0.00123403
-0.000559415
-0.00126042
0.000393085
-0.00143996
0.00154797
-0.00168172
0.0025004
-0.00193392
0.00290274
-0.00223083
0.00239409
-0.00242025
0.00116466
-0.00245733
8.73999e-05
-0.00236279
-0.000882846
-0.00209994
-0.00164336
-0.00168991
-0.00207027
-0.000924511
-0.00304902
-0.00373461
0.00574704
0.00245452
0.00474371
0.00249231
0.00364325
0.00212837
0.00219506
0.00202992
0.000888769
0.00134806
-0.000533877
0.000476716
-0.00117057
-0.00032031
-0.0009736
-0.000756389
-0.000776492
0.000195976
-0.000701582
0.00147306
-0.000754645
0.00255347
-0.000879197
0.00302729
-0.000927202
0.00244209
-0.000984336
0.00122179
-0.00124266
0.000345729
-0.00144838
-0.000677127
-0.00140325
-0.00168849
-0.00118898
-0.00228455
-0.000756389
-0.00348161
-0.00449099
0.00829197
0.00296159
0.00758952
0.00319476
0.00676336
0.00295453
0.0058592
0.00293407
0.00488695
0.00232032
0.0033448
0.00201886
0.00157347
0.00145102
0.000296556
0.000520521
0.000194865
0.000297668
0.000368054
0.00129987
0.000574686
0.00234684
0.000862785
0.00273919
0.000950613
0.00235427
0.000631132
0.00154127
0.000178939
0.000797923
4.10017e-05
-0.00053919
-0.000212825
-0.00143467
-0.000459914
-0.00203746
-0.00041101
-0.00353051
-0.004902
0.00960772
0.00335418
0.00927147
0.00353101
0.00864442
0.00358157
0.0081164
0.00346209
0.00705787
0.00337885
0.00600965
0.00306709
0.00480815
0.00265252
0.00291781
0.00241086
0.00160045
0.00161503
0.0015136
0.00138672
0.00175974
0.00210069
0.00186427
0.00263467
0.00184056
0.00237798
0.00163751
0.00174432
0.00162178
0.000813655
0.00145274
-0.000370143
0.000642163
-0.000624094
9.07161e-05
-0.00148601
4.51432e-05
-0.00348494
-0.00485686
0.0103583
0.00361895
0.0101252
0.00376411
0.00974569
0.00396107
0.00921999
0.00398779
0.00859415
0.00400468
0.0077235
0.00393774
0.00667938
0.00369664
0.00557092
0.00351933
0.0039029
0.00328304
0.00279947
0.00249015
0.00285042
0.00204974
0.00322336
0.00226173
0.00352213
0.00207921
0.00334162
0.00192483
0.00304468
0.00111059
0.00268411
-9.57326e-06
0.00221744
-0.000157425
0.00176719
-0.00103576
0.00107255
-0.0027903
-0.00378431
0.010821
0.00376831
0.0105755
0.00400969
0.0103365
0.00420001
0.00991535
0.00440896
0.00943425
0.00448578
0.00882185
0.00455014
0.00796116
0.00455733
0.0071315
0.00434899
0.00616375
0.00425079
0.00457234
0.00408157
0.00340559
0.00321649
0.00301388
0.00265344
0.00318426
0.00190883
0.00327578
0.0018333
0.00311669
0.00126968
0.0025522
0.000554919
0.00246888
-7.41094e-05
0.00288245
-0.00144932
0.00193644
-0.00184429
-0.00184788
0.0111195
0.00390823
0.0109252
0.00420403
0.0106637
0.00446148
0.0103693
0.00470335
0.00994075
0.00491438
0.00944809
0.00504279
0.00882829
0.00517712
0.00797569
0.00520159
0.00731364
0.00491284
0.00667591
0.0047193
0.00576414
0.00412825
0.00530451
0.00311307
0.0056537
0.00155965
0.00584709
0.0016399
0.00589147
0.0012253
0.0057881
0.00065829
0.00573859
-2.46002e-05
0.00501855
-0.000729286
0.00327939
-0.000105118
0.00143151
0.0114067
0.00406591
0.0112265
0.00438432
0.0109745
0.00471345
0.0106627
0.00501512
0.0103064
0.00527064
0.00984109
0.00550815
0.0093993
0.00561892
0.00880874
0.00579215
0.00778725
0.00593433
0.00659474
0.00591182
0.0047496
0.00597339
0.00225117
0.0056115
0.000134726
0.0036761
-0.000596105
0.00237073
-0.00058001
0.00120921
-0.000433607
0.000511887
-0.000309518
-0.000148689
-0.000459367
-0.000579437
-0.000613291
4.88056e-05
0.000818219
0.0117529
0.00419641
0.0115309
0.00460632
0.011301
0.0049433
0.0109799
0.00533621
0.010593
0.00565752
0.0101312
0.00596999
0.0095645
0.00618563
0.00911321
0.00624344
0.00867767
0.00636986
0.00832324
0.00626625
0.0082541
0.00604253
0.0080158
0.00584979
0.00700813
0.00468378
0.00582612
0.00355274
0.00469801
0.00233732
0.00367211
0.00153779
0.00343106
9.23559e-05
0.00281041
4.12187e-05
0.0014822
0.00137701
0.00230042
0.0121242
0.00434879
0.0119351
0.00479541
0.0116116
0.00526683
0.0113243
0.00562347
0.0109047
0.00607709
0.0104909
0.00638388
0.00982788
0.0068486
0.00899129
0.00708003
0.0080918
0.00726935
0.00682416
0.00753389
0.00538786
0.00747883
0.00417324
0.00706442
0.00323251
0.00562451
0.00265764
0.00412761
0.00199669
0.00299826
0.00125973
0.00227474
0.000374315
0.000977775
-0.000107156
0.000522689
0.000459061
0.000810795
0.00275948
0.012567
0.00452096
0.012392
0.00497042
0.0120695
0.00558925
0.0116187
0.00607431
0.0111722
0.00652364
0.0107058
0.00685027
0.0104751
0.00707931
0.0102131
0.00734202
0.0100604
0.00742197
0.0100808
0.00751352
0.00942334
0.00813628
0.00795394
0.00853382
0.00575905
0.0078194
0.00377478
0.00611187
0.00262773
0.00414532
0.00199628
0.00290619
0.00032577
0.00264829
-0.00075197
0.00160043
-0.000552317
0.000611142
0.00220717
0.0131393
0.00462953
0.0128748
0.0052349
0.0126253
0.00583875
0.012173
0.00652657
0.0115298
0.00716687
0.0106815
0.0076986
0.00965389
0.00810692
0.00849044
0.00850547
0.00708547
0.00882695
0.0063867
0.00821229
0.00678217
0.00774082
0.00714552
0.00817047
0.00646801
0.00849691
0.00481719
0.0077627
0.00306553
0.00589698
0.00166917
0.00430255
0.000560116
0.00375734
-0.000426983
0.00258753
-0.00105779
0.00124195
0.00114938
0.0138187
0.00469179
0.0134962
0.00555749
0.0130659
0.00626904
0.0126285
0.00696391
0.0122301
0.0075653
0.011946
0.0079827
0.0117768
0.00827616
0.0117114
0.0085708
0.0111498
0.0093886
0.00936018
0.0100019
0.00772948
0.00937152
0.00709625
0.0088037
0.00660077
0.00899238
0.00549482
0.00886865
0.00370379
0.00768801
0.00193249
0.00607385
0.000616399
0.00507343
-0.000381468
0.0035854
-0.000852035
0.00171251
0.000297344
0.0146171
0.0047435
0.0143835
0.00579106
0.0137245
0.006928
0.0128708
0.00781763
0.01175
0.00868606
0.010242
0.00949069
0.00876822
0.00974998
0.00806925
0.00926978
0.00860764
0.0088502
0.00905335
0.00955617
0.00821976
0.0102051
0.00713277
0.0098907
0.00643155
0.0096936
0.00548598
0.00981422
0.00410742
0.00906657
0.0026663
0.00751497
0.00153199
0.00620774
0.000541689
0.0045757
-3.12938e-05
0.0022855
0.00026605
0.0157082
0.00480248
0.0152728
0.00622644
0.0147609
0.00743987
0.0144186
0.00815996
0.0142985
0.00880613
0.0139684
0.00982081
0.0128598
0.0108585
0.0107231
0.0114066
0.00891341
0.0106598
0.00843669
0.0100329
0.00820714
0.0104347
0.007415
0.0106828
0.00664527
0.0104633
0.00591656
0.0105429
0.00474454
0.0102386
0.00329788
0.00896164
0.00194765
0.00755797
0.000923217
0.00560013
0.00027717
0.00293154
0.00054322
0.017094
0.00497568
0.0161343
0.00718618
0.0146607
0.00891346
0.012614
0.0102067
0.0110573
0.0103628
0.0105898
0.0102883
0.0111096
0.0103388
0.0110934
0.0114228
0.00969972
0.0120535
0.00842057
0.0113121
0.00787907
0.0109762
0.00737843
0.0111835
0.00674009
0.0111017
0.00614978
0.0111332
0.00527969
0.0111087
0.00405981
0.0101815
0.00276429
0.00885349
0.00168395
0.00668046
0.000708011
0.00390749
0.00125123
0.0170772
0.00446085
0.0186124
0.00565105
0.0193113
0.00821453
0.0183489
0.0111691
0.015287
0.0134247
0.0122488
0.0133265
0.0105444
0.0120431
0.0103351
0.0116322
0.00985582
0.0125327
0.00868932
0.0124786
0.00780651
0.011859
0.00721887
0.0117711
0.00670241
0.0116181
0.00620551
0.0116301
0.00558561
0.0117286
0.00457781
0.0111893
0.00340273
0.0100286
0.00214833
0.00793487
0.000975271
0.00508054
0.0022265
0.00553703
-0.00107618
0.0100942
0.00109388
0.0141872
0.00412155
0.0163971
0.00895916
0.0163414
0.0134804
0.0137581
0.0159099
0.0111291
0.0146721
0.00991759
0.0128437
0.00954178
0.0129086
0.00867542
0.0133449
0.00771199
0.0128224
0.00704551
0.0124376
0.00650792
0.0121557
0.00606774
0.0120703
0.00562036
0.012176
0.0048415
0.0119682
0.00384311
0.011027
0.00265884
0.00911914
0.00127015
0.00646924
0.00349665
0.000328133
-0.00140431
0.00366223
-0.00224022
0.00857439
-0.000790609
0.0120065
0.00552709
0.0139801
0.0115067
0.0141948
0.0156952
0.0117131
0.0171538
0.00959111
0.0149656
0.00909305
0.0134066
0.00872937
0.0137086
0.00785798
0.0136938
0.00699219
0.0133034
0.00631184
0.0128361
0.00574798
0.0126342
0.00536724
0.0125567
0.00483305
0.0125024
0.00400346
0.0118565
0.00283334
0.0102893
0.00141713
0.00788545
0.00491378
0.00149245
-0.00289677
0.00227562
-0.00302338
0.00454889
-0.00306388
0.00791887
0.00215712
0.0105207
0.00890484
0.011705
0.0145109
0.0116993
0.0171595
0.00954022
0.0171247
0.00804531
0.0149015
0.00784744
0.0139065
0.00756096
0.0139802
0.0069336
0.0139308
0.0062401
0.0135296
0.005653
0.0132213
0.00520508
0.0130046
0.00465413
0.0130533
0.00384861
0.0126621
0.00280118
0.0113367
0.00150445
0.00918218
0.00641823
0.00103552
-0.00393229
0.00185209
-0.00383995
0.00226526
-0.00347705
0.00399911
0.000423269
0.00676341
0.00614054
0.00933544
0.0119389
0.00984187
0.0166531
0.0094389
0.0175277
0.00823112
0.0161093
0.00748578
0.0146518
0.00716603
0.0143
0.00671808
0.0143787
0.00607589
0.0141718
0.00537163
0.0139255
0.00481099
0.0135653
0.00433312
0.0135312
0.00368841
0.0133068
0.00267647
0.0123486
0.00134306
0.0105156
0.00776129
-0.00188811
-0.00204418
-0.00159644
-0.00413162
-0.00149551
-0.00357798
-0.000502956
-0.000569284
0.00187501
0.00376257
0.00599683
0.00781709
0.00722865
0.0154213
0.00757464
0.0171817
0.00730529
0.0163787
0.00698172
0.0149754
0.00678351
0.0144982
0.00649259
0.0146696
0.00598437
0.01468
0.00538371
0.0145262
0.00476549
0.0141835
0.00414585
0.0141508
0.00339143
0.0140612
0.00240771
0.0133323
0.001273
0.0116503
0.00903429
-0.00199845
-4.57337e-05
-0.00426883
-0.00186123
-0.0049701
-0.00287672
-0.00454651
-0.000992869
-0.0032216
0.00243766
0.00134966
0.00324583
0.00574602
0.0110249
0.0064439
0.0164838
0.0065153
0.0163073
0.00621362
0.0152771
0.00617019
0.0145416
0.0061635
0.0146763
0.00582532
0.0150181
0.00518337
0.0151681
0.00450042
0.0148665
0.00391316
0.0147381
0.00327793
0.0146964
0.00241616
0.0141941
0.00122147
0.012845
0.0102558
-0.00268527
0.00263954
-0.00525765
0.000711146
-0.00699691
-0.00113746
-0.00703711
-0.000952659
-0.00593929
0.00133983
-0.00339906
0.000705606
0.00261844
0.00500738
0.00659182
0.0125104
0.00631726
0.0165818
0.00593396
0.0156604
0.00567605
0.0147995
0.00565057
0.0147018
0.00555384
0.0151149
0.00518173
0.0155403
0.00453273
0.0155154
0.00385276
0.015418
0.00316198
0.0153872
0.00224959
0.0151065
0.00112797
0.0139666
0.0113837
-0.00183715
0.00447668
-0.00399165
0.00286565
-0.00603617
0.000907061
-0.00682193
-0.0001669
-0.00653641
0.00105431
-0.00552039
-0.000310415
-0.00222744
0.00171444
0.00377214
0.00651086
0.00748561
0.0128684
0.00704308
0.0161029
0.00611846
0.0157242
0.00561527
0.015205
0.00534795
0.0153822
0.00495794
0.0159303
0.00439443
0.016079
0.00373056
0.0160819
0.00300884
0.0161089
0.00218891
0.0159264
0.00113339
0.0150221
0.0125171
-0.000925639
0.00540232
-0.00226122
0.00420123
-0.00365827
0.00230411
-0.00412979
0.00030462
-0.00402907
0.000953594
-0.00448798
0.000148497
-0.00283852
6.49764e-05
0.000474361
0.00319798
0.00561853
0.00772418
0.00782583
0.0138956
0.00730152
0.0162485
0.00626405
0.0162425
0.00560337
0.0160429
0.00508875
0.0164449
0.00437763
0.0167901
0.00362844
0.0168311
0.00289994
0.0168374
0.00203798
0.0167884
0.00100567
0.0160544
0.0135228
-0.000350292
0.00575261
-0.00102906
0.00487999
-0.00167813
0.00295318
-0.00198406
0.00061055
-0.00114682
0.000116359
-0.000947098
-5.12269e-05
-0.000188963
-0.000693159
0.000967788
0.00204123
0.00371209
0.00497988
0.00736286
0.0102448
0.00810673
0.0155046
0.00718893
0.0171603
0.0060356
0.0171962
0.00523082
0.0172497
0.00454339
0.0174775
0.00371954
0.0176549
0.0028531
0.0177039
0.00199929
0.0176422
0.00101535
0.0170384
0.0145381
-6.876e-05
0.00582137
-0.00029924
0.00511047
-0.000161885
0.00281582
0.000114948
0.000333717
0.000945939
-0.000714632
0.00185521
-0.000960495
0.00239585
-0.0012338
0.00413586
0.000301214
0.00429652
0.00481923
0.00648766
0.00805366
0.00829608
0.0136962
0.00798888
0.0174675
0.00677986
0.0184052
0.00559354
0.018436
0.00457608
0.018495
0.00368517
0.0185459
0.00283147
0.0185576
0.00193609
0.0185376
0.000941893
0.0180326
0.01548
9.05216e-05
0.00573085
0.000174993
0.005026
0.000593761
0.00239705
0.00138573
-0.000458253
0.00234873
-0.00167763
0.00369745
-0.00230921
0.00455232
-0.00208868
0.006111
-0.00125746
0.00663689
0.00429333
0.00680261
0.00788794
0.0081307
0.0123681
0.00826894
0.0173292
0.00716813
0.0195061
0.00591127
0.0196928
0.00486099
0.0195453
0.0038305
0.0195764
0.00284145
0.0195466
0.00192784
0.0194512
0.000956518
0.0190039
0.0164366
0.000229218
0.00550163
0.000399846
0.00485537
0.00101504
0.00178186
0.00220711
-0.00165032
0.00362484
-0.00309536
0.00491872
-0.00360309
0.00625571
-0.00342566
0.00729665
-0.00229841
0.00832624
0.00326374
0.00786439
0.00834979
0.00815458
0.0120779
0.00836622
0.0171176
0.0075218
0.0203505
0.00612833
0.0210863
0.00483613
0.0208375
0.00376734
0.0206451
0.00277514
0.0205388
0.00183411
0.0203922
0.000882763
0.0199552
0.0173193
0.000199288
0.00530235
0.000439521
0.00461514
0.00141266
0.000808719
0.00278808
-0.00302574
0.00444861
-0.00475589
0.00575312
-0.0049076
0.00721348
-0.00488603
0.00799428
-0.00307921
0.00891503
0.00234299
0.00868439
0.00858044
0.00828284
0.0124794
0.00811027
0.0172902
0.00733969
0.0211211
0.00614273
0.0222832
0.00489935
0.0220808
0.00374162
0.0218029
0.00271582
0.0215646
0.00180697
0.0213011
0.000880501
0.0208817
0.0181998
0.000232967
0.00506938
0.000637031
0.00421108
0.00185567
-0.000409922
0.00340069
-0.00457075
0.00505802
-0.00641322
0.00632785
-0.00617743
0.00755193
-0.00611011
0.00815984
-0.00368712
0.00871539
0.00178743
0.00870628
0.00858955
0.00815215
0.0130336
0.00774191
0.0177004
0.00700827
0.0218547
0.00581009
0.0234814
0.0045784
0.0233125
0.00349972
0.0228816
0.0025195
0.0225448
0.00162109
0.0221995
0.000749292
0.0217535
0.0189491
0.000487912
0.00458147
0.00105075
0.00364824
0.00256149
-0.00192067
0.00420082
-0.00621008
0.00566529
-0.0078777
0.00673565
-0.00724779
0.00747609
-0.00685055
0.00776819
-0.00397922
0.00800898
0.00154664
0.00801972
0.00857881
0.00744422
0.0136091
0.00687306
0.0182716
0.00618673
0.022541
0.00524864
0.0244195
0.00416526
0.0243959
0.00314465
0.0239022
0.00227456
0.0234149
0.00148228
0.0229918
0.000705489
0.0225303
0.0196546
0.000783857
0.00379761
0.00163137
0.00280073
0.00340397
-0.00369326
0.00501326
-0.00781937
0.00613246
-0.00899689
0.00685088
-0.00796621
0.00713946
-0.00713914
0.0071185
-0.00395826
0.00703515
0.00162999
0.006966
0.00864796
0.00645443
0.0141207
0.005826
0.0189
0.00514574
0.0232213
0.0042797
0.0252855
0.00340086
0.0252748
0.00259492
0.0247081
0.00185838
0.0241515
0.00116884
0.0236813
0.000492559
0.0232066
0.0201472
0.000960681
0.00283693
0.0023952
0.00136621
0.00435106
-0.00564912
0.00572275
-0.00919107
0.00632796
-0.0096021
0.00652687
-0.00816511
0.00640011
-0.00701239
0.00617461
-0.00373276
0.00578496
0.00201964
0.00552572
0.0089072
0.00506059
0.0145858
0.00444284
0.0195177
0.00384463
0.0238195
0.00323977
0.0258904
0.00255213
0.0259624
0.0019262
0.025334
0.0013721
0.0247056
0.000842334
0.0242111
0.000381335
0.0236676
0.0205285
0.00075609
0.00208084
0.00299145
-0.000869157
0.00507898
-0.00773665
0.00607431
-0.0101864
0.00625894
-0.00978673
0.00602115
-0.00792733
0.00546696
-0.00645819
0.00487949
-0.00314529
0.00430879
0.00259034
0.00393901
0.00927698
0.00350445
0.0150204
0.00291776
0.0201044
0.00236262
0.0243747
0.00185356
0.0263994
0.00147606
0.0263399
0.00114022
0.0256699
0.000822258
0.0250235
0.000482257
0.0245511
0.000119828
0.02403
0.0206483
0.00067299
0.00140785
0.0036631
-0.00385927
0.00549537
-0.00956892
0.00593308
-0.0106241
0.00563968
-0.00949332
0.00503531
-0.00732297
0.00423244
-0.00565532
0.00344122
-0.00235407
0.00270223
0.00332933
0.00222404
0.00975518
0.00174838
0.015496
0.00123218
0.0206206
0.000877995
0.0247288
0.00067725
0.0266002
0.000506394
0.0265108
0.000382617
0.0257936
0.000218556
0.0251876
5.183e-05
0.0247178
-2.38361e-05
0.0241057
0.0206245
0.00132119
8.66544e-05
0.00468954
-0.00722761
0.00550204
-0.0103814
0.00528063
-0.0104027
0.00461354
-0.00882623
0.00382283
-0.00653225
0.00283004
-0.00466254
0.00189526
-0.00141929
0.00106489
0.00415971
0.000487702
0.0103324
-0.000101297
0.016085
-0.000606399
0.0211257
-0.000858829
0.0249813
-0.000793997
0.0265354
-0.000547317
0.0262641
-0.000383041
0.0256294
-0.000290355
0.0250949
-0.000249681
0.0246771
-0.000259617
0.0241156
0.0203649
0.00188554
-0.00179889
0.00444034
-0.00978241
0.00477295
-0.010714
0.00418102
-0.00981077
0.00337359
-0.00801879
0.00243272
-0.00559139
0.00129481
-0.00352463
0.000188013
-0.000312488
-0.000709712
0.00505744
-0.00144246
0.0110651
-0.0020016
0.0166441
-0.00236169
0.0214858
-0.00227587
0.0248955
-0.00182216
0.0260817
-0.00136745
0.0258094
-0.00101621
0.0252781
-0.00079333
0.024872
-0.000657299
0.0245411
-0.000421753
0.0238801
0.0199431
0.00278895
-0.00458784
0.00367936
-0.0106728
0.00375071
-0.0107854
0.00301812
-0.00907818
0.00206688
-0.00706756
0.00107042
-0.00459493
-0.000189216
-0.00226499
-0.00134642
0.000844715
-0.00247022
0.00618124
-0.0032311
0.011826
-0.00371291
0.0171259
-0.00384725
0.0216202
-0.00351559
0.0245638
-0.00283819
0.0254043
-0.00212747
0.0250987
-0.00162629
0.0247769
-0.00121602
0.0244618
-0.00084873
0.0241738
-0.000528754
0.0235601
0.0194144
0.00302419
-0.00761203
0.00307227
-0.0107209
0.00237148
-0.0100846
0.00169196
-0.00839866
0.000894584
-0.00627018
-5.28137e-05
-0.00364753
-0.00141096
-0.000906852
-0.0027467
0.00218046
-0.00390429
0.00733883
-0.00459208
0.0125138
-0.00493745
0.0174713
-0.00484146
0.0215242
-0.00416066
0.023883
-0.0032391
0.0244827
-0.00250628
0.0243659
-0.0018787
0.0241494
-0.0013915
0.0239746
-0.00108003
0.0238623
-0.000688327
0.0231684
0.018726
0.000902744
-0.00851478
0.00141473
-0.0112329
0.00113617
-0.00980603
0.000702962
-0.00796545
2.92859e-05
-0.0055965
-0.000929141
-0.0026891
-0.0023067
0.000470706
-0.00370877
0.00358253
-0.00479422
0.00842428
-0.00541478
0.0131343
-0.00563693
0.0176935
-0.00527859
0.0211658
-0.00446307
0.0230675
-0.00353096
0.0235506
-0.00271755
0.0235524
-0.00215125
0.0235831
-0.00168368
0.023507
-0.00118734
0.023366
-0.000633201
0.0226142
0.0180928
0.000934684
-0.00944946
0.00119642
-0.0114946
0.000893818
-0.00950343
0.000346983
-0.00741861
-0.000417576
-0.00483194
-0.00133642
-0.00177025
-0.00260769
0.00174197
-0.00395991
0.00493475
-0.00491681
0.00938118
-0.00548104
0.0136986
-0.00558637
0.0177988
-0.00511072
0.0206902
-0.00426199
0.0222187
-0.00342701
0.0227156
-0.00278574
0.0229112
-0.00213016
0.0229275
-0.00154326
0.0229201
-0.0011405
0.0229632
-0.000751605
0.0222253
0.0173412
0.000499681
-0.00994914
0.000442951
-0.0114379
0.000185942
-0.00924642
-0.00010629
-0.00712638
-0.000661798
-0.00427643
-0.00142304
-0.00100902
-0.00243732
0.00275626
-0.00368957
0.00618701
-0.00457855
0.0102701
-0.0051783
0.0142983
-0.00522523
0.0178457
-0.0047005
0.0201655
-0.00395485
0.0214731
-0.00321086
0.0219716
-0.00250444
0.0222048
-0.00204458
0.0224676
-0.00167869
0.0225542
-0.00122071
0.0225053
-0.000641862
0.0216465
0.0166994
0.000244311
-0.0101935
0.000443989
-0.0116376
0.000367392
-0.00916982
0.000108646
-0.00686764
-0.000389384
-0.0037784
-0.00105573
-0.00034267
-0.0018196
0.00352013
-0.00297279
0.00734019
-0.00375128
0.0110486
-0.00430688
0.0148539
-0.00426729
0.0178061
-0.00387627
0.0197744
-0.00330255
0.0208993
-0.00282288
0.021492
-0.00246683
0.0218487
-0.00198379
0.0219846
-0.00144226
0.0220127
-0.000971284
0.0220343
-0.00060143
0.0212766
0.0160979
0.000420624
-0.0106141
0.000417405
-0.0116344
0.000405456
-0.00915787
0.00035376
-0.00681594
7.10698e-05
-0.00349571
-0.000475744
0.000204144
-0.00105812
0.00410251
-0.00206079
0.00834286
-0.00284415
0.011832
-0.00345812
0.0154679
-0.00353464
0.0178827
-0.0032795
0.0195193
-0.00291775
0.0205376
-0.002469
0.0210432
-0.00193778
0.0213175
-0.00157004
0.0216168
-0.00129218
0.0217348
-0.00100449
0.0217466
-0.000605338
0.0208775
0.0154926
0.000292645
-0.0109067
0.000548831
-0.0118905
0.000749324
-0.00935836
0.000818929
-0.00688555
0.000687839
-0.00336462
0.000244537
0.000647447
-0.000255774
0.00460282
-0.00103006
0.00911715
-0.0017892
0.0125911
-0.00236667
0.0160454
-0.0024948
0.0180108
-0.00238503
0.0194095
-0.00211504
0.0202676
-0.00191435
0.0208425
-0.00186828
0.0212714
-0.00162502
0.0213736
-0.00126941
0.0213792
-0.000779981
0.0212572
-0.000272677
0.0203702
0.0152199
0.000532229
-0.0114389
0.000786387
-0.0121447
0.0011074
-0.00967938
0.00132369
-0.00710183
0.00131727
-0.00335821
0.00100559
0.000959127
0.000464589
0.00514382
-0.000115099
0.00969683
-0.000826213
0.0133023
-0.00147895
0.0166981
-0.00182681
0.0183586
-0.00188294
0.0194657
-0.00192389
0.0203086
-0.00175514
0.0206738
-0.00140802
0.0209243
-0.00110666
0.0210722
-0.000822657
0.0210952
-0.000666088
0.0211006
-0.000539108
0.0202432
0.0146808
0.000549342
-0.0119883
0.00098669
-0.012582
0.00143441
-0.0101271
0.0017797
-0.00744711
0.00185638
-0.00343489
0.00165349
0.00116201
0.0010811
0.00571621
0.000632436
0.0101455
-4.41116e-06
0.0139391
-0.00059429
0.017288
-0.00106558
0.0188299
-0.0012487
0.0196488
-0.00116481
0.0202247
-0.00113458
0.0206435
-0.00126204
0.0210518
-0.00120491
0.0210151
-0.00110005
0.0209903
-0.000741812
0.0207423
-9.8139e-05
0.0195995
0.0145827
0.000690706
-0.012679
0.00118422
-0.0130756
0.00171996
-0.0106628
0.00209558
-0.00782274
0.00219324
-0.00353254
0.00204501
0.00131024
0.00154868
0.00621254
0.0011342
0.01056
0.000580496
0.0144928
1.71567e-05
0.0178513
-0.000501461
0.0193486
-0.000831334
0.0199787
-0.00112827
0.0205216
-0.00119857
0.0207138
-0.00107341
0.0209266
-0.000929125
0.0208708
-0.000619305
0.0206805
-0.000409498
0.0205325
-0.000454843
0.0196449
0.0141278
0.000718075
-0.0133971
0.00128739
-0.0136449
0.00183232
-0.0112078
0.00220523
-0.00819565
0.00231587
-0.00364318
0.00221151
0.0014146
0.00182391
0.00660015
0.00137405
0.0110098
0.000896778
0.0149701
0.000414691
0.0183334
-0.000209842
0.0199731
-0.000607925
0.0203767
-0.000646506
0.0205602
-0.000703975
0.0207713
-0.000850533
0.0210732
-0.000835035
0.0208553
-0.000913957
0.0207594
-0.000830947
0.0204495
-0.000299453
0.0191134
0.0138284
0.000713194
-0.0141103
0.00127543
-0.0142071
0.00179756
-0.0117299
0.00212381
-0.0085219
0.00219345
-0.00371282
0.00210456
0.00150349
0.00180194
0.00690277
0.00137892
0.0114329
0.00100401
0.015345
0.000624348
0.0187131
0.0001232
0.0204742
-0.000319699
0.0208196
-0.000735624
0.0209761
-0.000913919
0.0209496
-0.000945239
0.0211045
-0.00100981
0.0209199
-0.000769839
0.0205195
-0.000427213
0.0201069
-0.000335321
0.0190215
0.0134931
0.000652498
-0.0147628
0.0011536
-0.0147082
0.00160102
-0.0121773
0.00183453
-0.00875541
0.00184236
-0.00372065
0.00171989
0.00162595
0.00150151
0.00712116
0.00113273
0.0118016
0.000837755
0.01564
0.000464648
0.0190862
-4.80459e-05
0.0209869
-0.000495515
0.0212671
-0.000616171
0.0210968
-0.000725057
0.0210585
-0.000809365
0.0211888
-0.000709705
0.0208202
-0.000766535
0.0205763
-0.000875508
0.0202159
-0.000650101
0.0187961
0.012843
0.000548884
-0.0153116
0.000929526
-0.0150889
0.00124815
-0.0124959
0.00135693
-0.00886419
0.00128614
-0.00364985
0.0011488
0.00176329
0.00099225
0.00727771
0.000714836
0.012079
0.000566269
0.0157885
0.000284698
0.0193677
-5.94316e-06
0.0212776
-0.000423205
0.0216844
-0.000857377
0.0215309
-0.0010253
0.0212264
-0.00108498
0.0212485
-0.00126186
0.0209971
-0.00118894
0.0205034
-0.000780238
0.0198072
-0.000265748
0.0182816
0.0125772
0.000364343
-0.015676
0.00059516
-0.0153197
0.000784919
-0.0126857
0.000805295
-0.00888457
0.000654529
-0.00349909
0.000512539
0.00190528
0.000390938
0.00739931
0.000177917
0.0122921
-3.5145e-05
0.0160016
-0.000201212
0.0195338
-0.000562535
0.0216389
-0.000905467
0.0220273
-0.00102466
0.0216501
-0.00114917
0.0213509
-0.00120174
0.021301
-0.00101587
0.0208112
-0.00087201
0.0203595
-0.000870761
0.0198059
-0.000875566
0.0182864
0.0117016
0.000199163
-0.0158752
0.00027185
-0.0153924
0.000268614
-0.0126825
0.000126625
-0.00874258
-6.50949e-05
-0.00330737
-0.000201824
0.00204201
-0.000260475
0.00745796
-0.000389791
0.0124214
-0.000504529
0.0161163
-0.000721578
0.0197509
-0.000861715
0.021779
-0.00111196
0.0222775
-0.00145398
0.0219921
-0.00153728
0.0214342
-0.00149411
0.0212579
-0.00165697
0.0209741
-0.00173425
0.0204368
-0.00144205
0.0195137
-0.000572129
0.0174165
0.0111295
3.54293e-05
-0.0159106
-8.71484e-05
-0.0152698
-0.000275125
-0.0124945
-0.000505579
-0.00851213
-0.000750261
-0.00306268
-0.00090311
0.00219486
-0.00101463
0.00756948
-0.00116993
0.0125767
-0.00125329
0.0161997
-0.00133538
0.019833
-0.00156091
0.0220046
-0.00177429
0.0224909
-0.00179833
0.0220162
-0.0018935
0.0215294
-0.0019601
0.0213245
-0.00176028
0.0207743
-0.00145424
0.0201308
-0.00103274
0.0190922
-0.000840185
0.0172239
0.0102893
-0.000140623
-0.01577
-0.000425676
-0.0149847
-0.000715153
-0.012205
-0.00103758
-0.0081897
-0.00141594
-0.00268432
-0.0016179
0.00239681
-0.00176703
0.00771861
-0.00185539
0.012665
-0.00198764
0.0163319
-0.00210031
0.0199456
-0.00208897
0.0219932
-0.00215674
0.0225587
-0.00236905
0.0222285
-0.00238623
0.0215466
-0.00222005
0.0211583
-0.00219295
0.0207472
-0.00226973
0.0202075
-0.00232313
0.0191456
-0.00140476
0.0163055
0.00888457
-0.00029208
-0.0154779
-0.000716995
-0.0145598
-0.00113909
-0.0117829
-0.00161703
-0.00771176
-0.0020385
-0.00226285
-0.00230528
0.0026636
-0.00252859
0.00794192
-0.0026126
0.012749
-0.00267943
0.0163988
-0.00269544
0.0199616
-0.00282474
0.0221225
-0.00291593
0.0226499
-0.00283283
0.0221454
-0.00284308
0.0215568
-0.00292417
0.0212394
-0.00281735
0.0206403
-0.00254665
0.0199368
-0.00186328
0.0184623
-0.000898735
0.015341
0.00798584
-0.000432784
-0.0150451
-0.00100505
-0.0139875
-0.00157523
-0.0112127
-0.00213675
-0.00715024
-0.00257525
-0.00182436
-0.00293438
0.00302273
-0.00318236
0.0081899
-0.003314
0.0128807
-0.00344604
0.0165308
-0.00351461
0.0200302
-0.00342451
0.0220324
-0.00334383
0.0225692
-0.00344931
0.0222509
-0.00348668
0.0215942
-0.00333939
0.0210921
-0.00313684
0.0204378
-0.00283798
0.019638
-0.00298492
0.0186092
-0.0027008
0.0150569
0.00528503
-0.000580515
-0.0144646
-0.00126419
-0.0133039
-0.00198579
-0.0104911
-0.00257656
-0.00655947
-0.00311724
-0.00128367
-0.00348943
0.00339491
-0.00377543
0.0084759
-0.00391372
0.013019
-0.00403183
0.0166489
-0.00403812
0.0200365
-0.00409968
0.022094
-0.00410726
0.0225768
-0.0039549
0.0220985
-0.00389385
0.0215331
-0.00396747
0.0211657
-0.00405012
0.0205204
-0.00412004
0.0197079
-0.00352858
0.0180177
-0.00285535
0.0143837
0.00242968
-0.000733751
-0.0137308
-0.00150828
-0.0125293
-0.00227925
-0.00972017
-0.00298873
-0.00585
-0.00359837
-0.000674026
-0.00401626
0.0038128
-0.00435398
0.00881362
-0.0045087
0.0131737
-0.0046571
0.0167973
-0.0047615
0.0201409
-0.00466916
0.0220016
-0.00448537
0.022393
-0.00451305
0.0221262
-0.00459962
0.0216197
-0.00457355
0.0211396
-0.00458429
0.0205312
-0.00412424
0.0192479
-0.0026482
0.0165417
-0.000796307
0.0125318
0.00163338
-0.000835772
-0.0128951
-0.00178355
-0.0115816
-0.00259423
-0.00890949
-0.00334593
-0.0050983
-0.00394184
-7.81155e-05
-0.00440886
0.00427982
-0.00474994
0.0091547
-0.00497444
0.0133982
-0.00516601
0.0169889
-0.00517364
0.0201485
-0.00516677
0.0219948
-0.00514095
0.0223672
-0.00501282
0.0219981
-0.00492843
0.0215353
-0.00491769
0.0211289
-0.00467562
0.0202891
-0.00456777
0.01914
-0.00437963
0.0163536
-7.8913e-05
0.00823104
0.00155446
-0.000919073
-0.011976
-0.00195025
-0.0105504
-0.00291829
-0.00794145
-0.00366206
-0.00435454
-0.00430631
0.000566139
-0.00481566
0.00478918
-0.00516329
0.00950233
-0.00536622
0.0136011
-0.00555807
0.0171807
-0.0056922
0.0202827
-0.00558664
0.0218892
-0.00534209
0.0221226
-0.00537661
0.0220326
-0.00557447
0.0217332
-0.00559583
0.0211502
-0.0055823
0.0202756
-0.00508638
0.0186441
-0.00370765
0.0149748
0.0020008
0.00252259
0.00355526
-0.00104868
-0.0109273
-0.00210412
-0.00949493
-0.00309846
-0.00694712
-0.00388632
-0.00356667
-0.0045528
0.00123262
-0.00505162
0.005288
-0.00543451
0.00988522
-0.00569315
0.0138598
-0.00588846
0.017376
-0.00585228
0.0202465
-0.00577926
0.0218162
-0.00577575
0.0221191
-0.00574683
0.0220037
-0.00570777
0.0216941
-0.00605043
0.0214929
-0.00628724
0.0205124
-0.00557477
0.0179316
-0.00260528
0.0120053
0.000869364
-0.000952054
0.00442462
-0.00104056
-0.00988675
-0.0021898
-0.00834569
-0.00321294
-0.00592398
-0.00402604
-0.00275357
-0.00468535
0.00189192
-0.0051853
0.00578795
-0.00556859
0.0102685
-0.00581042
0.0141016
-0.00597161
0.0175372
-0.00606128
0.0203362
-0.00594254
0.0216974
-0.00571405
0.0218906
-0.0058109
0.0221005
-0.00625096
0.0221342
-0.00659167
0.0218336
-0.00686698
0.0207877
-0.00633985
0.0174045
-0.00300141
0.0086669
-0.00236054
-0.00159292
0.00206409
-0.00109322
-0.00879353
-0.00218989
-0.00724902
-0.00326295
-0.00485091
-0.0040469
-0.00196962
-0.00474863
0.00259365
-0.00529883
0.00633815
-0.00563606
0.0106057
-0.0058462
0.0143117
-0.00597082
0.0176618
-0.00587371
0.020239
-0.00573703
0.0215608
-0.00585822
0.0220118
-0.00606677
0.0223091
-0.00614369
0.0222111
-0.00661385
0.0223038
-0.00693072
0.0211046
-0.00596517
0.0164389
-0.00280504
0.00550678
-0.00264768
-0.00175029
-0.000583594
-0.000920489
-0.00787304
-0.00197296
-0.00619655
-0.00308263
-0.00374124
-0.00390441
-0.00114784
-0.00457703
0.00326627
-0.00515548
0.0069166
-0.00547991
0.0109302
-0.00566687
0.0144987
-0.00567669
0.0176717
-0.00570011
0.0202625
-0.00562731
0.021488
-0.00550825
0.0218928
-0.0056248
0.0224256
-0.00630183
0.0228881
-0.00677888
0.0227808
-0.00653227
0.020858
-0.00508192
0.0149886
-0.00251099
0.00293585
-0.00226258
-0.00199869
-0.00284618
-0.000979645
-0.00689339
-0.00200918
-0.00516702
-0.00302952
-0.00272089
-0.00383298
-0.000344381
-0.00441566
0.00384895
-0.0049165
0.00741745
-0.0051476
0.0111613
-0.005335
0.0146861
-0.00535479
0.0176915
-0.00520412
0.0201118
-0.00497458
0.0212584
-0.00515691
0.0220751
-0.00552864
0.0227973
-0.00562917
0.0229887
-0.00575908
0.0229107
-0.00564949
0.0207484
-0.0044396
0.0137787
-0.00294045
0.0014367
-0.00203106
-0.00290808
-0.00487724
-0.000932493
-0.0059609
-0.00187528
-0.00422424
-0.0029343
-0.00166187
-0.0036598
0.000381123
-0.00415871
0.00434786
-0.00462433
0.00788307
-0.00478084
0.0113178
-0.00484724
0.0147525
-0.00467863
0.0175228
-0.00459706
0.0200302
-0.00456954
0.0212309
-0.00445425
0.0219598
-0.00435024
0.0226933
-0.0047863
0.0234247
-0.00508836
0.0232128
-0.00478626
0.0204463
-0.00389358
0.012886
-0.00303182
0.000574949
-0.00182978
-0.00411012
-0.00670702
-0.000810935
-0.00514996
-0.00166309
-0.00337208
-0.00260079
-0.00072417
-0.00328616
0.0010665
-0.00366277
0.00472446
-0.00409076
0.00831106
-0.00416465
0.0113917
-0.00419051
0.0147783
-0.00411921
0.0174516
-0.0038659
0.0197769
-0.00349533
0.0208603
-0.00349088
0.0219553
-0.00372772
0.0229302
-0.00351809
0.0232151
-0.00325135
0.022946
-0.00304276
0.0202377
-0.00252374
0.012367
-0.00254729
0.000598498
-0.00142745
-0.00522996
-0.00813447
-0.00072361
-0.00442635
-0.00140524
-0.00269045
-0.00226896
0.00013955
-0.00297717
0.0017747
-0.00321635
0.00496364
-0.00354815
0.00864286
-0.00363911
0.0114826
-0.00354215
0.0146814
-0.0032101
0.0171195
-0.00292519
0.019492
-0.00283227
0.0207674
-0.00251454
0.0216376
-0.00203833
0.022454
-0.00205719
0.023234
-0.00203416
0.022923
-0.00167409
0.0198776
-0.00130291
0.0119958
-0.00112259
0.000418177
-0.000648922
-0.00570364
-0.00878339
-0.000627783
-0.00379857
-0.00119375
-0.00212448
-0.00194903
0.000894823
-0.00264377
0.00246944
-0.00277614
0.00509601
-0.00293933
0.00880605
-0.00290768
0.011451
-0.0026927
0.0144664
-0.00248402
0.0169108
-0.0021003
0.0191083
-0.00154168
0.0202088
-0.0012981
0.021394
-0.00127086
0.0224267
-0.000596708
0.0225598
0.000222136
0.0221041
0.00080759
0.0192922
0.000829655
0.0119737
0.000276289
0.000971543
-0.000158281
-0.00526907
-0.00894167
-0.000518774
-0.0032798
-0.000952466
-0.00169079
-0.00148599
0.00142835
-0.00219083
0.00317428
-0.0023085
0.00521368
-0.00226451
0.00876205
-0.00227559
0.0114621
-0.00206025
0.0142511
-0.00157297
0.0164235
-0.00108979
0.0186251
-0.000898177
0.0200172
-0.000332983
0.0208288
0.000512806
0.0215809
0.000899404
0.0221732
0.00148632
0.0215172
0.00229249
0.018486
0.00253269
0.0117335
0.00187485
0.00162938
0.00104597
-0.00444018
-0.0078957
-0.000439758
-0.00284004
-0.000722575
-0.00140797
-0.00105417
0.00175995
-0.00178506
0.00390517
-0.00195355
0.00538218
-0.00177418
0.00858268
-0.00158843
0.0112763
-0.00122329
0.0138859
-0.000900108
0.0161004
-0.000398568
0.0181236
0.000369302
0.0192493
0.000768225
0.0204299
0.00110807
0.0212411
0.00224465
0.0210366
0.00325522
0.0205067
0.00334969
0.0183915
0.00253094
0.0125523
0.00135222
0.0028081
0.000577184
-0.00366515
-0.00731852
-0.000373936
-0.0024661
-0.000518361
-0.00126355
-0.000635836
0.00187742
-0.0013044
0.00457373
-0.0015903
0.00566809
-0.00127875
0.00827113
-0.00102817
0.0110257
-0.000718373
0.0135761
-0.000100565
0.0154826
0.000455254
0.0175677
0.000750033
0.0189545
0.00152391
0.019656
0.00249443
0.0202706
0.00289496
0.0206361
0.0035973
0.0198043
0.00457748
0.0174114
0.00553604
0.0115937
0.00473838
0.00360577
0.0027172
-0.00164397
-0.00460132
-0.000295549
-0.00217055
-0.000313171
-0.00124593
-0.000270704
0.00183495
-0.000819481
0.00512251
-0.00118448
0.00603309
-0.000996691
0.00808334
-0.000588873
0.0106179
-1.67736e-05
0.013004
0.000333955
0.0151318
0.000953999
0.0169477
0.00186788
0.0180406
0.0021946
0.0193293
0.00259809
0.0198671
0.00365418
0.01958
0.00456755
0.0188909
0.00470738
0.0172715
0.00374454
0.0125566
0.00269092
0.00465939
0.00205577
-0.00100882
-0.00254555
-0.000213122
-0.00195743
-0.000166457
-0.00129259
-2.14712e-05
0.00168997
-0.000291881
0.00539292
-0.000802174
0.00654338
-0.000689723
0.00797089
-0.000299451
0.0102276
0.000182116
0.0125225
0.00094706
0.0143669
0.00150478
0.01639
0.00187736
0.0176681
0.00272702
0.0184797
0.00347535
0.0191188
0.00370948
0.0193459
0.00431146
0.018289
0.00476998
0.016813
0.004441
0.0128856
0.00264703
0.00645336
0.000272286
0.00136593
-0.00227327
-0.000164047
-0.00179338
-0.000122842
-0.0013338
0.000109569
0.00145756
0.000184139
0.00531835
-0.000234058
0.00696158
-0.000355893
0.00809272
7.42419e-06
0.00986433
0.000617067
0.0119128
0.000998467
0.0139855
0.00182228
0.0155662
0.00263871
0.0168516
0.00290656
0.0182118
0.00336339
0.0186619
0.00421172
0.0184976
0.00481824
0.0176825
0.00484481
0.0167864
0.00490059
0.0128298
0.00429278
0.00706117
0.00249864
0.00316006
0.000225371
-0.0001821
-0.00161128
-0.00022307
-0.00129283
0.00011606
0.00111843
0.000653268
0.00478114
0.000270971
0.00734387
9.52755e-05
0.00826842
0.000230368
0.00972924
0.000683913
0.0114593
0.00147386
0.0131955
0.001976
0.015064
0.0024327
0.0163949
0.00338742
0.0172571
0.00394697
0.0181024
0.00398784
0.0184567
0.00459356
0.0170767
0.00523372
0.0161463
0.00495759
0.0131059
0.00369518
0.00832358
0.00205813
0.00479711
0.0022835
-0.000227298
-0.00138399
-0.000318179
-0.00120195
5.29114e-05
0.000747336
0.000896169
0.00393788
0.000891844
0.0073482
0.000617714
0.00854255
0.000742003
0.00960495
0.00107223
0.011129
0.00138841
0.0128794
0.00232126
0.0141312
0.00303574
0.0156804
0.00330554
0.0169873
0.00395473
0.0174532
0.00460097
0.0178105
0.0049512
0.0167265
0.00477092
0.0163266
0.00412614
0.0137507
0.00311785
0.00933187
0.00139518
0.00651978
0.00367868
-0.000236932
-0.00114705
-0.000309367
-0.00112951
6.23331e-05
0.000375636
0.00101149
0.00298873
0.00141554
0.00694415
0.00136079
0.0085973
0.00117597
0.00978977
0.00144391
0.0108611
0.00208791
0.0122354
0.00231427
0.0139048
0.0029833
0.0150114
0.00390592
0.0160647
0.00443002
0.0169291
0.00447388
0.0177666
0.00490305
0.0162973
0.00533702
0.0158926
0.00459323
0.0144945
0.00341009
0.010515
0.00267673
0.00725314
0.00635541
-0.000261118
-0.000885935
-0.000289849
-0.00110078
4.3513e-05
4.22739e-05
0.00085291
0.00217933
0.00187635
0.00592071
0.00190135
0.0085723
0.00200957
0.00968154
0.0019997
0.010871
0.00224499
0.0119901
0.00309001
0.0130598
0.00357727
0.0145242
0.00396321
0.0156787
0.00485508
0.0160372
0.00554619
0.0170755
0.00535785
0.0164857
0.00536453
0.0158859
0.00540878
0.0144502
0.00362167
0.0123021
0.000604906
0.0102699
0.00696032
-0.000300677
-0.000585258
-0.000481112
-0.000920345
-0.000161912
-0.000276927
0.000617155
0.00140026
0.00203337
0.0045045
0.00261232
0.00799335
0.00255446
0.0097394
0.00281177
0.0106137
0.00309317
0.0117087
0.00321834
0.0129346
0.00402582
0.0137167
0.00476496
0.0149396
0.00517951
0.0156227
0.00563037
0.0166246
0.00612004
0.015996
0.00620739
0.0157985
0.00521237
0.0154453
0.00437069
0.0131438
0.00347667
0.0111639
0.010437
-0.000274864
-0.000310395
-0.000535475
-0.000659733
-0.000141188
-0.000671214
0.000746796
0.00051228
0.00205304
0.00319826
0.00291374
0.00713264
0.00341838
0.00923476
0.00335806
0.010674
0.00368368
0.011383
0.00427839
0.0123399
0.00458148
0.0134136
0.00521746
0.0143036
0.00610216
0.014738
0.00692684
0.0158
0.00675862
0.0161642
0.00699068
0.0155665
0.00680478
0.0156312
0.00514021
0.0148084
0.00181195
0.0144922
0.0122489
-0.000215435
-9.49599e-05
-0.000243524
-0.000631644
2.45193e-05
-0.000939257
0.000636813
-0.000100014
0.00171073
0.00212434
0.00319056
0.00565281
0.0038324
0.00859293
0.0043183
0.0101881
0.00432137
0.01138
0.00462255
0.0120387
0.00539913
0.012637
0.00588096
0.0138218
0.0062708
0.0143481
0.00716143
0.0149093
0.00799063
0.015335
0.00785833
0.0156988
0.00713054
0.0163589
0.00654636
0.0153925
0.00566718
0.0153714
0.0179161
-6.95158e-05
-2.54441e-05
0.000211913
-0.000913073
0.000156357
-0.000883701
0.000504111
-0.000447767
0.00144892
0.00117953
0.00305999
0.00404174
0.00401028
0.00764264
0.0045595
0.00963887
0.00521645
0.010723
0.00541281
0.0118424
0.00583027
0.0122195
0.00680386
0.0128482
0.00763579
0.0135162
0.00819215
0.014353
0.00834007
0.0151871
0.00936008
0.0146788
0.00942959
0.0162894
0.00746561
0.0173565
0.00548183
0.0173551
0.0233979
0.000251963
-0.000277407
0.000711656
-0.00137277
0.000864473
-0.00103652
0.000736762
-0.000320055
0.00119368
0.000722613
0.00246671
0.00276871
0.00405712
0.00605222
0.00489594
0.00880005
0.00533253
0.0102864
0.0061104
0.0110645
0.00643502
0.0118949
0.00674705
0.0125362
0.00750053
0.0127627
0.00888928
0.0129642
0.00980197
0.0142744
0.00964561
0.0148351
0.0112522
0.0146828
0.0108845
0.0177242
0.0119716
0.016268
0.0218091
0.0135604
0.000792517
-0.00106992
0.00129678
-0.00187703
0.00165317
-0.0013929
0.00145341
-0.000120296
0.00123022
0.0009458
0.00204092
0.00195801
0.00347121
0.00462193
0.00489826
0.00737301
0.00568758
0.00949711
0.00613521
0.0106169
0.00730062
0.0107295
0.00827666
0.0115601
0.0088154
0.012224
0.00924088
0.0125387
0.0109139
0.0126014
0.0116118
0.0141372
0.0131846
0.0131101
0.0137705
0.0171383
0.0183816
0.011657
0.0210586
0.0191321
0.00104848
-0.00211841
0.00163673
-0.00246527
0.00202333
-0.0017795
0.00214159
-0.000238557
0.00171358
0.00137381
0.00181565
0.00185594
0.00302132
0.00341627
0.0043126
0.00608172
0.00570684
0.00810287
0.00648923
0.00983447
0.00659023
0.0106285
0.00767286
0.0104775
0.00935743
0.0105394
0.0101867
0.0117094
0.0115443
0.0112438
0.0119998
0.0136817
0.0157969
0.00931307
0.0149627
0.0179724
0.0175664
0.00905331
0.0175347
0.0210903
0.00071597
-0.00283438
0.00124604
-0.00299534
0.00149132
-0.00202479
0.00163128
-0.00037851
0.00157522
0.00142987
0.00165008
0.00178107
0.00216102
0.00290533
0.00367207
0.00457067
0.00490494
0.00687
0.00668191
0.0080575
0.00816428
0.00914614
0.00822034
0.0104214
0.0095795
0.00918024
0.0102579
0.011031
0.0138145
0.00768733
0.0128105
0.0146856
0.01653
0.00559357
0.0182851
0.0162173
0.0179979
0.00934049
0.0132034
0.0223292
0.000311566
-0.00314594
0.000513837
-0.00319761
0.000598325
-0.00210928
0.000866801
-0.000646986
0.00104703
0.00124964
0.00132551
0.00150259
0.00188112
0.00234972
0.00271494
0.00373685
0.00424652
0.00533842
0.00489014
0.00741389
0.0071946
0.00684169
0.00817242
0.00944362
0.0110418
0.00631085
0.00994553
0.0121273
0.0132513
0.00438161
0.0140106
0.0139263
0.0143951
0.00520901
0.018633
0.0119795
0.0185615
0.00941201
0.0101116
0.0216533
-9.01768e-05
-0.00305577
-0.000187988
-0.0030998
-0.000185165
-0.0021121
-5.59242e-05
-0.000776227
9.10931e-05
0.00110262
0.000418264
0.00117542
0.00105051
0.00171748
0.00153756
0.0032498
0.0033246
0.00355138
0.00430074
0.00643775
0.00686898
0.00427345
0.00681495
0.00949765
0.0110665
0.00205928
0.0115291
0.0116647
0.0131955
0.00271517
0.0163167
0.0108051
0.0151713
0.00635442
0.018305
0.00884584
0.0191796
0.0085374
0.00812171
0.0211695
-0.00052844
-0.00252733
-0.000924098
-0.00270414
-0.000962837
-0.00207336
-0.000780422
-0.000958642
-9.46614e-05
0.000416862
0.000560102
0.000520658
0.000992314
0.00128527
0.00135182
0.00289029
0.00214902
0.00275419
0.00231766
0.0062691
0.00527422
0.00131689
0.00577022
0.00900165
0.00724337
0.000586127
0.0104428
0.00846527
0.011314
0.00184397
0.0157328
0.00638629
0.0162703
0.0058169
0.0186069
0.0065093
0.0203031
0.00684118
0.00658026
0.0218445
-0.000830551
-0.00169678
-0.00149463
-0.00204007
-0.00180175
-0.00176624
-0.00190903
-0.000851365
-0.00163597
0.000143797
-0.00160765
0.000492346
-0.00163134
0.00130896
-0.00116423
0.00242318
-0.000706332
0.00229629
-0.000821359
0.00638413
0.00206842
-0.00157289
0.00690176
0.0041683
0.00645276
0.00103513
0.00861843
0.0062996
0.00889994
0.00156247
0.0127208
0.00256538
0.0150835
0.0034542
0.0175202
0.00407268
0.0198688
0.00449254
0.00458633
0.0218627
-0.000967907
-0.000728869
-0.00164203
-0.00136594
-0.00192732
-0.00148096
-0.0018869
-0.000891782
-0.00170807
-3.50331e-05
-0.00172644
0.000510714
-0.0011485
0.000731024
0.00055065
0.000724025
0.0017611
0.00108584
0.003195
0.00495022
0.00146208
0.000160036
0.00401234
0.00161804
0.00503396
1.35128e-05
0.00807473
0.00325883
0.00860293
0.00103427
0.0106068
0.000561534
0.0128622
0.00119876
0.0152108
0.00172412
0.0176809
0.00202244
0.00227382
0.0199934
-0.000728869
-0.00209481
-0.00357576
-0.00446755
-0.00450258
-0.00399187
-0.00326084
-0.00253682
-0.00145097
0.00349925
0.00365929
0.00527733
0.00529084
0.00854967
0.00958394
0.0101455
0.0113442
0.0130684
0.0150908
0.0173646
0.000647073
0.0129134
1.03693e-05
0.000636703
0.00471986
-0.00470949
0.00326316
0.0014567
-0.00145927
0.00472243
-0.00768212
0.00622285
-0.00897279
0.00129067
-0.0117838
0.002811
-0.0117135
-7.02749e-05
-0.0112026
-0.000510923
-0.0111933
-9.30885e-06
-0.0100633
-0.00112996
-0.00957847
-0.000484855
-0.00887512
-0.000703353
-0.00885627
-1.88436e-05
-0.0091581
0.00030183
-0.00977603
0.000617924
-0.0105528
0.000776807
-0.0115339
0.0009811
-0.012479
0.000945066
-0.0132522
0.000773211
-0.0136733
0.000421092
-0.0137045
3.12107e-05
-0.0135917
-0.00011278
-0.0131133
-0.000478455
-0.0125653
-0.000548027
-0.0116201
-0.000945188
-0.0103989
-0.00122115
-0.009113
-0.00128591
-0.00762123
-0.00149178
-0.00588243
-0.0017388
-0.0040918
-0.00179062
-0.00218925
-0.00190255
-0.000259121
-0.00193013
0.00164163
-0.00190075
0.00341289
-0.00177126
0.00502398
-0.00161109
0.00639123
-0.00136725
0.00750344
-0.00111222
0.00839092
-0.000887474
0.00905241
-0.000661496
0.00934451
-0.000292098
0.00927103
7.34795e-05
0.00916385
0.00010718
0.00926756
-0.000103706
0.00967493
-0.000407374
0.00981845
-0.000143516
0.00913388
0.000684566
0.00738046
0.00175342
0.0054607
0.00191975
0.00421293
0.00124778
0.00378005
0.000432874
0.0038162
-3.61447e-05
0.0040829
-0.0002667
0.00449301
-0.000410119
0.00464457
-0.000151551
0.00431438
0.000330181
0.00336157
0.000952817
0.00195373
0.00140784
0.000457587
0.00149614
-0.000814339
0.00127193
-0.00168077
0.000866435
-0.00212192
0.000441143
-0.00204657
-7.53429e-05
-0.00162776
-0.000418819
-0.000843745
-0.000784011
0.000183135
-0.00102688
0.00138199
-0.00119885
0.00251773
-0.00113574
0.00351502
-0.000997286
0.00428238
-0.00076736
0.00482971
-0.000547332
0.00511533
-0.000285622
0.00515275
-3.74214e-05
0.00495699
0.000195765
0.00455123
0.000405754
0.00392146
0.000629774
0.0032158
0.000705657
0.00237901
0.000836789
0.000677337
0.0163544
0.0156911
0.00306599
0.0139251
-0.00774174
0.00609824
-0.00891272
0.00262768
-0.00843646
0.00424617
-0.00557703
0.00336342
-0.00639291
0.00210655
-0.00597739
0.00239548
-0.0058263
-0.000221364
-0.00551373
-0.000823495
-0.0041297
-0.00139334
-0.00318098
-0.00207868
-0.00209217
-0.00157366
-0.00146118
-0.00133434
-0.00112671
-0.000353317
-0.00138821
0.000563328
-0.00209792
0.00132764
-0.00293827
0.00161716
-0.00364002
0.00168284
-0.0041858
0.00149085
-0.00452241
0.00110982
-0.00467491
0.000573592
-0.00468614
4.24412e-05
-0.00444632
-0.000352605
-0.00394083
-0.000983939
-0.00324211
-0.00124675
-0.00235432
-0.00183297
-0.00143593
-0.00213954
-0.000169259
-0.00255258
0.0011978
-0.00285884
0.00267374
-0.00321474
0.0043157
-0.00343258
0.00595829
-0.00354514
0.00763853
-0.00361037
0.00923966
-0.00350188
0.0107621
-0.00329369
0.0121608
-0.00300983
0.0133804
-0.00258683
0.014436
-0.00216779
0.0153018
-0.0017533
0.015965
-0.00132469
0.0164808
-0.000807878
0.0168861
-0.000331847
0.0171531
-0.000159822
0.0169779
7.15394e-05
0.0162352
0.000335307
0.0155263
0.000565334
0.0151257
0.00108522
0.0149658
0.00191327
0.0147349
0.0021507
0.0144287
0.00155395
0.0140557
0.000805878
0.013571
0.000448539
0.0131151
0.000189225
0.0127217
-1.67626e-05
0.0122649
0.000305257
0.011251
0.00134409
0.00990255
0.0023013
0.00856476
0.00274563
0.0074399
0.002621
0.00655204
0.00215978
0.0060693
0.00134917
0.00591406
0.000596391
0.00611211
-0.000273399
0.00664286
-0.000949564
0.00746861
-0.00160977
0.0084812
-0.00203947
0.00964412
-0.00236177
0.010734
-0.00222559
0.0116669
-0.00193023
0.0123689
-0.00146939
0.0129096
-0.00108798
0.0131893
-0.000565286
0.0133213
-0.000169516
0.0132065
0.000310644
0.0129624
0.000649851
0.0124941
0.00109803
0.0119278
0.00127196
0.011236
0.00152856
0.00152471
0.0218113
0.0149701
0.0219858
0.0137506
0.0168506
0.0112334
0.0105637
0.0089146
0.00788992
0.00691998
0.00637748
0.00487585
0.00541965
0.00306438
0.00560678
0.00220835
0.00498871
0.000396712
0.00496436
-0.00079915
0.00479399
-0.00122296
0.00453601
-0.00182071
0.00465116
-0.00168881
0.0048087
-0.00149189
0.00527795
-0.000822565
0.00588918
-4.79008e-05
0.00664335
0.000573472
0.00723283
0.00102768
0.00766007
0.0012556
0.00795939
0.00119154
0.00812099
0.000948226
0.00823323
0.000461346
0.00826948
6.18896e-06
0.008545
-0.000628121
0.0088223
-0.00126124
0.00934632
-0.00177076
0.0098132
-0.00229986
0.0105107
-0.00283709
0.0113125
-0.00335439
0.0122562
-0.00380255
0.0132302
-0.00418873
0.0143342
-0.00453659
0.0154157
-0.00462665
0.0164976
-0.00469221
0.017517
-0.00452132
0.0184762
-0.00425291
0.0193377
-0.00387129
0.0201218
-0.00337091
0.0207918
-0.00283781
0.0213161
-0.00227761
0.0216856
-0.00169419
0.0220152
-0.00113745
0.0222861
-0.000602711
0.0223674
-0.00024113
0.0222565
0.000182435
0.0220669
0.000524903
0.0218007
0.000831559
0.0216088
0.0012771
0.0216248
0.00189727
0.0216427
0.00213277
0.0214237
0.00177295
0.0209505
0.00127904
0.0203901
0.00100903
0.0197936
0.00078563
0.0191278
0.000649129
0.0187322
0.000700801
0.0187344
0.00134193
0.0187452
0.00229052
0.0183151
0.00317571
0.0175555
0.00338059
0.0166946
0.00302064
0.0159716
0.00207217
0.0154926
0.00107539
0.0154773
-0.00025803
0.0158748
-0.00134715
0.0165632
-0.00229809
0.0174807
-0.00295703
0.0184755
-0.00335656
0.0193376
-0.00308766
0.0200558
-0.00264841
0.020564
-0.00197767
0.0209124
-0.00143637
0.0210689
-0.000721786
0.0210894
-0.000189987
0.0209371
0.000462954
0.0206335
0.000953401
0.0202049
0.00152663
0.0196472
0.00182965
0.0191029
0.00207292
0.00213703
0.0239201
0.0133791
0.0254736
0.012197
0.0257057
0.0110013
0.0253721
0.00924822
0.0248413
0.00745074
0.023715
0.00600221
0.0226382
0.00414121
0.0222581
0.00258839
0.0216744
0.000980391
0.0212426
-0.000367317
0.021298
-0.0012784
0.0210722
-0.00159492
0.0210189
-0.00163546
0.0209141
-0.00138712
0.0208017
-0.000710158
0.0208779
-0.000124078
0.0208407
0.000610722
0.0208379
0.00103046
0.0208166
0.00127692
0.0207724
0.00123564
0.0206705
0.00105018
0.0205223
0.000609548
0.0204651
6.33427e-05
0.0203609
-0.000523886
0.0203421
-0.00124246
0.0204144
-0.00184301
0.0206223
-0.00250779
0.0208992
-0.003114
0.0212859
-0.00374109
0.0217508
-0.00426739
0.0222256
-0.00466361
0.0226885
-0.00499943
0.023148
-0.00508618
0.0235708
-0.00511501
0.0239548
-0.00490526
0.0243069
-0.00460507
0.024617
-0.00418133
0.0248831
-0.00363705
0.025116
-0.00307068
0.0252607
-0.00242235
0.0254186
-0.00185204
0.0254923
-0.0012112
0.0255411
-0.000651482
0.0255323
-0.000232388
0.0254375
0.000277299
0.0253943
0.000568113
0.0252709
0.000954898
0.0252061
0.00134188
0.0252727
0.00183069
0.0254678
0.00193773
0.0254526
0.00178815
0.0251439
0.00158773
0.0248772
0.0012757
0.0246245
0.00103834
0.024054
0.00121957
0.0233016
0.00145329
0.0226428
0.0020007
0.0225456
0.00238766
0.0228983
0.00282311
0.0233134
0.00296545
0.023703
0.00263103
0.023917
0.00185814
0.0240172
0.000975219
0.0242411
-0.000481966
0.0245415
-0.00164753
0.025002
-0.0027586
0.0256253
-0.00358028
0.0262019
-0.00393313
0.0266915
-0.00357729
0.0271147
-0.00307158
0.0274616
-0.00232464
0.027599
-0.0015737
0.0276328
-0.000755654
0.0275609
-0.000118102
0.0273678
0.000656068
0.0270035
0.00131773
0.0265471
0.00198303
0.0259828
0.002394
0.0254373
0.0026184
0.00267769
0.0242875
0.0107449
0.0262392
0.0102453
0.0280538
0.00918665
0.0293518
0.00795024
0.0300932
0.00670935
0.0305436
0.00555177
0.0305621
0.00412277
0.0304777
0.00267278
0.0302252
0.00123286
0.0298487
9.20412e-06
0.0293509
-0.000780648
0.0288915
-0.00113552
0.0283968
-0.00114073
0.0279822
-0.000972478
0.0278034
-0.000531377
0.0277382
-5.89062e-05
0.0278542
0.000494709
0.0280856
0.000799115
0.0283257
0.00103677
0.0285896
0.00097173
0.0287962
0.000843661
0.0289386
0.000467067
0.0289269
7.51102e-05
0.0289762
-0.000573229
0.0289579
-0.00122419
0.0289148
-0.00179985
0.0288944
-0.00248737
0.0288277
-0.00304737
0.028781
-0.00369435
0.0286501
-0.00413647
0.0285339
-0.00454745
0.0283169
-0.00478237
0.0281011
-0.00487037
0.0278646
-0.00487851
0.0276143
-0.00465501
0.0274194
-0.00441012
0.0272031
-0.00396503
0.0270469
-0.00348085
0.026893
-0.00291682
0.0267503
-0.00227964
0.0266352
-0.001737
0.0264863
-0.00106223
0.0263979
-0.00056306
0.0262633
-9.78101e-05
0.0261566
0.000383981
0.0260587
0.000665983
0.0259514
0.00106221
0.0260624
0.00123088
0.0261546
0.00173853
0.0263171
0.00177524
0.0264894
0.0016158
0.0265689
0.00150823
0.0265103
0.00133427
0.0262585
0.00129019
0.0261369
0.00134115
0.0261044
0.00148578
0.0260438
0.00206129
0.0261385
0.00229303
0.0263483
0.00261327
0.0267041
0.00260966
0.0271197
0.00221547
0.0274718
0.00150596
0.0278774
0.000569645
0.0282771
-0.000881705
0.0286376
-0.00200796
0.0291984
-0.00331945
0.0299357
-0.0043176
0.0304419
-0.00443933
0.0308455
-0.00398083
0.0312772
-0.00350327
0.0316695
-0.00271699
0.0318691
-0.00177327
0.0319072
-0.000793731
0.0318488
-5.97713e-05
0.0317021
0.000802781
0.031365
0.00165488
0.0309577
0.00239034
0.0305183
0.00283338
0.0300246
0.00311205
0.00310393
0.0237568
0.00815766
0.0259815
0.00802059
0.0278585
0.00730968
0.0293792
0.00642959
0.0306425
0.00544602
0.0316768
0.00451746
0.0323787
0.00342087
0.0327597
0.00229177
0.0328506
0.00114195
0.0325867
0.000273108
0.032203
-0.000396925
0.0318224
-0.000754948
0.0315098
-0.000828124
0.031259
-0.000721672
0.0311202
-0.000392582
0.031114
-5.26601e-05
0.0312611
0.000347616
0.0315076
0.000552626
0.0318101
0.000734244
0.0321219
0.000659917
0.0324035
0.00056211
0.0325893
0.000281196
0.032738
-7.35319e-05
0.0327307
-0.00056596
0.0326347
-0.00112816
0.0324781
-0.00164325
0.0322382
-0.00224753
0.0319101
-0.00271924
0.0314941
-0.00327838
0.0309884
-0.00363078
0.0304543
-0.00401328
0.0298664
-0.00419456
0.0292942
-0.00429814
0.0287356
-0.00431995
0.0282106
-0.00413
0.0277807
-0.00398022
0.0273518
-0.00353607
0.0270298
-0.00315892
0.0266907
-0.00257771
0.0264036
-0.00199254
0.0261191
-0.00145249
0.0258479
-0.000790985
0.0256538
-0.000368934
0.0253578
0.000198103
0.0252042
0.000537646
0.0250181
0.000852095
0.0248806
0.00119971
0.0248628
0.00124866
0.0249246
0.00167673
0.0251763
0.00152349
0.0251886
0.00160356
0.025227
0.00146981
0.0252342
0.00132703
0.0251306
0.00139378
0.0252579
0.00121393
0.0253975
0.00134615
0.0257694
0.00168938
0.0263357
0.00172676
0.0268124
0.00213653
0.0275192
0.0019029
0.0281436
0.00159103
0.0286689
0.000980713
0.0293697
-0.000131187
0.0298357
-0.00134768
0.0302072
-0.00237948
0.0310733
-0.00418553
0.0319357
-0.00517999
0.0325489
-0.00505254
0.0331085
-0.00454049
0.0335864
-0.00398109
0.033842
-0.00297268
0.0340558
-0.00198705
0.0341811
-0.000918999
0.0340552
6.61248e-05
0.0338577
0.00100026
0.0335121
0.00200044
0.0331587
0.00274383
0.0328209
0.00317112
0.032444
0.00348893
0.00360926
0.0237863
0.0062159
0.0258242
0.00598265
0.027635
0.00549887
0.0291814
0.00488324
0.0304892
0.00413825
0.031628
0.00337857
0.032535
0.00251393
0.0331284
0.00169839
0.0333674
0.000902886
0.0333552
0.000285296
0.0331908
-0.00023248
0.0329686
-0.000532753
0.0327707
-0.000630173
0.0325756
-0.000526576
0.032525
-0.000342045
0.0325859
-0.000113542
0.0327801
0.000153398
0.0330188
0.000313979
0.0333228
0.000430226
0.0335988
0.000383869
0.0338659
0.000295015
0.0340989
4.81783e-05
0.0342116
-0.000186199
0.03421
-0.000564344
0.0340639
-0.0009821
0.0338481
-0.00142747
0.0334908
-0.00189016
0.033051
-0.00227944
0.0324836
-0.00271098
0.03185
-0.00299717
0.0311785
-0.0033418
0.0304714
-0.00348742
0.0298107
-0.00363749
0.0291324
-0.00364161
0.0285276
-0.00352519
0.0279611
-0.00341373
0.0274376
-0.00301266
0.0269934
-0.0027147
0.0265294
-0.00211373
0.0261934
-0.00165653
0.0257913
-0.00105037
0.0255366
-0.000536247
0.0252727
-0.000105017
0.0250252
0.000445531
0.0249498
0.000613086
0.0247161
0.00108575
0.0247891
0.00112672
0.0247017
0.00133613
0.0247644
0.00161399
0.0249373
0.00135061
0.0247808
0.00176008
0.0250002
0.00125034
0.0249647
0.00136255
0.0249056
0.00145286
0.0250774
0.00104214
0.0249273
0.00149631
0.0253142
0.00130241
0.0257008
0.00134022
0.0261194
0.00171785
0.0269573
0.001065
0.0275681
0.000980229
0.0281795
0.000369324
0.029029
-0.000980625
0.0294767
-0.00179539
0.0301823
-0.00308513
0.0313106
-0.0053138
0.032161
-0.00603036
0.032953
-0.00584454
0.0338596
-0.00544709
0.0341321
-0.0042536
0.0339249
-0.00276549
0.033761
-0.00182321
0.0337999
-0.000957842
0.0338147
5.13619e-05
0.0333257
0.00148926
0.0330722
0.00225392
0.0328875
0.0029285
0.0326244
0.0034342
0.0323133
0.00380004
0.0039171
0.0236815
0.00439713
0.0255805
0.00408369
0.0273365
0.00374281
0.0288882
0.00333156
0.030199
0.00282744
0.0313076
0.00226995
0.0321379
0.0016837
0.0327194
0.00111684
0.0330037
0.000618616
0.0331249
0.000164102
0.0330581
-0.00016568
0.0329023
-0.000376984
0.0327264
-0.000454238
0.0326167
-0.000416907
0.0325835
-0.000308881
0.0326127
-0.000142672
0.0327521
1.39396e-05
0.0329189
0.000147264
0.0331476
0.000201474
0.0333448
0.000186687
0.0335619
7.79195e-05
0.0336708
-6.07039e-05
0.0337404
-0.000255792
0.0336678
-0.000491834
0.0334753
-0.00078954
0.033156
-0.0011082
0.0327064
-0.0014405
0.0321588
-0.00173188
0.0314835
-0.00203564
0.0307462
-0.00225992
0.0299367
-0.00253231
0.0290885
-0.00263916
0.0282664
-0.00281547
0.0274074
-0.00278259
0.0266569
-0.00277465
0.0258915
-0.00264834
0.0252383
-0.00235944
0.0246284
-0.00210483
0.0240659
-0.00155128
0.0236307
-0.00122125
0.023213
-0.000632658
0.0229873
-0.000310555
0.0227152
0.000167055
0.0226856
0.000475107
0.0226127
0.000686024
0.0227032
0.000995274
0.0228989
0.000930955
0.0229279
0.00130718
0.0233258
0.00121603
0.0234557
0.0012208
0.0237376
0.00147815
0.0240606
0.000927371
0.0240327
0.0013904
0.0243658
0.0011198
0.0244324
0.000975549
0.0244414
0.00148727
0.0248869
0.000856947
0.0249282
0.00129893
0.0254375
0.0012085
0.0260018
0.000500664
0.0261622
0.000819902
0.0268855
-0.000354008
0.0272775
-0.00137259
0.0277567
-0.00227463
0.0293819
-0.00471035
0.0303771
-0.00630897
0.0307791
-0.00643236
0.0311189
-0.00618435
0.0312908
-0.00561902
0.0307288
-0.00369152
0.0298352
-0.00187194
0.0292156
-0.00120361
0.0285847
-0.000326949
0.0281183
0.000517749
0.028027
0.00158059
0.028137
0.00214396
0.0283655
0.00269997
0.0286262
0.00317343
0.0289633
0.00346303
0.00366153
0.0221384
0.0022521
0.0241239
0.00209823
0.0259769
0.00188979
0.0276272
0.00168121
0.0290335
0.00142116
0.0301744
0.00112908
0.031029
0.00082909
0.0316255
0.000520351
0.0319689
0.000275163
0.0321383
-5.23581e-06
0.0320894
-0.000116819
0.0319897
-0.000277322
0.0318166
-0.000281118
0.0317175
-0.000317794
0.0316179
-0.000209257
0.0316538
-0.000178602
0.0317124
-4.46579e-05
0.0318818
-2.21004e-05
0.032035
4.82621e-05
0.0322228
-1.13172e-06
0.0323369
-3.61756e-05
0.0324098
-0.000133594
0.0323949
-0.000240888
0.0322589
-0.000355838
0.0320004
-0.000531048
0.0315665
-0.000674326
0.0310165
-0.000890515
0.0302917
-0.00100699
0.0295006
-0.00124458
0.0285263
-0.00128568
0.0275365
-0.00154242
0.0263944
-0.00149716
0.0252916
-0.00171264
0.0241176
-0.00160858
0.0230598
-0.00171684
0.0220482
-0.00163679
0.0210678
-0.00137903
0.0203632
-0.00140019
0.0194888
-0.000676915
0.0189941
-0.000726546
0.0186358
-0.000274297
0.0180729
0.000252313
0.0182377
2.25793e-06
0.0181434
0.000569352
0.0181595
0.000670002
0.0187979
0.000356851
0.0187946
0.000934252
0.019381
0.00072079
0.020057
0.000540007
0.0201553
0.0011225
0.0210771
0.000556376
0.0213659
0.000638542
0.021669
0.00108727
0.0225329
0.000255898
0.022573
0.000935532
0.023201
0.00085922
0.0238515
0.000206477
0.0238818
0.00126862
0.0248296
0.000260726
0.02507
0.000260267
0.0250355
0.00085437
0.0258497
-0.00116821
0.0249958
-0.000518665
0.0244716
-0.00175043
0.0256753
-0.00591403
0.0259918
-0.00662547
0.0246469
-0.00508753
0.0222556
-0.00379303
0.0192146
-0.00257803
0.0161173
-0.000594208
0.0132553
0.000990046
0.0109384
0.00111336
0.00985857
0.000752837
0.00968667
0.000689643
0.0102275
0.00103977
0.0112331
0.00113836
0.0123753
0.00155782
0.013869
0.00167969
0.0154578
0.0018742
0.00232026
0.0196167
0.0217149
0.0236047
0.0252859
0.0267071
0.0278362
0.0286653
0.0291856
0.0294608
0.0294556
0.0293387
0.0290614
0.0287803
0.0284625
0.0282532
0.0280746
0.02803
0.0280079
0.0280562
0.028055
0.0280188
0.0278852
0.0276444
0.0272885
0.0267575
0.0260831
0.0251926
0.0241856
0.0229411
0.0216554
0.020113
0.0186158
0.0169032
0.0152946
0.0135778
0.011941
0.0105619
0.00916175
0.00848484
0.00775829
0.007484
0.00773631
0.00773857
0.00830792
0.00897792
0.00933477
0.010269
0.0109898
0.0115298
0.0126523
0.0132087
0.0138472
0.0149345
0.0151904
0.0161259
0.0169852
0.0171916
0.0184603
0.018721
0.0189812
0.0198356
0.0186674
0.0181487
0.0163983
0.0104843
0.00385881
-0.00122872
-0.00502175
-0.00759978
-0.00819399
-0.00720394
-0.00609059
-0.00533775
-0.00464811
-0.00360834
-0.00246998
-0.000912157
0.000767531
0.00264174
)
;

boundaryField
{
    inlet
    {
        type            calculated;
        value           nonuniform List<scalar> 
20
(
-0.01
-0.01
-0.01
-0.01
-0.01
-0.01
-0.01
-0.01
-0.01
-0.01
-0.01
-0.01
-0.01
-0.01
-0.01
-0.01
-0.01
-0.01
-0.01
-0.01
)
;
    }
    outlet
    {
        type            calculated;
        value           nonuniform List<scalar> 10(0.00170167 0.0103887 0.0184906 0.0248966 0.0295984 0.0319387 0.0320055 0.0292188 0.0167991 0.004962);
    }
    walls
    {
        type            calculated;
        value           uniform 0;
    }
    frontAndBack
    {
        type            empty;
        value           nonuniform List<scalar> 0();
    }
}


// ************************************************************************* //
