/*--------------------------------*- C++ -*----------------------------------*\
| =========                 |                                                 |
| \\      /  F ield         | OpenFOAM: The Open Source CFD Toolbox           |
|  \\    /   O peration     | Version:  2306                                  |
|   \\  /    A nd           | Website:  www.openfoam.com                      |
|    \\/     M anipulation  |                                                 |
\*---------------------------------------------------------------------------*/
FoamFile
{
    version     2.0;
    format      ascii;
    arch        "LSB;label=32;scalar=64";
    class       volVectorField;
    location    "0.2";
    object      U;
}
// * * * * * * * * * * * * * * * * * * * * * * * * * * * * * * * * * * * * * //

dimensions      [0 1 -1 0 0 0 0];

internalField   nonuniform List<vector> 
4400
(
(9.90178 0.0455117 0)
(9.80628 0.09872 0)
(9.70007 0.120961 0)
(9.57016 0.125795 0)
(9.41818 0.124475 0)
(9.25218 0.123466 0)
(9.08062 0.124129 0)
(8.90822 0.125697 0)
(8.73725 0.126971 0)
(8.56781 0.127413 0)
(8.40008 0.126873 0)
(8.2334 0.125539 0)
(8.0679 0.123778 0)
(7.90334 0.121723 0)
(7.73989 0.119675 0)
(7.57774 0.11752 0)
(7.41686 0.115447 0)
(7.25774 0.113225 0)
(7.09997 0.111094 0)
(6.94434 0.108744 0)
(6.79012 0.106476 0)
(6.63831 0.104011 0)
(6.48794 0.101643 0)
(6.34019 0.0991005 0)
(6.19394 0.0966521 0)
(6.05043 0.0941213 0)
(5.90852 0.0916117 0)
(5.76937 0.0891091 0)
(5.63194 0.0866345 0)
(5.49715 0.084204 0)
(5.36429 0.0817711 0)
(5.23383 0.0794766 0)
(5.10542 0.0771923 0)
(4.97908 0.0750376 0)
(4.85479 0.0728896 0)
(4.73219 0.0709854 0)
(4.61148 0.0690928 0)
(4.49195 0.0675093 0)
(4.37403 0.065969 0)
(4.2566 0.0648852 0)
(4.14034 0.0638823 0)
(4.02373 0.0634451 0)
(3.90763 0.0631172 0)
(3.79023 0.0634983 0)
(3.67243 0.0639987 0)
(3.55219 0.0653179 0)
(3.43025 0.0667569 0)
(3.30458 0.0691585 0)
(3.17553 0.0716899 0)
(3.0413 0.0753013 0)
(2.90151 0.0790331 0)
(2.75505 0.0839553 0)
(2.60036 0.0889693 0)
(2.43748 0.0952408 0)
(2.26334 0.10142 0)
(2.07953 0.10879 0)
(1.8814 0.115715 0)
(1.67239 0.123425 0)
(1.44666 0.129987 0)
(1.20963 0.136275 0)
(0.955041 0.140213 0)
(0.690537 0.141866 0)
(0.408773 0.138459 0)
(0.125389 0.117872 0)
(-0.139946 0.0570004 0)
(-0.392051 -0.0365433 0)
(-0.571106 -0.137906 0)
(-0.682532 -0.256027 0)
(-0.674077 -0.391843 0)
(-0.589961 -0.550538 0)
(-0.344512 -0.687603 0)
(-0.0525819 -0.777054 0)
(0.234563 -0.602765 0)
(0.457663 -0.17725 0)
(0.445458 0.720547 0)
(-0.472214 0.900537 0)
(-0.288858 0.0999055 0)
(0.154997 -0.0577537 0)
(0.365962 -0.121497 0)
(0.0764309 -0.233278 0)
(10.0002 0.0612092 0)
(10.0319 0.137457 0)
(10.0696 0.173601 0)
(10.1049 0.184979 0)
(10.1326 0.186089 0)
(10.15 0.186325 0)
(10.159 0.18819 0)
(10.1609 0.192049 0)
(10.1592 0.19585 0)
(10.1538 0.199143 0)
(10.1467 0.201109 0)
(10.1369 0.201985 0)
(10.125 0.202191 0)
(10.1109 0.201748 0)
(10.0938 0.201393 0)
(10.075 0.200623 0)
(10.0526 0.200166 0)
(10.0295 0.199275 0)
(10.0024 0.198659 0)
(9.97532 0.197595 0)
(9.94388 0.196683 0)
(9.91311 0.195416 0)
(9.87772 0.194239 0)
(9.84339 0.192786 0)
(9.80445 0.191403 0)
(9.76654 0.189814 0)
(9.72441 0.188279 0)
(9.68287 0.186625 0)
(9.63786 0.18498 0)
(9.59263 0.183329 0)
(9.54485 0.181663 0)
(9.49605 0.180023 0)
(9.44542 0.178501 0)
(9.39296 0.176933 0)
(9.33938 0.175634 0)
(9.28302 0.174304 0)
(9.22637 0.173327 0)
(9.16561 0.172454 0)
(9.10562 0.172002 0)
(9.03979 0.171722 0)
(8.97591 0.172097 0)
(8.90409 0.172654 0)
(8.83547 0.174169 0)
(8.75653 0.175916 0)
(8.682 0.178905 0)
(8.59451 0.18224 0)
(8.51239 0.187168 0)
(8.41446 0.192437 0)
(8.32268 0.19979 0)
(8.21176 0.207392 0)
(8.10785 0.217745 0)
(7.98049 0.22799 0)
(7.86156 0.241891 0)
(7.71343 0.255101 0)
(7.576 0.272883 0)
(7.40189 0.289353 0)
(7.24167 0.310793 0)
(7.03592 0.330447 0)
(6.84772 0.354681 0)
(6.60455 0.376557 0)
(6.38269 0.401337 0)
(6.09661 0.422695 0)
(5.83569 0.442724 0)
(5.50163 0.456572 0)
(5.20136 0.458539 0)
(4.83579 0.450403 0)
(4.48858 0.415741 0)
(4.06013 0.378807 0)
(3.61815 0.311474 0)
(3.05677 0.27434 0)
(2.39157 0.199015 0)
(1.47744 0.251504 0)
(0.40733 0.119221 0)
(-0.238129 -0.000805714 0)
(-0.541477 0.109989 0)
(-0.300595 -0.198806 0)
(-0.0326343 -0.876191 0)
(-0.416043 -0.735051 0)
(-0.137131 0.263293 0)
(-0.251757 0.629103 0)
(10.0001 0.0267922 0)
(10.0167 0.0697461 0)
(10.0428 0.0998867 0)
(10.0746 0.117535 0)
(10.1084 0.126744 0)
(10.1393 0.131992 0)
(10.1673 0.135757 0)
(10.1909 0.140511 0)
(10.2129 0.145182 0)
(10.233 0.150505 0)
(10.2533 0.154824 0)
(10.2732 0.158732 0)
(10.2932 0.161711 0)
(10.3132 0.164044 0)
(10.3321 0.166213 0)
(10.3515 0.167656 0)
(10.3684 0.169662 0)
(10.3869 0.170587 0)
(10.4015 0.172643 0)
(10.4191 0.173077 0)
(10.4314 0.175112 0)
(10.4479 0.175081 0)
(10.4579 0.177001 0)
(10.4732 0.176656 0)
(10.4809 0.178345 0)
(10.4945 0.177914 0)
(10.5001 0.179258 0)
(10.5115 0.179009 0)
(10.5148 0.17992 0)
(10.524 0.180007 0)
(10.5246 0.180612 0)
(10.5316 0.180991 0)
(10.5292 0.181593 0)
(10.5338 0.182279 0)
(10.5281 0.183105 0)
(10.5299 0.184286 0)
(10.5208 0.18547 0)
(10.5194 0.187479 0)
(10.5066 0.189274 0)
(10.5014 0.192321 0)
(10.4847 0.195068 0)
(10.4749 0.199631 0)
(10.4543 0.203531 0)
(10.4389 0.210346 0)
(10.4138 0.215646 0)
(10.392 0.225386 0)
(10.3613 0.232782 0)
(10.3327 0.245769 0)
(10.2943 0.256246 0)
(10.2592 0.272863 0)
(10.2099 0.287396 0)
(10.1686 0.308209 0)
(10.1046 0.327484 0)
(10.057 0.353334 0)
(9.97446 0.377726 0)
(9.91968 0.40941 0)
(9.81393 0.438957 0)
(9.75121 0.476317 0)
(9.61593 0.510942 0)
(9.54435 0.552106 0)
(9.3717 0.590226 0)
(9.28878 0.630578 0)
(9.06962 0.667211 0)
(8.96883 0.697015 0)
(8.69188 0.722577 0)
(8.56172 0.727231 0)
(8.20629 0.73419 0)
(8.01349 0.712154 0)
(7.55887 0.724323 0)
(7.26747 0.715169 0)
(6.69508 0.795151 0)
(6.2719 0.852247 0)
(5.57339 1.01323 0)
(5.02042 0.928028 0)
(4.30408 0.893507 0)
(3.32387 0.619506 0)
(2.64732 0.454354 0)
(0.760523 0.169798 0)
(-0.267144 -0.204236 0)
(-0.546113 -0.313203 0)
(9.99998 0.0189807 0)
(10.0101 0.0525119 0)
(10.0277 0.0807593 0)
(10.051 0.101123 0)
(10.078 0.114735 0)
(10.105 0.123185 0)
(10.1319 0.128255 0)
(10.156 0.132744 0)
(10.1797 0.136071 0)
(10.2012 0.140536 0)
(10.2238 0.143785 0)
(10.2451 0.147695 0)
(10.2685 0.150205 0)
(10.2908 0.152817 0)
(10.3148 0.154532 0)
(10.3377 0.156046 0)
(10.3612 0.157459 0)
(10.3847 0.158381 0)
(10.4071 0.159817 0)
(10.4312 0.160382 0)
(10.4522 0.161877 0)
(10.4772 0.162149 0)
(10.4964 0.163712 0)
(10.5224 0.16368 0)
(10.5396 0.16535 0)
(10.5663 0.165108 0)
(10.5816 0.166813 0)
(10.6085 0.166676 0)
(10.622 0.168259 0)
(10.6485 0.168453 0)
(10.6603 0.170051 0)
(10.6862 0.170482 0)
(10.696 0.172551 0)
(10.721 0.173114 0)
(10.7285 0.175927 0)
(10.7526 0.176896 0)
(10.7572 0.180519 0)
(10.7807 0.182252 0)
(10.7814 0.187103 0)
(10.805 0.189524 0)
(10.8004 0.196501 0)
(10.8251 0.199567 0)
(10.8137 0.209334 0)
(10.8401 0.213585 0)
(10.8211 0.22617 0)
(10.849 0.233024 0)
(10.8221 0.247872 0)
(10.8506 0.259286 0)
(10.8163 0.275754 0)
(10.8444 0.293476 0)
(10.8021 0.312116 0)
(10.8302 0.336137 0)
(10.7778 0.359493 0)
(10.8073 0.388368 0)
(10.7425 0.419336 0)
(10.7731 0.452181 0)
(10.6957 0.491985 0)
(10.7242 0.528393 0)
(10.6361 0.577428 0)
(10.6561 0.615387 0)
(10.5591 0.673041 0)
(10.5613 0.708403 0)
(10.4551 0.771094 0)
(10.4256 0.798245 0)
(10.3047 0.859781 0)
(10.2238 0.875343 0)
(10.0749 0.934892 0)
(9.91991 0.951737 0)
(9.73105 1.02277 0)
(9.48201 1.06933 0)
(9.24164 1.17385 0)
(8.88529 1.2678 0)
(8.58566 1.38229 0)
(8.10169 1.4582 0)
(7.70709 1.48004 0)
(7.071 1.523 0)
(6.47648 1.47928 0)
(5.706 1.59454 0)
(4.63729 1.56099 0)
(3.58744 1.31322 0)
(9.99967 0.0136029 0)
(10.0073 0.0381859 0)
(10.0191 0.0606533 0)
(10.0373 0.0776713 0)
(10.0581 0.0906238 0)
(10.082 0.0988946 0)
(10.1054 0.104378 0)
(10.1293 0.108337 0)
(10.1516 0.111237 0)
(10.1741 0.114506 0)
(10.1955 0.117243 0)
(10.2177 0.120377 0)
(10.2398 0.122838 0)
(10.2625 0.125371 0)
(10.2858 0.127062 0)
(10.3088 0.128936 0)
(10.3328 0.130033 0)
(10.3559 0.131485 0)
(10.3798 0.132494 0)
(10.4032 0.133577 0)
(10.4266 0.134794 0)
(10.4507 0.135588 0)
(10.4728 0.137007 0)
(10.4981 0.137559 0)
(10.5185 0.139259 0)
(10.5451 0.139438 0)
(10.5635 0.141691 0)
(10.5914 0.141462 0)
(10.6075 0.144295 0)
(10.6365 0.143988 0)
(10.6502 0.147199 0)
(10.6801 0.147177 0)
(10.6913 0.150943 0)
(10.722 0.151091 0)
(10.7304 0.155934 0)
(10.7618 0.15623 0)
(10.767 0.162406 0)
(10.7993 0.163278 0)
(10.8008 0.170818 0)
(10.834 0.172784 0)
(10.8315 0.181982 0)
(10.8657 0.185459 0)
(10.8589 0.196691 0)
(10.8939 0.202149 0)
(10.8831 0.215982 0)
(10.9182 0.223716 0)
(10.904 0.24123 0)
(10.9378 0.251234 0)
(10.9221 0.273714 0)
(10.9525 0.286477 0)
(10.9376 0.314453 0)
(10.9618 0.331529 0)
(10.9515 0.364852 0)
(10.9655 0.387616 0)
(10.9633 0.427472 0)
(10.9651 0.4551 0)
(10.9717 0.504008 0)
(10.9614 0.534846 0)
(10.9757 0.593714 0)
(10.9534 0.627374 0)
(10.9714 0.69367 0)
(10.9385 0.730872 0)
(10.9503 0.799182 0)
(10.9074 0.841893 0)
(10.8993 0.906599 0)
(10.8418 0.960383 0)
(10.7992 1.02186 0)
(10.721 1.09889 0)
(10.6259 1.16491 0)
(10.5251 1.27953 0)
(10.3587 1.35806 0)
(10.2346 1.51991 0)
(9.98517 1.59975 0)
(9.82402 1.78711 0)
(9.4841 1.83883 0)
(9.23637 2.00938 0)
(8.79209 2.03499 0)
(8.33248 2.16131 0)
(7.78121 2.1793 0)
(6.83836 2.21653 0)
(9.99969 0.00992113 0)
(10.0057 0.0276578 0)
(10.0144 0.0451047 0)
(10.0295 0.058431 0)
(10.0459 0.0701714 0)
(10.0672 0.0775324 0)
(10.0874 0.0834717 0)
(10.1108 0.0870128 0)
(10.1316 0.0901241 0)
(10.1548 0.0926049 0)
(10.175 0.0951414 0)
(10.1981 0.0974588 0)
(10.2188 0.0999945 0)
(10.2424 0.101845 0)
(10.2638 0.104092 0)
(10.2881 0.105246 0)
(10.31 0.107129 0)
(10.3347 0.107817 0)
(10.3568 0.109513 0)
(10.3817 0.109977 0)
(10.4035 0.111698 0)
(10.4289 0.112109 0)
(10.4499 0.113898 0)
(10.4761 0.114348 0)
(10.496 0.116205 0)
(10.5229 0.116689 0)
(10.5416 0.11882 0)
(10.5691 0.11923 0)
(10.5865 0.121882 0)
(10.6143 0.122265 0)
(10.6303 0.125449 0)
(10.6585 0.126219 0)
(10.6728 0.129807 0)
(10.7011 0.131288 0)
(10.7137 0.135371 0)
(10.742 0.137893 0)
(10.7529 0.142473 0)
(10.7806 0.146649 0)
(10.7902 0.151641 0)
(10.8167 0.157863 0)
(10.8256 0.164133 0)
(10.85 0.1716 0)
(10.8587 0.181175 0)
(10.8805 0.18851 0)
(10.8897 0.203599 0)
(10.9079 0.209974 0)
(10.9192 0.231826 0)
(10.9314 0.237978 0)
(10.9476 0.266461 0)
(10.9518 0.274284 0)
(10.9743 0.30899 0)
(10.9705 0.320141 0)
(10.999 0.360963 0)
(10.9886 0.377635 0)
(11.0223 0.422842 0)
(11.0073 0.449048 0)
(11.0433 0.495449 0)
(11.0287 0.534721 0)
(11.0608 0.580259 0)
(11.0524 0.633663 0)
(11.074 0.677482 0)
(11.0748 0.744437 0)
(11.0774 0.787437 0)
(11.092 0.865669 0)
(11.0613 0.912947 0)
(11.0939 1.00154 0)
(11.0168 1.06027 0)
(11.0629 1.16396 0)
(10.9366 1.24316 0)
(10.9788 1.36495 0)
(10.8151 1.48179 0)
(10.8257 1.61213 0)
(10.6499 1.78097 0)
(10.586 1.90522 0)
(10.4392 2.10291 0)
(10.2163 2.21891 0)
(10.1311 2.39394 0)
(9.65065 2.52347 0)
(9.59313 2.63721 0)
(8.84226 2.82741 0)
(10.0002 0.00708989 0)
(10.0042 0.0198596 0)
(10.0124 0.0327913 0)
(10.0242 0.0429188 0)
(10.0391 0.0524709 0)
(10.0571 0.0586175 0)
(10.0763 0.0641661 0)
(10.0975 0.0671605 0)
(10.1184 0.0703319 0)
(10.1403 0.0718921 0)
(10.1613 0.0745091 0)
(10.1834 0.0756584 0)
(10.2047 0.0784547 0)
(10.2274 0.07929 0)
(10.2491 0.0818945 0)
(10.2726 0.082413 0)
(10.2948 0.0845587 0)
(10.3189 0.0848999 0)
(10.3411 0.0867345 0)
(10.3658 0.08696 0)
(10.3876 0.0888227 0)
(10.4128 0.0890462 0)
(10.4341 0.0910166 0)
(10.4598 0.0913538 0)
(10.4804 0.0934536 0)
(10.5062 0.0938553 0)
(10.5266 0.0964011 0)
(10.5518 0.096661 0)
(10.5723 0.0998746 0)
(10.5965 0.100222 0)
(10.6173 0.103804 0)
(10.6402 0.105073 0)
(10.6613 0.10844 0)
(10.6823 0.111278 0)
(10.7041 0.114504 0)
(10.7227 0.118833 0)
(10.7453 0.122742 0)
(10.7615 0.128046 0)
(10.7845 0.13362 0)
(10.7986 0.139694 0)
(10.8218 0.147576 0)
(10.8337 0.154599 0)
(10.8569 0.165168 0)
(10.867 0.173707 0)
(10.8898 0.187285 0)
(10.8986 0.197851 0)
(10.9208 0.215071 0)
(10.928 0.228229 0)
(10.951 0.249279 0)
(10.9555 0.266962 0)
(10.9799 0.290409 0)
(10.983 0.315748 0)
(11.0067 0.340277 0)
(11.0119 0.375401 0)
(11.0331 0.400771 0)
(11.0417 0.446857 0)
(11.0593 0.473377 0)
(11.0743 0.530559 0)
(11.0836 0.560091 0)
(11.1112 0.626038 0)
(11.1036 0.662117 0)
(11.1503 0.734385 0)
(11.1177 0.780721 0)
(11.1855 0.857196 0)
(11.1243 0.922553 0)
(11.2068 0.995435 0)
(11.1199 1.0991 0)
(11.2031 1.15709 0)
(11.0992 1.31748 0)
(11.1601 1.36448 0)
(11.0651 1.57693 0)
(11.0608 1.64056 0)
(11.0187 1.87996 0)
(10.906 1.97953 0)
(10.9354 2.22486 0)
(10.7004 2.35458 0)
(10.7664 2.58094 0)
(10.4175 2.75579 0)
(10.4427 2.91982 0)
(10.0147 3.15676 0)
(10.0008 0.00489903 0)
(10.0029 0.0133634 0)
(10.0117 0.0225525 0)
(10.0205 0.0294114 0)
(10.0356 0.0366911 0)
(10.0501 0.0408542 0)
(10.0698 0.045722 0)
(10.088 0.0475285 0)
(10.1101 0.0507309 0)
(10.1297 0.0512254 0)
(10.1527 0.0538904 0)
(10.1724 0.0540369 0)
(10.1963 0.0568561 0)
(10.2156 0.0567538 0)
(10.2409 0.0596376 0)
(10.2598 0.0591813 0)
(10.2869 0.0620284 0)
(10.3051 0.0612305 0)
(10.3338 0.0641102 0)
(10.351 0.0629988 0)
(10.3811 0.0662484 0)
(10.3974 0.0648398 0)
(10.4282 0.0686344 0)
(10.4438 0.0670163 0)
(10.475 0.071267 0)
(10.4901 0.0696928 0)
(10.5216 0.0743857 0)
(10.5357 0.0728466 0)
(10.5678 0.078252 0)
(10.5805 0.0766388 0)
(10.6132 0.0830417 0)
(10.6248 0.0815004 0)
(10.6573 0.088914 0)
(10.668 0.087672 0)
(10.7003 0.0963893 0)
(10.7097 0.095371 0)
(10.742 0.105865 0)
(10.7499 0.105262 0)
(10.7824 0.117425 0)
(10.7882 0.118398 0)
(10.8215 0.131355 0)
(10.8247 0.135418 0)
(10.8588 0.148578 0)
(10.8603 0.156685 0)
(10.893 0.170361 0)
(10.8966 0.182793 0)
(10.9241 0.197696 0)
(10.9327 0.215145 0)
(10.954 0.231113 0)
(10.9673 0.255578 0)
(10.9846 0.271455 0)
(11.0009 0.305018 0)
(11.0157 0.321269 0)
(11.0352 0.363311 0)
(11.0475 0.383028 0)
(11.0709 0.431602 0)
(11.0801 0.457118 0)
(11.1093 0.512022 0)
(11.1128 0.545372 0)
(11.1507 0.603631 0)
(11.1449 0.652776 0)
(11.1931 0.705499 0)
(11.1752 0.783202 0)
(11.2335 0.823201 0)
(11.2023 0.936606 0)
(11.263 0.969428 0)
(11.2284 1.11283 0)
(11.2686 1.15815 0)
(11.2522 1.32285 0)
(11.2453 1.39282 0)
(11.2626 1.58961 0)
(11.1954 1.67881 0)
(11.2513 1.91198 0)
(11.1149 2.03861 0)
(11.2086 2.2692 0)
(11.0048 2.46323 0)
(11.102 2.66176 0)
(10.8548 2.91386 0)
(10.9025 3.08604 0)
(10.6068 3.33876 0)
(10.0008 0.00306508 0)
(10.0025 0.00755608 0)
(10.011 0.0134434 0)
(10.0187 0.017198 0)
(10.0333 0.0218503 0)
(10.0462 0.0243062 0)
(10.0659 0.0274336 0)
(10.0823 0.028753 0)
(10.1051 0.0307365 0)
(10.1228 0.0311607 0)
(10.1475 0.0329505 0)
(10.1652 0.0328623 0)
(10.1912 0.0351597 0)
(10.2082 0.0345215 0)
(10.2359 0.0372871 0)
(10.252 0.0362211 0)
(10.282 0.0392094 0)
(10.2967 0.0379082 0)
(10.3293 0.0409542 0)
(10.342 0.0396023 0)
(10.3774 0.0428345 0)
(10.3877 0.04154 0)
(10.4252 0.0450755 0)
(10.4339 0.0437763 0)
(10.4724 0.0479035 0)
(10.4803 0.0463419 0)
(10.5192 0.0515941 0)
(10.5262 0.0493159 0)
(10.5657 0.0561918 0)
(10.5714 0.0531471 0)
(10.6117 0.0615978 0)
(10.616 0.0585032 0)
(10.6566 0.0676736 0)
(10.6598 0.0659018 0)
(10.7005 0.0748342 0)
(10.7023 0.075315 0)
(10.7433 0.0840329 0)
(10.7438 0.0865731 0)
(10.7845 0.09613 0)
(10.7841 0.100172 0)
(10.8246 0.111365 0)
(10.8226 0.117381 0)
(10.8641 0.129592 0)
(10.8593 0.139488 0)
(10.9027 0.151539 0)
(10.8956 0.166571 0)
(10.939 0.179544 0)
(10.9329 0.198045 0)
(10.9732 0.215425 0)
(10.9714 0.235855 0)
(11.0065 0.258044 0)
(11.0115 0.283711 0)
(11.039 0.307372 0)
(11.0546 0.342198 0)
(11.0716 0.367044 0)
(11.1001 0.410013 0)
(11.1064 0.440119 0)
(11.1476 0.488388 0)
(11.1441 0.52756 0)
(11.1965 0.580316 0)
(11.1853 0.630394 0)
(11.2444 0.690295 0)
(11.2315 0.750755 0)
(11.2877 0.822051 0)
(11.2816 0.897772 0)
(11.3229 0.9747 0)
(11.3316 1.08587 0)
(11.3479 1.15578 0)
(11.3759 1.31681 0)
(11.3563 1.39261 0)
(11.4134 1.58603 0)
(11.342 1.70104 0)
(11.4305 1.91158 0)
(11.3129 2.07123 0)
(11.409 2.30278 0)
(11.2542 2.50396 0)
(11.3502 2.74536 0)
(11.1406 2.97544 0)
(11.2207 3.23869 0)
(10.961 3.43615 0)
(10.0006 0.00122596 0)
(10.0026 0.0022977 0)
(10.0106 0.00486747 0)
(10.0181 0.00563908 0)
(10.0322 0.00775521 0)
(10.0444 0.00811269 0)
(10.0641 0.00987633 0)
(10.0795 0.00986654 0)
(10.1029 0.0112713 0)
(10.1194 0.0108415 0)
(10.1451 0.0123453 0)
(10.1617 0.0116701 0)
(10.1887 0.0135795 0)
(10.205 0.0124801 0)
(10.233 0.0149468 0)
(10.2495 0.0134007 0)
(10.2783 0.0164686 0)
(10.2949 0.0144828 0)
(10.3249 0.0180717 0)
(10.3409 0.0158307 0)
(10.3728 0.0199448 0)
(10.3869 0.0176213 0)
(10.4209 0.0221278 0)
(10.4329 0.0200091 0)
(10.4687 0.024694 0)
(10.4792 0.0231812 0)
(10.5162 0.027866 0)
(10.5252 0.0271041 0)
(10.5636 0.031992 0)
(10.5703 0.0318582 0)
(10.6108 0.0373662 0)
(10.6147 0.0377009 0)
(10.6572 0.0441155 0)
(10.6586 0.045088 0)
(10.7026 0.0524158 0)
(10.7016 0.0543915 0)
(10.7469 0.0628058 0)
(10.7438 0.0656989 0)
(10.7898 0.0760344 0)
(10.7852 0.0793562 0)
(10.8317 0.092298 0)
(10.8251 0.0967556 0)
(10.8737 0.111301 0)
(10.8632 0.119202 0)
(10.9154 0.133594 0)
(10.9011 0.147045 0)
(10.9551 0.160989 0)
(10.9411 0.179817 0)
(10.9926 0.19564 0)
(10.9839 0.217881 0)
(11.0281 0.238604 0)
(11.03 0.263105 0)
(11.0633 0.289996 0)
(11.0787 0.317615 0)
(11.1011 0.350658 0)
(11.1286 0.382877 0)
(11.1435 0.421915 0)
(11.18 0.461453 0)
(11.191 0.505003 0)
(11.2325 0.554329 0)
(11.2449 0.606848 0)
(11.2859 0.658491 0)
(11.3032 0.736782 0)
(11.3422 0.778233 0)
(11.364 0.892852 0)
(11.3952 0.933471 0)
(11.4327 1.06998 0)
(11.4379 1.13831 0)
(11.5014 1.28532 0)
(11.4785 1.38882 0)
(11.5546 1.56298 0)
(11.5101 1.698 0)
(11.5983 1.89831 0)
(11.5108 2.08893 0)
(11.6177 2.30113 0)
(11.4878 2.53919 0)
(11.5752 2.78912 0)
(11.4277 3.0384 0)
(11.4463 3.31707 0)
(11.2952 3.59237 0)
(10.0006 -0.000576719 0)
(10.0028 -0.00294319 0)
(10.0105 -0.00330658 0)
(10.0182 -0.0059854 0)
(10.0318 -0.0058259 0)
(10.0449 -0.00809619 0)
(10.0637 -0.00736685 0)
(10.0801 -0.00897607 0)
(10.1023 -0.00820648 0)
(10.12 -0.00931801 0)
(10.1448 -0.00843625 0)
(10.1622 -0.00925584 0)
(10.1889 -0.0083119 0)
(10.2051 -0.00914232 0)
(10.2336 -0.00791225 0)
(10.2497 -0.00885026 0)
(10.2788 -0.00695279 0)
(10.2958 -0.00838359 0)
(10.3248 -0.0054572 0)
(10.3428 -0.00747734 0)
(10.3719 -0.00360021 0)
(10.3899 -0.00575809 0)
(10.4196 -0.00168386 0)
(10.4367 -0.00305136 0)
(10.4674 0.000509 0)
(10.4836 0.00054278 0)
(10.5152 0.00351711 0)
(10.53 0.0046896 0)
(10.5632 0.00801136 0)
(10.5754 0.00927051 0)
(10.6114 0.0143417 0)
(10.62 0.0146467 0)
(10.6592 0.0222736 0)
(10.664 0.0218065 0)
(10.7062 0.0313149 0)
(10.7073 0.0316253 0)
(10.7525 0.041644 0)
(10.7498 0.044292 0)
(10.7975 0.0543741 0)
(10.7922 0.0591773 0)
(10.8408 0.07084 0)
(10.835 0.0766473 0)
(10.8823 0.0907015 0)
(10.8783 0.0990037 0)
(10.9228 0.113057 0)
(10.9215 0.127591 0)
(10.9639 0.139488 0)
(10.9634 0.16117 0)
(11.0078 0.173213 0)
(11.0039 0.19916 0)
(11.0542 0.214939 0)
(11.0462 0.244493 0)
(11.1009 0.263999 0)
(11.0936 0.298576 0)
(11.1477 0.323446 0)
(11.1457 0.359666 0)
(11.198 0.397674 0)
(11.202 0.428785 0)
(11.2522 0.487476 0)
(11.264 0.512148 0)
(11.3121 0.589116 0)
(11.3283 0.621476 0)
(11.3825 0.699973 0)
(11.3938 0.762105 0)
(11.4585 0.834957 0)
(11.4681 0.924674 0)
(11.5341 1.0158 0)
(11.5456 1.11943 0)
(11.6196 1.23504 0)
(11.6105 1.38183 0)
(11.7123 1.49805 0)
(11.67 1.70451 0)
(11.7831 1.85365 0)
(11.727 2.0789 0)
(11.8187 2.30027 0)
(11.7533 2.54278 0)
(11.8038 2.81455 0)
(11.7236 3.09563 0)
(11.7045 3.38815 0)
(11.5934 3.70116 0)
(9.99994 -0.0026281 0)
(10.0038 -0.00782546 0)
(10.0101 -0.0122189 0)
(10.0197 -0.0172537 0)
(10.0321 -0.020243 0)
(10.0475 -0.0239376 0)
(10.0648 -0.0252384 0)
(10.0838 -0.0276748 0)
(10.1037 -0.0279283 0)
(10.1245 -0.0296119 0)
(10.1465 -0.0291291 0)
(10.1669 -0.0305734 0)
(10.1909 -0.030006 0)
(10.2096 -0.0311413 0)
(10.2364 -0.0307896 0)
(10.2537 -0.0310463 0)
(10.2826 -0.0310332 0)
(10.2996 -0.0304316 0)
(10.3293 -0.0303707 0)
(10.3467 -0.0294948 0)
(10.3767 -0.0286582 0)
(10.3941 -0.0282947 0)
(10.4244 -0.0261824 0)
(10.4416 -0.0264923 0)
(10.4722 -0.0231391 0)
(10.4895 -0.0236633 0)
(10.5197 -0.0195439 0)
(10.5374 -0.0196267 0)
(10.5673 -0.0150491 0)
(10.5845 -0.0143707 0)
(10.6154 -0.00920588 0)
(10.6303 -0.00786886 0)
(10.6638 -0.00182636 0)
(10.6752 0.000504903 0)
(10.7116 0.00669187 0)
(10.7199 0.0116913 0)
(10.7581 0.0164178 0)
(10.765 0.0254595 0)
(10.8027 0.0291225 0)
(10.8104 0.0406387 0)
(10.8467 0.0463601 0)
(10.8546 0.0576628 0)
(10.8916 0.06737 0)
(10.8975 0.0789213 0)
(10.9366 0.0911676 0)
(10.9414 0.10582 0)
(10.9809 0.118844 0)
(10.9865 0.137739 0)
(11.0268 0.153191 0)
(11.031 0.173789 0)
(11.0767 0.195718 0)
(11.076 0.215559 0)
(11.129 0.246166 0)
(11.1257 0.265642 0)
(11.1823 0.304899 0)
(11.1814 0.325829 0)
(11.2394 0.372382 0)
(11.2427 0.400505 0)
(11.3019 0.448025 0)
(11.3103 0.492494 0)
(11.3713 0.539824 0)
(11.3848 0.595748 0)
(11.4502 0.660114 0)
(11.4648 0.715446 0)
(11.5427 0.803173 0)
(11.546 0.876277 0)
(11.6525 0.967 0)
(11.6327 1.07945 0)
(11.7634 1.18902 0)
(11.7414 1.31356 0)
(11.8657 1.48514 0)
(11.8521 1.61918 0)
(11.9728 1.84023 0)
(11.9467 2.02673 0)
(12.0512 2.27901 0)
(12.0244 2.53175 0)
(12.069 2.82289 0)
(12.0382 3.12539 0)
(11.995 3.47346 0)
(11.9452 3.79314 0)
(9.99972 -0.00497902 0)
(10.0042 -0.0128754 0)
(10.0107 -0.0218527 0)
(10.0212 -0.0291332 0)
(10.0348 -0.035284 0)
(10.0511 -0.0403547 0)
(10.0692 -0.0435189 0)
(10.0894 -0.0466934 0)
(10.1089 -0.0478551 0)
(10.1319 -0.0500613 0)
(10.1514 -0.0499585 0)
(10.1754 -0.0521919 0)
(10.1953 -0.0517356 0)
(10.2189 -0.0536988 0)
(10.2408 -0.0533614 0)
(10.2635 -0.0542752 0)
(10.2875 -0.0541168 0)
(10.3095 -0.0542505 0)
(10.335 -0.0534982 0)
(10.3566 -0.0538795 0)
(10.3831 -0.0516847 0)
(10.4039 -0.0530855 0)
(10.4318 -0.0492533 0)
(10.4513 -0.0512996 0)
(10.4807 -0.0466368 0)
(10.4988 -0.047874 0)
(10.5295 -0.0439635 0)
(10.5467 -0.0427058 0)
(10.5781 -0.0403993 0)
(10.5944 -0.0366425 0)
(10.6267 -0.0344732 0)
(10.6414 -0.0305681 0)
(10.6757 -0.0255056 0)
(10.6873 -0.0237773 0)
(10.7247 -0.014689 0)
(10.7326 -0.0139204 0)
(10.7727 -0.00377132 0)
(10.7784 0.000285457 0)
(10.8194 0.00817396 0)
(10.8242 0.0172399 0)
(10.8662 0.0242813 0)
(10.8685 0.0348706 0)
(10.9145 0.0458198 0)
(10.9121 0.0551746 0)
(10.962 0.0705675 0)
(10.9591 0.0807929 0)
(11.0062 0.099046 0)
(11.011 0.110408 0)
(11.0495 0.13492 0)
(11.0643 0.143097 0)
(11.0971 0.177899 0)
(11.1176 0.184007 0)
(11.1496 0.222946 0)
(11.1734 0.239151 0)
(11.207 0.270218 0)
(11.2327 0.305503 0)
(11.2716 0.330747 0)
(11.2969 0.37399 0)
(11.344 0.412986 0)
(11.368 0.44953 0)
(11.4265 0.508626 0)
(11.4456 0.550829 0)
(11.5225 0.610945 0)
(11.5337 0.681128 0)
(11.6265 0.742161 0)
(11.6427 0.824036 0)
(11.7389 0.924937 0)
(11.7626 0.999374 0)
(11.8781 1.13923 0)
(11.888 1.25347 0)
(12.0237 1.39462 0)
(12.0427 1.58394 0)
(12.1571 1.74085 0)
(12.2017 1.9951 0)
(12.2776 2.20421 0)
(12.3368 2.51044 0)
(12.3463 2.79732 0)
(12.4046 3.15641 0)
(12.3227 3.49808 0)
(12.334 3.93924 0)
(10.0001 -0.00734548 0)
(10.0045 -0.0189587 0)
(10.012 -0.0325869 0)
(10.0239 -0.0421904 0)
(10.0393 -0.0516553 0)
(10.057 -0.0574228 0)
(10.0769 -0.0628354 0)
(10.0976 -0.0656581 0)
(10.1185 -0.0684566 0)
(10.1415 -0.0701366 0)
(10.1616 -0.0714278 0)
(10.1858 -0.0735373 0)
(10.2051 -0.0740102 0)
(10.2306 -0.0761927 0)
(10.2501 -0.0762606 0)
(10.2769 -0.0774678 0)
(10.2962 -0.0776162 0)
(10.3244 -0.0775397 0)
(10.3434 -0.0777709 0)
(10.3724 -0.076844 0)
(10.3918 -0.0768278 0)
(10.42 -0.0757535 0)
(10.4412 -0.0749201 0)
(10.4673 -0.0740736 0)
(10.4914 -0.0722678 0)
(10.5147 -0.0710578 0)
(10.5416 -0.0693279 0)
(10.5627 -0.0661085 0)
(10.5908 -0.0656569 0)
(10.612 -0.0600025 0)
(10.6389 -0.05943 0)
(10.6615 -0.0543187 0)
(10.6873 -0.0493064 0)
(10.7091 -0.0487082 0)
(10.7373 -0.0367736 0)
(10.7548 -0.0400135 0)
(10.7872 -0.0247651 0)
(10.8017 -0.0257179 0)
(10.8343 -0.0131829 0)
(10.851 -0.00773808 0)
(10.8795 0.00207627 0)
(10.9 0.0104997 0)
(10.9276 0.0233956 0)
(10.9457 0.0306638 0)
(10.9786 0.0471379 0)
(10.992 0.0583462 0)
(11.0283 0.0703197 0)
(11.0436 0.0942473 0)
(11.0756 0.0970985 0)
(11.0998 0.133207 0)
(11.125 0.134311 0)
(11.1581 0.172312 0)
(11.1787 0.182953 0)
(11.2202 0.215604 0)
(11.2376 0.238751 0)
(11.2868 0.270471 0)
(11.3049 0.297845 0)
(11.3581 0.341931 0)
(11.3818 0.363331 0)
(11.4388 0.424847 0)
(11.467 0.451012 0)
(11.5324 0.509544 0)
(11.5664 0.568497 0)
(11.6348 0.613289 0)
(11.6878 0.695228 0)
(11.7501 0.76875 0)
(11.8274 0.832767 0)
(11.8914 0.964314 0)
(11.9815 1.02968 0)
(12.0612 1.19017 0)
(12.1572 1.30301 0)
(12.2514 1.482 0)
(12.3502 1.67235 0)
(12.4529 1.87393 0)
(12.5427 2.14852 0)
(12.6463 2.42388 0)
(12.685 2.75978 0)
(12.7771 3.13697 0)
(12.7367 3.54796 0)
(12.75 3.98803 0)
(10.0011 -0.010011 0)
(10.0045 -0.0267524 0)
(10.0151 -0.0451964 0)
(10.0279 -0.0573252 0)
(10.0476 -0.0699207 0)
(10.0655 -0.0756821 0)
(10.0899 -0.0832255 0)
(10.1087 -0.0847792 0)
(10.1345 -0.0894941 0)
(10.1533 -0.0902049 0)
(10.1789 -0.0931789 0)
(10.1973 -0.0949402 0)
(10.2232 -0.0966711 0)
(10.2424 -0.0983536 0)
(10.2688 -0.0998013 0)
(10.2899 -0.0998591 0)
(10.3148 -0.101603 0)
(10.3393 -0.10036 0)
(10.3613 -0.101609 0)
(10.3892 -0.100567 0)
(10.4089 -0.100096 0)
(10.4386 -0.100777 0)
(10.4576 -0.0971039 0)
(10.4877 -0.100913 0)
(10.5073 -0.0928959 0)
(10.5367 -0.0995496 0)
(10.5575 -0.0892431 0)
(10.5861 -0.0943271 0)
(10.6068 -0.0873234 0)
(10.6371 -0.0852131 0)
(10.6542 -0.0848119 0)
(10.6892 -0.0757112 0)
(10.7014 -0.077468 0)
(10.7398 -0.0686562 0)
(10.7509 -0.0644183 0)
(10.7876 -0.0616681 0)
(10.8016 -0.0497798 0)
(10.8358 -0.0497041 0)
(10.8494 -0.0366415 0)
(10.8876 -0.0320677 0)
(10.8947 -0.0223772 0)
(10.939 -0.0118833 0)
(10.9443 -0.00384656 0)
(10.9848 0.0100925 0)
(11.0005 0.0185048 0)
(11.028 0.0362277 0)
(11.0585 0.0436438 0)
(11.0742 0.0671069 0)
(11.1166 0.0737874 0)
(11.1242 0.100524 0)
(11.1765 0.113111 0)
(11.1795 0.134571 0)
(11.2368 0.161904 0)
(11.2442 0.174865 0)
(11.2973 0.213271 0)
(11.3193 0.22925 0)
(11.3631 0.2675 0)
(11.4021 0.29291 0)
(11.4413 0.336532 0)
(11.4895 0.362228 0)
(11.5381 0.41848 0)
(11.5848 0.453012 0)
(11.6498 0.504784 0)
(11.7044 0.571224 0)
(11.7683 0.614289 0)
(11.8537 0.700467 0)
(11.9131 0.774426 0)
(12.0114 0.84548 0)
(12.1139 0.981388 0)
(12.1822 1.04706 0)
(12.3447 1.22987 0)
(12.4152 1.34426 0)
(12.5823 1.54767 0)
(12.6853 1.75999 0)
(12.8452 2.00751 0)
(12.9512 2.31931 0)
(13.0952 2.66612 0)
(13.1533 3.06639 0)
(13.2558 3.56494 0)
(13.1944 4.02186 0)
(10.0026 -0.0132469 0)
(10.0047 -0.0378338 0)
(10.0208 -0.0604711 0)
(10.0353 -0.0767168 0)
(10.0604 -0.0904516 0)
(10.0803 -0.096996 0)
(10.1082 -0.104763 0)
(10.1271 -0.105868 0)
(10.1552 -0.111344 0)
(10.172 -0.112005 0)
(10.201 -0.115838 0)
(10.2152 -0.118027 0)
(10.2474 -0.120114 0)
(10.2594 -0.12197 0)
(10.2953 -0.123819 0)
(10.3067 -0.123362 0)
(10.3429 -0.125954 0)
(10.3566 -0.123913 0)
(10.3896 -0.126129 0)
(10.408 -0.124372 0)
(10.4365 -0.124888 0)
(10.4593 -0.124715 0)
(10.4842 -0.122106 0)
(10.5105 -0.125219 0)
(10.5333 -0.117569 0)
(10.5606 -0.124499 0)
(10.5839 -0.113666 0)
(10.61 -0.119012 0)
(10.6342 -0.112852 0)
(10.6614 -0.108011 0)
(10.6813 -0.112579 0)
(10.7157 -0.0962064 0)
(10.7267 -0.106804 0)
(10.7687 -0.0884262 0)
(10.7757 -0.0929531 0)
(10.8166 -0.0834335 0)
(10.8285 -0.0750157 0)
(10.8627 -0.0753771 0)
(10.8795 -0.0576667 0)
(10.913 -0.0618684 0)
(10.9264 -0.0393039 0)
(10.9652 -0.0463371 0)
(10.9753 -0.015853 0)
(11.0136 -0.0301971 0)
(11.0304 0.0118775 0)
(11.0594 -0.00981242 0)
(11.0881 0.0396719 0)
(11.1081 0.0195657 0)
(11.1464 0.0647139 0)
(11.1613 0.0593494 0)
(11.2069 0.0912735 0)
(11.2186 0.102157 0)
(11.2727 0.130515 0)
(11.2792 0.141369 0)
(11.3472 0.182428 0)
(11.346 0.188365 0)
(11.4259 0.230712 0)
(11.4327 0.260162 0)
(11.5004 0.273214 0)
(11.5434 0.343934 0)
(11.5866 0.34193 0)
(11.6559 0.409886 0)
(11.7167 0.457738 0)
(11.7597 0.474095 0)
(11.8824 0.584533 0)
(11.8999 0.593201 0)
(12.0445 0.69725 0)
(12.103 0.773367 0)
(12.2292 0.839891 0)
(12.3415 0.981498 0)
(12.4778 1.05839 0)
(12.6111 1.24209 0)
(12.7965 1.3741 0)
(12.9232 1.5989 0)
(13.1672 1.84778 0)
(13.2728 2.12383 0)
(13.5303 2.55053 0)
(13.6073 2.92988 0)
(13.7906 3.51849 0)
(13.8155 4.07906 0)
(10.0028 -0.0182123 0)
(10.0084 -0.0529411 0)
(10.0287 -0.0800141 0)
(10.0509 -0.100586 0)
(10.0789 -0.114547 0)
(10.106 -0.121345 0)
(10.1323 -0.129458 0)
(10.157 -0.129605 0)
(10.1804 -0.137634 0)
(10.2027 -0.137022 0)
(10.2258 -0.144085 0)
(10.2462 -0.144439 0)
(10.2728 -0.149229 0)
(10.2909 -0.14862 0)
(10.3222 -0.1534 0)
(10.3373 -0.149371 0)
(10.3715 -0.156364 0)
(10.3848 -0.149044 0)
(10.4205 -0.15769 0)
(10.4323 -0.14856 0)
(10.4702 -0.157631 0)
(10.4784 -0.148088 0)
(10.5209 -0.155183 0)
(10.5237 -0.149127 0)
(10.5718 -0.148687 0)
(10.5689 -0.151434 0)
(10.6217 -0.140498 0)
(10.6152 -0.150139 0)
(10.6682 -0.135724 0)
(10.6653 -0.141335 0)
(10.7092 -0.134667 0)
(10.7194 -0.128027 0)
(10.747 -0.131482 0)
(10.7721 -0.116095 0)
(10.7884 -0.121902 0)
(10.8186 -0.106339 0)
(10.8341 -0.10792 0)
(10.8633 -0.0949594 0)
(10.8764 -0.0923559 0)
(10.9146 -0.0808142 0)
(10.9112 -0.0740972 0)
(10.9711 -0.0646778 0)
(10.9461 -0.0533991 0)
(11.0246 -0.0439497 0)
(10.9886 -0.0329026 0)
(11.0724 -0.0174891 0)
(11.0402 -0.0109463 0)
(11.1157 0.0126228 0)
(11.1025 0.0126494 0)
(11.1568 0.0495263 0)
(11.173 0.0353016 0)
(11.2032 0.0927024 0)
(11.2469 0.0671451 0)
(11.26 0.130292 0)
(11.3245 0.118178 0)
(11.3298 0.163237 0)
(11.4085 0.177399 0)
(11.4161 0.209619 0)
(11.4999 0.231168 0)
(11.5206 0.277569 0)
(11.6087 0.285727 0)
(11.6387 0.355737 0)
(11.7468 0.35938 0)
(11.7733 0.443537 0)
(11.9147 0.44207 0)
(11.9413 0.56472 0)
(12.1096 0.545405 0)
(12.1535 0.692763 0)
(12.3476 0.710332 0)
(12.4041 0.840957 0)
(12.6591 0.923294 0)
(12.7292 1.04658 0)
(13.0165 1.21455 0)
(13.1613 1.36843 0)
(13.4512 1.60612 0)
(13.6852 1.90272 0)
(13.9264 2.24601 0)
(14.2161 2.7689 0)
(14.3412 3.30048 0)
(14.5774 4.10519 0)
(10.0013 -0.0260604 0)
(10.0176 -0.0705733 0)
(10.0418 -0.0984752 0)
(10.0782 -0.118108 0)
(10.1059 -0.125538 0)
(10.1448 -0.131743 0)
(10.1634 -0.135555 0)
(10.1971 -0.138998 0)
(10.209 -0.145355 0)
(10.2397 -0.148667 0)
(10.2504 -0.153919 0)
(10.2797 -0.157439 0)
(10.2922 -0.159466 0)
(10.3189 -0.16239 0)
(10.3346 -0.163569 0)
(10.3563 -0.164333 0)
(10.3753 -0.166649 0)
(10.3907 -0.165755 0)
(10.4146 -0.167846 0)
(10.4208 -0.167228 0)
(10.4543 -0.167618 0)
(10.4451 -0.16798 0)
(10.4943 -0.165641 0)
(10.4658 -0.169237 0)
(10.5309 -0.159852 0)
(10.4879 -0.171967 0)
(10.5588 -0.151279 0)
(10.5154 -0.172212 0)
(10.5753 -0.144884 0)
(10.5503 -0.165565 0)
(10.5806 -0.142044 0)
(10.59 -0.153723 0)
(10.5809 -0.138487 0)
(10.6268 -0.14098 0)
(10.5852 -0.13131 0)
(10.6552 -0.127788 0)
(10.5956 -0.121372 0)
(10.6788 -0.113199 0)
(10.607 -0.107715 0)
(10.7034 -0.100037 0)
(10.619 -0.0863348 0)
(10.7272 -0.0906378 0)
(10.6373 -0.0576962 0)
(10.7477 -0.0811737 0)
(10.6629 -0.0261408 0)
(10.7717 -0.0690288 0)
(10.6889 0.00873263 0)
(10.8082 -0.0534652 0)
(10.7134 0.0419986 0)
(10.8585 -0.0249965 0)
(10.744 0.065865 0)
(10.9148 0.0112658 0)
(10.8019 0.100839 0)
(10.9533 0.0269786 0)
(10.9116 0.170862 0)
(10.971 0.0250816 0)
(11.0496 0.244692 0)
(11.0337 0.0610886 0)
(11.1379 0.266388 0)
(11.2084 0.169688 0)
(11.1777 0.257291 0)
(11.4274 0.272283 0)
(11.3056 0.321602 0)
(11.5727 0.30698 0)
(11.5667 0.444943 0)
(11.7315 0.352214 0)
(11.8287 0.577524 0)
(12.0072 0.424701 0)
(12.1122 0.709255 0)
(12.356 0.594685 0)
(12.4668 0.82437 0)
(12.8037 0.830608 0)
(12.9413 1.03584 0)
(13.3403 1.10365 0)
(13.5745 1.35454 0)
(14.0401 1.59952 0)
(14.3577 1.91336 0)
(14.8694 2.42246 0)
(15.1681 3.08581 0)
(15.5756 4.04989 0)
(10.0005 -0.0626198 0)
(10.0331 -0.135743 0)
(10.0677 -0.174598 0)
(10.1085 -0.183514 0)
(10.1292 -0.187114 0)
(10.1558 -0.184452 0)
(10.1542 -0.189476 0)
(10.1681 -0.189443 0)
(10.1539 -0.197293 0)
(10.1623 -0.196114 0)
(10.1421 -0.202405 0)
(10.1461 -0.198588 0)
(10.1222 -0.203651 0)
(10.1205 -0.197082 0)
(10.0939 -0.203637 0)
(10.085 -0.194037 0)
(10.0569 -0.202857 0)
(10.04 -0.191266 0)
(10.0131 -0.200343 0)
(9.98539 -0.188763 0)
(9.96489 -0.19674 0)
(9.92089 -0.185052 0)
(9.91406 -0.193105 0)
(9.848 -0.179508 0)
(9.86002 -0.189303 0)
(9.77021 -0.172564 0)
(9.8002 -0.185007 0)
(9.69271 -0.163747 0)
(9.73139 -0.180503 0)
(9.62064 -0.15313 0)
(9.65203 -0.174229 0)
(9.55616 -0.143121 0)
(9.56546 -0.163803 0)
(9.49605 -0.134177 0)
(9.47996 -0.151504 0)
(9.43442 -0.121505 0)
(9.40387 -0.142562 0)
(9.36786 -0.101756 0)
(9.34255 -0.1364 0)
(9.29556 -0.0795204 0)
(9.2999 -0.126241 0)
(9.21861 -0.0607031 0)
(9.27695 -0.109973 0)
(9.14284 -0.0429071 0)
(9.2695 -0.0929475 0)
(9.07873 -0.020679 0)
(9.27204 -0.077523 0)
(9.03566 0.00492323 0)
(9.28104 -0.0614908 0)
(9.01985 0.0345512 0)
(9.30153 -0.0487902 0)
(9.0139 0.071236 0)
(9.38035 -0.0374243 0)
(8.97244 0.104164 0)
(9.55101 -0.0106563 0)
(8.91408 0.126072 0)
(9.74539 0.0267839 0)
(8.95862 0.151258 0)
(9.84657 0.0603969 0)
(9.18663 0.19474 0)
(9.86843 0.0864242 0)
(9.47974 0.257411 0)
(10.0077 0.110964 0)
(9.7037 0.326827 0)
(10.2571 0.12706 0)
(10.012 0.431192 0)
(10.5579 0.141451 0)
(10.326 0.520741 0)
(11.0575 0.225493 0)
(10.7416 0.620329 0)
(11.5 0.304693 0)
(11.4196 0.771772 0)
(12.0523 0.448237 0)
(12.209 0.909178 0)
(12.8736 0.694436 0)
(13.3247 1.14923 0)
(13.9354 1.14992 0)
(14.8545 1.69128 0)
(15.5347 2.20852 0)
(16.4805 3.14995 0)
(9.89969 -0.0455438 0)
(9.8081 -0.0983738 0)
(9.69692 -0.121051 0)
(9.57296 -0.125623 0)
(9.41554 -0.124547 0)
(9.25621 -0.123275 0)
(9.07786 -0.124038 0)
(8.91308 -0.125546 0)
(8.73469 -0.126613 0)
(8.57456 -0.127422 0)
(8.39797 -0.126178 0)
(8.24223 -0.125731 0)
(8.06607 -0.122796 0)
(7.91494 -0.121798 0)
(7.73912 -0.118517 0)
(7.59276 -0.11724 0)
(7.41789 -0.114079 0)
(7.27705 -0.112549 0)
(7.10437 -0.109138 0)
(6.96931 -0.107791 0)
(6.79982 -0.103662 0)
(6.6705 -0.102772 0)
(6.50547 -0.0977283 0)
(6.38198 -0.0972881 0)
(6.22219 -0.091569 0)
(6.10523 -0.091111 0)
(5.95104 -0.085425 0)
(5.84184 -0.0839097 0)
(5.6937 -0.0794362 0)
(5.59282 -0.075758 0)
(5.45238 -0.0730724 0)
(5.35907 -0.0674967 0)
(5.22907 -0.0653402 0)
(5.14238 -0.0598512 0)
(5.02459 -0.056129 0)
(4.94559 -0.052163 0)
(4.83949 -0.0465772 0)
(4.77051 -0.0435792 0)
(4.67697 -0.0368742 0)
(4.61554 -0.0351127 0)
(4.54261 -0.0255603 0)
(4.47893 -0.0281012 0)
(4.43933 -0.0138305 0)
(4.36265 -0.0191039 0)
(4.36924 -0.00623503 0)
(4.26193 -0.00730415 0)
(4.34698 0.00339294 0)
(4.16329 -0.00665216 0)
(4.37761 0.0284101 0)
(4.08885 -0.0181954 0)
(4.42309 0.0541273 0)
(4.07614 -0.0147573 0)
(4.48424 0.0634109 0)
(4.08267 -0.00256182 0)
(4.63481 0.0809566 0)
(4.04442 -0.00225048 0)
(4.91046 0.108512 0)
(3.97404 -0.0108526 0)
(5.27703 0.155903 0)
(3.94015 -0.0486908 0)
(5.66607 0.24666 0)
(4.02663 -0.132378 0)
(6.00801 0.409085 0)
(4.34876 -0.257547 0)
(6.18239 0.501598 0)
(4.94111 -0.150949 0)
(6.45363 0.377356 0)
(5.27282 -0.0941306 0)
(7.31458 0.636286 0)
(5.47224 -0.425745 0)
(8.12075 1.01761 0)
(6.23743 -0.50564 0)
(8.82914 1.14741 0)
(7.27923 -0.529294 0)
(9.83781 1.41729 0)
(8.63352 -0.477572 0)
(11.3246 1.67809 0)
(10.6531 -0.256473 0)
(13.8197 2.27816 0)
(13.9078 0.596822 0)
(-0.0228857 -0.222137 0)
(-0.156598 -0.047637 0)
(-0.215799 0.0541135 0)
(-0.214219 0.0807692 0)
(-0.0856865 -0.0586224 0)
(0.225372 -0.112883 0)
(0.527959 -0.073873 0)
(0.741811 0.0363691 0)
(0.834953 0.133845 0)
(0.755582 -0.040076 0)
(0.680203 -0.119716 0)
(0.112937 0.310978 0)
(-1.49993 0.865285 0)
(-2.54333 0.402551 0)
(-2.39399 -0.0304306 0)
(-2.3599 0.0112373 0)
(-1.99857 -0.256785 0)
(-1.33888 -0.272817 0)
(-1.18166 -0.0149502 0)
(-0.424465 -0.294672 0)
(-0.135778 0.476458 0)
(-0.100089 0.277621 0)
(-0.272799 -0.0130698 0)
(-0.506464 -0.217061 0)
(-0.505007 -0.425973 0)
(-0.198769 -0.550353 0)
(0.228417 -0.47964 0)
(0.468416 -0.383819 0)
(0.693763 -0.0916644 0)
(0.37024 0.0962271 0)
(-0.778452 0.937874 0)
(-1.92737 1.78031 0)
(-2.9618 1.49772 0)
(-3.22155 0.571977 0)
(-3.28485 0.0217091 0)
(-3.14148 -0.387606 0)
(-2.65138 -0.78005 0)
(-2.19021 -0.704889 0)
(-1.75629 -0.646462 0)
(-0.114265 -1.37298 0)
(-0.764649 -0.471519 0)
(-0.951242 0.0481532 0)
(-0.931691 0.473251 0)
(-0.985822 0.425493 0)
(-0.957564 -0.224988 0)
(-0.993902 -0.796706 0)
(-0.697026 -0.757591 0)
(-0.499098 -0.422 0)
(-0.624933 0.277127 0)
(-0.920109 1.30259 0)
(-1.83893 2.03945 0)
(-2.47408 2.42233 0)
(-2.97739 1.84993 0)
(-3.11799 0.787182 0)
(-3.28206 0.00660852 0)
(-3.11658 -0.709869 0)
(-2.7421 -1.2305 0)
(-2.2267 -1.44949 0)
(-1.83031 -1.87275 0)
(0.078338 -2.4219 0)
(2.26123 1.01288 0)
(0.423882 0.547812 0)
(-0.261337 0.0510657 0)
(-1.07074 -0.318501 0)
(-1.3681 -0.669254 0)
(-1.60501 -0.950152 0)
(-1.38695 -0.894936 0)
(-1.28907 -0.40739 0)
(-1.13942 0.509088 0)
(-1.28856 1.54261 0)
(-1.59488 2.42006 0)
(-1.84854 2.75483 0)
(-2.20185 2.25916 0)
(-2.35944 1.09777 0)
(-2.40515 0.0822091 0)
(-2.42181 -0.920059 0)
(-2.25541 -1.63951 0)
(-1.82378 -2.01229 0)
(-1.61476 -2.82061 0)
(-0.123672 -3.33097 0)
(6.35469 2.1596 0)
(4.92192 2.18124 0)
(4.38549 1.88003 0)
(2.86361 1.5419 0)
(1.70282 0.787986 0)
(-0.0152124 -0.912883 0)
(-1.07428 -1.16368 0)
(-1.11799 -0.67883 0)
(-0.816836 0.336647 0)
(-0.695489 1.62626 0)
(-0.717406 2.69059 0)
(-0.864159 3.12983 0)
(-1.03506 2.41987 0)
(-0.855936 1.09802 0)
(-1.10023 0.049729 0)
(-1.33615 -0.992964 0)
(-1.45083 -1.84147 0)
(-1.26705 -2.26887 0)
(-1.15176 -3.39726 0)
(-0.25946 -4.29362 0)
(8.66406 2.77647 0)
(7.84802 2.9961 0)
(7.20147 2.56804 0)
(6.46251 2.66919 0)
(5.11064 1.77284 0)
(4.47617 1.80504 0)
(2.5405 0.632448 0)
(0.511216 -0.736219 0)
(0.130807 0.0914107 0)
(0.295406 1.42978 0)
(0.404591 2.49688 0)
(0.668832 2.84996 0)
(0.908406 2.46913 0)
(1.06383 1.46572 0)
(0.149335 0.719854 0)
(0.219004 -0.23262 0)
(-0.102666 -1.2683 0)
(-0.378889 -2.08237 0)
(-0.588942 -3.65384 0)
(-0.127457 -4.94462 0)
(9.89031 3.20513 0)
(9.38857 3.4033 0)
(9.05221 3.30233 0)
(8.3017 3.21353 0)
(7.75995 3.03799 0)
(6.56176 2.46804 0)
(5.54536 2.17671 0)
(4.19388 1.76359 0)
(1.79856 0.53234 0)
(1.36334 1.11106 0)
(1.5732 2.24604 0)
(1.85251 2.81802 0)
(1.74034 2.47125 0)
(1.85312 1.63363 0)
(1.36214 0.762788 0)
(1.96099 -0.989905 0)
(1.02009 -1.92198 0)
(0.17621 -2.35509 0)
(-0.00711299 -3.77058 0)
(0.148193 -4.96549 0)
(10.5767 3.51354 0)
(10.1851 3.6236 0)
(10.0068 3.82483 0)
(9.51285 3.69059 0)
(8.96872 3.73797 0)
(8.35815 3.53467 0)
(7.21644 3.15811 0)
(6.34764 3.04002 0)
(4.88482 2.61486 0)
(2.94716 1.63242 0)
(2.56067 1.85189 0)
(2.97336 2.25023 0)
(3.35021 2.08368 0)
(3.52667 1.95059 0)
(3.20452 1.05138 0)
(3.0951 0.42067 0)
(2.25338 0.934352 0)
(1.97042 -0.234665 0)
(1.58733 -2.67347 0)
(0.837181 -4.14446 0)
(10.9472 3.72838 0)
(10.6881 3.87099 0)
(10.4679 4.06606 0)
(10.2043 4.226 0)
(9.71105 4.18556 0)
(9.25672 4.26827 0)
(8.53329 4.16843 0)
(7.55041 3.88134 0)
(6.80597 3.86725 0)
(5.44863 3.3573 0)
(3.66796 2.41113 0)
(3.05613 2.50292 0)
(3.01088 2.27349 0)
(3.13861 1.71851 0)
(3.49149 0.902812 0)
(2.7315 -0.495286 0)
(2.15989 -1.39791 0)
(2.9388 -2.16601 0)
(2.76015 -3.39505 0)
(1.44085 -4.14375 0)
(11.199 3.82501 0)
(11.0271 4.15144 0)
(10.8141 4.29603 0)
(10.5554 4.56622 0)
(10.2234 4.71008 0)
(9.74494 4.75128 0)
(9.27561 4.88803 0)
(8.52063 4.81384 0)
(7.61429 4.63097 0)
(7.07733 4.55685 0)
(6.09365 3.61323 0)
(5.27082 2.40792 0)
(5.495 1.55304 0)
(5.66453 2.35869 0)
(5.74737 2.03124 0)
(6.28942 1.88661 0)
(5.52659 1.362 0)
(5.40314 -0.323292 0)
(4.70506 0.207822 0)
(2.52118 1.14918 0)
(11.4865 4.01454 0)
(11.3227 4.29071 0)
(11.1074 4.64187 0)
(10.8616 4.82713 0)
(10.5184 5.12846 0)
(10.1653 5.30413 0)
(9.59449 5.37744 0)
(9.20566 5.50645 0)
(8.31314 5.4132 0)
(7.29563 5.40563 0)
(6.2619 5.40627 0)
(3.5922 4.55253 0)
(0.610945 1.87718 0)
(-0.438984 0.506654 0)
(-0.603281 0.034561 0)
(-0.433899 -0.81758 0)
(-0.37962 -1.45643 0)
(-0.302471 -1.31896 0)
(-0.766192 -0.53688 0)
(-0.232144 1.11464 0)
(11.7773 4.17774 0)
(11.6804 4.52173 0)
(11.3861 4.85118 0)
(11.197 5.24185 0)
(10.788 5.43391 0)
(10.4558 5.77927 0)
(9.91386 5.97939 0)
(9.37318 6.11079 0)
(9.04317 6.10202 0)
(8.40149 5.73942 0)
(8.31619 5.55447 0)
(8.12625 5.57448 0)
(7.40547 4.72414 0)
(6.67744 4.03009 0)
(5.39155 2.51302 0)
(4.07213 1.79229 0)
(3.34858 1.11613 0)
(3.185 0.169939 0)
(2.37079 0.715196 0)
(0.874694 0.899566 0)
(12.147 4.28116 0)
(12.0566 4.78218 0)
(11.763 5.11461 0)
(11.4979 5.5413 0)
(11.151 5.93117 0)
(10.6833 6.10948 0)
(10.3224 6.43602 0)
(9.46321 6.68146 0)
(8.72708 7.16068 0)
(7.62548 7.47975 0)
(6.02756 7.3137 0)
(4.62637 6.93832 0)
(3.43797 5.36534 0)
(3.19992 3.65992 0)
(2.28819 2.59709 0)
(1.82042 1.63141 0)
(0.828393 -0.853621 0)
(-0.168677 -0.0669427 0)
(-0.11788 1.69269 0)
(1.16725 3.13576 0)
(12.619 4.50475 0)
(12.4515 4.91242 0)
(12.253 5.53067 0)
(11.8505 5.82451 0)
(11.5127 6.41487 0)
(10.9709 6.75287 0)
(10.536 6.92592 0)
(10.3672 6.90323 0)
(9.98814 6.69259 0)
(10.1697 6.94553 0)
(10.0462 7.21871 0)
(9.04888 7.30702 0)
(6.82576 6.21767 0)
(4.84448 4.53699 0)
(2.77105 3.0522 0)
(2.42331 2.51727 0)
(1.47837 2.52296 0)
(-0.755864 1.04678 0)
(-0.971965 0.0239401 0)
(0.0516295 2.77331 0)
(13.1882 4.66795 0)
(12.9723 5.16539 0)
(12.7282 5.78347 0)
(12.4048 6.33728 0)
(11.8504 6.64975 0)
(11.4002 7.30664 0)
(10.2503 7.87482 0)
(9.30219 8.55911 0)
(7.75051 8.82956 0)
(6.17429 8.33263 0)
(6.32554 8.42396 0)
(7.42368 8.97308 0)
(7.13921 8.7097 0)
(5.93459 7.18675 0)
(3.78469 5.05392 0)
(2.26084 3.547 0)
(1.2002 3.15426 0)
(-0.169336 2.32899 0)
(-0.804302 1.34322 0)
(-1.12814 1.79693 0)
(13.7741 4.75303 0)
(13.6833 5.52418 0)
(13.2713 6.15343 0)
(13.016 6.96425 0)
(12.336 7.38376 0)
(12.1175 7.43187 0)
(11.8802 7.50434 0)
(11.8394 7.69311 0)
(11.8264 8.49991 0)
(10.574 8.6982 0)
(8.22766 7.84613 0)
(7.13263 8.08275 0)
(6.94799 8.77232 0)
(6.36671 8.62006 0)
(4.88867 6.95984 0)
(2.61545 5.09101 0)
(1.15619 4.14762 0)
(-0.0298812 2.66164 0)
(-0.834131 0.964594 0)
(-0.704869 0.364036 0)
(14.4756 4.78561 0)
(14.4719 5.72932 0)
(14.0056 6.51332 0)
(13.5954 7.35845 0)
(12.626 8.50901 0)
(11.2083 9.47684 0)
(9.41622 9.85072 0)
(7.82333 9.49745 0)
(8.04655 9.47117 0)
(9.38747 10.4325 0)
(9.03936 10.2129 0)
(7.54868 9.12376 0)
(6.61886 9.15923 0)
(6.20211 9.25595 0)
(4.99706 8.34249 0)
(3.29739 6.79199 0)
(1.87257 5.70448 0)
(1.01453 4.25243 0)
(0.0115501 2.3429 0)
(-0.0507594 0.222428 0)
(15.5237 5.13567 0)
(15.5344 6.22781 0)
(14.9256 7.06272 0)
(14.541 7.53118 0)
(14.5289 7.85582 0)
(14.4843 8.61333 0)
(13.9662 9.67606 0)
(12.0508 9.90928 0)
(9.25286 9.17009 0)
(8.22918 9.39376 0)
(8.5694 10.5201 0)
(8.04748 10.4934 0)
(6.93246 9.96964 0)
(6.38622 10.1569 0)
(5.49296 9.60183 0)
(4.10804 8.25095 0)
(2.32226 6.85758 0)
(1.43057 5.09602 0)
(0.46795 2.36467 0)
(0.152684 0.277902 0)
(17.1071 5.17598 0)
(16.8044 6.9724 0)
(16.1418 8.80164 0)
(13.795 9.94922 0)
(11.4621 10.7203 0)
(10.3043 10.5098 0)
(10.868 10.9295 0)
(11.8447 11.8408 0)
(10.7317 11.4539 0)
(8.65343 10.4573 0)
(7.88965 10.5504 0)
(7.76053 10.9859 0)
(7.06097 10.8813 0)
(6.45928 10.825 0)
(5.87369 10.8935 0)
(4.81117 9.72408 0)
(3.28366 8.36005 0)
(2.16367 6.17478 0)
(1.17957 3.44753 0)
(0.354541 0.864389 0)
(17.0895 3.87855 0)
(18.6626 5.98573 0)
(19.3531 7.72164 0)
(19.9408 9.93228 0)
(17.3819 11.0282 0)
(13.7622 11.3454 0)
(10.5151 10.8897 0)
(10.1471 11.5873 0)
(10.5676 12.336 0)
(9.41684 11.7866 0)
(8.0203 11.2846 0)
(7.41839 11.4894 0)
(6.91855 11.4251 0)
(6.40206 11.4955 0)
(6.01887 11.424 0)
(5.31338 10.8365 0)
(3.92737 9.58443 0)
(2.76771 7.36073 0)
(1.60813 4.544 0)
(0.477695 1.71436 0)
(5.24591 3.46337 0)
(7.20042 4.90199 0)
(11.788 7.90615 0)
(15.3585 10.7553 0)
(18.1929 13.998 0)
(16.0181 14.1124 0)
(12.1143 12.7604 0)
(9.60557 12.1507 0)
(9.65009 13.0234 0)
(9.37777 13.0187 0)
(8.16009 12.1525 0)
(7.26384 11.9661 0)
(6.7321 11.9396 0)
(6.13397 11.9304 0)
(5.94396 12.1423 0)
(5.42795 11.5744 0)
(4.35053 10.5044 0)
(3.35829 8.66486 0)
(2.08541 5.81526 0)
(0.598828 2.92209 0)
(-1.15691 -4.62317 0)
(1.90168 -2.27623 0)
(4.94902 0.906481 0)
(10.9862 7.95076 0)
(13.3599 12.3561 0)
(16.0987 16.5354 0)
(13.5426 15.757 0)
(9.73167 13.0987 0)
(8.71163 12.8583 0)
(9.07747 13.7791 0)
(8.46145 13.4963 0)
(7.31207 12.7987 0)
(6.60837 12.3082 0)
(5.88177 12.2416 0)
(5.5415 12.2551 0)
(5.22293 12.3317 0)
(4.55365 11.5247 0)
(3.60578 9.64772 0)
(2.18526 7.19799 0)
(0.755059 4.05745 0)
(1.95239 0.998858 0)
(1.46797 -2.71048 0)
(2.67228 -2.5369 0)
(5.30921 2.65035 0)
(10.9897 10.729 0)
(11.3481 14.3533 0)
(13.1758 17.7737 0)
(10.6808 16.3189 0)
(7.84109 13.7349 0)
(7.67477 13.5538 0)
(7.86829 13.8894 0)
(7.23539 13.7914 0)
(6.55906 13.2814 0)
(5.79589 12.8918 0)
(5.4627 12.7356 0)
(4.99376 12.6276 0)
(4.40826 12.115 0)
(3.46168 10.757 0)
(2.26203 8.39453 0)
(0.862171 5.71571 0)
(-0.735425 -6.16955 0)
(3.05886 -3.11136 0)
(0.197077 -3.95908 0)
(3.66857 1.7171 0)
(4.62573 6.80313 0)
(9.69771 14.1119 0)
(9.83657 16.387 0)
(10.2814 17.3342 0)
(8.63328 15.7123 0)
(7.3528 14.3535 0)
(7.26623 14.2282 0)
(6.93341 14.1581 0)
(6.43632 13.8602 0)
(5.65158 13.6402 0)
(5.06845 13.3061 0)
(4.59021 13.4264 0)
(4.1346 13.079 0)
(3.40546 11.7674 0)
(2.13144 9.88723 0)
(0.587135 6.9795 0)
(-1.69651 -1.9487 0)
(-1.88997 -4.52862 0)
(-1.83339 -2.98038 0)
(-1.68399 -0.84519 0)
(0.640035 5.36066 0)
(3.73277 10.7997 0)
(7.50369 16.2756 0)
(8.00968 17.2761 0)
(7.3954 16.1506 0)
(6.8302 14.7359 0)
(6.76851 14.3919 0)
(6.62026 14.6381 0)
(6.25207 14.4069 0)
(5.69146 14.1226 0)
(5.13671 13.8245 0)
(4.44185 13.6764 0)
(3.89589 13.5624 0)
(3.02423 12.8317 0)
(1.93985 10.8802 0)
(0.65798 8.30897 0)
(-0.835532 -1.59454 0)
(-3.42738 -3.06004 0)
(-5.75142 -3.44652 0)
(-5.2025 -0.0931132 0)
(-2.97378 3.15093 0)
(-3.20758 5.21279 0)
(5.74302 15.4558 0)
(6.4472 17.0068 0)
(6.69559 16.6201 0)
(6.12036 15.3046 0)
(6.06068 14.6058 0)
(6.19715 14.696 0)
(6.08519 14.98 0)
(5.55676 14.9155 0)
(4.9004 14.4768 0)
(4.1681 14.5161 0)
(3.64881 14.3676 0)
(3.01019 13.6397 0)
(1.96813 12.3565 0)
(0.570392 9.78632 0)
(-1.27872 1.46477 0)
(-4.31721 -0.600232 0)
(-6.91377 -2.02143 0)
(-7.26379 -1.51014 0)
(-6.22992 2.11478 0)
(-5.49607 1.88275 0)
(-1.07825 7.43529 0)
(6.62342 17.0538 0)
(6.32822 16.7366 0)
(6.15526 15.4417 0)
(5.74679 14.7019 0)
(5.67785 14.8454 0)
(5.65858 15.0861 0)
(5.4855 15.3572 0)
(4.9691 15.131 0)
(4.1516 14.8092 0)
(3.56409 14.9348 0)
(2.85747 14.704 0)
(1.79867 13.2679 0)
(0.515913 10.6061 0)
(-0.761264 3.60202 0)
(-3.14777 1.85061 0)
(-5.31812 -0.204771 0)
(-6.35458 -0.463406 0)
(-7.2514 0.360567 0)
(-6.27616 -0.502642 0)
(-3.94908 3.01912 0)
(-0.0915345 8.64917 0)
(7.15528 16.7434 0)
(7.39766 16.5723 0)
(6.54055 15.1975 0)
(5.87845 14.766 0)
(5.52921 15.3361 0)
(5.22174 15.8158 0)
(4.77825 15.92 0)
(4.06219 15.9963 0)
(3.38241 15.7501 0)
(2.72163 15.3775 0)
(1.7952 14.5238 0)
(0.530442 12.0487 0)
(-0.453035 5.07866 0)
(-1.50073 3.60904 0)
(-3.42419 1.71938 0)
(-3.47075 0.0471587 0)
(-4.72631 1.51558 0)
(-3.78653 -0.0635349 0)
(-4.36152 0.657889 0)
(-1.51602 3.99812 0)
(2.63629 10.2416 0)
(7.63354 16.0431 0)
(7.91407 16.4685 0)
(6.89614 15.7014 0)
(5.93562 15.5003 0)
(5.41689 16.1515 0)
(4.81168 16.3066 0)
(3.95308 16.1884 0)
(3.27531 16.4456 0)
(2.59367 16.4147 0)
(1.61843 15.4334 0)
(0.426093 12.8736 0)
(-0.239529 5.81789 0)
(-0.526186 4.83701 0)
(-1.74074 3.03409 0)
(-1.53702 0.49344 0)
(-2.13933 0.536902 0)
(-0.434543 0.233253 0)
(-1.27778 -0.594568 0)
(1.01832 2.7837 0)
(0.902265 4.85613 0)
(5.84593 12.3299 0)
(8.3083 16.2652 0)
(8.06039 16.814 0)
(6.70942 16.5661 0)
(5.60077 16.6906 0)
(4.91577 17.2392 0)
(4.13191 17.4427 0)
(3.26244 17.1986 0)
(2.48914 17.0999 0)
(1.61555 16.6008 0)
(0.470023 14.1478 0)
(0.119006 5.91618 0)
(-0.285094 5.12888 0)
(-0.360015 3.02526 0)
(-0.00138818 0.642687 0)
(0.368163 -0.319858 0)
(1.37447 -0.267089 0)
(2.35111 -0.833229 0)
(3.21799 1.23691 0)
(4.38473 4.77396 0)
(4.50408 8.17882 0)
(7.6953 14.6762 0)
(8.70679 17.3656 0)
(7.67979 17.6538 0)
(6.21996 17.6361 0)
(5.0119 17.5317 0)
(4.05258 17.6949 0)
(3.2511 18.0491 0)
(2.45395 18.0612 0)
(1.51645 17.3962 0)
(0.411372 14.8445 0)
(0.153077 5.84244 0)
(-0.0284673 5.19267 0)
(0.415 2.70882 0)
(0.685779 0.100684 0)
(2.11256 -1.06459 0)
(2.75329 -1.77059 0)
(4.54006 -1.60037 0)
(4.88304 -0.74319 0)
(7.18903 4.62427 0)
(6.21495 7.3734 0)
(7.0458 12.4669 0)
(8.70932 17.3072 0)
(8.20252 18.8822 0)
(6.57834 19.0007 0)
(5.28417 19.257 0)
(4.27578 19.2026 0)
(3.31024 18.9123 0)
(2.41293 18.8939 0)
(1.51524 18.5573 0)
(0.426814 16.0193 0)
(0.115974 5.64197 0)
(0.25678 4.95109 0)
(0.640857 2.17271 0)
(1.28456 -1.06134 0)
(3.14361 -2.38106 0)
(4.09431 -3.1014 0)
(5.72363 -2.80539 0)
(6.38531 -1.91171 0)
(8.39395 3.62469 0)
(8.42797 7.93084 0)
(7.28771 11.682 0)
(8.50289 16.7859 0)
(8.5605 19.6742 0)
(7.02224 20.0793 0)
(5.28271 19.6553 0)
(4.16859 19.8273 0)
(3.24976 20.0576 0)
(2.32944 19.8719 0)
(1.39477 19.3156 0)
(0.378298 16.7093 0)
(0.12644 5.26005 0)
(0.189264 4.68973 0)
(0.808183 1.38185 0)
(1.95881 -2.3949 0)
(3.68359 -4.02338 0)
(5.06941 -4.40003 0)
(6.37048 -4.37349 0)
(7.41147 -2.90864 0)
(8.63117 2.51836 0)
(9.5546 8.22818 0)
(7.94487 11.8688 0)
(8.20085 16.8929 0)
(8.34534 20.5582 0)
(6.94975 21.756 0)
(5.35366 21.7617 0)
(4.17261 21.2582 0)
(3.19526 20.8704 0)
(2.23838 20.8 0)
(1.38566 20.4909 0)
(0.386613 17.8508 0)
(0.171527 5.14048 0)
(0.20052 4.34803 0)
(1.20207 0.17747 0)
(2.63677 -3.91281 0)
(4.18892 -5.80638 0)
(5.87102 -5.75534 0)
(6.63289 -5.79659 0)
(7.71687 -3.57485 0)
(8.46105 1.77493 0)
(9.44154 8.34992 0)
(8.15354 12.4666 0)
(7.86441 17.1116 0)
(7.98796 21.1979 0)
(6.68139 22.4327 0)
(4.95844 22.153 0)
(3.91391 22.2 0)
(2.96428 22.1281 0)
(2.04008 21.6847 0)
(1.20134 21.167 0)
(0.311273 18.4447 0)
(0.414151 4.82558 0)
(0.419924 3.90133 0)
(1.83164 -1.12947 0)
(3.4885 -5.49562 0)
(4.83286 -7.30474 0)
(6.5679 -6.83256 0)
(6.70236 -6.68416 0)
(7.48113 -4.02751 0)
(7.8078 1.589 0)
(8.62884 8.53364 0)
(7.60887 13.2982 0)
(7.11196 17.9813 0)
(7.06828 22.282 0)
(5.94595 24.3004 0)
(4.5346 24.2262 0)
(3.51849 23.3527 0)
(2.68904 22.8193 0)
(1.81093 22.631 0)
(1.13178 22.2713 0)
(0.301441 19.4204 0)
(0.686153 4.21759 0)
(0.704989 3.24686 0)
(2.70216 -2.84823 0)
(4.3842 -7.08215 0)
(5.53095 -8.51764 0)
(6.90007 -7.66629 0)
(6.5614 -7.06627 0)
(6.98702 -4.06905 0)
(6.9499 1.56234 0)
(7.37605 8.72805 0)
(6.73425 13.9851 0)
(6.12757 18.5917 0)
(5.97031 22.7584 0)
(4.91611 24.4854 0)
(3.63161 24.5321 0)
(2.94552 24.4317 0)
(2.17153 23.9743 0)
(1.47951 23.3039 0)
(0.854392 22.7668 0)
(0.147108 19.8323 0)
(0.94163 3.34194 0)
(0.884104 2.25902 0)
(3.7557 -4.66232 0)
(5.32555 -8.44675 0)
(6.02175 -9.28359 0)
(6.76547 -8.07831 0)
(6.03838 -7.10065 0)
(6.13102 -3.92221 0)
(5.77942 1.75048 0)
(5.89677 8.75896 0)
(5.34424 14.5378 0)
(4.80425 19.5397 0)
(4.49426 24.0115 0)
(3.68767 26.307 0)
(2.77612 26.1568 0)
(2.1669 25.0699 0)
(1.63672 24.4008 0)
(1.02979 24.0941 0)
(0.6602 23.6479 0)
(0.12219 20.483 0)
(0.989159 2.46014 0)
(0.766283 0.536103 0)
(4.66769 -6.88791 0)
(5.9627 -9.76577 0)
(6.21133 -9.62426 0)
(6.37635 -7.98344 0)
(5.43471 -6.68486 0)
(4.97907 -3.45618 0)
(4.32655 2.45755 0)
(4.2606 9.34192 0)
(3.78928 14.9851 0)
(3.24328 19.8532 0)
(2.93185 23.9552 0)
(2.16477 25.8078 0)
(1.52396 26.0308 0)
(1.33305 25.8017 0)
(0.906677 25.1373 0)
(0.664369 24.4251 0)
(0.343894 23.8383 0)
(-0.110178 20.6529 0)
(0.42644 1.59597 0)
(1.29276 -1.98203 0)
(5.24058 -8.57902 0)
(6.15543 -10.3455 0)
(5.91224 -9.61879 0)
(5.51851 -7.53327 0)
(4.37223 -5.94086 0)
(3.68387 -2.74496 0)
(2.80197 2.90615 0)
(2.56408 9.60454 0)
(2.00516 15.5182 0)
(1.49797 20.7792 0)
(1.13908 25.155 0)
(0.805743 27.2759 0)
(0.542812 26.9253 0)
(0.434507 25.7562 0)
(0.323438 25.1122 0)
(0.0736134 24.8268 0)
(0.0417732 24.2557 0)
(-0.100979 20.7222 0)
(-0.46319 1.02435 0)
(3.48797 -5.61322 0)
(5.34192 -9.86662 0)
(5.59463 -10.4956 0)
(5.12496 -9.15187 0)
(4.36706 -6.87233 0)
(3.2106 -5.12288 0)
(2.18223 -1.86419 0)
(1.31187 3.96672 0)
(0.826152 10.2286 0)
(0.219187 15.8842 0)
(-0.328077 20.8976 0)
(-0.603347 24.674 0)
(-0.833736 26.1988 0)
(-0.748513 26.2763 0)
(-0.424311 25.9885 0)
(-0.40776 25.3698 0)
(-0.224582 24.7478 0)
(-0.228231 24.1375 0)
(-0.3142 20.6408 0)
(-1.14312 -0.803574 0)
(4.48835 -9.73801 0)
(4.84267 -11.2033 0)
(4.41638 -10.2626 0)
(3.90419 -8.5459 0)
(3.0665 -6.13125 0)
(1.90646 -4.05205 0)
(0.569269 -0.970519 0)
(-0.265221 4.5682 0)
(-1.0361 10.8338 0)
(-1.67027 16.6854 0)
(-2.07848 21.7802 0)
(-2.24945 25.6728 0)
(-2.01498 27.1939 0)
(-1.62365 26.5301 0)
(-1.19407 25.4578 0)
(-0.858036 24.9703 0)
(-0.763833 24.7013 0)
(-0.511259 24.1062 0)
(-0.33013 20.13 0)
(1.428 -2.41919 0)
(3.58476 -9.61726 0)
(4.03074 -10.4646 0)
(3.38369 -9.38704 0)
(2.5882 -7.50801 0)
(1.67451 -5.02347 0)
(0.578314 -2.81631 0)
(-1.0937 0.349811 0)
(-1.99151 5.85239 0)
(-2.90972 11.6147 0)
(-3.48998 16.9074 0)
(-3.70323 21.4232 0)
(-3.58947 24.3607 0)
(-3.22794 25.1846 0)
(-2.49945 25.1991 0)
(-1.76966 25.1969 0)
(-1.48561 24.8323 0)
(-0.992862 24.4089 0)
(-0.65796 23.7465 0)
(-0.372197 19.8624 0)
(2.83216 -6.63067 0)
(2.83154 -10.7591 0)
(2.8622 -10.5749 0)
(2.09052 -8.81818 0)
(1.38071 -6.6871 0)
(0.475462 -4.10817 0)
(-0.514177 -1.59119 0)
(-2.43876 1.47381 0)
(-3.43701 6.6919 0)
(-4.42872 12.1828 0)
(-4.85615 17.4172 0)
(-4.83034 21.869 0)
(-4.53018 24.7851 0)
(-3.67187 25.6528 0)
(-2.84973 25.0641 0)
(-2.15124 24.3851 0)
(-1.5817 24.1349 0)
(-1.23833 24.0034 0)
(-0.844328 23.417 0)
(-0.54969 18.9615 0)
(0.260717 -9.01804 0)
(1.25644 -11.5939 0)
(1.38763 -9.97733 0)
(0.984835 -8.14036 0)
(0.486998 -5.82989 0)
(-0.425264 -3.05714 0)
(-1.30193 -0.13739 0)
(-3.29133 2.96261 0)
(-4.33937 8.01454 0)
(-5.37121 12.8301 0)
(-5.66765 17.4867 0)
(-5.45337 21.1378 0)
(-4.88709 22.9388 0)
(-4.04868 23.218 0)
(-3.04277 23.5469 0)
(-2.28953 23.8994 0)
(-2.00236 23.8 0)
(-1.40894 23.6423 0)
(-0.919514 22.8134 0)
(-0.300686 18.4743 0)
(0.695658 -8.51855 0)
(1.03004 -11.0143 0)
(1.16693 -9.61625 0)
(0.673675 -7.66166 0)
(0.0688877 -5.2228 0)
(-0.889812 -2.19906 0)
(-1.64788 1.1585 0)
(-3.48618 4.22781 0)
(-4.46277 8.75671 0)
(-5.54883 13.2851 0)
(-5.66536 17.7235 0)
(-5.36729 21.0263 0)
(-4.80795 23.0108 0)
(-3.75606 23.7535 0)
(-3.04351 23.5168 0)
(-2.47116 23.1293 0)
(-1.78316 23.0767 0)
(-1.30055 23.063 0)
(-0.90279 22.492 0)
(-0.633979 17.7023 0)
(0.415429 -10.2771 0)
(0.471645 -11.9137 0)
(0.32877 -9.37699 0)
(0.054684 -7.04951 0)
(-0.249677 -4.32312 0)
(-1.07892 -1.26623 0)
(-1.63888 2.41813 0)
(-3.19471 5.64126 0)
(-4.08737 9.9359 0)
(-5.28946 13.9746 0)
(-5.30298 17.7243 0)
(-5.05406 20.1824 0)
(-4.38045 21.2668 0)
(-3.59116 21.5063 0)
(-2.75954 22.1301 0)
(-2.15812 22.7097 0)
(-1.91617 22.7957 0)
(-1.42225 22.7921 0)
(-1.04741 21.7455 0)
(-0.212289 16.8399 0)
(0.0645226 -9.67548 0)
(0.369752 -11.1002 0)
(0.467402 -9.00584 0)
(0.277273 -6.93002 0)
(-0.0165528 -3.97957 0)
(-0.778501 -0.663722 0)
(-1.21356 3.28272 0)
(-2.48406 6.81218 0)
(-3.2745 10.5544 0)
(-4.48901 14.42 0)
(-4.3074 17.7071 0)
(-4.16715 19.8961 0)
(-3.67247 21.4658 0)
(-2.90818 22.3505 0)
(-2.63885 22.2723 0)
(-2.30162 22.0648 0)
(-1.66504 22.1009 0)
(-1.18807 22.0858 0)
(-0.757317 21.592 0)
(-0.396225 16.6347 0)
(0.392981 -10.6185 0)
(0.390493 -11.9732 0)
(0.418242 -9.22494 0)
(0.419502 -6.69201 0)
(0.368898 -3.49338 0)
(-0.207715 -0.00320925 0)
(-0.672841 3.89067 0)
(-1.51758 8.01211 0)
(-2.4221 11.5677 0)
(-3.51004 15.2088 0)
(-3.54377 17.7673 0)
(-3.50675 19.484 0)
(-3.10422 20.2028 0)
(-2.72161 20.4338 0)
(-2.17685 21.1519 0)
(-1.65518 21.8136 0)
(-1.46505 21.9592 0)
(-1.04568 22.0229 0)
(-1.00155 20.8907 0)
(-0.238963 15.3487 0)
(0.0885707 -10.5865 0)
(0.447375 -11.4434 0)
(0.709933 -9.10472 0)
(0.834072 -6.83994 0)
(0.90439 -3.41951 0)
(0.545345 0.455544 0)
(-0.00133761 4.3345 0)
(-0.530188 8.73757 0)
(-1.41659 12.1128 0)
(-2.35648 15.6367 0)
(-2.46264 17.8154 0)
(-2.5257 19.3565 0)
(-2.31749 20.6445 0)
(-1.84639 21.5553 0)
(-1.92726 21.549 0)
(-1.79943 21.3676 0)
(-1.43444 21.3608 0)
(-1.07702 21.2161 0)
(-0.573793 20.6537 0)
(0.103002 15.709 0)
(0.387652 -11.288 0)
(0.642297 -12.2935 0)
(1.00044 -9.66106 0)
(1.26748 -7.02997 0)
(1.45731 -3.39303 0)
(1.24067 0.799824 0)
(0.731902 4.7888 0)
(0.269216 9.40082 0)
(-0.473239 12.9385 0)
(-1.2862 16.3773 0)
(-1.75113 18.1278 0)
(-1.88468 19.397 0)
(-1.90291 19.9105 0)
(-1.90942 20.0034 0)
(-1.60836 20.6887 0)
(-1.18608 21.1786 0)
(-1.05231 21.2959 0)
(-0.521341 21.3954 0)
(-0.759393 20.3274 0)
(-0.37539 14.5899 0)
(0.259911 -11.6959 0)
(0.784061 -12.23 0)
(1.28316 -9.91122 0)
(1.61356 -7.36838 0)
(1.9173 -3.46926 0)
(1.78876 1.03719 0)
(1.47173 5.28833 0)
(0.839768 9.72895 0)
(0.36653 13.3718 0)
(-0.362094 16.7727 0)
(-0.872677 18.405 0)
(-1.25917 19.3356 0)
(-1.28505 20.4259 0)
(-0.994045 21.2312 0)
(-1.27497 21.3103 0)
(-1.22366 21.0874 0)
(-1.13434 20.9963 0)
(-1.02336 20.6516 0)
(-0.554833 19.7029 0)
(0.378985 14.7127 0)
(0.416922 -12.4801 0)
(0.923097 -13.107 0)
(1.51581 -10.5891 0)
(1.87335 -7.78236 0)
(2.22817 -3.59413 0)
(2.08693 1.17776 0)
(2.05346 5.89969 0)
(1.19374 10.2198 0)
(0.994429 14.1383 0)
(0.277943 17.4749 0)
(-0.308582 18.9725 0)
(-0.677357 19.8199 0)
(-0.996693 20.141 0)
(-1.25531 20.0736 0)
(-1.15875 20.6356 0)
(-0.953533 20.8126 0)
(-0.953186 20.7636 0)
(-0.264809 20.8199 0)
(-0.499902 19.9104 0)
(-0.422214 14.5296 0)
(0.369155 -13.1018 0)
(1.00072 -13.3602 0)
(1.62787 -11.0512 0)
(1.9408 -8.16359 0)
(2.32662 -3.70583 0)
(2.18955 1.31079 0)
(2.35129 6.25515 0)
(1.40511 10.5458 0)
(1.34194 14.4954 0)
(0.609609 17.8938 0)
(0.117479 19.4501 0)
(-0.524208 19.8522 0)
(-0.722755 20.529 0)
(-0.544246 21.1492 0)
(-0.899899 21.2597 0)
(-0.79485 20.999 0)
(-0.816331 20.8787 0)
(-0.947836 20.4085 0)
(-0.740636 19.0265 0)
(0.0922678 13.4852 0)
(0.400463 -13.9025 0)
(0.962269 -14.1631 0)
(1.57882 -11.674 0)
(1.88139 -8.54858 0)
(2.19784 -3.82717 0)
(2.07261 1.38336 0)
(2.24503 6.64514 0)
(1.44691 11.129 0)
(1.385 15.101 0)
(0.761192 18.4249 0)
(0.382633 20.1635 0)
(-0.0690153 20.7406 0)
(-0.600245 20.6976 0)
(-0.90677 20.4577 0)
(-0.915151 20.8674 0)
(-0.926516 20.7598 0)
(-1.12557 20.4153 0)
(-0.426926 20.2486 0)
(-0.442321 19.3418 0)
(-0.135568 14.4149 0)
(0.33532 -14.5604 0)
(0.89252 -14.5275 0)
(1.39807 -12.0582 0)
(1.6307 -8.78536 0)
(1.85974 -3.84013 0)
(1.72282 1.48144 0)
(1.80533 6.89413 0)
(1.25509 11.4586 0)
(1.14528 15.3728 0)
(0.570758 18.809 0)
(0.303323 20.6027 0)
(-0.38125 20.7242 0)
(-0.671457 20.949 0)
(-0.561875 21.293 0)
(-0.91946 21.3074 0)
(-0.724091 20.9956 0)
(-0.673421 20.8629 0)
(-0.790929 20.372 0)
(-0.880176 18.8161 0)
(-0.510182 12.3325 0)
(0.287904 -15.1181 0)
(0.726666 -15.0356 0)
(1.11866 -12.4407 0)
(1.20832 -8.86073 0)
(1.34135 -3.72596 0)
(1.17528 1.69493 0)
(1.15168 7.18619 0)
(0.866668 11.9664 0)
(0.701818 15.7074 0)
(0.396437 19.1795 0)
(0.186756 21.2268 0)
(-0.176337 21.7776 0)
(-0.732881 21.4061 0)
(-1.02853 20.9305 0)
(-1.03399 21.1745 0)
(-1.08872 20.9298 0)
(-1.448 20.3342 0)
(-0.892782 19.8015 0)
(-0.759036 18.4214 0)
(0.304589 13.5113 0)
(0.189564 -15.5188 0)
(0.472389 -15.1987 0)
(0.690673 -12.6144 0)
(0.730814 -8.91956 0)
(0.761263 -3.64277 0)
(0.563461 1.7755 0)
(0.43861 7.2928 0)
(0.386391 12.2381 0)
(0.0416139 15.9636 0)
(-0.122522 19.5311 0)
(-0.227812 21.4448 0)
(-0.809019 21.6119 0)
(-1.05081 21.5211 0)
(-0.983857 21.5497 0)
(-1.34937 21.3759 0)
(-1.11719 20.9354 0)
(-0.923485 20.7371 0)
(-0.756296 20.2119 0)
(-0.844071 18.7781 0)
(-0.969045 11.7444 0)
(0.126065 -15.8247 0)
(0.23123 -15.3973 0)
(0.280674 -12.6974 0)
(0.158137 -8.8115 0)
(0.054499 -3.32584 0)
(-0.171899 1.99434 0)
(-0.278047 7.50054 0)
(-0.184737 12.3386 0)
(-0.497258 16.0539 0)
(-0.579936 19.727 0)
(-0.74492 21.8857 0)
(-0.860161 22.5576 0)
(-1.34384 22.019 0)
(-1.60635 21.281 0)
(-1.54076 21.3236 0)
(-1.45757 21.082 0)
(-1.85004 20.378 0)
(-1.4736 19.4936 0)
(-1.4642 17.2608 0)
(0.3486 11.4499 0)
(0.0439088 -15.8371 0)
(0.00630703 -15.2596 0)
(-0.170283 -12.5287 0)
(-0.489199 -8.56917 0)
(-0.599393 -3.17894 0)
(-0.913348 2.14092 0)
(-0.990472 7.60971 0)
(-0.930539 12.6791 0)
(-1.29079 16.3014 0)
(-1.19727 19.9169 0)
(-1.28487 21.9527 0)
(-1.68874 22.2194 0)
(-1.81304 21.9766 0)
(-1.74698 21.7908 0)
(-2.09629 21.4373 0)
(-1.90457 20.7705 0)
(-1.68446 20.3649 0)
(-1.1886 19.61 0)
(-0.71826 18.2088 0)
(-0.900119 11.4556 0)
(-0.0649665 -15.7674 0)
(-0.261207 -15.0646 0)
(-0.598789 -12.2959 0)
(-1.00346 -8.27801 0)
(-1.17317 -2.86968 0)
(-1.63613 2.31531 0)
(-1.75815 7.59491 0)
(-1.60939 12.6577 0)
(-1.99153 16.3669 0)
(-1.9232 19.9915 0)
(-2.06725 22.1552 0)
(-1.93123 22.9247 0)
(-2.27811 22.3546 0)
(-2.4849 21.4222 0)
(-2.37526 21.2468 0)
(-2.13255 21.0531 0)
(-2.36175 20.3197 0)
(-1.99139 19.2918 0)
(-2.36397 16.3293 0)
(-0.583795 8.6846 0)
(-0.14183 -15.5872 0)
(-0.483325 -14.7004 0)
(-1.02976 -11.9407 0)
(-1.46198 -7.90283 0)
(-1.85298 -2.34419 0)
(-2.3199 2.58555 0)
(-2.48108 8.02232 0)
(-2.40816 12.862 0)
(-2.72669 16.4823 0)
(-2.54279 20.1193 0)
(-2.60003 22.1851 0)
(-2.8631 22.4858 0)
(-2.864 22.1486 0)
(-2.74308 21.8924 0)
(-2.99864 21.4436 0)
(-2.89649 20.5583 0)
(-2.83168 19.9257 0)
(-2.41512 18.5403 0)
(-1.19149 16.2417 0)
(-0.34539 9.75188 0)
(-0.209884 -15.2005 0)
(-0.687588 -14.2036 0)
(-1.41265 -11.4167 0)
(-1.97403 -7.386 0)
(-2.38958 -2.08956 0)
(-2.92006 2.79713 0)
(-3.10235 8.06686 0)
(-3.11803 12.8777 0)
(-3.43206 16.5786 0)
(-3.34269 20.0506 0)
(-3.46253 22.141 0)
(-3.1679 22.937 0)
(-3.37493 22.4245 0)
(-3.53498 21.3723 0)
(-3.47344 20.9649 0)
(-3.16417 20.7703 0)
(-3.1917 19.9635 0)
(-2.48156 18.9632 0)
(-3.00588 15.863 0)
(-2.21203 6.78629 0)
(-0.296587 -14.6232 0)
(-0.906131 -13.5396 0)
(-1.69824 -10.7587 0)
(-2.50088 -6.68477 0)
(-2.82499 -1.50931 0)
(-3.50753 3.32535 0)
(-3.67597 8.38906 0)
(-3.70989 13.0506 0)
(-4.04082 16.7011 0)
(-3.94302 20.2269 0)
(-3.88675 22.251 0)
(-4.09528 22.4598 0)
(-4.05288 22.0237 0)
(-3.86018 21.8074 0)
(-3.94829 21.4108 0)
(-3.89839 20.3882 0)
(-3.89646 19.6659 0)
(-4.08648 17.6919 0)
(-3.32354 13.0961 0)
(-2.06291 2.98293 0)
(-0.366584 -14.0317 0)
(-1.12015 -12.8191 0)
(-1.99487 -10.0314 0)
(-2.81432 -6.22745 0)
(-3.29616 -0.912914 0)
(-4.02206 3.66564 0)
(-4.21774 8.83215 0)
(-4.36093 13.2405 0)
(-4.59954 16.8383 0)
(-4.59355 20.1081 0)
(-4.70962 22.0289 0)
(-4.39928 22.7198 0)
(-4.47469 22.3482 0)
(-4.62321 21.3114 0)
(-4.68243 20.657 0)
(-4.39592 20.3574 0)
(-4.48521 19.2153 0)
(-3.35353 17.6412 0)
(-2.73706 13.8547 0)
(1.58335 1.71592 0)
(-0.402322 -13.3104 0)
(-1.25247 -12.0452 0)
(-2.35926 -9.18146 0)
(-3.09904 -5.37471 0)
(-3.69838 -0.418467 0)
(-4.37993 3.9917 0)
(-4.56827 8.95944 0)
(-4.793 13.3385 0)
(-5.14464 16.9597 0)
(-5.13987 20.2991 0)
(-4.95229 22.1936 0)
(-5.18478 22.2577 0)
(-5.14614 21.7799 0)
(-4.93218 21.7234 0)
(-4.98812 21.5317 0)
(-5.06407 20.3525 0)
(-4.50379 19.3971 0)
(-3.89268 17.079 0)
(-4.76145 12.7853 0)
(4.57555 1.39023 0)
(-0.461486 -12.3486 0)
(-1.37744 -11.0342 0)
(-2.56285 -8.51248 0)
(-3.47847 -4.61412 0)
(-3.99616 0.281428 0)
(-4.78863 4.69616 0)
(-4.98263 9.48181 0)
(-5.22811 13.6097 0)
(-5.48955 17.2189 0)
(-5.53042 20.2455 0)
(-5.64766 21.8516 0)
(-5.38328 22.3733 0)
(-5.28739 22.3131 0)
(-5.53772 21.4637 0)
(-5.86528 20.6064 0)
(-5.51903 20.3554 0)
(-5.73347 18.7891 0)
(-4.71073 14.974 0)
(-1.64208 5.27535 0)
(4.63503 2.08687 0)
(-0.510726 -11.3723 0)
(-1.5483 -9.86086 0)
(-2.73659 -7.30161 0)
(-3.66849 -4.0286 0)
(-4.21274 0.929539 0)
(-5.0081 5.08091 0)
(-5.22718 9.7507 0)
(-5.54767 13.7919 0)
(-5.85584 17.2656 0)
(-5.8935 20.3182 0)
(-5.59488 22.0355 0)
(-5.83988 22.0548 0)
(-5.84568 21.6706 0)
(-5.75402 21.7798 0)
(-5.84024 21.9902 0)
(-6.38789 20.6179 0)
(-6.1021 18.5814 0)
(-5.14167 14.2178 0)
(0.566504 -0.991016 0)
(0.786435 4.70413 0)
(-0.508613 -10.3997 0)
(-1.51207 -8.98568 0)
(-2.84706 -6.39155 0)
(-3.8066 -3.06249 0)
(-4.34479 1.53219 0)
(-5.09833 5.50197 0)
(-5.3512 10.0831 0)
(-5.71352 14.0162 0)
(-5.93728 17.5977 0)
(-5.93904 20.3471 0)
(-6.05443 21.6061 0)
(-5.85168 22.0091 0)
(-5.56771 22.4386 0)
(-6.02457 21.9143 0)
(-6.83532 20.8697 0)
(-6.66106 20.3194 0)
(-6.76475 18.0553 0)
(-4.9889 10.615 0)
(-1.84101 -1.20254 0)
(-2.36807 3.99095 0)
(-0.55016 -9.25376 0)
(-1.55554 -7.56711 0)
(-2.8162 -5.30661 0)
(-3.83118 -2.24244 0)
(-4.40778 2.38817 0)
(-5.19012 6.19758 0)
(-5.44537 10.5176 0)
(-5.7306 14.2501 0)
(-5.96301 17.5177 0)
(-6.00953 20.2364 0)
(-5.62962 21.7992 0)
(-5.77317 22.0121 0)
(-5.9111 21.8157 0)
(-6.20239 22.0301 0)
(-6.33713 22.6931 0)
(-7.27787 21.1597 0)
(-6.89743 16.3223 0)
(-3.94501 6.38949 0)
(-2.62742 -1.67877 0)
(-1.8617 0.506697 0)
(-0.440359 -8.46085 0)
(-1.33125 -6.98419 0)
(-2.563 -4.37077 0)
(-3.68476 -1.66796 0)
(-4.22309 2.88529 0)
(-5.01806 6.60022 0)
(-5.28857 10.79 0)
(-5.62032 14.3704 0)
(-5.70783 17.7724 0)
(-5.61138 20.3347 0)
(-5.72233 21.3454 0)
(-5.62897 21.7719 0)
(-5.23934 22.6858 0)
(-5.79787 22.675 0)
(-7.03195 21.6314 0)
(-7.17022 20.0323 0)
(-6.59983 15.3687 0)
(-2.42318 4.40028 0)
(-3.33338 -1.66832 0)
(-0.573323 -1.92102 0)
(-0.476098 -7.22588 0)
(-1.42029 -5.47507 0)
(-2.52769 -3.20387 0)
(-3.63277 -0.721052 0)
(-4.071 3.50915 0)
(-4.80318 7.10929 0)
(-5.02684 10.9742 0)
(-5.21609 14.618 0)
(-5.38745 17.5899 0)
(-5.38068 20.0431 0)
(-4.99747 21.4834 0)
(-4.90949 22.1428 0)
(-5.18629 22.1851 0)
(-5.76247 22.5272 0)
(-5.71588 23.3505 0)
(-6.48322 21.5584 0)
(-5.60645 14.5036 0)
(-2.29814 1.14594 0)
(-3.44853 -2.30605 0)
(-0.342544 -4.08305 0)
(-0.469289 -6.55668 0)
(-1.30426 -4.73895 0)
(-2.39346 -2.16373 0)
(-3.50571 0.0817901 0)
(-3.86693 4.20301 0)
(-4.49041 7.66736 0)
(-4.68562 11.2889 0)
(-4.84956 14.6237 0)
(-4.79807 17.6278 0)
(-4.53132 20.1887 0)
(-4.61337 21.0904 0)
(-4.61719 21.7169 0)
(-4.12906 23.0003 0)
(-4.3762 23.5386 0)
(-5.4221 22.5727 0)
(-5.44742 19.8428 0)
(-4.84392 13.0117 0)
(-2.26239 1.47021 0)
(-3.19012 -3.93139 0)
(-0.535836 -5.98411 0)
(-0.39188 -5.48742 0)
(-1.15778 -3.82731 0)
(-2.07586 -1.15824 0)
(-3.15076 0.668552 0)
(-3.43987 4.47051 0)
(-3.93719 8.03527 0)
(-4.20186 11.2138 0)
(-4.08897 14.7932 0)
(-4.17565 17.4072 0)
(-4.07359 19.7 0)
(-3.69447 21.101 0)
(-3.28423 22.232 0)
(-3.52851 22.5651 0)
(-3.8816 22.9951 0)
(-3.33668 23.6253 0)
(-3.70669 21.2286 0)
(-2.97528 12.6321 0)
(-1.80687 -0.542512 0)
(-2.50817 -4.7476 0)
(-0.486332 -7.5813 0)
(-0.369032 -4.80629 0)
(-1.00757 -2.95671 0)
(-1.7243 -0.328173 0)
(-2.82615 1.36721 0)
(-3.09702 4.8447 0)
(-3.40432 8.44501 0)
(-3.60801 11.4901 0)
(-3.6382 14.6436 0)
(-3.4219 17.2856 0)
(-2.9354 19.8218 0)
(-2.89352 20.7935 0)
(-2.85698 21.5813 0)
(-2.104 23.0689 0)
(-1.84371 23.7865 0)
(-2.39048 22.6778 0)
(-2.09692 19.3039 0)
(-1.74638 12.2536 0)
(-0.770819 1.70732 0)
(-0.935191 -5.33941 0)
(-0.462226 -8.83122 0)
(-0.313892 -4.1259 0)
(-0.879182 -2.42877 0)
(-1.42143 0.593492 0)
(-2.49146 2.15371 0)
(-2.77686 5.00575 0)
(-2.79698 8.75371 0)
(-3.05359 11.3184 0)
(-2.72881 14.5874 0)
(-2.56758 16.9867 0)
(-2.38666 19.0937 0)
(-1.86859 20.572 0)
(-1.1936 21.8976 0)
(-1.32282 22.2879 0)
(-1.19898 22.6438 0)
(-0.0164292 23.0028 0)
(0.276545 20.4186 0)
(0.926876 11.6902 0)
(0.896789 -1.10293 0)
(-0.0369175 -6.97594 0)
(-0.199457 -9.04425 0)
(-0.268908 -3.52971 0)
(-0.750812 -1.88312 0)
(-1.04775 1.14812 0)
(-1.97242 2.71599 0)
(-2.35894 5.11093 0)
(-2.2818 8.74159 0)
(-2.20129 11.5222 0)
(-2.30292 14.2785 0)
(-1.85655 16.6318 0)
(-1.21498 19.0711 0)
(-0.964825 20.0705 0)
(-0.869234 20.8315 0)
(0.218095 22.3677 0)
(0.853165 22.8906 0)
(0.808109 21.762 0)
(1.76912 18.802 0)
(2.28025 13.2869 0)
(3.04545 3.57634 0)
(1.36168 -2.29819 0)
(0.818722 -7.66518 0)
(-0.29784 -3.07133 0)
(-0.609602 -1.53666 0)
(-0.720806 1.66012 0)
(-1.46133 3.55454 0)
(-2.04842 5.20589 0)
(-1.81824 8.69748 0)
(-1.75399 11.2706 0)
(-1.37919 14.0937 0)
(-1.02157 16.2676 0)
(-0.802541 18.1149 0)
(-0.0323688 19.7138 0)
(0.782156 20.9225 0)
(0.758796 21.1538 0)
(1.3706 21.4358 0)
(2.87528 21.5546 0)
(3.35022 19.0263 0)
(2.97361 10.9813 0)
(1.85849 -0.428672 0)
(1.2594 -7.36797 0)
(0.088684 -9.20358 0)
(-0.33072 -2.65638 0)
(-0.457947 -1.30734 0)
(-0.46295 1.84243 0)
(-0.895659 4.17561 0)
(-1.62716 5.49691 0)
(-1.54015 8.36702 0)
(-1.03235 11.2269 0)
(-0.974104 13.6609 0)
(-0.494048 15.7615 0)
(0.310781 18.0879 0)
(0.59318 18.9975 0)
(0.837318 19.774 0)
(2.16968 21.1438 0)
(2.79947 21.1504 0)
(2.82231 20.0393 0)
(4.20689 17.6965 0)
(4.8092 13.324 0)
(5.54637 5.33642 0)
(4.58036 -0.50601 0)
(1.48468 -4.98652 0)
(-0.37297 -2.32467 0)
(-0.253654 -1.24646 0)
(-0.278681 1.86421 0)
(-0.327581 4.89741 0)
(-1.22923 5.75872 0)
(-1.11202 8.13478 0)
(-0.924107 10.739 0)
(-0.232399 13.3674 0)
(0.213043 15.3022 0)
(0.429389 16.9843 0)
(1.47313 18.6835 0)
(2.20531 19.7285 0)
(2.07963 19.7558 0)
(3.03114 19.9295 0)
(4.15203 19.4364 0)
(4.58023 17.5102 0)
(4.48079 11.0791 0)
(3.40863 3.20389 0)
(2.48437 -1.91836 0)
(1.24936 -3.25003 0)
(-0.354875 -2.06648 0)
(-0.0697122 -1.2812 0)
(-0.205958 1.73208 0)
(0.148949 5.25331 0)
(-0.685612 6.27411 0)
(-0.909277 7.95559 0)
(-0.472054 10.4835 0)
(-0.122887 12.6915 0)
(0.48109 14.7875 0)
(1.43267 16.9461 0)
(1.5442 17.6411 0)
(2.09342 18.7376 0)
(3.24812 19.7782 0)
(3.64948 19.5498 0)
(3.58454 18.4116 0)
(4.7966 16.8383 0)
(4.90207 13.2527 0)
(4.29461 4.9832 0)
(0.749058 -0.710579 0)
(-0.0779317 -2.61485 0)
(-0.275795 -1.88669 0)
(-0.02717 -1.34309 0)
(-0.233727 1.55913 0)
(0.488957 5.53135 0)
(-0.146272 6.74415 0)
(-0.314834 7.95385 0)
(-0.396476 9.90375 0)
(0.415628 12.2804 0)
(0.820282 14.0982 0)
(1.11755 15.7085 0)
(2.49633 17.493 0)
(2.82277 18.4301 0)
(2.78218 18.5445 0)
(3.8575 18.7353 0)
(4.60317 17.9595 0)
(4.84565 16.7539 0)
(5.07762 12.0546 0)
(4.29043 7.26654 0)
(4.45918 3.60331 0)
(0.905766 -2.10007 0)
(-0.146964 -1.69488 0)
(-0.173495 -1.30669 0)
(-0.346471 1.28358 0)
(0.649489 5.1698 0)
(0.532985 7.20645 0)
(0.0548662 8.18558 0)
(0.141523 9.82337 0)
(0.302686 11.5398 0)
(1.03586 13.7028 0)
(1.9758 15.5341 0)
(1.86369 16.3142 0)
(2.99092 17.6977 0)
(3.66716 18.6428 0)
(4.00532 18.5426 0)
(4.03611 17.2942 0)
(4.80583 16.4561 0)
(5.4683 13.9024 0)
(4.65631 7.8166 0)
(3.10572 3.60782 0)
(1.38082 2.90286 0)
(0.00508776 -1.49339 0)
(-0.410341 -1.24519 0)
(-0.326689 1.00833 0)
(0.490206 4.49156 0)
(1.11399 7.41147 0)
(0.772284 8.37486 0)
(0.419378 9.59843 0)
(1.08296 11.3879 0)
(1.06452 12.8138 0)
(1.67132 14.4009 0)
(2.9354 16.3643 0)
(3.12319 17.0366 0)
(3.41323 17.5292 0)
(4.17379 17.9694 0)
(5.04422 16.7858 0)
(4.68593 16.1652 0)
(4.87699 12.5199 0)
(3.64159 8.49139 0)
(3.10203 5.40552 0)
(-0.704887 0.631026 0)
(0.0667186 -1.27024 0)
(-0.536753 -1.1686 0)
(-0.146699 0.561922 0)
(0.32682 3.42187 0)
(1.54969 7.35519 0)
(1.33427 8.75577 0)
(1.32731 9.67381 0)
(0.972191 10.7824 0)
(1.90348 12.8004 0)
(2.36993 14.0477 0)
(2.1683 15.002 0)
(3.69683 16.6431 0)
(4.17509 17.3501 0)
(4.40777 17.9587 0)
(4.37806 16.4492 0)
(5.27152 16.1965 0)
(5.58436 14.8598 0)
(3.70093 9.46897 0)
(2.60887 6.62596 0)
(3.38336 7.74191 0)
(-0.033021 -1.02315 0)
(-0.530711 -1.14325 0)
(-0.00646943 0.158478 0)
(0.0981927 2.39623 0)
(1.71684 6.59415 0)
(1.92839 8.54563 0)
(1.75654 9.87176 0)
(2.28689 11.034 0)
(1.68757 11.7476 0)
(2.7398 13.5168 0)
(3.54387 15.0108 0)
(3.54355 15.6901 0)
(4.365 16.3391 0)
(5.03627 17.2441 0)
(5.99024 16.3584 0)
(4.54056 15.4755 0)
(5.85247 13.5352 0)
(5.1834 12.1207 0)
(2.57973 9.03182 0)
(-1.54026 3.94642 0)
(-0.175254 -0.735598 0)
(-0.476487 -1.0196 0)
(-0.397976 -0.0534759 0)
(0.0194186 1.96733 0)
(1.38908 5.39237 0)
(2.44755 8.59487 0)
(2.76311 9.59394 0)
(2.2712 10.6502 0)
(3.33599 12.1827 0)
(2.91174 12.7856 0)
(3.53417 13.9138 0)
(4.50206 15.4606 0)
(5.13604 15.8727 0)
(5.10498 17.0285 0)
(5.79952 16.092 0)
(6.65496 16.3279 0)
(5.43087 15.7418 0)
(5.21614 12.0692 0)
(3.10485 10.5248 0)
(4.41707 11.0796 0)
(-0.236755 -0.441529 0)
(-0.326932 -0.763594 0)
(-0.692369 -0.505403 0)
(0.375459 0.917299 0)
(1.29852 3.74531 0)
(2.63216 7.40374 0)
(3.19983 9.85214 0)
(3.58208 10.6613 0)
(3.04277 11.1796 0)
(4.30758 12.8722 0)
(4.37918 13.5612 0)
(4.79801 14.4377 0)
(5.60823 15.0859 0)
(6.68215 16.0518 0)
(6.96913 16.2081 0)
(6.36477 14.8544 0)
(7.4925 14.9674 0)
(6.20045 14.6837 0)
(3.88347 12.7958 0)
(-0.497512 9.24193 0)
(-0.223507 -0.201671 0)
(-0.190265 -0.60236 0)
(-0.338018 -0.916093 0)
(0.411467 0.160467 0)
(0.784533 2.41335 0)
(2.7775 6.69416 0)
(3.53056 8.71899 0)
(4.02469 10.7175 0)
(4.56875 11.6932 0)
(4.03662 11.8555 0)
(5.27418 13.1011 0)
(5.61489 14.0655 0)
(6.23248 14.552 0)
(6.40573 15.3672 0)
(7.72243 15.8063 0)
(8.52602 16.5688 0)
(6.89951 15.982 0)
(7.80011 14.3121 0)
(4.64489 14.9021 0)
(5.83875 16.8259 0)
(-0.158881 0.00701583 0)
(0.00926077 -0.690926 0)
(0.429789 -0.906983 0)
(-0.0665348 -0.383558 0)
(0.964228 1.74152 0)
(2.14585 4.76543 0)
(3.82775 8.44296 0)
(4.17085 9.6311 0)
(4.94658 11.0086 0)
(5.52609 12.2316 0)
(5.31374 12.1998 0)
(6.5497 13.4375 0)
(7.03803 13.878 0)
(8.57269 14.619 0)
(7.79768 14.9082 0)
(9.01852 14.2065 0)
(9.81986 16.4432 0)
(9.40452 16.7916 0)
(7.00547 15.5574 0)
(1.66177 17.4939 0)
(-0.128259 -0.0652855 0)
(0.599403 -1.15664 0)
(0.912529 -0.786581 0)
(0.737996 -0.508382 0)
(0.806337 0.780024 0)
(1.60788 3.32796 0)
(3.26652 6.75144 0)
(5.01521 9.74471 0)
(4.79671 10.4914 0)
(5.89386 11.3565 0)
(6.41953 12.1503 0)
(6.64188 12.2861 0)
(7.01385 13.2065 0)
(8.07373 13.5649 0)
(9.96211 15.3454 0)
(10.1438 15.5815 0)
(9.43779 14.9561 0)
(12.3084 17.1049 0)
(12.6311 18.0564 0)
(8.97952 23.7129 0)
(0.207888 -0.439488 0)
(1.31435 -1.49238 0)
(1.33554 -1.21286 0)
(1.96891 -0.0665625 0)
(1.04996 0.669652 0)
(1.29019 2.11497 0)
(2.94554 5.55335 0)
(3.9926 7.93537 0)
(5.93 10.1893 0)
(5.58714 10.9419 0)
(6.75449 11.5643 0)
(7.98539 12.4743 0)
(8.72788 12.3397 0)
(9.3047 12.8115 0)
(8.85483 12.4295 0)
(12.7112 14.3427 0)
(12.4157 15.3978 0)
(11.4611 16.6432 0)
(19.1765 13.8773 0)
(15.3707 24.3918 0)
(0.739971 -1.64791 0)
(1.32422 -2.17292 0)
(1.78337 -1.6846 0)
(2.4003 -0.204194 0)
(1.84329 1.12523 0)
(1.65121 1.87244 0)
(2.01152 3.60912 0)
(4.05671 6.74553 0)
(4.73458 8.74423 0)
(6.81361 10.1575 0)
(6.33438 10.0249 0)
(7.12288 10.9793 0)
(7.98129 11.5904 0)
(10.7064 12.6562 0)
(10.8717 13.4045 0)
(10.2096 12.8628 0)
(16.4873 11.9334 0)
(12.4354 18.9062 0)
(17.8572 8.51158 0)
(20.0745 20.2221 0)
(0.553573 -2.7425 0)
(0.807341 -2.9601 0)
(1.54524 -2.03123 0)
(1.4906 -0.332623 0)
(1.78665 1.47266 0)
(1.54377 1.7304 0)
(1.59521 3.04969 0)
(2.85459 5.48766 0)
(4.51554 7.54879 0)
(5.63139 9.93082 0)
(7.7354 10.7001 0)
(8.55895 10.3954 0)
(8.81842 9.8402 0)
(8.78506 10.1235 0)
(13.8646 10.1606 0)
(11.2309 15.0486 0)
(16.476 5.90193 0)
(16.888 18.0947 0)
(16.8084 9.36821 0)
(22.3849 15.04 0)
(0.233278 -3.08078 0)
(0.32945 -3.16694 0)
(0.641279 -2.05775 0)
(0.458348 -0.467768 0)
(1.37647 1.34662 0)
(0.859183 1.67401 0)
(1.64639 2.54456 0)
(2.03461 3.23754 0)
(3.52551 5.63067 0)
(4.7862 6.1364 0)
(5.74306 8.20997 0)
(7.3783 10.2823 0)
(10.7751 9.36967 0)
(9.07559 12.0658 0)
(12.7214 4.42675 0)
(12.8819 14.7401 0)
(13.4353 4.19755 0)
(17.6983 14.6343 0)
(17.0654 10.6389 0)
(21.9907 11.4965 0)
(0.0569949 -3.20756 0)
(-0.271715 -3.24205 0)
(-0.133887 -2.17742 0)
(-0.3026 -0.774237 0)
(0.222962 1.322 0)
(8.10068e-05 1.57289 0)
(0.762809 2.54837 0)
(1.19227 4.70474 0)
(2.26739 5.83572 0)
(3.67089 8.31317 0)
(6.05214 5.53175 0)
(6.09923 8.78705 0)
(9.28265 3.82333 0)
(10.9187 12.6174 0)
(12.6787 3.62077 0)
(15.1614 13.3794 0)
(15.0896 6.84646 0)
(17.6004 10.2563 0)
(17.5776 9.29986 0)
(20.6553 8.95627 0)
(-0.279194 -2.77476 0)
(-0.854044 -2.83457 0)
(-1.07824 -2.0161 0)
(-0.978625 -0.841429 0)
(-0.475742 0.683972 0)
(0.333429 0.512945 0)
(0.621262 0.455802 0)
(1.54943 1.27694 0)
(0.940319 0.522773 0)
(3.24072 5.21816 0)
(2.20557 3.94751 0)
(6.99344 9.45223 0)
(5.19881 -0.584193 0)
(9.87531 10.3645 0)
(9.99715 2.39924 0)
(14.0689 9.12295 0)
(15.7842 7.01456 0)
(18.0091 7.4051 0)
(18.987 7.3089 0)
(20.7737 7.00127 0)
(-0.424401 -2.15327 0)
(-1.32326 -2.44223 0)
(-1.78456 -1.97654 0)
(-1.98646 -0.911781 0)
(-1.67853 0.313081 0)
(-1.44113 0.720332 0)
(-1.98074 2.43658 0)
(-1.13545 4.9303 0)
(-0.993219 5.544 0)
(-0.395398 6.68164 0)
(-1.64318 -1.95187 0)
(6.50379 8.26634 0)
(6.20066 2.17994 0)
(7.81547 7.4984 0)
(8.04612 1.59902 0)
(11.0458 4.06233 0)
(13.6145 4.80724 0)
(16.5419 5.41165 0)
(18.6295 5.79246 0)
(20.6978 5.91291 0)
(-0.581514 -1.12519 0)
(-1.41011 -1.50832 0)
(-1.9677 -1.46005 0)
(-2.029 -0.876518 0)
(-1.93143 -0.121931 0)
(-1.3537 0.101218 0)
(-1.9097 0.0517302 0)
(-0.358028 -0.39481 0)
(1.53159 -1.28951 0)
(2.40895 5.13074 0)
(2.6981 -1.65623 0)
(1.37101 1.04397 0)
(5.01754 -0.166038 0)
(6.43933 4.79585 0)
(8.37673 1.39367 0)
(9.74743 0.670542 0)
(11.3462 1.5922 0)
(13.9917 2.50503 0)
(16.38 3.03845 0)
(18.8962 3.3673 0)
(-0.197829 -0.37875 0)
(-1.234 -1.23705 0)
(-3.04245 -1.44254 0)
(-4.35187 -0.786967 0)
(-4.76243 0.10642 0)
(-4.29269 1.07213 0)
(-3.61647 1.5481 0)
(-2.33813 2.09789 0)
(-3.50066 3.68642 0)
(1.33437 6.05082 0)
(4.49122 2.23891 0)
(4.01958 1.67388 0)
(5.19294 0.212274 0)
(6.67126 1.44244 0)
(9.35573 0.621154 0)
(10.2656 0.287814 0)
(10.4434 0.598342 0)
(11.9353 1.01146 0)
(13.9797 1.17911 0)
(16.3216 1.31836 0)
(12.0667 12.7978 0)
(-9.10189 -12.2306 0)
(8.47675 -7.89132 0)
(0.883848 0.436379 0)
(6.85716 -1.03446 0)
(-9.45936 4.56946 0)
(-7.24663 -0.618579 0)
(-11.1222 1.44359 0)
(-12.9388 -0.179993 0)
(-8.90569 -1.4282 0)
(-13.9535 0.718917 0)
(-8.14371 -1.70858 0)
(-11.312 -0.181638 0)
(-8.14363 -0.73394 0)
(-9.37631 -0.191387 0)
(-8.83122 0.0600392 0)
(-9.80311 0.337555 0)
(-10.3401 0.439349 0)
(-11.1735 0.574868 0)
(-12.2384 0.59697 0)
(-12.9637 0.513163 0)
(-13.493 0.21425 0)
(-13.5582 0.0170645 0)
(-13.7809 -0.024429 0)
(-13.0678 -0.130019 0)
(-13.0626 -0.154053 0)
(-11.6291 -0.582014 0)
(-11.5725 -0.73411 0)
(-8.85722 -0.505683 0)
(-9.05627 -0.758802 0)
(-6.27147 -0.871387 0)
(-5.11038 -0.838528 0)
(-3.07861 -0.862985 0)
(-1.19507 -0.82555 0)
(0.670945 -0.788944 0)
(2.49441 -0.701688 0)
(4.19762 -0.617617 0)
(5.69118 -0.521793 0)
(6.95888 -0.408462 0)
(7.98788 -0.338375 0)
(8.77432 -0.252726 0)
(9.28504 -0.0794295 0)
(9.36411 0.227215 0)
(9.24314 0.164523 0)
(9.20359 -0.507817 0)
(9.48976 -1.12133 0)
(9.91405 -0.536028 0)
(9.65031 1.05138 0)
(8.21424 1.90651 0)
(6.21241 1.48676 0)
(4.75994 0.596771 0)
(3.98333 -0.125665 0)
(3.86502 -0.521929 0)
(4.01485 -0.644192 0)
(4.41815 -0.585198 0)
(4.66823 -0.262591 0)
(4.55421 0.177791 0)
(3.88638 0.567125 0)
(2.59515 0.688509 0)
(1.1604 0.670449 0)
(-0.326138 0.483124 0)
(-1.25192 0.29172 0)
(-2.01347 0.111998 0)
(-2.04122 -0.101678 0)
(-1.88517 -0.233469 0)
(-1.21465 -0.375371 0)
(-0.359348 -0.449636 0)
(0.808069 -0.525007 0)
(1.92711 -0.524686 0)
(3.02628 -0.439397 0)
(3.89648 -0.291567 0)
(4.6353 -0.163608 0)
(5.00214 -0.0384081 0)
(5.23625 0.0859865 0)
(5.08836 0.247815 0)
(4.83555 0.428635 0)
(4.2133 0.512067 0)
(3.59554 0.509472 0)
(2.7841 0.430884 0)
(1.77734 0.197545 0)
(18.0219 15.9991 0)
(18.7565 13.1412 0)
(-11.9974 -0.890378 0)
(-5.93011 1.24464 0)
(-9.4594 8.34225 0)
(-7.01138 5.9255 0)
(-4.97696 2.62026 0)
(-7.36616 3.53724 0)
(-5.69456 -0.0853079 0)
(-4.68623 0.126716 0)
(-6.01028 -0.765234 0)
(-2.70948 -0.867172 0)
(-3.00558 -0.615297 0)
(-1.48653 -0.47577 0)
(-1.1267 0.217799 0)
(-1.28003 0.803865 0)
(-1.6849 1.22495 0)
(-2.85972 1.34533 0)
(-3.31436 1.33271 0)
(-4.13745 1.16094 0)
(-4.45928 0.823543 0)
(-4.90181 0.446204 0)
(-4.02205 0.0197011 0)
(-5.69402 -0.310358 0)
(-3.07381 -1.03318 0)
(-4.45491 -1.1593 0)
(-2.44853 -1.65793 0)
(-1.88572 -1.98107 0)
(-0.902878 -2.37114 0)
(0.569605 -2.53426 0)
(1.93432 -2.88327 0)
(3.60373 -2.97745 0)
(4.98728 -3.03431 0)
(6.83044 -3.03119 0)
(8.34468 -2.9002 0)
(9.90546 -2.68186 0)
(11.4509 -2.41813 0)
(12.708 -2.00578 0)
(13.9155 -1.62255 0)
(14.955 -1.26082 0)
(15.6484 -0.926521 0)
(16.2926 -0.415174 0)
(16.5358 -0.0209642 0)
(17.2556 0.0279819 0)
(17.3193 0.214649 0)
(16.9847 0.395862 0)
(15.6663 0.325195 0)
(15.0595 0.653828 0)
(14.6641 1.54606 0)
(14.9637 1.99649 0)
(14.8719 1.53293 0)
(14.5634 0.795459 0)
(13.908 0.37723 0)
(13.4504 0.121152 0)
(12.961 -0.0881911 0)
(12.4541 0.0719776 0)
(11.6505 0.776194 0)
(10.3159 1.51245 0)
(9.0054 1.90582 0)
(7.89754 1.93985 0)
(6.8224 1.68666 0)
(6.37891 1.14623 0)
(5.97334 0.596286 0)
(6.05347 -0.145671 0)
(6.46133 -0.764486 0)
(7.04619 -1.34652 0)
(8.08287 -1.5907 0)
(8.97004 -1.72334 0)
(10.2693 -1.52404 0)
(11.0599 -1.32459 0)
(12.1005 -1.05448 0)
(12.6065 -0.773936 0)
(13.1829 -0.420551 0)
(13.2437 -0.126902 0)
(13.4025 0.243437 0)
(13.003 0.520769 0)
(12.848 0.904313 0)
(11.9885 1.01312 0)
(11.8189 1.26669 0)
(10.4608 1.15645 0)
(18.2628 16.6408 0)
(26.601 15.6836 0)
(18.6642 11.7971 0)
(14.9934 5.81735 0)
(8.3319 2.45951 0)
(5.0906 1.53923 0)
(7.11125 0.940848 0)
(4.75312 0.554884 0)
(5.31213 -0.629402 0)
(5.93772 -2.01242 0)
(4.48433 -2.03909 0)
(4.71552 -2.91967 0)
(4.77994 -2.56486 0)
(4.87612 -2.16351 0)
(4.80352 -1.01717 0)
(5.33977 -0.0307134 0)
(6.03853 0.95136 0)
(6.7475 1.46168 0)
(7.25872 1.63397 0)
(7.76638 1.44092 0)
(7.92576 1.09426 0)
(8.29834 0.488089 0)
(8.31215 -0.0037366 0)
(8.49602 -0.553859 0)
(8.79645 -1.20045 0)
(9.16978 -1.63187 0)
(9.69502 -2.22544 0)
(10.3148 -2.71351 0)
(10.9885 -3.17245 0)
(11.9248 -3.59282 0)
(12.6322 -3.98665 0)
(13.9305 -4.31825 0)
(14.6873 -4.44855 0)
(16.008 -4.52239 0)
(16.8356 -4.39313 0)
(17.964 -4.14895 0)
(18.8012 -3.79571 0)
(19.6857 -3.32955 0)
(20.4093 -2.79396 0)
(21.1042 -2.27158 0)
(21.5397 -1.68566 0)
(21.7985 -1.17564 0)
(22.1994 -0.605767 0)
(22.4768 -0.279964 0)
(22.4014 0.0217526 0)
(22.2367 0.281214 0)
(21.9357 0.589608 0)
(21.474 1.15944 0)
(21.268 2.04033 0)
(21.826 2.43204 0)
(21.8188 1.83569 0)
(21.3954 1.04938 0)
(20.5704 0.714687 0)
(20.2377 0.349621 0)
(19.4057 0.0509122 0)
(18.7714 0.290937 0)
(18.3465 1.35054 0)
(18.6585 2.61127 0)
(18.4614 3.44187 0)
(17.9272 3.2825 0)
(17.1891 2.55226 0)
(16.3112 1.40882 0)
(15.9055 0.461002 0)
(15.3895 -0.60305 0)
(15.8769 -1.49298 0)
(16.0611 -2.29289 0)
(17.146 -2.87366 0)
(17.8553 -3.15467 0)
(19.0948 -2.84146 0)
(19.5539 -2.36072 0)
(20.4251 -1.71147 0)
(20.6014 -1.2755 0)
(21.1966 -0.620141 0)
(20.9449 -0.174244 0)
(21.235 0.440575 0)
(20.6156 0.825707 0)
(20.633 1.35418 0)
(19.6468 1.61177 0)
(19.6078 1.86333 0)
(18.4953 1.90903 0)
(19.9629 14.637 0)
(25.7723 14.05 0)
(26.089 12.6723 0)
(25.8098 10.3608 0)
(25.0043 8.78728 0)
(23.5104 7.11429 0)
(23.3224 4.94063 0)
(22.8674 3.36423 0)
(22.2286 1.42264 0)
(22.2012 0.0436518 0)
(21.4665 -0.768823 0)
(21.3284 -1.07763 0)
(21.0824 -1.09444 0)
(21.2615 -0.886003 0)
(20.6296 -0.412507 0)
(20.416 0.0728694 0)
(20.3134 0.607955 0)
(20.5966 1.04984 0)
(20.5334 1.32404 0)
(20.8435 1.34196 0)
(20.6791 1.13239 0)
(20.817 0.662166 0)
(20.5573 0.0842284 0)
(20.6169 -0.511032 0)
(20.5185 -1.18585 0)
(20.5686 -1.76214 0)
(20.6641 -2.42566 0)
(20.9138 -3.02695 0)
(21.2032 -3.60888 0)
(21.5986 -4.17632 0)
(21.9975 -4.55354 0)
(22.4206 -4.96633 0)
(22.9004 -5.06577 0)
(23.2415 -5.15219 0)
(23.7335 -4.96095 0)
(23.976 -4.67166 0)
(24.4254 -4.2646 0)
(24.6394 -3.71786 0)
(25.006 -3.14911 0)
(25.1441 -2.51674 0)
(25.3681 -1.93052 0)
(25.4353 -1.27618 0)
(25.5202 -0.702095 0)
(25.6023 -0.246124 0)
(25.4734 0.224571 0)
(25.4543 0.586053 0)
(25.3165 0.990993 0)
(25.1384 1.45956 0)
(24.9635 1.97233 0)
(25.4907 2.11364 0)
(25.6881 1.91854 0)
(25.4039 1.50995 0)
(24.9188 1.14445 0)
(24.8655 1.04531 0)
(24.4935 1.25352 0)
(23.598 1.3291 0)
(22.6967 1.6906 0)
(22.2379 2.19586 0)
(22.6202 2.89056 0)
(22.9726 3.25691 0)
(23.7383 3.19531 0)
(23.8731 2.54326 0)
(24.2173 1.6077 0)
(24.0958 0.195471 0)
(24.5971 -0.974859 0)
(24.5797 -2.15422 0)
(25.3154 -3.03811 0)
(25.7527 -3.66478 0)
(26.7711 -3.44255 0)
(26.9197 -2.95343 0)
(27.4684 -2.16692 0)
(27.3291 -1.55183 0)
(27.786 -0.809826 0)
(27.4356 -0.190458 0)
(27.6824 0.530908 0)
(27.0362 1.10697 0)
(27.033 1.71055 0)
(26.0371 2.07984 0)
(25.9157 2.33349 0)
(24.8686 2.36458 0)
(21.8444 11.623 0)
(24.7803 11.1718 0)
(27.0342 10.3326 0)
(28.6219 9.27369 0)
(29.8358 7.92295 0)
(30.3573 6.46005 0)
(30.7642 4.66055 0)
(30.984 2.83668 0)
(30.7836 1.09357 0)
(30.525 -0.374032 0)
(29.952 -1.31777 0)
(29.4398 -1.75791 0)
(28.6121 -1.82534 0)
(28.1167 -1.69175 0)
(27.4718 -1.16802 0)
(27.4586 -0.436709 0)
(27.3077 0.216321 0)
(27.7495 0.599299 0)
(27.9891 0.873468 0)
(28.4984 0.864353 0)
(28.7463 0.778269 0)
(28.9932 0.395905 0)
(29.1918 -0.00774047 0)
(29.1281 -0.581284 0)
(29.2402 -1.18437 0)
(29.1023 -1.74006 0)
(29.1296 -2.36898 0)
(28.9981 -2.91931 0)
(28.9207 -3.55451 0)
(28.7826 -4.04708 0)
(28.6022 -4.51372 0)
(28.3786 -4.84729 0)
(28.1681 -5.02718 0)
(27.8593 -5.08947 0)
(27.6993 -4.9292 0)
(27.3521 -4.64794 0)
(27.2495 -4.24504 0)
(27.0097 -3.70057 0)
(26.9093 -3.16042 0)
(26.8004 -2.50183 0)
(26.663 -1.90623 0)
(26.5559 -1.26055 0)
(26.3753 -0.70168 0)
(26.3799 -0.291807 0)
(26.19 0.282648 0)
(26.0908 0.554831 0)
(25.9578 0.874637 0)
(25.9151 1.15472 0)
(26.0318 1.62919 0)
(26.2164 1.6777 0)
(26.4612 1.4767 0)
(26.6241 1.44903 0)
(26.6315 1.40293 0)
(26.3627 1.13893 0)
(26.1957 1.1597 0)
(25.9751 1.37337 0)
(26.0736 2.04573 0)
(25.872 2.45158 0)
(26.2831 2.83062 0)
(26.433 2.94362 0)
(27.1036 2.50455 0)
(27.3153 1.63283 0)
(27.8359 0.656706 0)
(28.002 -0.842578 0)
(28.6977 -1.9318 0)
(28.7037 -3.01065 0)
(29.3417 -3.87928 0)
(29.9012 -4.31056 0)
(31.0688 -4.03709 0)
(31.3023 -3.45397 0)
(31.7908 -2.58766 0)
(31.5919 -1.66535 0)
(31.9724 -0.823485 0)
(31.7095 -0.0839372 0)
(31.9735 0.674647 0)
(31.4666 1.44173 0)
(31.4537 2.15561 0)
(30.5781 2.64371 0)
(30.4082 2.92984 0)
(29.5428 3.02631 0)
(22.2765 8.98113 0)
(24.3235 8.76524 0)
(26.507 8.20485 0)
(28.4336 7.4359 0)
(30.0919 6.33648 0)
(31.3832 5.20673 0)
(32.2937 3.90324 0)
(32.9193 2.5992 0)
(33.1202 1.32644 0)
(33.1009 0.371708 0)
(32.7278 -0.316668 0)
(32.3133 -0.663964 0)
(31.6343 -0.689065 0)
(31.3083 -0.522644 0)
(30.9431 -0.0743625 0)
(30.8453 0.29276 0)
(30.7917 0.801244 0)
(31.1429 1.04884 0)
(31.5222 1.27159 0)
(32.0225 1.19167 0)
(32.3887 1.06245 0)
(32.6695 0.703756 0)
(32.8427 0.232457 0)
(32.898 -0.318787 0)
(32.9362 -0.955326 0)
(32.8025 -1.50075 0)
(32.5529 -2.19087 0)
(32.2456 -2.727 0)
(31.7423 -3.40429 0)
(31.3449 -3.87092 0)
(30.6641 -4.36599 0)
(30.1573 -4.65643 0)
(29.4564 -4.79938 0)
(28.9406 -4.84537 0)
(28.3921 -4.59056 0)
(27.8668 -4.36794 0)
(27.4979 -3.83709 0)
(27.0589 -3.37736 0)
(26.8209 -2.76217 0)
(26.5296 -2.10573 0)
(26.2197 -1.57076 0)
(25.9974 -0.87209 0)
(25.6753 -0.398465 0)
(25.5326 0.109352 0)
(25.2202 0.533067 0)
(25.0805 0.798264 0)
(24.9519 1.24627 0)
(24.7477 1.31147 0)
(24.8414 1.7397 0)
(24.969 1.73704 0)
(25.3153 1.74563 0)
(25.2571 1.68536 0)
(25.2246 1.37998 0)
(25.1407 1.36798 0)
(25.224 1.39285 0)
(25.1976 1.54204 0)
(25.6775 2.10243 0)
(25.8653 2.30066 0)
(26.7413 2.62717 0)
(27.115 2.5333 0)
(27.9106 2.04563 0)
(28.4432 1.29092 0)
(29.1647 0.423441 0)
(29.449 -0.992665 0)
(30.3269 -1.99872 0)
(30.3031 -3.20595 0)
(31.0418 -4.19668 0)
(31.9373 -4.37464 0)
(33.276 -4.14381 0)
(33.6635 -3.80133 0)
(34.2282 -2.94554 0)
(33.9822 -1.87392 0)
(34.1294 -0.768338 0)
(33.8041 -0.0836191 0)
(34.1246 0.706512 0)
(33.7495 1.51729 0)
(33.7259 2.25699 0)
(32.8532 2.72423 0)
(32.6922 3.03182 0)
(31.9348 3.09894 0)
(22.6564 6.69492 0)
(24.5245 6.4447 0)
(26.3626 5.95559 0)
(28.1509 5.33443 0)
(29.7415 4.4802 0)
(31.1744 3.61662 0)
(32.2398 2.63962 0)
(33.068 1.73639 0)
(33.4923 0.829221 0)
(33.7145 0.120666 0)
(33.5566 -0.444315 0)
(33.3162 -0.775854 0)
(32.9141 -0.875093 0)
(32.6463 -0.789995 0)
(32.3422 -0.59426 0)
(32.3224 -0.363864 0)
(32.3901 -0.0150729 0)
(32.6879 0.170402 0)
(33.0504 0.346272 0)
(33.493 0.276671 0)
(33.8759 0.189238 0)
(34.1432 -0.0657599 0)
(34.3235 -0.351813 0)
(34.3923 -0.727222 0)
(34.3638 -1.16798 0)
(34.2115 -1.61779 0)
(33.8405 -2.1295 0)
(33.445 -2.54656 0)
(32.7685 -3.04538 0)
(32.2703 -3.37232 0)
(31.3985 -3.74237 0)
(30.8648 -3.90321 0)
(29.9803 -3.98733 0)
(29.4392 -3.9887 0)
(28.7259 -3.80373 0)
(28.126 -3.67889 0)
(27.6611 -3.23053 0)
(27.0477 -2.899 0)
(26.8012 -2.33238 0)
(26.2628 -1.79654 0)
(26.0191 -1.31948 0)
(25.6515 -0.669514 0)
(25.2878 -0.306339 0)
(25.2433 0.231797 0)
(24.8308 0.541116 0)
(24.9039 0.83921 0)
(24.6806 1.21035 0)
(24.6379 1.17356 0)
(24.8255 1.62722 0)
(24.6608 1.45006 0)
(25.0468 1.51146 0)
(24.8001 1.29615 0)
(24.9902 1.1687 0)
(25.0436 1.33563 0)
(24.9484 1.16468 0)
(25.0485 1.28867 0)
(25.2192 1.50536 0)
(25.3132 1.39604 0)
(26.1826 1.74786 0)
(26.4178 1.37228 0)
(27.4209 1.07879 0)
(27.9396 0.574284 0)
(28.6464 -0.610902 0)
(28.9335 -1.83532 0)
(30.0066 -2.95233 0)
(30.085 -4.81285 0)
(31.2433 -5.58608 0)
(32.6822 -5.25382 0)
(33.742 -4.73506 0)
(34.0246 -4.40381 0)
(34.6315 -3.42785 0)
(34.3037 -2.2084 0)
(33.9495 -0.800776 0)
(33.2007 0.365983 0)
(33.6497 1.58049 0)
(33.3824 2.43856 0)
(33.3913 3.22809 0)
(32.6315 3.68488 0)
(32.506 4.0997 0)
(31.9438 4.18468 0)
(22.5196 5.74641 0)
(24.5098 5.39816 0)
(26.1261 4.93824 0)
(27.905 4.4203 0)
(29.2997 3.79847 0)
(30.753 3.14867 0)
(31.7338 2.43144 0)
(32.6284 1.75694 0)
(33.0546 1.09076 0)
(33.3656 0.53638 0)
(33.2899 0.0662958 0)
(33.2026 -0.1836 0)
(32.8857 -0.311422 0)
(32.7024 -0.25471 0)
(32.4707 -0.125792 0)
(32.4679 0.103407 0)
(32.4289 0.291923 0)
(32.6774 0.434019 0)
(32.8742 0.503423 0)
(33.2953 0.446674 0)
(33.5218 0.345275 0)
(33.8338 0.135957 0)
(33.8593 -0.0617739 0)
(33.9375 -0.372554 0)
(33.7423 -0.695745 0)
(33.5626 -1.09413 0)
(33.0786 -1.48941 0)
(32.5935 -1.84325 0)
(31.8453 -2.22767 0)
(31.1654 -2.47574 0)
(30.2805 -2.81821 0)
(29.5214 -2.90529 0)
(28.5754 -3.11684 0)
(27.7726 -3.10609 0)
(26.8999 -3.13777 0)
(26.1544 -3.10518 0)
(25.5027 -2.76187 0)
(24.8117 -2.58898 0)
(24.3792 -1.88271 0)
(23.7827 -1.54228 0)
(23.4332 -0.831202 0)
(23.076 -0.388895 0)
(22.7419 0.0724225 0)
(22.7892 0.62788 0)
(22.4783 0.637676 0)
(22.7534 1.27761 0)
(22.6831 1.11495 0)
(22.8818 1.45095 0)
(23.1807 1.65511 0)
(23.1876 1.23447 0)
(23.7811 1.87905 0)
(23.7506 1.19505 0)
(24.1318 1.58676 0)
(24.3012 1.67275 0)
(24.2591 1.09295 0)
(24.6978 1.87439 0)
(24.5865 1.27069 0)
(24.9496 1.39133 0)
(25.5165 1.73481 0)
(25.6054 0.828751 0)
(26.6834 0.922105 0)
(26.687 0.2003 0)
(27.3493 -1.3673 0)
(27.6213 -2.09808 0)
(28.4448 -3.77931 0)
(28.487 -6.62964 0)
(30.3579 -7.04133 0)
(32.0234 -6.17124 0)
(31.441 -5.50578 0)
(30.5024 -4.19437 0)
(30.7607 -2.91997 0)
(29.9947 -2.43628 0)
(29.0406 -1.86317 0)
(28.148 -0.592726 0)
(28.1647 0.668459 0)
(28.2362 1.51648 0)
(28.3346 2.19393 0)
(28.5351 2.79615 0)
(28.6199 3.22883 0)
(29.1524 3.61226 0)
(20.8113 3.37189 0)
(22.987 3.076 0)
(24.7307 2.71711 0)
(26.6366 2.3159 0)
(28.0918 1.92799 0)
(29.5587 1.47132 0)
(30.5675 1.02625 0)
(31.48 0.557992 0)
(31.9369 0.181857 0)
(32.2979 -0.190115 0)
(32.2797 -0.416043 0)
(32.2686 -0.594948 0)
(31.9817 -0.624994 0)
(31.8631 -0.594328 0)
(31.5721 -0.490711 0)
(31.5788 -0.371339 0)
(31.4443 -0.255638 0)
(31.6993 -0.1266 0)
(31.7599 -0.102773 0)
(32.1979 -0.073136 0)
(32.2811 -0.179392 0)
(32.6639 -0.243198 0)
(32.5012 -0.419729 0)
(32.6553 -0.562482 0)
(32.1833 -0.807441 0)
(32.1057 -1.05013 0)
(31.316 -1.29882 0)
(30.9399 -1.55018 0)
(29.831 -1.72185 0)
(29.1676 -1.92824 0)
(27.926 -2.07008 0)
(27.0094 -2.19611 0)
(25.7907 -2.31634 0)
(24.5547 -2.31064 0)
(23.5703 -2.40336 0)
(22.2215 -2.25271 0)
(21.6717 -2.19436 0)
(20.4387 -1.88824 0)
(20.0396 -1.49247 0)
(19.2517 -1.17659 0)
(18.6603 -0.562041 0)
(18.4497 -0.349176 0)
(18.1391 0.193665 0)
(18.0152 0.319746 0)
(18.2674 0.542926 0)
(18.5032 0.837741 0)
(18.4473 0.631475 0)
(19.5675 1.10166 0)
(19.2103 0.869668 0)
(20.2634 0.960387 0)
(20.8367 1.21122 0)
(20.6615 0.651692 0)
(22.1314 1.1484 0)
(21.773 0.806451 0)
(22.3386 0.707373 0)
(23.5404 1.18943 0)
(22.7087 0.55924 0)
(24.4304 1.02972 0)
(24.4558 0.879663 0)
(24.4999 0.266354 0)
(26.0817 0.609382 0)
(25.375 -0.651356 0)
(25.6771 -1.34187 0)
(26.2504 -2.00073 0)
(25.071 -4.7877 0)
(23.1991 -7.35462 0)
(25.4789 -8.42084 0)
(25.3332 -8.73408 0)
(20.7897 -7.53085 0)
(18.2314 -3.48216 0)
(15.3427 0.0300281 0)
(11.1178 1.04427 0)
(9.65141 1.60161 0)
(10.163 1.98024 0)
(9.73778 2.40575 0)
(11.2004 2.52069 0)
(11.2956 2.86782 0)
(13.7737 3.13388 0)
(13.885 3.3126 0)
(16.7691 3.57424 0)
(18.3484 1.25748 0)
(20.378 1.17936 0)
(22.44 0.991895 0)
(24.2093 0.899966 0)
(25.9436 0.760061 0)
(27.1065 0.644138 0)
(28.3427 0.50553 0)
(28.9148 0.36958 0)
(29.576 0.286544 0)
(29.5432 0.163992 0)
(29.6875 0.144551 0)
(29.277 0.0372941 0)
(29.1159 0.0931965 0)
(28.6085 0.00778554 0)
(28.37 0.113414 0)
(28.0589 0.0295013 0)
(27.9046 0.164433 0)
(27.9061 0.0803144 0)
(27.8333 0.18138 0)
(28.1167 0.0697613 0)
(27.9738 0.103921 0)
(28.2928 -0.00610141 0)
(27.7821 -0.0443824 0)
(27.8855 -0.118021 0)
(26.9469 -0.259115 0)
(26.8429 -0.280013 0)
(25.526 -0.511558 0)
(25.1228 -0.435709 0)
(23.4019 -0.714996 0)
(22.5983 -0.526038 0)
(20.67 -0.868548 0)
(19.5327 -0.640135 0)
(17.6624 -0.939937 0)
(15.9736 -0.760904 0)
(14.5362 -0.836218 0)
(12.2608 -0.825685 0)
(11.6486 -0.302595 0)
(9.2242 -0.636739 0)
(9.06487 0.337232 0)
(8.16005 -0.0470056 0)
(6.99941 0.0911465 0)
(8.29418 0.970582 0)
(7.28663 -0.16063 0)
(7.7453 0.824921 0)
(9.39964 0.988851 0)
(8.33538 -0.129531 0)
(10.0433 1.32538 0)
(11.0902 0.537454 0)
(10.3677 0.111729 0)
(12.7702 1.50043 0)
(12.8745 -0.0355215 0)
(12.8599 0.630197 0)
(15.3053 1.27279 0)
(14.4092 -0.379788 0)
(15.5583 1.31084 0)
(17.2564 0.675352 0)
(16.1929 -0.256546 0)
(18.2728 1.78919 0)
(19.0564 -0.318284 0)
(17.9503 0.235883 0)
(20.7507 1.35375 0)
(19.4113 -1.78087 0)
(18.2484 0.435402 0)
(20.1134 -0.587049 0)
(14.4957 -5.82018 0)
(6.2501 -3.52225 0)
(0.568555 1.2187 0)
(-3.9649 3.44432 0)
(-6.49367 3.09246 0)
(-7.62779 2.09397 0)
(-7.3129 1.27449 0)
(-6.85329 0.412875 0)
(-5.73057 -0.170353 0)
(-5.04628 -0.19328 0)
(-4.30025 0.242658 0)
(-2.59572 0.298396 0)
(-2.54596 0.806875 0)
(0.926301 0.781017 0)
(0.455644 0.906787 0)
(4.75896 1.32356 0)
)
;

boundaryField
{
    inlet
    {
        type            fixedValue;
        value           uniform (10 0 0);
    }
    outlet
    {
        type            zeroGradient;
    }
    walls
    {
        type            fixedValue;
        value           uniform (0 0 0);
    }
    frontAndBack
    {
        type            empty;
    }
}


// ************************************************************************* //
