/*--------------------------------*- C++ -*----------------------------------*\
| =========                 |                                                 |
| \\      /  F ield         | OpenFOAM: The Open Source CFD Toolbox           |
|  \\    /   O peration     | Version:  2306                                  |
|   \\  /    A nd           | Website:  www.openfoam.com                      |
|    \\/     M anipulation  |                                                 |
\*---------------------------------------------------------------------------*/
FoamFile
{
    version     2.0;
    format      ascii;
    arch        "LSB;label=32;scalar=64";
    class       volVectorField;
    location    "0.1";
    object      U;
}
// * * * * * * * * * * * * * * * * * * * * * * * * * * * * * * * * * * * * * //

dimensions      [0 1 -1 0 0 0 0];

internalField   nonuniform List<vector> 
4400
(
(9.90178 0.0455096 0)
(9.8063 0.0987118 0)
(9.70011 0.120957 0)
(9.57024 0.125768 0)
(9.41827 0.124466 0)
(9.25234 0.123431 0)
(9.08079 0.124108 0)
(8.90854 0.125644 0)
(8.73757 0.126941 0)
(8.56835 0.127351 0)
(8.40065 0.1268 0)
(8.23421 0.125476 0)
(8.06886 0.123639 0)
(7.90453 0.121618 0)
(7.74139 0.11947 0)
(7.57954 0.117333 0)
(7.41911 0.115164 0)
(7.26044 0.112916 0)
(7.10339 0.11072 0)
(6.94827 0.10831 0)
(6.79524 0.105879 0)
(6.64407 0.103472 0)
(6.49523 0.100809 0)
(6.34858 0.0982008 0)
(6.20418 0.0956656 0)
(6.06226 0.0928472 0)
(5.92286 0.0900532 0)
(5.78596 0.0874861 0)
(5.65182 0.0845488 0)
(5.52059 0.0815591 0)
(5.39188 0.0790019 0)
(5.26629 0.0761119 0)
(5.14352 0.0729199 0)
(5.02338 0.0703 0)
(4.90646 0.0676513 0)
(4.79277 0.0644515 0)
(4.68185 0.0614042 0)
(4.57359 0.0588228 0)
(4.46849 0.0559889 0)
(4.36657 0.0528305 0)
(4.26717 0.0501977 0)
(4.17047 0.0478989 0)
(4.07619 0.0454255 0)
(3.98443 0.0425937 0)
(3.89492 0.0401652 0)
(3.80733 0.0382598 0)
(3.72159 0.0366911 0)
(3.63685 0.0353102 0)
(3.55349 0.034134 0)
(3.46994 0.0335499 0)
(3.38725 0.0332674 0)
(3.30283 0.0338326 0)
(3.21785 0.0350284 0)
(3.12975 0.0370278 0)
(3.03865 0.0399404 0)
(2.94226 0.0438202 0)
(2.83983 0.048747 0)
(2.72996 0.0549096 0)
(2.61009 0.0629275 0)
(2.47908 0.0728324 0)
(2.33291 0.0847854 0)
(2.17013 0.0993181 0)
(1.98577 0.11658 0)
(1.77752 0.137127 0)
(1.53955 0.160296 0)
(1.26907 0.186113 0)
(0.960092 0.213372 0)
(0.610733 0.241584 0)
(0.211905 0.269218 0)
(-0.230357 0.299925 0)
(-0.71946 0.322729 0)
(-1.264 0.300474 0)
(-1.8205 0.145601 0)
(-2.24629 -0.168225 0)
(-2.40296 -0.500629 0)
(-2.31955 -0.728608 0)
(-2.1034 -0.818807 0)
(-1.81589 -0.738466 0)
(-1.55449 -0.396444 0)
(-1.37832 0.054826 0)
(10.0002 0.0611723 0)
(10.0319 0.137442 0)
(10.0696 0.173588 0)
(10.1051 0.184889 0)
(10.1326 0.186098 0)
(10.1502 0.186159 0)
(10.159 0.188187 0)
(10.1613 0.191836 0)
(10.1593 0.195779 0)
(10.1543 0.198946 0)
(10.1471 0.200899 0)
(10.1376 0.201785 0)
(10.1259 0.201848 0)
(10.1118 0.201448 0)
(10.0951 0.200895 0)
(10.0763 0.200159 0)
(10.0548 0.199451 0)
(10.0313 0.198597 0)
(10.0056 0.197652 0)
(9.97783 0.196652 0)
(9.94851 0.195284 0)
(9.91687 0.194082 0)
(9.88402 0.192446 0)
(9.84907 0.190796 0)
(9.81281 0.189081 0)
(9.77487 0.18704 0)
(9.7354 0.185171 0)
(9.69499 0.182768 0)
(9.6524 0.180718 0)
(9.60973 0.178156 0)
(9.56481 0.175607 0)
(9.51938 0.173245 0)
(9.47261 0.170238 0)
(9.42467 0.167791 0)
(9.37611 0.164885 0)
(9.32568 0.161997 0)
(9.27568 0.159197 0)
(9.22331 0.155894 0)
(9.17108 0.153394 0)
(9.11724 0.150256 0)
(9.06298 0.147564 0)
(9.00747 0.145179 0)
(8.95043 0.142414 0)
(8.89294 0.140677 0)
(8.83368 0.138048 0)
(8.77344 0.136794 0)
(8.71171 0.135319 0)
(8.64706 0.134939 0)
(8.58241 0.134662 0)
(8.51239 0.135167 0)
(8.44343 0.13651 0)
(8.36711 0.138587 0)
(8.29052 0.142099 0)
(8.20696 0.146208 0)
(8.11937 0.153048 0)
(8.02578 0.160739 0)
(7.92325 0.17138 0)
(7.81487 0.183502 0)
(7.69341 0.198977 0)
(7.56341 0.217596 0)
(7.41717 0.240352 0)
(7.25646 0.26718 0)
(7.07707 0.299163 0)
(6.87617 0.336314 0)
(6.65282 0.380153 0)
(6.40038 0.429481 0)
(6.11944 0.485635 0)
(5.80225 0.546088 0)
(5.4486 0.611483 0)
(5.05356 0.68101 0)
(4.61859 0.745528 0)
(4.13299 0.795517 0)
(3.59694 0.810112 0)
(3.00405 0.762028 0)
(2.31776 0.658737 0)
(1.47142 0.531115 0)
(0.375285 0.395857 0)
(-0.91687 0.224724 0)
(-2.11591 -0.0583588 0)
(-2.83149 -0.372757 0)
(10.0001 0.0266983 0)
(10.0168 0.0697896 0)
(10.0428 0.0998048 0)
(10.0748 0.117456 0)
(10.1083 0.126724 0)
(10.1396 0.131739 0)
(10.1672 0.135777 0)
(10.1913 0.140116 0)
(10.213 0.145139 0)
(10.2335 0.150108 0)
(10.2537 0.154547 0)
(10.2738 0.158392 0)
(10.2939 0.16118 0)
(10.3139 0.163631 0)
(10.3333 0.165431 0)
(10.3522 0.167043 0)
(10.3704 0.168554 0)
(10.3878 0.169669 0)
(10.4044 0.171076 0)
(10.4203 0.171831 0)
(10.4355 0.17284 0)
(10.4498 0.17347 0)
(10.4633 0.17388 0)
(10.476 0.174411 0)
(10.4877 0.174289 0)
(10.4988 0.174614 0)
(10.5084 0.174223 0)
(10.5178 0.173966 0)
(10.5254 0.173554 0)
(10.5326 0.172875 0)
(10.5386 0.172114 0)
(10.5431 0.171302 0)
(10.5474 0.170421 0)
(10.5491 0.169358 0)
(10.5514 0.168448 0)
(10.5503 0.167168 0)
(10.55 0.166379 0)
(10.547 0.164753 0)
(10.5431 0.164012 0)
(10.5385 0.162977 0)
(10.5304 0.162117 0)
(10.5239 0.161566 0)
(10.5116 0.161229 0)
(10.5016 0.161052 0)
(10.4864 0.161678 0)
(10.4714 0.161683 0)
(10.4542 0.163509 0)
(10.4321 0.165394 0)
(10.412 0.167898 0)
(10.3827 0.172525 0)
(10.3578 0.176099 0)
(10.3222 0.183706 0)
(10.2884 0.190122 0)
(10.2476 0.200647 0)
(10.202 0.212476 0)
(10.1544 0.227186 0)
(10.0946 0.245466 0)
(10.0363 0.265694 0)
(9.962 0.292036 0)
(9.88821 0.321792 0)
(9.79692 0.358488 0)
(9.70165 0.400978 0)
(9.58924 0.450148 0)
(9.46854 0.508443 0)
(9.32923 0.573742 0)
(9.1779 0.649413 0)
(9.00388 0.732136 0)
(8.81602 0.823401 0)
(8.59865 0.920864 0)
(8.36572 1.02078 0)
(8.09408 1.11663 0)
(7.7965 1.19565 0)
(7.43567 1.245 0)
(7.02009 1.25677 0)
(6.50886 1.24175 0)
(5.91714 1.25311 0)
(5.2298 1.29299 0)
(4.45569 1.38674 0)
(3.57138 1.37254 0)
(2.56333 1.20298 0)
(10.0001 0.0187825 0)
(10.0102 0.0526807 0)
(10.0277 0.0805609 0)
(10.0512 0.101135 0)
(10.0779 0.114636 0)
(10.1054 0.122938 0)
(10.1318 0.128254 0)
(10.1565 0.132234 0)
(10.1797 0.136074 0)
(10.2018 0.139894 0)
(10.2239 0.143597 0)
(10.246 0.147024 0)
(10.2687 0.149766 0)
(10.2919 0.152032 0)
(10.3153 0.153813 0)
(10.3389 0.155054 0)
(10.3623 0.156322 0)
(10.3859 0.157094 0)
(10.4092 0.158038 0)
(10.4324 0.158766 0)
(10.4555 0.159179 0)
(10.4785 0.160145 0)
(10.5012 0.159963 0)
(10.5238 0.160902 0)
(10.5461 0.160667 0)
(10.568 0.160874 0)
(10.5899 0.161244 0)
(10.6108 0.16029 0)
(10.6323 0.161251 0)
(10.6518 0.15979 0)
(10.6728 0.160339 0)
(10.6912 0.159554 0)
(10.7109 0.159079 0)
(10.7282 0.159302 0)
(10.7458 0.158136 0)
(10.7625 0.158606 0)
(10.7771 0.157943 0)
(10.7936 0.157751 0)
(10.8049 0.157774 0)
(10.8209 0.157987 0)
(10.8288 0.158041 0)
(10.843 0.15945 0)
(10.8485 0.159549 0)
(10.8587 0.161982 0)
(10.8626 0.163424 0)
(10.868 0.165721 0)
(10.8711 0.169573 0)
(10.8706 0.172849 0)
(10.871 0.1788 0)
(10.8647 0.184991 0)
(10.8613 0.192397 0)
(10.8496 0.202861 0)
(10.8399 0.212696 0)
(10.8241 0.228083 0)
(10.806 0.24334 0)
(10.785 0.26438 0)
(10.7564 0.286751 0)
(10.7283 0.314301 0)
(10.6913 0.346366 0)
(10.6524 0.384125 0)
(10.6064 0.428762 0)
(10.5535 0.478889 0)
(10.4967 0.53852 0)
(10.4307 0.604814 0)
(10.3607 0.682196 0)
(10.2806 0.767985 0)
(10.1943 0.863258 0)
(10.0993 0.967979 0)
(9.99252 1.07894 0)
(9.87788 1.19442 0)
(9.73948 1.30947 0)
(9.58656 1.4138 0)
(9.38674 1.51102 0)
(9.15537 1.5872 0)
(8.85446 1.6732 0)
(8.50821 1.75455 0)
(8.08986 1.86333 0)
(7.60546 1.95049 0)
(7.02491 2.01296 0)
(6.34286 2.0133 0)
(10 0.0133307 0)
(10.007 0.0384892 0)
(10.0195 0.0602908 0)
(10.0371 0.0778472 0)
(10.0584 0.0903373 0)
(10.0818 0.0987593 0)
(10.1057 0.104238 0)
(10.1292 0.107842 0)
(10.152 0.11114 0)
(10.1741 0.113817 0)
(10.1961 0.116923 0)
(10.218 0.119663 0)
(10.2403 0.122163 0)
(10.2633 0.124584 0)
(10.2862 0.126032 0)
(10.31 0.127898 0)
(10.3334 0.128675 0)
(10.3574 0.129896 0)
(10.3811 0.13072 0)
(10.4047 0.131301 0)
(10.4289 0.132325 0)
(10.4522 0.132568 0)
(10.4765 0.133549 0)
(10.4996 0.133699 0)
(10.5238 0.134486 0)
(10.5466 0.134567 0)
(10.5703 0.135224 0)
(10.5929 0.135093 0)
(10.6162 0.135639 0)
(10.6384 0.135609 0)
(10.6607 0.135585 0)
(10.6831 0.136327 0)
(10.7039 0.135491 0)
(10.726 0.137152 0)
(10.7451 0.135954 0)
(10.7664 0.137753 0)
(10.7841 0.137397 0)
(10.804 0.138444 0)
(10.8206 0.139231 0)
(10.8393 0.140311 0)
(10.8537 0.141701 0)
(10.8709 0.143889 0)
(10.8832 0.145635 0)
(10.8974 0.149003 0)
(10.9083 0.152333 0)
(10.9184 0.155661 0)
(10.9292 0.162023 0)
(10.9343 0.166007 0)
(10.9431 0.175366 0)
(10.9438 0.182231 0)
(10.9489 0.193737 0)
(10.9459 0.205283 0)
(10.9461 0.219129 0)
(10.9402 0.236426 0)
(10.9347 0.255707 0)
(10.9244 0.279476 0)
(10.9108 0.306169 0)
(10.8963 0.336909 0)
(10.8776 0.373579 0)
(10.857 0.415454 0)
(10.8318 0.46435 0)
(10.8032 0.519656 0)
(10.7726 0.583067 0)
(10.7377 0.655108 0)
(10.7029 0.736984 0)
(10.6601 0.827808 0)
(10.6221 0.928496 0)
(10.5717 1.03878 0)
(10.5291 1.15458 0)
(10.4687 1.28073 0)
(10.4115 1.40288 0)
(10.3312 1.53345 0)
(10.2375 1.65597 0)
(10.1204 1.78452 0)
(9.95985 1.91544 0)
(9.78586 2.05193 0)
(9.53549 2.19554 0)
(9.27555 2.33428 0)
(8.91629 2.46822 0)
(8.5322 2.58114 0)
(10.0001 0.00963148 0)
(10.0052 0.0280539 0)
(10.015 0.0445843 0)
(10.029 0.0588064 0)
(10.0464 0.0696157 0)
(10.0667 0.0776394 0)
(10.0881 0.0830312 0)
(10.1104 0.0867277 0)
(10.1324 0.0897543 0)
(10.1543 0.0920636 0)
(10.1762 0.0945573 0)
(10.1978 0.0968543 0)
(10.2199 0.0989934 0)
(10.2423 0.101207 0)
(10.265 0.102642 0)
(10.2882 0.104349 0)
(10.3114 0.105417 0)
(10.335 0.106165 0)
(10.3588 0.107547 0)
(10.3819 0.107521 0)
(10.4064 0.108924 0)
(10.4293 0.109066 0)
(10.4537 0.109773 0)
(10.477 0.110703 0)
(10.5003 0.110468 0)
(10.5246 0.111991 0)
(10.5463 0.111594 0)
(10.5713 0.112462 0)
(10.5923 0.113002 0)
(10.6166 0.112978 0)
(10.638 0.113858 0)
(10.6609 0.114205 0)
(10.6827 0.114422 0)
(10.7038 0.116044 0)
(10.7251 0.115547 0)
(10.7453 0.11777 0)
(10.765 0.118271 0)
(10.7842 0.119346 0)
(10.803 0.121843 0)
(10.8209 0.122507 0)
(10.8385 0.125831 0)
(10.854 0.128091 0)
(10.8711 0.131099 0)
(10.8829 0.135954 0)
(10.8991 0.139624 0)
(10.9074 0.145138 0)
(10.9233 0.152196 0)
(10.9283 0.158236 0)
(10.9416 0.168942 0)
(10.9438 0.177447 0)
(10.9531 0.191252 0)
(10.9526 0.20412 0)
(10.9574 0.220982 0)
(10.9557 0.239115 0)
(10.9563 0.261948 0)
(10.9507 0.287134 0)
(10.9445 0.317114 0)
(10.936 0.349839 0)
(10.9281 0.389353 0)
(10.914 0.433583 0)
(10.904 0.485208 0)
(10.8816 0.542991 0)
(10.8715 0.608492 0)
(10.8455 0.683575 0)
(10.8345 0.766 0)
(10.8048 0.860262 0)
(10.7933 0.961285 0)
(10.7612 1.07322 0)
(10.7483 1.19324 0)
(10.7133 1.31997 0)
(10.6902 1.45405 0)
(10.6475 1.59425 0)
(10.6039 1.73593 0)
(10.5395 1.89338 0)
(10.4657 2.04342 0)
(10.3572 2.21944 0)
(10.242 2.38405 0)
(10.0724 2.57219 0)
(9.90046 2.74828 0)
(9.65729 2.932 0)
(10.0001 0.00694678 0)
(10.0042 0.020108 0)
(10.0124 0.0322754 0)
(10.0242 0.0433451 0)
(10.0392 0.0517101 0)
(10.0571 0.0589575 0)
(10.0765 0.0633903 0)
(10.0976 0.0671397 0)
(10.1188 0.069705 0)
(10.1402 0.0714315 0)
(10.1621 0.0738664 0)
(10.1833 0.0749072 0)
(10.2057 0.0774549 0)
(10.2272 0.0785387 0)
(10.2502 0.0801941 0)
(10.2726 0.0817296 0)
(10.2957 0.0821601 0)
(10.3193 0.0838124 0)
(10.3423 0.083837 0)
(10.3662 0.0850695 0)
(10.3895 0.0853398 0)
(10.4135 0.0860496 0)
(10.4365 0.0867493 0)
(10.4609 0.0871651 0)
(10.4833 0.0878046 0)
(10.508 0.0885988 0)
(10.5295 0.0889076 0)
(10.5542 0.0896704 0)
(10.5759 0.0904646 0)
(10.5989 0.09067 0)
(10.6218 0.0920211 0)
(10.6433 0.092083 0)
(10.6664 0.0937101 0)
(10.6866 0.0943661 0)
(10.7089 0.0955674 0)
(10.7286 0.097366 0)
(10.749 0.0989279 0)
(10.7677 0.100389 0)
(10.788 0.103471 0)
(10.8048 0.105144 0)
(10.8245 0.108744 0)
(10.8389 0.112474 0)
(10.8583 0.115242 0)
(10.8693 0.122968 0)
(10.8875 0.12508 0)
(10.8957 0.134551 0)
(10.914 0.140285 0)
(10.9194 0.1495 0)
(10.9346 0.160566 0)
(10.9391 0.170457 0)
(10.9491 0.185883 0)
(10.953 0.200569 0)
(10.9573 0.218266 0)
(10.9625 0.239264 0)
(10.9633 0.262005 0)
(10.9649 0.29113 0)
(10.96 0.320485 0)
(10.9595 0.357381 0)
(10.954 0.396278 0)
(10.9519 0.443779 0)
(10.9419 0.496046 0)
(10.937 0.555086 0)
(10.9242 0.623026 0)
(10.9227 0.696504 0)
(10.9059 0.782745 0)
(10.9064 0.873848 0)
(10.8864 0.977701 0)
(10.8882 1.08917 0)
(10.8689 1.20863 0)
(10.8644 1.34211 0)
(10.8471 1.4761 0)
(10.8261 1.62845 0)
(10.8081 1.78126 0)
(10.7641 1.94858 0)
(10.7314 2.12448 0)
(10.6612 2.30822 0)
(10.5975 2.50656 0)
(10.4969 2.70887 0)
(10.393 2.92518 0)
(10.2537 3.13035 0)
(10.0001 0.00480138 0)
(10.0035 0.0134855 0)
(10.0111 0.0220703 0)
(10.0213 0.029874 0)
(10.0349 0.0357791 0)
(10.0511 0.0414289 0)
(10.069 0.0445825 0)
(10.0892 0.0478865 0)
(10.1094 0.0497243 0)
(10.1306 0.0510311 0)
(10.1522 0.053025 0)
(10.1734 0.0533641 0)
(10.1957 0.055646 0)
(10.2171 0.0562062 0)
(10.2398 0.0574024 0)
(10.2625 0.0590485 0)
(10.2844 0.0587389 0)
(10.3092 0.0608601 0)
(10.3304 0.0603469 0)
(10.3557 0.061575 0)
(10.3779 0.0622332 0)
(10.4022 0.0619952 0)
(10.4258 0.0638699 0)
(10.4484 0.0631812 0)
(10.4734 0.0646337 0)
(10.4953 0.0652702 0)
(10.5191 0.0654219 0)
(10.5422 0.0669503 0)
(10.5648 0.0672552 0)
(10.5875 0.0681921 0)
(10.6105 0.0696514 0)
(10.6319 0.0698269 0)
(10.6557 0.0721781 0)
(10.6749 0.0728698 0)
(10.6987 0.0745029 0)
(10.7175 0.0771792 0)
(10.7386 0.0783701 0)
(10.7576 0.0815956 0)
(10.778 0.0840265 0)
(10.7953 0.0873793 0)
(10.8157 0.0911093 0)
(10.8296 0.0956994 0)
(10.8521 0.0994549 0)
(10.8603 0.107876 0)
(10.8831 0.110707 0)
(10.8882 0.121903 0)
(10.9122 0.127499 0)
(10.914 0.139113 0)
(10.9353 0.15007 0)
(10.937 0.161651 0)
(10.9533 0.178418 0)
(10.9558 0.193604 0)
(10.9642 0.2139 0)
(10.9723 0.234496 0)
(10.9753 0.260409 0)
(10.9833 0.288598 0)
(10.978 0.321313 0)
(10.9873 0.35743 0)
(10.981 0.399252 0)
(10.9922 0.445861 0)
(10.9806 0.500613 0)
(10.9909 0.558998 0)
(10.9776 0.627598 0)
(10.9929 0.701851 0)
(10.9771 0.785545 0)
(10.9934 0.879567 0)
(10.9789 0.979301 0)
(10.9919 1.0928 0)
(10.9842 1.21397 0)
(10.9884 1.34371 0)
(10.9836 1.49097 0)
(10.9774 1.6367 0)
(10.9664 1.80996 0)
(10.9497 1.97684 0)
(10.9202 2.17259 0)
(10.8887 2.36624 0)
(10.8326 2.58247 0)
(10.7802 2.80286 0)
(10.6919 3.03147 0)
(10.6158 3.27398 0)
(10.0001 0.00307226 0)
(10.0031 0.00732097 0)
(10.0106 0.013277 0)
(10.0195 0.0173981 0)
(10.0325 0.0210885 0)
(10.0474 0.0248858 0)
(10.0645 0.0260945 0)
(10.0842 0.0294804 0)
(10.1032 0.0293087 0)
(10.1251 0.03133 0)
(10.1453 0.0318337 0)
(10.1677 0.0321204 0)
(10.189 0.0341989 0)
(10.2108 0.0333979 0)
(10.2334 0.0356118 0)
(10.2556 0.0354412 0)
(10.2781 0.0361822 0)
(10.3019 0.0374795 0)
(10.3241 0.0367316 0)
(10.3482 0.0387387 0)
(10.3715 0.0380505 0)
(10.3946 0.0391126 0)
(10.4196 0.0400182 0)
(10.4406 0.0397195 0)
(10.4674 0.0414543 0)
(10.4875 0.0415388 0)
(10.513 0.0424012 0)
(10.5349 0.0439341 0)
(10.5583 0.0438346 0)
(10.5807 0.0461713 0)
(10.6037 0.0465443 0)
(10.6259 0.0480089 0)
(10.6488 0.0503679 0)
(10.6693 0.050883 0)
(10.6921 0.0541743 0)
(10.7129 0.0556377 0)
(10.7321 0.0587529 0)
(10.7536 0.0615218 0)
(10.7723 0.0651517 0)
(10.792 0.0684021 0)
(10.8112 0.0738017 0)
(10.8269 0.0776745 0)
(10.8495 0.0837454 0)
(10.8588 0.091448 0)
(10.8821 0.0957964 0)
(10.8887 0.108196 0)
(10.9132 0.11332 0)
(10.9171 0.127553 0)
(10.9385 0.137672 0)
(10.9442 0.151595 0)
(10.9594 0.168479 0)
(10.9683 0.18514 0)
(10.9729 0.20577 0)
(10.9917 0.228426 0)
(10.9892 0.253763 0)
(11.0102 0.284266 0)
(10.9992 0.315908 0)
(11.0214 0.355174 0)
(11.0135 0.394133 0)
(11.0354 0.445653 0)
(11.0273 0.49483 0)
(11.0436 0.558778 0)
(11.0416 0.622186 0)
(11.0576 0.698063 0)
(11.0596 0.781977 0)
(11.0754 0.869721 0)
(11.077 0.977168 0)
(11.0976 1.08044 0)
(11.0966 1.20988 0)
(11.122 1.33685 0)
(11.1119 1.48579 0)
(11.1398 1.64092 0)
(11.1158 1.81326 0)
(11.14 1.99577 0)
(11.0963 2.19552 0)
(11.1092 2.40708 0)
(11.0379 2.6305 0)
(11.0329 2.87227 0)
(10.9288 3.11173 0)
(10.8984 3.36655 0)
(9.99994 0.00137372 0)
(10.0032 0.00158576 0)
(10.0105 0.00523805 0)
(10.0186 0.00537747 0)
(10.0314 0.00731887 0)
(10.0456 0.0086058 0)
(10.0624 0.00829702 0)
(10.082 0.0111916 0)
(10.0999 0.0090754 0)
(10.1227 0.0117951 0)
(10.1417 0.010564 0)
(10.1649 0.011213 0)
(10.1863 0.0126984 0)
(10.2069 0.0108574 0)
(10.2317 0.0138797 0)
(10.2509 0.0119628 0)
(10.2766 0.0136757 0)
(10.2973 0.0141498 0)
(10.3219 0.0132132 0)
(10.3446 0.015814 0)
(10.3684 0.0140673 0)
(10.3916 0.0161077 0)
(10.4165 0.0163426 0)
(10.4373 0.0161444 0)
(10.4651 0.0184935 0)
(10.4838 0.0175316 0)
(10.5108 0.019816 0)
(10.5319 0.0202518 0)
(10.5553 0.0212504 0)
(10.5795 0.0230795 0)
(10.5994 0.0243385 0)
(10.6261 0.0252469 0)
(10.6446 0.0291434 0)
(10.6695 0.0281711 0)
(10.6891 0.034143 0)
(10.7129 0.0335606 0)
(10.7301 0.0390215 0)
(10.7545 0.0412989 0)
(10.7704 0.0452272 0)
(10.7948 0.0502957 0)
(10.8096 0.0542077 0)
(10.8313 0.0609848 0)
(10.8493 0.0656048 0)
(10.8646 0.0753747 0)
(10.8835 0.0792747 0)
(10.8966 0.0937415 0)
(10.9167 0.0974908 0)
(10.9274 0.115255 0)
(10.9454 0.122812 0)
(10.9563 0.141221 0)
(10.9724 0.15487 0)
(10.9818 0.175987 0)
(10.9928 0.193473 0)
(11.008 0.221029 0)
(11.0177 0.242469 0)
(11.0304 0.27741 0)
(11.0382 0.306002 0)
(11.0463 0.347374 0)
(11.0646 0.386721 0)
(11.0688 0.434514 0)
(11.0902 0.489642 0)
(11.0901 0.542798 0)
(11.1152 0.617521 0)
(11.123 0.679237 0)
(11.1437 0.772886 0)
(11.1645 0.85135 0)
(11.1733 0.961373 0)
(11.2118 1.06266 0)
(11.2105 1.19211 0)
(11.2608 1.318 0)
(11.2502 1.47184 0)
(11.3027 1.62711 0)
(11.2836 1.80643 0)
(11.3291 1.9963 0)
(11.2949 2.20473 0)
(11.3248 2.42778 0)
(11.2662 2.66928 0)
(11.2725 2.91512 0)
(11.1788 3.18778 0)
(11.1489 3.4456 0)
(9.99953 -0.000553383 0)
(10.0038 -0.00394328 0)
(10.0107 -0.00230242 0)
(10.0183 -0.00696354 0)
(10.0319 -0.00548276 0)
(10.0448 -0.00821417 0)
(10.0635 -0.0085423 0)
(10.081 -0.00747738 0)
(10.1007 -0.0109614 0)
(10.1221 -0.0074285 0)
(10.1421 -0.0113626 0)
(10.1649 -0.00871607 0)
(10.1864 -0.00977029 0)
(10.2069 -0.0109013 0)
(10.2324 -0.00810067 0)
(10.2503 -0.0118336 0)
(10.2778 -0.0079127 0)
(10.2968 -0.0104588 0)
(10.3226 -0.00899826 0)
(10.3454 -0.00817107 0)
(10.3676 -0.00942347 0)
(10.3942 -0.00685257 0)
(10.4144 -0.00788251 0)
(10.4409 -0.00683416 0)
(10.4628 -0.00500563 0)
(10.4875 -0.00639484 0)
(10.5092 -0.00271724 0)
(10.5354 -0.00383109 0)
(10.5541 -0.00137583 0)
(10.5835 0.000283944 0)
(10.5982 0.000668936 0)
(10.6309 0.00444736 0)
(10.6435 0.00478844 0)
(10.6749 0.00850496 0)
(10.6889 0.0104325 0)
(10.7185 0.0142564 0)
(10.7312 0.0162119 0)
(10.7605 0.0228567 0)
(10.7727 0.02292 0)
(10.8014 0.0332537 0)
(10.8135 0.0326443 0)
(10.8381 0.0447959 0)
(10.8563 0.0456997 0)
(10.8708 0.0592761 0)
(10.8949 0.0611832 0)
(10.9022 0.0785069 0)
(10.9327 0.0805868 0)
(10.9333 0.101122 0)
(10.9667 0.107579 0)
(10.963 0.127149 0)
(10.9997 0.14229 0)
(10.9904 0.160406 0)
(11.0259 0.183816 0)
(11.0215 0.204762 0)
(11.0553 0.234798 0)
(11.0527 0.259494 0)
(11.0796 0.299521 0)
(11.0802 0.328213 0)
(11.1104 0.379128 0)
(11.1173 0.416114 0)
(11.1414 0.475655 0)
(11.1554 0.527271 0)
(11.1761 0.595357 0)
(11.2036 0.664323 0)
(11.2215 0.744919 0)
(11.26 0.832134 0)
(11.2725 0.92973 0)
(11.3254 1.03948 0)
(11.334 1.15631 0)
(11.398 1.29426 0)
(11.4 1.43555 0)
(11.4703 1.60482 0)
(11.4617 1.77996 0)
(11.5314 1.9799 0)
(11.5049 2.19842 0)
(11.5596 2.43113 0)
(11.5107 2.6878 0)
(11.5249 2.95944 0)
(11.4601 3.24067 0)
(11.396 3.53038 0)
(9.99913 -0.0030134 0)
(10.0047 -0.0088458 0)
(10.0113 -0.0103429 0)
(10.0181 -0.019542 0)
(10.0342 -0.0181341 0)
(10.0448 -0.0259102 0)
(10.0674 -0.0245199 0)
(10.0817 -0.0273947 0)
(10.1043 -0.0301085 0)
(10.1247 -0.0274813 0)
(10.1444 -0.032974 0)
(10.1697 -0.028713 0)
(10.1874 -0.0327419 0)
(10.2126 -0.0320722 0)
(10.2335 -0.0310391 0)
(10.2556 -0.0348208 0)
(10.2802 -0.030336 0)
(10.3016 -0.0346295 0)
(10.3253 -0.0315133 0)
(10.351 -0.0322178 0)
(10.3693 -0.0329821 0)
(10.4014 -0.029705 0)
(10.4151 -0.0329223 0)
(10.4488 -0.0285352 0)
(10.4643 -0.0307067 0)
(10.494 -0.0279927 0)
(10.5133 -0.0279764 0)
(10.5399 -0.0257616 0)
(10.5606 -0.0260735 0)
(10.587 -0.0214063 0)
(10.6057 -0.0240163 0)
(10.6348 -0.0162646 0)
(10.6516 -0.0198571 0)
(10.679 -0.0119215 0)
(10.6988 -0.012618 0)
(10.7213 -0.00733766 0)
(10.7443 -0.00420455 0)
(10.7618 9.24106e-05 0)
(10.7887 0.00468186 0)
(10.8026 0.0105279 0)
(10.8315 0.0155239 0)
(10.8399 0.0228343 0)
(10.8768 0.0300047 0)
(10.8725 0.0370101 0)
(10.919 0.0478479 0)
(10.9046 0.0558383 0)
(10.9594 0.0693311 0)
(10.9394 0.0784672 0)
(10.994 0.0976487 0)
(10.9749 0.104787 0)
(11.0273 0.133461 0)
(11.0094 0.138004 0)
(11.055 0.175244 0)
(11.0492 0.183964 0)
(11.0849 0.2231 0)
(11.0912 0.242184 0)
(11.1118 0.282017 0)
(11.1295 0.314135 0)
(11.1492 0.356873 0)
(11.1754 0.401503 0)
(11.1919 0.449932 0)
(11.2229 0.508164 0)
(11.2415 0.567059 0)
(11.2822 0.63922 0)
(11.3046 0.711475 0)
(11.3533 0.801326 0)
(11.3757 0.88974 0)
(11.4397 1.00204 0)
(11.4602 1.11218 0)
(11.5383 1.24974 0)
(11.5564 1.39094 0)
(11.6396 1.55927 0)
(11.6584 1.73667 0)
(11.7299 1.94683 0)
(11.7518 2.16688 0)
(11.7852 2.41649 0)
(11.807 2.69951 0)
(11.7803 2.96599 0)
(11.7768 3.31853 0)
(11.6882 3.59803 0)
(9.99878 -0.00632496 0)
(10.0063 -0.0130183 0)
(10.0106 -0.0197182 0)
(10.0204 -0.0322627 0)
(10.0356 -0.0313962 0)
(10.0488 -0.0444151 0)
(10.0716 -0.0401187 0)
(10.0865 -0.0486802 0)
(10.1098 -0.0484045 0)
(10.1314 -0.048575 0)
(10.1494 -0.054399 0)
(10.1785 -0.0486597 0)
(10.1908 -0.0569994 0)
(10.2229 -0.0518584 0)
(10.237 -0.0561777 0)
(10.2655 -0.0560546 0)
(10.2858 -0.0544759 0)
(10.3094 -0.0579426 0)
(10.3339 -0.0545781 0)
(10.3567 -0.0563618 0)
(10.3798 -0.0565637 0)
(10.4064 -0.0527938 0)
(10.4261 -0.0582754 0)
(10.4542 -0.0501387 0)
(10.4755 -0.0569095 0)
(10.4993 -0.0499318 0)
(10.5261 -0.0525588 0)
(10.5437 -0.0499724 0)
(10.5759 -0.047803 0)
(10.5895 -0.0477178 0)
(10.6231 -0.0437628 0)
(10.6369 -0.0430654 0)
(10.6699 -0.0389805 0)
(10.6819 -0.038268 0)
(10.7175 -0.0311918 0)
(10.7249 -0.0334093 0)
(10.7642 -0.0219122 0)
(10.7664 -0.0257308 0)
(10.809 -0.0118874 0)
(10.8097 -0.0149925 0)
(10.8508 -0.000280685 0)
(10.8516 -0.00172638 0)
(10.8935 0.0147442 0)
(10.8899 0.0132431 0)
(10.934 0.0332538 0)
(10.9276 0.0333197 0)
(10.9729 0.0542552 0)
(10.9686 0.0587345 0)
(11.0067 0.0798155 0)
(11.0102 0.0892546 0)
(11.0409 0.1122 0)
(11.0497 0.125508 0)
(11.0736 0.151653 0)
(11.0921 0.172937 0)
(11.1108 0.197526 0)
(11.1366 0.230437 0)
(11.1477 0.255149 0)
(11.179 0.299293 0)
(11.1958 0.329254 0)
(11.2303 0.382079 0)
(11.2491 0.418889 0)
(11.2898 0.484374 0)
(11.3075 0.529753 0)
(11.3656 0.609014 0)
(11.3826 0.668798 0)
(11.4534 0.759837 0)
(11.4751 0.842344 0)
(11.5558 0.94917 0)
(11.5901 1.05767 0)
(11.6742 1.18746 0)
(11.7256 1.33228 0)
(11.8023 1.48781 0)
(11.874 1.68567 0)
(11.9323 1.87034 0)
(12.0128 2.13405 0)
(12.0439 2.36631 0)
(12.1031 2.67709 0)
(12.1033 2.9986 0)
(12.0955 3.31815 0)
(12.0463 3.72533 0)
(9.99722 -0.0105279 0)
(10.0099 -0.0161881 0)
(10.0082 -0.0323916 0)
(10.0258 -0.0438872 0)
(10.0373 -0.0478646 0)
(10.0562 -0.0621121 0)
(10.0785 -0.0574201 0)
(10.0937 -0.0702619 0)
(10.1208 -0.06632 0)
(10.1386 -0.0711386 0)
(10.162 -0.074283 0)
(10.1864 -0.0707106 0)
(10.2028 -0.0797469 0)
(10.2323 -0.0731671 0)
(10.2489 -0.0807592 0)
(10.2751 -0.0775041 0)
(10.2996 -0.0790361 0)
(10.3172 -0.0809263 0)
(10.3505 -0.0776088 0)
(10.3627 -0.0816637 0)
(10.398 -0.0778312 0)
(10.4126 -0.0797448 0)
(10.4434 -0.079068 0)
(10.4628 -0.0770546 0)
(10.4909 -0.078458 0)
(10.5103 -0.0761531 0)
(10.5409 -0.0744377 0)
(10.5555 -0.0762926 0)
(10.5916 -0.0689128 0)
(10.6015 -0.0745851 0)
(10.6392 -0.0641358 0)
(10.6508 -0.069521 0)
(10.6842 -0.0598897 0)
(10.6998 -0.0628169 0)
(10.7293 -0.0535033 0)
(10.7465 -0.0558816 0)
(10.7744 -0.0448928 0)
(10.7915 -0.0469791 0)
(10.8178 -0.0347331 0)
(10.8387 -0.0351739 0)
(10.8578 -0.023315 0)
(10.8854 -0.0201133 0)
(10.8985 -0.00931093 0)
(10.9277 -0.00254919 0)
(10.9403 0.00765531 0)
(10.9668 0.0201591 0)
(10.9829 0.0271616 0)
(11.0078 0.0478808 0)
(11.0218 0.0512673 0)
(11.0502 0.0797584 0)
(11.0609 0.0830626 0)
(11.091 0.115218 0)
(11.101 0.123466 0)
(11.1343 0.159826 0)
(11.1447 0.170309 0)
(11.183 0.214426 0)
(11.1874 0.225969 0)
(11.2334 0.280734 0)
(11.2417 0.297095 0)
(11.2914 0.357422 0)
(11.3061 0.385496 0)
(11.3565 0.449714 0)
(11.3812 0.493826 0)
(11.438 0.563909 0)
(11.4765 0.625812 0)
(11.5348 0.703988 0)
(11.5932 0.7902 0)
(11.6532 0.879712 0)
(11.7351 0.995251 0)
(11.7984 1.10572 0)
(11.9028 1.25399 0)
(11.9682 1.40547 0)
(12.0872 1.58513 0)
(12.1595 1.8077 0)
(12.2691 2.02349 0)
(12.3413 2.32508 0)
(12.4213 2.62264 0)
(12.4525 2.96246 0)
(12.4899 3.39206 0)
(12.4196 3.74719 0)
(9.99687 -0.0157008 0)
(10.0109 -0.0197827 0)
(10.0088 -0.0482449 0)
(10.0308 -0.0558706 0)
(10.0445 -0.0674253 0)
(10.0652 -0.0799133 0)
(10.0917 -0.0763154 0)
(10.1036 -0.0924345 0)
(10.1386 -0.0835446 0)
(10.1483 -0.0958644 0)
(10.1816 -0.0917935 0)
(10.1965 -0.0960795 0)
(10.2215 -0.0996016 0)
(10.245 -0.0972566 0)
(10.2657 -0.103193 0)
(10.2911 -0.100227 0)
(10.3149 -0.102508 0)
(10.3352 -0.104157 0)
(10.3655 -0.0999897 0)
(10.3812 -0.107099 0)
(10.4135 -0.0984369 0)
(10.4314 -0.106861 0)
(10.4589 -0.0996101 0)
(10.4835 -0.103248 0)
(10.5046 -0.101459 0)
(10.5341 -0.0994048 0)
(10.5526 -0.100443 0)
(10.5821 -0.0971208 0)
(10.6022 -0.0963144 0)
(10.6299 -0.0946369 0)
(10.65 -0.0913331 0)
(10.6802 -0.089866 0)
(10.695 -0.0860596 0)
(10.7309 -0.0835268 0)
(10.7399 -0.0792021 0)
(10.7791 -0.0756338 0)
(10.7859 -0.0714009 0)
(10.8248 -0.0646008 0)
(10.8311 -0.0627327 0)
(10.872 -0.050436 0)
(10.8736 -0.0523293 0)
(10.9187 -0.0338347 0)
(10.9169 -0.0387365 0)
(10.9611 -0.0155076 0)
(10.9623 -0.0209719 0)
(11.0002 0.00597651 0)
(11.0085 0.0011203 0)
(11.0418 0.0308549 0)
(11.0514 0.0280055 0)
(11.0853 0.0602126 0)
(11.0944 0.0606955 0)
(11.1283 0.0947275 0)
(11.1401 0.101032 0)
(11.1732 0.136439 0)
(11.1905 0.148379 0)
(11.2225 0.186695 0)
(11.243 0.20371 0)
(11.2747 0.247401 0)
(11.308 0.273056 0)
(11.3343 0.316925 0)
(11.3858 0.357312 0)
(11.4047 0.401716 0)
(11.472 0.458062 0)
(11.4991 0.507973 0)
(11.5755 0.578296 0)
(11.6157 0.638382 0)
(11.7042 0.727266 0)
(11.7585 0.802937 0)
(11.8644 0.912641 0)
(11.9369 1.01342 0)
(12.0601 1.15812 0)
(12.1492 1.27901 0)
(12.2981 1.50104 0)
(12.3835 1.63434 0)
(12.5667 1.96806 0)
(12.6204 2.15271 0)
(12.8079 2.56941 0)
(12.8315 2.91443 0)
(12.9167 3.32703 0)
(12.9307 3.8976 0)
(9.9981 -0.019146 0)
(10.0111 -0.0296435 0)
(10.0122 -0.0653245 0)
(10.0392 -0.072684 0)
(10.0561 -0.0900797 0)
(10.0809 -0.0989711 0)
(10.1089 -0.0996471 0)
(10.1224 -0.112691 0)
(10.1591 -0.105811 0)
(10.1679 -0.118418 0)
(10.2029 -0.113289 0)
(10.2164 -0.121286 0)
(10.2426 -0.120619 0)
(10.2668 -0.123398 0)
(10.2862 -0.124667 0)
(10.3151 -0.125247 0)
(10.3348 -0.125687 0)
(10.3606 -0.127358 0)
(10.3859 -0.12489 0)
(10.4063 -0.129494 0)
(10.4358 -0.123836 0)
(10.455 -0.129773 0)
(10.4833 -0.124618 0)
(10.5061 -0.126772 0)
(10.53 -0.126417 0)
(10.5573 -0.122748 0)
(10.5779 -0.125801 0)
(10.6061 -0.119854 0)
(10.628 -0.122169 0)
(10.6532 -0.116617 0)
(10.6778 -0.11732 0)
(10.7016 -0.111869 0)
(10.7253 -0.110951 0)
(10.7503 -0.106502 0)
(10.7729 -0.102507 0)
(10.7959 -0.0992576 0)
(10.8221 -0.0936918 0)
(10.839 -0.0881201 0)
(10.8701 -0.0843622 0)
(10.8844 -0.0739964 0)
(10.9143 -0.0723992 0)
(10.9305 -0.0590087 0)
(10.9583 -0.0556916 0)
(10.9733 -0.0434454 0)
(11.0047 -0.0343156 0)
(11.0129 -0.024927 0)
(11.0523 -0.00920002 0)
(11.0543 -0.002297 0)
(11.0981 0.0193618 0)
(11.0975 0.0248273 0)
(11.1451 0.0532533 0)
(11.1408 0.0567378 0)
(11.1964 0.0940552 0)
(11.1841 0.0954811 0)
(11.2553 0.139726 0)
(11.2321 0.144191 0)
(11.3157 0.190067 0)
(11.2898 0.204004 0)
(11.3832 0.251953 0)
(11.3602 0.270019 0)
(11.4643 0.330074 0)
(11.4428 0.344364 0)
(11.5591 0.426697 0)
(11.5486 0.43517 0)
(11.6741 0.540891 0)
(11.6809 0.546774 0)
(11.82 0.681818 0)
(11.8418 0.686957 0)
(12.0071 0.855435 0)
(12.0438 0.875839 0)
(12.2389 1.06467 0)
(12.3029 1.15093 0)
(12.5105 1.32214 0)
(12.6405 1.55742 0)
(12.7987 1.6918 0)
(13.0378 2.12645 0)
(13.0906 2.30094 0)
(13.3849 2.89037 0)
(13.343 3.26546 0)
(13.5171 3.8875 0)
(9.99462 -0.023175 0)
(10.018 -0.0447666 0)
(10.0186 -0.0860114 0)
(10.0568 -0.0940652 0)
(10.0763 -0.117152 0)
(10.106 -0.119883 0)
(10.1364 -0.12845 0)
(10.1495 -0.133021 0)
(10.1888 -0.135305 0)
(10.1938 -0.141652 0)
(10.2335 -0.142437 0)
(10.24 -0.14848 0)
(10.2759 -0.14764 0)
(10.2881 -0.152957 0)
(10.3231 -0.150263 0)
(10.3339 -0.154837 0)
(10.3746 -0.152129 0)
(10.3769 -0.15532 0)
(10.4271 -0.153167 0)
(10.4207 -0.156408 0)
(10.4771 -0.15227 0)
(10.4674 -0.158011 0)
(10.5242 -0.15062 0)
(10.5156 -0.157918 0)
(10.5702 -0.149355 0)
(10.5634 -0.155892 0)
(10.6162 -0.147409 0)
(10.6092 -0.152374 0)
(10.663 -0.145104 0)
(10.6531 -0.146133 0)
(10.7093 -0.142753 0)
(10.6966 -0.138738 0)
(10.7543 -0.136709 0)
(10.7384 -0.13402 0)
(10.7997 -0.125163 0)
(10.7767 -0.129696 0)
(10.8459 -0.112737 0)
(10.8136 -0.120248 0)
(10.8887 -0.101884 0)
(10.8544 -0.105986 0)
(10.9255 -0.0896445 0)
(10.8975 -0.090507 0)
(10.9618 -0.0728503 0)
(10.9365 -0.0736553 0)
(11.0027 -0.0529869 0)
(10.9709 -0.0524701 0)
(11.0467 -0.030881 0)
(11.0068 -0.0269408 0)
(11.0896 -0.00553415 0)
(11.0463 0.00198423 0)
(11.1342 0.0243098 0)
(11.0881 0.0349472 0)
(11.1842 0.0602331 0)
(11.1323 0.072393 0)
(11.2428 0.102919 0)
(11.1838 0.116301 0)
(11.3048 0.14959 0)
(11.2494 0.171222 0)
(11.3752 0.204199 0)
(11.3302 0.232595 0)
(11.4625 0.27284 0)
(11.4293 0.300943 0)
(11.5641 0.354139 0)
(11.5601 0.38761 0)
(11.6843 0.443057 0)
(11.7291 0.501043 0)
(11.8346 0.540923 0)
(11.9415 0.655539 0)
(12.0233 0.6524 0)
(12.2131 0.856737 0)
(12.266 0.808591 0)
(12.5442 1.09244 0)
(12.6025 1.08128 0)
(12.9213 1.35968 0)
(13.0708 1.5366 0)
(13.3265 1.76622 0)
(13.6313 2.21457 0)
(13.7481 2.53817 0)
(14.0901 3.21811 0)
(14.0639 3.83129 0)
(9.9903 -0.0305472 0)
(10.0275 -0.0651643 0)
(10.0344 -0.101337 0)
(10.0815 -0.114921 0)
(10.1112 -0.125161 0)
(10.1381 -0.132257 0)
(10.1788 -0.133705 0)
(10.1797 -0.141219 0)
(10.2304 -0.144845 0)
(10.2176 -0.149809 0)
(10.2728 -0.155616 0)
(10.2562 -0.1579 0)
(10.3131 -0.160357 0)
(10.2949 -0.164828 0)
(10.3563 -0.161008 0)
(10.3294 -0.169608 0)
(10.4006 -0.162061 0)
(10.3596 -0.17167 0)
(10.4422 -0.163863 0)
(10.3896 -0.17324 0)
(10.4773 -0.16382 0)
(10.4211 -0.175582 0)
(10.5064 -0.161943 0)
(10.4513 -0.176856 0)
(10.5324 -0.159811 0)
(10.4789 -0.176082 0)
(10.5547 -0.15712 0)
(10.5049 -0.173444 0)
(10.5729 -0.154037 0)
(10.529 -0.167924 0)
(10.5886 -0.150957 0)
(10.5498 -0.16081 0)
(10.603 -0.144272 0)
(10.5667 -0.15651 0)
(10.6172 -0.131375 0)
(10.5793 -0.153306 0)
(10.631 -0.116993 0)
(10.5911 -0.145203 0)
(10.6398 -0.104266 0)
(10.6091 -0.13219 0)
(10.6403 -0.0908233 0)
(10.6317 -0.116762 0)
(10.6416 -0.0747451 0)
(10.6498 -0.098582 0)
(10.6509 -0.0560448 0)
(10.6647 -0.0781881 0)
(10.6655 -0.0317401 0)
(10.684 -0.0576012 0)
(10.6818 -0.00176229 0)
(10.7104 -0.034752 0)
(10.7036 0.0316165 0)
(10.7444 -0.00782148 0)
(10.7361 0.071771 0)
(10.7857 0.0159743 0)
(10.7832 0.121975 0)
(10.8417 0.0444862 0)
(10.8362 0.166577 0)
(10.9285 0.0980674 0)
(10.8941 0.202232 0)
(11.0465 0.163157 0)
(10.9755 0.24892 0)
(11.1859 0.228183 0)
(11.0903 0.31 0)
(11.3578 0.307006 0)
(11.2424 0.384125 0)
(11.5668 0.388191 0)
(11.4566 0.496622 0)
(11.8052 0.456437 0)
(11.7558 0.664866 0)
(12.0834 0.535617 0)
(12.1507 0.868946 0)
(12.4453 0.692117 0)
(12.6336 1.07979 0)
(12.9511 1.00104 0)
(13.217 1.33148 0)
(13.639 1.50512 0)
(13.9329 1.80508 0)
(14.4722 2.33803 0)
(14.6925 2.85312 0)
(15.1751 3.88566 0)
(9.99398 -0.0629474 0)
(10.0392 -0.138357 0)
(10.063 -0.170599 0)
(10.109 -0.188391 0)
(10.1346 -0.181199 0)
(10.1486 -0.189193 0)
(10.1679 -0.185283 0)
(10.1521 -0.191231 0)
(10.1732 -0.197323 0)
(10.1418 -0.194432 0)
(10.1636 -0.205651 0)
(10.1225 -0.196293 0)
(10.1445 -0.205902 0)
(10.0937 -0.197704 0)
(10.1191 -0.202011 0)
(10.0533 -0.198532 0)
(10.0869 -0.198515 0)
(10.0026 -0.196986 0)
(10.0467 -0.1966 0)
(9.94529 -0.1934 0)
(9.99723 -0.194781 0)
(9.88331 -0.189086 0)
(9.93897 -0.191905 0)
(9.817 -0.184354 0)
(9.87338 -0.187842 0)
(9.74712 -0.179278 0)
(9.8006 -0.18228 0)
(9.67601 -0.173853 0)
(9.72071 -0.175623 0)
(9.60477 -0.166632 0)
(9.63612 -0.169541 0)
(9.53224 -0.156307 0)
(9.55087 -0.163853 0)
(9.45588 -0.144431 0)
(9.4706 -0.156267 0)
(9.37299 -0.132404 0)
(9.39902 -0.146666 0)
(9.28602 -0.118632 0)
(9.33322 -0.136461 0)
(9.20479 -0.103011 0)
(9.2653 -0.124677 0)
(9.13914 -0.0862511 0)
(9.19332 -0.111685 0)
(9.08995 -0.0655286 0)
(9.12487 -0.101313 0)
(9.05012 -0.0385757 0)
(9.07635 -0.0910834 0)
(9.00765 -0.0118369 0)
(9.05965 -0.0739203 0)
(8.96644 0.0126951 0)
(9.06348 -0.0542168 0)
(8.95295 0.0454205 0)
(9.07554 -0.0406575 0)
(8.95984 0.0860157 0)
(9.13671 -0.0239554 0)
(8.9644 0.12208 0)
(9.23787 0.00110222 0)
(9.0293 0.16466 0)
(9.31674 0.0180375 0)
(9.17349 0.227579 0)
(9.4413 0.032289 0)
(9.31257 0.286147 0)
(9.67313 0.0717835 0)
(9.47758 0.336274 0)
(9.94437 0.125414 0)
(9.71703 0.394746 0)
(10.2857 0.191924 0)
(10.0027 0.461011 0)
(10.7346 0.270025 0)
(10.3933 0.566334 0)
(11.2192 0.32621 0)
(11.0003 0.758299 0)
(11.7379 0.373437 0)
(11.8438 0.981472 0)
(12.4434 0.577631 0)
(12.8909 1.16796 0)
(13.5566 1.07393 0)
(14.2558 1.59477 0)
(15.1382 2.02852 0)
(15.9235 3.02685 0)
(9.90042 -0.0468124 0)
(9.80663 -0.0976429 0)
(9.69517 -0.121139 0)
(9.57056 -0.125693 0)
(9.41695 -0.123672 0)
(9.25416 -0.124023 0)
(9.08056 -0.122675 0)
(8.90933 -0.126609 0)
(8.73896 -0.125519 0)
(8.57065 -0.128335 0)
(8.40261 -0.125754 0)
(8.23732 -0.126352 0)
(8.07032 -0.122846 0)
(7.90849 -0.122006 0)
(7.74364 -0.118944 0)
(7.58379 -0.117128 0)
(7.42397 -0.114894 0)
(7.26419 -0.112132 0)
(7.11279 -0.11036 0)
(6.95157 -0.107399 0)
(6.81069 -0.104802 0)
(6.64746 -0.102971 0)
(6.51796 -0.0984576 0)
(6.3532 -0.0983363 0)
(6.23543 -0.0917648 0)
(6.07007 -0.0935224 0)
(5.9635 -0.0844558 0)
(5.80077 -0.088549 0)
(5.70145 -0.0769779 0)
(5.54926 -0.0826809 0)
(5.44814 -0.0697757 0)
(5.31879 -0.0754334 0)
(5.20366 -0.0639891 0)
(5.11015 -0.0645625 0)
(4.97272 -0.0614897 0)
(4.9174 -0.050077 0)
(4.76944 -0.059887 0)
(4.72621 -0.0358835 0)
(4.61037 -0.053214 0)
(4.52823 -0.030687 0)
(4.49828 -0.0334977 0)
(4.33926 -0.0367496 0)
(4.40305 -0.00738547 0)
(4.20311 -0.0408554 0)
(4.28832 0.0079429 0)
(4.14134 -0.0247244 0)
(4.16956 0.00117703 0)
(4.105 0.0033326 0)
(4.12318 0.00239344 0)
(4.03433 0.0017032 0)
(4.1609 0.0414901 0)
(3.98856 -0.0176142 0)
(4.19349 0.0594021 0)
(4.03325 0.0167806 0)
(4.25667 0.0414355 0)
(4.04143 0.0303749 0)
(4.48321 0.100262 0)
(4.01213 -0.0303019 0)
(4.72841 0.170449 0)
(4.13311 -0.0209863 0)
(4.95476 0.16658 0)
(4.26524 -0.0140721 0)
(5.36166 0.258832 0)
(4.36102 -0.114863 0)
(5.82649 0.390231 0)
(4.62496 -0.160709 0)
(6.29313 0.45362 0)
(4.96449 -0.182031 0)
(6.94012 0.601935 0)
(5.34668 -0.331984 0)
(7.68309 0.908445 0)
(6.0235 -0.54727 0)
(8.39999 1.23419 0)
(7.04294 -0.646872 0)
(9.34483 1.46393 0)
(8.30166 -0.577447 0)
(10.7947 1.68255 0)
(10.2485 -0.232496 0)
(12.9451 1.9366 0)
(13.6539 0.864971 0)
(-1.28769 0.390698 0)
(-1.27262 0.440825 0)
(-1.34348 0.258 0)
(-1.51978 0.0645402 0)
(-1.79519 0.0528732 0)
(-2.2011 0.207992 0)
(-2.79008 0.380004 0)
(-3.51726 0.439768 0)
(-4.18282 0.356812 0)
(-4.5424 0.179054 0)
(-4.55832 0.0120972 0)
(-4.40692 -0.0805271 0)
(-4.20762 -0.107158 0)
(-4.01192 -0.117134 0)
(-3.74324 -0.176561 0)
(-3.20474 -0.322728 0)
(-2.46011 -0.416205 0)
(-1.71709 -0.380844 0)
(-1.01104 -0.346749 0)
(-0.426482 -0.323959 0)
(-3.03596 -0.510542 0)
(-2.98792 -0.397843 0)
(-2.8146 -0.0517934 0)
(-2.73828 0.363146 0)
(-2.91263 0.652778 0)
(-3.34697 0.817131 0)
(-3.88243 0.911678 0)
(-4.39416 0.868496 0)
(-4.80755 0.625325 0)
(-5.00244 0.262834 0)
(-4.98387 -0.0763142 0)
(-4.83795 -0.27455 0)
(-4.60669 -0.34631 0)
(-4.34053 -0.390053 0)
(-3.96388 -0.577328 0)
(-3.29083 -0.992647 0)
(-2.52116 -1.22784 0)
(-1.8428 -1.07718 0)
(-1.17017 -1.03089 0)
(-0.503362 -1.11761 0)
(1.27628 0.830927 0)
(-0.209577 0.353614 0)
(-1.54081 0.0118023 0)
(-2.47671 0.123866 0)
(-2.93171 0.595792 0)
(-3.10107 1.07 0)
(-3.25515 1.35187 0)
(-3.53125 1.32687 0)
(-3.84355 0.996411 0)
(-4.08412 0.462124 0)
(-4.19636 -0.0647531 0)
(-4.25386 -0.448113 0)
(-4.13466 -0.656973 0)
(-3.9033 -0.847494 0)
(-3.52454 -1.18074 0)
(-2.75453 -1.77821 0)
(-2.06658 -2.0358 0)
(-1.59313 -1.67001 0)
(-1.14571 -1.68349 0)
(-0.399647 -1.98769 0)
(5.51173 2.01076 0)
(4.54999 2.01205 0)
(3.39327 1.95451 0)
(2.06015 1.75417 0)
(0.625894 1.4825 0)
(-0.531517 1.33684 0)
(-1.30425 1.35267 0)
(-1.75515 1.35302 0)
(-2.06108 1.12671 0)
(-2.29848 0.691071 0)
(-2.54604 0.159387 0)
(-2.73026 -0.364516 0)
(-2.7691 -0.798536 0)
(-2.56563 -1.22229 0)
(-2.32709 -1.73168 0)
(-1.57214 -2.43265 0)
(-1.16344 -2.62259 0)
(-0.889216 -1.99891 0)
(-0.872141 -2.08779 0)
(-0.353533 -2.85965 0)
(8.02074 2.688 0)
(7.44361 2.75676 0)
(6.69808 2.81086 0)
(5.86163 2.82029 0)
(4.85978 2.77698 0)
(3.82763 2.63604 0)
(2.82887 2.40689 0)
(1.95994 2.08028 0)
(1.29548 1.63972 0)
(0.758346 1.07255 0)
(0.300497 0.43528 0)
(-0.0223984 -0.191739 0)
(-0.353108 -0.799018 0)
(-0.312007 -1.40811 0)
(-0.391127 -2.03926 0)
(0.0535769 -2.71884 0)
(-0.142715 -2.80756 0)
(-0.245349 -2.17239 0)
(-0.548635 -2.13543 0)
(-0.072548 -3.24418 0)
(9.39346 3.09458 0)
(9.03687 3.24943 0)
(8.64439 3.37764 0)
(8.13935 3.48366 0)
(7.59964 3.53478 0)
(6.94678 3.48686 0)
(6.2552 3.31609 0)
(5.5594 2.9954 0)
(4.79477 2.49661 0)
(4.16465 1.85381 0)
(3.43748 1.11383 0)
(2.89695 0.322751 0)
(2.24532 -0.422894 0)
(1.90233 -1.1892 0)
(1.32603 -1.9378 0)
(1.19833 -2.54596 0)
(0.397889 -2.1774 0)
(-0.276669 -1.35654 0)
(-0.0896193 -1.86639 0)
(0.548441 -3.17189 0)
(10.094 3.3505 0)
(9.90353 3.53741 0)
(9.66267 3.73134 0)
(9.41918 3.87893 0)
(9.0701 3.97493 0)
(8.76001 3.99142 0)
(8.27489 3.88059 0)
(7.83443 3.61216 0)
(7.22056 3.18537 0)
(6.61166 2.5822 0)
(5.88077 1.87015 0)
(5.2105 1.11098 0)
(4.32164 0.239045 0)
(3.60501 -0.399764 0)
(2.75246 -1.07699 0)
(2.31781 -1.79569 0)
(2.02227 -1.80701 0)
(1.8626 -2.16812 0)
(1.69899 -3.31846 0)
(1.11168 -3.64822 0)
(10.484 3.49048 0)
(10.3866 3.74123 0)
(10.1998 3.92104 0)
(10.0769 4.12301 0)
(9.83105 4.23246 0)
(9.63887 4.28612 0)
(9.33454 4.22533 0)
(8.98408 4.03524 0)
(8.54251 3.70574 0)
(8.03286 3.2147 0)
(7.34134 2.58074 0)
(6.61147 1.90264 0)
(5.90031 1.06603 0)
(5.11494 0.114217 0)
(4.48167 -0.937678 0)
(3.41926 -1.82948 0)
(2.39422 -1.29774 0)
(1.89378 -0.215569 0)
(1.45572 0.183464 0)
(0.745278 0.412695 0)
(10.7583 3.61944 0)
(10.6959 3.84803 0)
(10.5284 4.09425 0)
(10.4088 4.25756 0)
(10.2373 4.43094 0)
(10.0223 4.47591 0)
(9.80513 4.50077 0)
(9.52575 4.34391 0)
(9.10888 4.11623 0)
(8.67547 3.77521 0)
(8.11476 3.25691 0)
(7.30766 2.66491 0)
(6.26439 2.08127 0)
(4.65711 1.5394 0)
(3.46648 1.09367 0)
(0.286958 0.121405 0)
(-1.71436 -1.26755 0)
(-2.49258 -2.34934 0)
(-1.96606 -2.82918 0)
(-0.996802 -2.56153 0)
(11.025 3.72053 0)
(10.9287 3.97834 0)
(10.7975 4.21855 0)
(10.6172 4.42488 0)
(10.4518 4.60082 0)
(10.2553 4.69564 0)
(9.94678 4.71083 0)
(9.72655 4.70954 0)
(9.33279 4.48069 0)
(8.88559 4.24918 0)
(8.30393 3.90651 0)
(7.8091 3.40529 0)
(7.37589 2.85102 0)
(6.66614 2.1204 0)
(6.43672 2.1629 0)
(6.1399 2.50995 0)
(5.73243 2.03367 0)
(5.2256 1.33811 0)
(4.1469 -0.0012738 0)
(1.07591 -1.72767 0)
(11.3166 3.83856 0)
(11.1662 4.09295 0)
(11.0312 4.39867 0)
(10.8458 4.60457 0)
(10.5905 4.79993 0)
(10.3823 4.97257 0)
(10.0797 4.99173 0)
(9.73501 4.97744 0)
(9.35942 4.92847 0)
(8.95062 4.72439 0)
(8.31924 4.5487 0)
(7.30521 4.35 0)
(6.46456 4.43816 0)
(4.73035 3.78837 0)
(2.48653 2.38684 0)
(1.85756 1.51247 0)
(1.53129 0.358833 0)
(1.45427 -0.496854 0)
(1.28883 0.293232 0)
(0.610112 1.44454 0)
(11.6064 3.95713 0)
(11.4707 4.27811 0)
(11.2685 4.55594 0)
(11.0753 4.87112 0)
(10.7966 5.06439 0)
(10.4821 5.23783 0)
(10.1128 5.38432 0)
(9.78999 5.42434 0)
(9.31195 5.29087 0)
(8.95671 5.15931 0)
(8.79836 4.90475 0)
(8.36871 4.29953 0)
(8.37637 4.22221 0)
(8.23214 4.49386 0)
(7.24552 4.15777 0)
(5.78743 3.2828 0)
(3.82628 2.01213 0)
(2.14953 1.1376 0)
(0.675353 1.03154 0)
(0.0672642 0.653889 0)
(11.9417 4.06196 0)
(11.7963 4.4537 0)
(11.5955 4.81954 0)
(11.3136 5.12387 0)
(10.9943 5.39405 0)
(10.6896 5.64059 0)
(10.2027 5.63885 0)
(9.75998 5.82513 0)
(9.22616 5.95848 0)
(8.25908 5.92446 0)
(7.58895 6.2461 0)
(5.95347 6.00367 0)
(4.52785 5.30439 0)
(4.59093 5.14461 0)
(4.9313 5.1863 0)
(4.72012 4.74591 0)
(3.61188 3.69663 0)
(2.40325 2.75478 0)
(1.15034 2.17725 0)
(0.341399 1.62804 0)
(12.3707 4.24373 0)
(12.181 4.66754 0)
(11.941 5.04898 0)
(11.6924 5.5415 0)
(11.1988 5.76494 0)
(10.8108 6.09182 0)
(10.3867 6.28457 0)
(9.89409 6.10855 0)
(9.83382 6.0743 0)
(9.48297 5.80079 0)
(9.78582 5.93515 0)
(9.47168 6.17973 0)
(8.35983 5.74623 0)
(6.87999 5.15859 0)
(5.7514 4.85993 0)
(5.06517 5.02852 0)
(4.07575 4.72459 0)
(2.83352 3.89923 0)
(1.55864 3.38189 0)
(0.515711 2.58196 0)
(12.782 4.29578 0)
(12.7295 4.95908 0)
(12.3516 5.37893 0)
(12.043 5.82211 0)
(11.6269 6.28361 0)
(10.9376 6.50246 0)
(10.3225 6.82639 0)
(9.29725 7.16848 0)
(8.36471 7.42226 0)
(6.55809 7.13514 0)
(5.78099 6.80639 0)
(6.18878 7.20677 0)
(6.37849 7.29729 0)
(5.67685 6.64653 0)
(4.78159 5.98621 0)
(4.31502 5.74437 0)
(3.7073 5.59991 0)
(2.79989 5.05598 0)
(1.6341 4.3434 0)
(0.534289 3.45558 0)
(13.4204 4.53224 0)
(13.2177 5.15376 0)
(12.9964 5.92726 0)
(12.4644 6.45504 0)
(11.9539 6.72721 0)
(11.5177 7.01028 0)
(11.223 7.02656 0)
(10.8989 6.93876 0)
(11.3721 7.53502 0)
(10.6372 7.88126 0)
(8.86039 7.27007 0)
(7.39277 6.80057 0)
(6.95072 7.1176 0)
(6.39561 7.28773 0)
(5.39414 6.90303 0)
(4.46136 6.67723 0)
(3.66637 6.42255 0)
(2.70353 5.98241 0)
(1.60543 5.58298 0)
(0.518045 4.63081 0)
(14.1938 4.61759 0)
(14.0074 5.42108 0)
(13.579 6.14811 0)
(13.0623 7.20907 0)
(12.0263 7.88118 0)
(10.4979 8.0918 0)
(9.51613 8.48184 0)
(7.30067 7.93698 0)
(7.11595 7.64309 0)
(8.36921 8.57841 0)
(8.50935 8.81024 0)
(7.31189 8.18364 0)
(6.24891 7.71552 0)
(5.6462 7.72084 0)
(4.87209 7.53611 0)
(4.10596 7.32498 0)
(3.38219 7.29385 0)
(2.5314 6.9633 0)
(1.52669 6.51251 0)
(0.50108 5.60723 0)
(15.0619 4.86578 0)
(15.0457 6.14983 0)
(14.4745 6.81522 0)
(13.9149 7.15263 0)
(14.0041 7.95665 0)
(13.3452 8.37371 0)
(13.2267 9.0323 0)
(11.9673 9.46883 0)
(9.3921 8.67756 0)
(7.55826 8.2964 0)
(7.50748 8.90795 0)
(7.26858 9.0475 0)
(6.68486 8.93041 0)
(5.95503 8.83575 0)
(5.05143 8.59695 0)
(4.08326 8.31855 0)
(3.27373 8.07893 0)
(2.37454 7.84182 0)
(1.44798 7.61688 0)
(0.450563 6.60536 0)
(16.6809 4.61957 0)
(16.6345 6.89727 0)
(15.4354 9.08857 0)
(12.3082 9.47599 0)
(10.2722 9.23123 0)
(9.05131 8.89115 0)
(9.50978 8.9847 0)
(11.0114 10.0483 0)
(10.9252 10.2159 0)
(9.11705 9.50696 0)
(7.65496 9.29898 0)
(6.76536 9.34251 0)
(6.10275 9.22524 0)
(5.61286 9.36718 0)
(4.90136 9.32969 0)
(4.03969 9.1394 0)
(3.17881 9.01571 0)
(2.29371 8.73861 0)
(1.37179 8.46567 0)
(0.432671 7.49621 0)
(16.1527 3.19913 0)
(18.4121 6.12472 0)
(19.6448 9.08624 0)
(18.0756 10.6845 0)
(15.4729 11.0645 0)
(12.1119 10.4427 0)
(8.95777 9.3762 0)
(8.57979 9.9083 0)
(9.63026 10.947 0)
(9.23768 10.8267 0)
(8.17956 10.4476 0)
(7.19338 10.3593 0)
(6.24696 10.2233 0)
(5.45036 10.1171 0)
(4.76597 10.1589 0)
(3.928 10.0523 0)
(3.11742 9.86244 0)
(2.1882 9.60991 0)
(1.29929 9.45209 0)
(0.35818 8.39173 0)
(1.04236 0.2089 0)
(8.63567 5.76451 0)
(12.311 8.75426 0)
(14.7951 11.5262 0)
(15.3905 12.7249 0)
(14.5324 12.9049 0)
(11.7427 11.3323 0)
(8.89043 9.95326 0)
(8.57272 10.7997 0)
(8.53673 11.5486 0)
(7.91582 11.4022 0)
(7.17739 11.1227 0)
(6.35622 10.8995 0)
(5.49454 10.8615 0)
(4.70017 10.8313 0)
(3.9142 10.8205 0)
(3.0811 10.7675 0)
(2.18026 10.5237 0)
(1.25765 10.3049 0)
(0.383293 9.17324 0)
(-6.68588 -6.69626 0)
(6.1643 1.40285 0)
(5.12878 4.29161 0)
(8.36797 8.84306 0)
(11.1251 11.9132 0)
(13.1078 13.7312 0)
(13.215 13.9158 0)
(10.8509 12.0463 0)
(8.79341 10.873 0)
(8.09509 11.4549 0)
(7.55258 12.0306 0)
(6.99789 12.2147 0)
(6.26018 12.0019 0)
(5.40201 11.7237 0)
(4.61187 11.6965 0)
(3.8009 11.6407 0)
(3.04194 11.573 0)
(2.13204 11.3368 0)
(1.25937 11.2064 0)
(0.327929 10.0546 0)
(-1.52763 0.138109 0)
(-2.12355 -5.09401 0)
(-1.69829 2.47052 0)
(4.35781 7.90898 0)
(5.23987 8.86157 0)
(8.73813 11.8998 0)
(11.9939 14.4291 0)
(11.9756 14.5406 0)
(9.96349 13.1309 0)
(8.31476 12.2272 0)
(7.46741 12.2245 0)
(6.90003 12.5031 0)
(6.27179 12.6661 0)
(5.39828 12.6 0)
(4.51078 12.4389 0)
(3.72625 12.4528 0)
(2.97286 12.4641 0)
(2.11999 12.2785 0)
(1.19745 12.0948 0)
(0.352759 10.7443 0)
(-0.197263 -3.04745 0)
(-0.986822 -0.199368 0)
(-5.09716 -1.16339 0)
(0.181108 4.40739 0)
(-0.0883412 6.11097 0)
(2.73145 6.74944 0)
(8.91692 12.2308 0)
(11.5074 14.7256 0)
(10.648 14.6117 0)
(8.72954 13.8282 0)
(7.42088 13.3926 0)
(6.76023 13.4323 0)
(6.14777 13.4599 0)
(5.3868 13.388 0)
(4.50855 13.3189 0)
(3.62268 13.2069 0)
(2.89719 13.2246 0)
(2.05384 13.0243 0)
(1.22804 12.9141 0)
(0.322931 11.6403 0)
(-1.96504 0.839192 0)
(-3.15941 0.687484 0)
(-5.31834 0.855286 0)
(-4.06345 2.48606 0)
(-1.438 4.71836 0)
(-2.00456 1.44672 0)
(4.89374 7.28608 0)
(9.88359 13.4085 0)
(10.8318 15.2044 0)
(9.3974 14.8283 0)
(7.78948 14.2128 0)
(6.79129 14.0576 0)
(6.09546 14.2535 0)
(5.29859 14.2771 0)
(4.42382 14.1155 0)
(3.57662 14.0814 0)
(2.82486 14.0936 0)
(2.02898 13.9709 0)
(1.13143 13.8304 0)
(0.305609 12.253 0)
(-1.8066 2.24623 0)
(-3.42355 1.74968 0)
(-4.68382 0.269965 0)
(-4.12643 0.853331 0)
(-1.64917 3.04632 0)
(-1.66272 0.200119 0)
(-0.859807 -0.854577 0)
(7.23023 9.84103 0)
(9.87644 14.7441 0)
(9.53899 16.0381 0)
(8.13513 15.6926 0)
(6.94725 15.1976 0)
(6.05671 15.0083 0)
(5.28292 15.063 0)
(4.41502 15.0006 0)
(3.47831 14.8022 0)
(2.72479 14.8208 0)
(1.91855 14.6374 0)
(1.15772 14.5539 0)
(0.312655 13.1478 0)
(-0.835567 4.88298 0)
(-2.14414 4.06273 0)
(-3.28499 1.72847 0)
(-2.47746 -0.0409417 0)
(-1.76534 1.72502 0)
(2.39585 1.21092 0)
(-1.45019 -3.47769 0)
(4.0242 5.22647 0)
(8.2837 12.7406 0)
(9.21798 15.9641 0)
(8.30948 16.597 0)
(7.10047 16.2866 0)
(6.05639 16.0592 0)
(5.14751 15.9316 0)
(4.31022 15.8031 0)
(3.44175 15.6952 0)
(2.66253 15.641 0)
(1.9167 15.5634 0)
(1.05602 15.4882 0)
(0.257939 13.7004 0)
(-0.783904 5.367 0)
(-1.51535 4.96907 0)
(-1.81561 1.39062 0)
(-0.380483 -0.628524 0)
(0.0486604 -2.3332 0)
(3.59517 -0.0361101 0)
(2.96886 -0.85183 0)
(1.31354 0.372167 0)
(6.61533 10.635 0)
(8.39169 15.9398 0)
(8.08927 17.5711 0)
(7.07072 17.4629 0)
(5.97316 17.0097 0)
(5.04005 16.864 0)
(4.18424 16.7062 0)
(3.28663 16.4247 0)
(2.53338 16.3704 0)
(1.76486 16.1483 0)
(1.07321 16.0717 0)
(0.2941 14.4968 0)
(-1.12552 6.45978 0)
(-1.088 4.53325 0)
(0.196195 0.595631 0)
(1.10675 -2.21133 0)
(3.8657 -2.46693 0)
(3.21623 -2.04751 0)
(5.61173 -0.0725266 0)
(2.671 -1.18691 0)
(5.28025 7.31243 0)
(7.5449 14.8111 0)
(7.65381 17.9267 0)
(6.86618 18.452 0)
(5.80916 18.0916 0)
(4.79692 17.7067 0)
(3.98798 17.5283 0)
(3.16964 17.3336 0)
(2.41737 17.1758 0)
(1.74863 17.0821 0)
(0.953198 17.0398 0)
(0.21266 15.024 0)
(1.01023 7.40141 0)
(-0.598301 4.97976 0)
(3.24188 -0.452937 0)
(4.28996 -4.26153 0)
(6.46263 -3.44939 0)
(5.53044 -3.21447 0)
(7.10491 0.371878 0)
(4.36806 0.37187 0)
(4.45279 5.75519 0)
(6.6937 13.8823 0)
(7.09241 18.1916 0)
(6.46138 19.281 0)
(5.50189 18.9979 0)
(4.55159 18.6346 0)
(3.72988 18.3247 0)
(2.92785 17.9954 0)
(2.22583 17.8684 0)
(1.53041 17.5813 0)
(0.933786 17.4779 0)
(0.243809 15.6941 0)
(-0.0269342 5.72235 0)
(1.91995 2.47777 0)
(5.86596 -3.00511 0)
(6.77983 -5.80689 0)
(8.62656 -3.81403 0)
(7.06828 -3.422 0)
(8.21724 0.898269 0)
(6.40801 1.67113 0)
(4.47522 4.7364 0)
(6.02865 12.7768 0)
(6.4902 18.0757 0)
(5.98935 19.9218 0)
(5.09589 19.8779 0)
(4.15392 19.3608 0)
(3.44735 19.0767 0)
(2.74022 18.8036 0)
(2.06213 18.578 0)
(1.48703 18.4625 0)
(0.789908 18.4416 0)
(0.156332 16.1938 0)
(-2.13123 6.0924 0)
(5.14227 -1.59068 0)
(7.29772 -5.61028 0)
(8.24083 -6.49181 0)
(9.27296 -4.20788 0)
(7.8252 -2.93883 0)
(8.19107 1.2315 0)
(7.20622 3.59099 0)
(4.61219 5.47225 0)
(5.3653 12.3977 0)
(5.81868 18.1081 0)
(5.38668 20.3872 0)
(4.61063 20.5856 0)
(3.76363 20.1783 0)
(3.06191 19.7344 0)
(2.42437 19.348 0)
(1.81632 19.1479 0)
(1.22432 18.8064 0)
(0.748523 18.6778 0)
(0.173381 16.6611 0)
(1.17635 2.86469 0)
(6.40788 -5.08398 0)
(7.51355 -7.47434 0)
(8.6218 -6.75663 0)
(8.59497 -4.23714 0)
(7.64616 -2.15737 0)
(7.62037 1.72785 0)
(7.2398 4.61994 0)
(4.73464 6.21673 0)
(4.80129 12.2921 0)
(5.09372 18.1164 0)
(4.7363 20.8187 0)
(4.04486 21.1953 0)
(3.26883 20.736 0)
(2.71273 20.3921 0)
(2.15375 20.0379 0)
(1.60451 19.7403 0)
(1.15938 19.5982 0)
(0.593321 19.5899 0)
(0.0933794 17.09 0)
(2.6446 -3.37646 0)
(5.52109 -7.98317 0)
(6.68633 -8.44332 0)
(8.04388 -6.5893 0)
(7.45478 -4.12784 0)
(7.15781 -1.51383 0)
(6.75983 2.20916 0)
(6.80244 5.82413 0)
(4.52932 7.30769 0)
(4.22216 12.6047 0)
(4.34068 18.3364 0)
(3.98711 21.1633 0)
(3.44456 21.7363 0)
(2.79263 21.383 0)
(2.2459 20.8769 0)
(1.77957 20.4465 0)
(1.29869 20.1845 0)
(0.856565 19.7945 0)
(0.524926 19.6215 0)
(0.089986 17.3304 0)
(1.84587 -6.91409 0)
(4.42971 -9.84423 0)
(5.69408 -9.34088 0)
(6.93389 -6.91422 0)
(6.13843 -4.25655 0)
(6.64553 -0.982984 0)
(5.83084 2.44775 0)
(6.12294 6.52563 0)
(4.12699 8.3983 0)
(3.58668 13.0695 0)
(3.57597 18.5941 0)
(3.23715 21.5536 0)
(2.76265 22.1587 0)
(2.22955 21.7702 0)
(1.85412 21.3908 0)
(1.45076 20.9774 0)
(1.06075 20.6356 0)
(0.76844 20.4766 0)
(0.353784 20.4634 0)
(0.00869526 17.6964 0)
(1.48746 -10.036 0)
(3.42434 -11.7739 0)
(4.6513 -9.99008 0)
(5.80569 -7.06025 0)
(5.06634 -4.44874 0)
(5.99081 -0.657279 0)
(4.86272 2.83547 0)
(5.30093 7.21441 0)
(3.60444 9.32595 0)
(2.92204 13.7657 0)
(2.78045 19.0108 0)
(2.42404 21.8626 0)
(2.08465 22.5708 0)
(1.66705 22.2392 0)
(1.31676 21.6879 0)
(1.04296 21.2274 0)
(0.716424 20.9305 0)
(0.435638 20.5091 0)
(0.258483 20.2778 0)
(-0.005974 17.6835 0)
(1.15269 -12.14 0)
(2.69317 -13.158 0)
(3.69051 -10.8074 0)
(4.55284 -7.54798 0)
(4.13612 -4.42725 0)
(5.13529 -0.352903 0)
(3.75086 3.11871 0)
(4.34338 7.86669 0)
(2.84868 10.2292 0)
(2.18611 14.3695 0)
(1.99106 19.4173 0)
(1.63162 22.202 0)
(1.3395 22.816 0)
(1.05199 22.4518 0)
(0.883239 22.0522 0)
(0.668539 21.5972 0)
(0.466657 21.216 0)
(0.340957 21.039 0)
(0.0861326 21.0167 0)
(-0.0883446 17.9781 0)
(0.873071 -13.9343 0)
(1.99723 -14.239 0)
(2.87447 -11.215 0)
(3.51142 -7.86635 0)
(3.22036 -4.56105 0)
(4.09447 -0.183791 0)
(2.6493 3.47273 0)
(3.37278 8.41611 0)
(2.03392 10.9931 0)
(1.40307 15.1227 0)
(1.13829 19.8599 0)
(0.787099 22.4331 0)
(0.639496 23.0823 0)
(0.448591 22.7405 0)
(0.304255 22.1685 0)
(0.228735 21.6895 0)
(0.0755884 21.3651 0)
(-0.0355208 20.9147 0)
(-0.0377395 20.5953 0)
(-0.112122 17.6539 0)
(0.677454 -15.1893 0)
(1.47464 -15.1102 0)
(2.02691 -11.7758 0)
(2.5228 -8.07028 0)
(2.35069 -4.47333 0)
(2.96943 -0.052726 0)
(1.66546 3.88557 0)
(2.31112 8.93435 0)
(1.07768 11.5631 0)
(0.584208 15.6234 0)
(0.30996 20.2119 0)
(-0.0126142 22.659 0)
(-0.104652 23.146 0)
(-0.173715 22.7678 0)
(-0.155036 22.3565 0)
(-0.183194 21.8811 0)
(-0.18387 21.4673 0)
(-0.121246 21.2687 0)
(-0.203406 21.231 0)
(-0.185469 17.9071 0)
(0.467604 -16.1147 0)
(0.987794 -15.5595 0)
(1.39224 -11.9928 0)
(1.60663 -8.30213 0)
(1.48557 -4.44958 0)
(1.8813 0.113464 0)
(0.715209 4.3225 0)
(1.25026 9.3876 0)
(0.10176 12.2116 0)
(-0.280518 16.2769 0)
(-0.57374 20.5358 0)
(-0.817358 22.7591 0)
(-0.771346 23.2461 0)
(-0.775564 22.8557 0)
(-0.744074 22.2694 0)
(-0.630599 21.7933 0)
(-0.610059 21.4701 0)
(-0.557831 21.0011 0)
(-0.369544 20.5553 0)
(-0.243016 17.2105 0)
(0.317908 -16.7374 0)
(0.543141 -15.9547 0)
(0.701275 -12.1242 0)
(0.791654 -8.2514 0)
(0.588125 -4.32862 0)
(0.782526 0.399654 0)
(-0.199472 4.84174 0)
(0.141152 9.76841 0)
(-0.895319 12.7511 0)
(-1.17168 16.7187 0)
(-1.4082 20.8554 0)
(-1.56845 22.8714 0)
(-1.49647 23.1255 0)
(-1.3911 22.676 0)
(-1.20309 22.2631 0)
(-1.05681 21.7952 0)
(-0.872034 21.3533 0)
(-0.615899 21.1311 0)
(-0.507382 21.0694 0)
(-0.271437 17.4413 0)
(0.162232 -17.0305 0)
(0.181408 -15.9341 0)
(0.105428 -12.1339 0)
(-0.0020773 -8.20038 0)
(-0.254802 -4.11832 0)
(-0.326348 0.674606 0)
(-1.0397 5.27868 0)
(-0.910714 10.1704 0)
(-1.82334 13.2892 0)
(-2.04224 17.2419 0)
(-2.25409 21.0938 0)
(-2.34756 22.8052 0)
(-2.13849 23.0453 0)
(-1.97213 22.5992 0)
(-1.76823 22.0075 0)
(-1.4825 21.5374 0)
(-1.30776 21.2268 0)
(-1.10647 20.7513 0)
(-0.737889 20.1356 0)
(-0.417739 16.2956 0)
(0.0356706 -17.1236 0)
(-0.211979 -15.8717 0)
(-0.437568 -11.8506 0)
(-0.756438 -7.9493 0)
(-1.15104 -3.82575 0)
(-1.39336 1.01809 0)
(-1.92084 5.79309 0)
(-1.9721 10.5929 0)
(-2.77939 13.7239 0)
(-2.92672 17.5466 0)
(-3.02129 21.2357 0)
(-3.04593 22.733 0)
(-2.82357 22.7419 0)
(-2.56146 22.2398 0)
(-2.22043 21.8409 0)
(-1.93395 21.3745 0)
(-1.60206 20.881 0)
(-1.15177 20.6051 0)
(-0.826699 20.4523 0)
(-0.344174 16.4817 0)
(-0.0911238 -16.9174 0)
(-0.516037 -15.4935 0)
(-0.979823 -11.5367 0)
(-1.43073 -7.53794 0)
(-2.00242 -3.41446 0)
(-2.38361 1.44048 0)
(-2.8062 6.31737 0)
(-2.94941 10.9676 0)
(-3.63593 14.1289 0)
(-3.76666 17.9433 0)
(-3.79126 21.3025 0)
(-3.757 22.439 0)
(-3.39055 22.4615 0)
(-3.08063 22.0268 0)
(-2.75369 21.4508 0)
(-2.34193 20.9654 0)
(-2.02197 20.6708 0)
(-1.68959 20.1929 0)
(-1.16835 19.3351 0)
(-0.65557 14.8484 0)
(-0.19868 -16.5709 0)
(-0.833166 -14.9833 0)
(-1.41402 -10.9314 0)
(-2.0731 -6.96002 0)
(-2.78201 -2.86542 0)
(-3.31121 1.91205 0)
(-3.66646 6.84545 0)
(-3.87936 11.2236 0)
(-4.45267 14.3655 0)
(-4.56583 18.0687 0)
(-4.44514 21.2626 0)
(-4.34793 22.195 0)
(-3.97996 22.0284 0)
(-3.61227 21.5126 0)
(-3.19161 21.1364 0)
(-2.82451 20.6883 0)
(-2.39969 20.1297 0)
(-1.78628 19.717 0)
(-1.21726 19.3093 0)
(-0.424433 14.9083 0)
(-0.294458 -16.0029 0)
(-1.08463 -14.3413 0)
(-1.81085 -10.2676 0)
(-2.57982 -6.26458 0)
(-3.45502 -2.20588 0)
(-4.11065 2.48976 0)
(-4.39804 7.34232 0)
(-4.66476 11.4306 0)
(-5.12118 14.6012 0)
(-5.23148 18.3181 0)
(-5.04827 21.1964 0)
(-4.95706 21.7085 0)
(-4.44678 21.577 0)
(-4.06502 21.1949 0)
(-3.69281 20.6623 0)
(-3.21141 20.165 0)
(-2.78427 19.8761 0)
(-2.36644 19.3763 0)
(-1.71734 18.1644 0)
(-0.9995 12.7998 0)
(-0.365428 -15.2914 0)
(-1.28898 -13.4845 0)
(-2.14474 -9.47863 0)
(-2.99038 -5.46186 0)
(-3.99502 -1.47083 0)
(-4.74091 3.00871 0)
(-4.97801 7.71661 0)
(-5.30609 11.5662 0)
(-5.71989 14.7801 0)
(-5.83516 18.3424 0)
(-5.52012 20.9748 0)
(-5.40508 21.3093 0)
(-4.91687 21.0907 0)
(-4.52769 20.6009 0)
(-4.07665 20.2836 0)
(-3.70132 19.898 0)
(-3.30418 19.2565 0)
(-2.62793 18.5656 0)
(-1.80333 17.5603 0)
(-0.563837 12.4924 0)
(-0.437281 -14.4747 0)
(-1.47904 -12.621 0)
(-2.39328 -8.55029 0)
(-3.30034 -4.49469 0)
(-4.34823 -0.621316 0)
(-5.19522 3.65132 0)
(-5.48504 8.1786 0)
(-5.83254 11.7919 0)
(-6.17803 15.0189 0)
(-6.25728 18.5508 0)
(-5.92589 20.8136 0)
(-5.90274 20.6939 0)
(-5.26068 20.5325 0)
(-4.87958 20.2561 0)
(-4.52662 19.8247 0)
(-4.09965 19.3094 0)
(-3.67894 18.9842 0)
(-3.25325 18.3793 0)
(-2.50769 16.6014 0)
(-1.58947 9.98962 0)
(-0.468967 -13.5174 0)
(-1.59207 -11.6033 0)
(-2.58285 -7.62686 0)
(-3.50924 -3.53672 0)
(-4.54911 0.224155 0)
(-5.473 4.17589 0)
(-5.77601 8.46289 0)
(-6.16009 11.9737 0)
(-6.5314 15.2636 0)
(-6.64717 18.541 0)
(-6.26888 20.3993 0)
(-6.19262 20.1856 0)
(-5.56808 20.1122 0)
(-5.25849 19.6945 0)
(-4.82284 19.4476 0)
(-4.53672 19.172 0)
(-4.33832 18.5115 0)
(-3.83158 17.3831 0)
(-2.83201 15.1183 0)
(-0.856242 8.58195 0)
(-0.525399 -12.5397 0)
(-1.68746 -10.5678 0)
(-2.70597 -6.70358 0)
(-3.59328 -2.62318 0)
(-4.595 1.20439 0)
(-5.56921 4.95745 0)
(-5.97531 8.95907 0)
(-6.43443 12.3531 0)
(-6.82126 15.5576 0)
(-6.87215 18.6832 0)
(-6.50093 20.1663 0)
(-6.52408 19.5902 0)
(-5.76626 19.5619 0)
(-5.48128 19.4018 0)
(-5.19054 19.1141 0)
(-4.94902 18.5876 0)
(-4.70704 18.1954 0)
(-4.43608 17.3409 0)
(-3.74166 14.6731 0)
(-3.06752 6.09491 0)
(-0.544763 -11.4063 0)
(-1.82253 -9.45625 0)
(-2.87436 -5.68162 0)
(-3.73789 -1.65612 0)
(-4.65336 2.08486 0)
(-5.60903 5.64118 0)
(-6.07976 9.3825 0)
(-6.55872 12.6967 0)
(-6.97372 15.9054 0)
(-7.07434 18.6555 0)
(-6.73928 19.6159 0)
(-6.60835 19.0561 0)
(-5.88954 19.2814 0)
(-5.78463 18.9494 0)
(-5.4029 18.7542 0)
(-5.22909 18.6202 0)
(-5.27095 18.0496 0)
(-5.21723 16.561 0)
(-4.73308 12.1075 0)
(-2.21583 -0.00940232 0)
(-0.593116 -10.2848 0)
(-1.88773 -8.32214 0)
(-2.99726 -4.73807 0)
(-3.87134 -0.706223 0)
(-4.72368 3.0408 0)
(-5.58004 6.44033 0)
(-6.13761 10.0253 0)
(-6.7145 13.268 0)
(-7.17596 16.2393 0)
(-7.18563 18.656 0)
(-6.79634 19.3387 0)
(-6.74041 18.6134 0)
(-5.99366 18.7924 0)
(-5.85627 18.7311 0)
(-5.59243 18.6806 0)
(-5.56773 18.1928 0)
(-5.47497 17.6434 0)
(-5.305 16.2086 0)
(-4.61761 11.7244 0)
(1.28144 -1.71133 0)
(-0.63337 -9.04654 0)
(-2.0276 -7.10535 0)
(-3.18176 -3.71829 0)
(-4.05862 0.122716 0)
(-4.82162 3.87431 0)
(-5.67907 7.20042 0)
(-6.31555 10.6319 0)
(-6.87177 13.6919 0)
(-7.22869 16.5366 0)
(-7.21948 18.5285 0)
(-6.91011 18.6769 0)
(-6.63216 18.0453 0)
(-5.90592 18.6491 0)
(-5.98573 18.508 0)
(-5.69938 18.3807 0)
(-5.61823 18.3361 0)
(-5.4723 17.7335 0)
(-4.78577 15.5493 0)
(-4.27239 9.8917 0)
(1.93775 -4.0736 0)
(-0.660921 -7.80452 0)
(-2.11133 -5.89341 0)
(-3.40407 -2.6854 0)
(-4.30364 1.04661 0)
(-5.05846 4.72305 0)
(-5.86584 8.02168 0)
(-6.45708 11.3036 0)
(-7.00121 14.2609 0)
(-7.35947 16.7367 0)
(-7.24463 18.2325 0)
(-6.74384 18.2616 0)
(-6.48924 17.7973 0)
(-5.88514 18.289 0)
(-5.87112 18.2982 0)
(-5.60861 18.5161 0)
(-5.6371 18.1663 0)
(-5.2959 17.2217 0)
(-4.66417 14.3114 0)
(-3.11262 6.34283 0)
(1.62507 -4.15252 0)
(-0.702912 -6.29407 0)
(-2.32078 -4.46464 0)
(-3.6654 -1.55926 0)
(-4.64518 1.95432 0)
(-5.35455 5.52288 0)
(-6.09474 8.75191 0)
(-6.70938 11.8952 0)
(-7.21984 14.5628 0)
(-7.34673 16.7689 0)
(-7.05888 17.9141 0)
(-6.62134 17.5751 0)
(-6.18039 17.2224 0)
(-5.57058 18.163 0)
(-5.72607 18.2356 0)
(-5.46403 18.2316 0)
(-5.3777 18.1857 0)
(-5.17838 17.0909 0)
(-4.27245 12.7118 0)
(-0.889056 2.09601 0)
(0.52067 -4.78679 0)
(-0.680231 -4.97185 0)
(-2.38044 -3.06911 0)
(-3.88063 -0.406903 0)
(-4.95323 2.86937 0)
(-5.70323 6.32337 0)
(-6.43792 9.47109 0)
(-6.93664 12.3959 0)
(-7.25376 14.9108 0)
(-7.27111 16.7096 0)
(-6.90163 17.3167 0)
(-6.17672 17.0304 0)
(-5.73849 17.1483 0)
(-5.41122 17.9082 0)
(-5.39239 17.9357 0)
(-5.04106 18.374 0)
(-5.08405 17.9861 0)
(-4.65245 16.1497 0)
(-4.01691 11.4323 0)
(0.465655 -0.206369 0)
(-0.568536 -4.51823 0)
(-0.754391 -3.30887 0)
(-2.45819 -1.50542 0)
(-4.0399 0.872496 0)
(-5.2069 3.82173 0)
(-6.01284 7.06129 0)
(-6.62604 10.0088 0)
(-7.02113 12.7612 0)
(-7.26419 14.8769 0)
(-7.02065 16.2934 0)
(-6.35427 16.7622 0)
(-5.72305 16.4487 0)
(-5.32876 16.5753 0)
(-4.91648 17.6442 0)
(-4.9094 17.9365 0)
(-4.64265 17.9947 0)
(-4.50363 17.6051 0)
(-4.1385 15.7242 0)
(-3.25935 9.81164 0)
(-0.0347546 -2.11996 0)
(-1.1048 -5.26671 0)
(-0.703887 -1.74357 0)
(-2.40737 0.0480143 0)
(-4.03712 2.19458 0)
(-5.29028 4.8164 0)
(-6.07016 7.76137 0)
(-6.65937 10.5165 0)
(-6.97038 12.923 0)
(-6.89096 14.775 0)
(-6.46349 15.9176 0)
(-5.86931 15.9897 0)
(-5.09451 15.8223 0)
(-4.70054 16.5412 0)
(-4.54652 17.4637 0)
(-4.36302 17.4892 0)
(-3.96044 17.9373 0)
(-3.91105 17.32 0)
(-3.25897 14.4668 0)
(-2.44291 7.99953 0)
(-0.242313 -2.91334 0)
(-1.02909 -5.89154 0)
(-0.668113 -0.243706 0)
(-2.29649 1.58673 0)
(-3.88094 3.5384 0)
(-5.12161 5.83437 0)
(-5.92824 8.47442 0)
(-6.39022 10.8326 0)
(-6.48763 12.9761 0)
(-6.34628 14.4189 0)
(-5.84282 15.1484 0)
(-5.0197 15.3228 0)
(-4.44412 15.4637 0)
(-4.252 16.0118 0)
(-3.88472 16.9945 0)
(-3.59793 17.4264 0)
(-3.33596 17.4278 0)
(-3.01882 16.5965 0)
(-2.41441 13.9766 0)
(-1.17918 6.96738 0)
(-0.199636 -3.0805 0)
(-0.63906 -6.57748 0)
(-0.598038 1.22861 0)
(-2.10366 3.08481 0)
(-3.55051 4.84428 0)
(-4.75844 6.822 0)
(-5.45414 9.05421 0)
(-5.78713 11.1265 0)
(-5.91624 12.8634 0)
(-5.55137 13.9942 0)
(-4.89331 14.6724 0)
(-4.36811 14.7159 0)
(-3.84054 14.8983 0)
(-3.50691 15.944 0)
(-3.29484 16.8698 0)
(-2.92564 16.8285 0)
(-2.45774 17.1197 0)
(-2.1507 16.3034 0)
(-1.31967 12.8963 0)
(-0.362602 5.96426 0)
(0.211709 -2.99207 0)
(-0.38046 -6.79957 0)
(-0.505171 2.47261 0)
(-1.82333 4.40384 0)
(-3.12463 6.03687 0)
(-4.17417 7.69251 0)
(-4.82823 9.64091 0)
(-5.10746 11.2818 0)
(-4.98634 12.7015 0)
(-4.64865 13.5946 0)
(-4.16997 13.9227 0)
(-3.5096 14.1534 0)
(-3.12289 14.7781 0)
(-3.01896 15.4823 0)
(-2.5742 16.2106 0)
(-2.04626 16.6511 0)
(-1.71039 16.5093 0)
(-1.12171 15.3583 0)
(-0.463133 12.5187 0)
(0.635775 5.72102 0)
(0.496819 -2.915 0)
(-0.107386 -6.80454 0)
(-0.403587 3.61078 0)
(-1.53479 5.59359 0)
(-2.60729 7.10351 0)
(-3.55535 8.51808 0)
(-4.10126 10.0495 0)
(-4.17638 11.4011 0)
(-4.15319 12.4653 0)
(-3.82047 13.1055 0)
(-3.18994 13.5869 0)
(-2.88691 13.8426 0)
(-2.60756 14.2618 0)
(-2.23724 15.3013 0)
(-1.90476 16.1128 0)
(-1.41322 15.9389 0)
(-0.840897 16.0109 0)
(-0.274 15.0629 0)
(0.485784 11.5293 0)
(1.03735 5.13874 0)
(0.919969 -2.25855 0)
(0.131877 -6.43011 0)
(-0.30828 4.48722 0)
(-1.21915 6.55215 0)
(-2.11941 8.01231 0)
(-2.88097 9.14982 0)
(-3.30219 10.4222 0)
(-3.46489 11.4554 0)
(-3.21288 12.2408 0)
(-2.90821 12.8207 0)
(-2.64355 13.0585 0)
(-2.17383 13.3912 0)
(-1.88035 14.2461 0)
(-1.76195 14.8723 0)
(-1.26547 15.2784 0)
(-0.606034 15.6711 0)
(-0.212394 15.3349 0)
(0.513414 14.0157 0)
(1.06338 11.2501 0)
(1.74857 5.3988 0)
(1.19396 -1.89462 0)
(0.343948 -6.06192 0)
(-0.21515 5.22627 0)
(-0.956859 7.34985 0)
(-1.61834 8.74652 0)
(-2.26343 9.73788 0)
(-2.63724 10.6565 0)
(-2.59861 11.4688 0)
(-2.47408 12.0493 0)
(-2.28931 12.395 0)
(-1.80828 12.8769 0)
(-1.65865 13.3037 0)
(-1.4742 13.6967 0)
(-1.05536 14.5742 0)
(-0.659093 15.1921 0)
(-0.151243 14.8747 0)
(0.464225 14.7636 0)
(1.0602 13.7992 0)
(1.63252 10.4158 0)
(1.75389 5.23401 0)
(1.44465 -0.900272 0)
(0.343456 -4.86317 0)
(-0.140795 5.73852 0)
(-0.699031 7.9276 0)
(-1.20054 9.32411 0)
(-1.70742 10.1426 0)
(-1.92783 10.8634 0)
(-2.0641 11.4451 0)
(-1.78419 11.859 0)
(-1.50299 12.2603 0)
(-1.45849 12.5176 0)
(-1.11679 12.9131 0)
(-0.802939 13.7248 0)
(-0.67086 14.1763 0)
(-0.203151 14.2551 0)
(0.474034 14.616 0)
(0.821478 14.0718 0)
(1.46262 12.7342 0)
(1.88798 10.3769 0)
(2.2643 5.66475 0)
(1.41709 -0.54519 0)
(0.386596 -4.69887 0)
(-0.0681945 6.14125 0)
(-0.51415 8.37499 0)
(-0.819908 9.74272 0)
(-1.21352 10.5339 0)
(-1.45814 10.9897 0)
(-1.3775 11.3888 0)
(-1.24736 11.7074 0)
(-1.14181 11.9178 0)
(-0.752447 12.3936 0)
(-0.704278 12.9471 0)
(-0.538667 13.1433 0)
(-0.0967881 13.8142 0)
(0.276916 14.2384 0)
(0.687939 13.799 0)
(1.25501 13.5967 0)
(1.73544 12.6904 0)
(2.15461 9.70905 0)
(1.98596 5.91388 0)
(1.75071 0.931684 0)
(0.58341 -3.05779 0)
(-0.0206079 6.37678 0)
(-0.339615 8.6555 0)
(-0.522228 10.0369 0)
(-0.815929 10.7398 0)
(-0.903544 11.1013 0)
(-1.0293 11.3383 0)
(-0.797231 11.5322 0)
(-0.507169 11.8856 0)
(-0.56326 12.0976 0)
(-0.281218 12.5148 0)
(0.0398527 13.2337 0)
(0.165553 13.4566 0)
(0.541454 13.2659 0)
(1.16494 13.6668 0)
(1.37356 12.9539 0)
(1.86311 11.7876 0)
(2.18718 9.94992 0)
(2.34443 6.18063 0)
(1.23687 1.00876 0)
(0.290179 -2.51899 0)
(0.0436534 6.54407 0)
(-0.216873 8.85062 0)
(-0.270212 10.1895 0)
(-0.44073 10.9811 0)
(-0.614542 11.1751 0)
(-0.499898 11.278 0)
(-0.412036 11.3857 0)
(-0.339174 11.5704 0)
(0.0469314 12.0269 0)
(0.0374137 12.5931 0)
(0.16437 12.614 0)
(0.621079 13.1274 0)
(0.915027 13.4169 0)
(1.16437 12.8772 0)
(1.69038 12.7055 0)
(2.00174 11.9412 0)
(2.23702 9.43884 0)
(1.93661 6.81 0)
(1.76842 2.57454 0)
(0.57276 -1.81208 0)
(0.0851266 6.57636 0)
(-0.0898335 8.9405 0)
(-0.0515377 10.2766 0)
(-0.164641 11.0346 0)
(-0.168044 11.2218 0)
(-0.304421 11.2242 0)
(-0.102298 11.2264 0)
(0.19939 11.5668 0)
(0.105286 11.7807 0)
(0.386926 12.1457 0)
(0.654886 12.7855 0)
(0.770026 12.7896 0)
(1.06013 12.4841 0)
(1.58651 12.9885 0)
(1.62006 12.1182 0)
(2.00944 11.247 0)
(2.19584 9.90541 0)
(2.18403 6.83997 0)
(1.03195 2.81689 0)
(0.287969 0.0155334 0)
(0.15415 6.57061 0)
(0.016489 8.9884 0)
(0.131387 10.2454 0)
(0.145048 11.1521 0)
(0.0205416 11.271 0)
(0.145085 11.1892 0)
(0.156391 11.0853 0)
(0.238777 11.2118 0)
(0.684243 11.7423 0)
(0.621883 12.3071 0)
(0.656736 12.1477 0)
(1.12601 12.5463 0)
(1.38132 12.8129 0)
(1.45274 12.2522 0)
(1.92347 12.1604 0)
(2.04395 11.5116 0)
(2.08309 9.53379 0)
(1.77961 7.75349 0)
(1.57113 3.94618 0)
(0.335739 -0.775482 0)
(0.23682 6.42432 0)
(0.173735 8.94714 0)
(0.330528 10.2014 0)
(0.353551 11.0893 0)
(0.44511 11.2917 0)
(0.260626 11.1519 0)
(0.418997 10.9584 0)
(0.685492 11.1968 0)
(0.622574 11.4472 0)
(0.962502 11.8659 0)
(1.11251 12.4808 0)
(1.11736 12.1854 0)
(1.40125 11.8521 0)
(1.87299 12.5972 0)
(1.67092 11.5891 0)
(2.01829 11.0095 0)
(2.04799 10.1091 0)
(1.89764 7.60074 0)
(0.945526 4.51785 0)
(0.569606 2.27322 0)
(0.319348 6.19535 0)
(0.326936 8.86913 0)
(0.535643 10.0395 0)
(0.666349 11.0956 0)
(0.607709 11.3175 0)
(0.728325 11.1839 0)
(0.617674 10.8846 0)
(0.646711 10.8223 0)
(1.15921 11.389 0)
(1.1079 12.0583 0)
(1.07201 11.8554 0)
(1.44816 12.174 0)
(1.60936 12.3093 0)
(1.60463 11.8446 0)
(2.01112 11.9472 0)
(1.91548 11.3319 0)
(1.81748 9.8385 0)
(1.55137 8.60901 0)
(1.29875 5.09701 0)
(-0.0610249 0.219332 0)
(0.456979 5.81301 0)
(0.549201 8.72523 0)
(0.784139 9.93528 0)
(0.880676 10.9346 0)
(1.05353 11.3068 0)
(0.843339 11.1946 0)
(0.962435 10.8736 0)
(1.06265 10.8686 0)
(0.944143 10.9978 0)
(1.43432 11.5628 0)
(1.55859 12.3629 0)
(1.35144 11.7948 0)
(1.55614 11.3639 0)
(1.99436 12.3663 0)
(1.6008 11.3398 0)
(1.93411 11.0168 0)
(1.83762 10.4603 0)
(1.60366 8.36876 0)
(0.847123 5.86719 0)
(0.823623 4.08798 0)
(0.618973 5.16648 0)
(0.831514 8.5069 0)
(1.07303 9.73969 0)
(1.22439 10.8675 0)
(1.22506 11.2931 0)
(1.37178 11.2678 0)
(1.14794 10.9151 0)
(1.08462 10.6118 0)
(1.48406 11.009 0)
(1.42241 11.6985 0)
(1.46706 11.6923 0)
(1.79424 12.1422 0)
(1.71106 11.9881 0)
(1.64895 11.5675 0)
(2.03397 11.9889 0)
(1.74605 11.3518 0)
(1.56615 10.2605 0)
(1.35996 9.38909 0)
(1.12173 6.21701 0)
(-0.277008 1.32486 0)
(0.739124 4.3922 0)
(1.15224 8.22806 0)
(1.41898 9.6488 0)
(1.48681 10.6491 0)
(1.67993 11.2392 0)
(1.48255 11.2881 0)
(1.60594 10.992 0)
(1.52353 10.7912 0)
(1.23346 10.6336 0)
(1.76287 11.1712 0)
(1.93209 12.2761 0)
(1.59864 11.6371 0)
(1.73279 11.1874 0)
(2.04417 12.2489 0)
(1.53595 11.298 0)
(1.8794 11.23 0)
(1.6915 10.8852 0)
(1.39249 9.07923 0)
(0.73373 6.95985 0)
(0.999786 5.49491 0)
(1.12925 3.18163 0)
(1.56492 7.90003 0)
(1.76105 9.53538 0)
(1.81329 10.6002 0)
(1.84628 11.1731 0)
(2.02906 11.3329 0)
(1.74077 11.0854 0)
(1.67827 10.6922 0)
(1.88766 10.8625 0)
(1.62165 11.2874 0)
(1.78032 11.4927 0)
(2.17775 12.3536 0)
(1.84405 11.9341 0)
(1.69452 11.426 0)
(2.09224 12.1785 0)
(1.61824 11.5114 0)
(1.41419 10.7336 0)
(1.29093 10.1135 0)
(1.00887 7.25504 0)
(-0.427258 2.41289 0)
(1.21898 1.35935 0)
(1.95632 7.28989 0)
(2.15496 9.48217 0)
(2.06974 10.4269 0)
(2.20876 11.1002 0)
(2.08106 11.3325 0)
(2.27049 11.1848 0)
(2.06774 10.9553 0)
(1.68446 10.5669 0)
(2.1139 10.9057 0)
(2.19309 12.0776 0)
(1.8464 11.5521 0)
(2.03116 11.3655 0)
(2.1362 12.2769 0)
(1.53763 11.3854 0)
(1.92867 11.5987 0)
(1.63867 11.3393 0)
(1.28638 9.73616 0)
(0.72432 7.93415 0)
(1.20125 6.78646 0)
(0.479367 -0.313279 0)
(2.07904 6.76468 0)
(2.33804 9.33816 0)
(2.32001 10.4365 0)
(2.33095 10.988 0)
(2.54507 11.3 0)
(2.28631 11.2613 0)
(2.33734 10.9563 0)
(2.41283 11.0332 0)
(1.87633 11.0598 0)
(2.07888 11.2757 0)
(2.55579 12.6092 0)
(2.05914 12.0517 0)
(1.86719 11.4884 0)
(2.26761 12.4732 0)
(1.56403 11.7605 0)
(1.4471 11.2358 0)
(1.33803 10.8206 0)
(0.910943 8.20457 0)
(-0.600561 3.43901 0)
(-0.408451 -1.49114 0)
(1.91573 6.0723 0)
(2.30681 9.18628 0)
(2.42516 10.3049 0)
(2.5608 10.9559 0)
(2.52621 11.2621 0)
(2.80704 11.2989 0)
(2.5666 11.1887 0)
(2.23979 10.7527 0)
(2.61696 10.9649 0)
(2.4013 11.8479 0)
(2.08883 11.4039 0)
(2.444 11.7665 0)
(2.37677 12.4601 0)
(1.68358 11.5908 0)
(2.19402 12.088 0)
(1.67996 11.8237 0)
(1.35091 10.4205 0)
(0.833806 8.95943 0)
(1.54949 8.05919 0)
(-0.91371 -1.93141 0)
(1.55372 4.92685 0)
(2.19155 8.66307 0)
(2.51718 10.2719 0)
(2.63309 10.8455 0)
(2.86756 11.202 0)
(2.68119 11.3269 0)
(2.90862 11.1948 0)
(2.91119 11.345 0)
(2.23667 11.0803 0)
(2.50952 11.2502 0)
(2.89405 12.7922 0)
(2.29519 12.1235 0)
(2.20873 11.7331 0)
(2.61911 12.8579 0)
(1.62592 12.0907 0)
(1.77287 11.8267 0)
(1.47206 11.6074 0)
(0.860448 9.17778 0)
(-0.799556 4.64003 0)
(-1.11681 -1.98544 0)
(0.994246 3.36547 0)
(2.10259 7.99932 0)
(2.59967 9.93943 0)
(2.78836 10.8124 0)
(2.83513 11.1331 0)
(3.15791 11.288 0)
(2.90801 11.3085 0)
(2.77673 10.9807 0)
(3.19957 11.2663 0)
(2.64869 11.7143 0)
(2.40271 11.2519 0)
(2.90001 12.2272 0)
(2.6775 12.6485 0)
(1.96892 11.8736 0)
(2.7065 12.6928 0)
(1.74693 12.3688 0)
(1.63929 11.2283 0)
(0.923919 10.0312 0)
(1.9985 9.26667 0)
(-1.08175 -1.6899 0)
(0.451389 1.51121 0)
(2.07794 7.08835 0)
(2.66127 9.66886 0)
(2.88865 10.5768 0)
(3.10463 11.0478 0)
(2.98727 11.259 0)
(3.34834 11.3011 0)
(3.27008 11.5705 0)
(2.63386 11.1877 0)
(3.14221 11.4945 0)
(3.26331 12.9545 0)
(2.55759 12.0625 0)
(2.66836 12.0782 0)
(3.04024 13.2442 0)
(1.75874 12.4644 0)
(2.37689 12.5968 0)
(1.58524 12.5133 0)
(1.01102 10.4028 0)
(-1.0097 6.1452 0)
(-0.829262 -1.29143 0)
(0.0986727 -0.434874 0)
(2.04618 6.01518 0)
(2.70967 9.07297 0)
(3.01398 10.4764 0)
(3.1187 10.903 0)
(3.4437 11.1459 0)
(3.17342 11.2662 0)
(3.31676 11.1229 0)
(3.71489 11.5659 0)
(2.90427 11.5691 0)
(2.94001 11.2632 0)
(3.48318 12.7445 0)
(2.98798 12.7446 0)
(2.41265 12.1852 0)
(3.35181 13.3823 0)
(1.79513 12.9605 0)
(2.24834 12.2941 0)
(0.861658 11.1746 0)
(2.60388 10.5943 0)
(-0.267373 -0.968179 0)
(-0.194084 -1.92277 0)
(1.79372 4.67078 0)
(2.66648 8.47753 0)
(3.13641 10.0756 0)
(3.34761 10.8327 0)
(3.29511 11.0747 0)
(3.76722 11.2896 0)
(3.54318 11.6267 0)
(3.12375 11.27 0)
(3.86575 11.8444 0)
(3.67117 13.0046 0)
(2.98937 11.9496 0)
(3.40872 12.5692 0)
(3.49049 13.5748 0)
(2.09227 12.8397 0)
(3.20533 13.576 0)
(1.69302 13.5472 0)
(1.5175 12.0327 0)
(-1.43953 7.89277 0)
(0.345676 -0.836534 0)
(-0.429211 -2.48668 0)
(1.32249 3.28364 0)
(2.58515 7.5553 0)
(3.18794 9.82084 0)
(3.43123 10.5918 0)
(3.72152 10.9422 0)
(3.4458 11.0709 0)
(3.93198 11.1699 0)
(4.1436 11.7314 0)
(3.17697 11.2727 0)
(3.6963 11.4148 0)
(4.23556 13.2194 0)
(3.40787 12.7361 0)
(3.28075 12.6001 0)
(4.10441 14.0887 0)
(2.05925 13.5684 0)
(3.21846 13.6394 0)
(0.749965 12.5679 0)
(3.7039 12.3896 0)
(0.703783 -0.874214 0)
(-0.461016 -2.493 0)
(0.773178 1.66968 0)
(2.38434 6.53898 0)
(3.27544 9.16721 0)
(3.61988 10.5279 0)
(3.65284 10.8789 0)
(4.13165 11.1517 0)
(3.73443 11.4472 0)
(3.85443 11.3472 0)
(4.64358 12.2125 0)
(4.01112 12.6798 0)
(3.66372 11.7659 0)
(4.53347 13.1668 0)
(4.03741 13.7739 0)
(3.01668 13.2806 0)
(4.27612 14.7017 0)
(2.15383 14.8086 0)
(2.34759 14.083 0)
(-2.12026 10.1171 0)
(0.651558 -1.0945 0)
(-0.288766 -2.28588 0)
(0.288808 0.0146174 0)
(2.26131 5.26546 0)
(3.18149 8.59719 0)
(3.744 10.0829 0)
(4.03967 10.7483 0)
(3.75548 10.8084 0)
(4.49846 11.0236 0)
(4.38404 11.575 0)
(3.679 10.915 0)
(4.69775 11.7099 0)
(4.97028 13.3287 0)
(4.023 12.429 0)
(4.78486 13.1596 0)
(5.03083 14.6333 0)
(3.06724 14.1755 0)
(4.59591 15.2707 0)
(1.16072 14.6609 0)
(5.15502 15.0339 0)
(0.312334 -1.34482 0)
(0.0675467 -2.1105 0)
(0.0308149 -1.29668 0)
(2.0169 3.89349 0)
(3.21852 7.60294 0)
(3.79891 9.8871 0)
(4.07435 10.674 0)
(4.45491 11.0198 0)
(3.85265 11.0361 0)
(4.71571 11.2947 0)
(5.34654 12.3886 0)
(4.31681 11.9054 0)
(4.74062 11.5983 0)
(5.83281 13.5897 0)
(4.69735 13.513 0)
(4.9214 13.8152 0)
(5.71624 15.7446 0)
(3.76881 16.2708 0)
(3.58334 16.7595 0)
(-2.29844 13.6803 0)
(0.103318 -1.58715 0)
(0.668307 -2.02219 0)
(0.244082 -2.16837 0)
(1.8186 2.47296 0)
(2.92898 6.60069 0)
(3.89336 9.06457 0)
(4.29392 10.4183 0)
(4.20441 10.6544 0)
(4.88997 10.75 0)
(4.2199 10.8182 0)
(4.48678 10.5294 0)
(5.93002 12.0789 0)
(5.49026 12.7712 0)
(5.10219 11.7694 0)
(6.82336 13.6422 0)
(6.11129 14.5799 0)
(5.41548 14.6197 0)
(6.95352 16.8185 0)
(3.44339 17.7402 0)
(6.84837 19.7687 0)
(0.115924 -2.08094 0)
(1.24442 -2.13548 0)
(0.985972 -2.28046 0)
(1.46303 0.969781 0)
(2.94014 5.53038 0)
(3.67174 8.70001 0)
(4.29205 10.1541 0)
(4.66307 10.8753 0)
(4.20559 10.7712 0)
(5.50347 11.063 0)
(5.44287 11.7421 0)
(4.70878 10.6578 0)
(6.41835 11.6879 0)
(6.88821 13.3701 0)
(5.70659 12.4682 0)
(7.87345 14.2156 0)
(7.53626 16.0716 0)
(7.63074 17.1751 0)
(6.91559 18.9093 0)
(-0.11211 20.2782 0)
(0.15112 -2.93278 0)
(1.30013 -2.83823 0)
(1.61521 -2.20371 0)
(1.54847 0.197667 0)
(2.50341 4.38518 0)
(3.6447 7.62562 0)
(4.09212 9.65886 0)
(4.42401 10.2493 0)
(4.9376 10.3758 0)
(3.98175 9.79548 0)
(5.61113 10.1967 0)
(6.73029 11.811 0)
(5.65161 11.0667 0)
(7.21875 11.2629 0)
(8.7181 13.5434 0)
(7.53902 13.1593 0)
(9.02965 14.3962 0)
(10.6442 17.5566 0)
(12.1368 19.5723 0)
(10.4383 25.975 0)
(0.299498 -3.69055 0)
(0.808037 -3.89082 0)
(1.78736 -2.28795 0)
(1.39107 -0.420712 0)
(2.46521 3.87367 0)
(2.99566 7.25177 0)
(3.85971 9.19477 0)
(4.37166 10.3943 0)
(4.63564 10.5411 0)
(5.90537 10.5966 0)
(4.71194 10.0613 0)
(5.75572 9.46126 0)
(8.02518 11.6501 0)
(6.93344 11.5259 0)
(7.97927 11.2781 0)
(11.1084 14.2479 0)
(9.54179 13.7842 0)
(10.8608 16.2633 0)
(17.4506 15.3003 0)
(14.8856 25.5533 0)
(0.40639 -4.18588 0)
(0.4074 -4.51339 0)
(1.31611 -2.91562 0)
(1.4291 -0.538213 0)
(1.61563 2.71744 0)
(2.75386 6.22061 0)
(3.02934 8.3831 0)
(3.732 9.07375 0)
(4.23312 9.50496 0)
(4.30124 9.08032 0)
(6.78641 9.80513 0)
(6.13866 9.92621 0)
(6.49476 8.81347 0)
(10.1152 11.1561 0)
(8.47118 10.5923 0)
(9.81747 11.8381 0)
(15.411 11.9848 0)
(10.3594 17.4142 0)
(19.1256 9.91911 0)
(18.4547 20.6228 0)
(0.267243 -4.41006 0)
(0.204631 -4.77101 0)
(0.725321 -3.25663 0)
(0.672442 -0.570158 0)
(1.23983 3.10417 0)
(1.52059 5.99417 0)
(2.64292 8.20756 0)
(3.1909 9.51876 0)
(4.24264 9.21795 0)
(5.0175 9.43827 0)
(4.20122 7.82202 0)
(7.78201 9.41688 0)
(7.26888 8.80899 0)
(7.29443 10.0157 0)
(13.4431 8.77241 0)
(8.21275 13.583 0)
(16.7181 5.88373 0)
(14.0661 16.7664 0)
(16.5284 7.994 0)
(20.2077 14.8173 0)
(0.0908163 -4.52287 0)
(0.03594 -4.78365 0)
(0.0308858 -3.4699 0)
(0.156666 -1.24903 0)
(0.091236 1.71694 0)
(0.922686 4.91281 0)
(1.04934 6.28137 0)
(1.76796 7.9943 0)
(2.6983 7.04682 0)
(4.61601 9.28043 0)
(6.81552 6.22661 0)
(5.04196 9.22369 0)
(11.6591 5.03934 0)
(7.55413 11.547 0)
(13.8237 2.78952 0)
(12.0539 13.6467 0)
(13.4767 2.64563 0)
(16.4994 14.1546 0)
(16.3159 9.39268 0)
(20.6638 10.9856 0)
(0.0843695 -4.69361 0)
(-0.168665 -4.53071 0)
(-1.15215 -3.06341 0)
(-0.861043 -0.0913176 0)
(-1.09621 2.84898 0)
(-0.649223 5.37686 0)
(1.19412 7.1212 0)
(0.507591 8.94494 0)
(2.9753 3.87949 0)
(2.80781 10.1211 0)
(6.76026 2.70785 0)
(6.5701 10.9483 0)
(8.04114 -0.260194 0)
(9.99642 11.3805 0)
(9.10166 -0.714318 0)
(13.7244 12.7765 0)
(12.6211 4.54979 0)
(16.6588 10.2762 0)
(17.0653 9.29667 0)
(20.4386 8.81987 0)
(0.0193573 -4.67977 0)
(-0.253569 -4.27074 0)
(-1.3548 -3.52325 0)
(-2.07902 -1.65751 0)
(-1.73944 0.860066 0)
(-1.90414 2.81834 0)
(0.135786 3.21146 0)
(-0.994377 7.95714 0)
(3.20854 1.47293 0)
(3.95802 9.73179 0)
(3.06319 -3.69817 0)
(7.81765 10.5941 0)
(4.50307 -2.96093 0)
(10.9412 11.7732 0)
(8.57897 0.836201 0)
(12.7447 9.8426 0)
(12.6887 5.68062 0)
(15.6131 6.54137 0)
(16.9597 7.06341 0)
(19.526 6.74536 0)
(-0.676615 -3.64767 0)
(-1.78193 -2.24925 0)
(-3.3824 -0.513793 0)
(-4.30029 1.15564 0)
(-4.13533 3.28947 0)
(-2.6587 4.50501 0)
(0.579429 6.79167 0)
(-1.755 7.78171 0)
(1.68114 -4.79865 0)
(5.9054 10.5936 0)
(3.75383 -3.31189 0)
(8.52417 10.7015 0)
(7.48237 -1.18678 0)
(9.76544 8.74863 0)
(10.0227 1.55333 0)
(11.7773 4.78833 0)
(13.0883 4.05036 0)
(15.2397 3.72214 0)
(16.8741 4.20518 0)
(18.8848 4.26609 0)
(-0.98206 -3.352 0)
(-2.24692 -2.72407 0)
(-2.91883 -1.49972 0)
(-2.4512 -0.883611 0)
(-1.65497 -0.777668 0)
(-0.678406 -3.56552 0)
(0.955379 1.3752 0)
(2.48063 5.294 0)
(0.63848 -6.16196 0)
(4.85268 8.80038 0)
(4.14255 -2.44767 0)
(6.36621 7.15456 0)
(8.10281 -0.306821 0)
(8.89134 4.23898 0)
(10.9475 1.765 0)
(12.4681 2.28083 0)
(14.0902 2.53928 0)
(15.9923 2.4072 0)
(17.7351 2.57162 0)
(19.4953 2.68052 0)
(-1.28264 0.276106 0)
(-2.4339 0.519454 0)
(-3.73965 -0.28101 0)
(-4.14192 0.337542 0)
(-3.64154 0.980657 0)
(-3.94812 3.17696 0)
(-6.49756 5.07676 0)
(5.22945 6.81182 0)
(0.859872 0.81515 0)
(0.92272 3.14433 0)
(6.88851 -0.455525 0)
(3.21811 1.0035 0)
(8.67059 -0.361833 0)
(8.31219 0.889364 0)
(10.4693 0.462513 0)
(12.2893 0.529546 0)
(13.9281 0.708253 0)
(15.6376 0.721828 0)
(17.3108 0.781692 0)
(18.9545 0.840578 0)
(11.675 15.0555 0)
(-5.84744 -9.35159 0)
(6.31882 -9.59102 0)
(8.47452 -0.637546 0)
(3.51325 9.87745 0)
(-8.98246 4.20731 0)
(-8.25382 -0.904213 0)
(-4.621 0.0516699 0)
(-4.79749 -0.934459 0)
(-5.90558 -0.607088 0)
(-6.28717 -0.035938 0)
(-6.12106 -1.03068 0)
(-6.93058 -0.366326 0)
(-6.9592 -0.336782 0)
(-7.4417 0.12467 0)
(-7.832 0.275283 0)
(-8.63983 0.727645 0)
(-9.2749 0.660857 0)
(-10.205 0.950166 0)
(-10.9827 0.744896 0)
(-11.892 0.904455 0)
(-12.6545 0.645597 0)
(-13.3977 0.738785 0)
(-14.0657 0.464498 0)
(-14.664 0.562549 0)
(-15.1095 0.295695 0)
(-15.4525 0.373367 0)
(-15.7688 0.160947 0)
(-15.9022 0.254121 0)
(-15.9906 0.0594175 0)
(-15.8131 0.0847219 0)
(-15.8587 -0.0798585 0)
(-15.4361 -0.0236459 0)
(-15.1906 -0.267989 0)
(-14.3111 -0.311087 0)
(-14.0073 -0.482398 0)
(-12.5874 -0.560805 0)
(-12.1021 -0.747058 0)
(-10.3688 -0.494886 0)
(-9.45842 -0.551774 0)
(-7.71587 -0.635871 0)
(-7.25597 -0.977446 0)
(-3.45395 -1.01813 0)
(-3.9973 -0.341215 0)
(-0.976287 -0.93933 0)
(0.139811 -0.630298 0)
(1.91747 -0.625707 0)
(3.48394 -0.57297 0)
(4.90974 -0.504281 0)
(6.24383 -0.419569 0)
(7.38379 -0.323557 0)
(8.36742 -0.244076 0)
(9.15808 -0.149087 0)
(9.72312 -0.0693833 0)
(10.152 -0.00860656 0)
(10.344 0.0632819 0)
(10.4344 0.0999849 0)
(10.3695 0.145457 0)
(10.2672 0.179336 0)
(10.0827 0.218074 0)
(9.85409 0.230074 0)
(9.6183 0.226584 0)
(9.32806 0.233778 0)
(9.09967 0.218785 0)
(8.8161 0.223995 0)
(8.58535 0.197318 0)
(8.33904 0.194211 0)
(8.09044 0.173054 0)
(7.90926 0.144949 0)
(7.67813 0.128438 0)
(7.56082 0.0812851 0)
(7.40821 0.0690249 0)
(7.31875 0.032152 0)
(7.27514 0.015134 0)
(7.20478 0.00988534 0)
(7.23041 -0.0107249 0)
(7.20989 0.0149789 0)
(7.2058 0.00689258 0)
(7.24171 0.0326206 0)
(7.17634 0.0585662 0)
(18.6954 17.7546 0)
(12.1648 9.7668 0)
(-20.3274 -4.22205 0)
(-4.74271 2.89232 0)
(-19.5229 2.02688 0)
(0.79301 4.29353 0)
(-9.90873 -2.86286 0)
(0.698224 -2.82518 0)
(-4.82746 -0.263671 0)
(-2.02093 4.16672 0)
(-3.11569 -0.310905 0)
(-1.80779 1.53152 0)
(-2.77073 1.34324 0)
(-3.0196 1.58393 0)
(-2.94748 0.520671 0)
(-3.53463 1.0882 0)
(-4.13465 1.09125 0)
(-4.54826 1.0462 0)
(-5.35493 1.02849 0)
(-5.58115 0.901342 0)
(-6.38027 0.848505 0)
(-6.41413 0.699772 0)
(-7.05113 0.626227 0)
(-6.97487 0.434042 0)
(-7.62136 0.412089 0)
(-7.52086 0.304426 0)
(-7.71595 0.212669 0)
(-7.72242 0.0778224 0)
(-7.70504 -0.00659433 0)
(-7.68769 -0.128377 0)
(-7.18795 -0.298514 0)
(-6.97304 -0.518802 0)
(-6.58766 -0.641911 0)
(-6.25138 -0.872141 0)
(-4.75155 -1.19613 0)
(-4.79892 -1.35866 0)
(-3.6139 -1.56969 0)
(-2.06653 -1.88546 0)
(-1.69561 -2.1316 0)
(0.317312 -2.30714 0)
(1.28369 -2.44427 0)
(2.96523 -2.63372 0)
(4.54514 -2.77329 0)
(5.91341 -2.63977 0)
(7.62053 -2.75836 0)
(9.13605 -2.60587 0)
(10.6122 -2.48627 0)
(12.0311 -2.32302 0)
(13.3394 -2.11068 0)
(14.5038 -1.86498 0)
(15.565 -1.59226 0)
(16.4176 -1.30279 0)
(17.1729 -1.01326 0)
(17.6813 -0.730116 0)
(18.1135 -0.485377 0)
(18.3363 -0.270824 0)
(18.4886 -0.104056 0)
(18.5194 0.0301524 0)
(18.514 0.141211 0)
(18.4137 0.225242 0)
(18.2821 0.280357 0)
(18.1143 0.306431 0)
(17.935 0.316051 0)
(17.7588 0.309801 0)
(17.5742 0.296557 0)
(17.4157 0.280129 0)
(17.2497 0.264697 0)
(17.1364 0.245609 0)
(17.0003 0.222872 0)
(16.9421 0.189935 0)
(16.8358 0.163373 0)
(16.821 0.124266 0)
(16.7335 0.101439 0)
(16.7415 0.059156 0)
(16.6846 0.0334191 0)
(16.6838 0.00366151 0)
(16.6698 -0.0138261 0)
(16.6478 -0.00947815 0)
(16.6633 -0.0184799 0)
(16.6491 0.00528308 0)
(21.3487 18.4668 0)
(24.9531 17.1404 0)
(21.0449 13.3835 0)
(18.6849 6.47448 0)
(10.2126 2.60237 0)
(9.15506 0.31972 0)
(3.97614 -1.06357 0)
(4.05334 -1.93626 0)
(-5.4514 -0.144988 0)
(-1.03095 -0.59725 0)
(-1.87008 -1.93453 0)
(-2.59542 -0.931123 0)
(-2.29422 -0.370722 0)
(-0.857653 -0.382229 0)
(0.0259657 -0.224551 0)
(0.196075 0.473825 0)
(1.45197 0.818276 0)
(2.28059 1.04959 0)
(2.83904 1.34531 0)
(3.62811 1.4961 0)
(4.07165 1.59343 0)
(4.56641 1.60186 0)
(4.65003 1.53703 0)
(4.82544 1.36339 0)
(4.54957 1.17439 0)
(4.5369 0.90118 0)
(4.37644 0.691702 0)
(4.32215 0.458705 0)
(4.53882 0.16787 0)
(4.54612 -0.141801 0)
(4.93188 -0.427833 0)
(5.07305 -0.673858 0)
(5.56308 -0.981958 0)
(6.08255 -1.4036 0)
(6.79577 -1.76494 0)
(7.53287 -2.13406 0)
(8.44947 -2.50871 0)
(9.3021 -2.92047 0)
(10.4379 -3.15113 0)
(11.5735 -3.51072 0)
(12.7384 -3.71405 0)
(13.8789 -3.95956 0)
(15.0933 -4.07047 0)
(16.2492 -4.11907 0)
(17.4873 -4.1333 0)
(18.5872 -4.04595 0)
(19.7206 -3.88042 0)
(20.6805 -3.62211 0)
(21.6515 -3.30775 0)
(22.4183 -2.91913 0)
(23.1751 -2.49886 0)
(23.7095 -2.03271 0)
(24.2075 -1.57484 0)
(24.4827 -1.12271 0)
(24.7141 -0.727101 0)
(24.7775 -0.384668 0)
(24.818 -0.117941 0)
(24.772 0.0963873 0)
(24.7094 0.255868 0)
(24.6027 0.369197 0)
(24.4708 0.449624 0)
(24.3422 0.496743 0)
(24.1887 0.52807 0)
(24.0778 0.531069 0)
(23.9273 0.533808 0)
(23.8453 0.511115 0)
(23.7034 0.497531 0)
(23.6419 0.449068 0)
(23.5132 0.411395 0)
(23.4701 0.340245 0)
(23.3665 0.288604 0)
(23.3311 0.215733 0)
(23.2495 0.164983 0)
(23.2087 0.106492 0)
(23.1509 0.0654024 0)
(23.0962 0.0396521 0)
(23.066 0.0166061 0)
(23.0125 0.0254937 0)
(23.0021 0.0203698 0)
(22.9589 0.0420248 0)
(21.1292 15.2178 0)
(26.775 15.2839 0)
(26.6986 12.9568 0)
(28.3816 9.77626 0)
(25.9758 7.30659 0)
(25.6601 5.57158 0)
(23.5693 4.16151 0)
(23.2395 3.22032 0)
(21.8442 2.95116 0)
(20.6749 2.24531 0)
(20.8051 1.48847 0)
(20.4946 1.05548 0)
(19.8584 0.552617 0)
(19.3565 0.179288 0)
(19.1968 -0.0286307 0)
(18.9424 0.11907 0)
(18.4127 0.260522 0)
(18.0692 0.354258 0)
(17.497 0.464796 0)
(17.0811 0.552712 0)
(16.495 0.61851 0)
(16.0785 0.6134 0)
(15.6143 0.570955 0)
(15.2807 0.483399 0)
(14.9578 0.369885 0)
(14.8246 0.250535 0)
(14.7068 0.0544199 0)
(14.7635 -0.133815 0)
(14.8787 -0.403498 0)
(15.1101 -0.701934 0)
(15.4435 -1.07538 0)
(15.902 -1.40941 0)
(16.3956 -1.81293 0)
(17.0449 -2.22211 0)
(17.6986 -2.65964 0)
(18.4683 -3.07793 0)
(19.2109 -3.50982 0)
(20.0102 -3.8663 0)
(20.8136 -4.22584 0)
(21.6172 -4.53318 0)
(22.4028 -4.79697 0)
(23.1348 -4.98839 0)
(23.8468 -5.10308 0)
(24.5049 -5.13695 0)
(25.1678 -5.10477 0)
(25.7527 -4.96532 0)
(26.3399 -4.73641 0)
(26.8151 -4.40111 0)
(27.2981 -4.00694 0)
(27.6631 -3.52863 0)
(28.0333 -3.01197 0)
(28.2644 -2.44572 0)
(28.4717 -1.8879 0)
(28.5247 -1.34771 0)
(28.55 -0.874763 0)
(28.4604 -0.468448 0)
(28.3766 -0.140903 0)
(28.2498 0.114172 0)
(28.1343 0.29464 0)
(27.9964 0.4186 0)
(27.8687 0.505205 0)
(27.7407 0.553684 0)
(27.6183 0.58564 0)
(27.5149 0.582887 0)
(27.4115 0.579987 0)
(27.3328 0.545488 0)
(27.2399 0.519815 0)
(27.1712 0.460884 0)
(27.0944 0.416637 0)
(27.0408 0.348408 0)
(26.9872 0.299507 0)
(26.9392 0.236726 0)
(26.8985 0.190709 0)
(26.8457 0.142282 0)
(26.815 0.10506 0)
(26.7553 0.0791273 0)
(26.7356 0.0590036 0)
(26.6754 0.054824 0)
(26.6645 0.0496487 0)
(26.6081 0.0570208 0)
(21.2293 11.6349 0)
(25.3719 11.4195 0)
(27.0816 10.4599 0)
(29.4189 8.68266 0)
(30.0221 7.03725 0)
(30.5414 5.36006 0)
(30.4069 4.02587 0)
(30.2428 2.89687 0)
(30.0926 2.05932 0)
(29.8833 1.345 0)
(29.6904 0.652943 0)
(29.4615 0.120499 0)
(29.2418 -0.107119 0)
(29.0593 -0.141024 0)
(28.9986 0.00438282 0)
(28.8873 0.314761 0)
(28.6862 0.749688 0)
(28.5246 1.15496 0)
(28.4618 1.48098 0)
(28.4572 1.69923 0)
(28.4647 1.81479 0)
(28.4482 1.84001 0)
(28.4253 1.77242 0)
(28.3726 1.61151 0)
(28.3259 1.40693 0)
(28.2448 1.10974 0)
(28.2222 0.789429 0)
(28.181 0.403173 0)
(28.2171 -0.0238847 0)
(28.2882 -0.443474 0)
(28.4439 -0.846529 0)
(28.6237 -1.27075 0)
(28.8301 -1.6951 0)
(29.0462 -2.15642 0)
(29.2725 -2.60278 0)
(29.4789 -3.06522 0)
(29.6698 -3.49122 0)
(29.81 -3.90319 0)
(29.9131 -4.26451 0)
(29.9655 -4.5877 0)
(29.9756 -4.85299 0)
(29.9274 -5.05318 0)
(29.8424 -5.18129 0)
(29.7309 -5.23012 0)
(29.6344 -5.19275 0)
(29.5455 -5.05114 0)
(29.4893 -4.80336 0)
(29.4261 -4.44857 0)
(29.4071 -4.013 0)
(29.3872 -3.48648 0)
(29.4109 -2.91201 0)
(29.3855 -2.29702 0)
(29.3524 -1.70112 0)
(29.2209 -1.14114 0)
(29.0801 -0.656715 0)
(28.874 -0.251543 0)
(28.7103 0.0707549 0)
(28.5072 0.310931 0)
(28.3725 0.484116 0)
(28.2243 0.596959 0)
(28.1389 0.673695 0)
(28.0289 0.707143 0)
(27.9715 0.724515 0)
(27.8912 0.708156 0)
(27.8579 0.690053 0)
(27.7989 0.644673 0)
(27.7701 0.605421 0)
(27.7154 0.544379 0)
(27.691 0.494287 0)
(27.6466 0.430784 0)
(27.6265 0.378869 0)
(27.5813 0.319686 0)
(27.5563 0.270119 0)
(27.5037 0.221235 0)
(27.4755 0.179488 0)
(27.4177 0.146762 0)
(27.3939 0.120512 0)
(27.3367 0.105998 0)
(27.3207 0.0954285 0)
(27.2657 0.0960717 0)
(21.7791 8.93106 0)
(24.3727 8.47385 0)
(26.4664 7.87218 0)
(28.6465 6.70182 0)
(30.1267 5.49526 0)
(31.1908 4.27731 0)
(31.8441 3.24237 0)
(32.2319 2.42988 0)
(32.5169 1.77994 0)
(32.739 1.27028 0)
(32.8587 0.896686 0)
(32.9032 0.671927 0)
(32.8166 0.568071 0)
(32.6068 0.55428 0)
(32.4899 0.558375 0)
(32.4934 0.644544 0)
(32.502 0.850953 0)
(32.5371 1.14786 0)
(32.629 1.40405 0)
(32.8694 1.55328 0)
(33.1488 1.6036 0)
(33.501 1.56217 0)
(33.7873 1.46056 0)
(34.0821 1.27577 0)
(34.2922 1.03282 0)
(34.4691 0.740423 0)
(34.5908 0.39243 0)
(34.6486 0.0387913 0)
(34.7041 -0.362749 0)
(34.7659 -0.760754 0)
(34.7624 -1.17197 0)
(34.7108 -1.5932 0)
(34.6006 -2.02657 0)
(34.4324 -2.46696 0)
(34.2108 -2.89741 0)
(33.9089 -3.32142 0)
(33.5536 -3.71327 0)
(33.106 -4.08295 0)
(32.6127 -4.39934 0)
(32.0459 -4.67529 0)
(31.4539 -4.89782 0)
(30.8272 -5.06394 0)
(30.2129 -5.17308 0)
(29.6417 -5.20369 0)
(29.1629 -5.15769 0)
(28.7835 -5.0166 0)
(28.5089 -4.77217 0)
(28.3009 -4.42046 0)
(28.185 -3.94212 0)
(28.1187 -3.35162 0)
(28.0909 -2.7078 0)
(28.0224 -2.04354 0)
(27.9124 -1.43257 0)
(27.7072 -0.875573 0)
(27.4725 -0.411079 0)
(27.1816 -0.0189154 0)
(26.9321 0.270227 0)
(26.6818 0.490071 0)
(26.5102 0.641625 0)
(26.3385 0.740432 0)
(26.2399 0.793564 0)
(26.1278 0.806864 0)
(26.0781 0.798521 0)
(26.0132 0.763203 0)
(25.9988 0.725675 0)
(25.9644 0.666589 0)
(25.955 0.614176 0)
(25.9304 0.544845 0)
(25.9222 0.489704 0)
(25.9124 0.42048 0)
(25.902 0.368086 0)
(25.8957 0.304731 0)
(25.8746 0.259431 0)
(25.8672 0.208438 0)
(25.8396 0.174726 0)
(25.8352 0.142373 0)
(25.8113 0.124318 0)
(25.812 0.111786 0)
(25.7969 0.106157 0)
(25.8036 0.109652 0)
(21.5199 6.64748 0)
(23.622 6.36292 0)
(25.6706 6.01856 0)
(27.6652 5.30257 0)
(29.3034 4.46676 0)
(30.5768 3.61063 0)
(31.5275 2.83365 0)
(32.198 2.20821 0)
(32.6869 1.72022 0)
(33.0638 1.31866 0)
(33.2994 0.984568 0)
(33.3771 0.720504 0)
(33.3295 0.475757 0)
(33.23 0.363867 0)
(33.1942 0.351035 0)
(33.3029 0.389753 0)
(33.4657 0.490998 0)
(33.6336 0.669031 0)
(33.7961 0.878573 0)
(34.0702 1.01862 0)
(34.4328 1.08834 0)
(34.874 1.07325 0)
(35.2994 1.00683 0)
(35.6979 0.893098 0)
(36.0292 0.722212 0)
(36.3016 0.529182 0)
(36.4937 0.28555 0)
(36.6331 0.0384685 0)
(36.6666 -0.237071 0)
(36.6558 -0.541918 0)
(36.5592 -0.885337 0)
(36.3774 -1.23415 0)
(36.1134 -1.59426 0)
(35.7513 -1.94775 0)
(35.3289 -2.29086 0)
(34.7917 -2.6259 0)
(34.2167 -2.93031 0)
(33.5287 -3.22707 0)
(32.8347 -3.47669 0)
(32.0604 -3.71303 0)
(31.3127 -3.90537 0)
(30.553 -4.07018 0)
(29.8632 -4.2053 0)
(29.2599 -4.2824 0)
(28.7817 -4.34462 0)
(28.439 -4.33837 0)
(28.2291 -4.28932 0)
(28.1008 -4.11078 0)
(28.0711 -3.71079 0)
(28.0232 -3.13357 0)
(27.9536 -2.45019 0)
(27.7903 -1.76677 0)
(27.5573 -1.14048 0)
(27.2547 -0.618814 0)
(26.9163 -0.18775 0)
(26.561 0.169298 0)
(26.2289 0.439413 0)
(25.9397 0.639564 0)
(25.705 0.765203 0)
(25.5187 0.844994 0)
(25.375 0.876626 0)
(25.2622 0.878509 0)
(25.1828 0.854351 0)
(25.1285 0.814921 0)
(25.0964 0.766264 0)
(25.0748 0.707171 0)
(25.0558 0.64474 0)
(25.048 0.579416 0)
(25.0395 0.516826 0)
(25.0474 0.453283 0)
(25.0437 0.394579 0)
(25.0546 0.335385 0)
(25.046 0.285226 0)
(25.0548 0.234875 0)
(25.0434 0.198568 0)
(25.054 0.162435 0)
(25.0445 0.141441 0)
(25.0568 0.119109 0)
(25.0493 0.110163 0)
(25.0606 0.0995658 0)
(20.8886 4.20552 0)
(22.8209 4.07829 0)
(24.7054 3.90856 0)
(26.5144 3.52097 0)
(28.0937 3.00462 0)
(29.4043 2.44117 0)
(30.4496 1.90294 0)
(31.2661 1.4353 0)
(31.8675 1.06856 0)
(32.3226 0.762819 0)
(32.6192 0.494371 0)
(32.7743 0.29661 0)
(32.8354 0.172054 0)
(32.8687 0.154836 0)
(32.9152 0.209687 0)
(33.0519 0.280679 0)
(33.2679 0.338953 0)
(33.4995 0.423302 0)
(33.7102 0.542145 0)
(33.9699 0.659019 0)
(34.3136 0.720722 0)
(34.7395 0.715424 0)
(35.1718 0.66094 0)
(35.587 0.566126 0)
(35.9264 0.446384 0)
(36.2178 0.286767 0)
(36.4101 0.114384 0)
(36.5395 -0.0995524 0)
(36.5595 -0.325508 0)
(36.5207 -0.56482 0)
(36.3751 -0.839249 0)
(36.1579 -1.11306 0)
(35.8416 -1.40728 0)
(35.4344 -1.68188 0)
(34.9532 -1.9633 0)
(34.3554 -2.22785 0)
(33.7232 -2.48191 0)
(32.9634 -2.73417 0)
(32.2198 -2.95369 0)
(31.3668 -3.18751 0)
(30.5614 -3.37219 0)
(29.7166 -3.57574 0)
(28.9166 -3.74292 0)
(28.2047 -3.91037 0)
(27.4991 -4.09511 0)
(26.9856 -4.23666 0)
(26.4846 -4.38738 0)
(26.1832 -4.37399 0)
(25.9622 -4.02152 0)
(25.6791 -3.35522 0)
(25.2963 -2.51515 0)
(24.8006 -1.64954 0)
(24.2936 -0.8754 0)
(23.7664 -0.2554 0)
(23.3671 0.189828 0)
(23.0103 0.509262 0)
(22.7059 0.722749 0)
(22.4914 0.867253 0)
(22.3515 0.937535 0)
(22.2855 0.97325 0)
(22.2565 0.959126 0)
(22.2645 0.933031 0)
(22.2971 0.881136 0)
(22.3511 0.826048 0)
(22.4161 0.759737 0)
(22.4776 0.688566 0)
(22.5372 0.619847 0)
(22.5957 0.551649 0)
(22.6509 0.491499 0)
(22.7089 0.429213 0)
(22.7539 0.37436 0)
(22.8019 0.317029 0)
(22.8296 0.270453 0)
(22.8666 0.222773 0)
(22.8822 0.190245 0)
(22.9134 0.155101 0)
(22.9195 0.134736 0)
(22.9474 0.111991 0)
(22.9466 0.100857 0)
(22.9767 0.0912471 0)
(21.3319 2.64023 0)
(23.1129 2.52899 0)
(24.8478 2.38406 0)
(26.4882 2.15251 0)
(27.9807 1.85366 0)
(29.2577 1.52303 0)
(30.34 1.20637 0)
(31.2102 0.912922 0)
(31.8849 0.674173 0)
(32.3813 0.467461 0)
(32.7333 0.297648 0)
(32.9625 0.178155 0)
(33.093 0.124933 0)
(33.1806 0.11355 0)
(33.2389 0.145601 0)
(33.3677 0.190314 0)
(33.5632 0.210553 0)
(33.8118 0.235366 0)
(34.0446 0.288329 0)
(34.2974 0.368095 0)
(34.5968 0.415281 0)
(34.9679 0.416949 0)
(35.3678 0.378566 0)
(35.7471 0.312144 0)
(36.0654 0.231988 0)
(36.3189 0.124292 0)
(36.4781 0.00601676 0)
(36.5696 -0.131947 0)
(36.551 -0.266039 0)
(36.4626 -0.418124 0)
(36.2441 -0.57769 0)
(35.9704 -0.747058 0)
(35.5591 -0.926236 0)
(35.0842 -1.09316 0)
(34.4783 -1.27388 0)
(33.7743 -1.43012 0)
(32.9867 -1.60289 0)
(32.048 -1.75568 0)
(31.1205 -1.91316 0)
(29.9777 -2.07393 0)
(28.9444 -2.20663 0)
(27.6606 -2.38467 0)
(26.51 -2.50772 0)
(25.2053 -2.71157 0)
(23.8586 -2.88945 0)
(22.6827 -3.08468 0)
(21.1181 -3.35498 0)
(20.0011 -3.40009 0)
(19.1943 -3.17846 0)
(18.4408 -2.70362 0)
(17.4574 -2.0303 0)
(16.5135 -1.25357 0)
(15.6674 -0.531527 0)
(14.8628 0.113622 0)
(14.3856 0.571103 0)
(14.108 0.855951 0)
(13.9902 1.02291 0)
(14.0164 1.10206 0)
(14.1471 1.12465 0)
(14.3689 1.09032 0)
(14.6045 1.03407 0)
(14.904 0.958848 0)
(15.159 0.883116 0)
(15.471 0.806013 0)
(15.7149 0.719672 0)
(15.9839 0.642535 0)
(16.1972 0.566237 0)
(16.4219 0.50602 0)
(16.5991 0.444964 0)
(16.7861 0.395124 0)
(16.9214 0.340894 0)
(17.0717 0.295091 0)
(17.1668 0.248954 0)
(17.2869 0.209487 0)
(17.3512 0.175779 0)
(17.4464 0.142283 0)
(17.4874 0.122823 0)
(17.571 0.0984763 0)
(17.5878 0.0915917 0)
(17.6721 0.0785571 0)
(20.6159 0.839804 0)
(22.2593 0.805437 0)
(23.8465 0.751038 0)
(25.3361 0.679274 0)
(26.6842 0.57967 0)
(27.8272 0.475429 0)
(28.79 0.36746 0)
(29.5327 0.264242 0)
(30.0863 0.173947 0)
(30.4383 0.0880488 0)
(30.6649 0.0213526 0)
(30.7534 -0.0338795 0)
(30.7444 -0.0591929 0)
(30.6828 -0.0809723 0)
(30.6026 -0.0727392 0)
(30.5654 -0.0543197 0)
(30.5957 -0.0500994 0)
(30.7243 -0.038865 0)
(30.8422 -0.0198302 0)
(30.9683 0.024579 0)
(31.1075 0.0434941 0)
(31.3293 0.0542682 0)
(31.5904 0.0351811 0)
(31.8315 0.0104635 0)
(32.0175 -0.02231 0)
(32.1003 -0.0701595 0)
(32.1211 -0.115759 0)
(32.0223 -0.174062 0)
(31.8358 -0.218036 0)
(31.5168 -0.285173 0)
(31.0867 -0.339219 0)
(30.5572 -0.410148 0)
(29.8815 -0.481681 0)
(29.1359 -0.543807 0)
(28.1904 -0.634227 0)
(27.1896 -0.679196 0)
(25.9627 -0.787453 0)
(24.6722 -0.823719 0)
(23.2086 -0.93789 0)
(21.6057 -0.994175 0)
(19.9666 -1.08225 0)
(18.0027 -1.21472 0)
(16.1973 -1.23868 0)
(13.8639 -1.53254 0)
(11.7025 -1.51255 0)
(9.17336 -1.93435 0)
(5.68562 -2.38016 0)
(2.7254 -1.47795 0)
(0.460069 -0.369036 0)
(-1.41651 0.317064 0)
(-2.50415 0.715101 0)
(-2.90983 0.943803 0)
(-2.95608 1.10531 0)
(-2.55241 1.10791 0)
(-1.93857 1.01257 0)
(-1.17199 0.877321 0)
(-0.358913 0.755399 0)
(0.484256 0.653479 0)
(1.30346 0.557553 0)
(2.06258 0.471209 0)
(2.79359 0.407238 0)
(3.45719 0.334433 0)
(4.02934 0.267767 0)
(4.60928 0.209154 0)
(5.044 0.149978 0)
(5.50086 0.123092 0)
(5.85717 0.0994535 0)
(6.19037 0.0767273 0)
(6.47648 0.0619329 0)
(6.73123 0.0380756 0)
(6.93437 0.0270379 0)
(7.13639 0.0090249 0)
(7.25699 0.00218461 0)
(7.42267 -0.00348944 0)
(7.47595 -0.0150869 0)
(7.6027 -0.00966402 0)
(7.63037 -0.0162423 0)
(7.71153 -0.0116806 0)
(7.73143 -0.0115905 0)
(7.8007 -0.00245758 0)
)
;

boundaryField
{
    inlet
    {
        type            fixedValue;
        value           uniform (10 0 0);
    }
    outlet
    {
        type            zeroGradient;
    }
    walls
    {
        type            fixedValue;
        value           uniform (0 0 0);
    }
    frontAndBack
    {
        type            empty;
    }
}


// ************************************************************************* //
