/*--------------------------------*- C++ -*----------------------------------*\
| =========                 |                                                 |
| \\      /  F ield         | OpenFOAM: The Open Source CFD Toolbox           |
|  \\    /   O peration     | Version:  2306                                  |
|   \\  /    A nd           | Website:  www.openfoam.com                      |
|    \\/     M anipulation  |                                                 |
\*---------------------------------------------------------------------------*/
FoamFile
{
    version     2.0;
    format      ascii;
    arch        "LSB;label=32;scalar=64";
    class       surfaceScalarField;
    location    "0.175";
    object      phi;
}
// * * * * * * * * * * * * * * * * * * * * * * * * * * * * * * * * * * * * * //

dimensions      [0 3 -1 0 0 0 0];

oriented        oriented;

internalField   nonuniform List<scalar> 
8520
(
0.00992785
7.21472e-05
0.00978962
0.000138234
0.00962952
0.000160102
0.00946827
0.000161246
0.00930944
0.000158832
0.00914917
0.00016027
0.00898636
0.000162806
0.00882097
0.000165395
0.00865369
0.000167281
0.00848564
0.000168044
0.00831788
0.000167761
0.0081511
0.000166781
0.00798557
0.000165534
0.00782137
0.000164197
0.00765855
0.000162817
0.00749714
0.000161409
0.00733725
0.000159893
0.00717894
0.00015831
0.00702228
0.000156655
0.00686747
0.000154816
0.00671445
0.000153013
0.00656347
0.00015098
0.00641441
0.000149064
0.00626751
0.000146898
0.00612269
0.000144818
0.00598005
0.000142643
0.00583963
0.000140426
0.00570136
0.000138263
0.00556547
0.000135892
0.00543164
0.000133833
0.00530025
0.000131387
0.00517087
0.000129384
0.00504378
0.000127083
0.0049186
0.000125179
0.0047954
0.0001232
0.00467399
0.000121409
0.00455416
0.000119836
0.00443579
0.000118373
0.00431843
0.000117353
0.00420202
0.000116414
0.00408596
0.000116063
0.00397012
0.000115836
0.00385378
0.000116339
0.00373674
0.000117038
0.00361816
0.000118585
0.00349764
0.000120516
0.00337431
0.00012333
0.00324742
0.000126893
0.00311619
0.000131229
0.00297948
0.000136712
0.00283657
0.00014291
0.002686
0.000150564
0.00252703
0.000158968
0.00235808
0.000168958
0.00217833
0.000179747
0.00198622
0.00019211
0.00178112
0.000205101
0.00156163
0.000219484
0.00132777
0.000233869
0.0010787
0.00024907
0.000815744
0.000262951
0.000539421
0.000276323
0.000253079
0.000286342
-3.85688e-05
0.000291648
-0.000316322
0.000277753
-0.000553289
0.000236967
-0.000709505
0.000156217
-0.000766735
5.72293e-05
-0.000704162
-6.2573e-05
-0.000511922
-0.000192239
-0.000193555
-0.000318367
0.000147913
-0.000341468
0.000391972
-0.000244059
0.000333122
5.88498e-05
-0.000171111
0.000504233
-0.000475347
0.000304237
-0.00013519
-0.000340158
0.00014734
-0.000282529
0.000136491
1.08491e-05
4.01691e-06
0.000132474
0.0100357
3.64286e-05
0.0100798
9.41238e-05
0.0101108
0.000129103
0.0101272
0.000144864
0.0101358
0.000150285
0.0101431
0.000152941
0.0101493
0.000156566
0.0101532
0.000161533
0.0101536
0.000166839
0.0101502
0.000171449
0.010143
0.000175005
0.0101324
0.000177375
0.0101188
0.000179089
0.0101028
0.000180246
0.0100844
0.000181216
0.0100638
0.000182038
0.0100409
0.000182701
0.010016
0.000183294
0.0099889
0.000183724
0.00995981
0.0001839
0.00992869
0.000184135
0.00989577
0.000183899
0.00986088
0.000183959
0.00982436
0.000183416
0.00978593
0.000183242
0.00974597
0.000182603
0.00970423
0.000182168
0.00966093
0.000181563
0.00961604
0.000180782
0.00956946
0.000180415
0.00952145
0.000179402
0.00947158
0.000179247
0.00942038
0.000178283
0.00936725
0.00017831
0.00931262
0.000177827
0.00925606
0.000177977
0.00919769
0.000178201
0.00913733
0.000178734
0.00907474
0.000179946
0.00901003
0.000181127
0.00894241
0.000183682
0.00887248
0.000185764
0.00879875
0.000190071
0.00872253
0.00019326
0.00864131
0.0001998
0.00855722
0.00020461
0.00846681
0.000213736
0.00837263
0.000221072
0.00827083
0.000233028
0.00816376
0.000243786
0.00804772
0.000258949
0.00792433
0.000273955
0.00779037
0.000292927
0.00764649
0.000312841
0.00749017
0.000336065
0.00732088
0.000361402
0.00713701
0.000388966
0.00693675
0.00041974
0.00671964
0.00045098
0.00648265
0.000486066
0.00622682
0.000518777
0.00594874
0.000554407
0.00565241
0.000582674
0.00533641
0.000607647
0.00500532
0.00060884
0.00464553
0.00059676
0.0042349
0.000566841
0.00375532
0.000536814
0.00319176
0.000500982
0.00249911
0.000500409
0.00163026
0.000550485
0.000641571
0.000647222
-0.000235153
0.000632664
-0.000641241
0.000464937
-0.000556683
0.000419675
-0.000360145
0.000107698
-0.000483764
-0.000216539
-0.000532044
-0.000234249
-0.000364874
-0.000156321
-0.000279087
-8.17704e-05
0.0100142
2.22481e-05
0.010044
6.42723e-05
0.0100778
9.53525e-05
0.0101073
0.000115333
0.0101313
0.000126258
0.0101522
0.000132104
0.010173
0.00013575
0.010195
0.000139545
0.0102179
0.000143942
0.0102408
0.000148533
0.010263
0.000152752
0.0102843
0.000156167
0.0103044
0.000158926
0.0103237
0.00016099
0.0103423
0.000162629
0.0103602
0.000164128
0.0103775
0.000165325
0.0103942
0.000166654
0.0104102
0.000167725
0.0104254
0.000168694
0.0104397
0.000169838
0.0104533
0.000170305
0.0104657
0.000171548
0.0104775
0.000171585
0.0104879
0.000172839
0.0104977
0.000172786
0.0105061
0.000173802
0.0105136
0.000174034
0.0105199
0.000174567
0.0105248
0.000175453
0.0105287
0.000175511
0.0105309
0.000177053
0.0105322
0.000177013
0.0105314
0.000179034
0.0105298
0.000179515
0.0105259
0.000181818
0.0105209
0.000183247
0.0105136
0.000186015
0.0105048
0.00018877
0.0104936
0.000192312
0.0104806
0.000196702
0.010465
0.000201316
0.0104472
0.000207864
0.0104266
0.0002139
0.0104032
0.000223183
0.0103767
0.000231105
0.0103466
0.000243788
0.0103133
0.000254418
0.0102753
0.000271032
0.0102337
0.000285401
0.0101863
0.000306361
0.0101345
0.000325721
0.0100758
0.000351619
0.0100117
0.000376944
0.00993919
0.000408586
0.00986026
0.000440333
0.00977063
0.000478587
0.00967387
0.000516506
0.00956333
0.000561523
0.00944509
0.000604304
0.00930988
0.000653984
0.00916632
0.00069797
0.00900265
0.000746342
0.00882753
0.00078277
0.00861748
0.000818882
0.00837355
0.000840695
0.00806663
0.000873765
0.00771391
0.000889529
0.00728645
0.000928439
0.00682025
0.000966608
0.00631399
0.00105674
0.00583059
0.00113063
0.0052237
0.00123955
0.00448611
0.00120253
0.0037071
0.00119868
0.00271746
0.00109734
0.00136693
0.00113399
0.000195475
0.000937205
-0.000367833
0.000406987
3.18205e-05
-0.00067874
0.0100069
1.53144e-05
0.0100267
4.44596e-05
0.0100519
7.02419e-05
0.0100769
9.02606e-05
0.0101003
0.000102887
0.0101222
0.000110194
0.0101431
0.000114856
0.0101642
0.000118473
0.0101863
0.000121784
0.0102095
0.000125402
0.0102332
0.000129059
0.0102569
0.000132418
0.0102805
0.000135346
0.0103038
0.00013765
0.010327
0.000139485
0.01035
0.000141065
0.010373
0.000142313
0.010396
0.000143656
0.010419
0.000144741
0.0104419
0.000145825
0.0104646
0.00014713
0.0104872
0.000147708
0.0105094
0.000149393
0.0105316
0.000149374
0.010553
0.000151457
0.0105746
0.000151178
0.0105951
0.000153237
0.0106158
0.000153345
0.0106355
0.000154905
0.0106549
0.000156018
0.0106735
0.000156891
0.0106915
0.000159067
0.0107088
0.000159768
0.0107252
0.000162626
0.0107407
0.000163958
0.0107554
0.000167182
0.010769
0.000169602
0.0107814
0.000173594
0.0107931
0.000177105
0.0108029
0.000182529
0.0108124
0.000187224
0.0108193
0.000194361
0.0108261
0.000201102
0.01083
0.000209934
0.0108337
0.000219559
0.0108342
0.000230601
0.0108343
0.000243606
0.010831
0.000257765
0.010827
0.000275027
0.0108199
0.000292535
0.0108106
0.000315633
0.0107995
0.000336816
0.0107843
0.000366841
0.0107684
0.000392824
0.0107467
0.000430249
0.0107251
0.000461984
0.0106961
0.000507553
0.0106676
0.000544994
0.0106301
0.000599033
0.0105933
0.000641126
0.0105452
0.000702051
0.0104963
0.000746856
0.0104321
0.0008106
0.0103588
0.000856015
0.0102566
0.000921093
0.0101307
0.000966642
0.00996744
0.00103701
0.00977537
0.0010816
0.00953463
0.00116919
0.00927344
0.00122779
0.00897932
0.00135086
0.00868371
0.00142624
0.00831874
0.00160452
0.00785531
0.00166596
0.00729287
0.00176112
0.00664379
0.00174642
0.00606696
0.00171082
0.00529306
0.00171111
0.00414037
0.00155968
0.00155079
0.00262139
0.0100043
1.0999e-05
0.0100166
3.21694e-05
0.010035
5.18717e-05
0.0100563
6.89592e-05
0.010078
8.11497e-05
0.0100989
8.93224e-05
0.0101193
9.44816e-05
0.0101397
9.80773e-05
0.0101607
0.000100768
0.0101825
0.000103548
0.0102051
0.000106504
0.0102281
0.000109381
0.0102514
0.000112034
0.0102748
0.000114312
0.0102981
0.000116142
0.0103214
0.000117804
0.0103447
0.000118941
0.0103681
0.000120343
0.0103916
0.000121177
0.010415
0.000122446
0.0104386
0.000123504
0.010462
0.000124314
0.0104854
0.000125973
0.0105088
0.000126025
0.0105317
0.00012852
0.010555
0.000127948
0.0105773
0.000130921
0.0106002
0.000130417
0.0106218
0.000133308
0.0106441
0.000133684
0.010665
0.000135995
0.0106864
0.000137671
0.0107066
0.00013962
0.0107268
0.000142442
0.010746
0.000144742
0.0107649
0.000148218
0.0107827
0.000151792
0.0108005
0.000155796
0.0108167
0.000160996
0.0108331
0.000166059
0.0108476
0.000172751
0.0108622
0.000179721
0.0108751
0.000188258
0.0108878
0.000197194
0.0108986
0.000208741
0.0109096
0.000219636
0.0109182
0.000234963
0.010927
0.000248988
0.010934
0.000268053
0.0109402
0.000286342
0.0109454
0.000310395
0.0109495
0.000332715
0.0109526
0.000363726
0.0109549
0.000390563
0.0109564
0.000428737
0.0109564
0.000462025
0.0109571
0.000506873
0.0109543
0.000547724
0.0109546
0.000598794
0.0109482
0.000647465
0.0109466
0.000703691
0.0109338
0.000759646
0.010923
0.000821377
0.0108946
0.000884418
0.0108628
0.000952942
0.0108069
0.00102249
0.0107446
0.00109937
0.0106486
0.00117758
0.0105429
0.00127484
0.0104052
0.00136556
0.0102601
0.00149592
0.0100708
0.0016155
0.00989399
0.00178137
0.00964967
0.00191028
0.00937392
0.00203687
0.00899245
0.00212789
0.00853043
0.00217284
0.00793189
0.00230965
0.0071846
0.00230697
0.00226794
0.00646745
0.010003
7.97234e-06
0.0100118
2.33715e-05
0.0100255
3.81496e-05
0.0100432
5.13512e-05
0.0100625
6.18364e-05
0.0100824
6.93562e-05
0.0101024
7.45085e-05
0.0101224
7.80357e-05
0.0101428
8.04552e-05
0.0101636
8.26656e-05
0.0101854
8.47276e-05
0.0102077
8.71314e-05
0.0102305
8.92468e-05
0.0102534
9.13862e-05
0.0102765
9.30259e-05
0.0102996
9.4676e-05
0.0103228
9.57511e-05
0.0103461
9.7086e-05
0.0103694
9.78174e-05
0.0103928
9.91243e-05
0.0104163
9.99653e-05
0.0104396
0.000101024
0.0104631
0.000102427
0.0104863
0.000102861
0.0105096
0.000105227
0.0105326
0.000104913
0.0105554
0.000108114
0.0105783
0.000107573
0.0106004
0.0001112
0.0106229
0.00011112
0.0106442
0.000114707
0.0106663
0.000115589
0.0106867
0.000119226
0.0107081
0.000121102
0.0107275
0.000125249
0.0107479
0.00012785
0.0107664
0.000133348
0.0107857
0.000136488
0.0108029
0.000143778
0.0108211
0.000147828
0.010837
0.00015685
0.0108538
0.000162885
0.0108687
0.000173443
0.0108838
0.000182098
0.0108976
0.000194897
0.0109111
0.000206172
0.0109236
0.000222424
0.0109358
0.000236796
0.0109472
0.000256667
0.0109579
0.000275648
0.0109688
0.000299483
0.010978
0.000323464
0.0109885
0.00035324
0.0109973
0.000381818
0.0110075
0.000418509
0.011016
0.000453542
0.0110269
0.00049595
0.0110353
0.000539329
0.0110467
0.000587415
0.0110552
0.000638968
0.011065
0.000693824
0.0110711
0.000753548
0.0110749
0.00081759
0.0110743
0.000885028
0.011067
0.00096025
0.0110533
0.00103622
0.0110295
0.00112315
0.0109907
0.00121635
0.0109477
0.00131783
0.0108772
0.0014361
0.0108115
0.00156164
0.0107135
0.00171343
0.0106353
0.00185958
0.0105079
0.00203767
0.0103703
0.0021745
0.0101387
0.00235949
0.00984376
0.00246779
0.00950102
0.00265239
0.00908048
0.00272751
0.0028211
0.00852732
0.0100024
5.57795e-06
0.0100093
1.64798e-05
0.0100204
2.70401e-05
0.0100352
3.65001e-05
0.0100524
4.46761e-05
0.010071
5.07203e-05
0.0100903
5.52064e-05
0.0101101
5.8284e-05
0.0101301
6.04189e-05
0.0101506
6.21715e-05
0.0101717
6.36069e-05
0.0101935
6.53556e-05
0.0102157
6.7058e-05
0.0102384
6.87204e-05
0.0102611
7.0316e-05
0.0102842
7.15411e-05
0.0103071
7.28353e-05
0.0103305
7.37241e-05
0.0103536
7.47489e-05
0.010377
7.56828e-05
0.0104003
7.67048e-05
0.0104237
7.7623e-05
0.010447
7.90639e-05
0.0104702
7.96534e-05
0.0104935
8.19241e-05
0.0105165
8.19267e-05
0.0105395
8.51364e-05
0.0105623
8.47873e-05
0.0105846
8.88712e-05
0.0106073
8.84413e-05
0.0106287
9.32932e-05
0.0106512
9.31237e-05
0.0106716
9.87633e-05
0.0106936
9.91835e-05
0.0107132
0.00010557
0.0107342
0.000106858
0.0107531
0.000114458
0.0107731
0.000116488
0.010791
0.000125871
0.0108101
0.000128763
0.0108269
0.000140047
0.0108449
0.000144907
0.0108607
0.00015761
0.0108775
0.000165287
0.0108923
0.000180087
0.0109083
0.000190236
0.0109217
0.000208963
0.0109373
0.000221178
0.0109494
0.000244623
0.0109649
0.000260185
0.0109761
0.000288196
0.0109912
0.000308358
0.0110025
0.000342014
0.0110179
0.000366402
0.0110288
0.000407578
0.0110459
0.00043649
0.0110564
0.000485449
0.0110756
0.000520138
0.0110855
0.000577493
0.0111064
0.000618063
0.0111146
0.000685626
0.0111348
0.000733368
0.0111402
0.000812191
0.0111568
0.000868354
0.0111568
0.000960331
0.0111655
0.00102745
0.0111556
0.00113303
0.0111494
0.00122257
0.0111288
0.00133843
0.0111013
0.00146362
0.0110701
0.00159287
0.0110275
0.00175601
0.0109828
0.00190425
0.0109221
0.00209838
0.0108311
0.0022655
0.0107182
0.00247244
0.0105373
0.00264866
0.010351
0.00283867
0.0100513
0.00302721
0.00320074
0.00967168
0.0100021
3.52719e-06
0.0100079
1.06507e-05
0.0100175
1.74052e-05
0.0100305
2.35173e-05
0.010046
2.9133e-05
0.0100635
3.32668e-05
0.010082
3.66603e-05
0.0101015
3.88194e-05
0.0101213
4.05769e-05
0.0101417
4.17966e-05
0.0101625
4.2798e-05
0.0101838
4.40391e-05
0.0102058
4.51278e-05
0.010228
4.64849e-05
0.0102506
4.76819e-05
0.0102735
4.86571e-05
0.0102965
4.98869e-05
0.0103198
5.04225e-05
0.0103428
5.17422e-05
0.0103663
5.21416e-05
0.0103894
5.36512e-05
0.010413
5.39781e-05
0.0104361
5.60103e-05
0.0104597
5.60725e-05
0.0104827
5.89162e-05
0.010506
5.85712e-05
0.0105289
6.22504e-05
0.0105518
6.18735e-05
0.0105746
6.61368e-05
0.0105969
6.61011e-05
0.0106193
7.08655e-05
0.0106411
7.13947e-05
0.0106629
7.68777e-05
0.0106841
7.80372e-05
0.0107052
8.44167e-05
0.0107257
8.63793e-05
0.010746
9.41672e-05
0.0107659
9.6583e-05
0.010785
0.00010679
0.0108046
0.000109125
0.0108222
0.000122522
0.0108415
0.000125518
0.0108579
0.000141264
0.0108765
0.000146696
0.0108922
0.000164324
0.0109099
0.000172557
0.0109249
0.000193958
0.0109425
0.000203631
0.0109564
0.000230703
0.0109743
0.000242302
0.0109875
0.000274968
0.0110059
0.000289964
0.011019
0.000328931
0.0110383
0.000347085
0.0110518
0.000394125
0.0110721
0.00041613
0.011087
0.000470611
0.0111076
0.000499517
0.0111247
0.000560408
0.0111445
0.000598259
0.0111632
0.00066685
0.0111813
0.000715354
0.0112011
0.000792362
0.0112156
0.000853833
0.0112333
0.000942642
0.0112438
0.00101698
0.0112523
0.00112446
0.0112586
0.00121628
0.0112539
0.00134319
0.0112534
0.00146414
0.011236
0.00161021
0.011226
0.00176605
0.011193
0.00193725
0.0111673
0.0021241
0.0111045
0.00232829
0.0110471
0.00252984
0.0109308
0.00276492
0.0108016
0.00296787
0.0106035
0.00322533
0.0034574
0.0103468
0.0100018
1.71754e-06
0.0100071
5.33655e-06
0.0100159
8.60699e-06
0.0100278
1.16853e-05
0.0100423
1.45756e-05
0.0100589
1.66868e-05
0.0100769
1.86126e-05
0.0100961
1.97059e-05
0.0101158
2.08033e-05
0.0101361
2.1538e-05
0.0101568
2.20576e-05
0.0101779
2.29738e-05
0.0101996
2.33814e-05
0.0102216
2.45213e-05
0.0102442
2.51072e-05
0.0102669
2.59383e-05
0.0102899
2.68698e-05
0.0103131
2.72165e-05
0.0103363
2.86001e-05
0.0103597
2.86848e-05
0.0103829
3.04204e-05
0.0104064
3.0476e-05
0.0104298
3.26753e-05
0.0104532
3.26867e-05
0.0104766
3.54836e-05
0.0104997
3.54577e-05
0.0105231
3.88429e-05
0.0105459
3.91337e-05
0.0105691
4.28963e-05
0.0105915
4.37492e-05
0.0106143
4.80337e-05
0.0106363
4.94262e-05
0.0106585
5.46061e-05
0.01068
5.65421e-05
0.0107017
6.27395e-05
0.0107225
6.55515e-05
0.0107436
7.30788e-05
0.0107638
7.6376e-05
0.0107841
8.65447e-05
0.010804
8.92394e-05
0.0108229
0.000103531
0.0108428
0.000105628
0.0108606
0.000123469
0.0108802
0.000127162
0.0108976
0.00014685
0.010916
0.000154165
0.010934
0.000176037
0.0109514
0.00018615
0.0109695
0.000212672
0.010987
0.000224771
0.0110052
0.000256736
0.0110227
0.000272443
0.0110424
0.000309247
0.0110599
0.000329642
0.0110813
0.000372712
0.0110997
0.000397728
0.0111225
0.000447802
0.0111423
0.000479691
0.0111667
0.000536064
0.0111874
0.000577542
0.0112133
0.000640888
0.0112343
0.000694352
0.0112616
0.000765119
0.0112812
0.000834174
0.0113083
0.000915635
0.0113254
0.00099988
0.0113477
0.00110214
0.0113627
0.00120126
0.0113762
0.00132971
0.0113876
0.00145268
0.0113895
0.00160834
0.011393
0.00176251
0.0113808
0.00194952
0.0113654
0.00213944
0.0113372
0.0023565
0.0112845
0.00258258
0.0112251
0.00282434
0.0111091
0.00308385
0.0109777
0.00335669
0.00363839
0.0107967
0.0100017
1.14442e-09
0.0100068
2.82532e-07
0.0100152
1.403e-07
0.0100265
4.2559e-07
0.0100406
4.63148e-07
0.0100567
5.49367e-07
0.0100745
8.46956e-07
0.0100935
6.90777e-07
0.0101131
1.21708e-06
0.0101335
1.12934e-06
0.0101541
1.52591e-06
0.0101752
1.78456e-06
0.0101967
1.8813e-06
0.0102187
2.55826e-06
0.0102412
2.59264e-06
0.0102639
3.30478e-06
0.010287
3.69384e-06
0.0103101
4.18999e-06
0.0103335
5.1323e-06
0.0103568
5.45641e-06
0.0103804
6.81472e-06
0.0104037
7.16496e-06
0.0104273
9.03272e-06
0.0104507
9.26229e-06
0.0104742
1.19893e-05
0.0104978
1.19114e-05
0.0105209
1.57051e-05
0.0105445
1.55397e-05
0.0105672
2.01805e-05
0.0105907
2.02696e-05
0.0106129
2.58041e-05
0.0106362
2.61731e-05
0.0106579
3.29045e-05
0.0106807
3.37303e-05
0.0107021
4.13244e-05
0.0107239
4.37441e-05
0.0107456
5.1406e-05
0.010766
5.59906e-05
0.0107879
6.46566e-05
0.0108073
6.97737e-05
0.0108286
8.22433e-05
0.0108481
8.61621e-05
0.0108683
0.000103277
0.010888
0.000107475
0.0109074
0.000127411
0.0109269
0.000134651
0.0109465
0.000156457
0.0109654
0.000167227
0.010986
0.000192133
0.0110043
0.000206453
0.0110262
0.000234776
0.0110445
0.000254229
0.0110681
0.00028564
0.011087
0.000310678
0.0111121
0.000347684
0.0111331
0.000376673
0.011159
0.000421895
0.0111831
0.000455621
0.0112096
0.000509584
0.0112374
0.000549676
0.0112639
0.000614396
0.0112955
0.000662758
0.0113228
0.000737832
0.0113553
0.000801726
0.0113846
0.000886262
0.0114155
0.000969026
0.0114452
0.00107245
0.0114739
0.00117253
0.0115018
0.00130182
0.0115241
0.0014304
0.0115495
0.00158293
0.0115593
0.00175274
0.0115754
0.00193343
0.0115686
0.00214616
0.011562
0.00236315
0.0115333
0.00261126
0.0114804
0.0028772
0.01141
0.00315429
0.0112958
0.0034709
0.00377759
0.0111566
0.0100017
-1.68003e-06
0.0100068
-4.82248e-06
0.0100153
-8.33684e-06
0.0100265
-1.08468e-05
0.0100407
-1.36713e-05
0.0100568
-1.55809e-05
0.0100746
-1.69859e-05
0.0100936
-1.83015e-05
0.0101133
-1.84241e-05
0.0101337
-1.92813e-05
0.0101542
-1.90418e-05
0.0101755
-1.94345e-05
0.010197
-1.96533e-05
0.010219
-1.94371e-05
0.0102416
-2.00003e-05
0.0102642
-1.93478e-05
0.0102875
-1.95926e-05
0.0103106
-1.88828e-05
0.0103341
-1.84179e-05
0.0103575
-1.7934e-05
0.0103811
-1.67735e-05
0.0104048
-1.64594e-05
0.0104283
-1.45543e-05
0.0104521
-1.44885e-05
0.0104757
-1.1624e-05
0.0104993
-1.17107e-05
0.010523
-7.99995e-06
0.0105463
-7.71343e-06
0.0105701
-3.60952e-06
0.0105929
-2.53249e-06
0.0106165
2.18314e-06
0.0106391
3.57931e-06
0.0106621
9.92381e-06
0.0106847
1.10679e-05
0.0107069
1.91967e-05
0.0107294
2.11959e-05
0.0107513
2.95332e-05
0.0107728
3.45141e-05
0.0107953
4.20796e-05
0.010815
5.00632e-05
0.0108385
5.87505e-05
0.010857
6.76796e-05
0.0108806
7.96595e-05
0.0108989
8.91787e-05
0.0109222
0.000104188
0.0109407
0.000116085
0.0109637
0.000133485
0.010983
0.000147928
0.0110057
0.000169459
0.0110264
0.000185697
0.011049
0.000212186
0.0110715
0.000231711
0.0110951
0.000262051
0.0111189
0.000286939
0.011145
0.000321544
0.0111697
0.000351954
0.0111993
0.000392363
0.0112251
0.000429731
0.0112588
0.000475937
0.0112862
0.000522284
0.0113232
0.000577361
0.0113547
0.000631318
0.0113928
0.000699694
0.0114283
0.000766177
0.0114698
0.000844754
0.0115055
0.000933355
0.0115516
0.00102641
0.0115874
0.00113671
0.0116334
0.00125584
0.0116696
0.00139417
0.0117103
0.00154218
0.0117451
0.001718
0.0117702
0.00190833
0.0117979
0.00211837
0.0117966
0.00236448
0.0117995
0.00260842
0.0117648
0.00291188
0.0117134
0.00320562
0.0116335
0.0035508
0.00390812
0.011503
0.0100017
-3.41294e-06
0.0100071
-1.02014e-05
0.010016
-1.72334e-05
0.0100277
-2.25431e-05
0.0100425
-2.85149e-05
0.0100589
-3.19658e-05
0.0100773
-3.53743e-05
0.0100963
-3.72957e-05
0.0101162
-3.83138e-05
0.0101367
-3.97327e-05
0.0101572
-3.9586e-05
0.0101788
-4.10176e-05
0.0102001
-4.09818e-05
0.0102227
-4.20697e-05
0.010245
-4.22441e-05
0.0102683
-4.26211e-05
0.0102913
-4.25964e-05
0.0103147
-4.23334e-05
0.0103383
-4.20273e-05
0.0103617
-4.13056e-05
0.0103858
-4.08704e-05
0.0104091
-3.97336e-05
0.0104335
-3.89682e-05
0.0104568
-3.77579e-05
0.0104812
-3.61111e-05
0.0105045
-3.49647e-05
0.010529
-3.25146e-05
0.010552
-3.07011e-05
0.0105766
-2.82507e-05
0.0105992
-2.50759e-05
0.0106237
-2.2372e-05
0.0106462
-1.88695e-05
0.01067
-1.39032e-05
0.0106929
-1.18191e-05
0.0107156
-3.52994e-06
0.0107389
-2.06742e-06
0.0107609
7.49616e-06
0.0107839
1.15195e-05
0.0108059
2.00556e-05
0.0108282
2.78113e-05
0.0108505
3.63985e-05
0.0108721
4.61245e-05
0.0108946
5.71651e-05
0.0109162
6.76079e-05
0.0109382
8.21108e-05
0.0109607
9.36733e-05
0.0109824
0.000111739
0.0110057
0.000124592
0.011028
0.0001472
0.011052
0.000161657
0.0110758
0.000188437
0.0111005
0.000206977
0.0111267
0.000235874
0.0111525
0.000261155
0.0111814
0.000292652
0.0112094
0.000323942
0.0112409
0.000360809
0.0112721
0.000398592
0.0113072
0.000440805
0.0113413
0.000488198
0.0113813
0.000537339
0.0114188
0.000593859
0.0114632
0.000655224
0.0115062
0.000723248
0.011554
0.000796901
0.0116037
0.000883695
0.011654
0.00097609
0.011712
0.00107872
0.0117613
0.00120656
0.0118276
0.00132786
0.0118743
0.00149547
0.0119387
0.00165356
0.011985
0.00186212
0.0120304
0.00207291
0.0120696
0.00232531
0.0120746
0.0026034
0.0120881
0.00289833
0.0120448
0.003249
0.011999
0.00359654
0.00401939
0.0118878
0.0100019
-5.3024e-06
0.0100079
-1.61849e-05
0.0100175
-2.68971e-05
0.0100305
-3.54782e-05
0.0100463
-4.43932e-05
0.0100636
-4.92132e-05
0.0100826
-5.43814e-05
0.0101019
-5.65533e-05
0.010122
-5.84551e-05
0.0101425
-6.01934e-05
0.0101633
-6.03917e-05
0.010185
-6.27977e-05
0.0102067
-6.26506e-05
0.0102297
-6.50088e-05
0.0102521
-6.47036e-05
0.0102756
-6.61053e-05
0.0102988
-6.58069e-05
0.0103223
-6.58116e-05
0.0103463
-6.60396e-05
0.0103695
-6.44995e-05
0.0103942
-6.55796e-05
0.0104173
-6.28279e-05
0.0104422
-6.38725e-05
0.0104657
-6.12452e-05
0.0104901
-6.05651e-05
0.0105143
-5.91014e-05
0.0105382
-5.64522e-05
0.0105625
-5.49961e-05
0.0105865
-5.22757e-05
0.0106102
-4.86984e-05
0.0106348
-4.69982e-05
0.0106575
-4.15851e-05
0.0106824
-3.88366e-05
0.0107048
-3.42131e-05
0.0107293
-2.799e-05
0.010752
-2.47869e-05
0.0107755
-1.59888e-05
0.0107988
-1.17787e-05
0.0108213
-2.46938e-06
0.0108451
3.98227e-06
0.0108671
1.44174e-05
0.0108909
2.24015e-05
0.0109134
3.46539e-05
0.0109363
4.47008e-05
0.0109601
5.82471e-05
0.0109822
7.15739e-05
0.0110076
8.63586e-05
0.0110295
0.000102664
0.0110566
0.000120107
0.0110789
0.000139365
0.0111077
0.000159648
0.0111321
0.000182624
0.0111612
0.000206706
0.0111902
0.000232185
0.011219
0.000263855
0.0112537
0.000289276
0.0112836
0.000330876
0.0113227
0.000359512
0.0113571
0.000406369
0.0113995
0.000445808
0.0114396
0.000497227
0.0114878
0.000545661
0.0115319
0.000611094
0.0115882
0.000666979
0.0116394
0.000745683
0.0117009
0.00082223
0.0117628
0.00091422
0.0118308
0.00101067
0.0119021
0.00113525
0.0119747
0.00125526
0.0120577
0.0014125
0.0121289
0.00158234
0.0122157
0.00177539
0.0122794
0.00200917
0.0123528
0.00225189
0.0123943
0.00256196
0.0124289
0.00286366
0.0124303
0.00324764
0.0123896
0.00363723
0.00408037
0.0123286
0.0100022
-7.46521e-06
0.0100093
-2.33652e-05
0.0100204
-3.79173e-05
0.0100353
-5.03715e-05
0.0100528
-6.18882e-05
0.0100711
-6.76025e-05
0.0100911
-7.43179e-05
0.0101104
-7.58466e-05
0.0101312
-7.92362e-05
0.0101513
-8.02964e-05
0.010173
-8.21216e-05
0.0101947
-8.45394e-05
0.0102172
-8.51005e-05
0.0102404
-8.82425e-05
0.0102629
-8.7227e-05
0.0102873
-9.04422e-05
0.0103097
-8.82703e-05
0.0103346
-9.0665e-05
0.0103575
-8.89745e-05
0.0103821
-8.91218e-05
0.0104061
-8.95404e-05
0.0104301
-8.68628e-05
0.010455
-8.86953e-05
0.0104788
-8.50673e-05
0.0105037
-8.54857e-05
0.0105278
-8.32321e-05
0.0105525
-8.11179e-05
0.0105767
-7.92133e-05
0.0106015
-7.70727e-05
0.0106253
-7.24641e-05
0.0106504
-7.21246e-05
0.0106738
-6.49498e-05
0.0106989
-6.3915e-05
0.0107221
-5.74619e-05
0.0107471
-5.29743e-05
0.0107699
-4.76199e-05
0.0107952
-4.12585e-05
0.0108175
-3.40582e-05
0.0108429
-2.78728e-05
0.010865
-1.81243e-05
0.0108904
-1.09768e-05
0.0109123
4.41347e-07
0.0109382
8.77621e-06
0.0109601
2.27933e-05
0.0109862
3.2151e-05
0.0110096
4.82152e-05
0.0110347
6.12785e-05
0.0110611
7.6241e-05
0.0110852
9.59448e-05
0.0111141
0.000110549
0.0111398
0.000133871
0.0111695
0.000152991
0.0111989
0.000177251
0.0112298
0.00020132
0.0112625
0.000231147
0.0112976
0.000254209
0.0113319
0.000296483
0.0113733
0.000318186
0.0114119
0.000367728
0.0114563
0.00040145
0.0115046
0.000448936
0.0115524
0.000497847
0.0116081
0.000555332
0.0116657
0.000609414
0.0117296
0.000681763
0.0117947
0.000757201
0.0118741
0.000834754
0.011949
0.000935748
0.0120383
0.00104599
0.0121325
0.00116101
0.0122289
0.00131613
0.0123384
0.00147286
0.0124385
0.00167527
0.0125567
0.00189094
0.0126426
0.00216603
0.0127513
0.0024533
0.0127969
0.002818
0.0128666
0.00317796
0.0128377
0.00366615
0.00410657
0.0128115
0.0100031
-1.05182e-05
0.0100119
-3.21981e-05
0.0100258
-5.17904e-05
0.0100431
-6.77589e-05
0.010063
-8.16992e-05
0.0100825
-8.71684e-05
0.0101032
-9.50371e-05
0.0101228
-9.53639e-05
0.0101439
-0.000100419
0.0101644
-0.000100747
0.0101869
-0.000104612
0.0102092
-0.000106813
0.0102322
-0.00010812
0.010256
-0.000112078
0.0102785
-0.000109735
0.0103038
-0.000115674
0.0103255
-0.000110051
0.0103517
-0.000116846
0.0103737
-0.000110967
0.0103997
-0.0001151
0.0104231
-0.000112957
0.0104479
-0.000111659
0.0104729
-0.000113736
0.0104969
-0.000108984
0.0105225
-0.00011111
0.0105466
-0.000107353
0.0105718
-0.000106336
0.0105965
-0.000103861
0.0106214
-0.00010198
0.0106461
-9.72011e-05
0.0106709
-9.6905e-05
0.0106958
-8.98939e-05
0.01072
-8.80632e-05
0.0107455
-8.29709e-05
0.0107692
-7.66593e-05
0.0107943
-7.26999e-05
0.0108189
-6.59184e-05
0.0108425
-5.76379e-05
0.0108682
-5.36059e-05
0.0108915
-4.13853e-05
0.0109166
-3.60405e-05
0.0109415
-2.45157e-05
0.010965
-1.4696e-05
0.0109921
-4.37157e-06
0.0110137
1.05512e-05
0.0110445
1.75076e-05
0.0110642
4.15293e-05
0.011098
4.24707e-05
0.0111184
7.55668e-05
0.0111518
7.70812e-05
0.0111785
0.000107164
0.0112073
0.000124174
0.0112441
0.000140497
0.0112688
0.000176589
0.0113132
0.000186735
0.0113407
0.000226709
0.0113867
0.000250505
0.0114239
0.000281017
0.0114703
0.000321336
0.0115163
0.000355472
0.0115694
0.000395758
0.0116209
0.000446344
0.0116838
0.000492432
0.0117468
0.000546453
0.0118154
0.000613179
0.0118966
0.000675946
0.0119741
0.000757292
0.0120752
0.00083461
0.0121643
0.00095688
0.0122938
0.0010316
0.0123936
0.00121631
0.0125513
0.00131514
0.0126632
0.00156333
0.0128387
0.0017155
0.0129588
0.00204595
0.0131183
0.00229376
0.0132263
0.00271001
0.013327
0.00307723
0.0133861
0.00360704
0.00415
0.0133427
0.0100046
-1.51477e-05
0.0100165
-4.40564e-05
0.0100354
-7.06898e-05
0.0100564
-8.87418e-05
0.0100787
-0.000104007
0.0100991
-0.000107625
0.0101203
-0.000116162
0.0101401
-0.000115224
0.0101622
-0.000122498
0.0101833
-0.000121877
0.0102073
-0.000128549
0.0102295
-0.000129051
0.0102543
-0.000132873
0.0102773
-0.000135117
0.0103014
-0.000133864
0.0103257
-0.000139965
0.0103486
-0.00013297
0.0103746
-0.000142819
0.0103968
-0.000133137
0.0104237
-0.000141974
0.0104462
-0.000135537
0.0104727
-0.00013813
0.0104964
-0.00013747
0.0105221
-0.000134622
0.0105467
-0.000135765
0.0105718
-0.000132447
0.0105971
-0.000131664
0.0106214
-0.000128153
0.0106479
-0.000128459
0.0106709
-0.000120209
0.0106983
-0.00012428
0.010721
-0.00011262
0.0107476
-0.000114673
0.0107716
-0.000106935
0.0107968
-0.000101804
0.0108214
-9.73033e-05
0.0108466
-9.11383e-05
0.0108703
-8.13521e-05
0.0108964
-7.96827e-05
0.0109196
-6.45793e-05
0.0109462
-6.27317e-05
0.0109683
-4.65842e-05
0.0109981
-4.45078e-05
0.0110161
-2.22999e-05
0.0110518
-2.52186e-05
0.0110662
3.13449e-06
0.0111054
2.36344e-06
0.011122
2.58491e-05
0.0111584
3.91729e-05
0.0111816
5.38716e-05
0.0112168
7.19957e-05
0.011243
9.79342e-05
0.0112831
0.000100398
0.011308
0.00015165
0.0113564
0.000138417
0.011383
0.000200051
0.011435
0.000198568
0.0114721
0.000243905
0.0115236
0.00026975
0.0115726
0.000306518
0.0116296
0.00033878
0.0116867
0.000389239
0.011754
0.000425072
0.0118258
0.000474692
0.0118973
0.000541688
0.0119908
0.000582469
0.0120796
0.000668442
0.0121825
0.000731749
0.0123038
0.000835536
0.012425
0.000910429
0.0125791
0.00106217
0.0127252
0.00116907
0.0129247
0.00136389
0.0130864
0.00155373
0.0133217
0.0018107
0.0134868
0.00212864
0.0137089
0.00248795
0.0138462
0.00293991
0.0139961
0.00345716
0.00411233
0.0140337
0.0100073
-2.2469e-05
0.0100265
-6.32592e-05
0.0100521
-9.63014e-05
0.010077
-0.000113567
0.0101007
-0.000127754
0.0101227
-0.000129595
0.0101437
-0.000137225
0.0101651
-0.00013661
0.0101875
-0.000144871
0.010211
-0.000145384
0.0102352
-0.000152699
0.0102592
-0.000153097
0.0102835
-0.00015717
0.0103072
-0.000158829
0.0103311
-0.000157728
0.010355
-0.000163899
0.0103783
-0.000156307
0.0104032
-0.000167685
0.0104258
-0.00015577
0.0104518
-0.000167926
0.0104736
-0.00015732
0.0105004
-0.000164966
0.0105213
-0.000158389
0.0105488
-0.000162062
0.0105691
-0.000156053
0.0105965
-0.000159838
0.010617
-0.000152177
0.0106431
-0.000154304
0.010665
-0.000150289
0.0106891
-0.000144373
0.0107121
-0.000147236
0.0107353
-0.000135847
0.0107577
-0.000137066
0.0107816
-0.000130857
0.0108025
-0.000122672
0.0108272
-0.000122069
0.0108471
-0.000110951
0.0108725
-0.000106805
0.010891
-9.81969e-05
0.0109181
-9.16546e-05
0.0109354
-8.00584e-05
0.0109629
-7.40137e-05
0.0109826
-6.421e-05
0.011007
-4.67335e-05
0.0110314
-4.96718e-05
0.0110556
-2.10117e-05
0.0110779
-1.99058e-05
0.0111121
-8.38943e-06
0.0111238
2.74859e-05
0.0111763
1.38714e-06
0.0111749
7.33735e-05
0.011242
3.08358e-05
0.0112395
0.000102908
0.0113071
8.40267e-05
0.0113193
0.00012619
0.01138
0.00013935
0.0114085
0.000170076
0.0114712
0.000181264
0.0115073
0.000233644
0.0115801
0.000233667
0.0116246
0.000294327
0.0117062
0.00030757
0.0117661
0.000365198
0.0118596
0.000381254
0.0119348
0.00046642
0.012042
0.000475306
0.0121444
0.000566042
0.0122605
0.000615684
0.012408
0.000687955
0.0125343
0.00078414
0.0127235
0.000872996
0.0129
0.000992544
0.0131159
0.00114797
0.0133802
0.00128946
0.0136192
0.00157175
0.0139506
0.00179721
0.0141961
0.00224244
0.0144601
0.00267595
0.0146785
0.00323877
0.00397384
0.0148169
0.0100147
-3.72009e-05
0.0100439
-9.24392e-05
0.0100781
-0.000130519
0.0101075
-0.000142906
0.0101316
-0.000151894
0.0101529
-0.000150859
0.0101734
-0.000157738
0.0101963
-0.000159502
0.0102188
-0.000167369
0.0102428
-0.000169421
0.010265
-0.000174877
0.010287
-0.000175104
0.010308
-0.000178172
0.010327
-0.000177817
0.0103483
-0.000179006
0.0103641
-0.000179694
0.0103865
-0.000178752
0.0103994
-0.000180572
0.0104221
-0.000178427
0.0104335
-0.000179372
0.0104543
-0.000178115
0.010466
-0.000176638
0.0104838
-0.000176206
0.0104957
-0.000174031
0.0105114
-0.000171693
0.0105224
-0.000170862
0.010537
-0.000166786
0.0105467
-0.000164002
0.0105601
-0.000163703
0.0105691
-0.000153354
0.0105813
-0.00015941
0.0105891
-0.000143622
0.0106016
-0.000149605
0.0106066
-0.000135897
0.0106211
-0.0001371
0.0106233
-0.000124324
0.0106394
-0.000127047
0.0106402
-0.000107565
0.0106575
-0.000115514
0.010658
-9.21379e-05
0.010676
-9.80504e-05
0.0106784
-7.64432e-05
0.010696
-8.17726e-05
0.0107021
-5.289e-05
0.0107198
-6.73522e-05
0.0107288
-2.99833e-05
0.0107494
-4.05435e-05
0.0107601
-1.91239e-05
0.0107898
-2.1633e-06
0.0107982
-6.98395e-06
0.01084
3.15752e-05
0.0108472
2.36319e-05
0.0108988
5.1309e-05
0.0109117
7.10759e-05
0.0109705
6.7459e-05
0.0109913
0.000118524
0.0110635
9.7867e-05
0.0110861
0.000158689
0.0111854
0.000134315
0.0112017
0.000217321
0.0113268
0.000169281
0.0113561
0.000278257
0.0114966
0.000224663
0.0115374
0.000340441
0.0117177
0.000286197
0.0117741
0.000418888
0.0119475
0.00039267
0.0120895
0.000473599
0.0122565
0.000521031
0.0124414
0.000599212
0.0126631
0.000651282
0.0129019
0.000753782
0.0131654
0.000884394
0.0135031
0.000951791
0.0138529
0.00122193
0.0143366
0.00131355
0.014784
0.00179507
0.0153118
0.00214809
0.0155625
0.00298814
0.00360433
0.015932
0.0100356
-7.27699e-05
0.0100803
-0.000137123
0.0101107
-0.000160931
0.010128
-0.000160227
0.0101356
-0.000159549
0.0101442
-0.000159372
0.0101496
-0.000163179
0.0101547
-0.000164618
0.0101546
-0.000167255
0.0101525
-0.000167295
0.010145
-0.000167436
0.0101356
-0.0001657
0.0101225
-0.000165043
0.0101072
-0.00016257
0.0100905
-0.000162243
0.0100698
-0.000158979
0.0100503
-0.000159274
0.0100244
-0.0001547
0.0100021
-0.000156104
0.0099723
-0.000149571
0.00994656
-0.000152376
0.00991403
-0.000144113
0.00988517
-0.000147346
0.00985001
-0.000138866
0.0098193
-0.000140984
0.00978145
-0.000133008
0.00974934
-0.000134678
0.00971038
-0.000125043
0.00967589
-0.000129216
0.00963782
-0.00011528
0.00960122
-0.000122816
0.00956374
-0.000106143
0.00952769
-0.000113548
0.00948957
-9.77838e-05
0.00945581
-0.000103342
0.00941832
-8.68298e-05
0.00938659
-9.53209e-05
0.00935123
-7.22053e-05
0.0093233
-8.75759e-05
0.00928914
-5.79814e-05
0.00926709
-7.59963e-05
0.00923673
-4.60878e-05
0.00921728
-6.23208e-05
0.00919739
-3.30017e-05
0.00917973
-4.96915e-05
0.00916707
-1.73256e-05
0.009162
-3.5473e-05
0.00914736
-4.48184e-06
0.00916035
-1.51532e-05
0.00914665
6.71273e-06
0.00917746
7.70941e-07
0.00916883
3.22545e-05
0.00921655
3.59032e-06
0.00922457
6.30599e-05
0.00927048
2.15525e-05
0.0093209
6.81014e-05
0.00934566
7.31053e-05
0.0094476
5.67495e-05
0.00946523
0.000116686
0.00960244
8.01138e-05
0.00962693
0.000144789
0.00981456
9.06286e-05
0.00983534
0.000203874
0.0100572
0.000118544
0.0101217
0.000221767
0.010382
0.000158542
0.0104212
0.000353529
0.0108268
6.79507e-05
0.0108188
0.000529012
0.0113134
0.000104675
0.0113769
0.000587701
0.0119434
0.000187297
0.0120555
0.000772288
0.012828
0.000179316
0.0128891
0.00116089
0.014066
0.000136579
0.0141357
0.00172535
0.015807
0.000476875
0.0160353
0.0027598
0.0022088
0.0174308
0.00992723
0.00979011
0.00962918
0.00946895
0.0093094
0.00915003
0.00898685
0.00882223
0.00865498
0.00848768
0.00832024
0.00815454
0.0079895
0.00782693
0.00766469
0.00750571
0.00734644
0.00719174
0.00703563
0.00688606
0.00673368
0.00658957
0.00644223
0.00630336
0.00616238
0.00602937
0.00589469
0.00576965
0.00564043
0.00552515
0.00540234
0.00529619
0.00518264
0.00508486
0.00498152
0.00489469
0.00479937
0.00472716
0.00463959
0.00458161
0.00450561
0.00445952
0.0043972
0.0043642
0.00431451
0.00429718
0.00426171
0.00425723
0.00424207
0.00424879
0.00424956
0.00428181
0.0042854
0.00434846
0.00437001
0.00443812
0.00451122
0.00456797
0.00468466
0.00476477
0.00490956
0.00500019
0.00520406
0.00532261
0.00554437
0.00570291
0.00605644
0.00612439
0.00665341
0.00675808
0.00734578
0.00753308
0.00830537
0.00848468
0.00964557
0.00978215
0.0115075
0.0119844
0.0147442
0.016953
0.000280895
-0.000148421
0.000484305
-0.00020341
0.000746089
-0.000261783
0.00097735
-0.000231261
0.00117583
-0.000198482
0.00129278
-0.000116951
0.00133439
-4.16014e-05
0.00127493
5.94543e-05
0.000940759
0.000334172
0.00015375
0.00078701
-0.00107372
0.00122747
-0.00227275
0.00119903
-0.00303437
0.000761619
-0.00331298
0.00027861
-0.00360337
0.000290383
-0.00373593
0.000132564
-0.00324736
-0.000488569
-0.00222003
-0.00102733
-0.000973581
-0.00124645
-0.000973581
0.000205469
-0.00043566
0.000397044
-0.000394985
0.000455258
-0.000319997
0.000540591
-0.000316594
0.000691644
-0.000349535
0.000716104
-0.000141411
0.000492422
0.000182081
-2.72676e-05
0.000579144
-0.00081791
0.00112481
-0.00177074
0.00173984
-0.00263647
0.0020932
-0.00335065
0.00191321
-0.00386816
0.00127913
-0.00438479
0.000795233
-0.00477286
0.000678455
-0.00465602
1.57309e-05
-0.00408184
-0.00106276
-0.00294923
-0.00215994
-0.00148859
-0.00270709
-0.00246217
-0.000658203
-0.000456197
-0.000300629
-0.00075256
-5.00088e-05
-0.000570617
9.11545e-06
-0.000375718
-9.23738e-05
-0.000248045
-0.000338752
0.000104967
-0.000623372
0.000466702
-0.00114617
0.00110194
-0.00184872
0.00182737
-0.00241508
0.00230621
-0.00280122
0.00247933
-0.00316244
0.00227443
-0.00359153
0.00170823
-0.00396754
0.00117124
-0.00403479
0.000745704
-0.00378036
-0.000238693
-0.00323155
-0.00161157
-0.00225483
-0.00313666
-0.00112227
-0.00383965
-0.00358444
0.00102938
0.00113582
-0.000167709
0.000444527
-0.000733072
-5.25347e-06
-0.00058246
-0.000526331
-0.000338459
-0.000492046
-0.000430113
0.000196622
-0.000848841
0.00088543
-0.00121126
0.00146436
-0.00136872
0.00198483
-0.00161062
0.00254811
-0.00188952
0.00275823
-0.00218865
0.00257356
-0.00249446
0.00201405
-0.0026357
0.00131248
-0.00259361
0.000703616
-0.00235387
-0.000478434
-0.00197142
-0.00199402
-0.00130606
-0.00380201
-0.000702294
-0.00444342
-0.00428674
0.00550636
0.00209691
0.00390402
0.00204686
0.0019662
0.00193257
0.000311461
0.00112841
-0.000557516
0.000376931
-0.000530759
0.000169865
-0.000332975
0.000687646
-0.00065894
0.00179032
-0.000926835
0.00225273
-0.000936836
0.00255811
-0.000922685
0.00274408
-0.00111639
0.00276726
-0.00134083
0.00223848
-0.00144086
0.00141251
-0.0015296
0.000792358
-0.00137641
-0.000631632
-0.0011477
-0.00222272
-0.000770823
-0.0041789
-0.00057745
-0.00463679
-0.00486419
0.00771049
0.00291375
0.00678699
0.00297036
0.00579246
0.0029271
0.00416755
0.00275331
0.00195576
0.00258873
0.000294387
0.00183124
-0.000118093
0.00110013
0.000207749
0.00146448
0.000250093
0.00221038
-5.95727e-05
0.00286777
-0.000218526
0.00290303
-0.000189549
0.00273829
-0.000118803
0.00216774
-0.000233742
0.00152745
-0.00026744
0.000826057
-0.000179819
-0.000719252
-0.000150709
-0.00225183
-9.88534e-06
-0.00431972
-7.79728e-05
-0.0045687
-0.00494216
0.00917394
0.00341148
0.00860317
0.00354113
0.00784524
0.00368503
0.0067711
0.00382745
0.00554041
0.00381942
0.00381052
0.00356112
0.00175993
0.00315071
0.000729988
0.00249443
0.000773818
0.00216655
0.00112375
0.00251785
0.00117392
0.00285286
0.0010233
0.0028889
0.000987403
0.00220364
0.00103214
0.00148271
0.00119227
0.000665922
0.00108878
-0.00061576
0.000734821
-0.00189787
0.000574644
-0.00415954
0.000157195
-0.00415125
-0.00478497
0.0100444
0.00371389
0.00962788
0.00395767
0.00909611
0.00421681
0.00847049
0.00445307
0.00765183
0.00463808
0.00652532
0.00468764
0.00504255
0.00463348
0.00337175
0.00416522
0.00194359
0.00359472
0.00153332
0.00292811
0.00177043
0.00261575
0.00213612
0.00252321
0.00228929
0.00205047
0.00212215
0.00164985
0.00219015
0.000597926
0.00205723
-0.000482834
0.00178029
-0.00162094
0.00105931
-0.00343856
0.000190405
-0.00328235
-0.00459456
0.0105629
0.00394768
0.0102825
0.00423806
0.00991437
0.00458498
0.00949449
0.00487296
0.00897055
0.00516202
0.00825177
0.00540642
0.00739801
0.00548723
0.00615557
0.00540766
0.00476448
0.00498581
0.00329045
0.00440213
0.00221355
0.00369265
0.0017829
0.00295386
0.00186368
0.0019697
0.00234098
0.00117254
0.00261357
0.000325334
0.00240787
-0.000277135
0.00162377
-0.000836841
0.000734389
-0.00254917
-3.43808e-05
-0.00251358
-0.00462894
0.0109748
0.00412944
0.0107377
0.00447519
0.0104956
0.00482705
0.0101552
0.00521335
0.00979849
0.00551876
0.00935983
0.00584508
0.00878715
0.00605992
0.00802901
0.0061658
0.00701507
0.00599975
0.00597512
0.00544207
0.0050957
0.00457207
0.0043677
0.00368186
0.00394111
0.00239628
0.00372284
0.00139082
0.00316936
0.000878812
0.00235874
0.000533483
0.0017154
-0.0001935
0.000702606
-0.00153638
0.000574636
-0.00238561
-0.0040543
0.0113628
0.00426967
0.0111536
0.00468435
0.0109309
0.00504978
0.0106763
0.00546792
0.010353
0.00584211
0.0100342
0.00616383
0.00964662
0.00644754
0.00923903
0.00657339
0.00851724
0.00672154
0.00734047
0.00661885
0.00571424
0.0061983
0.00380001
0.00559608
0.00143385
0.00476244
-0.000399335
0.00322401
-0.00147345
0.00195293
-0.00167115
0.00073118
-0.00100963
-0.000855016
-0.000471948
-0.00207406
0.000761978
-0.00361953
-0.00329233
0.0117522
0.00440518
0.0115768
0.00485976
0.0113419
0.00528469
0.0111095
0.00570035
0.0108236
0.006128
0.0104798
0.00650767
0.0101244
0.00680291
0.00972661
0.00697118
0.00945014
0.006998
0.00912156
0.00694743
0.00872061
0.00659926
0.00843633
0.00588036
0.00817058
0.0050282
0.00776225
0.00363233
0.00704684
0.00266834
0.00659406
0.00118395
0.00558714
0.000151906
0.00499714
-0.00148406
0.00332246
-0.00194486
3.01353e-05
0.0121808
0.00455296
0.012016
0.00502456
0.0117744
0.00552638
0.0114902
0.00598446
0.011222
0.00639625
0.0109094
0.00682027
0.0104964
0.00721586
0.009946
0.0075216
0.00926081
0.0076832
0.00838952
0.00781872
0.00717516
0.00781362
0.00573766
0.00731787
0.00440167
0.00636418
0.00327633
0.00475768
0.0026467
0.00329797
0.00210409
0.00172657
0.00149317
0.000762822
0.000891476
-0.000882363
0.000442036
-0.00149542
0.000472171
0.0126826
0.00468186
0.0124983
0.00520884
0.0122605
0.00576416
0.0119023
0.00634271
0.0115023
0.00679622
0.0111862
0.00713637
0.0109807
0.00742136
0.010836
0.00766631
0.010786
0.00773326
0.0108978
0.00770684
0.0107103
0.00800112
0.00998964
0.00803856
0.00850848
0.00784534
0.00650806
0.0067581
0.00486838
0.00493765
0.00357191
0.00302304
0.00251983
0.0018149
0.00166376
-2.62915e-05
0.000764357
-0.000596016
0.00123653
0.0132657
0.00475891
0.0130537
0.0054208
0.0127725
0.00604539
0.012443
0.0066722
0.0118775
0.00736167
0.0112318
0.00778209
0.0105118
0.00814131
0.00960616
0.00857199
0.00840054
0.00893887
0.00756141
0.00854597
0.00759344
0.00796909
0.00809229
0.0075397
0.00838444
0.0075532
0.0077317
0.00741083
0.00627448
0.00639487
0.00437988
0.00491764
0.00279413
0.00340064
0.00193714
0.000830702
0.00103604
0.00030509
0.00227256
0.0139096
0.00488304
0.0137125
0.00561791
0.0132612
0.00649669
0.0128699
0.00706347
0.0125973
0.00763425
0.0123321
0.00804732
0.0121555
0.00831791
0.0123084
0.00841914
0.012079
0.00916826
0.0108886
0.00973637
0.00934328
0.00951441
0.00824408
0.0086389
0.0078647
0.00793258
0.0075596
0.00771594
0.00673428
0.00722018
0.00538579
0.00626614
0.00410773
0.0046787
0.00247147
0.00246696
0.000993054
0.00178351
0.00326562
0.0147789
0.00492107
0.0144916
0.00590519
0.0138455
0.00714277
0.0130026
0.00790644
0.0121041
0.00853272
0.0110079
0.0091435
0.00957012
0.00975571
0.00856307
0.00942618
0.00882822
0.00890311
0.00948862
0.00907598
0.00925235
0.00975067
0.00826851
0.00962274
0.00741435
0.00878673
0.00689087
0.00823942
0.00635385
0.0077572
0.00548326
0.00713674
0.004159
0.00600296
0.00272628
0.00389968
0.001238
0.00327178
0.00450362
0.015892
0.00496101
0.0153455
0.00645172
0.0148129
0.00767537
0.0145714
0.00814799
0.0145609
0.00854318
0.0144709
0.00923351
0.0138857
0.0103408
0.0120644
0.0112475
0.0100924
0.0108751
0.00927584
0.00989254
0.0090148
0.0100117
0.0082633
0.0103742
0.00717119
0.00987884
0.00636647
0.00904414
0.00574241
0.00838126
0.00495621
0.00792293
0.00391321
0.00704595
0.00269913
0.00511376
0.00140853
0.00456238
0.00591215
0.0173258
0.00506606
0.0159027
0.00787478
0.0142717
0.00930637
0.0125073
0.00991241
0.0111519
0.00989863
0.0105555
0.00982988
0.0110779
0.00981843
0.0115235
0.0108019
0.0105716
0.011827
0.00914243
0.0113217
0.00852239
0.0106318
0.008057
0.0108396
0.00711619
0.0108196
0.00605935
0.010101
0.0052023
0.0092383
0.00434429
0.00878095
0.00343085
0.0079594
0.00226691
0.0062777
0.00128832
0.00554097
0.00720048
0.0176057
0.00441331
0.0184986
0.0069819
0.0189712
0.00883379
0.0185269
0.0103567
0.0164312
0.0119944
0.0133007
0.0129603
0.0111238
0.0119953
0.0107474
0.0111783
0.0104129
0.0121616
0.00938551
0.0123491
0.00837209
0.0116452
0.00780823
0.0114035
0.00710516
0.0115227
0.00607559
0.0111306
0.00495386
0.01036
0.00390545
0.00982935
0.0028917
0.00897315
0.00170311
0.00746629
0.000815172
0.0064289
0.00801565
0.00744262
-0.00302931
0.0105613
0.00386325
0.0135758
0.00581928
0.015683
0.00824951
0.0169874
0.0106899
0.0158095
0.0141383
0.0128486
0.0149562
0.0106912
0.0133358
0.00991485
0.0129379
0.00892425
0.0133397
0.00780032
0.0127691
0.00707845
0.0121254
0.00648894
0.0121122
0.00573176
0.0118877
0.00477684
0.011315
0.00369685
0.0109093
0.00253789
0.0101321
0.0012792
0.00872498
0.000227143
0.00748097
0.00824279
-0.000392339
-0.00263697
0.00230706
0.00116385
0.0064971
0.00162924
0.0106255
0.00412112
0.0135162
0.00779916
0.0150475
0.012607
0.0138791
0.0161246
0.011399
0.0158159
0.00990249
0.0144344
0.00891898
0.0143232
0.00771368
0.0139744
0.00671521
0.0131238
0.00599168
0.0128358
0.00520036
0.0126791
0.00424361
0.0122717
0.00326329
0.0118897
0.00220956
0.0111858
0.000931093
0.0100034
-0.000125538
0.0085376
0.00811725
-0.000472045
-0.00216493
0.0011971
-0.000505293
0.00390374
-0.00107739
0.00695824
0.00106662
0.0105041
0.00425333
0.0129955
0.0101155
0.0129516
0.0161685
0.0113995
0.017368
0.00974701
0.0160869
0.00873858
0.0153316
0.00765161
0.0150614
0.00652065
0.0142548
0.00565833
0.0136981
0.00493562
0.0134018
0.0041304
0.0130769
0.00313907
0.012881
0.00194991
0.012375
0.000723241
0.0112301
-0.000176741
0.00943758
0.00794051
0.000517774
-0.0026827
0.00264392
-0.00263144
0.00441548
-0.00284895
0.00648413
-0.00100204
0.00812516
0.00261231
0.0105049
0.00773576
0.0116251
0.0150483
0.0103337
0.0186594
0.00878484
0.0176357
0.00794423
0.0161722
0.00724371
0.0157619
0.00633994
0.0151586
0.00546083
0.0145772
0.00464124
0.0142214
0.00378723
0.0139309
0.00289472
0.0137735
0.00195353
0.0133162
0.000904534
0.0122791
-3.23209e-05
0.0103744
0.00790819
-0.00113444
-0.00154826
-1.32499e-05
-0.00375263
0.00147144
-0.00433365
0.00338863
-0.00291922
0.00556717
0.000433763
0.00820181
0.00510112
0.00943243
0.0138177
0.00929667
0.0187952
0.00809487
0.0188375
0.0069851
0.017282
0.00640125
0.0163458
0.00580903
0.0157508
0.00512897
0.0152572
0.00448778
0.0148626
0.00384969
0.014569
0.0030854
0.0145378
0.00215136
0.0142502
0.00111017
0.0133203
0.000265254
0.0112193
0.00817345
-0.00108036
-0.000467899
-0.00218097
-0.00265202
-0.00175028
-0.00476434
4.61961e-05
-0.0047157
0.00213277
-0.00165281
0.00450476
0.00272913
0.00599343
0.012329
0.00723495
0.0175537
0.00678717
0.0192853
0.00603277
0.0180364
0.00545772
0.0169208
0.00504809
0.0161604
0.00460672
0.0156986
0.00410529
0.015364
0.00351452
0.0151598
0.00283274
0.0152196
0.00208585
0.0149971
0.00128003
0.0141261
0.000411143
0.0120882
0.00858459
-0.00216083
0.00169293
-0.00342234
-0.0013905
-0.0039601
-0.00422658
-0.00354712
-0.00512868
-0.00161783
-0.0035821
0.00139337
-0.000282073
0.00323281
0.0104896
0.00475524
0.0160312
0.0055009
0.0185396
0.00535134
0.0181859
0.00492387
0.0173483
0.00447396
0.0166103
0.00408348
0.0160891
0.00373923
0.0157082
0.00341249
0.0154865
0.00297601
0.015656
0.00233364
0.0156395
0.00147958
0.0149802
0.000657509
0.0129103
0.0092421
-0.00142541
0.00311834
-0.00319974
0.000383831
-0.00485463
-0.00257169
-0.0054882
-0.0044951
-0.00407572
-0.00499459
-0.00169269
-0.0026651
0.000893777
0.00790312
0.00142917
0.0154958
0.00326328
0.0167055
0.00429488
0.0171544
0.00461113
0.017032
0.0043551
0.0168663
0.00394038
0.0165038
0.00354897
0.0160996
0.00319712
0.0158384
0.00277735
0.0160758
0.00219541
0.0162214
0.00153717
0.0156384
0.000741974
0.0137055
0.00998407
-0.00123514
0.00435347
-0.00283208
0.00198078
-0.00462258
-0.000781188
-0.00603278
-0.0030849
-0.00646916
-0.00455821
-0.00561677
-0.00351749
-0.00132265
0.003609
0.000405372
0.0137678
0.0013473
0.0157636
0.00270727
0.0157944
0.00375895
0.0159804
0.00420107
0.0164242
0.00396093
0.016744
0.00346823
0.0165923
0.00306504
0.0162416
0.00279313
0.0163477
0.00242
0.0165946
0.00170044
0.016358
0.0007797
0.0146262
0.0107638
-0.00112117
0.00547465
-0.00242124
0.00328084
-0.00383244
0.000630004
-0.00516538
-0.00175196
-0.00656558
-0.00315801
-0.00681406
-0.00326901
-0.00360113
0.000396075
0.000644528
0.00952215
0.00154267
0.0148655
0.00194396
0.0153931
0.00278309
0.0151412
0.00367228
0.015535
0.00394862
0.0164676
0.00366829
0.0168727
0.00324924
0.0166606
0.00282302
0.016774
0.002264
0.0171536
0.00164121
0.0169808
0.00095945
0.015308
0.0117232
-0.000627572
0.00610222
-0.00163647
0.00428974
-0.00293339
0.00192693
-0.00385028
-0.000835068
-0.00482708
-0.00218121
-0.00567442
-0.00242167
-0.00528136
3.0159e-06
-0.000810669
0.00505146
0.00281391
0.0112409
0.00339526
0.0148117
0.0031344
0.0154021
0.00341719
0.0152522
0.00383599
0.0160488
0.00367469
0.017034
0.00315878
0.0171765
0.0027481
0.0171846
0.00243867
0.017463
0.00184326
0.0175762
0.000825863
0.0163254
0.0125491
0.000312803
0.00578942
-1.22459e-05
0.00461479
-0.000807668
0.00272235
-0.00152692
-0.00011581
-0.00206113
-0.001647
-0.00263701
-0.0018458
-0.00317343
0.000539442
-0.00145734
0.00333536
0.00215828
0.00762526
0.00472681
0.0122432
0.00461491
0.015514
0.00405393
0.0158132
0.00399504
0.0161077
0.00395152
0.0170775
0.0035952
0.0175329
0.00309009
0.0176897
0.00244632
0.0181068
0.00172367
0.0182988
0.00101324
0.0170358
0.0135623
0.000622418
0.005167
0.0010828
0.00415441
0.00108085
0.0027243
0.00106885
-0.000103815
0.00107302
-0.00165117
0.000664501
-0.00143728
0.000477207
0.000726735
0.00040832
0.00340425
0.0015795
0.00645408
0.0044977
0.00932502
0.00587243
0.0141392
0.00529845
0.0163872
0.00464805
0.0167581
0.00424835
0.0174772
0.00363993
0.0181413
0.00299905
0.0183306
0.00252517
0.0185807
0.00193771
0.0188863
0.000924401
0.0180491
0.0144867
0.000416679
0.00475032
0.000930336
0.00364075
0.00222857
0.00142606
0.0030626
-0.000937844
0.0034793
-0.00206787
0.00325716
-0.00121514
0.00330889
0.00067501
0.00312701
0.00358613
0.00324273
0.00633837
0.00426951
0.00829824
0.0062337
0.0121751
0.00631994
0.016301
0.00541863
0.0176594
0.00470861
0.0181872
0.00413633
0.0187136
0.00350209
0.0189649
0.00275464
0.0193281
0.00190755
0.0197334
0.00101952
0.0189372
0.0155062
0.00011936
0.00463096
0.00128685
0.00247326
0.00349352
-0.000780607
0.00468918
-0.00213351
0.00512535
-0.00250404
0.00499629
-0.00108608
0.00495433
0.000716968
0.00498843
0.00355202
0.0051583
0.00616849
0.00487861
0.00857792
0.00617543
0.0108782
0.00699288
0.0154835
0.00642899
0.0182233
0.00541507
0.0192011
0.00439934
0.0197293
0.00344313
0.0199211
0.00267348
0.0200978
0.00197455
0.0204323
0.00102889
0.0198828
0.0165351
0.000223132
0.00440783
0.00261559
8.08086e-05
0.00445636
-0.00262138
0.00553697
-0.00321412
0.00597492
-0.00294199
0.00602641
-0.00113756
0.00597761
0.000765763
0.00605205
0.00347759
0.00632527
0.00589527
0.00605441
0.00884878
0.0063098
0.0106229
0.00709985
0.0146934
0.00675673
0.0185664
0.00575768
0.0202002
0.0047638
0.0207232
0.00387507
0.0208098
0.00300635
0.0209665
0.00205801
0.0213806
0.000980303
0.0209605
0.0175154
0.00132147
0.00308635
0.0034481
-0.00204582
0.00497954
-0.00415282
0.00607488
-0.00430947
0.00666644
-0.00353355
0.00690515
-0.00137628
0.00704994
0.00062098
0.00717076
0.00335677
0.00734134
0.0057247
0.00722567
0.00896445
0.00688535
0.0109632
0.00737015
0.0142086
0.00726757
0.018669
0.00630573
0.021162
0.00506432
0.0219646
0.00384142
0.0220327
0.002794
0.0220139
0.00194086
0.0222338
0.00106518
0.0218362
0.0185806
0.00205567
0.00103069
0.0039551
-0.00394525
0.00550944
-0.00570716
0.00673347
-0.00553349
0.00737638
-0.00417646
0.00766117
-0.00166107
0.00780277
0.000479382
0.00802021
0.00313932
0.00812323
0.00562168
0.00808475
0.00900292
0.00743191
0.011616
0.00730521
0.0143353
0.00709182
0.0188824
0.00621584
0.022038
0.00505701
0.0231234
0.00397757
0.0231121
0.00302201
0.0229695
0.00204421
0.0232116
0.000902313
0.0229781
0.0194829
0.00225749
-0.0012268
0.0043924
-0.00608016
0.00600073
-0.00731549
0.00718485
-0.00671762
0.00782171
-0.00481332
0.0081611
-0.00200046
0.00836919
0.000271294
0.00859029
0.00291822
0.00862611
0.00558586
0.00859086
0.00903817
0.00803077
0.0121761
0.00757249
0.0147936
0.00721601
0.0192389
0.00634441
0.0229096
0.005136
0.0243318
0.00385762
0.0243905
0.00268522
0.0241419
0.00175844
0.0241384
0.000965336
0.0237712
0.0204483
0.00255675
-0.00378356
0.00461801
-0.00814141
0.00617778
-0.00887526
0.00722002
-0.00775985
0.00780587
-0.00539918
0.00821733
-0.00241192
0.00860608
-0.000117456
0.00888583
0.00263847
0.00887052
0.00560118
0.00867372
0.00923497
0.00800292
0.0128469
0.00722846
0.0155681
0.00666768
0.0197997
0.00581514
0.0237621
0.0046597
0.0254873
0.00354752
0.0255027
0.00263359
0.0250558
0.00175488
0.0250171
0.000724444
0.0248017
0.0211727
0.00248914
-0.0062727
0.0046376
-0.0102899
0.00612249
-0.0103601
0.00707984
-0.00871721
0.00755552
-0.00587485
0.00801936
-0.00287577
0.00837863
-0.000476719
0.0087471
0.00227
0.0086966
0.00565167
0.00845962
0.00947196
0.00789501
0.0134115
0.00700667
0.0164564
0.00620601
0.0206003
0.0053359
0.0246322
0.00433628
0.0264869
0.00324841
0.0265906
0.00217106
0.0261332
0.00130992
0.0258782
0.000696917
0.0254147
0.0218696
0.00253945
-0.00881215
0.00435869
-0.0121091
0.0056406
-0.011642
0.00647339
-0.00954999
0.00698542
-0.00638688
0.00748727
-0.00337762
0.00796729
-0.000956744
0.00817968
0.00205762
0.00804998
0.00578137
0.00758146
0.00994048
0.00693797
0.014055
0.00605789
0.0173365
0.00519768
0.0214606
0.0043201
0.0255098
0.00333971
0.0274673
0.00245069
0.0274796
0.00177172
0.0268121
0.00115855
0.0264914
0.000408525
0.0261647
0.0222782
0.00216338
-0.0109755
0.0038713
-0.013817
0.00498306
-0.0127538
0.00558218
-0.0101491
0.0060221
-0.0068268
0.00652331
-0.00387882
0.00701378
-0.00144722
0.00716177
0.00190963
0.00697775
0.00596539
0.00650455
0.0104137
0.00585711
0.0147024
0.0049485
0.0182451
0.00400275
0.0224063
0.00320063
0.0263119
0.00253491
0.028133
0.00186804
0.0281464
0.00117828
0.0275019
0.00058549
0.0270842
0.000256834
0.0264933
0.022535
0.00197524
-0.0129508
0.00332719
-0.015169
0.0041957
-0.0136223
0.00469176
-0.0106452
0.00499125
-0.00712629
0.00544476
-0.00433233
0.0057163
-0.00171876
0.00566008
0.00196586
0.0052662
0.00635927
0.00470066
0.0109792
0.00413888
0.0152642
0.00337777
0.0190062
0.00255567
0.0232284
0.0018367
0.0270309
0.001175
0.0287947
0.000680939
0.0286405
0.00041117
0.0277717
0.000231103
0.0272642
-1.97718e-05
0.0267442
0.0225152
0.00148414
-0.0144349
0.002548
-0.0162328
0.00313521
-0.0142095
0.00342491
-0.0109349
0.0036733
-0.00737468
0.00399835
-0.00465738
0.00415058
-0.00187098
0.00389191
0.00222453
0.00343939
0.00681179
0.00287079
0.0115478
0.00229658
0.0158384
0.00155074
0.0197521
0.000792673
0.0239865
0.000278552
0.027545
4.53222e-05
0.0290279
-2.93302e-05
0.0287152
-0.000166554
0.0279089
-0.000356134
0.0274538
-0.000332272
0.0267203
0.0221829
0.00119169
-0.0156266
0.00192324
-0.0169644
0.00227876
-0.0145651
0.00233876
-0.0109949
0.00234969
-0.0073856
0.00238758
-0.00469528
0.00225577
-0.00173917
0.00182594
0.00265436
0.00129287
0.00734486
0.000803528
0.0120371
0.000272378
0.0163696
-0.000374914
0.0203994
-0.000970127
0.0245817
-0.00131322
0.0278881
-0.00139155
0.0291063
-0.00129141
0.028615
-0.00110776
0.0277252
-0.000872439
0.0272185
-0.000554789
0.0264027
0.0216282
0.000779363
-0.016406
0.00119815
-0.0173832
0.00125928
-0.0146262
0.00113684
-0.0108724
0.000974609
-0.00722337
0.000730509
-0.00445118
0.000354325
-0.00136299
-9.33378e-05
0.00310202
-0.000679648
0.00793117
-0.00122518
0.0125827
-0.00177242
0.0169168
-0.00242858
0.0210555
-0.00297884
0.0251319
-0.00305605
0.0279653
-0.00261263
0.0286628
-0.00204212
0.0280445
-0.00162802
0.0273111
-0.00134108
0.0269316
-0.0009216
0.0259832
0.0207066
0.000402624
-0.0168086
0.000517431
-0.017498
0.000360984
-0.0144698
1.26164e-05
-0.0105241
-0.00047295
-0.0067378
-0.000931451
-0.00399268
-0.0014577
-0.000836735
-0.00209121
0.00373553
-0.00269494
0.0085349
-0.00329136
0.0131791
-0.00385106
0.0174765
-0.0043761
0.0215806
-0.00455681
0.0253127
-0.00424709
0.0276556
-0.00364747
0.0280632
-0.00306326
0.0274603
-0.00253663
0.0267845
-0.0019543
0.0263492
-0.0010962
0.0251251
0.0196104
0.000161355
-0.0169699
-1.35763e-05
-0.0173231
-0.000375444
-0.0141079
-0.000967255
-0.00993226
-0.00167247
-0.00603259
-0.00244601
-0.00321914
-0.00323605
-4.66932e-05
-0.00394777
0.00444725
-0.00459931
0.00918643
-0.0051765
0.0137563
-0.00571562
0.0180157
-0.00616432
0.0220293
-0.00622001
0.0253683
-0.00564622
0.0270818
-0.00464114
0.0270581
-0.00365584
0.026475
-0.00284664
0.0259753
-0.00218792
0.0256905
-0.00142001
0.0243572
0.0181903
-0.000158207
-0.0168117
-0.00048725
-0.016994
-0.00109387
-0.0135013
-0.00191838
-0.00910775
-0.00290114
-0.00504982
-0.00392026
-0.00220002
-0.00481151
0.000844554
-0.00567416
0.0053099
-0.0064415
0.00995377
-0.00709821
0.014413
-0.00758639
0.0185038
-0.00775084
0.0221937
-0.00728147
0.024899
-0.00621779
0.0260181
-0.00509414
0.0259345
-0.00420497
0.0255858
-0.00349874
0.0252691
-0.00274434
0.0249361
-0.0015251
0.023138
0.0166652
-0.000357641
-0.0164541
-0.000933066
-0.0164186
-0.00160618
-0.0128282
-0.00251522
-0.00819871
-0.00367522
-0.00388983
-0.0050286
-0.000846641
-0.00620291
0.00201887
-0.0072424
0.0063494
-0.00797146
0.0106828
-0.00849645
0.014938
-0.00876354
0.0187709
-0.00864708
0.0220772
-0.00798689
0.0242388
-0.00688865
0.0249199
-0.00570658
0.0247524
-0.00460971
0.024489
-0.00367654
0.0243359
-0.002782
0.0240416
-0.00172282
0.0220788
0.0149424
-0.000398935
-0.0160552
-0.00104221
-0.0157753
-0.00192674
-0.0119436
-0.00298793
-0.00713751
-0.00432157
-0.00255618
-0.00580998
0.000641768
-0.00717516
0.00338404
-0.00822293
0.00739717
-0.00904789
0.0115078
-0.00958731
0.0154774
-0.009734
0.0189176
-0.0093221
0.0216654
-0.00823326
0.0231499
-0.00681414
0.0235008
-0.00559567
0.0235339
-0.00465818
0.0235515
-0.00392965
0.0236074
-0.00308654
0.0231985
-0.00174178
0.020734
0.0132006
-0.000614897
-0.0154403
-0.00136624
-0.015024
-0.002206
-0.0111039
-0.00321609
-0.00612742
-0.00453195
-0.00124033
-0.00612394
0.00223376
-0.00760121
0.00486131
-0.00876724
0.0085632
-0.00957435
0.0123149
-0.00991493
0.015818
-0.00974236
0.018745
-0.00899191
0.0209149
-0.00784093
0.021999
-0.00672759
0.0223874
-0.00574612
0.0225525
-0.00485371
0.0226591
-0.0040154
0.0227691
-0.00304342
0.0222265
-0.00175818
0.0194488
0.0114425
-0.000583173
-0.0148571
-0.00133601
-0.0142711
-0.00219263
-0.0102472
-0.00323953
-0.00508052
-0.00454148
6.16176e-05
-0.0061861
0.00387838
-0.00767221
0.00634742
-0.00875663
0.00964761
-0.00944484
0.0130031
-0.00969476
0.0160679
-0.00947463
0.0185249
-0.00870304
0.0201433
-0.00757994
0.0208759
-0.00644174
0.0212492
-0.00543538
0.0215461
-0.00460469
0.0218284
-0.00381451
0.0219789
-0.00290525
0.0213172
-0.00169426
0.0182378
0.00974821
-0.00060928
-0.0142478
-0.00136177
-0.0135186
-0.00219784
-0.00941117
-0.00312349
-0.00415487
-0.00425471
0.00119284
-0.00570829
0.00533197
-0.00718251
0.00782165
-0.00822893
0.010694
-0.00892877
0.0137029
-0.00907601
0.0162152
-0.00866302
0.0181119
-0.0077365
0.0192168
-0.00674931
0.0198887
-0.00594133
0.0204413
-0.00520675
0.0208115
-0.00451517
0.0211368
-0.00380499
0.0212687
-0.00284161
0.0203538
-0.00144533
0.0168415
0.00830288
-0.000628039
-0.0136198
-0.00132726
-0.0128194
-0.00206944
-0.00866898
-0.00286933
-0.00335498
-0.00383985
0.00216336
-0.00521834
0.00671045
-0.00660998
0.00921328
-0.00758098
0.011665
-0.0080894
0.0142114
-0.0081142
0.01624
-0.00776608
0.0177638
-0.00709025
0.018541
-0.006392
0.0191904
-0.00563012
0.0196794
-0.00491728
0.0200987
-0.00421973
0.0204392
-0.00334045
0.0203894
-0.0023449
0.0193583
-0.00137682
0.0158734
0.00692606
-0.000541433
-0.0130783
-0.00121339
-0.0121475
-0.0019243
-0.00795807
-0.0026355
-0.00264378
-0.00348202
0.00300988
-0.00459367
0.0078221
-0.00580998
0.0104296
-0.00662429
0.0124793
-0.00712195
0.014709
-0.00720652
0.0163245
-0.00688492
0.0174422
-0.00623895
0.017895
-0.00564856
0.0186
-0.00508507
0.0191159
-0.00447731
0.0194909
-0.00380536
0.0197673
-0.00318043
0.0197645
-0.00228587
0.0184637
-0.00095606
0.0145436
0.00597
-0.000581963
-0.0124964
-0.00119561
-0.0115338
-0.00178649
-0.00736719
-0.00241029
-0.00201998
-0.00307382
0.00367341
-0.00394747
0.00869576
-0.00505664
0.0115388
-0.0058667
0.0132894
-0.00627516
0.0151175
-0.00627541
0.0163248
-0.00603123
0.017198
-0.00566895
0.0175327
-0.00526083
0.0181919
-0.00468728
0.0185424
-0.00414736
0.018951
-0.00359384
0.0192138
-0.00278008
0.0189508
-0.00179247
0.0174761
-0.000921786
0.0136729
0.00504821
-0.000479182
-0.0120172
-0.00107675
-0.0109363
-0.0016365
-0.00680744
-0.00220351
-0.00145297
-0.00274157
0.00421147
-0.0035174
0.00947159
-0.00442403
0.0124454
-0.00504726
0.0139126
-0.00538367
0.0154539
-0.00546811
0.0164092
-0.00532133
0.0170512
-0.00501792
0.0172293
-0.00467545
0.0178494
-0.00432971
0.0181966
-0.00383606
0.0184574
-0.00315607
0.0185338
-0.00245229
0.018247
-0.00166238
0.0166862
-0.000734466
0.012745
0.00431374
-0.000485926
-0.0115313
-0.00106197
-0.0103602
-0.0015903
-0.00627911
-0.002086
-0.000957275
-0.00257562
0.00470109
-0.00310312
0.00999909
-0.00387635
0.0132186
-0.00451542
0.0145517
-0.00484874
0.0157872
-0.00486856
0.016429
-0.00474397
0.0169266
-0.00467078
0.0171561
-0.00442838
0.017607
-0.00395751
0.0177257
-0.00341727
0.0179171
-0.00291873
0.0180352
-0.00239383
0.0177221
-0.00169668
0.0159891
-0.000606664
0.011655
0.00370708
-0.000450385
-0.0110809
-0.00101993
-0.00979068
-0.00156502
-0.00573402
-0.00204869
-0.000473609
-0.00250514
0.00515755
-0.00294976
0.0104437
-0.00354711
0.013816
-0.00403243
0.015037
-0.00426449
0.0160193
-0.00432414
0.0164887
-0.00424585
0.0168484
-0.00409141
0.0170017
-0.00381419
0.0173298
-0.00365419
0.0175657
-0.00337991
0.0176428
-0.00282843
0.0174837
-0.00196451
0.0168582
-0.00133048
0.015355
-0.00109135
0.0114159
0.00261573
-0.000498684
-0.0105822
-0.00107411
-0.00921526
-0.00162058
-0.00518755
-0.00211289
1.87009e-05
-0.00249106
0.00553572
-0.00286996
0.0108226
-0.00329665
0.0142427
-0.00374573
0.0154861
-0.00400781
0.0162814
-0.004015
0.0164959
-0.00389511
0.0167285
-0.0039307
0.0170373
-0.00384277
0.0172419
-0.00352452
0.0172475
-0.00301148
0.0171298
-0.00250592
0.0169782
-0.00211823
0.0164705
-0.00169205
0.0149289
-0.00143323
0.0111571
0.0011825
-0.000531725
-0.0100505
-0.00113742
-0.00860956
-0.00168567
-0.0046393
-0.0022057
0.000538727
-0.00258842
0.00591844
-0.00288516
0.0111193
-0.00325575
0.0146132
-0.00359795
0.0158283
-0.00373497
0.0164184
-0.00376968
0.0165306
-0.00371666
0.0166754
-0.00356744
0.0168881
-0.00325423
0.0169287
-0.00304485
0.0170381
-0.00286813
0.0169531
-0.00256595
0.016676
-0.00203245
0.015937
-0.00147009
0.0143665
-0.00118146
0.0108684
1.0415e-06
-0.00062084
-0.00942962
-0.00127743
-0.00795297
-0.00188946
-0.00402726
-0.0023725
0.00102177
-0.00279784
0.00634378
-0.00307011
0.0113916
-0.00326821
0.0148114
-0.00350441
0.0160645
-0.00367218
0.0165861
-0.0036455
0.0165039
-0.00346154
0.0164915
-0.00340927
0.0168358
-0.0033793
0.0168987
-0.00316307
0.0168219
-0.00277493
0.0165649
-0.00240778
0.0163088
-0.00177945
0.0153086
-0.00071416
0.0133012
4.63309e-05
0.0101079
4.73726e-05
-0.000684234
-0.00874539
-0.0013711
-0.0072661
-0.00198408
-0.00341429
-0.00253952
0.00157721
-0.00291363
0.00671789
-0.00317756
0.0116555
-0.00336741
0.0150012
-0.00354338
0.0162405
-0.00356043
0.0166032
-0.00354161
0.0164851
-0.00352153
0.0164714
-0.00336493
0.0166792
-0.00309413
0.0166279
-0.00286244
0.0165902
-0.00249443
0.0161969
-0.00178948
0.0156039
-0.00137968
0.0148988
-0.000608769
0.0125303
0.000702682
0.0087965
0.000750054
-0.000702879
-0.00804251
-0.00148894
-0.00648004
-0.00214606
-0.00275718
-0.00271397
0.00214512
-0.00311845
0.00712237
-0.00335321
0.0118903
-0.00346163
0.0151096
-0.00354221
0.0163211
-0.00362663
0.0166876
-0.00359059
0.016449
-0.0033981
0.0162789
-0.00325436
0.0165354
-0.00317019
0.0165437
-0.00291756
0.0163376
-0.00251169
0.0157911
-0.0021212
0.0152134
-0.00133616
0.0141138
-0.000772208
0.0119663
0.000673233
0.00735106
0.00142329
-0.000701235
-0.00734128
-0.00152122
-0.00566005
-0.0022251
-0.00205329
-0.00281541
0.00273544
-0.00326189
0.00756884
-0.00347678
0.0121052
-0.00357233
0.0152052
-0.00364181
0.0163905
-0.00356769
0.0166135
-0.00348343
0.0163648
-0.00348793
0.0162834
-0.00335128
0.0163988
-0.00306127
0.0162537
-0.00285138
0.0161277
-0.00277183
0.0157115
-0.00240326
0.0148448
-0.0015648
0.0132753
-0.00103598
0.0114375
0.00103096
0.00528412
0.00245424
-0.000812927
-0.00652835
-0.00160777
-0.00486521
-0.00233939
-0.00132168
-0.00293883
0.00333488
-0.00335512
0.00798513
-0.00359551
0.0123456
-0.00364142
0.0152511
-0.0035964
0.0163455
-0.00362328
0.0166404
-0.00360441
0.0163459
-0.00348399
0.016163
-0.00337941
0.0162942
-0.00344257
0.0163169
-0.00340573
0.0160908
-0.00288964
0.0151954
-0.00211023
0.0140654
-0.00183264
0.0129977
-0.000244918
0.0098498
0.00100566
0.00403355
0.0034599
-0.000838684
-0.00568966
-0.00170447
-0.00399943
-0.00238028
-0.000645867
-0.0029826
0.00393721
-0.00340953
0.00841206
-0.00358008
0.0125161
-0.0036098
0.0152808
-0.00365837
0.0163941
-0.00357814
0.0165601
-0.00352871
0.0162965
-0.00364198
0.0162763
-0.00365623
0.0163085
-0.00351071
0.0161714
-0.00325811
0.0158382
-0.00311992
0.0150572
-0.0029023
0.0138478
-0.00164219
0.0117376
0.00102023
0.00718737
0.000621044
0.00443274
0.00408095
-0.000803582
-0.00488608
-0.00165337
-0.00314964
-0.00233115
3.19114e-05
-0.00290458
0.00451064
-0.0033226
0.00883008
-0.00353368
0.0127272
-0.00357121
0.0153183
-0.0034954
0.0163183
-0.00354271
0.0166074
-0.00363519
0.016389
-0.0036691
0.0163102
-0.0036657
0.0163051
-0.00381208
0.0163177
-0.00399739
0.0160235
-0.003872
0.0149319
-0.00315416
0.01313
-0.000695813
0.00927929
0.000512676
0.00597888
0.000119026
0.00482639
0.00419997
-0.000790488
-0.00409559
-0.00164042
-0.0022997
-0.00230492
0.000696407
-0.00280239
0.00500811
-0.00317484
0.00920254
-0.00332315
0.0128755
-0.00333976
0.0153349
-0.00343713
0.0164157
-0.00345041
0.0166207
-0.00351446
0.016453
-0.00376215
0.0165579
-0.00404015
0.0165831
-0.00428934
0.0165669
-0.00443774
0.0161719
-0.0042387
0.0147328
-0.00285614
0.0117474
-0.000962216
0.00738536
-0.000771026
0.00578769
-0.000180677
0.00423604
0.0040193
-0.000753864
-0.00334173
-0.00151915
-0.00153441
-0.00209798
0.00127523
-0.00256653
0.00547666
-0.00288509
0.0095211
-0.00306892
0.0130593
-0.00316082
0.0154268
-0.00312805
0.0163829
-0.003253
0.0167457
-0.00353545
0.0167355
-0.00381997
0.0168424
-0.00412716
0.0168902
-0.00461144
0.0170512
-0.00509164
0.0166521
-0.00473009
0.0143713
-0.00337334
0.0103906
-0.00277126
0.00678328
-0.00217533
0.00519176
-0.000731123
0.00279183
0.00328817
-0.000687799
-0.00265393
-0.00145536
-0.000766848
-0.00198427
0.00180414
-0.00229869
0.00579109
-0.00259636
0.00981876
-0.00270349
0.0131665
-0.00271683
0.0154402
-0.00288636
0.0165524
-0.00304819
0.0169075
-0.00327645
0.0169637
-0.00371846
0.0172844
-0.00433334
0.0175051
-0.00502651
0.0177444
-0.00542998
0.0170556
-0.0052164
0.0141577
-0.00475854
0.00993278
-0.00493032
0.00695507
-0.00330742
0.00356886
-0.00165653
0.00114094
0.00163164
-0.000579215
-0.00207472
-0.00121491
-0.00013115
-0.00170154
0.00229076
-0.00197766
0.00606721
-0.00213998
0.00998107
-0.00224653
0.013273
-0.00237131
0.015565
-0.00241027
0.0165914
-0.00260496
0.0171022
-0.00303566
0.0173944
-0.00359901
0.0178478
-0.0042935
0.0181996
-0.00511413
0.018565
-0.00581241
0.0177539
-0.00610692
0.0144522
-0.00631153
0.0101374
-0.00584785
0.00649139
-0.00421594
0.00193695
-0.00260475
-0.000470241
-0.000973112
-0.000477283
-0.00159743
-0.00106289
0.000454457
-0.00147588
0.00270375
-0.00155845
0.00614978
-0.00171353
0.0101362
-0.00175455
0.013314
-0.00171673
0.0155271
-0.00191256
0.0167872
-0.00217309
0.0173627
-0.0025125
0.0177338
-0.00311502
0.0184503
-0.00394003
0.0190246
-0.00485107
0.019476
-0.00554845
0.0184513
-0.00599874
0.0149025
-0.00649143
0.0106301
-0.00613543
0.00613539
-0.00495019
0.000751712
-0.00264662
-0.00277381
-0.00361973
-0.000376964
-0.00122047
-0.000806335
0.000883829
-0.00116472
0.00306214
-0.00119776
0.00618283
-0.00115199
0.0100904
-0.00109919
0.0132612
-0.00116581
0.0155938
-0.00121321
0.0168346
-0.0013992
0.0175487
-0.00176605
0.0181007
-0.00236531
0.0190495
-0.00313787
0.0197972
-0.00388885
0.020227
-0.00467297
0.0192354
-0.00558275
0.0158123
-0.00584184
0.0108892
-0.00557242
0.00586597
-0.0038445
-0.000976211
-0.00216993
-0.00444838
-0.00578966
-0.000219958
-0.00100051
-0.000505713
0.00116958
-0.000866156
0.00342258
-0.000723289
0.00603996
-0.000646477
0.0100136
-0.000496291
0.0131111
-0.000366548
0.015464
-0.000436341
0.0169044
-0.000561999
0.0176744
-0.000793723
0.0183324
-0.00117269
0.0194285
-0.00171876
0.0203433
-0.00238692
0.0208952
-0.00305866
0.0199071
-0.00343364
0.0161872
-0.0038826
0.0113381
-0.00336836
0.00535173
-0.00314599
-0.00119857
-0.00203007
-0.00556431
-0.00781972
-8.155e-05
-0.000918962
-0.000218785
0.00130682
-0.000477116
0.00368091
-0.000372127
0.00593497
-5.82131e-05
0.00969966
0.00027574
0.0127771
0.000378012
0.0153618
0.000475162
0.0168072
0.00044389
0.0177057
0.000410672
0.0183656
0.000271596
0.0195676
-1.84149e-05
0.0206333
-0.000277259
0.021154
-0.00066344
0.0202933
-0.00140303
0.0169268
-0.00153778
0.0114729
-0.00129919
0.00511313
-0.00126552
-0.00123224
-0.000788178
-0.00604165
-0.0086079
8.57509e-05
-0.00100471
8.58307e-05
0.00130674
-0.000163014
0.00392975
1.61054e-05
0.00575585
0.000410081
0.00930568
0.000885479
0.0123017
0.00119095
0.0150563
0.00143652
0.0165617
0.001509
0.0176332
0.00161041
0.0182642
0.00184859
0.0193294
0.00211112
0.0203707
0.00223335
0.0210318
0.0021742
0.0203525
0.00196407
0.0171369
0.000929135
0.0125078
-0.000170547
0.00621282
-0.000612422
-0.000790364
-0.00107342
-0.00558065
-0.00968132
0.000188388
-0.0011931
0.000344637
0.00115049
0.000191524
0.00408287
0.000293589
0.00565379
0.000856806
0.00874247
0.00152949
0.011629
0.00192434
0.0146614
0.00228758
0.0161984
0.00253569
0.0173851
0.00295876
0.0178412
0.00343445
0.0188537
0.00391422
0.019891
0.00462298
0.020323
0.00484477
0.0201307
0.00441816
0.0175636
0.00419931
0.0127267
0.00408652
0.0063256
0.00239666
0.000899498
0.00122282
-0.00440681
-0.0084585
5.36026e-05
-0.0012467
0.000419965
0.000784127
0.000472154
0.00403068
0.000597988
0.00552795
0.0012417
0.00809875
0.00193494
0.0109358
0.00258532
0.014011
0.00315654
0.0156272
0.00353454
0.0170071
0.00386744
0.0175083
0.00462965
0.0180915
0.00548429
0.0190363
0.00626044
0.0195469
0.00715458
0.0192365
0.00745388
0.0172643
0.00622969
0.0139508
0.00472622
0.00782907
0.00404281
0.00158292
0.00305379
-0.0034178
-0.00540471
-0.000103226
-0.00114348
0.000414834
0.000266067
0.000781371
0.00366414
0.000824361
0.00548496
0.00149239
0.00743072
0.00231304
0.0101151
0.00318665
0.0131374
0.00376476
0.0150491
0.00428337
0.0164885
0.00483524
0.0169564
0.00548366
0.0174431
0.00639481
0.0181252
0.00747764
0.0184641
0.00806231
0.0186519
0.00857458
0.016752
0.00865
0.0138754
0.00633006
0.010149
0.00366617
0.00424681
0.00215505
-0.00190668
-0.00324966
-0.000176943
-0.000966533
0.000401
-0.000311876
0.00109688
0.00296826
0.00116711
0.00541474
0.00172833
0.00686951
0.00252893
0.00931454
0.00344313
0.0122232
0.00432104
0.0141712
0.00495506
0.0158544
0.00532047
0.016591
0.00606608
0.0166975
0.00695929
0.017232
0.00794083
0.0174825
0.00908446
0.0175082
0.00910947
0.016727
0.00863092
0.014354
0.00814411
0.0106358
0.004955
0.00743592
0.000737247
0.00231107
-0.00251242
-4.90107e-05
-0.000917522
0.000447351
-0.000808238
0.00131373
0.00210188
0.00149521
0.00523325
0.00179929
0.00656542
0.00264959
0.00846425
0.00374681
0.011126
0.0045292
0.0133888
0.00535975
0.0150239
0.00599039
0.0159603
0.00639469
0.0162932
0.00725767
0.016369
0.00801681
0.0167234
0.0086063
0.0169187
0.00938957
0.0159437
0.00883971
0.0149038
0.00731666
0.0121589
0.00699113
0.00776145
0.00420075
0.00510145
0.00168833
0.000163996
-0.00108152
0.000397779
-0.00104202
0.00138414
0.00111552
0.00180339
0.004814
0.00206863
0.00630018
0.0026714
0.00786148
0.00368462
0.0101128
0.00479575
0.0122777
0.00560514
0.0142145
0.00620248
0.015363
0.00677779
0.0157179
0.00727702
0.0158698
0.00820653
0.0157939
0.00878035
0.0163449
0.00865659
0.0160675
0.00893001
0.0146304
0.00754182
0.0135471
0.00462823
0.010675
0.00340854
0.00632114
0.00509688
0.000100028
-0.00118155
0.000214192
-0.00115618
0.0010691
0.000260614
0.00201127
0.00387183
0.00218185
0.0061296
0.00263522
0.0074081
0.00372961
0.0090184
0.00473609
0.0112712
0.00581468
0.0131359
0.0065229
0.0146548
0.00692438
0.0153164
0.00740597
0.0153882
0.00777069
0.0154292
0.0085077
0.0156079
0.00879623
0.0157789
0.00806727
0.0153594
0.00764987
0.0139645
0.00559736
0.0127275
0.0014363
0.0104822
0.00653318
-7.64533e-05
-0.00110509
-1.19182e-05
-0.00122072
0.000768776
-0.00052008
0.00194191
0.0026987
0.00238737
0.00568414
0.00272525
0.00707022
0.0034925
0.00825116
0.00463942
0.0101243
0.00565883
0.0121165
0.00663202
0.0136816
0.00723905
0.0147094
0.00750906
0.0151182
0.00818558
0.0147526
0.00827586
0.0155176
0.00849481
0.01556
0.00846884
0.0153853
0.00670642
0.0157269
0.00542254
0.0140114
0.00454996
0.0113548
0.0110831
-0.000144468
-0.000960626
-8.66931e-05
-0.00127849
0.000306756
-0.000913529
0.00169471
0.00131074
0.00244314
0.00493571
0.00281021
0.00670314
0.00339925
0.00766213
0.00439145
0.00913205
0.0055611
0.0109469
0.00647225
0.0127704
0.00732967
0.0138519
0.00765967
0.0147882
0.00789777
0.0145145
0.00867168
0.0147437
0.00845444
0.0157772
0.00825449
0.0155853
0.00819042
0.015791
0.00556502
0.0166368
0.00154734
0.0153725
0.0126305
-0.000224307
-0.000736319
-0.000295968
-0.00120683
1.96715e-05
-0.00122917
0.00122473
0.000105683
0.00250805
0.00365239
0.00306814
0.00614305
0.00338262
0.00734765
0.0040001
0.00851457
0.00516539
0.00978156
0.00642263
0.0115132
0.00731433
0.0129602
0.00802134
0.0140811
0.00843781
0.0140981
0.0085654
0.0146161
0.0093298
0.0150128
0.00889213
0.016023
0.00781369
0.0168694
0.00768308
0.0167674
0.00612152
0.016934
0.018752
-0.000228534
-0.000507785
-0.000206917
-0.00122845
-0.000157412
-0.00127867
0.000633142
-0.000684871
0.00224276
0.00204278
0.00299418
0.00539163
0.00350686
0.00683498
0.00413534
0.00788608
0.00478146
0.00913545
0.00584643
0.0104482
0.00717176
0.0116349
0.00774156
0.0135113
0.00853986
0.0132998
0.00915764
0.0139984
0.00904479
0.0151257
0.0101617
0.0149061
0.00994049
0.0170906
0.00761611
0.0190918
0.00568692
0.0188632
0.0244389
-0.000120573
-0.000387211
8.59854e-05
-0.00143501
7.5853e-05
-0.00126854
0.000144883
-0.0007539
0.00160471
0.000582947
0.0031051
0.00389124
0.00357492
0.00636516
0.00389786
0.00756315
0.0048109
0.00822241
0.00565713
0.009602
0.00681332
0.0104787
0.00808683
0.0122378
0.00849437
0.0128922
0.00964649
0.0128462
0.010362
0.0144102
0.00999904
0.015269
0.0117081
0.0153815
0.011666
0.0191339
0.0119044
0.0186247
0.0225591
0.0137843
0.000240717
-0.000627929
0.00066494
-0.00185923
0.000769304
-0.0013729
0.000566399
-0.000550995
0.00100046
0.000148884
0.00260372
0.00228799
0.00374625
0.00522262
0.00419197
0.00711743
0.00442737
0.00798701
0.0053629
0.00866646
0.00626572
0.00957591
0.00750289
0.0110007
0.00869737
0.0116977
0.00937624
0.0121674
0.0110727
0.0127137
0.0119274
0.0144143
0.0128837
0.0144252
0.0139587
0.0180589
0.0186875
0.0138959
0.0224914
0.0187552
0.000847454
-0.00147538
0.00144959
-0.00246137
0.00164199
-0.0015653
0.00146738
-0.000376387
0.00102648
0.000589785
0.00198947
0.00132499
0.00326736
0.00394474
0.00426773
0.00611705
0.00488174
0.007373
0.00539092
0.00815729
0.00624998
0.00871685
0.00745707
0.00979356
0.00871158
0.0104432
0.00966432
0.0112146
0.0111525
0.0112255
0.0120421
0.0135247
0.0162905
0.0101768
0.0153289
0.0190206
0.0183841
0.0108406
0.0189545
0.0219211
0.00119811
-0.00267349
0.00178559
-0.00304884
0.00201402
-0.00179374
0.00201321
-0.000375571
0.00164116
0.000961835
0.00143921
0.00152694
0.00264541
0.00273854
0.00375866
0.0050038
0.00459592
0.00653573
0.0052911
0.00746211
0.00599031
0.00801764
0.00676857
0.0090153
0.00887863
0.00833318
0.00921508
0.0108782
0.012846
0.0075946
0.0114372
0.0149336
0.0154886
0.00612535
0.0177794
0.0167298
0.017866
0.0107541
0.0139747
0.0228457
0.000912349
-0.00358584
0.00133429
-0.00347078
0.0015396
-0.00199905
0.00161867
-0.000454638
0.00150076
0.00107974
0.000982338
0.00204537
0.00175285
0.00196802
0.0032923
0.00346435
0.00493199
0.00489604
0.00519099
0.00720311
0.00665086
0.00655777
0.0062757
0.00939046
0.00941213
0.00519675
0.00850738
0.0117829
0.0124805
0.00362152
0.0138185
0.0135956
0.0142434
0.00570042
0.0188795
0.0120937
0.0189189
0.0107146
0.0109426
0.021951
0.000445419
-0.00403126
0.000584144
-0.0036095
0.000601139
-0.00201605
0.000705617
-0.000559116
0.000833602
0.000951756
0.000547892
0.00233108
0.000185088
0.00233083
0.00130761
0.00234183
0.00396394
0.00223971
0.00440933
0.00675772
0.00727387
0.00369323
0.00625303
0.0104113
0.00988151
0.00156828
0.0105489
0.0111156
0.0109822
0.00318817
0.0144134
0.0101645
0.0138005
0.00631325
0.0173281
0.00856612
0.0191464
0.00889635
0.00873656
0.0213525
-8.21861e-05
-0.00394908
-0.000348101
-0.00334359
-0.00059311
-0.00177104
-0.000674185
-0.000478042
-0.000388729
0.0006663
-3.39893e-05
0.00197634
-0.000287356
0.00258419
7.29378e-05
0.00198154
0.00257272
-0.000260077
0.00298722
0.00634322
0.00572054
0.000959909
0.0060009
0.0101309
0.00812817
-0.000558993
0.0110368
0.0082069
0.010794
0.00343101
0.0140081
0.00695028
0.0143891
0.00593233
0.0167081
0.00624708
0.0188897
0.00671473
0.00660821
0.0210181
-0.000843331
-0.00310575
-0.00161029
-0.00257664
-0.00208009
-0.00130124
-0.00226432
-0.000293812
-0.00208828
0.000490257
-0.00149172
0.00137978
-0.00121078
0.00230326
-0.000389185
0.00115994
0.00145526
-0.00210452
0.00357341
0.00422507
0.00444935
8.39681e-05
0.00531365
0.00926663
0.00444131
0.000313348
0.00824981
0.00439841
0.0093936
0.00228723
0.0124039
0.00394
0.0144731
0.00386311
0.0166258
0.00409434
0.0189691
0.00437151
0.00437237
0.0212049
-0.00125764
-0.0018481
-0.00240269
-0.00143159
-0.00303637
-0.000667561
-0.00321135
-0.00011883
-0.00301561
0.000294512
-0.00240623
0.000770399
-0.000722727
0.000619759
0.000590136
-0.000152923
-0.000593095
-0.000921289
0.00148827
0.00214371
0.00222124
-0.000649005
0.00551247
0.0059754
0.00414955
0.00167627
0.00619509
0.00235287
0.00743384
0.00104847
0.00995482
0.00141902
0.0124416
0.00137632
0.0147927
0.00174326
0.0173216
0.00184257
0.00200715
0.0196868
-0.0018481
-0.00327969
-0.00394725
-0.00406608
-0.00377157
-0.00300117
-0.00238141
-0.00253433
-0.00345562
-0.00131191
-0.00196092
0.00401448
0.00569075
0.00804362
0.00909209
0.0105111
0.0118874
0.0136307
0.0154733
0.0174804
-0.000259494
0.0140438
-0.00129231
0.00103281
0.00309341
-0.00438572
0.00379213
-0.000698713
0.00159498
0.00219714
-0.00346032
0.0050553
-0.0069619
0.00350158
-0.00939609
0.00243419
-0.0107411
0.00134499
-0.0115798
0.000838669
-0.0121877
0.000607928
-0.0120566
-0.000131124
-0.0117049
-0.000351649
-0.0108112
-0.000893755
-0.00997916
-0.000831992
-0.00817484
-0.00180432
-0.0063447
-0.00183014
-0.00406122
-0.00228348
-0.0015658
-0.00249541
0.00103034
-0.00259615
0.00336593
-0.00233559
0.00520594
-0.00184001
0.0064696
-0.00126366
0.0070768
-0.000607198
0.00702685
4.9944e-05
0.00640829
0.000618567
0.00554795
0.000860335
0.00466682
0.000881131
0.00383103
0.000835788
0.00298601
0.000845025
0.00203079
0.000955213
0.000860599
0.00117019
-0.00056512
0.00142572
-0.00227212
0.001707
-0.00408431
0.00181218
-0.00591428
0.00182998
-0.00765265
0.00173836
-0.00927272
0.00162007
-0.0107329
0.00146018
-0.0120071
0.00127421
-0.0130604
0.00105332
-0.0138445
0.000784103
-0.0142934
0.00044887
-0.0144011
0.000107701
-0.0141918
-0.00020933
-0.0136555
-0.000536289
-0.0128832
-0.000772327
-0.0117736
-0.00110961
-0.0104742
-0.00129939
-0.00900222
-0.00147195
-0.00741206
-0.00159016
-0.00575663
-0.00165543
-0.00412466
-0.00163197
-0.00252775
-0.00159691
-0.00102664
-0.00150111
0.00038338
-0.00141002
0.00169733
-0.00131395
0.00290043
-0.0012031
0.00400308
-0.00110265
0.00496717
-0.000964092
0.00581098
-0.000843808
0.00649267
-0.00068169
0.00701842
-0.000525752
0.00738632
-0.000367893
0.00759508
-0.000208763
0.00766753
-7.24482e-05
0.00757712
9.04122e-05
0.00733767
0.000239449
0.00695148
0.000386184
0.00647182
0.000479659
0.00591547
0.000556349
0.0053757
0.000539777
0.00487225
0.000503449
0.00442622
0.000446023
0.00397312
0.000453108
0.00349732
0.0004758
0.00293757
0.000559743
0.00234187
0.0005957
0.00172134
0.000620531
0.000459886
0.0170488
0.0157502
0.00494578
0.0131358
-0.00689741
0.00745747
-0.00930861
0.00171248
-0.00972028
0.00260882
-0.0067404
0.00207542
-0.00496225
0.00172343
-0.00458259
0.00205454
-0.00468865
0.00145105
-0.0051745
0.00132452
-0.00482225
0.000255668
-0.00469155
-0.000261817
-0.00380437
-0.00123883
-0.00316885
-0.00152928
-0.00181612
-0.00218471
-0.000836788
-0.00278366
0.000522089
-0.00318902
0.00179249
-0.00355388
0.00322119
-0.00392411
0.00463966
-0.00401462
0.00585373
-0.00354966
0.00669588
-0.00268216
0.00732609
-0.00189387
0.00786569
-0.0011468
0.00814078
-0.000225146
0.00829182
0.000467528
0.00811434
0.00103781
0.00765427
0.0013412
0.00696837
0.00152168
0.00608805
0.00172535
0.00500428
0.00203898
0.00374257
0.00243191
0.00236957
0.00279873
0.00106354
0.00301303
-0.000138262
0.00301398
-0.00121181
0.00290353
-0.00219838
0.00272493
-0.00313747
0.00255916
-0.00402841
0.00235112
-0.00483096
0.00207677
-0.00546722
0.00168958
-0.00591646
0.00123335
-0.00612567
0.000658077
-0.00602623
8.25812e-06
-0.00564814
-0.000587414
-0.00498893
-0.00119551
-0.00403105
-0.0017302
-0.00278497
-0.00235569
-0.00142612
-0.00265825
0.000146131
-0.0030442
0.00177802
-0.00322205
0.0034344
-0.00331181
0.00506766
-0.00326522
0.00665282
-0.00318207
0.00813241
-0.0029807
0.00951255
-0.00279016
0.010768
-0.00256945
0.0118661
-0.00230117
0.0128332
-0.00206971
0.0136528
-0.00178375
0.0143454
-0.00153638
0.0148829
-0.00121914
0.0152891
-0.000932014
0.0155795
-0.000658263
0.0157648
-0.000394047
0.0158426
-0.000150284
0.0158459
8.71185e-05
0.0157856
0.000299781
0.0156425
0.000529279
0.0154432
0.000678934
0.015187
0.00081254
0.014859
0.000867777
0.0144207
0.000941749
0.0139139
0.00095282
0.0133157
0.00105134
0.0127346
0.0010569
0.0120899
0.00120445
0.0115273
0.00115823
0.010889
0.00125891
0.00106846
0.0218519
0.0158193
0.0212418
0.0137459
0.0186128
0.0100865
0.0127483
0.00757705
0.00958103
0.00577605
0.00789891
0.00375755
0.00677317
0.00284917
0.00653378
0.00229392
0.00651063
0.0014742
0.00704913
0.000786024
0.00756166
-0.000256858
0.00863598
-0.00133614
0.00955184
-0.00215469
0.0107591
-0.00273657
0.0118737
-0.00329932
0.0129316
-0.00384157
0.0137174
-0.00397481
0.0143196
-0.00415609
0.0144847
-0.00408914
0.0137667
-0.00329669
0.0123491
-0.00213204
0.0105631
-0.000896148
0.00871
-4.07559e-05
0.00698018
0.000583027
0.00587912
0.000875914
0.00530915
0.00103749
0.00522211
0.00112485
0.00537861
0.00118471
0.00564856
0.00125172
0.00603054
0.00134338
0.00654384
0.00152568
0.00716135
0.0018144
0.00780083
0.00215925
0.00833047
0.00248339
0.00856819
0.00277627
0.00844621
0.00302551
0.00798132
0.00318981
0.00733767
0.00320281
0.0066246
0.0030642
0.00597131
0.00273006
0.00544466
0.00221624
0.00509522
0.00158278
0.00492517
0.000828128
0.00498814
-5.47105e-05
0.00532083
-0.0009201
0.00593835
-0.00181303
0.0068206
-0.00261245
0.00787096
-0.00340606
0.00916825
-0.00395553
0.0105789
-0.00445487
0.0120558
-0.00469896
0.0135681
-0.00482404
0.0150746
-0.00477175
0.0164899
-0.00459736
0.0178621
-0.00435291
0.0190839
-0.00401198
0.0201955
-0.00368102
0.0211735
-0.00327914
0.0219945
-0.0028907
0.0226704
-0.0024597
0.0231814
-0.00204739
0.0235422
-0.00157997
0.0237715
-0.00116126
0.023854
-0.000740775
0.0238703
-0.000410344
0.0237951
-7.50884e-05
0.023631
0.000251209
0.023382
0.000548828
0.0231195
0.000791727
0.0228084
0.000990085
0.0224483
0.00117258
0.0220697
0.00124644
0.0216354
0.00137603
0.0212224
0.00136581
0.0207882
0.00148552
0.0204103
0.00143477
0.0200424
0.00157236
0.0197232
0.00147746
0.0194115
0.0015706
0.00142204
0.0241255
0.0145395
0.0253226
0.0125488
0.0253511
0.0100581
0.0245148
0.00841332
0.0241925
0.00609836
0.0232986
0.00465146
0.0226398
0.00350798
0.0224216
0.00251207
0.0223637
0.00153206
0.0225328
0.000616914
0.0227131
-0.000437135
0.0229279
-0.00155091
0.0232683
-0.00249508
0.0235903
-0.00305855
0.023779
-0.003488
0.0237514
-0.00381403
0.023695
-0.00391844
0.0233454
-0.00380643
0.0227906
-0.00353436
0.0223638
-0.00286994
0.0221753
-0.00194354
0.0222354
-0.000956248
0.0223069
-0.000112251
0.0222531
0.000636845
0.0219746
0.0011544
0.0215562
0.00145592
0.021048
0.001633
0.0204499
0.0017829
0.0197552
0.00194639
0.0190002
0.00209833
0.0182268
0.00229912
0.0174969
0.00254427
0.0168709
0.00278521
0.0163707
0.00298363
0.0160109
0.00313606
0.0157792
0.00325725
0.0156775
0.00329144
0.0155927
0.00328763
0.0155247
0.00313217
0.0154379
0.00281687
0.0153462
0.00230796
0.015289
0.00163995
0.0153014
0.000815769
0.0154538
-0.000207173
0.0157632
-0.00122948
0.0162692
-0.00231898
0.0169254
-0.00326869
0.0177314
-0.00421202
0.0186873
-0.00491141
0.019698
-0.0054656
0.0207947
-0.00579568
0.0218617
-0.00589103
0.0229419
-0.005852
0.0239596
-0.00561502
0.0249495
-0.00534282
0.0258485
-0.004911
0.0266745
-0.00450702
0.0273933
-0.00399788
0.0280126
-0.00351008
0.0284888
-0.00293583
0.0288243
-0.00238292
0.0290439
-0.00179955
0.0291603
-0.00127767
0.0291995
-0.000779985
0.0291325
-0.000343342
0.0290289
2.85387e-05
0.0288469
0.000433189
0.0286609
0.000734823
0.028437
0.00101565
0.0282225
0.0012046
0.0279713
0.00142369
0.0277157
0.00150207
0.0274447
0.00164703
0.0271703
0.00164019
0.0268949
0.00176092
0.0266236
0.0017061
0.0263867
0.00180923
0.0261515
0.00171273
0.0259389
0.00178316
0.00160979
0.0249414
0.0115491
0.0267301
0.01076
0.0276839
0.00910433
0.0286923
0.00740493
0.0288895
0.00590113
0.0289885
0.00455245
0.0290935
0.00340296
0.029194
0.00241159
0.0293553
0.00137081
0.0296355
0.000336643
0.0297583
-0.000559942
0.0295526
-0.00134514
0.0291845
-0.00212701
0.028846
-0.00272003
0.0284537
-0.00309568
0.0279282
-0.00328853
0.0273582
-0.00334847
0.0267349
-0.00318318
0.0261208
-0.00292026
0.0256534
-0.0024025
0.0254143
-0.00170439
0.0253615
-0.000903449
0.025433
-0.000183838
0.0256603
0.000409607
0.0258707
0.000944022
0.0260338
0.00129282
0.0261426
0.00152416
0.0261919
0.00173363
0.0261907
0.00194755
0.0261257
0.00216332
0.0260508
0.00237404
0.025963
0.00263212
0.0258733
0.00287492
0.02575
0.00310691
0.0256056
0.00328046
0.0254573
0.00340551
0.0253168
0.00343197
0.0252484
0.00335605
0.0252233
0.00315727
0.0252823
0.00275786
0.0253718
0.00221846
0.0255006
0.00151119
0.0256467
0.00066964
0.025842
-0.000402437
0.0261133
-0.00150085
0.026404
-0.00260968
0.0267908
-0.00365545
0.0271735
-0.0045947
0.0276086
-0.00534647
0.0280425
-0.00589956
0.0285003
-0.0062535
0.0289497
-0.00634042
0.0293863
-0.00628856
0.029816
-0.00604476
0.0302166
-0.00574335
0.0305938
-0.00528827
0.0309366
-0.00484974
0.0312514
-0.00431276
0.0314976
-0.00375621
0.0316422
-0.00308046
0.0316633
-0.00240403
0.0316201
-0.00175636
0.0315126
-0.00117014
0.0313789
-0.00064629
0.0311821
-0.000146544
0.0309437
0.000266959
0.0307282
0.000648612
0.0305494
0.00091369
0.0303673
0.00119774
0.0302175
0.00135438
0.0300814
0.00155976
0.0299605
0.00162298
0.029846
0.00176155
0.0297317
0.00175445
0.0296353
0.00185736
0.0295386
0.00180281
0.0294741
0.00187367
0.0294081
0.00177877
0.0293961
0.00179513
0.00166928
0.0241605
0.0087412
0.0265475
0.00837294
0.0282136
0.00743825
0.0294344
0.00618411
0.0302848
0.00505076
0.030915
0.0039223
0.0314095
0.00290845
0.0318584
0.00196268
0.03215
0.00107923
0.032185
0.000301553
0.0320564
-0.00043131
0.0317881
-0.00107685
0.0313219
-0.00166075
0.030732
-0.00213017
0.0301068
-0.00247052
0.029443
-0.0026247
0.0287706
-0.00267603
0.0281149
-0.00252754
0.0274787
-0.00228399
0.0269365
-0.00186029
0.0265856
-0.00135354
0.026441
-0.000758854
0.0265374
-0.000280273
0.0267274
0.000219651
0.0270242
0.000647268
0.0272963
0.00102067
0.0275662
0.00125428
0.0278281
0.00147167
0.0281194
0.00165633
0.0284092
0.00187348
0.0287143
0.00206892
0.0290388
0.0023076
0.0293968
0.00251693
0.0297777
0.00272599
0.0301786
0.00287959
0.0306045
0.00297963
0.0310328
0.00300363
0.0314708
0.00291808
0.0318989
0.0027292
0.0322855
0.00237127
0.0326385
0.00186541
0.032918
0.00123172
0.0331319
0.000455674
0.033263
-0.000533519
0.0333275
-0.00156533
0.0332897
-0.00257192
0.0331894
-0.00355515
0.0330055
-0.00441079
0.0327837
-0.00512462
0.0325425
-0.0056584
0.0323031
-0.00601412
0.0321307
-0.00616798
0.0319754
-0.00613323
0.0318833
-0.0059527
0.0317929
-0.00565295
0.0317339
-0.00522931
0.0317097
-0.00482548
0.0317219
-0.00432496
0.0317027
-0.00373706
0.0316148
-0.00299249
0.0314446
-0.00223386
0.0312216
-0.00153334
0.030979
-0.000927607
0.0307159
-0.00038313
0.0304615
0.000107859
0.0301876
0.000540831
0.0299739
0.000862371
0.0297892
0.00109835
0.0296584
0.00132856
0.0295524
0.0014604
0.0295066
0.00160554
0.0294754
0.00165412
0.0294834
0.00175363
0.0294971
0.00174071
0.029554
0.00180047
0.0296176
0.00173921
0.0297175
0.00177381
0.0298198
0.00167642
0.0299307
0.00168421
0.00155473
0.0232882
0.00647107
0.0255533
0.00610782
0.0273986
0.00559294
0.0288461
0.00473665
0.0299708
0.00392607
0.0308716
0.00302151
0.0315537
0.00222626
0.0320715
0.00144493
0.0323271
0.000823611
0.0324216
0.000207054
0.0323052
-0.000314938
0.0320686
-0.000840182
0.0316497
-0.00124193
0.0311299
-0.00161029
0.0305219
-0.00186253
0.0299244
-0.00202724
0.0293039
-0.00205551
0.0287254
-0.00194908
0.0282019
-0.00176048
0.0277962
-0.00145461
0.0275608
-0.00111809
0.0274916
-0.000689642
0.0275614
-0.000350074
0.0277572
2.38133e-05
0.0280663
0.0003382
0.0283807
0.000706231
0.0287082
0.000926784
0.0290437
0.00113621
0.029415
0.00128499
0.0297995
0.00148901
0.0301984
0.00167003
0.0306277
0.00187831
0.0311091
0.0020355
0.0316457
0.00218935
0.0322312
0.00229417
0.03286
0.00235078
0.0335146
0.00234904
0.0341762
0.00225646
0.0348153
0.00209011
0.0353997
0.00178689
0.0358869
0.00137823
0.0362722
0.000846363
0.0365334
0.000194473
0.0366013
-0.00060137
0.0365073
-0.00147131
0.0362337
-0.00229836
0.0358162
-0.00313761
0.0352512
-0.00384583
0.0346398
-0.00451321
0.0339711
-0.00498972
0.0333361
-0.00537909
0.0327465
-0.00557845
0.0322519
-0.00563859
0.0318579
-0.00555866
0.0314902
-0.00528532
0.0311938
-0.00493285
0.0309471
-0.00457882
0.0307052
-0.00408304
0.0304003
-0.00343211
0.0301238
-0.00271601
0.0298477
-0.00195778
0.029545
-0.00123062
0.0292126
-0.000595249
0.0288636
-3.4121e-05
0.0285698
0.000401691
0.0283357
0.000774868
0.0281598
0.00103833
0.0280063
0.00125179
0.0279311
0.0014038
0.0278802
0.00151134
0.0278923
0.00159343
0.0279134
0.00163295
0.0279868
0.00168024
0.0280793
0.00164824
0.0282197
0.00166004
0.028373
0.00158597
0.0285644
0.00158241
0.028769
0.00147178
0.028988
0.00146523
0.00138286
0.0233372
0.0043388
0.0253369
0.00410809
0.0271477
0.0037822
0.0286418
0.00324248
0.0298721
0.00269579
0.03082
0.00207365
0.0315092
0.00153705
0.0319802
0.000973883
0.0322543
0.000549509
0.0323598
0.000101585
0.0322796
-0.000234774
0.0320465
-0.000607031
0.0316503
-0.000845696
0.0311745
-0.00113451
0.0305978
-0.00128581
0.0300155
-0.00144502
0.029383
-0.00142301
0.028831
-0.00139703
0.0283088
-0.00123826
0.0279289
-0.00107472
0.0276426
-0.000831838
0.0275354
-0.000582465
0.0275181
-0.000332773
0.0276612
-0.000119228
0.0279182
8.12285e-05
0.0282756
0.000348781
0.0286548
0.000547577
0.029072
0.000719041
0.0295174
0.000839598
0.0300087
0.000997696
0.0305298
0.00114895
0.0310988
0.0013093
0.0317077
0.00142662
0.0323623
0.00153473
0.0330472
0.0016093
0.0337493
0.00164863
0.0344626
0.00163574
0.0351544
0.00156466
0.0358189
0.00142562
0.0364089
0.00119692
0.0368956
0.000891454
0.0372673
0.000474668
0.0374314
3.04016e-05
0.0374146
-0.000584547
0.0371475
-0.00120421
0.0366945
-0.00184534
0.0360298
-0.00247292
0.0352182
-0.00303425
0.0342991
-0.00359406
0.0332957
-0.00398634
0.0322986
-0.00438198
0.0312537
-0.00453357
0.0302965
-0.00468143
0.0293604
-0.00462249
0.0285707
-0.00449561
0.0280696
-0.00443178
0.0275262
-0.00403544
0.0267933
-0.00335012
0.0260795
-0.00271831
0.025436
-0.00207249
0.0249178
-0.00143958
0.0244764
-0.000789307
0.024037
-0.00015578
0.0236741
0.000328735
0.0234593
0.00061653
0.0233652
0.000868953
0.0233222
0.00108128
0.0233482
0.00122578
0.0234622
0.00128986
0.0236217
0.0013518
0.0238366
0.00137857
0.0240526
0.00141696
0.0243245
0.00140833
0.0245977
0.00137502
0.0248937
0.00136404
0.0251778
0.00130183
0.0255085
0.00125178
0.0258134
0.00116687
0.0261214
0.00115727
0.00108465
0.0220544
0.00197125
0.0241592
0.00200326
0.0261356
0.00180584
0.0277634
0.00161462
0.029162
0.00129721
0.030196
0.00103963
0.0310065
0.00072655
0.0315118
0.000468571
0.0318412
0.000220164
0.0319542
-1.14418e-05
0.0318992
-0.000179788
0.0316626
-0.000370445
0.0313055
-0.00048858
0.0308168
-0.00064575
0.0302397
-0.00070876
0.0296016
-0.00080693
0.0289446
-0.000765992
0.0283371
-0.000789469
0.0277575
-0.000658691
0.0273105
-0.000627683
0.0269143
-0.000435648
0.0267033
-0.000371538
0.026549
-0.00017848
0.0265777
-0.000147887
0.0266566
2.33061e-06
0.0269341
7.12412e-05
0.027249
0.0002327
0.0276696
0.000298496
0.0281136
0.000395541
0.0286578
0.000453508
0.0292572
0.000549595
0.0299439
0.000622592
0.0306676
0.000702925
0.0314463
0.000756033
0.0322489
0.000806629
0.033069
0.000828542
0.033885
0.0008198
0.0346626
0.000786992
0.0353941
0.000694112
0.036011
0.000580082
0.0365072
0.000395211
0.0368093
0.000172583
0.0369204
-8.07238e-05
0.0367655
-0.000429654
0.0363151
-0.000753734
0.0356355
-0.00116583
0.0346441
-0.00148144
0.0334788
-0.00186894
0.0320608
-0.00217611
0.0305299
-0.00245541
0.0288801
-0.00273218
0.0271192
-0.0027727
0.0253924
-0.0029546
0.0235456
-0.00277568
0.0217961
-0.00274615
0.0205845
-0.00322014
0.0195319
-0.00298284
0.0182839
-0.00210219
0.0171515
-0.00158593
0.016078
-0.000998981
0.0150891
-0.000450606
0.0142337
6.60627e-05
0.0136531
0.000424771
0.0132653
0.000716621
0.0130346
0.000847213
0.0130018
0.000901768
0.0131575
0.000925526
0.0134591
0.000924241
0.0138419
0.000906983
0.0143344
0.000859293
0.0148562
0.000856773
0.0154209
0.000852297
0.0160359
0.000793366
0.0166265
0.000784359
0.0172144
0.000776133
0.0178063
0.000709919
0.0184006
0.000657491
0.0189031
0.000664426
0.0194228
0.000637535
0.000579466
0.0194517
0.0214549
0.0232608
0.0248754
0.0261726
0.0272122
0.0279388
0.0284073
0.0286275
0.0286161
0.0284363
0.0280658
0.0275773
0.0269315
0.0262227
0.0254158
0.0246498
0.0238604
0.0232017
0.022574
0.0221383
0.0217668
0.0215883
0.0214404
0.0214428
0.021514
0.0217467
0.0220452
0.0224407
0.0228942
0.0234438
0.0240664
0.0247694
0.0255254
0.026332
0.0271606
0.0279804
0.0287673
0.0294615
0.0300415
0.0304368
0.0306093
0.0305286
0.030099
0.0293452
0.0281794
0.026698
0.024829
0.0226529
0.0201975
0.0174653
0.0146926
0.011738
0.00896233
0.00621618
0.00299604
1.32035e-05
-0.00208898
-0.00367491
-0.00467389
-0.0051245
-0.00505844
-0.00463366
-0.00391704
-0.00306983
-0.00216806
-0.00124254
-0.000318297
0.000588686
0.00144798
0.00230475
0.00315705
0.00395042
0.00473477
0.00551091
0.00622083
0.00687832
0.00754274
0.00818028
)
;

boundaryField
{
    inlet
    {
        type            calculated;
        value           nonuniform List<scalar> 
20
(
-0.01
-0.01
-0.01
-0.01
-0.01
-0.01
-0.01
-0.01
-0.01
-0.01
-0.01
-0.01
-0.01
-0.01
-0.01
-0.01
-0.01
-0.01
-0.01
-0.01
)
;
    }
    outlet
    {
        type            calculated;
        value           nonuniform List<scalar> 10(0.00126146 0.0102804 0.0190579 0.0257512 0.0293366 0.0300453 0.0291599 0.0264196 0.019928 0.00875974);
    }
    walls
    {
        type            calculated;
        value           uniform 0;
    }
    frontAndBack
    {
        type            empty;
        value           nonuniform List<scalar> 0();
    }
}


// ************************************************************************* //
