/*--------------------------------*- C++ -*----------------------------------*\
| =========                 |                                                 |
| \\      /  F ield         | OpenFOAM: The Open Source CFD Toolbox           |
|  \\    /   O peration     | Version:  2306                                  |
|   \\  /    A nd           | Website:  www.openfoam.com                      |
|    \\/     M anipulation  |                                                 |
\*---------------------------------------------------------------------------*/
FoamFile
{
    version     2.0;
    format      ascii;
    arch        "LSB;label=32;scalar=64";
    class       volVectorField;
    location    "0.175";
    object      U;
}
// * * * * * * * * * * * * * * * * * * * * * * * * * * * * * * * * * * * * * //

dimensions      [0 1 -1 0 0 0 0];

internalField   nonuniform List<vector> 
4400
(
(9.90179 0.0455099 0)
(9.80629 0.0987209 0)
(9.70009 0.12096 0)
(9.5702 0.12579 0)
(9.41818 0.124489 0)
(9.25219 0.123445 0)
(9.0806 0.12415 0)
(8.90827 0.125679 0)
(8.7372 0.126985 0)
(8.56786 0.127406 0)
(8.40006 0.126869 0)
(8.23345 0.125549 0)
(8.06788 0.123758 0)
(7.90336 0.121742 0)
(7.73995 0.119646 0)
(7.57774 0.117544 0)
(7.41695 0.115415 0)
(7.25773 0.113248 0)
(7.10012 0.111056 0)
(6.94431 0.108763 0)
(6.79032 0.106424 0)
(6.63835 0.104015 0)
(6.48819 0.101604 0)
(6.34028 0.099095 0)
(6.19429 0.0965893 0)
(6.05065 0.0940902 0)
(5.90898 0.0915847 0)
(5.76969 0.0890565 0)
(5.63258 0.0865349 0)
(5.49767 0.0841422 0)
(5.36514 0.0816972 0)
(5.23459 0.0793608 0)
(5.10657 0.0770358 0)
(4.98021 0.074889 0)
(4.8563 0.0727637 0)
(4.73378 0.0707303 0)
(4.61343 0.0688883 0)
(4.49419 0.0671833 0)
(4.37654 0.0657734 0)
(4.25963 0.0644414 0)
(4.14356 0.0635879 0)
(4.02771 0.0628666 0)
(3.91173 0.0628214 0)
(3.79527 0.0627985 0)
(3.67755 0.0636478 0)
(3.5583 0.0645108 0)
(3.43657 0.0663936 0)
(3.31176 0.0683603 0)
(3.18312 0.0713387 0)
(3.04941 0.0745639 0)
(2.91031 0.0787778 0)
(2.76376 0.0834331 0)
(2.61005 0.0889588 0)
(2.44621 0.0950623 0)
(2.27319 0.101852 0)
(2.08722 0.10925 0)
(1.89012 0.116891 0)
(1.67736 0.124861 0)
(1.45203 0.132318 0)
(1.20919 0.139083 0)
(0.953943 0.143926 0)
(0.681368 0.146099 0)
(0.399087 0.143807 0)
(0.104313 0.133541 0)
(-0.186414 0.0904983 0)
(-0.465274 -0.00824616 0)
(-0.665111 -0.143654 0)
(-0.766632 -0.284975 0)
(-0.749855 -0.440443 0)
(-0.626233 -0.611408 0)
(-0.354659 -0.770239 0)
(-0.00547981 -0.836534 0)
(0.278691 -0.57727 0)
(0.463435 0.0772701 0)
(0.186558 0.919941 0)
(-0.541957 0.931907 0)
(-0.345567 0.179039 0)
(0.0510608 -0.0805113 0)
(0.215079 -0.212854 0)
(0.0857815 -0.383151 0)
(10.0002 0.0611737 0)
(10.0319 0.137476 0)
(10.0696 0.1736 0)
(10.105 0.184959 0)
(10.1325 0.186154 0)
(10.1501 0.186238 0)
(10.1589 0.188282 0)
(10.1611 0.191967 0)
(10.159 0.19591 0)
(10.1539 0.199104 0)
(10.1466 0.201115 0)
(10.137 0.202004 0)
(10.1251 0.202137 0)
(10.1108 0.201815 0)
(10.094 0.201288 0)
(10.0747 0.20072 0)
(10.0531 0.200051 0)
(10.0291 0.199351 0)
(10.0029 0.198591 0)
(9.97486 0.197589 0)
(9.94445 0.196663 0)
(9.91269 0.195341 0)
(9.87832 0.194238 0)
(9.84301 0.192702 0)
(9.80507 0.191333 0)
(9.76629 0.189756 0)
(9.72508 0.188152 0)
(9.68268 0.186611 0)
(9.63863 0.184732 0)
(9.59257 0.18333 0)
(9.54578 0.181352 0)
(9.49609 0.18002 0)
(9.44646 0.178111 0)
(9.39334 0.176823 0)
(9.34038 0.175274 0)
(9.28397 0.174051 0)
(9.22717 0.172954 0)
(9.16744 0.172048 0)
(9.1061 0.171574 0)
(9.04269 0.171284 0)
(8.976 0.171531 0)
(8.90828 0.172163 0)
(8.83519 0.173441 0)
(8.76209 0.175423 0)
(8.68139 0.178052 0)
(8.60133 0.181761 0)
(8.51167 0.186135 0)
(8.42235 0.192084 0)
(8.32195 0.198675 0)
(8.22051 0.207287 0)
(8.10695 0.216633 0)
(7.98998 0.228327 0)
(7.85998 0.24104 0)
(7.72341 0.256156 0)
(7.5729 0.272663 0)
(7.41175 0.29144 0)
(7.23599 0.311754 0)
(7.04437 0.334152 0)
(6.83789 0.357489 0)
(6.60946 0.382616 0)
(6.36624 0.407057 0)
(6.09476 0.431978 0)
(5.80959 0.453751 0)
(5.48805 0.470918 0)
(5.15908 0.479835 0)
(4.79125 0.470252 0)
(4.42579 0.437434 0)
(3.99428 0.388409 0)
(3.52275 0.324825 0)
(2.92821 0.268664 0)
(2.18791 0.214811 0)
(1.19331 0.251506 0)
(0.0148781 0.144222 0)
(-0.539871 0.0173436 0)
(-0.691493 0.00615341 0)
(-0.408191 -0.395405 0)
(-0.280791 -0.951581 0)
(-0.662495 -0.545764 0)
(-0.439266 0.24299 0)
(-0.245993 0.400675 0)
(10.0001 0.0267119 0)
(10.0168 0.0698197 0)
(10.0428 0.099839 0)
(10.0748 0.117562 0)
(10.1082 0.126794 0)
(10.1395 0.131883 0)
(10.1671 0.135911 0)
(10.1911 0.140337 0)
(10.2127 0.145357 0)
(10.2332 0.150332 0)
(10.2532 0.154961 0)
(10.2733 0.158627 0)
(10.2933 0.161742 0)
(10.3131 0.164058 0)
(10.3324 0.166092 0)
(10.3511 0.167828 0)
(10.369 0.169382 0)
(10.3863 0.170901 0)
(10.4023 0.172261 0)
(10.4182 0.173426 0)
(10.4324 0.174675 0)
(10.4468 0.175434 0)
(10.4592 0.176549 0)
(10.4718 0.176964 0)
(10.4825 0.177882 0)
(10.493 0.178156 0)
(10.5019 0.178834 0)
(10.5097 0.179167 0)
(10.5169 0.179467 0)
(10.522 0.180111 0)
(10.5272 0.180109 0)
(10.5292 0.181064 0)
(10.5322 0.181034 0)
(10.5311 0.182175 0)
(10.5313 0.182653 0)
(10.5272 0.183904 0)
(10.5239 0.185167 0)
(10.5169 0.186722 0)
(10.5094 0.189139 0)
(10.4994 0.191209 0)
(10.4868 0.195214 0)
(10.4738 0.19783 0)
(10.4551 0.204277 0)
(10.439 0.207636 0)
(10.4131 0.217176 0)
(10.3932 0.221886 0)
(10.3592 0.2347 0)
(10.3344 0.242147 0)
(10.2914 0.258148 0)
(10.2601 0.269749 0)
(10.207 0.289096 0)
(10.1674 0.306008 0)
(10.1021 0.329295 0)
(10.053 0.352482 0)
(9.97198 0.380158 0)
(9.91202 0.410452 0)
(9.81113 0.442741 0)
(9.73835 0.480318 0)
(9.6128 0.516971 0)
(9.52389 0.560666 0)
(9.36828 0.599916 0)
(9.25823 0.646245 0)
(9.06521 0.682667 0)
(8.92605 0.723413 0)
(8.68331 0.744563 0)
(8.50258 0.765017 0)
(8.18511 0.754609 0)
(7.93948 0.750561 0)
(7.50367 0.734788 0)
(7.17409 0.761057 0)
(6.58108 0.817019 0)
(6.16468 0.937907 0)
(5.37862 1.05899 0)
(4.90717 0.981454 0)
(4.02246 0.912338 0)
(3.33824 0.658892 0)
(2.29398 0.613766 0)
(0.476192 0.166945 0)
(-0.144698 -0.586778 0)
(-0.610187 -1.06328 0)
(10.0001 0.018802 0)
(10.01 0.0527151 0)
(10.0277 0.0805987 0)
(10.051 0.101284 0)
(10.0779 0.114677 0)
(10.1052 0.123159 0)
(10.1317 0.128383 0)
(10.1562 0.13255 0)
(10.1794 0.136313 0)
(10.2015 0.140262 0)
(10.2234 0.14404 0)
(10.2455 0.147466 0)
(10.2681 0.150348 0)
(10.2912 0.15273 0)
(10.3145 0.154483 0)
(10.3379 0.156143 0)
(10.3612 0.157244 0)
(10.3847 0.158604 0)
(10.4074 0.159566 0)
(10.4308 0.160509 0)
(10.4529 0.161755 0)
(10.4763 0.162106 0)
(10.4977 0.163707 0)
(10.5207 0.163507 0)
(10.5417 0.165301 0)
(10.5638 0.165023 0)
(10.5846 0.166562 0)
(10.6051 0.166767 0)
(10.6258 0.167669 0)
(10.6446 0.168853 0)
(10.6647 0.169054 0)
(10.6816 0.171203 0)
(10.7008 0.171147 0)
(10.7158 0.173988 0)
(10.7341 0.174411 0)
(10.7464 0.177617 0)
(10.7638 0.179073 0)
(10.7732 0.182728 0)
(10.7893 0.185632 0)
(10.7959 0.190088 0)
(10.8095 0.19458 0)
(10.8142 0.200505 0)
(10.8242 0.206808 0)
(10.8272 0.214948 0)
(10.8325 0.223449 0)
(10.8345 0.23414 0)
(10.8333 0.245935 0)
(10.8359 0.259321 0)
(10.8255 0.275654 0)
(10.8299 0.292237 0)
(10.8094 0.313789 0)
(10.8143 0.334817 0)
(10.7848 0.362162 0)
(10.7877 0.388566 0)
(10.7498 0.422896 0)
(10.749 0.454694 0)
(10.7026 0.497551 0)
(10.6962 0.534142 0)
(10.6406 0.58614 0)
(10.6255 0.626568 0)
(10.559 0.685795 0)
(10.5307 0.727909 0)
(10.4471 0.789626 0)
(10.3993 0.827258 0)
(10.2825 0.885803 0)
(10.206 0.910854 0)
(10.0298 0.968582 0)
(9.91195 0.987538 0)
(9.65469 1.06712 0)
(9.47896 1.10738 0)
(9.13466 1.23983 0)
(8.87961 1.31199 0)
(8.46677 1.46543 0)
(8.06854 1.47675 0)
(7.6152 1.53524 0)
(6.97651 1.47666 0)
(6.46645 1.48809 0)
(5.49769 1.53234 0)
(4.8324 1.33855 0)
(3.6827 1.1575 0)
(10 0.0133924 0)
(10.0069 0.0384482 0)
(10.0196 0.0604393 0)
(10.0369 0.0779139 0)
(10.0584 0.0904588 0)
(10.0816 0.0989863 0)
(10.1058 0.104383 0)
(10.1289 0.108273 0)
(10.1519 0.111348 0)
(10.1737 0.11436 0)
(10.1959 0.117381 0)
(10.2174 0.12023 0)
(10.24 0.122969 0)
(10.2623 0.125196 0)
(10.2858 0.127193 0)
(10.3089 0.128752 0)
(10.3326 0.130142 0)
(10.3563 0.131394 0)
(10.3794 0.132475 0)
(10.4037 0.133548 0)
(10.4261 0.134774 0)
(10.4511 0.135466 0)
(10.4726 0.137114 0)
(10.498 0.137197 0)
(10.5188 0.139441 0)
(10.5445 0.139147 0)
(10.5645 0.141544 0)
(10.5899 0.141562 0)
(10.6094 0.143554 0)
(10.6342 0.144646 0)
(10.653 0.145926 0)
(10.6769 0.14814 0)
(10.6948 0.149357 0)
(10.7181 0.152158 0)
(10.7346 0.154246 0)
(10.7568 0.157258 0)
(10.7724 0.160517 0)
(10.7925 0.16456 0)
(10.8081 0.168429 0)
(10.8247 0.174581 0)
(10.8409 0.179078 0)
(10.8539 0.187343 0)
(10.8699 0.194077 0)
(10.8802 0.203556 0)
(10.8947 0.213894 0)
(10.9028 0.225103 0)
(10.9158 0.238945 0)
(10.9217 0.253545 0)
(10.9317 0.27131 0)
(10.938 0.289245 0)
(10.9419 0.313383 0)
(10.9514 0.33399 0)
(10.948 0.366111 0)
(10.9606 0.390657 0)
(10.9505 0.430532 0)
(10.9659 0.460873 0)
(10.9491 0.508545 0)
(10.9679 0.545214 0)
(10.9433 0.601033 0)
(10.9653 0.643118 0)
(10.9304 0.706493 0)
(10.9541 0.752345 0)
(10.9053 0.820055 0)
(10.9215 0.868751 0)
(10.8562 0.93768 0)
(10.8489 0.990177 0)
(10.7626 1.06609 0)
(10.7146 1.12897 0)
(10.6027 1.22561 0)
(10.4953 1.30888 0)
(10.3591 1.44002 0)
(10.1736 1.54254 0)
(10.0187 1.69785 0)
(9.72806 1.78613 0)
(9.54306 1.91421 0)
(9.11922 1.96668 0)
(8.83524 2.02868 0)
(8.24729 2.06981 0)
(7.67432 1.97348 0)
(6.89425 1.88219 0)
(9.99984 0.00968364 0)
(10.0054 0.0280019 0)
(10.0149 0.0448069 0)
(10.029 0.0587957 0)
(10.0464 0.069831 0)
(10.0666 0.0778186 0)
(10.0881 0.0832715 0)
(10.1101 0.0871489 0)
(10.1323 0.0900447 0)
(10.154 0.0926277 0)
(10.1758 0.0950974 0)
(10.1974 0.0975276 0)
(10.2196 0.0998421 0)
(10.2416 0.10203 0)
(10.2647 0.103758 0)
(10.2872 0.105603 0)
(10.311 0.106661 0)
(10.3337 0.108293 0)
(10.3578 0.108946 0)
(10.3807 0.110425 0)
(10.4046 0.111303 0)
(10.4279 0.112245 0)
(10.451 0.11388 0)
(10.475 0.113926 0)
(10.497 0.116683 0)
(10.522 0.115862 0)
(10.5424 0.119435 0)
(10.5683 0.118378 0)
(10.5873 0.122239 0)
(10.6135 0.121825 0)
(10.6313 0.125228 0)
(10.6573 0.126291 0)
(10.6741 0.128954 0)
(10.6996 0.131863 0)
(10.7152 0.134159 0)
(10.7401 0.138305 0)
(10.7543 0.141808 0)
(10.7787 0.146051 0)
(10.7915 0.152169 0)
(10.8147 0.156285 0)
(10.8263 0.164947 0)
(10.8482 0.170559 0)
(10.8585 0.180927 0)
(10.8793 0.189043 0)
(10.8875 0.201965 0)
(10.9082 0.212066 0)
(10.9138 0.229161 0)
(10.9342 0.241895 0)
(10.9376 0.262696 0)
(10.9578 0.280367 0)
(10.9589 0.304807 0)
(10.98 0.32783 0)
(10.9781 0.358082 0)
(11.0003 0.38627 0)
(10.997 0.422952 0)
(11.0192 0.45832 0)
(11.0162 0.500534 0)
(11.0377 0.544927 0)
(11.0356 0.591505 0)
(11.0548 0.64665 0)
(11.0545 0.695632 0)
(11.0683 0.761383 0)
(11.068 0.81379 0)
(11.0715 0.887693 0)
(11.0694 0.946822 0)
(11.0536 1.03072 0)
(11.0467 1.10265 0)
(11.004 1.19798 0)
(10.9847 1.29815 0)
(10.9086 1.40266 0)
(10.8752 1.54177 0)
(10.7534 1.66452 0)
(10.7089 1.82048 0)
(10.5348 1.97258 0)
(10.4526 2.10271 0)
(10.2282 2.26297 0)
(10.028 2.34219 0)
(9.73187 2.48007 0)
(9.29375 2.5149 0)
(8.87729 2.58473 0)
(9.99979 0.0069136 0)
(10.0046 0.0201038 0)
(10.0122 0.0325869 0)
(10.0244 0.0431637 0)
(10.039 0.0521715 0)
(10.0571 0.0589091 0)
(10.0764 0.0638895 0)
(10.0974 0.0674845 0)
(10.1185 0.0699712 0)
(10.1402 0.0722975 0)
(10.1616 0.074033 0)
(10.1832 0.0762096 0)
(10.2051 0.0778452 0)
(10.2269 0.0798387 0)
(10.2498 0.0813031 0)
(10.2718 0.0829008 0)
(10.2958 0.0840741 0)
(10.3177 0.0853171 0)
(10.3424 0.0862063 0)
(10.3642 0.0874509 0)
(10.3895 0.0882808 0)
(10.4108 0.0894345 0)
(10.4363 0.0906266 0)
(10.4574 0.0913879 0)
(10.4827 0.0934349 0)
(10.5041 0.0935595 0)
(10.5283 0.0964438 0)
(10.5505 0.0963851 0)
(10.5733 0.0997616 0)
(10.596 0.100065 0)
(10.6175 0.103674 0)
(10.6401 0.104535 0)
(10.6609 0.108903 0)
(10.6829 0.109937 0)
(10.7028 0.115693 0)
(10.7242 0.116826 0)
(10.743 0.124218 0)
(10.7637 0.126213 0)
(10.7815 0.134619 0)
(10.8011 0.138587 0)
(10.8178 0.147776 0)
(10.837 0.154431 0)
(10.8514 0.164776 0)
(10.8715 0.174307 0)
(10.8822 0.186432 0)
(10.9041 0.199327 0)
(10.9114 0.214004 0)
(10.9343 0.230638 0)
(10.9393 0.248621 0)
(10.9624 0.26966 0)
(10.9666 0.291932 0)
(10.9888 0.317412 0)
(10.994 0.346096 0)
(11.0139 0.375405 0)
(11.0226 0.411618 0)
(11.0383 0.446937 0)
(11.0535 0.488723 0)
(11.0624 0.532635 0)
(11.0865 0.580497 0)
(11.0869 0.631378 0)
(11.1195 0.688192 0)
(11.1115 0.744471 0)
(11.1479 0.813179 0)
(11.1329 0.873063 0)
(11.1696 0.959675 0)
(11.1405 1.02533 0)
(11.1815 1.128 0)
(11.126 1.21844 0)
(11.1703 1.32357 0)
(11.0899 1.46115 0)
(11.1196 1.56762 0)
(11.0306 1.74865 0)
(11.0245 1.87242 0)
(10.934 2.07438 0)
(10.8792 2.21158 0)
(10.7663 2.41979 0)
(10.641 2.54538 0)
(10.4575 2.75144 0)
(10.2283 2.86881 0)
(9.88641 3.03997 0)
(9.99995 0.00463119 0)
(10.0039 0.0137222 0)
(10.0108 0.0222513 0)
(10.0214 0.0297429 0)
(10.0347 0.0362616 0)
(10.051 0.0413168 0)
(10.0691 0.0452623 0)
(10.0888 0.0480578 0)
(10.1093 0.0501696 0)
(10.1305 0.0518058 0)
(10.1518 0.0533231 0)
(10.1734 0.054656 0)
(10.1951 0.0562181 0)
(10.217 0.0573315 0)
(10.2394 0.0589959 0)
(10.2617 0.0598082 0)
(10.2849 0.0613397 0)
(10.3072 0.0619192 0)
(10.3316 0.0632502 0)
(10.3533 0.0639137 0)
(10.3789 0.0651916 0)
(10.3994 0.0658369 0)
(10.4264 0.0674924 0)
(10.4454 0.0679177 0)
(10.4737 0.0703244 0)
(10.4913 0.0702628 0)
(10.5203 0.0736833 0)
(10.5373 0.0731126 0)
(10.5659 0.0778476 0)
(10.5829 0.0765934 0)
(10.6105 0.0828219 0)
(10.6276 0.0812941 0)
(10.6543 0.0885861 0)
(10.671 0.0878509 0)
(10.697 0.0953405 0)
(10.7129 0.0962306 0)
(10.7386 0.104456 0)
(10.7528 0.106074 0)
(10.7793 0.116724 0)
(10.7899 0.118177 0)
(10.8196 0.131811 0)
(10.8245 0.13454 0)
(10.8588 0.149806 0)
(10.8574 0.155311 0)
(10.8955 0.172881 0)
(10.8896 0.180059 0)
(10.9306 0.202855 0)
(10.9204 0.210493 0)
(10.9648 0.239307 0)
(10.9502 0.249418 0)
(10.9982 0.282817 0)
(10.98 0.298168 0)
(11.0317 0.335804 0)
(11.0101 0.35658 0)
(11.0661 0.40117 0)
(11.042 0.425499 0)
(11.1008 0.480172 0)
(11.077 0.507018 0)
(11.1365 0.573554 0)
(11.1137 0.60279 0)
(11.1745 0.682616 0)
(11.1494 0.716239 0)
(11.2129 0.80778 0)
(11.1829 0.853163 0)
(11.2476 0.952881 0)
(11.2103 1.01854 0)
(11.275 1.12697 0)
(11.224 1.21741 0)
(11.2907 1.34332 0)
(11.2169 1.45862 0)
(11.288 1.60971 0)
(11.1872 1.75677 0)
(11.2537 1.92636 0)
(11.1313 2.11039 0)
(11.1771 2.2963 0)
(11.0218 2.49226 0)
(11.0398 2.71258 0)
(10.8113 2.88984 0)
(10.7745 3.14874 0)
(10.4538 3.31473 0)
(10 0.00263224 0)
(10.0034 0.00811067 0)
(10.01 0.0130606 0)
(10.0196 0.0175262 0)
(10.0323 0.0215898 0)
(10.0473 0.0245466 0)
(10.0647 0.0273184 0)
(10.0835 0.0288857 0)
(10.1036 0.0304962 0)
(10.1245 0.0315222 0)
(10.1456 0.032433 0)
(10.1673 0.0336036 0)
(10.1888 0.0341936 0)
(10.2108 0.0355267 0)
(10.2331 0.0361915 0)
(10.2552 0.0372682 0)
(10.2785 0.0382002 0)
(10.3005 0.0387725 0)
(10.325 0.0401023 0)
(10.3468 0.0403724 0)
(10.372 0.0420618 0)
(10.3933 0.0421024 0)
(10.4193 0.0444667 0)
(10.4398 0.0441045 0)
(10.4666 0.0474431 0)
(10.486 0.0466196 0)
(10.5135 0.0507678 0)
(10.532 0.0502914 0)
(10.5598 0.0543623 0)
(10.5775 0.0552294 0)
(10.6056 0.0587207 0)
(10.622 0.061172 0)
(10.6508 0.0647878 0)
(10.6653 0.0679437 0)
(10.6948 0.0729337 0)
(10.7078 0.0762008 0)
(10.7376 0.0832978 0)
(10.7489 0.0866094 0)
(10.7796 0.0962777 0)
(10.7872 0.0993784 0)
(10.822 0.112633 0)
(10.8228 0.115669 0)
(10.8642 0.132058 0)
(10.8565 0.137088 0)
(10.9051 0.155031 0)
(10.8897 0.163839 0)
(10.9445 0.184219 0)
(10.9228 0.195405 0)
(10.9826 0.22105 0)
(10.9564 0.233705 0)
(11.0199 0.265927 0)
(10.9913 0.280128 0)
(11.0572 0.321069 0)
(11.0278 0.335491 0)
(11.096 0.386612 0)
(11.066 0.404182 0)
(11.1375 0.461205 0)
(11.1061 0.489112 0)
(11.1831 0.547157 0)
(11.147 0.590644 0)
(11.2324 0.648186 0)
(11.1905 0.710584 0)
(11.2805 0.769793 0)
(11.2385 0.848846 0)
(11.3243 0.923273 0)
(11.2861 1.00738 0)
(11.3646 1.11301 0)
(11.325 1.20554 0)
(11.3995 1.33558 0)
(11.3471 1.45982 0)
(11.4278 1.60703 0)
(11.3412 1.76669 0)
(11.4399 1.94723 0)
(11.3088 2.12735 0)
(11.4057 2.35092 0)
(11.2489 2.55045 0)
(11.2928 2.80341 0)
(11.13 3.03361 0)
(11.0811 3.29481 0)
(10.869 3.56658 0)
(9.99974 0.000898361 0)
(10.0036 0.00279532 0)
(10.0093 0.00443064 0)
(10.0191 0.00602237 0)
(10.0308 0.00743497 0)
(10.0459 0.00852762 0)
(10.0624 0.00954885 0)
(10.0812 0.0101848 0)
(10.1009 0.010798 0)
(10.1217 0.0114152 0)
(10.1428 0.0116709 0)
(10.1642 0.0124828 0)
(10.186 0.0125886 0)
(10.2078 0.0134975 0)
(10.2302 0.0138788 0)
(10.2523 0.0144619 0)
(10.2755 0.0153798 0)
(10.2977 0.0155035 0)
(10.3219 0.0170131 0)
(10.3443 0.0168935 0)
(10.3687 0.0187324 0)
(10.3913 0.0187372 0)
(10.4159 0.0208044 0)
(10.4382 0.0211477 0)
(10.4633 0.023344 0)
(10.4847 0.0242001 0)
(10.5107 0.0266078 0)
(10.5309 0.0279605 0)
(10.5578 0.0310002 0)
(10.5764 0.0322772 0)
(10.6046 0.0368922 0)
(10.6208 0.0375876 0)
(10.6516 0.044026 0)
(10.6636 0.0448532 0)
(10.6979 0.0521623 0)
(10.7059 0.0545032 0)
(10.7421 0.0623846 0)
(10.7487 0.0657533 0)
(10.7837 0.076156 0)
(10.7913 0.0787268 0)
(10.8244 0.0935618 0)
(10.8323 0.0951902 0)
(10.8649 0.113859 0)
(10.8718 0.116705 0)
(10.9049 0.137608 0)
(10.9102 0.143696 0)
(10.9457 0.166913 0)
(10.9466 0.175677 0)
(10.9878 0.203562 0)
(10.9829 0.214132 0)
(11.03 0.247019 0)
(11.021 0.262588 0)
(11.0738 0.297071 0)
(11.0597 0.321692 0)
(11.1214 0.357779 0)
(11.1006 0.390087 0)
(11.1705 0.431874 0)
(11.148 0.470044 0)
(11.2207 0.520845 0)
(11.1996 0.563531 0)
(11.2775 0.628033 0)
(11.2512 0.674753 0)
(11.3402 0.753772 0)
(11.3064 0.813378 0)
(11.4033 0.900379 0)
(11.3645 0.983988 0)
(11.4665 1.08267 0)
(11.4208 1.18731 0)
(11.5246 1.31464 0)
(11.4753 1.43683 0)
(11.5671 1.60067 0)
(11.5226 1.75242 0)
(11.5862 1.94467 0)
(11.5488 2.14608 0)
(11.5701 2.35746 0)
(11.5301 2.61375 0)
(11.5091 2.84901 0)
(11.4241 3.1447 0)
(11.3742 3.42513 0)
(11.207 3.72628 0)
(9.99936 -0.000892974 0)
(10.0039 -0.00223582 0)
(10.009 -0.00416098 0)
(10.0194 -0.00516844 0)
(10.0307 -0.00652239 0)
(10.0462 -0.00740982 0)
(10.0624 -0.00786632 0)
(10.0814 -0.00879847 0)
(10.101 -0.0083902 0)
(10.1219 -0.00917445 0)
(10.1429 -0.00862317 0)
(10.1646 -0.0089608 0)
(10.186 -0.00881875 0)
(10.2084 -0.00846551 0)
(10.2302 -0.00866193 0)
(10.253 -0.00795202 0)
(10.2757 -0.00797768 0)
(10.2984 -0.00721064 0)
(10.3225 -0.00677951 0)
(10.3446 -0.00602748 0)
(10.3701 -0.00522124 0)
(10.3914 -0.00440353 0)
(10.418 -0.00290865 0)
(10.4383 -0.00260708 0)
(10.4658 0.000448049 0)
(10.4852 -0.000421938 0)
(10.5134 0.00468867 0)
(10.5323 0.00294935 0)
(10.5602 0.00933914 0)
(10.5794 0.00799969 0)
(10.6064 0.0147519 0)
(10.6257 0.0144568 0)
(10.6531 0.0217328 0)
(10.6698 0.0223192 0)
(10.7004 0.0303073 0)
(10.7124 0.0327059 0)
(10.7471 0.0401622 0)
(10.7547 0.0457586 0)
(10.792 0.0529132 0)
(10.7971 0.0601327 0)
(10.8355 0.0707533 0)
(10.8395 0.0761829 0)
(10.8775 0.0925147 0)
(10.8822 0.0971644 0)
(10.9178 0.116799 0)
(10.9262 0.124598 0)
(10.9576 0.145202 0)
(10.9695 0.158 0)
(10.9995 0.179412 0)
(11.0119 0.198331 0)
(11.0437 0.220682 0)
(11.0558 0.24576 0)
(11.09 0.271768 0)
(11.1012 0.299611 0)
(11.1413 0.335362 0)
(11.1478 0.361957 0)
(11.198 0.410631 0)
(11.1992 0.437729 0)
(11.2584 0.497565 0)
(11.256 0.530201 0)
(11.3264 0.599308 0)
(11.3145 0.643456 0)
(11.4044 0.7185 0)
(11.3774 0.781967 0)
(11.4856 0.86558 0)
(11.4516 0.945653 0)
(11.5636 1.05197 0)
(11.538 1.14927 0)
(11.6341 1.27645 0)
(11.6331 1.41498 0)
(11.6962 1.55317 0)
(11.7189 1.74381 0)
(11.7554 1.91138 0)
(11.7712 2.1406 0)
(11.7975 2.36531 0)
(11.7743 2.61755 0)
(11.7898 2.91638 0)
(11.7129 3.18846 0)
(11.678 3.54422 0)
(11.5655 3.86388 0)
(9.99933 -0.00257545 0)
(10.0041 -0.00765144 0)
(10.0092 -0.0127663 0)
(10.0205 -0.0167564 0)
(10.0316 -0.0207005 0)
(10.0483 -0.0234936 0)
(10.0641 -0.0257295 0)
(10.0845 -0.0274926 0)
(10.1035 -0.028184 0)
(10.1253 -0.0292539 0)
(10.1459 -0.0295528 0)
(10.1681 -0.0300032 0)
(10.1892 -0.0306769 0)
(10.212 -0.0303432 0)
(10.2335 -0.0313906 0)
(10.2569 -0.0305571 0)
(10.2791 -0.0312409 0)
(10.3028 -0.0304358 0)
(10.3261 -0.0301432 0)
(10.3496 -0.0298702 0)
(10.3735 -0.0284065 0)
(10.3972 -0.0286377 0)
(10.4211 -0.0261998 0)
(10.4451 -0.0265626 0)
(10.4688 -0.0236335 0)
(10.4928 -0.0232206 0)
(10.5165 -0.020628 0)
(10.5407 -0.0185472 0)
(10.5635 -0.016596 0)
(10.5892 -0.0130875 0)
(10.6093 -0.0105024 0)
(10.6374 -0.00727769 0)
(10.6556 -0.00204603 0)
(10.6831 -0.000274737 0)
(10.7037 0.00798219 0)
(10.7264 0.00957896 0)
(10.7523 0.0187941 0)
(10.7689 0.0230412 0)
(10.8 0.0310026 0)
(10.8108 0.0396859 0)
(10.8479 0.0463651 0)
(10.8515 0.0589184 0)
(10.8951 0.065995 0)
(10.8936 0.0812298 0)
(10.9393 0.0902507 0)
(10.9393 0.10783 0)
(10.9817 0.120156 0)
(10.9857 0.138015 0)
(11.0263 0.157876 0)
(11.0322 0.173008 0)
(11.0726 0.202121 0)
(11.0828 0.217208 0)
(11.119 0.251185 0)
(11.1371 0.272587 0)
(11.1723 0.307354 0)
(11.19 0.339348 0)
(11.2354 0.373087 0)
(11.247 0.419212 0)
(11.3025 0.451265 0)
(11.314 0.511961 0)
(11.3747 0.550084 0)
(11.3895 0.616455 0)
(11.4535 0.673363 0)
(11.4781 0.745707 0)
(11.5365 0.815546 0)
(11.5769 0.912159 0)
(11.635 0.992234 0)
(11.6738 1.11112 0)
(11.752 1.22519 0)
(11.7718 1.35856 0)
(11.875 1.51851 0)
(11.8694 1.6786 0)
(11.991 1.89176 0)
(11.9623 2.08611 0)
(12.0693 2.35838 0)
(12.0398 2.60559 0)
(12.078 2.92921 0)
(12.0516 3.24675 0)
(12.0033 3.60073 0)
(11.9461 4.00004 0)
(9.99964 -0.00444976 0)
(10.0041 -0.0132506 0)
(10.0103 -0.0222064 0)
(10.022 -0.0286221 0)
(10.0343 -0.0359857 0)
(10.0518 -0.0398032 0)
(10.0687 -0.0443299 0)
(10.0897 -0.0464174 0)
(10.1096 -0.0480055 0)
(10.1313 -0.0499682 0)
(10.1527 -0.0498672 0)
(10.1742 -0.0522407 0)
(10.1962 -0.0515205 0)
(10.2185 -0.0537775 0)
(10.2404 -0.0529895 0)
(10.2642 -0.0545766 0)
(10.286 -0.0537496 0)
(10.3111 -0.0543352 0)
(10.3328 -0.0538175 0)
(10.3588 -0.0530773 0)
(10.3803 -0.0533039 0)
(10.4071 -0.0511551 0)
(10.4282 -0.0517881 0)
(10.4552 -0.0491381 0)
(10.4769 -0.0487852 0)
(10.5024 -0.0467029 0)
(10.5264 -0.044748 0)
(10.5496 -0.0427471 0)
(10.5752 -0.0402814 0)
(10.598 -0.0369488 0)
(10.6218 -0.0345183 0)
(10.6477 -0.0304742 0)
(10.6675 -0.0259182 0)
(10.6965 -0.02352 0)
(10.7141 -0.0151004 0)
(10.7435 -0.0138275 0)
(10.7611 -0.00390038 0)
(10.7899 2.29301e-06 0)
(10.8075 0.00872694 0)
(10.8356 0.0162171 0)
(10.8553 0.0257837 0)
(10.8788 0.0335628 0)
(10.9046 0.0478406 0)
(10.9217 0.053487 0)
(10.9528 0.0741678 0)
(10.9676 0.0780792 0)
(10.9995 0.104217 0)
(11.0147 0.109035 0)
(11.0496 0.137773 0)
(11.061 0.147816 0)
(11.1036 0.175957 0)
(11.1103 0.194457 0)
(11.159 0.220677 0)
(11.1647 0.248907 0)
(11.2193 0.275437 0)
(11.2225 0.309486 0)
(11.2863 0.344178 0)
(11.2888 0.378526 0)
(11.3556 0.425962 0)
(11.3682 0.462657 0)
(11.4333 0.520692 0)
(11.4509 0.566406 0)
(11.5324 0.633119 0)
(11.5373 0.693439 0)
(11.6442 0.771604 0)
(11.6442 0.846515 0)
(11.764 0.949138 0)
(11.7667 1.03541 0)
(11.9007 1.17343 0)
(11.9081 1.28221 0)
(12.0384 1.45656 0)
(12.07 1.60838 0)
(12.1829 1.81893 0)
(12.2179 2.03976 0)
(12.3233 2.28609 0)
(12.3359 2.59656 0)
(12.4184 2.88631 0)
(12.384 3.28503 0)
(12.4203 3.63832 0)
(12.3017 4.10131 0)
(10.0002 -0.00656343 0)
(10.004 -0.0199431 0)
(10.0123 -0.0323375 0)
(10.0246 -0.0421902 0)
(10.0389 -0.0519044 0)
(10.0579 -0.0574353 0)
(10.076 -0.0631943 0)
(10.0987 -0.0657357 0)
(10.1186 -0.068173 0)
(10.1414 -0.0703142 0)
(10.1624 -0.0710295 0)
(10.1844 -0.0736607 0)
(10.2066 -0.0737066 0)
(10.2285 -0.0761217 0)
(10.2519 -0.0761391 0)
(10.2741 -0.0773422 0)
(10.2986 -0.0777645 0)
(10.321 -0.0771477 0)
(10.3465 -0.0785212 0)
(10.369 -0.0759683 0)
(10.3945 -0.0782271 0)
(10.4179 -0.0746108 0)
(10.4422 -0.0762967 0)
(10.4673 -0.0735157 0)
(10.4907 -0.0726091 0)
(10.5157 -0.0717501 0)
(10.5405 -0.0683518 0)
(10.5637 -0.0675915 0)
(10.5898 -0.0643992 0)
(10.6131 -0.0608445 0)
(10.637 -0.0596291 0)
(10.6639 -0.0530633 0)
(10.6836 -0.0519623 0)
(10.7136 -0.0451629 0)
(10.7313 -0.0411503 0)
(10.7622 -0.0359372 0)
(10.778 -0.0283112 0)
(10.8127 -0.0238994 0)
(10.822 -0.0136439 0)
(10.8643 -0.00869441 0)
(10.8671 0.00344482 0)
(10.9121 0.0102014 0)
(10.9164 0.0222158 0)
(10.9573 0.0348705 0)
(10.9668 0.0426636 0)
(11.0054 0.0645491 0)
(11.0156 0.0679397 0)
(11.0551 0.0966149 0)
(11.0688 0.101046 0)
(11.1031 0.131818 0)
(11.1277 0.141295 0)
(11.1546 0.172111 0)
(11.1862 0.190214 0)
(11.2157 0.216464 0)
(11.2471 0.250568 0)
(11.2803 0.26773 0)
(11.3208 0.317586 0)
(11.3469 0.336887 0)
(11.4034 0.386815 0)
(11.4287 0.424733 0)
(11.4884 0.471951 0)
(11.5269 0.520726 0)
(11.5879 0.583797 0)
(11.6369 0.636361 0)
(11.7005 0.712055 0)
(11.7745 0.789679 0)
(11.8231 0.870594 0)
(11.9354 0.972568 0)
(11.9751 1.08376 0)
(12.1124 1.21021 0)
(12.1524 1.35029 0)
(12.3108 1.53401 0)
(12.3559 1.70842 0)
(12.5048 1.95826 0)
(12.5757 2.19537 0)
(12.678 2.52403 0)
(12.7576 2.8453 0)
(12.7903 3.25024 0)
(12.8489 3.68754 0)
(12.7613 4.14139 0)
(10.0002 -0.00902098 0)
(10.0051 -0.028217 0)
(10.0149 -0.04457 0)
(10.0296 -0.057744 0)
(10.0458 -0.0701415 0)
(10.0679 -0.0757977 0)
(10.0872 -0.0835878 0)
(10.112 -0.084567 0)
(10.1323 -0.08941 0)
(10.1553 -0.0899272 0)
(10.1774 -0.0929561 0)
(10.1977 -0.0948901 0)
(10.2231 -0.0958153 0)
(10.2411 -0.0993956 0)
(10.2702 -0.0975486 0)
(10.2865 -0.102589 0)
(10.3186 -0.0982993 0)
(10.3334 -0.10355 0)
(10.3675 -0.0992649 0)
(10.3819 -0.101924 0)
(10.4154 -0.100712 0)
(10.4325 -0.0989738 0)
(10.4621 -0.100817 0)
(10.484 -0.0966754 0)
(10.51 -0.0979908 0)
(10.5338 -0.0949136 0)
(10.5606 -0.0935979 0)
(10.5816 -0.0909662 0)
(10.6121 -0.089714 0)
(10.6303 -0.0840045 0)
(10.6614 -0.0849544 0)
(10.6809 -0.0765475 0)
(10.7102 -0.076401 0)
(10.7298 -0.0694507 0)
(10.7615 -0.0652917 0)
(10.7765 -0.0591662 0)
(10.8122 -0.0545425 0)
(10.8263 -0.0442265 0)
(10.8577 -0.0423636 0)
(10.8808 -0.0273951 0)
(10.9015 -0.0259201 0)
(10.9334 -0.00911473 0)
(10.949 -0.00562254 0)
(10.984 0.0118626 0)
(10.9975 0.0198136 0)
(11.0374 0.033412 0)
(11.0453 0.0524523 0)
(11.0927 0.0570575 0)
(11.0975 0.0894141 0)
(11.1472 0.0888271 0)
(11.155 0.127123 0)
(11.2056 0.130589 0)
(11.2145 0.167679 0)
(11.2703 0.181036 0)
(11.2812 0.215089 0)
(11.3365 0.237006 0)
(11.361 0.274876 0)
(11.4105 0.299095 0)
(11.4427 0.344596 0)
(11.5092 0.377892 0)
(11.5235 0.42187 0)
(11.6261 0.471595 0)
(11.6272 0.523084 0)
(11.7464 0.576263 0)
(11.7592 0.646254 0)
(11.8911 0.717039 0)
(11.9078 0.788725 0)
(12.0639 0.890325 0)
(12.0975 0.989427 0)
(12.2609 1.10002 0)
(12.3173 1.25231 0)
(12.5104 1.39401 0)
(12.5636 1.60478 0)
(12.7782 1.79872 0)
(12.8538 2.10184 0)
(13.037 2.3604 0)
(13.1322 2.79843 0)
(13.2397 3.13133 0)
(13.3224 3.71689 0)
(13.3126 4.158 0)
(9.99955 -0.0129942 0)
(10.0075 -0.0383506 0)
(10.0193 -0.0606125 0)
(10.038 -0.0766289 0)
(10.0579 -0.0912684 0)
(10.0828 -0.0966867 0)
(10.1054 -0.105217 0)
(10.1303 -0.105439 0)
(10.1529 -0.111292 0)
(10.1744 -0.111531 0)
(10.1987 -0.115711 0)
(10.2169 -0.117817 0)
(10.2454 -0.119098 0)
(10.2609 -0.123501 0)
(10.294 -0.120486 0)
(10.3065 -0.127683 0)
(10.3441 -0.120668 0)
(10.3532 -0.129274 0)
(10.3944 -0.121783 0)
(10.4013 -0.127401 0)
(10.4435 -0.124416 0)
(10.4518 -0.123446 0)
(10.491 -0.125879 0)
(10.5037 -0.120452 0)
(10.5391 -0.123451 0)
(10.5542 -0.119102 0)
(10.5899 -0.118272 0)
(10.6031 -0.116284 0)
(10.641 -0.113307 0)
(10.6533 -0.11029 0)
(10.6898 -0.107686 0)
(10.705 -0.103493 0)
(10.7394 -0.0984384 0)
(10.7525 -0.0968896 0)
(10.7947 -0.0869135 0)
(10.7947 -0.0865186 0)
(10.8517 -0.076464 0)
(10.8392 -0.0710614 0)
(10.9029 -0.0642327 0)
(10.8897 -0.0552387 0)
(10.9507 -0.0456763 0)
(10.9407 -0.039905 0)
(10.9998 -0.0228078 0)
(10.9933 -0.0211577 0)
(11.0454 0.00271554 0)
(11.0535 0.000286593 0)
(11.0878 0.0334912 0)
(11.1157 0.0258029 0)
(11.1382 0.0642866 0)
(11.1744 0.0641479 0)
(11.1948 0.0884413 0)
(11.2401 0.118101 0)
(11.249 0.112849 0)
(11.3191 0.174061 0)
(11.306 0.156422 0)
(11.4006 0.218118 0)
(11.3848 0.22478 0)
(11.4751 0.261987 0)
(11.4856 0.297786 0)
(11.5648 0.331115 0)
(11.585 0.367418 0)
(11.6853 0.418429 0)
(11.7029 0.459063 0)
(11.8072 0.511669 0)
(11.863 0.574551 0)
(11.9565 0.631295 0)
(12.0275 0.717922 0)
(12.1622 0.766643 0)
(12.2342 0.918927 0)
(12.3875 0.940626 0)
(12.4986 1.16916 0)
(12.6808 1.19741 0)
(12.8004 1.50072 0)
(13.0293 1.57795 0)
(13.1588 1.95874 0)
(13.4202 2.1779 0)
(13.5011 2.61239 0)
(13.8207 3.07554 0)
(13.748 3.56245 0)
(14.0752 4.27187 0)
(9.99802 -0.0188924 0)
(10.0124 -0.0519756 0)
(10.0254 -0.0814194 0)
(10.0542 -0.0995513 0)
(10.075 -0.116259 0)
(10.1086 -0.12028 0)
(10.1292 -0.130219 0)
(10.1594 -0.128836 0)
(10.1792 -0.137865 0)
(10.2029 -0.136011 0)
(10.227 -0.144742 0)
(10.2438 -0.14313 0)
(10.2771 -0.149317 0)
(10.2857 -0.149369 0)
(10.3294 -0.15 0)
(10.329 -0.155014 0)
(10.3818 -0.148164 0)
(10.3741 -0.158954 0)
(10.432 -0.147316 0)
(10.4219 -0.158712 0)
(10.4785 -0.149407 0)
(10.4732 -0.154585 0)
(10.5222 -0.151722 0)
(10.5258 -0.150351 0)
(10.5665 -0.150523 0)
(10.5758 -0.147394 0)
(10.6136 -0.147088 0)
(10.6229 -0.1418 0)
(10.6611 -0.1453 0)
(10.6706 -0.131934 0)
(10.7057 -0.14254 0)
(10.7199 -0.123266 0)
(10.75 -0.13284 0)
(10.765 -0.118163 0)
(10.7993 -0.118874 0)
(10.8048 -0.109104 0)
(10.8499 -0.108075 0)
(10.8463 -0.0925573 0)
(10.8953 -0.0973186 0)
(10.8921 -0.0748875 0)
(10.9399 -0.0815376 0)
(10.9353 -0.0547655 0)
(10.9892 -0.0673644 0)
(10.9775 -0.0249706 0)
(11.038 -0.0547791 0)
(11.0254 0.00601701 0)
(11.0868 -0.0296746 0)
(11.0741 0.0273375 0)
(11.1442 0.00953808 0)
(11.1211 0.0467133 0)
(11.2082 0.0500552 0)
(11.1785 0.0805095 0)
(11.2667 0.0831518 0)
(11.2569 0.128764 0)
(11.3255 0.118789 0)
(11.3401 0.176583 0)
(11.414 0.173326 0)
(11.4092 0.219393 0)
(11.5362 0.239027 0)
(11.4943 0.278922 0)
(11.6512 0.302108 0)
(11.6323 0.357375 0)
(11.7682 0.38276 0)
(11.7882 0.433999 0)
(11.9298 0.495267 0)
(11.9801 0.532639 0)
(12.088 0.609336 0)
(12.2514 0.683228 0)
(12.2878 0.744529 0)
(12.5567 0.868419 0)
(12.5501 0.930306 0)
(12.957 1.12927 0)
(12.8664 1.17908 0)
(13.4297 1.49662 0)
(13.3106 1.58393 0)
(13.9494 2.01544 0)
(13.8439 2.29988 0)
(14.4473 2.8173 0)
(14.3493 3.49605 0)
(14.7635 4.06744 0)
(9.99387 -0.0270112 0)
(10.024 -0.0685803 0)
(10.0355 -0.100856 0)
(10.0831 -0.115868 0)
(10.1003 -0.128163 0)
(10.1476 -0.129848 0)
(10.1605 -0.13693 0)
(10.1976 -0.138253 0)
(10.2104 -0.145602 0)
(10.2355 -0.148364 0)
(10.2575 -0.154106 0)
(10.2697 -0.156905 0)
(10.3062 -0.159213 0)
(10.3031 -0.163255 0)
(10.354 -0.160664 0)
(10.3364 -0.168805 0)
(10.3971 -0.160194 0)
(10.3711 -0.173113 0)
(10.4328 -0.160266 0)
(10.408 -0.174344 0)
(10.4616 -0.161729 0)
(10.446 -0.172945 0)
(10.4858 -0.162186 0)
(10.4825 -0.171651 0)
(10.5078 -0.15941 0)
(10.5156 -0.170376 0)
(10.5285 -0.155736 0)
(10.546 -0.165108 0)
(10.5467 -0.154317 0)
(10.5745 -0.155451 0)
(10.5628 -0.15121 0)
(10.5996 -0.147789 0)
(10.5804 -0.140359 0)
(10.6183 -0.144026 0)
(10.6021 -0.125104 0)
(10.6317 -0.136488 0)
(10.624 -0.112387 0)
(10.6469 -0.12295 0)
(10.6414 -0.097917 0)
(10.6664 -0.110235 0)
(10.6587 -0.0779406 0)
(10.6843 -0.0944782 0)
(10.6834 -0.0616102 0)
(10.6991 -0.0684129 0)
(10.7163 -0.0455123 0)
(10.7127 -0.0469572 0)
(10.7622 -0.00845002 0)
(10.7189 -0.0450092 0)
(10.8275 0.0492823 0)
(10.728 -0.0451511 0)
(10.8912 0.100585 0)
(10.7787 -0.0214579 0)
(10.9198 0.124568 0)
(10.8856 0.0374905 0)
(10.935 0.132228 0)
(11.01 0.100565 0)
(10.9884 0.168206 0)
(11.1197 0.13607 0)
(11.0912 0.233746 0)
(11.2469 0.175951 0)
(11.1986 0.289029 0)
(11.4328 0.245097 0)
(11.32 0.350466 0)
(11.6391 0.310504 0)
(11.5151 0.442612 0)
(11.8595 0.398652 0)
(11.7544 0.522455 0)
(12.1551 0.533664 0)
(12.0454 0.647991 0)
(12.4975 0.661059 0)
(12.4531 0.846255 0)
(12.9177 0.812046 0)
(12.9611 1.14904 0)
(13.4637 1.02099 0)
(13.6171 1.56639 0)
(14.18 1.4695 0)
(14.4027 2.12971 0)
(15.0892 2.42983 0)
(15.1864 3.19549 0)
(15.8429 4.25404 0)
(9.99306 -0.062586 0)
(10.0396 -0.135163 0)
(10.0613 -0.175486 0)
(10.1142 -0.182603 0)
(10.1235 -0.18804 0)
(10.1598 -0.184052 0)
(10.1504 -0.18966 0)
(10.1705 -0.189989 0)
(10.153 -0.196722 0)
(10.1612 -0.197091 0)
(10.1452 -0.201682 0)
(10.1405 -0.199306 0)
(10.1307 -0.202826 0)
(10.1095 -0.19793 0)
(10.1081 -0.20231 0)
(10.0686 -0.19529 0)
(10.0761 -0.201413 0)
(10.0202 -0.192002 0)
(10.0335 -0.200251 0)
(9.96709 -0.187992 0)
(9.98039 -0.198067 0)
(9.91084 -0.183875 0)
(9.91814 -0.193778 0)
(9.85145 -0.180156 0)
(9.84896 -0.187594 0)
(9.7888 -0.175343 0)
(9.77465 -0.181778 0)
(9.72361 -0.167068 0)
(9.69655 -0.177601 0)
(9.65631 -0.155641 0)
(9.61792 -0.172588 0)
(9.58487 -0.144236 0)
(9.54418 -0.164109 0)
(9.50692 -0.133037 0)
(9.47912 -0.154515 0)
(9.42413 -0.117817 0)
(9.42184 -0.147234 0)
(9.34223 -0.0981213 0)
(9.37054 -0.138797 0)
(9.26473 -0.0799723 0)
(9.3279 -0.124142 0)
(9.19162 -0.0638954 0)
(9.29802 -0.107945 0)
(9.12331 -0.0428087 0)
(9.28651 -0.094752 0)
(9.05527 -0.0183841 0)
(9.30776 -0.0774718 0)
(8.97601 0.00239849 0)
(9.36996 -0.0554233 0)
(8.90269 0.0292891 0)
(9.43597 -0.0423808 0)
(8.88971 0.065558 0)
(9.46913 -0.0304352 0)
(8.96043 0.100622 0)
(9.48567 -0.00875131 0)
(9.07467 0.134134 0)
(9.54132 0.0146086 0)
(9.19489 0.182319 0)
(9.65665 0.0252028 0)
(9.32578 0.249583 0)
(9.83426 0.0371181 0)
(9.49264 0.306952 0)
(10.0499 0.0781478 0)
(9.71086 0.362442 0)
(10.3678 0.117522 0)
(9.89699 0.428838 0)
(10.8146 0.213256 0)
(10.2256 0.452078 0)
(11.155 0.330959 0)
(10.8006 0.564291 0)
(11.5397 0.384918 0)
(11.5235 0.716498 0)
(12.0784 0.518666 0)
(12.3953 0.923874 0)
(12.9135 0.721371 0)
(13.4156 1.19852 0)
(14.1636 1.198 0)
(14.8058 1.65251 0)
(15.9019 2.32796 0)
(16.486 3.09577 0)
(9.89948 -0.0451951 0)
(9.8084 -0.0989675 0)
(9.69717 -0.120641 0)
(9.57348 -0.126157 0)
(9.41486 -0.124083 0)
(9.25654 -0.123858 0)
(9.07687 -0.123573 0)
(8.91404 -0.126081 0)
(8.73336 -0.126213 0)
(8.57505 -0.127805 0)
(8.3964 -0.1259 0)
(8.24246 -0.125887 0)
(8.06529 -0.12248 0)
(7.91464 -0.122057 0)
(7.7391 -0.11799 0)
(7.5919 -0.11775 0)
(7.41893 -0.113394 0)
(7.27573 -0.113104 0)
(7.10606 -0.108823 0)
(6.9676 -0.107856 0)
(6.80166 -0.104069 0)
(6.66888 -0.102051 0)
(6.50675 -0.0988315 0)
(6.38101 -0.0960054 0)
(6.22238 -0.0930152 0)
(6.10547 -0.0895642 0)
(5.9498 -0.0870259 0)
(5.8435 -0.0824881 0)
(5.69074 -0.0807465 0)
(5.59589 -0.0750922 0)
(5.44796 -0.0733163 0)
(5.36295 -0.0683913 0)
(5.22378 -0.0639409 0)
(5.14629 -0.0622033 0)
(5.01896 -0.0538982 0)
(4.94933 -0.0544204 0)
(4.83334 -0.0453853 0)
(4.77424 -0.0439764 0)
(4.67071 -0.0378912 0)
(4.61763 -0.0336634 0)
(4.53966 -0.0276791 0)
(4.47515 -0.0266845 0)
(4.44354 -0.0138351 0)
(4.35227 -0.0209178 0)
(4.37515 -0.00186731 0)
(4.25738 -0.0126532 0)
(4.33916 0.00836713 0)
(4.17728 -0.0093874 0)
(4.35565 0.0276475 0)
(4.10789 -0.014013 0)
(4.41174 0.0449432 0)
(4.07288 0.00125714 0)
(4.50794 0.0403158 0)
(4.03983 0.0240529 0)
(4.7019 0.0581465 0)
(3.97655 -0.00303843 0)
(4.97397 0.140797 0)
(3.9794 -0.0674547 0)
(5.21506 0.213043 0)
(4.11179 -0.080917 0)
(5.466 0.264887 0)
(4.29925 -0.127812 0)
(5.76915 0.34915 0)
(4.57176 -0.111656 0)
(6.18368 0.337275 0)
(4.73506 -0.121856 0)
(6.91233 0.550079 0)
(4.94881 -0.337467 0)
(7.5295 0.790615 0)
(5.59878 -0.360532 0)
(8.12416 0.8627 0)
(6.32078 -0.366821 0)
(9.12163 1.12851 0)
(7.05958 -0.610054 0)
(10.4628 1.75116 0)
(8.32337 -0.979711 0)
(11.8971 2.45056 0)
(10.78 -0.817423 0)
(13.9245 2.81329 0)
(14.6264 0.536307 0)
(0.186513 -0.304716 0)
(0.382998 -0.145926 0)
(0.60192 -0.0898087 0)
(0.869267 -0.0536145 0)
(1.07356 -0.0678701 0)
(1.24504 -0.0583186 0)
(1.32745 -0.0293524 0)
(1.30724 -0.102945 0)
(1.18562 -0.15356 0)
(0.741208 0.115299 0)
(-0.393318 0.650868 0)
(-1.76861 0.782745 0)
(-2.93224 0.547947 0)
(-3.30846 0.0543337 0)
(-3.3963 0.0286843 0)
(-3.78848 0.101323 0)
(-3.5474 -0.22235 0)
(-2.71762 -0.48429 0)
(-1.68153 -0.521628 0)
(-0.220653 -0.222603 0)
(0.0701351 0.0511156 0)
(0.34453 -0.281666 0)
(0.447207 -0.473364 0)
(0.486153 -0.434512 0)
(0.600689 -0.347215 0)
(0.741348 -0.195816 0)
(0.691527 -0.0676086 0)
(0.316098 0.211011 0)
(-0.383688 0.793573 0)
(-1.20587 1.39872 0)
(-2.22786 1.70856 0)
(-3.10918 1.5234 0)
(-3.73876 0.932266 0)
(-4.15953 0.492186 0)
(-4.69538 0.554259 0)
(-4.86039 0.177139 0)
(-4.37939 -0.743033 0)
(-3.51172 -1.56138 0)
(-2.31527 -1.88766 0)
(-0.54168 -1.60487 0)
(-0.697315 -1.05503 0)
(-0.520032 -0.508712 0)
(-0.11884 -0.0991849 0)
(0.00670218 -0.167322 0)
(0.0128823 -0.376242 0)
(-0.215097 -0.100631 0)
(-0.4344 0.450275 0)
(-0.791301 0.968647 0)
(-1.49289 1.49316 0)
(-2.15077 2.04782 0)
(-2.6519 2.36591 0)
(-3.0163 2.15489 0)
(-3.45593 1.4812 0)
(-3.7875 0.995162 0)
(-4.15837 0.69497 0)
(-4.08135 -0.171338 0)
(-3.55887 -1.56858 0)
(-2.60499 -2.98394 0)
(-1.77365 -3.73585 0)
(-0.370745 -3.52068 0)
(1.77786 0.311377 0)
(0.178736 -0.897187 0)
(-0.577021 -1.18343 0)
(-0.77282 -0.664544 0)
(-0.372739 -0.0854303 0)
(-0.335556 0.345038 0)
(-0.538428 0.514358 0)
(-1.13106 1.22526 0)
(-1.25612 2.14669 0)
(-1.46199 2.56956 0)
(-1.78904 2.62244 0)
(-2.05946 2.37606 0)
(-2.43763 1.8815 0)
(-2.56311 1.27609 0)
(-2.72086 0.746896 0)
(-2.58502 -0.313566 0)
(-2.27597 -1.73479 0)
(-1.41574 -3.45016 0)
(-1.08608 -4.19459 0)
(-0.260956 -3.9207 0)
(5.86443 1.76564 0)
(4.98008 1.72461 0)
(3.12831 1.2019 0)
(0.792329 -0.231068 0)
(-0.253755 -0.950434 0)
(-0.802703 -0.0172277 0)
(-0.191432 1.29816 0)
(-0.470198 1.80983 0)
(-0.884433 1.86958 0)
(-1.0023 2.48651 0)
(-0.877618 2.91236 0)
(-1.01519 2.86033 0)
(-1.30798 2.21879 0)
(-1.37848 1.29593 0)
(-1.60375 0.62253 0)
(-1.44088 -0.660252 0)
(-1.4512 -2.23885 0)
(-0.668836 -4.20941 0)
(-0.756424 -4.79545 0)
(-0.381614 -4.80834 0)
(8.14578 2.58901 0)
(7.43401 2.54744 0)
(6.30529 2.46336 0)
(5.03545 2.31584 0)
(3.37592 1.81126 0)
(0.718167 0.454331 0)
(-0.21515 0.133805 0)
(0.01126 1.64464 0)
(0.421669 2.70103 0)
(0.0717072 2.75076 0)
(-0.206605 2.61581 0)
(-0.254123 2.58738 0)
(-0.176115 2.13213 0)
(-0.0177656 1.51861 0)
(-0.522842 0.907962 0)
(0.0452495 -0.616729 0)
(-0.467683 -2.33757 0)
(0.224373 -4.35174 0)
(-0.228583 -4.611 0)
(0.0474682 -4.95033 0)
(9.52434 3.1662 0)
(8.89725 3.24421 0)
(8.31057 3.37068 0)
(7.33256 3.36736 0)
(6.31169 3.25545 0)
(4.73898 2.98369 0)
(2.8117 2.16666 0)
(0.837364 1.46589 0)
(0.516317 1.72193 0)
(1.07278 2.88136 0)
(1.20319 3.20007 0)
(1.05856 2.94322 0)
(1.00247 2.31202 0)
(1.03725 1.43736 0)
(0.888795 0.620193 0)
(1.56421 -0.967768 0)
(0.502197 -2.37978 0)
(1.09108 -4.28718 0)
(0.201316 -4.27718 0)
(0.0561318 -4.68092 0)
(10.2722 3.56713 0)
(9.84574 3.76182 0)
(9.43259 3.94632 0)
(8.82098 4.15509 0)
(8.13619 4.23519 0)
(7.17008 4.22598 0)
(5.9813 4.04771 0)
(4.15843 3.34556 0)
(2.52 2.68765 0)
(1.34016 2.25994 0)
(1.65484 2.47422 0)
(1.81748 2.85762 0)
(2.39168 2.1007 0)
(2.23235 1.69466 0)
(1.90694 0.924261 0)
(2.52448 -0.0277398 0)
(1.59238 -0.990929 0)
(1.99665 -3.5803 0)
(0.261626 -3.68615 0)
(0.0828624 -4.81193 0)
(10.7453 3.83134 0)
(10.3981 4.11382 0)
(10.2005 4.40971 0)
(9.68236 4.63826 0)
(9.32749 4.94093 0)
(8.65161 5.04795 0)
(7.94506 5.10015 0)
(6.89713 4.94676 0)
(5.41112 4.37001 0)
(4.01016 3.51235 0)
(2.58469 2.91497 0)
(1.73507 2.35804 0)
(1.80946 2.07773 0)
(2.11982 1.4395 0)
(2.28758 0.0217411 0)
(3.05594 -1.20625 0)
(1.7132 -2.75962 0)
(1.77061 -3.89842 0)
(-0.495269 -3.41855 0)
(0.471576 -4.70496 0)
(11.1016 4.07045 0)
(10.8628 4.36511 0)
(10.6386 4.73546 0)
(10.3743 5.05729 0)
(9.97824 5.33421 0)
(9.66532 5.68778 0)
(9.07752 5.76111 0)
(8.58279 5.85054 0)
(7.57435 5.64388 0)
(6.46024 5.11001 0)
(5.37037 4.10172 0)
(4.58188 3.12645 0)
(4.04674 1.61849 0)
(4.02803 1.13868 0)
(3.43253 0.892942 0)
(3.00207 0.949183 0)
(1.85314 1.60851 0)
(1.63454 -0.419773 0)
(-0.450845 -1.00482 0)
(1.79785 -3.92174 0)
(11.4236 4.22995 0)
(11.2893 4.62005 0)
(11.0272 4.95038 0)
(10.8463 5.39679 0)
(10.5087 5.68988 0)
(10.2564 6.01557 0)
(9.85519 6.34744 0)
(9.42552 6.37051 0)
(8.98456 6.38621 0)
(8.02098 6.13369 0)
(6.76841 5.6431 0)
(4.96441 4.96021 0)
(2.73561 3.70854 0)
(0.22882 1.69722 0)
(-1.16398 0.407743 0)
(-1.89983 -0.334521 0)
(-1.25463 -2.28051 0)
(-0.567923 -3.36535 0)
(-0.486083 -4.46564 0)
(2.20744 -5.08413 0)
(11.7962 4.3679 0)
(11.6791 4.81705 0)
(11.4542 5.2137 0)
(11.2282 5.60245 0)
(10.9874 6.0561 0)
(10.6234 6.32799 0)
(10.4252 6.65471 0)
(9.93367 6.91719 0)
(9.60848 6.88749 0)
(9.34422 6.63153 0)
(8.85223 6.02258 0)
(8.7505 5.31605 0)
(8.06117 4.91532 0)
(7.97886 4.10284 0)
(7.26678 3.64762 0)
(6.76324 2.07121 0)
(6.38546 0.88881 0)
(5.402 -0.140946 0)
(4.09972 -1.85204 0)
(3.11832 -0.442286 0)
(12.2845 4.51472 0)
(12.0353 4.9907 0)
(11.9553 5.45599 0)
(11.5731 5.88748 0)
(11.4313 6.2918 0)
(10.9979 6.70557 0)
(10.7088 6.90818 0)
(10.3686 7.242 0)
(9.68528 7.55067 0)
(9.04883 7.88081 0)
(7.77765 7.87744 0)
(6.53672 7.16524 0)
(4.76483 5.88609 0)
(3.78075 3.89925 0)
(2.81737 2.37927 0)
(2.78155 0.82252 0)
(1.42862 -0.390115 0)
(1.55381 -2.60208 0)
(0.00313446 -2.55603 0)
(1.04249 0.352739 0)
(12.761 4.68743 0)
(12.5239 5.15895 0)
(12.4127 5.72021 0)
(12.0551 6.21539 0)
(11.7632 6.63301 0)
(11.4332 7.09036 0)
(11.0143 7.33843 0)
(10.8508 7.32919 0)
(10.7312 7.157 0)
(10.9057 7.05175 0)
(10.9771 7.16765 0)
(10.6427 7.14879 0)
(9.28352 6.72824 0)
(7.59921 5.30371 0)
(5.57981 3.62686 0)
(4.11858 2.00885 0)
(2.74013 1.44945 0)
(2.52291 0.448392 0)
(0.909571 -0.230706 0)
(0.740027 0.843595 0)
(13.2653 4.8118 0)
(13.1506 5.4009 0)
(12.8565 5.91683 0)
(12.6524 6.55428 0)
(12.098 6.98019 0)
(11.733 7.43394 0)
(11.0011 8.0456 0)
(10.2792 8.74933 0)
(8.97575 9.07647 0)
(7.73473 8.92521 0)
(7.13112 8.5592 0)
(8.02991 8.31646 0)
(8.36926 8.3296 0)
(8.42436 7.72662 0)
(7.12084 6.20613 0)
(5.59983 4.47938 0)
(3.33266 2.68669 0)
(2.42185 -0.428535 0)
(1.28191 -0.86194 0)
(0.901029 1.63924 0)
(13.7697 4.85978 0)
(13.9311 5.68618 0)
(13.3813 6.44111 0)
(13.2687 6.93609 0)
(12.6937 7.49221 0)
(12.4417 7.59159 0)
(12.1023 7.45001 0)
(12.3603 7.56323 0)
(12.4432 8.18928 0)
(11.9328 8.45345 0)
(9.98246 8.05686 0)
(8.62494 7.48239 0)
(7.71098 7.39026 0)
(7.95998 7.59896 0)
(7.36584 7.0151 0)
(6.41517 5.6318 0)
(4.42556 3.86941 0)
(3.602 1.86857 0)
(1.35258 1.37688 0)
(0.694207 2.89321 0)
(14.5912 5.07019 0)
(14.6464 5.66586 0)
(14.1327 6.7145 0)
(13.6962 7.60702 0)
(12.6899 8.42936 0)
(11.8971 9.37483 0)
(10.2069 10.1037 0)
(8.6346 9.83407 0)
(8.17152 9.5657 0)
(9.62501 10.2033 0)
(9.66233 10.2169 0)
(9.03085 9.25636 0)
(7.51319 8.19137 0)
(7.21349 7.76446 0)
(6.7389 7.36309 0)
(6.23235 6.78247 0)
(4.70795 5.57951 0)
(3.80832 3.34345 0)
(1.51944 2.41303 0)
(0.920701 3.79843 0)
(15.5718 5.24785 0)
(15.759 6.51068 0)
(15.0471 7.12896 0)
(14.8473 7.38604 0)
(14.4357 7.7317 0)
(14.6945 8.03983 0)
(14.58 8.90891 0)
(13.5731 9.71617 0)
(10.6978 9.17738 0)
(9.25444 8.80849 0)
(9.04054 9.88343 0)
(9.11553 10.1604 0)
(7.65603 9.30523 0)
(6.74655 8.56958 0)
(6.00694 7.90046 0)
(5.69574 7.29322 0)
(4.3719 6.42879 0)
(3.68064 4.33587 0)
(1.4971 4.0153 0)
(1.34215 5.2208 0)
(17.4389 5.41096 0)
(16.949 7.20048 0)
(15.6927 9.09211 0)
(13.7188 9.99233 0)
(11.346 10.2911 0)
(10.2614 10.5158 0)
(10.4856 10.769 0)
(12.1551 11.6086 0)
(11.5351 11.6997 0)
(9.67504 10.4755 0)
(8.24627 10.0268 0)
(8.6036 10.6217 0)
(7.70437 10.3287 0)
(6.67517 9.42151 0)
(5.46384 8.81537 0)
(5.10441 8.4221 0)
(3.76145 7.48525 0)
(3.33031 5.71286 0)
(0.947645 4.95532 0)
(1.6901 6.48348 0)
(17.1213 4.08371 0)
(19.4164 7.01835 0)
(19.1978 8.1914 0)
(18.8806 9.0989 0)
(17.9997 10.3762 0)
(15.0424 10.5084 0)
(11.5056 10.1282 0)
(10.6348 10.9823 0)
(10.9072 12.2367 0)
(10.2827 11.9152 0)
(8.39883 11.0874 0)
(8.10012 11.0092 0)
(7.53245 11.2354 0)
(6.77407 10.647 0)
(5.42531 9.57725 0)
(4.63284 9.11238 0)
(3.31021 8.33742 0)
(2.70877 6.75415 0)
(0.432188 6.06759 0)
(1.2613 7.84694 0)
(7.02731 2.81381 0)
(9.11171 6.45148 0)
(12.0404 9.07638 0)
(13.9673 10.3419 0)
(16.5174 11.9035 0)
(18.0119 13.8553 0)
(14.7306 13.1898 0)
(10.9808 11.6394 0)
(9.97054 12.4046 0)
(9.78177 12.7972 0)
(8.14758 12.0774 0)
(7.33946 11.6578 0)
(6.73679 11.6879 0)
(6.28178 11.4895 0)
(5.1752 10.966 0)
(4.52656 10.3654 0)
(2.98686 9.46474 0)
(2.2572 8.05399 0)
(0.0804261 6.83777 0)
(0.391994 8.11455 0)
(-2.76953 -7.33109 0)
(1.77268 2.16214 0)
(3.67237 3.43743 0)
(8.4791 7.0778 0)
(11.6529 10.1618 0)
(15.2523 13.7078 0)
(16.1454 15.8357 0)
(12.6484 14.6205 0)
(9.73906 13.5124 0)
(9.54366 13.8151 0)
(8.30706 13.335 0)
(7.14836 12.5528 0)
(6.21052 12.5671 0)
(5.71843 12.2933 0)
(4.65172 11.6578 0)
(3.94972 11.3749 0)
(2.68488 10.7095 0)
(1.87747 9.38009 0)
(-0.159365 8.06501 0)
(-0.137271 8.25386 0)
(-0.59884 1.42432 0)
(-0.118808 0.66966 0)
(2.69427 0.173859 0)
(4.66405 1.59171 0)
(8.23383 5.60756 0)
(12.592 11.8104 0)
(14.3895 16.015 0)
(12.9041 16.3641 0)
(9.89545 15.014 0)
(8.95529 14.6541 0)
(8.24229 14.4617 0)
(7.09587 13.5244 0)
(5.93598 12.9952 0)
(5.33396 13.053 0)
(4.45581 12.8959 0)
(3.90689 12.4934 0)
(2.50448 11.7875 0)
(1.47004 10.6483 0)
(-0.160519 8.89447 0)
(-0.225316 7.96494 0)
(-1.35511 -5.30424 0)
(2.59529 -1.92092 0)
(2.47753 -2.71565 0)
(5.73924 0.186489 0)
(6.73696 2.83593 0)
(8.62261 7.8578 0)
(12.8778 15.6694 0)
(12.0907 18.0256 0)
(9.00619 16.7004 0)
(7.89468 15.7121 0)
(7.56808 15.5127 0)
(6.87914 14.8913 0)
(5.78415 14.2721 0)
(5.09813 13.6305 0)
(4.10951 13.2359 0)
(3.52821 13.2504 0)
(2.37245 12.8844 0)
(1.56948 11.7808 0)
(0.0951669 10.0294 0)
(-0.160939 7.94634 0)
(-0.884873 -0.713257 0)
(-1.066 -3.79991 0)
(1.01674 -3.35433 0)
(1.65396 -2.43549 0)
(4.54861 1.62404 0)
(6.36984 6.54247 0)
(9.57263 13.7121 0)
(10.8012 18.2344 0)
(8.71707 18.0579 0)
(6.88318 16.5527 0)
(6.49412 16.0011 0)
(6.18611 15.4006 0)
(5.44856 14.8924 0)
(4.82278 14.8003 0)
(4.02466 14.5158 0)
(3.66613 14.1883 0)
(2.63836 13.7257 0)
(1.71021 12.8229 0)
(0.385008 10.7775 0)
(0.151201 7.95408 0)
(-0.294592 -1.92093 0)
(-1.71513 -3.14026 0)
(-2.70139 -4.71567 0)
(-1.373 -3.40192 0)
(1.51985 -0.592359 0)
(2.49392 4.46754 0)
(5.36292 12.7887 0)
(8.17814 18.705 0)
(7.10104 19.0888 0)
(5.98131 17.6009 0)
(5.50112 16.6039 0)
(5.24279 16.0808 0)
(4.82575 15.5668 0)
(4.44645 14.8898 0)
(3.66882 14.6769 0)
(3.29032 14.8849 0)
(2.46675 14.6716 0)
(1.76822 13.7163 0)
(0.721561 11.6202 0)
(0.128655 8.42508 0)
(-1.2514 0.840171 0)
(-3.12531 -2.41259 0)
(-4.07165 -4.85885 0)
(-4.33246 -5.29615 0)
(-2.2593 -2.34787 0)
(-1.58402 0.852689 0)
(3.6605 12.2856 0)
(4.18895 17.2072 0)
(5.61947 19.6687 0)
(5.22332 18.5953 0)
(4.95855 17.3042 0)
(4.68944 16.3135 0)
(4.29608 15.9226 0)
(3.9707 15.8791 0)
(3.41134 15.5814 0)
(3.29807 15.4805 0)
(2.73458 15.3087 0)
(2.04367 14.5466 0)
(0.854762 12.4884 0)
(0.510185 8.67716 0)
(-0.714709 2.38194 0)
(-2.28847 -0.421727 0)
(-4.35215 -3.31252 0)
(-5.39308 -4.9584 0)
(-5.11586 -4.89413 0)
(-4.43488 -1.66129 0)
(1.60632 10.0987 0)
(0.625528 15.4291 0)
(2.62006 17.9341 0)
(3.6502 18.0597 0)
(4.54006 17.597 0)
(4.59849 17.0584 0)
(4.16534 16.2692 0)
(3.82173 15.4917 0)
(3.26111 15.3957 0)
(3.0452 15.8546 0)
(2.53475 15.9308 0)
(1.92917 15.2826 0)
(1.16845 13.2659 0)
(0.401967 9.82076 0)
(-0.546144 3.84383 0)
(-2.02869 1.3155 0)
(-3.88658 -1.65447 0)
(-5.28931 -4.00531 0)
(-6.90494 -4.87366 0)
(-6.96822 -2.88059 0)
(-3.49189 6.11416 0)
(0.86471 15.8168 0)
(0.372672 16.23 0)
(1.8848 16.7043 0)
(3.29614 16.7821 0)
(4.29169 16.8973 0)
(4.20956 16.9472 0)
(3.83275 16.8257 0)
(3.11666 16.2304 0)
(2.92081 16.1673 0)
(2.67353 16.3964 0)
(2.28117 15.972 0)
(1.21218 14.1109 0)
(0.382601 10.0044 0)
(-0.56803 4.81994 0)
(-1.75892 2.55681 0)
(-3.40276 0.0647856 0)
(-4.36501 -2.2067 0)
(-5.84487 -3.86304 0)
(-7.22151 -3.81564 0)
(-6.64618 1.26833 0)
(0.187311 13.1353 0)
(1.27538 16.245 0)
(1.30988 15.4883 0)
(2.32972 15.552 0)
(3.43022 16.2119 0)
(4.01495 16.6572 0)
(3.99538 16.4186 0)
(3.42873 16.3562 0)
(3.03096 16.6674 0)
(2.61694 16.9004 0)
(1.98722 16.6796 0)
(1.33631 14.9535 0)
(0.682648 11.4894 0)
(-0.418996 5.88118 0)
(-0.932874 3.65164 0)
(-2.59958 1.04149 0)
(-3.44635 -1.42611 0)
(-4.15701 -2.64585 0)
(-5.14478 -2.74499 0)
(-6.07715 -0.320265 0)
(-3.61639 6.39455 0)
(1.77223 13.6436 0)
(3.33868 15.7604 0)
(3.10605 15.1138 0)
(3.26727 15.1242 0)
(3.7343 16.5518 0)
(4.05206 17.509 0)
(3.43316 17.0503 0)
(2.86238 16.8631 0)
(2.57547 17.2888 0)
(2.36305 17.2395 0)
(1.46442 15.7905 0)
(0.253508 11.9559 0)
(0.188968 6.35057 0)
(0.384056 5.01125 0)
(-0.465191 2.58431 0)
(-1.22125 -0.350326 0)
(-1.73088 -1.83807 0)
(-2.14507 -2.21217 0)
(-2.84919 0.328467 0)
(-3.17188 3.26279 0)
(0.130023 8.64027 0)
(4.05478 14.1686 0)
(4.80678 15.6229 0)
(4.36396 15.2803 0)
(3.99476 15.498 0)
(4.15283 16.565 0)
(3.86182 17.2946 0)
(3.33264 17.5301 0)
(2.83075 17.7625 0)
(2.11679 17.9621 0)
(1.39659 16.6608 0)
(0.715316 13.0042 0)
(0.149683 5.58998 0)
(1.15719 4.57825 0)
(0.790729 3.223 0)
(1.08539 0.115331 0)
(1.28503 -1.38673 0)
(1.14623 -1.62579 0)
(0.521847 0.661508 0)
(0.287379 3.25039 0)
(0.616814 6.39781 0)
(2.58402 10.0892 0)
(5.69154 15.205 0)
(5.87306 16.1995 0)
(4.93147 16.5315 0)
(4.60859 17.4515 0)
(4.04087 17.7236 0)
(3.23437 17.7924 0)
(2.67163 18.2621 0)
(2.39014 18.4509 0)
(1.60427 17.4602 0)
(0.340364 14.1484 0)
(0.448329 5.03151 0)
(0.466353 3.99148 0)
(1.23446 2.5107 0)
(2.87024 -0.247441 0)
(3.46593 -1.76609 0)
(3.83016 -1.37321 0)
(3.20726 0.617807 0)
(3.2177 3.30997 0)
(3.2218 6.15805 0)
(3.01191 8.05017 0)
(5.22707 13.0164 0)
(6.75525 16.3808 0)
(6.07035 16.8039 0)
(5.09161 17.3593 0)
(4.47935 18.3566 0)
(3.77138 18.6692 0)
(3.14783 18.8623 0)
(2.39019 19.3378 0)
(1.5258 18.5115 0)
(0.574047 14.6715 0)
(0.325073 4.3351 0)
(-0.00313436 3.58886 0)
(2.29497 0.330881 0)
(4.42975 -1.56182 0)
(4.87919 -2.39855 0)
(5.47807 -1.2047 0)
(4.96968 0.608334 0)
(4.94582 3.56878 0)
(5.05454 6.17571 0)
(4.9522 8.28324 0)
(4.81207 11.0145 0)
(6.95447 15.9435 0)
(7.11435 18.2355 0)
(6.10472 18.7888 0)
(4.95786 18.9987 0)
(3.83885 19.2609 0)
(2.91614 19.6729 0)
(2.39534 19.9052 0)
(1.63955 19.2402 0)
(0.529433 16.2946 0)
(-0.991472 4.66982 0)
(1.5614 1.12509 0)
(3.40252 -1.9909 0)
(5.19577 -2.88509 0)
(5.66637 -2.79225 0)
(6.30899 -1.03686 0)
(6.05326 0.795321 0)
(6.0782 3.6179 0)
(5.88077 6.08339 0)
(6.61191 8.69417 0)
(5.51935 10.5004 0)
(6.66161 14.9361 0)
(7.39428 18.1067 0)
(6.50609 19.481 0)
(5.31012 20.2274 0)
(4.19491 20.2973 0)
(3.39273 20.3681 0)
(2.6157 20.9579 0)
(1.61885 20.5382 0)
(0.368149 16.6595 0)
(0.302253 4.42348 0)
(2.52072 -0.938205 0)
(4.11327 -3.17103 0)
(5.61858 -3.54938 0)
(6.25598 -3.06195 0)
(7.04392 -1.154 0)
(6.97757 0.812332 0)
(7.23159 3.43145 0)
(6.87889 5.76446 0)
(7.66124 8.91405 0)
(6.84318 10.591 0)
(6.71945 14.4331 0)
(7.69576 18.9045 0)
(7.20139 20.7096 0)
(5.80963 21.1243 0)
(4.37006 21.3324 0)
(3.15011 21.5134 0)
(2.36615 21.6099 0)
(1.57082 21.1282 0)
(0.660141 18.2643 0)
(1.05692 1.97241 0)
(2.94159 -3.21004 0)
(4.68565 -5.23387 0)
(6.17523 -5.22511 0)
(6.97791 -4.1529 0)
(7.72693 -1.69764 0)
(7.65423 0.42273 0)
(7.96515 3.18163 0)
(7.77948 5.50412 0)
(8.37662 8.83943 0)
(7.88485 11.1496 0)
(6.87032 13.7802 0)
(7.42138 18.3883 0)
(7.10354 21.5657 0)
(5.78339 22.6307 0)
(4.36804 22.4591 0)
(3.39301 22.2931 0)
(2.61672 22.7968 0)
(1.59122 22.6116 0)
(0.193181 18.8084 0)
(1.10908 0.0859542 0)
(3.29505 -4.80672 0)
(5.16988 -6.33315 0)
(6.57744 -6.08792 0)
(7.46739 -4.43846 0)
(8.14138 -1.78516 0)
(8.18604 0.516684 0)
(8.41089 2.98469 0)
(8.46452 5.5563 0)
(8.71955 8.899 0)
(8.62693 11.8014 0)
(7.34332 14.5968 0)
(7.51908 19.1173 0)
(7.24158 22.3434 0)
(5.9344 23.5694 0)
(4.42626 23.8084 0)
(3.11113 23.655 0)
(2.18085 23.4973 0)
(1.35613 23.064 0)
(0.64152 20.0156 0)
(1.39918 -2.66674 0)
(3.53438 -7.34506 0)
(5.38054 -8.34317 0)
(6.67157 -7.46074 0)
(7.43766 -5.34858 0)
(8.17252 -2.38053 0)
(8.31358 0.0131182 0)
(8.60972 2.70779 0)
(8.87576 5.35357 0)
(8.90125 8.94697 0)
(8.65855 12.2995 0)
(7.22686 14.6902 0)
(6.96961 19.1057 0)
(6.72612 23.3143 0)
(5.43195 24.9833 0)
(3.93946 24.8139 0)
(2.93461 24.4479 0)
(2.25322 24.6894 0)
(1.36641 24.5557 0)
(0.0652528 20.8483 0)
(1.23253 -5.04465 0)
(3.53808 -9.26812 0)
(5.36872 -9.76889 0)
(6.56139 -8.36891 0)
(7.30119 -5.73486 0)
(7.87817 -2.67038 0)
(8.04736 -0.347419 0)
(8.41245 2.40537 0)
(8.70762 5.5635 0)
(8.69584 9.14803 0)
(8.54844 13.1175 0)
(7.13634 16.2196 0)
(6.61042 20.2299 0)
(6.17773 23.9682 0)
(5.02175 25.7999 0)
(3.72975 26.1283 0)
(2.58741 25.713 0)
(1.6868 25.3422 0)
(0.960469 24.8492 0)
(0.449946 21.411 0)
(1.5078 -7.72202 0)
(3.38762 -11.2772 0)
(4.95681 -11.024 0)
(5.94243 -9.24142 0)
(6.79242 -6.1932 0)
(7.31623 -3.26212 0)
(7.53894 -0.729407 0)
(7.94813 1.93025 0)
(8.14012 5.49561 0)
(7.93565 9.55769 0)
(7.55063 13.4332 0)
(6.2599 16.5003 0)
(5.59712 20.854 0)
(5.15965 25.1952 0)
(3.98509 27.1044 0)
(2.75111 26.9373 0)
(1.95705 26.3506 0)
(1.49267 26.2749 0)
(0.892534 26.0711 0)
(-0.0449302 22.3486 0)
(1.08742 -10.0351 0)
(2.99746 -13.286 0)
(4.40504 -12.4427 0)
(5.22229 -9.98758 0)
(5.79235 -6.73657 0)
(6.37831 -3.68518 0)
(6.54589 -1.32379 0)
(7.00365 2.00188 0)
(7.05616 5.82313 0)
(6.90443 10.1723 0)
(6.44915 14.6289 0)
(5.18242 18.0962 0)
(4.48713 21.9811 0)
(3.87435 25.7368 0)
(2.95771 27.7002 0)
(2.14252 27.9475 0)
(1.45925 27.3355 0)
(0.849822 26.7888 0)
(0.383672 26.1554 0)
(0.0942736 22.1588 0)
(1.20131 -12.0841 0)
(2.58804 -14.3859 0)
(3.67551 -13.1632 0)
(4.43245 -10.3488 0)
(4.86358 -6.96203 0)
(5.27562 -4.14935 0)
(5.36545 -1.74787 0)
(5.66073 1.74749 0)
(5.4213 6.13616 0)
(5.08871 10.7061 0)
(4.62009 14.8306 0)
(3.58005 18.4545 0)
(2.97837 22.8898 0)
(2.43523 26.9663 0)
(1.53279 28.6824 0)
(0.844051 28.4061 0)
(0.468452 27.6242 0)
(0.318811 27.2752 0)
(0.157275 26.863 0)
(-0.194602 22.9644 0)
(0.745225 -13.8563 0)
(2.03329 -16.0171 0)
(2.77948 -14.0588 0)
(3.21631 -10.9382 0)
(3.64531 -7.26309 0)
(3.84158 -4.51113 0)
(3.91951 -1.72411 0)
(3.99655 2.06008 0)
(3.66214 6.67984 0)
(3.22579 11.4694 0)
(2.7338 15.9253 0)
(1.81633 19.7578 0)
(1.17286 23.7295 0)
(0.534052 27.1533 0)
(0.11185 28.8502 0)
(0.00191562 28.8593 0)
(-0.111485 28.037 0)
(-0.286188 27.4755 0)
(-0.345675 26.7234 0)
(-0.356014 22.0956 0)
(0.730595 -15.0481 0)
(1.50532 -16.4916 0)
(2.08614 -14.3186 0)
(2.27912 -10.8522 0)
(2.39656 -7.41703 0)
(2.41431 -4.74276 0)
(2.17236 -1.96785 0)
(2.08007 2.50213 0)
(1.51323 7.11893 0)
(1.06489 11.8222 0)
(0.621096 15.9928 0)
(-0.0562219 20.0234 0)
(-0.597774 24.5399 0)
(-1.01377 28.219 0)
(-1.32261 29.5149 0)
(-1.41621 28.8439 0)
(-1.30408 27.8681 0)
(-1.01044 27.3681 0)
(-0.681059 26.7095 0)
(-0.355433 22.3945 0)
(0.449096 -16.1659 0)
(1.00396 -17.3179 0)
(1.18452 -14.715 0)
(1.20711 -10.9757 0)
(1.08492 -7.19922 0)
(0.931987 -4.49207 0)
(0.451628 -1.55382 0)
(0.182703 2.8963 0)
(-0.438667 7.78273 0)
(-0.873809 12.5233 0)
(-1.4105 16.9718 0)
(-2.03495 21.0378 0)
(-2.53842 24.9564 0)
(-2.95171 27.8687 0)
(-2.87127 28.8801 0)
(-2.40201 28.4811 0)
(-1.86059 27.6951 0)
(-1.44753 27.2715 0)
(-1.0537 26.3612 0)
(-0.823564 20.9679 0)
(0.236098 -16.5661 0)
(0.48955 -17.4126 0)
(0.437388 -14.4596 0)
(0.213649 -10.6875 0)
(-0.154826 -7.02178 0)
(-0.683059 -4.22667 0)
(-1.41816 -1.08343 0)
(-1.85422 3.47825 0)
(-2.45873 8.34723 0)
(-2.93465 12.9323 0)
(-3.52745 17.1537 0)
(-4.03858 21.3072 0)
(-4.30605 25.484 0)
(-4.29046 28.2988 0)
(-3.9672 28.7687 0)
(-3.45 27.9074 0)
(-2.83992 27.1496 0)
(-2.23616 26.6801 0)
(-1.5354 25.5509 0)
(-0.57129 20.5231 0)
(0.214627 -16.9422 0)
(0.0800243 -17.4325 0)
(-0.142667 -14.3016 0)
(-0.668501 -10.0954 0)
(-1.16721 -6.29438 0)
(-2.02045 -3.64561 0)
(-3.16856 -0.575041 0)
(-3.71329 4.25912 0)
(-4.43002 8.98586 0)
(-4.8292 13.6668 0)
(-5.41848 18.0859 0)
(-5.82387 22.2016 0)
(-6.02334 25.5194 0)
(-5.95553 27.257 0)
(-5.24288 27.3941 0)
(-4.17952 26.9792 0)
(-3.2172 26.4468 0)
(-2.46639 26.1552 0)
(-1.68294 25.0186 0)
(-1.18462 18.8644 0)
(-0.0945571 -16.8689 0)
(-0.268305 -17.1638 0)
(-0.823303 -13.8425 0)
(-1.40945 -9.57876 0)
(-2.27539 -5.45123 0)
(-3.34938 -2.53408 0)
(-4.71802 0.509384 0)
(-5.38605 4.89965 0)
(-6.20971 9.71209 0)
(-6.76813 14.2079 0)
(-7.35782 18.2686 0)
(-7.5801 22.0836 0)
(-7.46775 25.2902 0)
(-6.78525 26.9302 0)
(-5.63035 26.8336 0)
(-4.60377 26.1746 0)
(-3.84442 25.7276 0)
(-3.13104 25.3519 0)
(-2.18112 23.5569 0)
(-0.787434 17.4926 0)
(-0.082686 -16.6242 0)
(-0.688032 -16.6638 0)
(-1.28476 -12.9776 0)
(-1.98413 -8.51436 0)
(-2.89698 -4.50715 0)
(-4.24639 -1.74411 0)
(-5.91148 1.32199 0)
(-6.93844 5.92798 0)
(-7.81103 10.3869 0)
(-8.27835 14.7692 0)
(-8.6471 18.9077 0)
(-8.6226 22.5356 0)
(-8.31038 24.7938 0)
(-7.5173 25.3652 0)
(-6.26072 25.1706 0)
(-5.1119 25.0388 0)
(-4.17828 24.7541 0)
(-3.21009 24.4447 0)
(-2.1076 22.9138 0)
(-1.3124 15.9861 0)
(-0.161631 -16.2272 0)
(-0.680969 -16.0613 0)
(-1.4787 -12.498 0)
(-2.39234 -7.65665 0)
(-3.45322 -3.05089 0)
(-4.948 0.139162 0)
(-6.77594 2.85091 0)
(-7.86333 6.95868 0)
(-8.87145 11.1373 0)
(-9.3915 15.2604 0)
(-9.7265 18.7635 0)
(-9.52663 21.6209 0)
(-8.91722 23.5238 0)
(-7.52111 24.3063 0)
(-6.03696 24.3309 0)
(-5.08716 24.0261 0)
(-4.31063 24.0381 0)
(-3.4944 23.8011 0)
(-2.475 21.1535 0)
(-0.984904 13.7599 0)
(-0.28429 -15.7481 0)
(-0.985603 -15.4025 0)
(-1.79368 -11.3636 0)
(-2.60587 -6.59587 0)
(-3.67707 -1.98044 0)
(-5.16554 1.18908 0)
(-7.06754 3.99101 0)
(-8.37409 7.8352 0)
(-9.41513 11.8605 0)
(-9.90548 15.613 0)
(-9.93806 18.9195 0)
(-9.3782 21.5825 0)
(-8.4867 22.7979 0)
(-7.2032 22.8511 0)
(-6.14044 22.8631 0)
(-5.30015 23.136 0)
(-4.46975 23.1734 0)
(-3.57734 22.4804 0)
(-2.34469 20.2862 0)
(-1.04833 12.7341 0)
(-0.219133 -15.0337 0)
(-0.933308 -14.4931 0)
(-1.75697 -10.6684 0)
(-2.62021 -5.52818 0)
(-3.70281 -0.417744 0)
(-5.20896 3.28284 0)
(-7.08295 5.68534 0)
(-8.40923 9.20485 0)
(-9.33136 12.6543 0)
(-9.71223 15.9328 0)
(-9.6966 18.5455 0)
(-9.12974 20.1909 0)
(-8.26812 21.0313 0)
(-6.91271 21.7168 0)
(-5.82226 22.1033 0)
(-5.01297 22.094 0)
(-4.22092 22.3183 0)
(-3.36356 22.0542 0)
(-2.29077 18.6814 0)
(-1.07528 10.0346 0)
(-0.268141 -14.6797 0)
(-0.937491 -14.0474 0)
(-1.7899 -9.84858 0)
(-2.56848 -4.64498 0)
(-3.53603 0.569847 0)
(-4.80799 4.46438 0)
(-6.57248 6.92593 0)
(-7.85054 9.98172 0)
(-8.7893 13.2436 0)
(-9.19786 16.0528 0)
(-9.02076 18.2706 0)
(-8.22183 19.8829 0)
(-7.25023 20.6788 0)
(-6.21416 20.8879 0)
(-5.59322 21.0732 0)
(-4.79722 21.6538 0)
(-4.1291 21.8081 0)
(-3.5063 20.5834 0)
(-2.29225 17.5374 0)
(-0.450587 9.41828 0)
(-0.277394 -13.8083 0)
(-0.968356 -12.995 0)
(-1.68594 -8.98424 0)
(-2.40328 -3.7296 0)
(-3.23447 1.72357 0)
(-4.3427 5.98441 0)
(-5.97927 8.57558 0)
(-7.28177 11.2672 0)
(-8.04861 13.9842 0)
(-8.23048 16.2393 0)
(-8.03929 17.9444 0)
(-7.40119 18.6278 0)
(-6.82263 19.1336 0)
(-5.93011 19.929 0)
(-5.27358 20.5475 0)
(-4.53822 20.6185 0)
(-3.8622 20.5596 0)
(-2.8385 20.0654 0)
(-1.75481 16.43 0)
(-0.935371 7.2768 0)
(-0.218254 -13.447 0)
(-0.867763 -12.6587 0)
(-1.56966 -8.42546 0)
(-2.24391 -3.07819 0)
(-2.98702 2.52105 0)
(-3.85019 7.3457 0)
(-5.27061 9.73008 0)
(-6.35471 11.9404 0)
(-7.01143 14.3929 0)
(-7.28164 16.2388 0)
(-7.18428 17.5161 0)
(-6.54486 18.3293 0)
(-5.94939 19.2295 0)
(-5.28383 19.5045 0)
(-4.92432 19.639 0)
(-4.05838 20.2254 0)
(-3.40164 20.4544 0)
(-2.90119 18.9036 0)
(-1.80159 15.1101 0)
(-0.0363738 6.37226 0)
(-0.264109 -12.7044 0)
(-0.907253 -11.6717 0)
(-1.50538 -7.56735 0)
(-2.07199 -2.3039 0)
(-2.72998 3.37115 0)
(-3.33037 8.09652 0)
(-4.48553 10.9666 0)
(-5.56611 12.9735 0)
(-6.254 14.9918 0)
(-6.35832 16.3549 0)
(-6.20085 17.4091 0)
(-5.79814 17.5932 0)
(-5.57459 18.073 0)
(-4.9416 18.7198 0)
(-4.43899 19.4565 0)
(-3.84902 19.5063 0)
(-3.34333 18.9847 0)
(-2.24085 17.8967 0)
(-1.33865 14.2733 0)
(-0.449643 5.83609 0)
(-0.162767 -12.318 0)
(-0.792458 -11.3738 0)
(-1.3973 -7.16908 0)
(-1.91404 -1.81458 0)
(-2.48967 3.90001 0)
(-3.0175 9.16697 0)
(-3.9103 12.0233 0)
(-4.83837 13.5173 0)
(-5.31491 15.227 0)
(-5.45979 16.3779 0)
(-5.46711 17.0601 0)
(-5.19303 17.4383 0)
(-4.85059 18.3443 0)
(-4.45375 18.5218 0)
(-4.25191 18.4436 0)
(-3.50249 18.7277 0)
(-2.7611 18.9259 0)
(-2.11412 17.2668 0)
(-1.0331 13.2164 0)
(-0.517959 4.18866 0)
(-0.20297 -11.7285 0)
(-0.792575 -10.5423 0)
(-1.38011 -6.48187 0)
(-1.85069 -1.16726 0)
(-2.39171 4.35736 0)
(-2.74273 9.69817 0)
(-3.38823 12.85 0)
(-4.24406 14.3394 0)
(-4.78978 15.7305 0)
(-4.91198 16.4365 0)
(-4.79444 17.0747 0)
(-4.68743 17.1318 0)
(-4.67929 17.4111 0)
(-4.20306 17.7767 0)
(-3.68999 18.4773 0)
(-3.116 18.5626 0)
(-2.75075 17.6947 0)
(-2.01799 16.2254 0)
(-1.35348 12.3355 0)
(0.170038 4.39938 0)
(-0.168485 -11.3015 0)
(-0.756632 -10.1473 0)
(-1.35868 -6.09454 0)
(-1.82232 -0.761071 0)
(-2.36681 5.02227 0)
(-2.67543 10.2398 0)
(-3.11092 13.5843 0)
(-3.84813 14.7633 0)
(-4.20187 15.8443 0)
(-4.29574 16.4984 0)
(-4.3189 16.8424 0)
(-4.2356 17.1142 0)
(-3.96879 17.7715 0)
(-3.65421 17.8822 0)
(-3.57997 17.5597 0)
(-3.14185 17.4367 0)
(-2.5434 17.4546 0)
(-1.60033 15.4034 0)
(-0.825773 11.6262 0)
(-1.30814 3.46779 0)
(-0.221937 -10.805 0)
(-0.801261 -9.39064 0)
(-1.43493 -5.38016 0)
(-1.89777 -0.233794 0)
(-2.3877 5.27181 0)
(-2.69424 10.6745 0)
(-2.93304 14.0914 0)
(-3.51098 15.3968 0)
(-3.93151 16.3186 0)
(-4.05957 16.5351 0)
(-3.9446 16.8865 0)
(-3.86334 17.0335 0)
(-4.0263 16.9964 0)
(-3.7235 17.0573 0)
(-3.32613 17.4664 0)
(-2.62522 17.5393 0)
(-2.2483 16.4707 0)
(-2.11402 15.4302 0)
(-1.31501 11.065 0)
(-1.35122 1.76145 0)
(-0.235827 -10.3037 0)
(-0.856572 -8.93631 0)
(-1.50693 -4.89973 0)
(-1.98633 0.245927 0)
(-2.52939 5.66703 0)
(-2.72728 11.0112 0)
(-2.91761 14.5375 0)
(-3.44865 15.6952 0)
(-3.70419 16.2945 0)
(-3.7155 16.5514 0)
(-3.7929 16.6444 0)
(-3.70782 16.9354 0)
(-3.48471 17.2908 0)
(-3.07791 17.4341 0)
(-2.98463 16.9853 0)
(-2.67668 16.4984 0)
(-2.23843 16.4525 0)
(-1.56828 14.0625 0)
(-1.81678 10.2541 0)
(-0.220487 0.166881 0)
(-0.289916 -9.71106 0)
(-1.00126 -8.21572 0)
(-1.66724 -4.2966 0)
(-2.16577 0.853059 0)
(-2.7352 6.3116 0)
(-2.96713 11.3552 0)
(-3.05445 14.7645 0)
(-3.33723 16.0621 0)
(-3.60436 16.6978 0)
(-3.70185 16.5927 0)
(-3.61565 16.7099 0)
(-3.35082 16.9852 0)
(-3.50402 16.8313 0)
(-3.29198 16.7113 0)
(-3.07904 16.6964 0)
(-2.47536 16.686 0)
(-2.13378 15.2598 0)
(-1.19345 13.9834 0)
(-0.633601 10.6361 0)
(0.830762 -0.182201 0)
(-0.295538 -9.05519 0)
(-1.11512 -7.60739 0)
(-1.75444 -3.7888 0)
(-2.29123 1.16632 0)
(-2.86673 6.44617 0)
(-3.1156 11.5749 0)
(-3.15087 15.042 0)
(-3.4539 16.2289 0)
(-3.58586 16.5335 0)
(-3.49219 16.4932 0)
(-3.61252 16.4056 0)
(-3.49841 16.6728 0)
(-3.31863 16.7673 0)
(-2.87108 16.8755 0)
(-2.79409 16.477 0)
(-2.39953 15.6626 0)
(-1.36139 15.3625 0)
(-0.935301 13.8161 0)
(-0.749202 10.3461 0)
(2.61297 0.386098 0)
(-0.27815 -8.33569 0)
(-1.14364 -6.76713 0)
(-1.93963 -2.89618 0)
(-2.4545 2.02867 0)
(-3.07347 7.03082 0)
(-3.29312 11.8537 0)
(-3.37946 15.0581 0)
(-3.46136 16.3287 0)
(-3.56198 16.7986 0)
(-3.66779 16.5292 0)
(-3.59734 16.4613 0)
(-3.27405 16.7173 0)
(-3.31401 16.6948 0)
(-3.07311 16.5335 0)
(-2.72755 16.1398 0)
(-2.19222 16.1333 0)
(-2.45277 14.8831 0)
(0.319658 11.1202 0)
(-2.14869 8.42946 0)
(3.33969 1.01003 0)
(-0.309229 -7.65151 0)
(-1.14116 -6.09793 0)
(-1.97781 -2.49574 0)
(-2.54013 2.37502 0)
(-3.19174 7.37707 0)
(-3.46959 12.0182 0)
(-3.47658 15.264 0)
(-3.62251 16.4311 0)
(-3.64582 16.5814 0)
(-3.47837 16.3648 0)
(-3.58104 16.2116 0)
(-3.48967 16.4535 0)
(-3.31696 16.3816 0)
(-2.85012 16.319 0)
(-2.72869 15.8701 0)
(-2.60281 14.6282 0)
(-2.18687 13.5582 0)
(-1.2377 11.9096 0)
(-0.430616 5.64476 0)
(2.0597 1.94812 0)
(-0.370707 -6.97039 0)
(-1.26443 -5.18787 0)
(-2.05514 -1.71218 0)
(-2.61772 3.04036 0)
(-3.263 7.81472 0)
(-3.55707 12.3224 0)
(-3.6984 15.2138 0)
(-3.61939 16.3321 0)
(-3.54696 16.6999 0)
(-3.69526 16.429 0)
(-3.62958 16.3078 0)
(-3.43712 16.3379 0)
(-3.4259 16.3478 0)
(-3.43863 16.2078 0)
(-3.25364 15.4063 0)
(-2.43826 14.6977 0)
(-1.71181 12.7479 0)
(-1.938 11.627 0)
(1.51492 4.46187 0)
(0.604611 3.05181 0)
(-0.370118 -6.10847 0)
(-1.29665 -4.4243 0)
(-2.14563 -0.809352 0)
(-2.64243 3.733 0)
(-3.27666 8.23984 0)
(-3.62028 12.3872 0)
(-3.62326 15.3103 0)
(-3.6856 16.4252 0)
(-3.65856 16.536 0)
(-3.49252 16.2108 0)
(-3.63888 16.0546 0)
(-3.72584 16.2886 0)
(-3.73724 16.12 0)
(-3.34464 15.8182 0)
(-3.00635 15.2887 0)
(-2.98006 13.9428 0)
(-3.07322 13.3074 0)
(0.239011 8.34045 0)
(1.40174 3.93536 0)
(0.0247761 3.99977 0)
(-0.376867 -5.1585 0)
(-1.24581 -3.60526 0)
(-2.04691 -0.506381 0)
(-2.53752 4.17709 0)
(-3.2111 8.60944 0)
(-3.47127 12.6957 0)
(-3.70665 15.2551 0)
(-3.57783 16.2655 0)
(-3.42222 16.5447 0)
(-3.65353 16.3698 0)
(-3.64813 16.4022 0)
(-3.71925 16.2184 0)
(-3.81925 16.2262 0)
(-3.93818 16.0846 0)
(-3.92157 14.8225 0)
(-3.514 13.9279 0)
(-2.52543 11.0068 0)
(1.05811 5.75716 0)
(-0.0875889 5.30485 0)
(0.3124 4.17097 0)
(-0.314125 -4.60196 0)
(-1.21914 -2.59935 0)
(-2.05478 0.573919 0)
(-2.48321 4.80419 0)
(-3.00225 9.05636 0)
(-3.38842 12.7102 0)
(-3.37834 15.3265 0)
(-3.45139 16.3981 0)
(-3.49287 16.5826 0)
(-3.39872 16.2845 0)
(-3.58019 16.1332 0)
(-3.90898 16.4083 0)
(-4.39129 16.3133 0)
(-4.42674 15.7479 0)
(-4.33264 14.9421 0)
(-3.79433 12.3937 0)
(-1.53662 7.40059 0)
(-0.761033 6.47539 0)
(-0.482531 4.58526 0)
(-0.0150788 4.40998 0)
(-0.354972 -3.65743 0)
(-1.11385 -2.06523 0)
(-1.85993 0.827649 0)
(-2.24833 5.25369 0)
(-2.77484 9.28489 0)
(-2.9716 13.0143 0)
(-3.28726 15.3147 0)
(-3.2099 16.2884 0)
(-3.08598 16.5547 0)
(-3.41799 16.5553 0)
(-3.5518 16.8483 0)
(-3.97038 16.5554 0)
(-4.53985 16.5796 0)
(-5.02032 16.5283 0)
(-5.14043 14.3068 0)
(-3.88889 10.9196 0)
(-2.83429 7.317 0)
(-2.69229 5.48837 0)
(-1.32523 4.04779 0)
(-0.369469 3.8365 0)
(-0.281567 -2.96966 0)
(-1.0514 -1.0026 0)
(-1.80015 1.67248 0)
(-2.06335 5.60817 0)
(-2.40259 9.71946 0)
(-2.78206 13.0006 0)
(-2.74557 15.4121 0)
(-2.84276 16.469 0)
(-2.99485 16.8591 0)
(-3.09203 16.7516 0)
(-3.32751 16.6579 0)
(-3.94249 17.0855 0)
(-4.93499 17.3492 0)
(-5.55375 16.405 0)
(-5.40317 14.1359 0)
(-4.60573 9.75903 0)
(-5.23849 6.08113 0)
(-4.11114 4.93276 0)
(-2.28184 1.72465 0)
(-1.02587 2.97112 0)
(-0.255842 -2.39023 0)
(-0.845126 -0.498487 0)
(-1.53932 1.96649 0)
(-1.75021 6.00781 0)
(-2.09799 9.82075 0)
(-2.13004 13.2766 0)
(-2.45796 15.4524 0)
(-2.44536 16.4857 0)
(-2.39559 16.8183 0)
(-2.78781 17.0978 0)
(-3.13987 17.7978 0)
(-3.83237 17.7087 0)
(-4.92579 17.7793 0)
(-5.76822 17.3247 0)
(-6.13885 13.5776 0)
(-6.21135 9.34672 0)
(-6.35175 7.48255 0)
(-4.69756 2.27223 0)
(-3.70848 0.542018 0)
(-1.1743 0.383657 0)
(-0.226339 -1.81318 0)
(-0.687996 0.220231 0)
(-1.3726 2.53645 0)
(-1.46733 6.02716 0)
(-1.53979 10.1207 0)
(-1.83645 13.1863 0)
(-1.756 15.5401 0)
(-1.82834 16.6648 0)
(-1.99618 17.3489 0)
(-2.28221 17.5555 0)
(-2.61912 17.746 0)
(-3.36931 18.4821 0)
(-4.58003 19.0652 0)
(-5.64127 17.5781 0)
(-5.91265 14.5719 0)
(-6.04473 10.6423 0)
(-6.80427 4.98935 0)
(-5.25367 1.2403 0)
(-3.9293 -1.59103 0)
(-1.19705 -2.57146 0)
(-0.212189 -1.365 0)
(-0.494234 0.705492 0)
(-1.10913 2.84172 0)
(-1.09988 6.26865 0)
(-1.22471 10.0275 0)
(-1.01739 13.3555 0)
(-1.22481 15.5531 0)
(-1.24154 16.8163 0)
(-1.19787 17.2544 0)
(-1.5135 17.8891 0)
(-1.93277 19.1267 0)
(-2.56364 19.4666 0)
(-3.70471 19.6279 0)
(-4.56123 19.0248 0)
(-5.27372 14.8766 0)
(-6.14934 9.62279 0)
(-5.74828 6.54872 0)
(-4.57682 0.330374 0)
(-2.76451 -4.49797 0)
(-1.19224 -5.29491 0)
(-0.15246 -1.10936 0)
(-0.242079 1.05204 0)
(-0.798486 3.25388 0)
(-0.821209 6.00231 0)
(-0.582788 10.1416 0)
(-0.644666 13.1309 0)
(-0.376378 15.5137 0)
(-0.43747 16.8488 0)
(-0.418524 17.8511 0)
(-0.628311 18.3284 0)
(-0.923057 18.9438 0)
(-1.29368 20.0702 0)
(-2.06964 20.8354 0)
(-3.09431 19.3222 0)
(-3.51549 16.2066 0)
(-3.43028 11.9908 0)
(-4.20909 4.6525 0)
(-2.31705 -2.83186 0)
(-3.31387 -5.28764 0)
(-0.363947 -6.98512 0)
(-0.101326 -0.919894 0)
(-0.0274073 1.27912 0)
(-0.453838 3.51502 0)
(-0.400875 6.08906 0)
(-0.340331 9.79213 0)
(0.239256 13.0065 0)
(0.267033 15.425 0)
(0.435025 16.9242 0)
(0.465269 17.5207 0)
(0.512225 18.3655 0)
(0.416872 19.9971 0)
(0.209707 20.7175 0)
(-0.209173 21.0377 0)
(-0.450112 20.6918 0)
(-1.03988 16.5849 0)
(-1.86591 10.7832 0)
(-1.16969 6.20829 0)
(-1.18369 0.905926 0)
(-0.939073 -4.68422 0)
(-0.708675 -7.79276 0)
(0.0648418 -0.904554 0)
(0.149748 1.35644 0)
(-0.0192584 3.82792 0)
(-0.242944 5.6852 0)
(0.264446 9.58479 0)
(0.643115 12.5079 0)
(1.04365 15.1825 0)
(1.26775 16.6475 0)
(1.51533 17.9207 0)
(1.64572 18.4305 0)
(1.71515 19.1875 0)
(2.0659 20.7838 0)
(2.14703 21.6415 0)
(1.88473 20.4353 0)
(1.87774 17.8642 0)
(1.72073 12.9262 0)
(0.023034 4.44867 0)
(-0.279953 -3.22994 0)
(-0.946799 -8.61657 0)
(-0.8144 -10.6075 0)
(0.156905 -1.15749 0)
(0.278067 1.21873 0)
(0.349839 3.94816 0)
(0.0936705 5.80841 0)
(0.535699 8.98092 0)
(1.25226 12.004 0)
(1.75151 14.9616 0)
(2.12614 16.4894 0)
(2.27286 17.2767 0)
(2.79961 18.0971 0)
(3.30148 19.6584 0)
(3.62509 20.2779 0)
(4.13972 20.927 0)
(4.68113 21.0433 0)
(4.32719 17.2256 0)
(4.06002 12.4602 0)
(4.25476 7.18559 0)
(4.16967 1.18312 0)
(1.2954 -2.9809 0)
(1.56187 -8.43856 0)
(-0.0690659 -1.29393 0)
(0.196014 0.990862 0)
(0.678402 4.1243 0)
(0.301524 5.43772 0)
(0.963473 8.43924 0)
(1.60692 11.2408 0)
(2.27524 14.313 0)
(2.87228 15.899 0)
(3.25968 17.5338 0)
(3.71027 17.6344 0)
(4.15846 18.1418 0)
(5.13003 19.7717 0)
(5.75361 20.0529 0)
(6.44244 19.6893 0)
(7.20332 18.5589 0)
(7.08574 13.9136 0)
(5.30895 6.67349 0)
(4.79473 1.26263 0)
(3.94629 -4.73693 0)
(2.5978 -7.28535 0)
(-0.270439 -1.19597 0)
(0.0512998 0.571481 0)
(0.853061 3.9546 0)
(0.640056 5.61356 0)
(1.10938 7.73214 0)
(1.92835 10.5565 0)
(2.77785 13.7304 0)
(3.54194 15.3718 0)
(3.87408 16.535 0)
(4.44609 17.421 0)
(5.28766 18.0835 0)
(5.75114 18.3544 0)
(6.864 19.1195 0)
(7.79395 18.9758 0)
(7.87691 16.234 0)
(8.68348 14.4698 0)
(8.69954 9.57525 0)
(4.65206 2.0239 0)
(3.25056 -1.94128 0)
(1.02843 -3.34658 0)
(-0.37167 -1.01667 0)
(-0.0148049 5.36219e-05 0)
(0.916757 3.48001 0)
(1.14391 5.35555 0)
(1.27506 7.08084 0)
(2.29269 9.72286 0)
(2.86702 12.5431 0)
(3.87922 14.6804 0)
(4.74576 16.4374 0)
(4.97426 16.5652 0)
(5.50299 16.7714 0)
(6.7075 17.8753 0)
(7.04729 17.6779 0)
(8.51218 18.2049 0)
(9.35062 17.3934 0)
(8.57531 13.4213 0)
(8.63482 10.6634 0)
(8.46993 6.73241 0)
(1.51819 -2.01588 0)
(0.0903107 -3.26491 0)
(-0.261094 -0.900213 0)
(0.137692 -0.618233 0)
(0.895906 2.62319 0)
(1.51558 5.44678 0)
(1.62173 6.68806 0)
(2.0373 8.86184 0)
(3.34713 11.8553 0)
(4.11213 13.6801 0)
(4.88693 15.2551 0)
(5.68726 16.5718 0)
(6.08152 16.5727 0)
(6.64998 16.4506 0)
(7.80135 17.2639 0)
(7.91734 16.6021 0)
(8.98865 15.7225 0)
(9.83016 15.1025 0)
(8.03821 10.3423 0)
(7.02204 7.6003 0)
(7.2223 6.43128 0)
(1.31187 -1.98013 0)
(0.109149 -1.01247 0)
(0.20497 -1.05985 0)
(0.68073 1.40855 0)
(1.96459 4.96489 0)
(1.75914 6.42929 0)
(2.37774 8.0835 0)
(3.06377 10.431 0)
(4.25594 13.0432 0)
(5.34569 14.7436 0)
(5.78317 15.349 0)
(6.42539 16.0495 0)
(6.99126 16.2328 0)
(7.46016 15.9503 0)
(8.85675 17.1942 0)
(8.33474 15.9068 0)
(8.75305 14.1973 0)
(9.33847 13.8159 0)
(6.05372 8.42215 0)
(2.92868 4.40769 0)
(4.57494 6.15031 0)
(0.191021 -1.16372 0)
(0.0302317 -1.02438 0)
(0.366466 0.745167 0)
(1.8413 4.59144 0)
(2.23523 6.22802 0)
(2.054 7.60127 0)
(3.25929 9.67369 0)
(4.29888 11.5353 0)
(5.16674 13.7291 0)
(6.35051 15.3109 0)
(6.58522 15.3025 0)
(7.12538 15.5118 0)
(7.62363 15.5634 0)
(7.72096 15.1131 0)
(9.12688 16.0063 0)
(8.15779 14.8299 0)
(7.82656 12.746 0)
(7.7557 12.874 0)
(4.16434 8.74557 0)
(-1.63829 2.69542 0)
(0.0503272 -1.16397 0)
(-0.171778 -1.22736 0)
(0.128412 -0.226917 0)
(1.58312 3.40286 0)
(2.12636 5.98804 0)
(2.67431 7.17657 0)
(2.89894 8.50571 0)
(4.06424 10.9707 0)
(5.26768 12.4733 0)
(6.02974 14.0506 0)
(7.16139 15.3323 0)
(7.16271 15.1384 0)
(7.82062 15.1611 0)
(8.50587 16.1167 0)
(7.74062 15.1302 0)
(9.14226 15.6976 0)
(7.81665 15.3286 0)
(5.85091 11.9449 0)
(4.55256 11.1581 0)
(5.15176 11.5716 0)
(-0.0585051 -1.03345 0)
(-0.214591 -1.27589 0)
(-0.00112719 -0.753583 0)
(0.722185 1.88683 0)
(2.48306 5.34873 0)
(2.5387 7.09457 0)
(2.99535 7.90334 0)
(3.89381 9.37236 0)
(4.93657 11.8012 0)
(6.13732 13.2067 0)
(6.86864 14.0192 0)
(7.74067 15.112 0)
(7.49531 14.1629 0)
(8.327 14.6668 0)
(8.96579 16.0065 0)
(7.59114 14.522 0)
(8.84186 15.6003 0)
(7.58918 16.406 0)
(3.59166 12.5277 0)
(-0.699598 9.84442 0)
(-0.184103 -0.859094 0)
(-0.277833 -1.22714 0)
(-0.325452 -1.09617 0)
(0.379135 0.649704 0)
(2.1063 4.53086 0)
(2.94137 6.34965 0)
(3.23986 7.64921 0)
(3.42814 8.83791 0)
(4.6575 10.0178 0)
(5.76674 12.4357 0)
(7.11882 13.6499 0)
(7.5423 14.3658 0)
(8.56998 14.909 0)
(8.38875 14.6825 0)
(8.71308 15.1884 0)
(9.9783 16.7044 0)
(7.58387 15.6894 0)
(8.38897 16.0042 0)
(6.17459 16.8772 0)
(5.32015 17.0984 0)
(-0.218471 -0.604322 0)
(-0.264013 -1.17946 0)
(-0.102842 -1.33864 0)
(-0.268331 -0.470018 0)
(1.65891 2.93568 0)
(2.73566 6.04157 0)
(3.16319 6.88957 0)
(3.89558 8.29415 0)
(4.44222 9.61611 0)
(5.1151 10.4351 0)
(6.73403 12.2698 0)
(7.67031 13.769 0)
(7.84034 13.1452 0)
(9.53553 14.6215 0)
(8.93239 14.8019 0)
(9.30302 14.7019 0)
(11.0646 17.7432 0)
(9.27188 18.0635 0)
(7.14249 16.6403 0)
(1.96385 18.749 0)
(-0.281372 -0.417136 0)
(0.0200464 -1.2614 0)
(0.176882 -1.16643 0)
(-0.0518 -0.813986 0)
(0.394892 1.13689 0)
(2.70456 4.66391 0)
(3.61656 6.98008 0)
(3.44155 7.44921 0)
(4.42834 8.6309 0)
(5.32411 10.5847 0)
(6.08405 10.9221 0)
(7.70076 13.1936 0)
(8.52445 13.4329 0)
(8.74354 13.0551 0)
(10.7868 15.5082 0)
(10.5052 15.5178 0)
(9.60882 15.1604 0)
(13.2296 19.1483 0)
(13.1576 19.882 0)
(8.53244 24.2675 0)
(-0.162031 -0.395713 0)
(0.620915 -1.59591 0)
(0.769559 -1.31881 0)
(0.789351 -0.634713 0)
(0.28943 -0.00880225 0)
(1.82028 3.32483 0)
(3.27681 5.73194 0)
(4.25355 7.74911 0)
(4.21345 7.82953 0)
(4.68381 8.47849 0)
(6.16359 10.0552 0)
(6.61825 11.2265 0)
(8.42755 12.3862 0)
(9.35463 12.8745 0)
(9.2656 12.6032 0)
(12.9504 15.5128 0)
(12.6622 16.4559 0)
(10.9157 17.2958 0)
(19.8341 16.4888 0)
(15.8249 25.4551 0)
(0.340546 -0.783444 0)
(1.27707 -2.01543 0)
(1.67082 -1.33589 0)
(1.70316 -0.397666 0)
(1.14003 0.349236 0)
(1.01012 1.23836 0)
(2.88643 4.73237 0)
(3.80338 6.5061 0)
(4.76296 8.17764 0)
(5.14388 9.00092 0)
(5.58408 8.97207 0)
(7.19008 10.8032 0)
(7.62324 10.5031 0)
(9.8537 12.1115 0)
(10.4732 13.0812 0)
(10.1156 12.3692 0)
(16.5236 13.8015 0)
(13.4272 20.2126 0)
(17.0812 10.7496 0)
(22.0466 21.9655 0)
(0.796 -2.07138 0)
(1.46932 -2.83078 0)
(2.09606 -1.76984 0)
(1.88093 -0.417106 0)
(2.24991 0.80613 0)
(0.979835 1.29779 0)
(1.99291 3.10857 0)
(3.34662 5.65139 0)
(4.31576 6.46539 0)
(4.9102 7.5671 0)
(5.73965 8.18001 0)
(6.15422 9.46926 0)
(8.1548 10.2904 0)
(8.17565 9.75877 0)
(12.2806 10.7646 0)
(10.9311 14.9911 0)
(13.9887 5.76218 0)
(17.1394 19.0257 0)
(15.8312 10.9523 0)
(22.597 16.2495 0)
(0.534091 -3.46314 0)
(1.17003 -3.45389 0)
(1.36444 -2.00226 0)
(1.70099 -0.414283 0)
(1.61465 1.00884 0)
(1.49394 1.74781 0)
(0.50983 2.21664 0)
(2.96439 4.5688 0)
(3.95841 6.43475 0)
(5.33448 7.69157 0)
(5.87817 7.64859 0)
(6.12019 8.00525 0)
(8.17493 7.52762 0)
(8.41417 11.6106 0)
(10.5136 3.69079 0)
(12.9779 15.0796 0)
(13.2573 5.29312 0)
(17.3908 14.9669 0)
(18.1685 12.1668 0)
(21.1406 12.3772 0)
(0.361958 -3.94264 0)
(0.429213 -3.71541 0)
(0.645806 -2.11268 0)
(0.549764 -0.545664 0)
(0.891273 1.04779 0)
(0.769971 2.16967 0)
(0.45831 1.70071 0)
(-0.197354 1.99603 0)
(3.27683 3.79165 0)
(3.56286 6.354 0)
(6.65431 6.42195 0)
(5.98717 10.3782 0)
(8.3558 2.31833 0)
(9.50356 12.0415 0)
(11.2576 2.61876 0)
(12.339 12.5664 0)
(14.3833 6.98806 0)
(15.2535 10.052 0)
(18.1142 10.0567 0)
(19.8341 9.9247 0)
(0.0361035 -4.11405 0)
(-0.245966 -3.57713 0)
(-0.52937 -2.05083 0)
(-0.637204 -0.634823 0)
(-0.674864 0.806595 0)
(-0.117791 2.46042 0)
(0.0697364 3.07019 0)
(-0.724658 2.94805 0)
(0.987244 1.20938 0)
(3.1976 6.56792 0)
(3.90631 0.340588 0)
(6.12764 9.99527 0)
(6.9735 0.204115 0)
(8.72849 10.3154 0)
(11.9571 4.2844 0)
(11.5297 8.67825 0)
(14.6845 6.5845 0)
(15.3285 6.82274 0)
(17.7786 6.99407 0)
(19.6809 6.94781 0)
(-0.377111 -3.58472 0)
(-1.46099 -2.89447 0)
(-1.92551 -1.31663 0)
(-2.22374 -0.254441 0)
(-2.34852 0.544714 0)
(-1.66842 1.39875 0)
(-1.49027 2.02671 0)
(-0.45425 1.04959 0)
(-0.669503 -1.97953 0)
(4.12929 6.05808 0)
(2.76226 1.36532 0)
(6.36503 10.4813 0)
(3.78576 -1.14224 0)
(5.90632 6.7809 0)
(9.5608 3.42197 0)
(10.336 5.64392 0)
(13.562 5.54478 0)
(15.3958 5.77801 0)
(17.7955 6.06586 0)
(19.9424 5.89481 0)
(-0.643528 -2.68576 0)
(-2.06995 -2.22291 0)
(-2.94061 -1.15149 0)
(-3.18689 -0.247406 0)
(-3.27946 0.56438 0)
(-2.36113 1.59561 0)
(-2.97151 2.31047 0)
(2.01114 1.28197 0)
(-1.42183 -2.52432 0)
(0.909863 3.10731 0)
(1.05272 -1.34462 0)
(4.4588 7.87808 0)
(5.33763 1.94994 0)
(4.03137 2.66823 0)
(7.09939 0.712711 0)
(8.6231 1.71265 0)
(11.2965 1.78214 0)
(13.338 2.45132 0)
(16.141 2.88954 0)
(18.1861 3.10597 0)
(-0.995816 -0.724844 0)
(-2.95939 -0.422807 0)
(-3.88793 -0.0831249 0)
(-4.08172 0.0362242 0)
(-4.00434 0.0675615 0)
(-3.18071 0.008604 0)
(-3.22102 -0.847531 0)
(-0.933498 -1.53325 0)
(-5.0822 1.15163 0)
(-0.489857 1.41911 0)
(-3.11038 0.422648 0)
(0.47168 5.42216 0)
(6.02849 1.8123 0)
(6.53234 1.64372 0)
(8.51132 1.4498 0)
(10.1276 1.04253 0)
(10.9577 0.729034 0)
(13.0683 0.831466 0)
(14.1475 0.736676 0)
(16.4611 0.952229 0)
(12.7351 14.6148 0)
(-11.5632 -12.5927 0)
(7.62377 -9.76628 0)
(0.0634685 0.321239 0)
(5.63372 -1.7436 0)
(-1.0924 2.70134 0)
(-6.91218 1.97904 0)
(-7.90891 -0.745466 0)
(-11.5508 0.192446 0)
(-10.3487 -1.02291 0)
(-12.9324 0.335034 0)
(-11.3767 -0.862619 0)
(-12.4897 0.211786 0)
(-10.2112 -0.795257 0)
(-11.8067 0.24416 0)
(-8.02817 -1.72895 0)
(-7.66658 -0.992372 0)
(-4.89498 -1.36607 0)
(-2.80961 -1.33143 0)
(-0.24574 -1.23673 0)
(2.16059 -0.904617 0)
(4.27607 -0.457085 0)
(5.90202 -0.0472087 0)
(6.92304 0.262382 0)
(7.24503 0.397404 0)
(6.84674 0.291914 0)
(6.0485 0.123597 0)
(5.13802 0.027545 0)
(4.31262 0.0170326 0)
(3.47749 0.136157 0)
(2.61851 0.383924 0)
(1.54938 0.718303 0)
(0.20221 0.978202 0)
(-1.43732 1.13783 0)
(-3.28405 1.15993 0)
(-5.11693 1.11334 0)
(-6.97194 1.01137 0)
(-8.59788 0.910568 0)
(-10.1535 0.784198 0)
(-11.4862 0.683611 0)
(-12.6075 0.551414 0)
(-13.4641 0.3992 0)
(-14.0527 0.253223 0)
(-14.3247 0.110161 0)
(-14.1947 -0.103791 0)
(-13.8559 -0.271721 0)
(-13.199 -0.402896 0)
(-12.1655 -0.568449 0)
(-11.1151 -0.647114 0)
(-9.59116 -0.72474 0)
(-8.20124 -0.792219 0)
(-6.48132 -0.772959 0)
(-4.96363 -0.767065 0)
(-3.251 -0.724022 0)
(-1.83289 -0.640344 0)
(-0.294868 -0.590472 0)
(1.03277 -0.50636 0)
(2.26681 -0.452697 0)
(3.4466 -0.391237 0)
(4.4371 -0.346084 0)
(5.38839 -0.290216 0)
(6.11271 -0.243732 0)
(6.77011 -0.191248 0)
(7.21263 -0.0925378 0)
(7.52186 -0.0252134 0)
(7.6797 0.0428781 0)
(7.6783 0.166558 0)
(7.50747 0.327282 0)
(7.18374 0.389937 0)
(6.74987 0.401053 0)
(6.18472 0.358762 0)
(5.65627 0.271082 0)
(5.09974 0.200377 0)
(4.66634 0.154827 0)
(4.18713 0.22893 0)
(3.7412 0.323005 0)
(3.19913 0.407389 0)
(2.59382 0.395345 0)
(2.03885 0.270464 0)
(1.34528 0.124161 0)
(16.7412 16.0443 0)
(20.3128 13.7781 0)
(-8.21058 2.36283 0)
(-8.22075 -2.62684 0)
(-11.1312 4.67722 0)
(-5.99004 5.28956 0)
(-6.52758 3.95568 0)
(-4.8403 4.67772 0)
(-3.30279 2.42753 0)
(-7.05908 2.46997 0)
(-2.73348 1.02288 0)
(-6.69945 0.687721 0)
(-3.10591 -1.02295 0)
(-3.91416 -1.13738 0)
(-2.64159 -2.12318 0)
(-1.18469 -2.39982 0)
(-0.22994 -3.1626 0)
(1.2765 -3.72065 0)
(2.63473 -4.14497 0)
(3.8664 -4.42779 0)
(5.11559 -4.28425 0)
(6.19604 -3.75937 0)
(6.94578 -2.95845 0)
(7.6525 -1.77863 0)
(8.04088 -0.416605 0)
(8.37443 0.709909 0)
(8.32408 1.43923 0)
(8.05462 1.73562 0)
(7.46415 1.77647 0)
(6.68591 1.76194 0)
(5.68807 1.80948 0)
(4.38134 1.93727 0)
(3.09084 2.08222 0)
(1.57175 2.19583 0)
(0.5046 2.21517 0)
(-0.860516 2.21137 0)
(-1.70953 2.10451 0)
(-2.84609 1.9784 0)
(-3.67019 1.80046 0)
(-4.49432 1.56188 0)
(-5.29659 1.26919 0)
(-5.72259 0.924949 0)
(-5.92639 0.475522 0)
(-6.20909 0.0348964 0)
(-5.78189 -0.469253 0)
(-5.13664 -1.01868 0)
(-4.713 -1.39364 0)
(-3.14949 -1.90809 0)
(-2.17225 -2.13816 0)
(-0.646558 -2.40128 0)
(1.03903 -2.51325 0)
(2.6511 -2.59698 0)
(4.22113 -2.52385 0)
(5.89341 -2.47902 0)
(7.38656 -2.31113 0)
(8.69014 -2.17972 0)
(10.2522 -2.02925 0)
(11.1441 -1.81533 0)
(12.4073 -1.66344 0)
(13.1015 -1.41671 0)
(14.0286 -1.22588 0)
(14.5341 -0.955396 0)
(15.0951 -0.710948 0)
(15.4015 -0.526872 0)
(15.7335 -0.30516 0)
(15.7682 -0.139736 0)
(15.9422 0.0670943 0)
(15.8039 0.225552 0)
(15.8395 0.463969 0)
(15.4742 0.61673 0)
(15.422 0.749723 0)
(14.9838 0.816865 0)
(14.7164 0.83218 0)
(14.1513 0.798477 0)
(13.6371 0.770972 0)
(12.9731 0.739335 0)
(12.4071 0.811402 0)
(11.6569 0.807697 0)
(11.333 0.932179 0)
(10.4104 0.766341 0)
(17.9909 17.3288 0)
(26.3237 15.073 0)
(18.6541 10.5401 0)
(15.8611 7.20399 0)
(12.3608 2.46362 0)
(6.83966 0.243477 0)
(8.07156 0.0850439 0)
(5.77354 0.0811964 0)
(6.7566 -0.0350954 0)
(6.53527 -0.244927 0)
(7.07734 -0.778709 0)
(8.10099 -1.52213 0)
(9.7383 -2.01007 0)
(9.66803 -2.46555 0)
(11.4535 -2.82342 0)
(12.9207 -3.43753 0)
(13.442 -3.41294 0)
(14.2476 -3.4799 0)
(14.9628 -3.42988 0)
(14.2625 -2.93815 0)
(12.9584 -1.89212 0)
(11.2416 -0.625599 0)
(9.51187 0.0670296 0)
(7.54165 0.102973 0)
(6.34219 0.160016 0)
(5.48762 0.469597 0)
(5.28396 0.738235 0)
(5.33946 0.856157 0)
(5.53355 1.01975 0)
(5.87902 1.30084 0)
(6.21151 1.74827 0)
(6.84475 2.33621 0)
(7.27845 2.93776 0)
(8.10028 3.37603 0)
(8.33098 3.57719 0)
(8.54003 3.50998 0)
(8.14417 3.33355 0)
(7.51538 3.06361 0)
(6.94312 2.78245 0)
(6.05743 2.39879 0)
(5.79201 1.9172 0)
(5.05456 1.34742 0)
(5.16937 0.670373 0)
(4.87603 -0.0576319 0)
(5.2629 -0.901041 0)
(5.71409 -1.64418 0)
(6.38791 -2.34738 0)
(7.6104 -3.05528 0)
(8.46773 -3.47165 0)
(10.0678 -3.92275 0)
(11.3548 -4.10264 0)
(12.8519 -4.20085 0)
(14.382 -4.12089 0)
(15.6995 -3.97173 0)
(17.2298 -3.72966 0)
(18.2946 -3.44436 0)
(19.7107 -3.15282 0)
(20.48 -2.84832 0)
(21.6542 -2.51477 0)
(22.1115 -2.1798 0)
(23.029 -1.83126 0)
(23.1969 -1.45092 0)
(23.7837 -1.0995 0)
(23.6914 -0.734648 0)
(24.0102 -0.45285 0)
(23.7505 -0.139228 0)
(23.8416 0.129488 0)
(23.4818 0.397367 0)
(23.3949 0.619505 0)
(22.9415 0.805897 0)
(22.6912 0.971686 0)
(22.2363 1.01554 0)
(21.86 1.11874 0)
(21.3726 1.08655 0)
(20.9896 1.23306 0)
(20.5288 1.22299 0)
(20.2456 1.41932 0)
(19.7709 1.36456 0)
(19.6668 1.5063 0)
(19.1328 1.34486 0)
(21.3997 15.6224 0)
(24.8081 13.8264 0)
(26.2013 11.4216 0)
(24.6938 8.89724 0)
(24.6776 6.87993 0)
(23.3229 5.61367 0)
(23.0965 4.49801 0)
(22.5933 3.58572 0)
(22.2998 2.52749 0)
(22.4621 1.55976 0)
(22.3848 0.414501 0)
(22.8982 -0.677545 0)
(23.3529 -1.75486 0)
(23.5732 -2.42349 0)
(24.0462 -3.05769 0)
(24.046 -3.59438 0)
(24.0395 -3.89612 0)
(23.6547 -4.05785 0)
(23.1702 -4.09608 0)
(22.4024 -3.61145 0)
(21.9428 -2.67033 0)
(21.9161 -1.5024 0)
(22.2577 -0.281692 0)
(22.4195 0.682046 0)
(22.0725 1.25944 0)
(21.8671 1.49697 0)
(21.2928 1.60145 0)
(20.918 1.69232 0)
(20.0903 1.76715 0)
(19.4629 1.77645 0)
(18.4957 1.80908 0)
(17.7407 1.88313 0)
(16.9793 2.00681 0)
(16.429 2.18209 0)
(16.0583 2.42934 0)
(15.6625 2.73113 0)
(15.64 2.96092 0)
(15.4263 3.13965 0)
(15.4881 3.07357 0)
(15.4383 2.80081 0)
(15.3485 2.2676 0)
(15.4348 1.62239 0)
(15.2763 0.880678 0)
(15.6091 -0.130352 0)
(15.6309 -1.17122 0)
(16.2702 -2.30383 0)
(16.6985 -3.21858 0)
(17.5318 -4.14309 0)
(18.3451 -4.7792 0)
(19.2889 -5.32049 0)
(20.3607 -5.63224 0)
(21.3087 -5.74591 0)
(22.4786 -5.7087 0)
(23.3407 -5.4693 0)
(24.4964 -5.18742 0)
(25.2155 -4.74837 0)
(26.2641 -4.35532 0)
(26.8158 -3.85723 0)
(27.6958 -3.41816 0)
(28.038 -2.88282 0)
(28.7087 -2.40472 0)
(28.8258 -1.84335 0)
(29.2201 -1.35524 0)
(29.1022 -0.853438 0)
(29.2725 -0.447401 0)
(29.0462 -0.0459526 0)
(29.0818 0.300934 0)
(28.7661 0.613545 0)
(28.675 0.877576 0)
(28.323 1.07915 0)
(28.1471 1.28915 0)
(27.7845 1.38257 0)
(27.582 1.54031 0)
(27.2224 1.56968 0)
(27.0391 1.72687 0)
(26.6795 1.6939 0)
(26.5358 1.81194 0)
(26.1875 1.6893 0)
(26.133 1.74719 0)
(25.764 1.5424 0)
(23.4202 12.4829 0)
(24.8904 11.4414 0)
(27.369 9.86342 0)
(28.0969 8.0937 0)
(28.9312 6.53077 0)
(29.1616 5.0119 0)
(29.3673 3.68615 0)
(29.3601 2.41102 0)
(29.4896 1.24443 0)
(29.4603 0.103254 0)
(29.5386 -0.950414 0)
(29.536 -1.89623 0)
(29.5694 -2.73005 0)
(29.3837 -3.33159 0)
(29.0401 -3.78484 0)
(28.4901 -4.04011 0)
(27.8609 -4.14475 0)
(27.0574 -3.99508 0)
(26.3546 -3.55659 0)
(25.7309 -2.78089 0)
(25.3168 -1.81089 0)
(25.263 -0.800236 0)
(25.3652 -0.021476 0)
(25.602 0.572064 0)
(25.6535 1.05143 0)
(25.8951 1.34729 0)
(26.0374 1.52839 0)
(26.2154 1.67395 0)
(26.194 1.84555 0)
(26.1261 2.0402 0)
(26.0118 2.29355 0)
(25.8656 2.62428 0)
(25.8122 2.94695 0)
(25.6531 3.21062 0)
(25.5607 3.37168 0)
(25.3666 3.46624 0)
(25.2594 3.47166 0)
(25.1405 3.39567 0)
(25.0981 3.19185 0)
(25.2312 2.7901 0)
(25.2998 2.27585 0)
(25.533 1.55087 0)
(25.6876 0.680693 0)
(25.9474 -0.351778 0)
(26.1364 -1.36634 0)
(26.4896 -2.41254 0)
(26.8015 -3.41255 0)
(27.1996 -4.31861 0)
(27.5667 -5.07951 0)
(27.9492 -5.64009 0)
(28.3603 -6.05499 0)
(28.7321 -6.2166 0)
(29.1834 -6.25123 0)
(29.5169 -6.04925 0)
(29.9851 -5.78458 0)
(30.2503 -5.33923 0)
(30.6946 -4.88966 0)
(30.8749 -4.33638 0)
(31.2723 -3.79597 0)
(31.3509 -3.19506 0)
(31.6523 -2.58279 0)
(31.5818 -1.96565 0)
(31.6821 -1.36758 0)
(31.4156 -0.831616 0)
(31.3834 -0.327569 0)
(31.0759 0.0737114 0)
(31.0013 0.456254 0)
(30.6648 0.724972 0)
(30.5673 1.0158 0)
(30.269 1.18575 0)
(30.1866 1.40657 0)
(29.9361 1.48963 0)
(29.8888 1.65292 0)
(29.7049 1.67426 0)
(29.6733 1.80334 0)
(29.5246 1.76176 0)
(29.5043 1.84782 0)
(29.4116 1.75454 0)
(29.4166 1.79379 0)
(29.3501 1.66107 0)
(22.7446 9.95211 0)
(24.786 9.44632 0)
(27.0965 8.51443 0)
(28.7355 7.28365 0)
(29.9858 6.00321 0)
(30.858 4.69124 0)
(31.4318 3.48719 0)
(31.8221 2.39379 0)
(32.0242 1.3904 0)
(32.159 0.490359 0)
(32.136 -0.334201 0)
(32.039 -1.02645 0)
(31.7603 -1.66377 0)
(31.3591 -2.16198 0)
(30.7513 -2.54265 0)
(30.059 -2.73711 0)
(29.2459 -2.8027 0)
(28.4877 -2.61628 0)
(27.7474 -2.29504 0)
(27.1092 -1.81105 0)
(26.587 -1.28593 0)
(26.3618 -0.730866 0)
(26.4232 -0.242278 0)
(26.6832 0.279491 0)
(26.8254 0.757071 0)
(27.0414 1.15007 0)
(27.3129 1.40703 0)
(27.68 1.63868 0)
(27.9498 1.86768 0)
(28.2288 2.14553 0)
(28.4702 2.42259 0)
(28.7802 2.73265 0)
(29.0732 2.9874 0)
(29.4563 3.21207 0)
(29.7979 3.37927 0)
(30.2958 3.50545 0)
(30.674 3.55934 0)
(31.1882 3.49899 0)
(31.5752 3.33898 0)
(32.1206 2.9723 0)
(32.4786 2.43007 0)
(32.9367 1.74011 0)
(33.1121 0.832065 0)
(33.4361 -0.219755 0)
(33.5131 -1.2547 0)
(33.5998 -2.31789 0)
(33.4513 -3.35998 0)
(33.3417 -4.33799 0)
(33.0723 -5.14226 0)
(32.817 -5.78203 0)
(32.5061 -6.2078 0)
(32.2484 -6.42369 0)
(32.0185 -6.45377 0)
(31.8327 -6.28513 0)
(31.7209 -6.01847 0)
(31.605 -5.58164 0)
(31.5777 -5.11096 0)
(31.4897 -4.49974 0)
(31.5241 -3.87669 0)
(31.449 -3.15956 0)
(31.4972 -2.45139 0)
(31.3251 -1.77096 0)
(31.229 -1.14946 0)
(30.9116 -0.563884 0)
(30.7197 0.00282009 0)
(30.3844 0.42958 0)
(30.2099 0.796998 0)
(29.9253 1.03769 0)
(29.8028 1.30599 0)
(29.598 1.45189 0)
(29.5273 1.64201 0)
(29.4172 1.68987 0)
(29.4235 1.81086 0)
(29.4297 1.78183 0)
(29.4746 1.85696 0)
(29.5589 1.78735 0)
(29.6203 1.83947 0)
(29.786 1.75407 0)
(29.8445 1.77763 0)
(30.0421 1.68185 0)
(21.865 6.93886 0)
(24.0664 6.64197 0)
(26.1645 6.05942 0)
(27.9954 5.20729 0)
(29.3927 4.28749 0)
(30.5282 3.30762 0)
(31.3272 2.40421 0)
(31.9358 1.5665 0)
(32.2679 0.832007 0)
(32.5016 0.162808 0)
(32.4703 -0.437816 0)
(32.412 -0.983136 0)
(32.043 -1.47172 0)
(31.706 -1.8721 0)
(31.0474 -2.18318 0)
(30.5003 -2.34879 0)
(29.7175 -2.38729 0)
(29.1497 -2.24906 0)
(28.4002 -2.05647 0)
(27.9427 -1.72399 0)
(27.4367 -1.36101 0)
(27.3934 -0.858589 0)
(27.449 -0.401425 0)
(27.7971 0.0559581 0)
(27.8653 0.40919 0)
(28.149 0.787424 0)
(28.3469 1.04401 0)
(28.8557 1.28697 0)
(29.1419 1.47385 0)
(29.6294 1.70256 0)
(29.862 1.8915 0)
(30.3644 2.09726 0)
(30.6664 2.25279 0)
(31.302 2.42752 0)
(31.7261 2.56969 0)
(32.5138 2.67242 0)
(33.016 2.70118 0)
(33.8567 2.63222 0)
(34.3757 2.45303 0)
(35.1893 2.12103 0)
(35.6397 1.62939 0)
(36.2949 0.997842 0)
(36.4362 0.234095 0)
(36.866 -0.600751 0)
(36.7597 -1.51717 0)
(36.7316 -2.41818 0)
(36.1858 -3.338 0)
(35.8215 -4.13943 0)
(35.092 -4.83549 0)
(34.505 -5.35735 0)
(33.7385 -5.7117 0)
(33.1319 -5.90132 0)
(32.4971 -5.91264 0)
(31.9821 -5.79638 0)
(31.4998 -5.56399 0)
(31.1285 -5.23969 0)
(30.7993 -4.86173 0)
(30.5379 -4.31323 0)
(30.3416 -3.65013 0)
(30.1471 -2.84648 0)
(29.9789 -2.08755 0)
(29.6793 -1.42046 0)
(29.4698 -0.867055 0)
(29.1812 -0.343653 0)
(28.9295 0.135521 0)
(28.5588 0.542034 0)
(28.3372 0.857394 0)
(28.1169 1.10895 0)
(28.023 1.32122 0)
(27.9119 1.48004 0)
(27.8564 1.61346 0)
(27.8457 1.68339 0)
(27.8632 1.75465 0)
(27.9931 1.73572 0)
(28.0627 1.75419 0)
(28.3013 1.67604 0)
(28.3869 1.67487 0)
(28.7182 1.55935 0)
(28.7861 1.54163 0)
(29.1662 1.40942 0)
(22.0568 5.82318 0)
(24.0051 5.40802 0)
(26.0369 4.94074 0)
(27.6765 4.16552 0)
(29.1876 3.48144 0)
(30.2482 2.67004 0)
(31.2248 2.01023 0)
(31.8026 1.30268 0)
(32.2872 0.772744 0)
(32.4572 0.199938 0)
(32.5058 -0.217614 0)
(32.3632 -0.684167 0)
(32.0477 -1.01105 0)
(31.6826 -1.35639 0)
(31.0581 -1.55914 0)
(30.5793 -1.71703 0)
(29.7844 -1.73162 0)
(29.303 -1.67823 0)
(28.4499 -1.53428 0)
(28.1202 -1.30038 0)
(27.4809 -1.012 0)
(27.574 -0.609105 0)
(27.3451 -0.293578 0)
(27.7842 0.00607388 0)
(27.6666 0.234139 0)
(28.1593 0.558571 0)
(28.1773 0.787026 0)
(28.905 1.01147 0)
(29.0867 1.15349 0)
(29.8612 1.31965 0)
(30.0407 1.46455 0)
(30.8521 1.6366 0)
(31.1328 1.78773 0)
(32.0685 1.9518 0)
(32.4503 2.07389 0)
(33.4583 2.136 0)
(33.8799 2.13791 0)
(34.9038 2.04152 0)
(35.3084 1.87962 0)
(36.2796 1.58794 0)
(36.5698 1.21875 0)
(37.3478 0.705835 0)
(37.3479 0.142709 0)
(37.8156 -0.492296 0)
(37.3963 -1.22067 0)
(37.3576 -1.93607 0)
(36.4253 -2.68461 0)
(36.0105 -3.30062 0)
(34.8138 -3.93267 0)
(34.1038 -4.37209 0)
(32.8253 -4.78547 0)
(31.9726 -5.00763 0)
(30.8339 -5.13246 0)
(29.9197 -5.11029 0)
(28.9159 -4.97198 0)
(28.0933 -4.77696 0)
(27.2595 -4.57742 0)
(26.7561 -4.12976 0)
(26.2752 -3.40195 0)
(25.9021 -2.47773 0)
(25.2861 -1.5965 0)
(24.7465 -0.806364 0)
(24.2741 -0.18529 0)
(24.0681 0.305125 0)
(23.7574 0.602878 0)
(23.5617 0.868906 0)
(23.3505 1.05807 0)
(23.4051 1.23501 0)
(23.3944 1.34924 0)
(23.5878 1.43598 0)
(23.6428 1.51127 0)
(23.9446 1.56097 0)
(24.0695 1.62759 0)
(24.4699 1.62014 0)
(24.6156 1.65128 0)
(25.0954 1.59153 0)
(25.2167 1.59956 0)
(25.7501 1.49829 0)
(25.8167 1.48764 0)
(26.4041 1.38138 0)
(20.8983 3.1519 0)
(22.6464 3.0824 0)
(25.1428 2.83506 0)
(26.5396 2.43407 0)
(28.5559 2.01932 0)
(29.3619 1.56676 0)
(30.8254 1.16652 0)
(31.0982 0.742269 0)
(32.0482 0.40814 0)
(31.8502 0.0505449 0)
(32.3407 -0.204356 0)
(31.7899 -0.503503 0)
(31.8902 -0.683343 0)
(31.0961 -0.914959 0)
(30.8835 -1.00428 0)
(29.9808 -1.13871 0)
(29.546 -1.1163 0)
(28.6698 -1.13547 0)
(28.0946 -1.00466 0)
(27.427 -0.915392 0)
(26.9539 -0.70202 0)
(26.7245 -0.552801 0)
(26.4663 -0.364865 0)
(26.6736 -0.254602 0)
(26.5296 -0.109606 0)
(26.9067 0.06546 0)
(26.8226 0.238559 0)
(27.4933 0.385337 0)
(27.6239 0.490568 0)
(28.483 0.615687 0)
(28.6973 0.747798 0)
(29.671 0.896148 0)
(30.0259 1.02867 0)
(31.1331 1.13894 0)
(31.5789 1.21189 0)
(32.7432 1.24004 0)
(33.2363 1.22515 0)
(34.3873 1.15946 0)
(34.8576 1.0449 0)
(35.8741 0.864534 0)
(36.1948 0.623774 0)
(36.9275 0.303597 0)
(36.8835 -0.0566459 0)
(37.225 -0.504825 0)
(36.6424 -0.969894 0)
(36.4349 -1.47852 0)
(35.1641 -1.94892 0)
(34.5409 -2.39072 0)
(32.7151 -2.83768 0)
(31.7626 -3.1617 0)
(29.5649 -3.51649 0)
(28.3795 -3.6561 0)
(26.2243 -3.81085 0)
(24.7456 -3.77025 0)
(22.8732 -3.65806 0)
(21.2201 -3.59953 0)
(19.1575 -3.545 0)
(18.3657 -3.25339 0)
(17.6496 -2.8751 0)
(16.9297 -2.44854 0)
(15.8355 -1.88832 0)
(14.8107 -1.15067 0)
(14.0009 -0.249564 0)
(13.6761 0.368825 0)
(13.1373 0.777141 0)
(13.1778 1.04718 0)
(12.9352 1.25542 0)
(13.4648 1.34226 0)
(13.4777 1.32978 0)
(14.2351 1.30331 0)
(14.3811 1.24215 0)
(15.2862 1.2315 0)
(15.5227 1.16067 0)
(16.4317 1.1226 0)
(16.7268 1.06191 0)
(17.6709 1.00799 0)
(17.8928 0.941738 0)
(18.8129 0.877952 0)
(18.9627 0.848613 0)
(19.8902 0.788584 0)
(18.1742 0.802339 0)
(20.293 0.957211 0)
(22.1317 0.753935 0)
(23.833 0.741149 0)
(25.4739 0.500886 0)
(26.5035 0.435425 0)
(27.7068 0.238944 0)
(28.0611 0.149037 0)
(28.8395 0.0064158 0)
(28.5839 -0.0861846 0)
(28.9627 -0.167225 0)
(28.2034 -0.269699 0)
(28.2888 -0.303856 0)
(27.1609 -0.395671 0)
(27.0325 -0.378145 0)
(25.6871 -0.459998 0)
(25.4873 -0.379105 0)
(24.0673 -0.425254 0)
(23.8428 -0.282167 0)
(22.5467 -0.290088 0)
(22.488 -0.105396 0)
(21.5826 -0.132475 0)
(21.7931 0.0402208 0)
(21.3281 -0.00510181 0)
(21.6318 0.121348 0)
(21.3772 0.0956906 0)
(21.623 0.224531 0)
(21.7101 0.20931 0)
(22.1593 0.284665 0)
(22.5843 0.295276 0)
(23.0863 0.378769 0)
(23.6831 0.415665 0)
(24.2829 0.474064 0)
(25.0834 0.482162 0)
(25.789 0.490866 0)
(26.7004 0.49392 0)
(27.4559 0.450139 0)
(28.3619 0.449523 0)
(29.0743 0.350083 0)
(29.7876 0.311956 0)
(30.322 0.17488 0)
(30.6337 0.0452646 0)
(30.7628 -0.09348 0)
(30.5005 -0.325206 0)
(30.0237 -0.465178 0)
(29.0096 -0.773621 0)
(27.6968 -0.876354 0)
(26.0412 -1.16729 0)
(23.8932 -1.29368 0)
(21.7476 -1.45676 0)
(18.7877 -1.64304 0)
(16.4158 -1.49332 0)
(13.0929 -1.66964 0)
(10.5701 -1.32896 0)
(7.90143 -1.28715 0)
(4.77387 -2.34987 0)
(0.843967 -1.8757 0)
(-0.859613 -0.218702 0)
(-3.52979 0.470087 0)
(-4.14356 1.05291 0)
(-5.06273 1.32611 0)
(-4.91027 1.37675 0)
(-4.85755 1.23896 0)
(-4.09979 1.08613 0)
(-3.52074 0.927263 0)
(-2.5185 0.822332 0)
(-1.75912 0.711472 0)
(-0.72396 0.647072 0)
(0.073647 0.625911 0)
(1.13731 0.557544 0)
(1.66571 0.599192 0)
(3.01535 0.602132 0)
(3.2762 0.532724 0)
(4.52132 0.511545 0)
(4.97393 0.551218 0)
(6.10743 0.478182 0)
(6.21635 0.367889 0)
(7.49607 0.402376 0)
(7.63336 0.393265 0)
(8.69634 0.359312 0)
)
;

boundaryField
{
    inlet
    {
        type            fixedValue;
        value           uniform (10 0 0);
    }
    outlet
    {
        type            zeroGradient;
    }
    walls
    {
        type            fixedValue;
        value           uniform (0 0 0);
    }
    frontAndBack
    {
        type            empty;
    }
}


// ************************************************************************* //
