/*--------------------------------*- C++ -*----------------------------------*\
| =========                 |                                                 |
| \\      /  F ield         | OpenFOAM: The Open Source CFD Toolbox           |
|  \\    /   O peration     | Version:  2306                                  |
|   \\  /    A nd           | Website:  www.openfoam.com                      |
|    \\/     M anipulation  |                                                 |
\*---------------------------------------------------------------------------*/
FoamFile
{
    version     2.0;
    format      ascii;
    arch        "LSB;label=32;scalar=64";
    class       surfaceScalarField;
    location    "0.375";
    object      phi;
}
// * * * * * * * * * * * * * * * * * * * * * * * * * * * * * * * * * * * * * //

dimensions      [0 3 -1 0 0 0 0];

oriented        oriented;

internalField   nonuniform List<scalar> 
8520
(
0.0099278
7.2203e-05
0.00978964
0.000138161
0.0096295
0.000160136
0.00946828
0.000161221
0.00930946
0.000158823
0.00914915
0.000160307
0.0089864
0.000162749
0.00882095
0.000165454
0.00865373
0.000167219
0.0084856
0.000168122
0.00831791
0.000167693
0.00815107
0.000166844
0.00798557
0.000165495
0.00782133
0.000164244
0.00765851
0.000162821
0.00749711
0.000161398
0.00733717
0.000159939
0.00717888
0.000158292
0.00702218
0.000156699
0.00686735
0.00015483
0.00671432
0.000153033
0.00656326
0.000151055
0.0064142
0.000149058
0.0062672
0.000147005
0.00612235
0.000144851
0.0059796
0.000142742
0.00583913
0.00014048
0.00570074
0.000138381
0.00556472
0.000136022
0.00543076
0.000133962
0.00529921
0.000131554
0.00516964
0.000129566
0.00504233
0.000127311
0.00491688
0.000125454
0.00479347
0.000123408
0.00467163
0.000121836
0.00455155
0.000120085
0.0044326
0.000118945
0.00431493
0.000117669
0.00419783
0.000117099
0.00408133
0.0001165
0.0039647
0.000116628
0.00384784
0.000116868
0.00372994
0.000117893
0.0036107
0.000119239
0.0034893
0.000121407
0.00336517
0.000124126
0.00323743
0.00012774
0.00310536
0.00013207
0.00296787
0.00013749
0.00282425
0.000143626
0.00267305
0.000151191
0.00251376
0.000159294
0.0023445
0.000169256
0.00216512
0.000179388
0.00197339
0.000191727
0.00176968
0.000203708
0.00155174
0.000217937
0.00132072
0.00023102
0.00107485
0.000245878
0.000816755
0.000258092
0.000546176
0.000270579
0.000270845
0.000275331
1.43869e-06
0.000269406
-0.0002432
0.000244639
-0.000453674
0.000210474
-0.000603729
0.000150055
-0.000679039
7.53102e-05
-0.000656656
-2.23831e-05
-0.000532707
-0.000123949
-0.000298686
-0.000234021
-1.21969e-05
-0.000286489
0.000232674
-0.000244871
0.000335916
-0.000103242
2.18452e-05
0.00031407
-0.000494341
0.000516186
-0.000391424
-0.000102918
-5.96634e-05
-0.00033176
-3.31947e-05
-2.64687e-05
0.000134407
-0.000167602
0.0100357
3.65401e-05
0.0100799
9.39306e-05
0.0101108
0.000129243
0.0101273
0.000144723
0.0101357
0.000150381
0.0101431
0.000152894
0.0101493
0.000156552
0.0101532
0.000161573
0.0101537
0.000166778
0.0101502
0.000171569
0.010143
0.000174865
0.0101323
0.000177537
0.0101189
0.00017897
0.0101027
0.000180378
0.0100844
0.000181188
0.0100637
0.000182027
0.0100408
0.000182833
0.010016
0.000183163
0.00998874
0.000183939
0.0099598
0.000183763
0.00992851
0.000184324
0.0098957
0.000183865
0.00986067
0.00018409
0.00982419
0.000183482
0.00978568
0.000183363
0.00974569
0.000182731
0.00970391
0.000182264
0.0096605
0.00018179
0.0096156
0.000180923
0.00956887
0.000180688
0.00952082
0.000179609
0.00947083
0.000179555
0.00941951
0.000178633
0.00936622
0.000178736
0.00931148
0.000178151
0.00925465
0.000178672
0.00919621
0.000178521
0.00913544
0.000179714
0.00907284
0.000180275
0.00900756
0.000182378
0.00893992
0.000184142
0.00886924
0.0001873
0.00879563
0.000190483
0.00871849
0.000195035
0.00863745
0.000200275
0.00855237
0.00020649
0.00846205
0.000214442
0.00836703
0.000222764
0.00826515
0.000233947
0.00815753
0.000245109
0.00804128
0.000259879
0.00791773
0.000274745
0.00778363
0.000293389
0.0076401
0.000312789
0.00748396
0.000335526
0.00731582
0.000359867
0.00713272
0.000386814
0.00693506
0.00041559
0.00671984
0.000446246
0.00648833
0.000477386
0.00623711
0.00050931
0.00596991
0.000537782
0.00568115
0.000564084
0.00537243
0.000578128
0.00504128
0.000575796
0.00468461
0.000567143
0.00428295
0.000551712
0.00383301
0.000525253
0.00330694
0.000503682
0.00268804
0.000494956
0.00192355
0.000530462
0.001051
0.000586067
0.000197441
0.000608686
-0.000379087
0.000473286
-0.000520606
0.000455589
-0.000350737
0.000346318
-0.000406035
-4.76201e-05
-0.000551426
-0.000186369
-0.000522762
-5.51324e-05
5.55156e-05
-0.000443871
0.0100141
2.24017e-05
0.0100441
6.39559e-05
0.0100777
9.56269e-05
0.0101074
0.000115018
0.0101313
0.000126517
0.0101523
0.000131897
0.010173
0.000135857
0.010195
0.000139525
0.0102179
0.000143894
0.0102408
0.000148709
0.0102631
0.0001525
0.0102842
0.000156519
0.0103045
0.000158597
0.0103235
0.000161386
0.0103424
0.000162348
0.01036
0.000164382
0.0103776
0.000165262
0.0103941
0.000166692
0.0104102
0.000167836
0.0104253
0.000168643
0.0104396
0.000169966
0.0104532
0.000170335
0.0104656
0.000171635
0.0104774
0.000171714
0.0104878
0.000172945
0.0104976
0.000172906
0.0105059
0.000174016
0.0105135
0.000174125
0.0105195
0.000174949
0.0105247
0.000175462
0.0105283
0.00017608
0.0105308
0.000177023
0.0105317
0.00017775
0.0105313
0.00017914
0.0105293
0.000180164
0.0105256
0.000182315
0.0105204
0.00018375
0.0105132
0.000186948
0.0105043
0.000189184
0.0104931
0.000193549
0.0104801
0.000197142
0.0104645
0.00020285
0.0104468
0.000208237
0.0104262
0.000215668
0.0104029
0.000223526
0.0103764
0.00023298
0.0103466
0.000244219
0.0103133
0.000256059
0.0102757
0.000271547
0.0102344
0.000286494
0.0101874
0.000306791
0.0101362
0.000325984
0.0100783
0.000351308
0.0100149
0.000376194
0.00994395
0.000406459
0.0098656
0.000438217
0.00977921
0.0004732
0.00968276
0.000512036
0.0095781
0.000550909
0.00946002
0.00059547
0.0093336
0.000635726
0.00918932
0.000682065
0.00903482
0.00071858
0.00885445
0.000758499
0.00864678
0.000783469
0.00840019
0.000813733
0.00811448
0.000837427
0.00777585
0.000863882
0.00738358
0.000895949
0.00693967
0.000938861
0.00645939
0.00101075
0.00596424
0.00108121
0.00540733
0.0011656
0.00468284
0.00119777
0.00393675
0.00120168
0.00310572
0.00117735
0.0020008
0.00105729
0.000785848
0.00102859
-3.10347e-05
0.00076175
0.000358613
-0.000334132
0.010007
1.53788e-05
0.0100268
4.4195e-05
0.0100519
7.04932e-05
0.010077
8.99042e-05
0.0101003
0.000103224
0.0101223
0.000109887
0.0101431
0.000115095
0.0101643
0.000118347
0.0101863
0.000121844
0.0102095
0.000125499
0.0102332
0.000128878
0.0102569
0.000132773
0.0102805
0.000134994
0.0103037
0.000138159
0.010327
0.000139051
0.0103498
0.000141561
0.0103731
0.000142014
0.0103959
0.000143936
0.010419
0.000144656
0.0104418
0.000145913
0.0104646
0.000147169
0.0104871
0.000147788
0.0105093
0.000149443
0.0105315
0.000149542
0.0105529
0.000151526
0.0105745
0.000151293
0.010595
0.000153551
0.0106158
0.000153254
0.0106352
0.000155577
0.010655
0.000155639
0.0106732
0.000157897
0.0106916
0.0001586
0.0107085
0.000160859
0.0107252
0.000162433
0.0107407
0.00016473
0.0107553
0.000167662
0.0107692
0.000169908
0.0107814
0.000174714
0.0107934
0.000177138
0.010803
0.000183979
0.010813
0.000187193
0.0108197
0.000196093
0.0108271
0.000200831
0.0108308
0.000211989
0.0108353
0.000219065
0.0108356
0.000232658
0.0108366
0.000243184
0.0108334
0.000259295
0.0108303
0.000274606
0.0108234
0.000293406
0.0108155
0.000314753
0.0108047
0.000336785
0.0107911
0.000364848
0.0107758
0.000391511
0.0107563
0.000425957
0.0107354
0.000459101
0.0107095
0.000499103
0.0106819
0.000539638
0.0106483
0.000584555
0.0106123
0.000631424
0.0105677
0.000680372
0.010519
0.000730776
0.0104558
0.000781703
0.0103812
0.00083316
0.0102801
0.000884533
0.0101569
0.00093695
0.0100032
0.000991126
0.00981748
0.00104959
0.00959616
0.00111727
0.00934104
0.00119398
0.00906497
0.00128681
0.0087535
0.00139268
0.00840544
0.00151366
0.00796974
0.00163348
0.00746903
0.00170239
0.00688197
0.00176442
0.00621341
0.00172585
0.00553648
0.00170552
0.00462124
0.00167699
0.00151386
0.00346599
0.0100045
1.09033e-05
0.0100166
3.2055e-05
0.0100351
5.20181e-05
0.0100564
6.86288e-05
0.010078
8.15527e-05
0.010099
8.89e-05
0.0101192
9.49411e-05
0.0101398
9.77041e-05
0.0101605
0.00010115
0.0101827
0.000103291
0.0102049
0.00010675
0.0102283
0.000109313
0.0102512
0.000112133
0.0102749
0.000114397
0.0102979
0.000116101
0.0103214
0.000117997
0.0103446
0.000118877
0.0103681
0.000120452
0.0103915
0.000121192
0.010415
0.000122458
0.0104386
0.000123564
0.0104619
0.000124433
0.0104855
0.0001259
0.0105086
0.000126421
0.0105319
0.000128241
0.0105547
0.000128516
0.0105775
0.000130737
0.0105999
0.000130865
0.010622
0.000133435
0.0106439
0.000133808
0.0106652
0.000136536
0.0106862
0.000137585
0.0107067
0.000140377
0.0107267
0.000142437
0.0107461
0.000145309
0.0107649
0.000148904
0.0107832
0.000151588
0.0108003
0.000157581
0.0108177
0.000159803
0.0108328
0.000168809
0.0108491
0.000170934
0.0108622
0.000182957
0.0108771
0.000185975
0.0108882
0.000200835
0.0109014
0.000205889
0.0109106
0.00022346
0.0109219
0.000231911
0.0109293
0.000251915
0.0109384
0.000265505
0.0109443
0.000287507
0.0109509
0.000308141
0.0109558
0.000331839
0.0109595
0.000361144
0.0109643
0.00038673
0.0109648
0.000425505
0.0109699
0.000453958
0.0109673
0.000501713
0.0109722
0.00053472
0.0109671
0.000589652
0.0109695
0.000629024
0.0109608
0.000689085
0.0109561
0.000735521
0.0109377
0.000800034
0.010917
0.000853858
0.0108797
0.000921831
0.0108309
0.000985797
0.0107652
0.0010568
0.0106761
0.00113874
0.0105737
0.00121966
0.0104405
0.00132717
0.0102986
0.00142868
0.0101201
0.00157124
0.0099356
0.00169814
0.00971339
0.00185568
0.00944446
0.00197133
0.00911735
0.00209152
0.00868193
0.00216128
0.00814822
0.00223922
0.00749649
0.00232872
0.00228898
0.00672137
0.0100031
7.79862e-06
0.0100118
2.33858e-05
0.0100256
3.82e-05
0.0100431
5.11404e-05
0.0100624
6.21897e-05
0.0100824
6.89608e-05
0.0101023
7.50184e-05
0.0101224
7.75641e-05
0.0101426
8.09899e-05
0.0101637
8.21995e-05
0.0101852
8.52452e-05
0.0102078
8.6757e-05
0.0102302
8.96498e-05
0.0102535
9.1162e-05
0.0102764
9.32098e-05
0.0102996
9.47427e-05
0.0103229
9.56299e-05
0.0103459
9.73876e-05
0.0103697
9.7433e-05
0.0103925
9.96535e-05
0.0104167
9.93775e-05
0.0104392
0.000101884
0.0104636
0.000101551
0.0104859
0.000104105
0.0105101
0.000104079
0.0105322
0.000106378
0.0105558
0.000107088
0.0105779
0.000108823
0.0106007
0.000110585
0.0106226
0.000111924
0.0106445
0.000114623
0.0106661
0.000116053
0.0106869
0.000119496
0.010708
0.000121381
0.0107276
0.000125714
0.0107482
0.000128316
0.0107663
0.000133476
0.0107862
0.000137647
0.010803
0.000143012
0.0108218
0.000150034
0.0108376
0.000155131
0.0108548
0.000165759
0.0108697
0.000171055
0.0108852
0.000185312
0.0108993
0.000191841
0.0109131
0.000209674
0.0109264
0.000218569
0.0109385
0.000239873
0.0109512
0.000252792
0.0109619
0.000276783
0.0109739
0.000296185
0.010984
0.000321714
0.0109952
0.000349928
0.0110052
0.000376688
0.0110162
0.00041451
0.0110264
0.000443775
0.0110377
0.000490399
0.0110481
0.000524321
0.0110595
0.000578283
0.0110692
0.000619305
0.0110794
0.000678917
0.0110849
0.000730026
0.011091
0.000793917
0.0110878
0.000857062
0.011084
0.000925669
0.0110669
0.00100283
0.0110446
0.00107915
0.0110071
0.00117622
0.0109613
0.00126544
0.0108991
0.00138939
0.0108285
0.00149929
0.010744
0.00165574
0.0106543
0.00178782
0.0105431
0.00196684
0.0104052
0.00210925
0.0102132
0.00228354
0.00995018
0.00242429
0.00961641
0.00257299
0.00924888
0.00269625
0.00277992
0.00875794
0.0100025
5.31043e-06
0.0100092
1.67094e-05
0.0100205
2.6877e-05
0.010035
3.66677e-05
0.0100525
4.46775e-05
0.0100707
5.07221e-05
0.0100904
5.53404e-05
0.0101098
5.81692e-05
0.0101302
6.06175e-05
0.0101504
6.19962e-05
0.0101717
6.38833e-05
0.0101933
6.51441e-05
0.0102157
6.7316e-05
0.0102383
6.85533e-05
0.010261
7.04476e-05
0.0102842
7.16154e-05
0.0103072
7.26455e-05
0.0103305
7.40779e-05
0.0103537
7.42158e-05
0.0103769
7.64011e-05
0.0104005
7.58494e-05
0.0104235
7.88393e-05
0.0104473
7.77518e-05
0.01047
8.1396e-05
0.0104939
8.02378e-05
0.0105163
8.39744e-05
0.0105398
8.35559e-05
0.0105621
8.65429e-05
0.0105848
8.78045e-05
0.0106071
8.9642e-05
0.0106289
9.28671e-05
0.0106511
9.38443e-05
0.0106717
9.88638e-05
0.0106937
9.93908e-05
0.0107131
0.000106379
0.0107349
0.0001065
0.0107526
0.000115715
0.0107743
0.000115982
0.0107905
0.000126828
0.0108116
0.000128894
0.0108267
0.000140088
0.0108467
0.000145764
0.0108611
0.000156639
0.0108795
0.000166903
0.0108936
0.000177676
0.0109102
0.000193089
0.0109246
0.000204183
0.010939
0.000225455
0.0109545
0.000237364
0.0109663
0.000264984
0.0109836
0.000278826
0.0109928
0.000312525
0.0110125
0.000330281
0.01102
0.00036912
0.0110413
0.00039321
0.011049
0.000436134
0.0110709
0.000468475
0.0110798
0.000515391
0.0111012
0.000556946
0.0111118
0.000608706
0.0111299
0.000660753
0.0111424
0.000717584
0.0111539
0.000782338
0.0111666
0.000844438
0.0111681
0.000924151
0.011176
0.00099488
0.0111635
0.00109165
0.0111622
0.00117754
0.0111328
0.00129482
0.0111192
0.00140298
0.0110735
0.00154506
0.0110487
0.00168053
0.0109887
0.00184776
0.0109429
0.00201269
0.010854
0.0021981
0.0107502
0.0023874
0.0106033
0.0025712
0.0104067
0.00276958
0.010174
0.00292891
0.00313542
0.00981853
0.0100023
2.98713e-06
0.0100077
1.1379e-05
0.0100178
1.67599e-05
0.0100302
2.42742e-05
0.0100463
2.85178e-05
0.0100631
3.39491e-05
0.0100823
3.61567e-05
0.0101011
3.9333e-05
0.0101215
4.02369e-05
0.0101414
4.20833e-05
0.0101625
4.27552e-05
0.0101837
4.39887e-05
0.0102056
4.53649e-05
0.010228
4.61659e-05
0.0102504
4.81031e-05
0.0102737
4.82908e-05
0.0102962
5.01947e-05
0.0103201
5.01684e-05
0.0103425
5.18227e-05
0.0103666
5.2239e-05
0.0103891
5.33951e-05
0.0104132
5.46738e-05
0.0104359
5.51011e-05
0.0104597
5.75599e-05
0.0104826
5.73418e-05
0.0105059
6.06699e-05
0.0105289
6.05317e-05
0.0105517
6.37489e-05
0.0105745
6.50291e-05
0.010597
6.71945e-05
0.0106191
7.06882e-05
0.0106413
7.17294e-05
0.0106627
7.73763e-05
0.0106843
7.78015e-05
0.0107051
8.56267e-05
0.0107262
8.54239e-05
0.0107459
9.60289e-05
0.0107667
9.51726e-05
0.010785
0.000108491
0.0108055
0.0001084
0.0108227
0.000122846
0.0108424
0.000126098
0.0108592
0.000139854
0.0108774
0.000148673
0.0108945
0.000160625
0.0109106
0.000176923
0.0109289
0.000185929
0.0109424
0.000211957
0.0109627
0.000217044
0.0109735
0.000254158
0.0109961
0.000256254
0.011005
0.000303589
0.0110296
0.000305681
0.0110377
0.000361035
0.0110641
0.000366842
0.0110727
0.000427565
0.0110993
0.000441875
0.0111107
0.000503919
0.0111349
0.000532784
0.0111506
0.000592977
0.0111714
0.000639927
0.0111897
0.00069937
0.0112072
0.000764821
0.0112253
0.00082633
0.011237
0.000912399
0.0112525
0.000979465
0.0112558
0.0010883
0.0112647
0.00116866
0.0112584
0.00130112
0.0112586
0.0014028
0.0112409
0.00156269
0.0112321
0.00168937
0.0111996
0.00188025
0.0111759
0.00203643
0.0111175
0.0022565
0.0110638
0.00244103
0.0109594
0.0026756
0.0108489
0.00288011
0.0106563
0.00312155
0.00333952
0.0104522
0.0100021
8.50992e-07
0.010007
6.55086e-06
0.0100162
7.53166e-06
0.0100276
1.28587e-05
0.0100426
1.35681e-05
0.0100588
1.77552e-05
0.0100771
1.78274e-05
0.0100959
2.04841e-05
0.0101158
2.03334e-05
0.010136
2.19384e-05
0.0101567
2.2001e-05
0.0101778
2.28715e-05
0.0101995
2.37315e-05
0.0102216
2.4031e-05
0.0102439
2.5775e-05
0.010267
2.52382e-05
0.0102896
2.75487e-05
0.0103133
2.64839e-05
0.0103359
2.92388e-05
0.01036
2.81333e-05
0.0103825
3.09439e-05
0.0104069
3.02842e-05
0.0104292
3.27288e-05
0.0104536
3.31945e-05
0.010476
3.48989e-05
0.0105001
3.66538e-05
0.0105227
3.79277e-05
0.0105461
4.02934e-05
0.0105687
4.24371e-05
0.0105917
4.4227e-05
0.0106139
4.84528e-05
0.0106365
4.91344e-05
0.0106582
5.56839e-05
0.0106802
5.57521e-05
0.0107016
6.43163e-05
0.0107227
6.42498e-05
0.0107438
7.49764e-05
0.010764
7.49238e-05
0.0107846
8.78889e-05
0.0108041
8.8947e-05
0.0108242
0.000102697
0.0108427
0.000107647
0.0108628
0.000119788
0.0108801
0.000131328
0.0109
0.0001407
0.0109169
0.000160064
0.0109362
0.000166597
0.0109532
0.000194934
0.0109721
0.000198158
0.0109894
0.000236863
0.0110084
0.000237242
0.0110265
0.000285528
0.0110454
0.000286808
0.0110655
0.000340928
0.0110839
0.00034842
0.0111063
0.00040515
0.0111256
0.000422606
0.0111488
0.000480719
0.0111701
0.000511475
0.0111939
0.000569128
0.0112159
0.00061792
0.0112414
0.000673927
0.0112626
0.000743653
0.0112879
0.000800959
0.0113074
0.000892935
0.0113305
0.000956348
0.0113465
0.00107235
0.0113644
0.0011507
0.0113769
0.00128864
0.0113852
0.00139446
0.0113929
0.00155497
0.0113882
0.00169411
0.0113852
0.00188322
0.0113636
0.00205807
0.0113396
0.00228052
0.0112962
0.00248435
0.0112277
0.00274411
0.011145
0.00296283
0.0110016
0.00326494
0.00349785
0.0108433
0.0100019
-1.03165e-06
0.0100068
1.62319e-06
0.0100154
-1.03195e-06
0.0100266
1.68115e-06
0.0100407
-5.61647e-07
0.0100568
1.60955e-06
0.0100745
1.38037e-07
0.0100936
1.41048e-06
0.010113
9.15956e-07
0.0101336
1.38705e-06
0.0101539
1.65541e-06
0.0101753
1.43678e-06
0.0101965
2.53706e-06
0.0102189
1.69687e-06
0.0102409
3.72044e-06
0.0102641
2.03343e-06
0.0102867
5.00337e-06
0.0103104
2.72959e-06
0.0103331
6.60282e-06
0.0103572
4.00786e-06
0.0103798
8.34074e-06
0.0104042
5.90214e-06
0.0104267
1.01835e-05
0.0104512
8.75872e-06
0.0104737
1.23286e-05
0.010498
1.23732e-05
0.0105206
1.53502e-05
0.0105446
1.62934e-05
0.010567
2.00701e-05
0.0105908
2.04202e-05
0.0106126
2.6563e-05
0.0106362
2.55438e-05
0.0106577
3.42219e-05
0.0106807
3.27958e-05
0.0107021
4.28462e-05
0.0107239
4.24813e-05
0.0107457
5.31638e-05
0.0107662
5.44649e-05
0.0107881
6.59418e-05
0.0108077
6.93851e-05
0.0108293
8.11118e-05
0.0108484
8.84847e-05
0.0108693
9.88768e-05
0.0108886
0.000112109
0.0109085
0.000120795
0.0109285
0.000139986
0.0109468
0.000148287
0.0109688
0.000172965
0.0109852
0.000181751
0.0110096
0.000212507
0.0110247
0.000222162
0.0110512
0.000259016
0.0110664
0.000271606
0.011094
0.000313282
0.0111114
0.000331032
0.0111388
0.000377746
0.0111601
0.000401361
0.0111867
0.000454069
0.0112125
0.000485706
0.0112381
0.000543524
0.0112687
0.000587262
0.0112931
0.000649588
0.0113275
0.000709259
0.0113513
0.000777146
0.0113869
0.000857286
0.0114105
0.000932749
0.0114447
0.00103816
0.0114681
0.0011273
0.0114981
0.00125863
0.0115187
0.0013739
0.0115418
0.0015319
0.0115564
0.00167945
0.0115636
0.001876
0.0115681
0.00205359
0.0115536
0.00229501
0.0115305
0.00250749
0.0114902
0.00278441
0.0114049
0.00304809
0.0113263
0.00334362
0.00366191
0.0111622
0.0100017
-2.76125e-06
0.0100069
-3.54783e-06
0.0100153
-9.41156e-06
0.0100267
-9.69945e-06
0.0100406
-1.45499e-05
0.010057
-1.47333e-05
0.0100746
-1.742e-05
0.0100939
-1.78967e-05
0.010113
-1.82533e-05
0.010134
-1.95835e-05
0.0101539
-1.82829e-05
0.0101759
-2.05007e-05
0.0101967
-1.82413e-05
0.0102194
-2.10448e-05
0.0102413
-1.8152e-05
0.0102646
-2.13099e-05
0.0102873
-1.76443e-05
0.0103109
-2.09194e-05
0.0103339
-1.63577e-05
0.0103578
-1.9963e-05
0.0103808
-1.46222e-05
0.0104051
-1.84138e-05
0.010428
-1.26607e-05
0.0104524
-1.57124e-05
0.0104753
-1.05801e-05
0.0104996
-1.18869e-05
0.0105227
-7.79361e-06
0.0105465
-7.44563e-06
0.0105698
-3.22915e-06
0.0105931
-2.87819e-06
0.0106162
3.45367e-06
0.0106392
2.52564e-06
0.0106619
1.14944e-05
0.0106846
1.01337e-05
0.0107071
2.03923e-05
0.0107291
2.03982e-05
0.0107515
3.08365e-05
0.0107729
3.30178e-05
0.010795
4.38766e-05
0.0108161
4.82658e-05
0.0108376
5.9582e-05
0.0108587
6.74081e-05
0.0108797
7.78976e-05
0.0109008
9.09393e-05
0.0109213
0.000100302
0.0109431
0.000118262
0.0109629
0.00012847
0.0109857
0.000150135
0.0110053
0.000162124
0.0110288
0.000189017
0.0110498
0.00020115
0.0110733
0.000235518
0.0110963
0.000248676
0.0111212
0.000288323
0.0111452
0.000307041
0.0111725
0.000350478
0.0111992
0.000374695
0.0112268
0.000426434
0.0112586
0.000453927
0.0112865
0.000515542
0.0113224
0.000551402
0.0113525
0.000619491
0.0113915
0.000670249
0.0114243
0.00074441
0.0114644
0.000817109
0.0115031
0.000894069
0.011539
0.00100227
0.0115866
0.00107968
0.0116155
0.00122981
0.0116678
0.00132155
0.0116917
0.001508
0.0117364
0.0016348
0.0117579
0.00185447
0.0117796
0.00203189
0.0117932
0.00228142
0.0117802
0.00252043
0.0117629
0.00280176
0.0117104
0.00310054
0.0116264
0.00342763
0.00376822
0.0115201
0.0100015
-4.28984e-06
0.0100074
-9.37053e-06
0.0100158
-1.78159e-05
0.010028
-2.19834e-05
0.0100423
-2.8762e-05
0.0100593
-3.18266e-05
0.010077
-3.5093e-05
0.0100967
-3.75627e-05
0.010116
-3.75211e-05
0.0101369
-4.05712e-05
0.0101571
-3.84812e-05
0.0101789
-4.22342e-05
0.0102003
-3.96542e-05
0.0102225
-4.32976e-05
0.0102454
-4.10436e-05
0.0102678
-4.37078e-05
0.0102918
-4.16307e-05
0.0103142
-4.33443e-05
0.0103387
-4.0795e-05
0.0103615
-4.28307e-05
0.0103857
-3.88139e-05
0.0104094
-4.20953e-05
0.010433
-3.6272e-05
0.0104573
-4.00193e-05
0.0104808
-3.40383e-05
0.0105049
-3.6e-05
0.0105289
-3.17807e-05
0.0105521
-3.06634e-05
0.0105768
-2.78814e-05
0.0105992
-2.52671e-05
0.0106239
-2.13102e-05
0.0106461
-1.96342e-05
0.0106703
-1.27057e-05
0.0106926
-1.21472e-05
0.0107161
-3.16495e-06
0.0107383
-1.80636e-06
0.0107615
7.63699e-06
0.0107834
1.11451e-05
0.0108064
2.0866e-05
0.010828
2.66978e-05
0.0108507
3.68465e-05
0.0108722
4.58777e-05
0.0108948
5.53586e-05
0.0109162
6.95221e-05
0.010939
7.7467e-05
0.0109604
9.68554e-05
0.0109834
0.000105473
0.011006
0.000127568
0.0110284
0.000139764
0.0110533
0.000164064
0.0110754
0.000179068
0.0111024
0.0002085
0.0111255
0.000225542
0.011155
0.000258848
0.0111785
0.000283554
0.0112131
0.000315856
0.0112358
0.000351978
0.0112761
0.000386168
0.0113006
0.000429456
0.0113446
0.00047152
0.0113723
0.00052375
0.0114216
0.000570151
0.0114517
0.000640157
0.0115057
0.000690369
0.0115424
0.000780484
0.0115971
0.000839337
0.0116429
0.000956453
0.0116974
0.00102521
0.011752
0.00117514
0.0118037
0.00126993
0.0118662
0.00144549
0.0119108
0.00159019
0.0119715
0.00179372
0.0120071
0.00199631
0.0120462
0.00224228
0.0120627
0.002504
0.0120631
0.00280134
0.012036
0.00312761
0.0119822
0.00348147
0.00387176
0.0118786
0.0100015
-5.80039e-06
0.0100082
-1.60247e-05
0.0100171
-2.67887e-05
0.0100308
-3.56171e-05
0.010046
-4.39535e-05
0.0100638
-4.97128e-05
0.0100823
-5.35686e-05
0.010102
-5.72077e-05
0.0101219
-5.74905e-05
0.0101424
-6.108e-05
0.0101634
-5.947e-05
0.0101848
-6.36291e-05
0.0102071
-6.19122e-05
0.0102292
-6.53836e-05
0.0102528
-6.4645e-05
0.0102749
-6.57817e-05
0.0102997
-6.64668e-05
0.0103214
-6.50565e-05
0.0103472
-6.65614e-05
0.0103689
-6.4515e-05
0.0103948
-6.47355e-05
0.0104172
-6.44895e-05
0.0104423
-6.14526e-05
0.0104659
-6.35803e-05
0.0104902
-5.8326e-05
0.0105144
-6.02318e-05
0.0105385
-5.58783e-05
0.0105624
-5.45283e-05
0.010587
-5.2527e-05
0.01061
-4.81924e-05
0.0106352
-4.65371e-05
0.0106574
-4.18205e-05
0.0106827
-3.8054e-05
0.0107046
-3.39859e-05
0.0107297
-2.83205e-05
0.0107514
-2.34848e-05
0.0107762
-1.71317e-05
0.0107979
-1.05975e-05
0.0108222
-3.39905e-06
0.0108442
4.66123e-06
0.0108679
1.31473e-05
0.0108902
2.35652e-05
0.0109137
3.18285e-05
0.0109363
4.70089e-05
0.0109598
5.39181e-05
0.0109832
7.34354e-05
0.0110062
8.25292e-05
0.0110318
0.000101949
0.0110539
0.000117677
0.0110818
0.000136193
0.0111048
0.000156001
0.0111336
0.00017971
0.0111595
0.000199606
0.0111898
0.000228562
0.0112174
0.000255996
0.0112527
0.00028057
0.01128
0.000324624
0.011322
0.000344232
0.0113513
0.000400082
0.0113969
0.000425978
0.0114342
0.000486399
0.0114788
0.000525585
0.01153
0.000588915
0.0115703
0.000650115
0.01164
0.000710781
0.0116746
0.000804765
0.0117637
0.000867338
0.0117975
0.000991341
0.0118979
0.00107479
0.0119411
0.00122677
0.012042
0.00134455
0.0120968
0.00153542
0.0121907
0.00169977
0.0122496
0.00193744
0.0123204
0.00217144
0.0123692
0.00245526
0.0123968
0.00277371
0.0124082
0.00311617
0.0123646
0.00352508
0.00392854
0.0123078
0.010002
-7.78018e-06
0.0100095
-2.35236e-05
0.0100202
-3.74716e-05
0.0100355
-5.091e-05
0.0100525
-6.09723e-05
0.0100713
-6.85086e-05
0.0100908
-7.30535e-05
0.0101105
-7.6992e-05
0.0101308
-7.77996e-05
0.0101516
-8.18013e-05
0.0101726
-8.05431e-05
0.0101951
-8.60537e-05
0.0102169
-8.37531e-05
0.0102405
-8.90114e-05
0.0102631
-8.72192e-05
0.0102868
-8.95047e-05
0.0103106
-9.02587e-05
0.0103335
-8.79695e-05
0.010359
-9.20001e-05
0.010381
-8.65336e-05
0.0104075
-9.12529e-05
0.0104295
-8.64944e-05
0.0104557
-8.76732e-05
0.0104789
-8.67732e-05
0.0105038
-8.32073e-05
0.0105285
-8.49303e-05
0.0105522
-7.95604e-05
0.0105776
-7.99556e-05
0.010601
-7.58748e-05
0.0106262
-7.34073e-05
0.0106498
-7.01583e-05
0.0106744
-6.64166e-05
0.0106984
-6.20318e-05
0.0107224
-5.80431e-05
0.0107465
-5.2402e-05
0.0107704
-4.73882e-05
0.0107941
-4.08279e-05
0.0108186
-3.50496e-05
0.010841
-2.58721e-05
0.0108669
-2.11562e-05
0.0108877
-7.70303e-06
0.0109151
-3.85864e-06
0.0109351
1.1906e-05
0.0109629
1.91839e-05
0.0109838
3.29902e-05
0.0110108
4.64057e-05
0.0110337
5.97027e-05
0.0110611
7.45563e-05
0.0110842
9.44989e-05
0.011114
0.000106391
0.0111379
0.000132104
0.0111685
0.000149119
0.0111977
0.000170439
0.0112265
0.000199728
0.0112616
0.000220875
0.0112926
0.000249668
0.0113308
0.000286389
0.0113656
0.000309431
0.011411
0.000354718
0.0114451
0.000391861
0.0115029
0.000428603
0.0115377
0.000490788
0.0116047
0.000521859
0.0116474
0.000607406
0.0117216
0.000636574
0.0117748
0.000751623
0.0118582
0.000783905
0.011925
0.000924528
0.0120164
0.000983386
0.0121033
0.00113985
0.0121981
0.00124982
0.0123078
0.00142572
0.0123986
0.00160894
0.0125223
0.00181372
0.0126032
0.00209053
0.0127081
0.00235036
0.0127595
0.00272231
0.0128252
0.00305051
0.0128103
0.00353995
0.00397578
0.0127631
0.0100029
-1.06354e-05
0.0100119
-3.26042e-05
0.0100255
-5.10747e-05
0.0100433
-6.87053e-05
0.0100627
-8.02977e-05
0.0100826
-8.84919e-05
0.0101029
-9.32899e-05
0.010123
-9.7126e-05
0.0101435
-9.83272e-05
0.0101649
-0.000103201
0.0101863
-0.000101881
0.01021
-0.000109787
0.0102314
-0.000105171
0.0102569
-0.000114462
0.0102781
-0.00010841
0.0103041
-0.000115538
0.0103259
-0.000112046
0.0103513
-0.000113409
0.0103749
-0.000115569
0.0103989
-0.000110583
0.0104245
-0.000116841
0.0104474
-0.00010934
0.010474
-0.000114317
0.0104968
-0.00010954
0.0105231
-0.000109528
0.0105468
-0.000108653
0.010572
-0.000104758
0.010597
-0.000104906
0.010621
-9.99346e-05
0.0106469
-9.92738e-05
0.0106702
-9.34748e-05
0.0106964
-9.25805e-05
0.0107196
-8.52496e-05
0.0107454
-8.38624e-05
0.010769
-7.59403e-05
0.0107944
-7.28359e-05
0.0108179
-6.43225e-05
0.0108436
-6.07734e-05
0.0108664
-4.86465e-05
0.010893
-4.77465e-05
0.0109151
-2.98244e-05
0.010942
-3.07309e-05
0.0109649
-1.10352e-05
0.0109904
-6.28514e-06
0.0110164
7.04107e-06
0.0110398
2.29083e-05
0.0110681
3.14783e-05
0.0110933
4.93198e-05
0.0111191
6.86864e-05
0.0111513
7.41877e-05
0.0111732
0.000110243
0.0112102
0.000112077
0.0112365
0.000144195
0.0112691
0.00016707
0.0113082
0.000181772
0.0113357
0.000222191
0.0113836
0.000238486
0.0114159
0.000277167
0.0114648
0.000305836
0.0115084
0.000348231
0.0115577
0.000379265
0.0116146
0.000433915
0.0116652
0.00047123
0.0117388
0.000533816
0.0117912
0.000584181
0.0118865
0.000656359
0.0119414
0.000729016
0.0120596
0.000806253
0.0121277
0.000915331
0.0122643
0.00100321
0.0123555
0.00115867
0.0125084
0.00127284
0.0126244
0.00149295
0.0127825
0.00165554
0.012921
0.00195209
0.0130482
0.0022231
0.0131971
0.00257346
0.013252
0.00299565
0.013347
0.00344492
0.00401537
0.0133074
0.0100045
-1.51756e-05
0.0100165
-4.46074e-05
0.0100353
-6.98004e-05
0.0100564
-8.97866e-05
0.0100785
-0.000102455
0.010099
-0.000109026
0.0101201
-0.000114326
0.0101402
-0.000117235
0.0101619
-0.000120009
0.0101838
-0.000125134
0.0102066
-0.000124633
0.0102305
-0.000133764
0.0102532
-0.000127794
0.0102786
-0.000139945
0.0103003
-0.000130081
0.0103268
-0.000142028
0.0103482
-0.000133419
0.010375
-0.000140195
0.0103973
-0.000137919
0.0104232
-0.000136518
0.0104475
-0.000141145
0.0104717
-0.000133526
0.0104983
-0.00014087
0.0105206
-0.000131847
0.010549
-0.000137953
0.01057
-0.000129605
0.0105993
-0.00013411
0.01062
-0.000125628
0.010649
-0.000128874
0.0106707
-0.000121004
0.0106983
-0.000121037
0.0107212
-0.000115456
0.010748
-0.0001121
0.0107706
-0.000106484
0.0107983
-0.00010362
0.0108196
-9.41096e-05
0.0108482
-9.29889e-05
0.0108689
-8.14665e-05
0.0108973
-7.69923e-05
0.010919
-6.94448e-05
0.0109459
-5.67075e-05
0.0109692
-5.40937e-05
0.0109955
-3.73225e-05
0.0110189
-2.9688e-05
0.0110478
-2.18267e-05
0.0110685
2.22305e-06
0.0111025
-2.57728e-06
0.011121
3.08741e-05
0.011157
3.26674e-05
0.0111796
5.15503e-05
0.0112131
7.67586e-05
0.0112427
8.24783e-05
0.0112756
0.000111303
0.0113084
0.000134272
0.0113472
0.000142945
0.0113814
0.000187998
0.0114256
0.000194284
0.011468
0.000234812
0.0115111
0.000262709
0.0115694
0.000289968
0.0116095
0.00033912
0.0116854
0.000358059
0.0117276
0.000428963
0.0118174
0.000444096
0.0118716
0.000529956
0.0119743
0.000553687
0.0120443
0.000658931
0.0121615
0.000689133
0.0122648
0.000811971
0.0123813
0.000886751
0.0125461
0.000993838
0.01266
0.00115899
0.0128852
0.00126775
0.0130188
0.00152193
0.0132583
0.00171252
0.0134306
0.00205086
0.0136276
0.00237643
0.0137945
0.0028288
0.0139093
0.00333009
0.00394842
0.0139762
0.0100072
-2.23669e-05
0.0100268
-6.42495e-05
0.0100521
-9.50452e-05
0.0100772
-0.000114881
0.0101007
-0.000125966
0.0101228
-0.000131163
0.0101439
-0.000135394
0.0101652
-0.000138571
0.0101876
-0.000142429
0.0102111
-0.000148564
0.0102352
-0.000148731
0.0102593
-0.000157879
0.0102833
-0.000151845
0.0103074
-0.000163975
0.0103307
-0.000153381
0.0103553
-0.0001667
0.0103777
-0.000155785
0.0104037
-0.000166214
0.0104251
-0.000159338
0.0104522
-0.000163584
0.0104733
-0.000162194
0.0105001
-0.000160358
0.0105221
-0.000162909
0.0105471
-0.000156829
0.0105714
-0.000162225
0.0105936
-0.000151812
0.0106201
-0.000160572
0.0106403
-0.000145846
0.0106674
-0.000155995
0.0106874
-0.000141033
0.0107135
-0.000147144
0.0107343
-0.000136234
0.0107592
-0.000137036
0.0107803
-0.000127515
0.0108046
-0.000127954
0.0108259
-0.000115378
0.0108486
-0.000115748
0.0108723
-0.000105094
0.0108908
-9.55652e-05
0.0109198
-9.84448e-05
0.010932
-6.88989e-05
0.0109679
-9.00116e-05
0.0109749
-4.42424e-05
0.0110145
-6.93095e-05
0.0110231
-3.04229e-05
0.0110588
-3.35241e-05
0.0110761
-1.9825e-05
0.0111062
7.70865e-07
0.0111287
1.00981e-05
0.0111648
1.55084e-05
0.0111807
6.08092e-05
0.0112322
3.1025e-05
0.0112387
0.000104772
0.0113033
6.96645e-05
0.0113102
0.000136076
0.0113806
0.000117593
0.0113944
0.000180463
0.0114704
0.000158841
0.0114908
0.000242318
0.0115775
0.000203247
0.0116027
0.000313972
0.0117029
0.000257831
0.0117398
0.000392034
0.0118442
0.000339704
0.0119131
0.000461037
0.0120153
0.000451529
0.012112
0.000562211
0.0122384
0.000562769
0.0123492
0.000701174
0.0125101
0.000725807
0.0126594
0.000844575
0.0128471
0.000971222
0.0130569
0.00105795
0.0133016
0.00127731
0.0135596
0.00145445
0.0138359
0.00177453
0.0141572
0.00205517
0.0143333
0.00265269
0.0146288
0.00303463
0.00387438
0.0147028
0.0100144
-3.67586e-05
0.0100438
-9.36282e-05
0.010078
-0.000129314
0.0101073
-0.000144153
0.0101319
-0.000150588
0.0101526
-0.000151877
0.0101741
-0.000156833
0.0101959
-0.000160393
0.0102198
-0.000166326
0.010242
-0.000170736
0.0102664
-0.00017315
0.0102855
-0.000176996
0.0103097
-0.000176059
0.0103253
-0.000179507
0.0103497
-0.000177805
0.010363
-0.000179996
0.0103867
-0.000179482
0.0103996
-0.000179134
0.0104208
-0.000180527
0.0104347
-0.000177453
0.0104524
-0.000179894
0.0104672
-0.000175223
0.010482
-0.000177701
0.0104969
-0.000171677
0.0105099
-0.00017528
0.0105235
-0.00016537
0.010536
-0.000173061
0.0105471
-0.000157029
0.0105604
-0.000169266
0.0105681
-0.000148716
0.0105832
-0.000162254
0.0105873
-0.000140296
0.0106038
-0.000153546
0.0106058
-0.000129581
0.0106221
-0.000144159
0.0106241
-0.000117467
0.0106391
-0.000130725
0.0106418
-0.000107737
0.010657
-0.000110786
0.0106584
-9.98383e-05
0.0106773
-8.77948e-05
0.0106755
-8.82075e-05
0.0106994
-6.82031e-05
0.0106971
-6.69922e-05
0.0107222
-5.54709e-05
0.0107253
-3.66291e-05
0.0107488
-4.33724e-05
0.0107584
-8.84128e-06
0.0107878
-1.9273e-05
0.010794
9.33215e-06
0.0108396
1.52174e-05
0.0108399
3.06674e-05
0.010897
4.76902e-05
0.0109053
6.13174e-05
0.0109638
7.76008e-05
0.0109846
9.68588e-05
0.0110567
0.000108314
0.0110718
0.000143725
0.0111781
0.000135998
0.0111828
0.000198555
0.0113172
0.000179567
0.0113305
0.000244581
0.0114777
0.000244834
0.0115158
0.000301628
0.0116766
0.00030025
0.0117423
0.000385822
0.0119189
0.000385574
0.0120384
0.000443249
0.0121944
0.000545153
0.0123999
0.00052035
0.0125948
0.000649686
0.0127905
0.000775542
0.0131424
0.000706063
0.0133548
0.00106487
0.0137917
0.0010175
0.014185
0.00138128
0.0146695
0.00157065
0.0151651
0.00215715
0.0154972
0.00270255
0.00354978
0.0158217
0.0100357
-7.24423e-05
0.0100797
-0.000137685
0.0101109
-0.000160466
0.0101275
-0.00016072
0.0101361
-0.0001592
0.0101437
-0.000159531
0.01015
-0.000163144
0.0101543
-0.00016462
0.0101552
-0.000167244
0.0101518
-0.000167313
0.0101459
-0.000167248
0.0101346
-0.000165718
0.0101236
-0.000165084
0.0101062
-0.000162092
0.0100915
-0.000163082
0.0100691
-0.000157651
0.0100506
-0.000160998
0.0100244
-0.000152861
0.0100019
-0.000158023
0.00997249
-0.000148084
0.00994611
-0.000153513
0.00991433
-0.000143445
0.00988447
-0.000147843
0.0098511
-0.000138299
0.00981766
-0.000141844
0.00978387
-0.000131582
0.00974682
-0.000136014
0.00971334
-0.000123544
0.00967384
-0.000129771
0.00964019
-0.000115063
0.00960022
-0.000122287
0.009566
-0.000106072
0.00952673
-0.000114272
0.00949278
-9.56371e-05
0.00945457
-0.000105946
0.00942161
-8.45076e-05
0.00938641
-9.55249e-05
0.00935308
-7.44074e-05
0.00932488
-8.25885e-05
0.00928904
-6.3995e-05
0.0092714
-7.01529e-05
0.00923297
-4.97799e-05
0.00922568
-6.09181e-05
0.00919072
-3.20229e-05
0.00918675
-5.15097e-05
0.00916614
-1.60149e-05
0.00915965
-3.68821e-05
0.00915254
-1.73112e-06
0.00915633
-2.30665e-05
0.00914679
1.88721e-05
0.0091779
-1.58866e-05
0.00916642
4.21452e-05
0.00921164
2.46428e-06
0.00922466
4.82981e-05
0.00925892
4.33441e-05
0.00931274
4.30367e-05
0.00933974
8.13205e-05
0.0094236
5.98642e-05
0.00946647
9.31243e-05
0.00956445
0.000100572
0.00963653
0.000107488
0.0097591
0.000122012
0.00982529
0.000178644
0.0100417
8.51859e-05
0.0100427
0.000299297
0.0103584
7.00789e-05
0.0103713
0.000372664
0.0107235
9.1053e-05
0.0107694
0.000499327
0.0112335
5.62548e-05
0.0112392
0.000643952
0.0118886
0.000126085
0.0118791
0.000715585
0.0127184
0.000225577
0.0127819
0.000953971
0.013785
0.000378188
0.0141753
0.00118035
0.0153706
0.000961889
0.016015
0.00205814
0.00232908
0.0172357
0.00992756
0.00978987
0.00962941
0.00946869
0.00930949
0.00914996
0.00898681
0.00882219
0.00865495
0.00848764
0.00832039
0.00815467
0.00798959
0.0078275
0.00766441
0.00750676
0.00734576
0.0071929
0.00703488
0.0068868
0.00673328
0.00658984
0.00644199
0.0063037
0.00616185
0.00603027
0.00589426
0.00577071
0.00564094
0.00552588
0.00540359
0.00529752
0.00518325
0.00508761
0.00498167
0.00489716
0.00480163
0.00472723
0.00464464
0.00458064
0.00451049
0.00446071
0.00439979
0.00436777
0.00431626
0.00430024
0.00426336
0.00426163
0.00423856
0.00425744
0.00424155
0.00428369
0.00428616
0.00433446
0.0043778
0.00442084
0.00450216
0.00456202
0.00465515
0.00475572
0.00486321
0.00498522
0.00516386
0.00524905
0.00554835
0.00561843
0.00599109
0.00608214
0.00658147
0.00663772
0.00728168
0.00740776
0.00812335
0.00834892
0.00930289
0.00968108
0.0108614
0.0118233
0.0138815
0.0162105
-9.31191e-05
-7.44828e-05
8.06078e-05
-0.000173727
0.000203952
-0.000123345
0.000356846
-0.000152894
0.000481065
-0.000124219
0.000562047
-8.09823e-05
0.000573938
-1.18903e-05
0.000518113
5.5825e-05
0.00043103
8.70826e-05
0.000219276
0.000211755
-0.000293198
0.000512473
-0.00108953
0.000796333
-0.00176963
0.000680098
-0.00227599
0.000506361
-0.00264346
0.000367472
-0.00268873
4.52667e-05
-0.00251723
-0.000171499
-0.00208903
-0.000428203
-0.00134762
-0.000741408
-0.00134762
-0.000165993
-0.000352361
0.000108343
-0.000448063
0.00023511
-0.000250112
0.000287003
-0.000204787
0.000374074
-0.00021129
0.000470067
-0.000176975
0.00049566
-3.74835e-05
0.000331079
0.000220406
-0.000106687
0.000524848
-0.000834417
0.000939485
-0.00163918
0.00131724
-0.00223061
0.00138776
-0.00265637
0.00110586
-0.00301093
0.00086092
-0.00319769
0.000554232
-0.0032023
4.98738e-05
-0.00297575
-0.00039804
-0.00223764
-0.00116632
-0.00110522
-0.00187382
-0.00245284
-0.000642471
-4.40215e-05
-0.000562146
-0.000528388
-0.000171656
-0.000640602
0.000168515
-0.000544958
0.000338111
-0.000380885
0.000249834
-8.86974e-05
5.54438e-05
0.000156906
-0.000213395
0.000489245
-0.000659518
0.000970971
-0.00129733
0.0015773
-0.00184111
0.00186102
-0.00216952
0.00171617
-0.0024377
0.00137404
-0.00260198
0.0010252
-0.00262367
0.000575926
-0.00253348
-4.03206e-05
-0.00216498
-0.000766538
-0.00144735
-0.00188395
-0.000565182
-0.002756
-0.00301802
0.00197783
0.00144414
0.000578033
0.000871411
-0.000260528
0.00019796
-0.000439408
-0.000366079
-0.000115637
-0.000704656
9.31411e-05
-0.000297475
-2.54439e-05
0.000275491
-0.000454012
0.000917813
-0.000894165
0.00141112
-0.00119725
0.00188039
-0.00144486
0.00210863
-0.0016754
0.0019467
-0.00182611
0.00152475
-0.00172852
0.000927604
-0.00152925
0.000376657
-0.00133439
-0.000235183
-0.000956977
-0.00114395
-0.000612376
-0.00222855
-0.000368628
-0.00299974
-0.00338665
0.0059668
0.00219871
0.00485918
0.00197903
0.00315326
0.00190388
0.00131508
0.0014721
-2.56547e-05
0.000636076
-0.000416628
9.34984e-05
-0.000200455
5.93178e-05
-0.00010353
0.000820889
-0.000365014
0.00167261
-0.000724278
0.00223965
-0.000989443
0.00237379
-0.00109066
0.00204792
-0.00101484
0.00144893
-0.000725215
0.000637983
-0.000569823
0.000221265
-0.000512965
-0.000292042
-0.000169707
-0.00148721
-9.56674e-05
-0.00230259
-0.000173088
-0.00292232
-0.00355974
0.00812485
0.00283181
0.007221
0.00288288
0.00626999
0.00285488
0.00505408
0.00268802
0.00310687
0.00258328
0.00108257
0.00211781
-0.000174834
0.00131672
-0.000261034
0.000907089
0.000168597
0.00124298
0.000325276
0.00208298
0.000185158
0.00251391
5.57443e-05
0.00217733
-4.05411e-05
0.00154522
-2.78298e-05
0.000625272
4.96506e-05
0.000143784
0.000146541
-0.000388932
0.00031157
-0.00165224
0.000114511
-0.00210553
-1.95266e-05
-0.00278829
-0.00357926
0.00938635
0.00326398
0.00881062
0.00345861
0.00813961
0.0035259
0.00719517
0.00363245
0.00606566
0.00371279
0.00457311
0.00361035
0.00261585
0.00327398
0.000811454
0.00271149
-9.40538e-06
0.00206384
0.00012492
0.00194865
0.000449049
0.00218978
0.000502263
0.00212412
0.000481773
0.00156571
0.000617137
0.000489907
0.000690543
7.03785e-05
0.00062042
-0.00031881
0.000230399
-0.00126222
-0.000271599
-0.00160353
-0.000180842
-0.00287904
-0.0037601
0.0101172
0.00359897
0.00978235
0.00379344
0.00925134
0.0040569
0.00864437
0.00423942
0.00789902
0.00445813
0.00693248
0.0045769
0.00560808
0.00459837
0.00397109
0.00434848
0.00221327
0.00382165
0.000986155
0.00317577
0.00058458
0.00259136
0.000547009
0.00216169
0.000361867
0.00175085
0.000237591
0.000614184
0.00029804
9.92959e-06
0.000199145
-0.000219914
-7.60128e-07
-0.00106231
2.90257e-05
-0.00163332
0.000255855
-0.00310587
-0.00350425
0.010623
0.00381927
0.0103351
0.00408135
0.0100019
0.00439009
0.00956172
0.00467961
0.00904005
0.0049798
0.00841555
0.0052014
0.00760391
0.00541002
0.00656202
0.00539037
0.00523668
0.00514699
0.0037882
0.00462425
0.00239936
0.0039802
0.00150064
0.00306041
0.00144742
0.00180407
0.00175027
0.000311329
0.00183689
-7.66882e-05
0.00154797
6.90064e-05
0.00111762
-0.000631959
0.00110092
-0.00161662
0.000780412
-0.00278536
-0.00272384
0.0110086
0.00397289
0.0107723
0.0043176
0.0104984
0.00466407
0.010179
0.00499902
0.0098198
0.00533895
0.00936099
0.00566021
0.00883984
0.00593117
0.00815408
0.00607613
0.00730028
0.00600078
0.00637254
0.00555199
0.00567452
0.00467822
0.00505316
0.00368178
0.00470181
0.00215542
0.00472722
0.000285921
0.00447483
0.000175702
0.0040482
0.000495636
0.00357749
-0.000161246
0.00287894
-0.000918074
0.0016441
-0.00155053
-0.00107973
0.0113552
0.00413786
0.0111634
0.00450931
0.0109363
0.00489117
0.0106494
0.00528599
0.0103297
0.00565865
0.0100028
0.00598708
0.00965461
0.00627936
0.00924407
0.00648667
0.00862805
0.0066168
0.00746267
0.00671737
0.00571564
0.00642524
0.00332484
0.00607259
0.000153853
0.0053264
-0.00271036
0.00315013
-0.00411636
0.0015817
-0.0040365
0.000415776
-0.00300669
-0.00119106
-0.00196281
-0.00196195
-0.00126083
-0.00225252
-0.00234056
0.0117468
0.00426969
0.0115604
0.00469573
0.0113275
0.00512405
0.011084
0.0055295
0.0107888
0.00595387
0.0104175
0.00635838
0.0100109
0.00668599
0.00961015
0.00688737
0.00926233
0.00696463
0.00897068
0.00700901
0.00860487
0.00679106
0.00843509
0.00624236
0.00823652
0.00552497
0.00700137
0.00438528
0.00566356
0.00291951
0.00476463
0.00131471
0.0042364
-0.000662835
0.00376294
-0.00148848
0.00215842
-0.000647997
-0.000182137
0.0121615
0.00441601
0.0119978
0.00485948
0.0117523
0.00536955
0.011456
0.00582574
0.0111525
0.00625741
0.010842
0.00666883
0.0104477
0.0070803
0.00989915
0.00743594
0.00926049
0.00760329
0.00854443
0.00772508
0.00746646
0.00786902
0.00616631
0.00754251
0.00500286
0.00668842
0.00389097
0.00549718
0.00310008
0.00371039
0.00246057
0.00195423
0.0017107
8.70341e-05
0.000951576
-0.000729362
0.000812426
-0.000508846
0.000630289
0.012672
0.00450713
0.0124689
0.00506257
0.0122332
0.00560527
0.0118776
0.00618126
0.011465
0.00667002
0.0110579
0.00707597
0.0108209
0.00731731
0.0106993
0.00755755
0.01057
0.00773255
0.0107124
0.0075827
0.0107097
0.00787173
0.010068
0.00818419
0.00879969
0.00795673
0.00717263
0.00712424
0.00553278
0.00535023
0.00416908
0.00331792
0.00249148
0.00176464
0.000753195
0.00100893
-0.000129394
0.000373744
0.000500894
0.0132115
0.00460299
0.0130411
0.00523301
0.0127704
0.00587592
0.012413
0.00653871
0.0119174
0.00716559
0.0112623
0.00773113
0.0104531
0.00812648
0.00968317
0.00832747
0.00865689
0.00875883
0.00773414
0.00850545
0.00760704
0.00799883
0.00803443
0.0077568
0.0083074
0.00768376
0.00785683
0.0075748
0.00634833
0.00685874
0.0043571
0.00530915
0.00264666
0.00347507
0.00147663
0.00217896
0.000554514
0.00129586
0.00105541
0.0139257
0.0046535
0.0136282
0.0055305
0.0133214
0.00618272
0.0128503
0.0070098
0.0124105
0.00760539
0.0122386
0.00790307
0.0120717
0.0082934
0.012026
0.00837318
0.0118851
0.0088997
0.0108337
0.00955685
0.00925151
0.00958103
0.00802853
0.00897977
0.00738746
0.00832483
0.00706024
0.00790203
0.006297
0.00762197
0.00478573
0.00682043
0.00293625
0.00532455
0.00147949
0.00363571
0.000540262
0.00223509
0.00159567
0.01473
0.00462633
0.0145592
0.00570134
0.0139505
0.00679136
0.0132799
0.00768038
0.0121882
0.00869718
0.0108343
0.00925688
0.00960645
0.00952128
0.00876625
0.00921339
0.00897995
0.008686
0.00967373
0.00886307
0.00973837
0.0095164
0.00895724
0.0097609
0.00795593
0.00932614
0.00711944
0.00873852
0.00636918
0.00837224
0.00532729
0.00786232
0.0038958
0.00675604
0.00229915
0.00523236
0.000941848
0.0035924
0.00253752
0.0157811
0.00466698
0.0155312
0.00595121
0.0148819
0.00744068
0.0143773
0.00818501
0.0143786
0.0086959
0.0141984
0.00943706
0.0134494
0.0102703
0.0117461
0.0109167
0.00991596
0.0105161
0.00899881
0.00978022
0.00887201
0.0096432
0.00856013
0.0100728
0.00791338
0.00997288
0.00716551
0.00948639
0.00632012
0.00921763
0.00533655
0.00884589
0.00409177
0.00800082
0.00261361
0.00671052
0.0011565
0.00504951
0.00369402
0.0173978
0.00450489
0.016647
0.00670204
0.01507
0.00901765
0.0128159
0.0104391
0.0111619
0.0103499
0.010672
0.0099269
0.0114587
0.00948359
0.0118649
0.0105105
0.0107637
0.0116173
0.00924313
0.0113008
0.00836717
0.0105192
0.00796217
0.0104778
0.00733227
0.0106028
0.00663277
0.0101859
0.00599799
0.00985241
0.00510893
0.00973495
0.00394452
0.00916523
0.00260584
0.0080492
0.00122384
0.00643151
0.00491786
0.0179607
0.00275471
0.018749
0.00591371
0.0190716
0.00869511
0.0180582
0.0114525
0.0153809
0.0130272
0.0122601
0.0130477
0.0103372
0.0114064
0.0106848
0.0101629
0.0111107
0.0111915
0.0101757
0.0122357
0.0087543
0.0119406
0.00788742
0.0113447
0.00724059
0.0112496
0.00641827
0.0110082
0.00562101
0.0106497
0.00492769
0.0104283
0.00396971
0.0101232
0.00274682
0.00927209
0.00143229
0.00774605
0.00635014
0.00487056
-0.00211585
0.00982518
0.000959098
0.0139484
0.0045719
0.0159938
0.00940717
0.0161083
0.0129127
0.0144792
0.0146768
0.0117267
0.0141589
0.00975034
0.0121393
0.00969359
0.0112482
0.00980966
0.0121196
0.00908319
0.0126671
0.00800857
0.0124193
0.00707303
0.0121852
0.00624691
0.0118343
0.00541443
0.0114821
0.00460459
0.0112381
0.00366707
0.0110607
0.00256529
0.0103739
0.00130447
0.00900687
0.00765461
0.000810144
-0.002926
0.00488028
-0.00311104
0.00813712
0.00131506
0.0104355
0.0071088
0.0129945
0.0103537
0.0143479
0.0133234
0.0132555
0.0152513
0.0108801
0.0145147
0.00943241
0.0126959
0.00912593
0.0124261
0.00879115
0.0130018
0.0081021
0.0131083
0.00715586
0.0131314
0.00618588
0.0128043
0.00531982
0.0123482
0.00448023
0.0120777
0.00355142
0.0119895
0.00248012
0.0114452
0.00127523
0.0102118
0.00892985
0.000684945
-0.00361094
3.71111e-05
-0.00246321
0.00244071
-0.00108854
0.00499665
0.00455286
0.00776952
0.00758083
0.0117064
0.00938651
0.0132224
0.0137353
0.0119928
0.0157442
0.00985665
0.0148321
0.00865461
0.0136282
0.0081217
0.0135347
0.00758894
0.0136411
0.00690065
0.0138197
0.0059839
0.0137211
0.00501285
0.0133193
0.00417268
0.0129179
0.0032964
0.0128658
0.00232911
0.0124125
0.00117735
0.0113635
0.0101072
-0.000765598
-0.00284534
-0.000926574
-0.00230223
-0.00130818
-0.00070693
0.000206126
0.00303855
0.00119652
0.00659044
0.00557918
0.00500384
0.0107653
0.00854926
0.0121191
0.0143904
0.0109977
0.0159534
0.00934804
0.0152779
0.00819901
0.0146838
0.0074042
0.0144359
0.00665479
0.0145691
0.00586511
0.0145108
0.00497391
0.0142105
0.00409621
0.0137956
0.0031893
0.0137727
0.00218888
0.0134129
0.00111358
0.0124388
0.0112208
-0.00307122
0.000225873
-0.00362443
-0.00174902
-0.00442432
9.29583e-05
-0.00439965
0.00301388
-0.00321033
0.00540112
0.000352786
0.00144073
0.0067754
0.00212664
0.0106647
0.0105012
0.0109988
0.0156192
0.00962843
0.0166483
0.00819605
0.0161162
0.00715737
0.0154746
0.00637283
0.0153536
0.00547724
0.0154064
0.00453197
0.0151557
0.00368069
0.0146469
0.00282796
0.0146254
0.00196553
0.0142753
0.000973996
0.0134304
0.0121948
-0.00226023
0.0024861
-0.00496036
0.000951114
-0.00486774
3.35212e-07
-0.00360541
0.00175155
-0.00175589
0.0035516
0.000101521
-0.000416678
0.00427098
-0.00204282
0.00909135
0.0056808
0.0108144
0.0138962
0.0100983
0.0173644
0.00857513
0.0176393
0.0071944
0.0168553
0.0062066
0.0163414
0.00541436
0.0161986
0.00451536
0.0160547
0.0036111
0.0155511
0.00275503
0.0154815
0.0018801
0.0151502
0.000933795
0.0143767
0.0131286
-0.00186867
0.00435477
-0.00332908
0.00241153
-0.00374114
0.000412393
-0.00167704
-0.00031255
0.00129231
0.000582242
0.00203007
-0.00115443
0.00405675
-0.0040695
0.0076421
0.00209545
0.00971385
0.0118244
0.00983897
0.0172392
0.008713
0.0187653
0.00729099
0.0182773
0.0060838
0.0175486
0.00505829
0.0172241
0.0041558
0.0169572
0.00329807
0.0164088
0.00247234
0.0163073
0.00169497
0.0159276
0.000817876
0.0152537
0.0139464
-0.000596694
0.00495147
-0.000956486
0.00277132
-0.000888168
0.000344075
8.44038e-05
-0.00128512
0.0026091
-0.00194245
0.00376733
-0.00231267
0.00445808
-0.00476025
0.00670276
-0.000149222
0.00876976
0.00975742
0.00920057
0.0168084
0.00837206
0.0195938
0.00704934
0.0196
0.00589589
0.0187021
0.00497991
0.0181401
0.00406165
0.0178755
0.00317479
0.0172957
0.00236045
0.0171216
0.00158977
0.0166983
0.000781148
0.0160624
0.0147276
3.0963e-05
0.0049205
0.000175736
0.00262655
0.000451808
6.80026e-05
0.00113946
-0.00197277
0.00302157
-0.00382457
0.00419243
-0.00348353
0.00468408
-0.00525189
0.00573434
-0.00119948
0.00744965
0.00804211
0.0079997
0.0162584
0.00756182
0.0200317
0.00657064
0.0205912
0.0054773
0.0197954
0.00454103
0.0190764
0.00376352
0.018653
0.00295238
0.0181068
0.00216028
0.0179137
0.00144137
0.0174172
0.000661488
0.0168423
0.0153891
0.000518098
0.00440241
0.000548001
0.00259665
0.000868952
-0.000252948
0.00192069
-0.00302451
0.00326062
-0.0051645
0.00410541
-0.00432832
0.00399336
-0.00513984
0.00501544
-0.00222156
0.00592518
0.00713237
0.00644506
0.0157385
0.00628631
0.0201904
0.00563026
0.0212473
0.00487651
0.0205491
0.00414916
0.0198037
0.00337117
0.019431
0.00262337
0.0188546
0.00191953
0.0186176
0.00126744
0.0180693
0.000583314
0.0175264
0.0159724
0.00088831
0.0035141
0.000894329
0.00259063
0.00137629
-0.000734912
0.00254844
-0.00419665
0.00335325
-0.00596931
0.0043437
-0.00531877
0.00391186
-0.004708
0.00410845
-0.00241815
0.00448641
0.00675441
0.00491336
0.0153115
0.00483906
0.0202647
0.0044503
0.021636
0.00389749
0.0211019
0.0033517
0.0203495
0.00288075
0.0199019
0.00229637
0.019439
0.00168825
0.0192257
0.00111622
0.0186413
0.000472235
0.0181704
0.0164446
0.000634407
0.00287969
0.000979727
0.00224531
0.00178612
-0.00154131
0.00255416
-0.00496469
0.00278797
-0.00620313
0.00316803
-0.00569882
0.00277181
-0.00431178
0.00238765
-0.00203399
0.00271444
0.00642762
0.00331094
0.014715
0.00348644
0.0200892
0.00332314
0.0217993
0.00307368
0.0213514
0.002731
0.0206922
0.00230227
0.0203306
0.00185042
0.0198909
0.00135282
0.0197233
0.00083629
0.0191578
0.000296371
0.0187103
0.016741
0.000174256
0.00270543
0.000892311
0.00152725
0.00184123
-0.00249023
0.00238943
-0.00551289
0.00271596
-0.00652966
0.00299
-0.00597287
0.00226535
-0.00358714
0.00139267
-0.0011613
0.00141254
0.00640774
0.00189634
0.0142312
0.00226589
0.0197197
0.00232131
0.0217439
0.00214104
0.0215317
0.00191324
0.02092
0.00174954
0.0204943
0.00143971
0.0202007
0.00106902
0.020094
0.000690162
0.0195367
0.000244143
0.0191563
0.0169851
4.49023e-05
0.00266053
0.000779586
0.000792569
0.00165611
-0.00336675
0.00214067
-0.00599745
0.00234345
-0.00673244
0.00251338
-0.0061428
0.00206428
-0.00313803
0.0008836
1.93841e-05
0.000650812
0.00664053
0.000936005
0.0139461
0.00142088
0.0192348
0.00169365
0.0214712
0.00177768
0.0214476
0.00166651
0.0210312
0.00143675
0.0207241
0.00115802
0.0204794
0.000828639
0.0204233
0.000459201
0.0199061
7.45177e-05
0.019541
0.0170597
0.000108255
0.00255227
0.000727307
0.000173517
0.00144783
-0.00408727
0.00185929
-0.00640891
0.00199094
-0.00686409
0.00204241
-0.00619427
0.00171292
-0.00280855
0.000454916
0.00127739
0.000167528
0.00692792
0.000363536
0.01375
0.000968673
0.0186297
0.00136778
0.0210721
0.00136498
0.0214504
0.00122756
0.0211686
0.00111875
0.0208329
0.000896095
0.0207021
0.000656037
0.0206634
0.000371812
0.0201904
5.17541e-05
0.019861
0.0171114
0.000204555
0.00234772
0.000710861
-0.000332789
0.00141303
-0.00478943
0.00177039
-0.00676627
0.00179313
-0.00688683
0.00188653
-0.00628766
0.00170573
-0.00262776
0.000621968
0.00236116
0.000204942
0.00734494
0.000338272
0.0136167
0.00077355
0.0181944
0.00120599
0.0206396
0.00141604
0.0212404
0.0013505
0.0212341
0.00113091
0.0210525
0.000880882
0.0209521
0.000587379
0.0209569
0.000276276
0.0205015
3.92888e-06
0.0201334
0.0171153
0.000280803
0.00206692
0.000852687
-0.000904673
0.00156707
-0.00550382
0.00199708
-0.00719628
0.00202358
-0.00691333
0.00204235
-0.00630643
0.0020138
-0.00259921
0.00129438
0.00308058
0.000837601
0.00780172
0.000776629
0.0136777
0.00102471
0.0179463
0.00128548
0.0203788
0.00130879
0.0212171
0.00120469
0.0213382
0.00104631
0.0212109
0.000774081
0.0212243
0.000541045
0.0211899
0.000242729
0.0207998
-6.49803e-05
0.0204411
0.0170504
0.000331352
0.00173557
0.00108292
-0.00165624
0.00187488
-0.00629578
0.00235819
-0.00767959
0.00244371
-0.00699886
0.00240382
-0.00626654
0.00235607
-0.00255146
0.00209478
0.00334187
0.00156068
0.00833582
0.00132762
0.0139108
0.00129148
0.0179825
0.00136447
0.0203058
0.00141304
0.0211685
0.00130602
0.0214452
0.00108788
0.021429
0.000848284
0.0214639
0.000536679
0.0215015
0.000243185
0.0210933
5.23308e-05
0.020632
0.0171027
0.000471061
0.0012645
0.00140174
-0.00258692
0.00222727
-0.00712131
0.00270319
-0.00815551
0.00281382
-0.00710949
0.00268848
-0.0061412
0.00254545
-0.00240843
0.00267288
0.00321445
0.00219657
0.00881213
0.00196594
0.0141414
0.00185122
0.0180972
0.00173628
0.0204208
0.00151959
0.0213852
0.00132356
0.0216413
0.00110672
0.0216459
0.00077938
0.0217913
0.000539815
0.0217411
0.00023656
0.0213965
-8.26544e-05
0.0209512
0.01702
0.000608404
0.0006561
0.00186344
-0.00384196
0.00265162
-0.00790949
0.00302954
-0.00853343
0.00308333
-0.00716328
0.0029054
-0.00596327
0.00271319
-0.00221621
0.00300703
0.00292061
0.00272997
0.00908919
0.00246116
0.0144102
0.00213511
0.0184232
0.00188895
0.020667
0.00164487
0.0216293
0.00135509
0.0219311
0.00106945
0.0219315
0.000831557
0.0220292
0.000519044
0.0220536
0.000234107
0.0216815
7.33688e-05
0.0211119
0.0170934
0.000916384
-0.000260284
0.00240948
-0.00533505
0.00305504
-0.00855504
0.00333486
-0.00881325
0.00333135
-0.00715976
0.00309169
-0.00572361
0.00296193
-0.00208646
0.00323399
0.00264854
0.00309332
0.00922986
0.00287238
0.0146311
0.00254638
0.0187492
0.00216682
0.0210465
0.00173925
0.0220569
0.0014143
0.022256
0.00113843
0.0222074
0.000791286
0.0223763
0.000537384
0.0223075
0.000243913
0.0219749
-2.03204e-05
0.0213761
0.0170731
0.00117545
-0.00143573
0.00276366
-0.00692326
0.0032507
-0.00904208
0.00342765
-0.00899021
0.00343643
-0.00716854
0.0032482
-0.00553538
0.00324724
-0.0020855
0.00336935
0.00252643
0.00327807
0.00932115
0.00302367
0.0148855
0.00263112
0.0191418
0.00228016
0.0213975
0.00190146
0.0224356
0.00142999
0.0227275
0.00102601
0.0226113
0.000777254
0.0226251
0.000483255
0.0226015
0.000209854
0.0222483
2.55724e-05
0.0215604
0.0170987
0.00106216
-0.00249789
0.00255703
-0.00841813
0.00294309
-0.00942813
0.00306558
-0.00911271
0.00317831
-0.00728127
0.00318571
-0.00554278
0.0033014
-0.00220119
0.0033008
0.00252703
0.00322379
0.00939816
0.00301197
0.0150973
0.00262964
0.0195241
0.00214559
0.0218815
0.00167791
0.0229032
0.00132851
0.0230769
0.00104875
0.0228911
0.00071569
0.0229581
0.000457911
0.0228593
0.000207051
0.0224992
6.11354e-05
0.0217063
0.0171598
0.000906436
-0.00340433
0.00192738
-0.00943908
0.00235235
-0.00985311
0.00251696
-0.00927731
0.00274791
-0.00751221
0.00288346
-0.00567834
0.00302373
-0.00234146
0.00294728
0.00260348
0.00293846
0.00940698
0.00274864
0.0152872
0.00246862
0.0198041
0.00215096
0.0221992
0.00178509
0.0232691
0.00129386
0.0235681
0.000857982
0.023327
0.000609546
0.0232066
0.000358132
0.0231107
0.000140292
0.022717
-5.92616e-05
0.0219059
0.0171005
0.00103545
-0.00443978
0.0015176
-0.00992122
0.00198159
-0.0103171
0.0020985
-0.00939422
0.00227313
-0.00768685
0.00234718
-0.00575238
0.00244488
-0.00243916
0.00231318
0.00273518
0.00232419
0.00939596
0.00221563
0.0153957
0.00198441
0.0200354
0.00159542
0.0225882
0.00121235
0.0236522
0.000958953
0.0238215
0.000755857
0.0235301
0.000484176
0.0234782
0.000282503
0.0233124
8.38529e-05
0.0229157
3.7372e-05
0.0219524
0.0171379
0.00139481
-0.00583459
0.00170881
-0.0102352
0.00194243
-0.0105507
0.001916
-0.00936779
0.00189302
-0.00766387
0.00182175
-0.00568111
0.00179276
-0.00241017
0.00163557
0.00289238
0.00162043
0.0094111
0.00154323
0.0154729
0.0014749
0.0201037
0.00132449
0.0227386
0.00113419
0.0238425
0.000812029
0.0241437
0.000485644
0.0238565
0.000302
0.0236619
0.000106442
0.0235079
-4.88224e-06
0.023027
-9.44215e-05
0.0220419
0.0170435
0.00129327
-0.00712786
0.0016561
-0.010598
0.00163818
-0.0105328
0.00152954
-0.00925914
0.00135867
-0.00749301
0.00118887
-0.00551131
0.00103759
-0.00225889
0.00083116
0.0030988
0.000802011
0.00944025
0.000753094
0.0155218
0.00078801
0.0200688
0.000610665
0.0229159
0.000403803
0.0240493
0.000305861
0.0242416
0.000221912
0.0239404
7.44281e-05
0.0238094
1.06847e-05
0.0235717
-0.000119976
0.0231577
-0.000156025
0.022078
0.0168875
0.000549892
-0.00767776
0.000849033
-0.0108972
0.000868691
-0.0105525
0.000827256
-0.00921771
0.000639806
-0.00730556
0.000400923
-0.00527243
0.000176184
-0.00203415
-6.37607e-05
0.00333875
-4.13106e-05
0.0094178
-2.25523e-05
0.0155031
4.98234e-05
0.0199964
0.000132855
0.0228329
0.000158349
0.0240238
4.53216e-05
0.0243546
-8.13619e-05
0.0240671
-0.000116727
0.0238447
-0.000232758
0.0236877
-0.000246356
0.0231713
-0.000133672
0.0219653
0.0167538
0.000117074
-0.00779483
0.000305921
-0.011086
0.00048178
-0.0107283
0.000440153
-0.00917608
0.000173139
-0.00703855
-0.00021691
-0.00488238
-0.00055773
-0.00169333
-0.000889492
0.00367051
-0.000903878
0.00943218
-0.000827574
0.0154268
-0.000626386
0.0197952
-0.000591713
0.0227982
-0.000569453
0.0240016
-0.000459643
0.0242448
-0.000392214
0.0239997
-0.000437924
0.0238904
-0.000379252
0.023629
-0.00038192
0.0231739
-0.000378305
0.0219617
0.0163755
0.000304119
-0.00809895
0.000650285
-0.0114322
0.00068473
-0.0107628
0.000373674
-0.00886503
-0.000129558
-0.00653531
-0.000671012
-0.00434092
-0.00116937
-0.00119497
-0.00151873
0.00401987
-0.00162741
0.00954087
-0.00158214
0.0153815
-0.00130895
0.019522
-0.00104001
0.0225293
-0.000862715
0.0238243
-0.00082974
0.0242119
-0.000783466
0.0239534
-0.000630428
0.0237374
-0.000619925
0.0236185
-0.000555386
0.0231094
-0.000282619
0.0216889
0.0160929
0.000493656
-0.00859261
0.000612954
-0.0115515
0.00053011
-0.0106799
0.000208584
-0.0085435
-0.000384078
-0.00594265
-0.00105199
-0.00367301
-0.00164994
-0.000597023
-0.00197675
0.00434668
-0.00215989
0.00972402
-0.00204048
0.0152621
-0.00178145
0.019263
-0.00163473
0.0223826
-0.00145407
0.0236436
-0.00116143
0.0239192
-0.000939368
0.0237313
-0.000924901
0.0237229
-0.000822701
0.0235163
-0.000693267
0.02298
-0.000524401
0.02152
0.0155685
0.000206354
-0.00879896
0.000304065
-0.0116492
0.000338301
-0.0107141
0.000131522
-0.00833672
-0.000457449
-0.00535368
-0.00122798
-0.00290248
-0.00189983
7.48221e-05
-0.0022161
0.00466295
-0.00251842
0.0100263
-0.00241629
0.01516
-0.00215226
0.018999
-0.00185157
0.0220819
-0.00160225
0.0233943
-0.00150098
0.023818
-0.00137995
0.0236103
-0.00111529
0.0234583
-0.000978089
0.0233791
-0.000848632
0.0228505
-0.000535517
0.0212069
0.0150329
0.000397302
-0.00919626
0.000696092
-0.011948
0.000637614
-0.0106557
0.00029119
-0.0079903
-0.000370053
-0.00469244
-0.00125733
-0.0020152
-0.0020254
0.00084289
-0.00239704
0.00503459
-0.00274644
0.0103757
-0.00266063
0.0150742
-0.00252369
0.018862
-0.00238239
0.0219406
-0.00214011
0.023152
-0.00172608
0.0234039
-0.00137864
0.0232629
-0.00130045
0.0233801
-0.00116873
0.0232474
-0.000961416
0.0226432
-0.000604543
0.02085
0.0144284
0.000556069
-0.00975233
0.000705443
-0.0120974
0.000631971
-0.0105822
0.000353321
-0.00771165
-0.000226978
-0.00411214
-0.00111977
-0.00112241
-0.00196353
0.00168665
-0.00242006
0.00549111
-0.00274192
0.0106976
-0.00270195
0.0150342
-0.0025998
0.0187599
-0.00232632
0.0216671
-0.00203883
0.0228645
-0.00191895
0.023284
-0.00180757
0.0231515
-0.00151111
0.0230836
-0.00129756
0.0230339
-0.00110747
0.0224531
-0.000767226
0.0205098
0.0136612
0.00037998
-0.0101323
0.000615668
-0.0123331
0.000651571
-0.0106181
0.000459692
-0.00751977
-2.34385e-05
-0.00362901
-0.000914485
-0.000231361
-0.00188706
0.00265922
-0.00248187
0.00608592
-0.00276859
0.0109843
-0.00281528
0.0150809
-0.00284377
0.0187883
-0.00277269
0.021596
-0.00256605
0.0226579
-0.00214109
0.0228591
-0.00170795
0.0227183
-0.00155266
0.0229283
-0.00135012
0.0228313
-0.00112215
0.0222251
-0.000699024
0.0200867
0.0129621
0.000599012
-0.0107313
0.000863592
-0.0125976
0.000822459
-0.010577
0.000608973
-0.00730628
0.000198525
-0.00321856
-0.000626356
0.00059352
-0.00166059
0.00369345
-0.00238513
0.00681046
-0.00264481
0.011244
-0.0028423
0.0152784
-0.00289351
0.0188395
-0.0026188
0.0213213
-0.00227116
0.0223102
-0.00210453
0.0226925
-0.00196441
0.0225782
-0.00167829
0.0226422
-0.00150552
0.0226586
-0.00126009
0.0219797
-0.00079502
0.0196216
0.0121671
0.000482313
-0.0112136
0.000727487
-0.0128428
0.00076664
-0.0106161
0.000657365
-0.00719701
0.00035533
-0.00291653
-0.000373717
0.00132257
-0.00147905
0.00479879
-0.00236431
0.00769572
-0.00266811
0.0115478
-0.00290034
0.0155106
-0.00295384
0.018893
-0.00287618
0.0212437
-0.00270583
0.0221399
-0.00226916
0.0222558
-0.00181976
0.0221288
-0.00163248
0.0224549
-0.00136027
0.0223863
-0.00111042
0.0217298
-0.000743374
0.0192546
0.0114238
0.000525946
-0.0117396
0.000810058
-0.0131269
0.000869104
-0.0106752
0.00075762
-0.00708552
0.000510646
-0.00266955
-7.86923e-05
0.0019119
-0.00116326
0.00588336
-0.00214017
0.00867263
-0.00255478
0.0119624
-0.0029197
0.0158755
-0.0029993
0.0189726
-0.00272503
0.0209694
-0.00234038
0.0217553
-0.00209816
0.0220136
-0.00193935
0.02197
-0.00163601
0.0221516
-0.00144407
0.0221944
-0.00115174
0.0214375
-0.00057245
0.0186753
0.0108513
0.000490897
-0.0122305
0.000724222
-0.0133603
0.000806487
-0.0107574
0.0007371
-0.00701614
0.00053002
-0.00246247
4.49493e-05
0.00239698
-0.000928603
0.00685691
-0.00197682
0.00972085
-0.0025551
0.0125407
-0.002814
0.0161344
-0.0028083
0.0189669
-0.00272523
0.0208863
-0.00252264
0.0215527
-0.00205609
0.021547
-0.00161654
0.0215305
-0.00144148
0.0219765
-0.00119607
0.021949
-0.000888401
0.0211298
-0.000564474
0.0183513
0.0102868
0.000472254
-0.0127027
0.000701664
-0.0135897
0.000774828
-0.0108306
0.000711582
-0.00695289
0.000529866
-0.00228076
0.000204906
0.00272194
-0.00056584
0.00762766
-0.00153602
0.010691
-0.00221485
0.0132195
-0.00261306
0.0165326
-0.00273066
0.0190845
-0.00246622
0.0206219
-0.0020628
0.0211492
-0.00185028
0.0213345
-0.00175118
0.0214314
-0.00144247
0.0216678
-0.0011443
0.0216508
-0.000844231
0.0208298
-0.000400132
0.0179072
0.0098867
0.000431542
-0.0131343
0.000643944
-0.0138021
0.000709996
-0.0108966
0.000663528
-0.00690642
0.000522265
-0.00213949
0.000308163
0.00293604
-0.000283639
0.00821946
-0.0012545
0.0116619
-0.00204153
0.0140065
-0.00229972
0.0167908
-0.00231001
0.0190948
-0.00226263
0.0205745
-0.00210856
0.0209952
-0.0016973
0.0209232
-0.00125763
0.0209917
-0.00108216
0.0214924
-0.000912898
0.0214816
-0.00059647
0.0205133
-0.000174161
0.0174849
0.00971254
0.00038132
-0.0135156
0.000570822
-0.0139916
0.000630763
-0.0109566
0.000612469
-0.00688813
0.00051306
-0.00204009
0.000381632
0.00306747
2.84765e-06
0.00859824
-0.000732058
0.0123968
-0.00151404
0.0147885
-0.00197025
0.0172471
-0.00215505
0.0192796
-0.00192638
0.0203458
-0.00156486
0.0206337
-0.00141681
0.0207752
-0.00138124
0.0209561
-0.00110015
0.0212113
-0.000762237
0.0211436
-0.00042678
0.0201779
-0.000210569
0.0172687
0.00950197
0.000341886
-0.0138575
0.000502993
-0.0141527
0.000536533
-0.0109901
0.000515463
-0.00686706
0.00047053
-0.00199515
0.000395041
0.00314296
0.00016847
0.00882482
-0.000456223
0.0130215
-0.00122592
0.0155582
-0.00153093
0.0175521
-0.00156574
0.0193144
-0.00161242
0.0203925
-0.00160734
0.0206286
-0.00134493
0.0205128
-0.000970042
0.0205812
-0.000796235
0.0210375
-0.000555687
0.0209031
-0.00034806
0.0199703
-9.95918e-05
0.0170203
0.00940237
0.000283648
-0.0141411
0.000404862
-0.0142739
0.000441482
-0.0110268
0.000422868
-0.00684844
0.000425013
-0.0019973
0.000406787
0.00316118
0.000314259
0.00891734
-0.000118183
0.0134539
-0.00077238
0.0162124
-0.00130722
0.0180869
-0.00157139
0.0195786
-0.00145212
0.0202732
-0.00117173
0.0203482
-0.0010676
0.0204086
-0.00100367
0.0205173
-0.000721518
0.0207553
-0.000534764
0.0207163
-0.00023494
0.0196704
9.16138e-05
0.0166937
0.00949399
0.000221675
-0.0143628
0.000275514
-0.0143277
0.000293863
-0.0110451
0.000302451
-0.00685703
0.000323707
-0.00201855
0.000357638
0.00312725
0.000322231
0.00895275
-1.30488e-06
0.0137775
-0.000611761
0.0168229
-0.000957844
0.018433
-0.00100755
0.0196283
-0.00108521
0.0203509
-0.00112441
0.0203874
-0.000981485
0.0202657
-0.000766182
0.020302
-0.000671237
0.0206604
-0.000348842
0.020394
-5.58867e-05
0.0193775
-8.03654e-05
0.0167182
0.00941362
0.000162609
-0.0145254
0.000153185
-0.0143183
0.000111126
-0.011003
8.53571e-05
-0.00683126
6.33743e-05
-0.00199657
6.46305e-05
0.00312599
0.000108346
0.00890904
-4.52898e-05
0.0139311
-0.000427711
0.0172053
-0.00089343
0.0188987
-0.00124507
0.0199799
-0.00122053
0.0203264
-0.00107618
0.020243
-0.00103991
0.0202294
-0.000954337
0.0202164
-0.000651159
0.0203572
-0.000459306
0.0202021
-0.000359688
0.0192779
-0.000111479
0.01647
0.00930214
7.69317e-05
-0.0146023
-5.94425e-06
-0.0142354
-0.000106867
-0.0109021
-0.000174815
-0.00676331
-0.000217913
-0.00195347
-0.000246563
0.00315464
-0.00021396
0.00887643
-0.00031005
0.0140272
-0.000619077
0.0175143
-0.00091558
0.0191952
-0.000948729
0.0200131
-0.000989532
0.0203672
-0.000983515
0.020237
-0.000821297
0.0200672
-0.000590041
0.0199852
-0.000531209
0.0202984
-0.000401537
0.0200724
-7.59888e-05
0.0189523
9.65496e-05
0.0162974
0.00939869
-4.14724e-05
-0.0145609
-0.000191349
-0.0140856
-0.000372963
-0.0107205
-0.000510503
-0.00662577
-0.000641742
-0.00182223
-0.000725661
0.00323856
-0.00075715
0.00890792
-0.0007229
0.0139929
-0.000717556
0.017509
-0.000998229
0.0194759
-0.00123785
0.0202527
-0.0012384
0.0203677
-0.00116177
0.0201604
-0.00117719
0.0200826
-0.00121302
0.020021
-0.000989988
0.0200753
-0.000670682
0.0197531
-0.000464542
0.0187462
-0.000307977
0.0161409
0.00909072
-0.000154755
-0.0144061
-0.000388877
-0.0138514
-0.000629257
-0.0104801
-0.000852538
-0.00640249
-0.00102524
-0.00164953
-0.00112575
0.00333907
-0.00110625
0.00888842
-0.00113034
0.014017
-0.00121789
0.0175965
-0.00133355
0.0195915
-0.00128779
0.0202069
-0.00130602
0.0203859
-0.00129441
0.0201488
-0.00109474
0.019883
-0.000758584
0.0196848
-0.000677985
0.0199947
-0.000603285
0.0196784
-0.00052328
0.0186662
-0.000387783
0.0160054
0.00870293
-0.000262826
-0.0141433
-0.000609276
-0.013505
-0.000931088
-0.0101583
-0.00126117
-0.00607241
-0.00153697
-0.00137372
-0.00171697
0.00351906
-0.0017971
0.00896856
-0.00173019
0.0139501
-0.00153352
0.0173999
-0.00157151
0.0196295
-0.00163753
0.020273
-0.00153401
0.0202824
-0.00139751
0.0200123
-0.00139009
0.0198756
-0.00144139
0.0197361
-0.00118562
0.019739
-0.0010009
0.0194937
-0.000690892
0.0183562
-0.00026467
0.0155792
0.00843826
-0.0003536
-0.0137897
-0.000809944
-0.0130486
-0.00123203
-0.00973623
-0.00161454
-0.0056899
-0.00198693
-0.00100134
-0.00216921
0.00370134
-0.00223833
0.00903768
-0.00216606
0.0138779
-0.00206605
0.0172998
-0.00200515
0.0195686
-0.00184759
0.0201154
-0.00178661
0.0202215
-0.00174827
0.0199739
-0.00151882
0.0196461
-0.00124571
0.019463
-0.00130604
0.0197993
-0.00120502
0.0193927
-0.000975248
0.0181264
-0.000719771
0.0153237
0.00771849
-0.00044901
-0.0133407
-0.000999476
-0.0124982
-0.00154191
-0.00919379
-0.00200498
-0.00522683
-0.00241485
-0.000591466
-0.00275662
0.00404311
-0.00287408
0.00915514
-0.00275081
0.0137546
-0.00246966
0.0170187
-0.00232512
0.0194241
-0.00221518
0.0200055
-0.00202718
0.0200335
-0.00183733
0.0197841
-0.00183991
0.0196487
-0.0018615
0.0194846
-0.00150911
0.0194469
-0.00116867
0.0190522
-0.00130784
0.0182656
-0.00106312
0.015079
0.00665537
-0.000531015
-0.0128097
-0.00112774
-0.0119014
-0.00172509
-0.00859644
-0.0022584
-0.00469353
-0.00276286
-8.70012e-05
-0.00314326
0.00442351
-0.00321488
0.00922677
-0.00303618
0.0135759
-0.00289767
0.0168802
-0.0027342
0.0192606
-0.00247327
0.0197445
-0.00227264
0.0198328
-0.00212749
0.0196389
-0.00185918
0.0193804
-0.00148207
0.0191075
-0.00145723
0.0194221
-0.00169891
0.0192939
-0.00150069
0.0180673
-0.00139917
0.0149774
0.0052562
-0.000630484
-0.0121792
-0.00129182
-0.0112401
-0.00191048
-0.00797778
-0.0024635
-0.00414051
-0.00302497
0.000474473
-0.00336333
0.00476187
-0.00350789
0.00937133
-0.0034386
0.0135066
-0.00321593
0.0166575
-0.00295681
0.0190015
-0.00269991
0.0194876
-0.00243635
0.0195693
-0.00216266
0.0193652
-0.00206293
0.0192806
-0.00235583
0.0194004
-0.00238075
0.019447
-0.001988
0.0189012
-0.00167768
0.017757
-0.00146579
0.0147655
0.00379042
-0.000759326
-0.0114199
-0.00148858
-0.0105108
-0.00215809
-0.00730828
-0.00275151
-0.00354708
-0.00322483
0.000947787
-0.00362633
0.00516337
-0.00375441
0.0094994
-0.00360422
0.0133564
-0.00346583
0.0165191
-0.00321516
0.0187508
-0.00289223
0.0191647
-0.00262485
0.0193019
-0.00252765
0.019268
-0.00233194
0.0190849
-0.00173624
0.0188047
-0.00143751
0.0191483
-0.0013966
0.0188603
-0.00116247
0.0175229
-0.000720476
0.0143235
0.00306994
-0.000823771
-0.0105961
-0.00159337
-0.00974124
-0.0022896
-0.00661205
-0.00282557
-0.00301112
-0.00329516
0.00141738
-0.00364468
0.00551289
-0.00381457
0.00966929
-0.00381175
0.0133536
-0.0036876
0.016395
-0.00339783
0.0184611
-0.003039
0.0188059
-0.00264052
0.0189034
-0.00222236
0.0188499
-0.00203344
0.018896
-0.00214318
0.0189145
-0.00188444
0.0188895
-0.00149421
0.01847
-0.000803681
0.0168324
0.000227724
0.0132921
0.00329766
-0.000806573
-0.00978952
-0.00163088
-0.00891694
-0.00237048
-0.00587245
-0.00292905
-0.00245255
-0.00341822
0.00190655
-0.00378606
0.00588073
-0.00397819
0.00986142
-0.00392897
0.0133044
-0.00376668
0.0162327
-0.00338488
0.0180793
-0.00297943
0.0184004
-0.00262579
0.0185498
-0.00250791
0.018732
-0.00229645
0.0186845
-0.00167247
0.0182905
-0.00139221
0.0186093
-0.00140492
0.0184827
-0.000853075
0.0162805
0.000407729
0.0120313
0.00370539
-0.000906602
-0.00888291
-0.00175368
-0.00806986
-0.00251384
-0.00511229
-0.00310783
-0.00185856
-0.00352897
0.00232769
-0.0038144
0.00616616
-0.00395216
0.00999918
-0.00394122
0.0132934
-0.00380501
0.0160965
-0.00346936
0.0177436
-0.00306152
0.0179926
-0.00265587
0.0181441
-0.00216493
0.0182411
-0.00186347
0.0183831
-0.00209142
0.0185184
-0.00205852
0.0185764
-0.00110929
0.0175335
-0.000805287
0.0159765
0.000387402
0.0108387
0.00409279
-0.000972873
-0.00791004
-0.00182033
-0.0072224
-0.00256797
-0.00436465
-0.00310528
-0.00132125
-0.00352433
0.00274675
-0.0038052
0.00644703
-0.00398149
0.0101755
-0.00399915
0.0133111
-0.0038091
0.0159064
-0.00333548
0.01727
-0.00285144
0.0175086
-0.00239531
0.017688
-0.00229262
0.0181384
-0.00222376
0.0183142
-0.0016429
0.0179376
-0.00110584
0.0180393
-0.00101192
0.0174396
-0.00059348
0.0155581
0.000499605
0.00974557
0.0045924
-0.000959662
-0.00695038
-0.00179069
-0.00639137
-0.00255086
-0.00360448
-0.00313649
-0.000735621
-0.00353808
0.00314834
-0.00381259
0.00672153
-0.00394068
0.0103036
-0.00384253
0.0132129
-0.00357723
0.0156411
-0.00314015
0.0168329
-0.00270236
0.0170708
-0.00237359
0.0173592
-0.00192728
0.0176921
-0.00155458
0.0179415
-0.00177461
0.0181576
-0.00158163
0.0178463
-0.00140083
0.0172588
-0.000270606
0.0144278
0.000255482
0.00921948
0.00484788
-0.00093777
-0.00601261
-0.00176616
-0.00556298
-0.00249728
-0.00287336
-0.00304989
-0.000183012
-0.00340506
0.00350351
-0.00362489
0.00694136
-0.00366345
0.0103421
-0.00357209
0.0131216
-0.00334593
0.015415
-0.00284193
0.0163289
-0.00232879
0.0165576
-0.00185571
0.0168861
-0.0018194
0.0176558
-0.00177087
0.017893
-0.00111523
0.0175019
-0.000950392
0.0176815
-0.00109751
0.0174059
4.55229e-05
0.0132848
-9.79944e-05
0.00936299
0.00474989
-0.000915368
-0.00509724
-0.00167869
-0.00479966
-0.00229119
-0.00226086
-0.00280318
0.000328981
-0.00308016
0.00378049
-0.00327414
0.00713535
-0.00334815
0.0104161
-0.00319206
0.0129655
-0.00279605
0.015019
-0.00230997
0.0158428
-0.00195195
0.0161996
-0.0017287
0.0166629
-0.00125569
0.0171828
-0.000880985
0.0175183
-0.00139723
0.0180182
-0.0017073
0.0179916
-0.000426195
0.0161248
0.000558551
0.0123001
0.000104986
0.00981656
0.00485487
-0.000840499
-0.00425674
-0.00154242
-0.00409774
-0.002022
-0.00178128
-0.00249752
0.000804499
-0.00264647
0.00392945
-0.00288674
0.00737561
-0.00280219
0.0103316
-0.00252534
0.0126886
-0.00225749
0.0147511
-0.00184964
0.0154349
-0.0013532
0.0157032
-0.000907722
0.0162174
-0.00101074
0.0172858
-0.00122946
0.017737
-0.000786821
0.0175756
-0.000226515
0.0174313
0.000206731
0.0156916
-0.000166591
0.0126734
0.000226052
0.00942392
0.00508092
-0.000802876
-0.00345387
-0.00146797
-0.00343264
-0.00178282
-0.00146643
-0.00210455
0.00112622
-0.00216527
0.00399016
-0.00228653
0.00749688
-0.0021334
0.0101785
-0.00189117
0.0124464
-0.00145812
0.0143181
-0.000946323
0.0149231
-0.000709366
0.0154662
-0.00064702
0.016155
-0.000262628
0.0169014
-0.000108851
0.0175832
-0.000762993
0.0182297
-0.000458264
0.0171265
0.000543848
0.0146895
0.000535291
0.0126819
0.000414527
0.00954468
0.00549545
-0.000862554
-0.00259131
-0.0014784
-0.00281679
-0.00166002
-0.00128481
-0.00180484
0.00127105
-0.00172715
0.00391247
-0.00168013
0.00744986
-0.00131561
0.00981393
-0.000937416
0.0120682
-0.000603756
0.0139844
-0.000305609
0.014625
0.00012468
0.0150359
0.00039975
0.01588
1.18716e-05
0.0172893
-0.000248419
0.0178435
0.000427175
0.0175541
0.00119738
0.0163563
3.20323e-05
0.0158548
-0.00121022
0.0139242
-0.000955081
0.00928955
0.00454037
-0.000845513
-0.0017458
-0.00146746
-0.00219485
-0.0015746
-0.00117767
-0.00146218
0.00115862
-0.00133963
0.00378993
-0.000808998
0.00691923
-0.000349124
0.00935406
-8.6751e-05
0.0118058
0.000344158
0.0135535
0.000816422
0.0141527
0.00088646
0.0149659
0.000869047
0.0158974
0.0011833
0.016975
0.00122564
0.0178012
0.000640614
0.0181391
0.000446716
0.0165502
0.000723455
0.0155781
0.000990731
0.0136569
0.000465003
0.00981528
0.00500537
-0.000654021
-0.00109178
-0.00119738
-0.00165149
-0.00143384
-0.000941214
-0.0010161
0.000740884
-0.000598206
0.00337203
8.03893e-05
0.00624063
0.000478951
0.00895549
0.00105888
0.0112259
0.0014431
0.0131693
0.00152781
0.014068
0.00195431
0.0145394
0.00225472
0.015597
0.0019906
0.0172391
0.0018408
0.017951
0.00251915
0.0174608
0.00287281
0.0161966
0.00105635
0.0173945
-0.000171079
0.0148843
0.00058182
0.00906238
0.00558719
-0.000429416
-0.000662363
-0.000770473
-0.00131043
-0.000969132
-0.000742555
-0.000631385
0.000403136
-9.53619e-05
0.00283601
0.000551828
0.00559344
0.00149647
0.00801086
0.00192849
0.0107939
0.00248733
0.0126104
0.00297427
0.0135811
0.00292887
0.0145848
0.00305178
0.0154741
0.00363445
0.0166565
0.00382755
0.0177579
0.00307187
0.0182165
0.00274406
0.0165244
0.00345404
0.0166845
0.00235319
0.0159852
-0.000238276
0.0116538
0.00534892
-0.000216412
-0.000445952
-0.000443398
-0.00108345
-0.000464902
-0.000721052
-0.000344125
0.00028236
0.000333138
0.00215875
0.00109694
0.00482964
0.00224586
0.00686194
0.0030974
0.00994233
0.00352036
0.0121875
0.00380305
0.0132984
0.00450929
0.0138785
0.00488725
0.0150961
0.00470105
0.0168427
0.00482281
0.0176361
0.00563614
0.0174031
0.00531459
0.0168459
0.00385957
0.0181396
0.00438546
0.0154593
0.00417227
0.011867
0.00952119
-0.000103871
-0.000342081
-0.000233546
-0.000953771
-0.00017948
-0.000775117
5.12875e-05
5.15916e-05
0.000677514
0.00153252
0.00159751
0.00390964
0.00250095
0.00595851
0.00368708
0.00875619
0.00471194
0.0111626
0.0052014
0.0128089
0.00523867
0.0138413
0.00608295
0.0142518
0.00732055
0.0156051
0.00743672
0.0175199
0.00648911
0.0183507
0.00703226
0.0163028
0.00830126
0.0168706
0.00566496
0.0180956
0.00348287
0.0140491
0.0130041
2.62378e-05
-0.000368319
9.1103e-06
-0.000936643
0.000118417
-0.000884424
0.000565252
-0.000395243
0.000885176
0.0012126
0.00187127
0.00292354
0.00288099
0.00494879
0.00397715
0.00766003
0.00517036
0.00996942
0.00624274
0.0117366
0.00704094
0.0130431
0.00731303
0.0139797
0.00796492
0.0149532
0.0102507
0.0152342
0.0114155
0.0171859
0.0097055
0.0180128
0.0103532
0.0162228
0.0117801
0.0166687
0.0103488
0.0154804
0.0123077
0.0110452
0.000231343
-0.000599661
0.000414367
-0.00111967
0.000507316
-0.000977374
0.000925817
-0.000813744
0.00134149
0.000796922
0.00182848
0.00243656
0.00301038
0.00376688
0.0040208
0.00664961
0.00538637
0.00860384
0.00669897
0.010424
0.00763063
0.0121114
0.00918887
0.0124215
0.00993496
0.0142071
0.0102583
0.0149108
0.012781
0.0146632
0.014862
0.0159318
0.0145005
0.0165843
0.0159352
0.0152341
0.0169126
0.0145029
0.0108499
0.0183704
0.00050999
-0.00110965
0.00083178
-0.00144146
0.000965899
-0.00111149
0.00121678
-0.00106463
0.00168701
0.0003267
0.00193197
0.0021916
0.00269974
0.00299911
0.00394156
0.0054078
0.00505324
0.00749216
0.006745
0.00873221
0.00809011
0.0107663
0.00906711
0.0114445
0.0118555
0.0114187
0.0134191
0.0133472
0.0135622
0.0145201
0.0158103
0.0136837
0.017937
0.0144576
0.0200108
0.0131603
0.020812
0.0137018
0.0100291
0.0216327
0.00080133
-0.00191098
0.00127572
-0.00191585
0.00162847
-0.00146424
0.0016773
-0.00111345
0.00205792
-5.39278e-05
0.00229718
0.00195234
0.00242683
0.00286946
0.00341477
0.00441986
0.00485684
0.00605009
0.00583755
0.0077515
0.00816785
0.00843601
0.00906815
0.0105442
0.0102664
0.0102205
0.0134481
0.0101655
0.0157872
0.012181
0.0168579
0.012613
0.0186581
0.0126574
0.0211972
0.0106211
0.0231851
0.0117139
0.00972945
0.0234848
0.000892616
-0.0028036
0.00143142
-0.00245466
0.00187098
-0.0019038
0.00207566
-0.00131813
0.00219521
-0.000173477
0.00247118
0.00167637
0.00222682
0.00311383
0.00281523
0.00383144
0.00444834
0.00441698
0.00523111
0.00696873
0.00743394
0.00623318
0.00958173
0.00839641
0.0120418
0.00776041
0.012204
0.0100033
0.0153032
0.0090818
0.0178919
0.0100243
0.0192347
0.0113146
0.0205051
0.00935073
0.0229008
0.00931819
0.00880525
0.023825
0.000610534
-0.00341413
0.000916642
-0.00276076
0.00111128
-0.00209844
0.00124635
-0.0014532
0.00148333
-0.000410454
0.00192704
0.00123266
0.00200532
0.00303554
0.0020082
0.00382856
0.00277721
0.00364797
0.00395344
0.0057925
0.00571023
0.00447639
0.00652568
0.00758097
0.0121795
0.00210662
0.011506
0.0106767
0.0130486
0.0075392
0.016575
0.00649801
0.0192539
0.0086357
0.0203927
0.00821192
0.0222983
0.00741256
0.00724058
0.023863
-9.1791e-06
-0.00340495
-0.000145273
-0.00262467
-0.000175252
-0.00206846
-5.58419e-06
-0.00162287
-2.66422e-05
-0.000389396
0.000374607
0.000831408
0.00101915
0.002391
0.00202087
0.00282685
0.00194591
0.00372293
0.00295619
0.00478222
0.00575648
0.00167609
0.00239799
0.0109395
0.00570556
-0.00120095
0.0101164
0.00626584
0.0113011
0.00635448
0.0132991
0.00450001
0.0165707
0.00536408
0.0186907
0.00609194
0.0206407
0.00546259
0.00520354
0.0226777
-0.000890822
-0.00251413
-0.00165968
-0.00185582
-0.00213546
-0.00159267
-0.00243587
-0.00132247
-0.00250306
-0.000322207
-0.00221538
0.000543736
-0.00150333
0.00167894
-0.000495206
0.00181873
-0.00158859
0.00481631
-0.00118608
0.00437971
0.0041832
-0.00369319
0.00586183
0.00926084
0.00445388
0.000206995
0.00867672
0.00204299
0.0106035
0.00442773
0.0114733
0.00363022
0.0137143
0.00312302
0.0160428
0.00376347
0.0179522
0.00355318
0.00320359
0.0199522
-0.000831866
-0.00168227
-0.00176417
-0.000923513
-0.00249476
-0.000862081
-0.00300855
-0.00080868
-0.00310444
-0.000226314
-0.00275532
0.000194607
-0.00150582
0.000429449
-0.000405216
0.000718121
0.000765697
0.0036454
0.00161991
0.0035255
0.00207878
-0.00415206
0.00631853
0.00502109
0.0050944
0.00143112
0.00711621
2.11875e-05
0.00976185
0.00178208
0.0113947
0.00199733
0.0129603
0.00155748
0.0149625
0.00176124
0.0167333
0.0017824
0.00157524
0.0183616
-0.00168227
-0.00260578
-0.00346786
-0.00427654
-0.00450285
-0.00430825
-0.0038788
-0.00316068
0.000484724
0.00401022
-0.000141842
0.00487925
0.00631037
0.00633156
0.00811364
0.010111
0.0116684
0.0134297
0.0152121
0.0167873
0.000280124
0.0107651
-0.00119849
0.00147861
0.00032539
-0.00152388
0.00115516
-0.000829768
0.00551556
-0.0043604
0.00383845
0.00167711
0.000588905
0.00324955
0.000426778
0.000162127
0.000619679
-0.000192901
0.000385975
0.000233704
-0.00133183
0.0017178
-0.00280794
0.00147611
-0.00357195
0.000764007
-0.00441623
0.000844283
-0.0051023
0.000686069
-0.00621413
0.00111183
-0.00756656
0.00135243
-0.0091069
0.00154034
-0.0108329
0.00172602
-0.0124014
0.00156851
-0.013873
0.00147152
-0.0149376
0.00106462
-0.0156865
0.000748899
-0.0160614
0.000374946
-0.0161212
5.98129e-05
-0.0158712
-0.000250019
-0.0155061
-0.000365074
-0.0148541
-0.000652007
-0.014177
-0.00067712
-0.0133559
-0.000821079
-0.0123605
-0.000995394
-0.0116902
-0.000670333
-0.0107797
-0.000910511
-0.00986522
-0.000914477
-0.00910402
-0.000761193
-0.00803955
-0.00106447
-0.00732468
-0.000714874
-0.00625794
-0.00106675
-0.00530309
-0.00095485
-0.00426075
-0.00104234
-0.0030896
-0.00117115
-0.00198611
-0.00110349
-0.000782729
-0.00120338
0.000488018
-0.00127075
0.00162662
-0.0011386
0.00276635
-0.00113973
0.00376936
-0.00100301
0.00465691
-0.000887554
0.00542096
-0.000764049
0.00593248
-0.000511516
0.00633559
-0.000403114
0.00650577
-0.00017018
0.00650284
2.92815e-06
0.00641344
8.94017e-05
0.00614089
0.000272554
0.00587154
0.000269348
0.00547989
0.000391647
0.00506713
0.00041276
0.00479114
0.000275992
0.00440152
0.000389625
0.00419339
0.000208131
0.00403384
0.000159546
0.00381011
0.000223732
0.00385941
-4.93038e-05
0.00387454
-1.51233e-05
0.00402596
-0.000151428
0.00428137
-0.000255409
0.00457804
-0.00029667
0.00488864
-0.000310597
0.00520939
-0.000320749
0.00548808
-0.000278693
0.00574262
-0.000254542
0.00593281
-0.000190191
0.00608658
-0.000153766
0.00613704
-5.04584e-05
0.00611252
2.4517e-05
0.00602013
9.23902e-05
0.00586849
0.000151638
0.00565802
0.000210471
0.000246124
0.0186579
0.0104776
0.0152667
0.00486981
0.00917189
0.00457092
0.00298373
0.0053584
-0.00319845
0.00182177
-0.0034128
0.00189145
-0.000156092
-7.15484e-06
0.00152594
-0.00151991
0.00394328
-0.00261023
0.00555283
-0.00137584
0.00461815
0.00265248
0.00415717
0.0019371
0.00388541
0.00103576
0.00264011
0.00208958
0.00140177
0.00192442
-0.000579266
0.00309286
-0.00228556
0.00305873
-0.0040237
0.00327848
-0.00543565
0.00313797
-0.00662961
0.00276247
-0.00745229
0.00229421
-0.00810394
0.00171627
-0.00842
0.00106496
-0.00843377
0.000388712
-0.00824154
-0.000132422
-0.00778811
-0.000703442
-0.00714861
-0.00100458
-0.0064231
-0.00137752
-0.00555434
-0.00154587
-0.00456443
-0.00181099
-0.00388227
-0.00167756
-0.00288633
-0.00166627
-0.00185715
-0.00193969
-0.00130505
-0.00146657
-0.000190489
-0.00187576
0.000401592
-0.00165655
0.00135332
-0.0016666
0.0021944
-0.00190783
0.00311435
-0.00187479
0.00410002
-0.00202801
0.00501098
-0.00208211
0.00612746
-0.00221996
0.0071641
-0.00224003
0.00816823
-0.00227487
0.00920932
-0.00217969
0.0101725
-0.00210295
0.0110579
-0.00188839
0.011892
-0.00172159
0.0125319
-0.001404
0.0131579
-0.00113753
0.0135255
-0.000770682
0.0138573
-0.000502006
0.014026
-0.000165756
0.0140767
3.86978e-05
0.0140329
0.000316384
0.013851
0.000451237
0.0136766
0.00056598
0.0134413
0.000648067
0.0131155
0.000601828
0.0129745
0.000530677
0.012733
0.000449556
0.012581
0.000311554
0.012576
0.00022877
0.012513
1.36524e-05
0.0126288
-0.000130944
0.0127846
-0.000307138
0.0129858
-0.000456627
0.0132475
-0.000558441
0.013486
-0.000549077
0.0137211
-0.00055583
0.0139177
-0.000475289
0.014091
-0.000427886
0.0142225
-0.000321648
0.0142987
-0.000229926
0.0143475
-9.93031e-05
0.0143527
1.92783e-05
0.014319
0.000126132
0.0142413
0.000229306
0.0141584
0.000293439
0.000392551
0.0223344
0.00977595
0.0194399
0.00776428
0.0192635
0.00474737
0.0198047
0.00481714
0.0167971
0.00482944
0.0148785
0.00380999
0.0119327
0.00293867
0.00769347
0.00271934
0.00286752
0.00221571
-0.000452418
0.0019441
-3.66501e-06
0.00220372
0.000648757
0.00128468
0.000488981
0.00119553
0.00105187
0.00152669
0.00130443
0.00167186
0.00203374
0.00236355
0.00244385
0.00264862
0.00266926
0.00305306
0.00283134
0.00297589
0.0028701
0.00272371
0.002945
0.00221931
0.00311739
0.00154387
0.00339437
0.000787989
0.0036831
9.99849e-05
0.00423553
-0.000684857
0.00479224
-0.00126015
0.00547688
-0.00168921
0.00631955
-0.00222019
0.00710197
-0.00232829
0.00784924
-0.00255826
0.00869934
-0.00252766
0.00948292
-0.00244985
0.0100105
-0.00246732
0.0109673
-0.00242335
0.0113436
-0.00225203
0.0120921
-0.00240505
0.0127446
-0.00231905
0.0132947
-0.00245793
0.0139613
-0.00254147
0.0146146
-0.00268127
0.0153115
-0.00277904
0.0159818
-0.00289028
0.0166812
-0.00293938
0.017351
-0.00294467
0.0180053
-0.00283398
0.0186029
-0.00270057
0.019155
-0.00244049
0.0195993
-0.0021659
0.0199737
-0.00177836
0.0202497
-0.00141357
0.0204591
-0.000980098
0.0205754
-0.000618314
0.0206631
-0.000253402
0.0206495
5.23079e-05
0.0206475
0.000318404
0.0205929
0.000505769
0.0205371
0.000621849
0.02052
0.000665101
0.0204566
0.000665278
0.020432
0.000555286
0.0204121
0.000469385
0.02043
0.000293668
0.0205369
0.000121897
0.0206633
-0.000112707
0.0208469
-0.000314593
0.0210951
-0.000555305
0.0213416
-0.000703112
0.0215885
-0.000805352
0.0218154
-0.000776033
0.0219685
-0.000708877
0.0220935
-0.000600292
0.0221542
-0.000488634
0.0221926
-0.000360057
0.0221782
-0.000215524
0.0221417
-6.27409e-05
0.0220665
9.44029e-05
0.021977
0.000215628
0.0218574
0.000348912
0.0217407
0.000410181
0.000518766
0.0248105
0.00845021
0.0248587
0.00771612
0.0244817
0.00512437
0.024506
0.00479283
0.0244438
0.00489166
0.0242007
0.004053
0.0234675
0.00367192
0.0228566
0.00333021
0.0215682
0.00350416
0.0199886
0.00352363
0.0187219
0.00347044
0.0170476
0.00295895
0.015469
0.00277415
0.0142507
0.00274498
0.0132762
0.00264637
0.0128006
0.00283915
0.0126302
0.00281908
0.012905
0.00277821
0.0132763
0.00260461
0.0137819
0.00221812
0.0142985
0.00170266
0.014792
0.00105039
0.0152634
0.00031664
0.0158839
-0.000520521
0.0163975
-0.00119846
0.0170226
-0.00188523
0.0176472
-0.00231381
0.0181527
-0.00272576
0.0187327
-0.00290822
0.0192116
-0.00303718
0.0196884
-0.00300452
0.0202064
-0.00296782
0.0205757
-0.00283658
0.0209678
-0.00281548
0.0214025
-0.00268679
0.0217252
-0.0027277
0.0221284
-0.00272228
0.0224852
-0.00281471
0.0228582
-0.0029145
0.0232052
-0.00302827
0.0235737
-0.00314752
0.0238998
-0.00321634
0.0242332
-0.0032728
0.0245291
-0.0032406
0.0248215
-0.00312634
0.0250706
-0.00294968
0.0252967
-0.00266663
0.025471
-0.00234019
0.0256077
-0.00191504
0.0256871
-0.001493
0.0257329
-0.00102592
0.0257325
-0.000617889
0.0257006
-0.00022146
0.0256387
0.000114173
0.0255592
0.000397935
0.0254999
0.000565065
0.0254221
0.00069961
0.0253834
0.00070378
0.0253521
0.000696603
0.0253616
0.00054583
0.0254076
0.000423393
0.0254992
0.000202055
0.0256476
-2.65049e-05
0.0258341
-0.000299189
0.0260652
-0.000545748
0.0263451
-0.000835216
0.0266213
-0.000979233
0.0268415
-0.00102563
0.0270302
-0.000964682
0.027156
-0.000834727
0.027236
-0.000680296
0.0272328
-0.000485412
0.0271974
-0.000324603
0.0271263
-0.000144509
0.027052
1.15697e-05
0.0269239
0.000222492
0.0268115
0.00032811
0.0266823
0.000478029
0.0265572
0.000535374
0.000628143
0.0251498
0.00712547
0.0264934
0.00637255
0.0264724
0.00514533
0.0268462
0.00441902
0.0274521
0.00428573
0.0276204
0.00388475
0.0276601
0.0036322
0.0276476
0.00334275
0.027736
0.0034157
0.0278405
0.00341921
0.0279713
0.00333957
0.0276308
0.00329947
0.0272694
0.00313556
0.0269931
0.00302122
0.0266735
0.00296601
0.0265208
0.0029919
0.0263867
0.00295309
0.0264153
0.00274967
0.0265542
0.00246569
0.0267665
0.00200583
0.0270449
0.00142424
0.0273409
0.000754339
0.0275904
6.72327e-05
0.0278554
-0.000785547
0.0280927
-0.00143582
0.028235
-0.00202753
0.0283729
-0.00245171
0.0284521
-0.00280489
0.0284901
-0.00294625
0.0285305
-0.00307756
0.0285488
-0.00302283
0.0286035
-0.00302255
0.0286414
-0.00287444
0.0286786
-0.00285268
0.0287373
-0.00274554
0.0287772
-0.00276761
0.0288089
-0.00275396
0.0288325
-0.00283826
0.0288233
-0.00290532
0.0288045
-0.00300947
0.0287472
-0.00309019
0.0286888
-0.00315798
0.0285985
-0.00318249
0.0285107
-0.00315286
0.0284327
-0.00304826
0.0283615
-0.00287852
0.028312
-0.00261712
0.0282665
-0.00229472
0.028222
-0.0018705
0.0281714
-0.00144239
0.0281097
-0.000964225
0.0280498
-0.000557998
0.0279701
-0.000141763
0.0279128
0.000171512
0.0278507
0.000460023
0.0278086
0.000607127
0.0277765
0.000731695
0.0277704
0.000709865
0.0277834
0.000683632
0.0278227
0.000506529
0.0278879
0.000358236
0.0279898
0.00010015
0.028121
-0.000157748
0.0282778
-0.000455993
0.0284987
-0.000766603
0.0287521
-0.00108862
0.0289903
-0.00121742
0.0291681
-0.00120345
0.0292939
-0.00109045
0.0293588
-0.000899693
0.0293693
-0.000690771
0.0293247
-0.000440834
0.0291989
-0.000198811
0.0290439
1.05001e-05
0.0289106
0.000144897
0.0287686
0.00036452
0.0286111
0.000485554
0.0284819
0.000607244
0.0283665
0.000650745
0.000773643
0.0249148
0.00607366
0.0260808
0.00520656
0.0266982
0.0045279
0.0272243
0.00389295
0.0278981
0.00361191
0.0283647
0.00341815
0.0287694
0.00322744
0.0290875
0.00302466
0.0296164
0.00288689
0.0301768
0.00285881
0.0306988
0.00281751
0.0311876
0.00281065
0.0315714
0.0027518
0.0319204
0.00267221
0.0322525
0.00263388
0.0326656
0.00257884
0.0330883
0.00253035
0.0334781
0.00235988
0.0338465
0.00209732
0.0341613
0.00169105
0.0344011
0.00118448
0.0345518
0.000603575
0.0346267
-7.66672e-06
0.034539
-0.000697785
0.0343759
-0.00127273
0.0340984
-0.00175008
0.0337804
-0.00213367
0.0333822
-0.00240669
0.0330037
-0.00256783
0.0325908
-0.00266466
0.0322342
-0.00266619
0.0318774
-0.00266575
0.031585
-0.00258197
0.0312959
-0.00256362
0.0310395
-0.00248919
0.0307905
-0.00251862
0.0305378
-0.00250124
0.0302899
-0.00259034
0.0300163
-0.00263168
0.0297529
-0.00274615
0.0294692
-0.00280644
0.0292107
-0.00289947
0.0289513
-0.00292307
0.0287287
-0.00293024
0.0285339
-0.00285356
0.0283844
-0.00272895
0.0282774
-0.0025101
0.02819
-0.00220736
0.0281232
-0.0018037
0.0280517
-0.00137094
0.0279726
-0.000885099
0.027887
-0.000472422
0.0278046
-5.93468e-05
0.0277387
0.000237436
0.0276901
0.00050864
0.0276575
0.000639743
0.0276541
0.000735028
0.0276582
0.000705819
0.0276799
0.000661906
0.0277105
0.000475936
0.027772
0.000296743
0.0278812
-9.05648e-06
0.0279891
-0.000265595
0.0281331
-0.000600014
0.0283466
-0.0009801
0.0285893
-0.00133136
0.0288259
-0.00145401
0.0290281
-0.00140562
0.0291394
-0.00120175
0.0291532
-0.000913501
0.0290759
-0.000613465
0.0289429
-0.000307883
0.0287819
-3.7772e-05
0.0285553
0.000237044
0.0283324
0.000367848
0.0281548
0.000542102
0.0279819
0.000658458
0.0278133
0.000775831
0.0276549
0.000809169
0.000877892
0.0240842
0.00466724
0.0252182
0.00407247
0.0261853
0.00356088
0.0269246
0.00315357
0.0276657
0.00287084
0.0283397
0.00274419
0.0289809
0.00258619
0.0295548
0.00245081
0.030161
0.00228069
0.0307878
0.00223196
0.0314105
0.0021948
0.0320389
0.00218227
0.0326452
0.00214549
0.0332131
0.00210437
0.0337925
0.0020544
0.0343687
0.00200267
0.0349714
0.00192767
0.0355168
0.0018145
0.0360216
0.00159248
0.0364121
0.0013006
0.0366929
0.000903671
0.0368478
0.000448612
0.0368785
-3.83584e-05
0.0367031
-0.000522346
0.0364423
-0.00101194
0.0360685
-0.00137633
0.0356322
-0.00169731
0.0351344
-0.00190893
0.0346509
-0.00208433
0.0341447
-0.00215845
0.0336895
-0.00221096
0.0332264
-0.00220264
0.0328288
-0.00218441
0.0324258
-0.00216063
0.0320664
-0.00212978
0.0316958
-0.00214802
0.031347
-0.00215244
0.0309843
-0.0022276
0.0306247
-0.00227207
0.0302683
-0.00238985
0.0299186
-0.0024567
0.0295992
-0.00258005
0.0292934
-0.00261728
0.0290362
-0.00267309
0.0287959
-0.00261325
0.0286056
-0.00253862
0.028422
-0.00232647
0.0282548
-0.00204018
0.02809
-0.00163892
0.0279264
-0.00120729
0.0277598
-0.000718506
0.0275905
-0.000303206
0.0274317
9.9537e-05
0.0272988
0.000370273
0.0271911
0.000616391
0.0271086
0.000722236
0.0270588
0.000784836
0.0270215
0.00074305
0.0270138
0.000669601
0.0270074
0.0004824
0.0270376
0.00026657
0.0270988
-7.03307e-05
0.0271677
-0.000334422
0.0273332
-0.000765603
0.0275708
-0.00121761
0.0278092
-0.00156977
0.0280679
-0.00171275
0.0283267
-0.00166441
0.0284675
-0.0013426
0.0285021
-0.000948094
0.0284156
-0.000526901
0.0282467
-0.000139018
0.0280569
0.000152051
0.0278398
0.000454133
0.0275883
0.000619362
0.0273962
0.00073416
0.0272447
0.000809949
0.0271035
0.000917087
0.0269633
0.000949321
0.000967846
0.0216651
0.00295427
0.0230603
0.00267729
0.0242569
0.00236427
0.025309
0.0021015
0.0262685
0.00191138
0.0272055
0.00180713
0.0280773
0.00171444
0.0289014
0.00162667
0.0296495
0.00153257
0.0303998
0.00148172
0.0311386
0.00145594
0.0318701
0.00145083
0.0325815
0.00143402
0.0332634
0.00142249
0.0339313
0.00138649
0.0345763
0.00135763
0.035219
0.001285
0.0358287
0.00120483
0.0363753
0.00104586
0.0368256
0.000850332
0.0371641
0.000565188
0.0373444
0.000268323
0.0373936
-8.76029e-05
0.0372903
-0.000419082
0.0370374
-0.00075902
0.0366863
-0.00102526
0.0362581
-0.00126911
0.0357712
-0.00142201
0.0352505
-0.00156362
0.0347061
-0.00161402
0.0341651
-0.00167
0.0336147
-0.00165221
0.0330929
-0.00166264
0.0325605
-0.00162825
0.0320622
-0.00163141
0.0315394
-0.0016253
0.031043
-0.00165596
0.0305153
-0.00169991
0.0300081
-0.0017649
0.0294765
-0.00185823
0.0289673
-0.00194747
0.0284538
-0.00206658
0.0279719
-0.00213536
0.0275235
-0.00222471
0.0271153
-0.00220508
0.0267374
-0.00216065
0.0263684
-0.00195755
0.0260092
-0.0016809
0.0256552
-0.00128494
0.0253154
-0.000867534
0.0250185
-0.000421596
0.0247843
-6.89897e-05
0.0245961
0.000287691
0.0244665
0.000499887
0.0243951
0.000687863
0.0243589
0.000758393
0.0243653
0.000778393
0.0243856
0.000722835
0.0244337
0.000621499
0.024483
0.000433093
0.0245309
0.000218618
0.0245334
-7.28545e-05
0.0245836
-0.000384546
0.0247646
-0.000946624
0.0250486
-0.00150163
0.0253059
-0.00182709
0.0255253
-0.00193212
0.0256603
-0.00179935
0.0256444
-0.00132672
0.0255331
-0.000836866
0.0253391
-0.00033289
0.025153
4.71037e-05
0.0249099
0.000395184
0.0247422
0.000621828
0.0245822
0.000779335
0.0244746
0.000841768
0.0244057
0.000878892
0.0244
0.000922755
0.0244194
0.000929929
0.000978463
0.0199056
0.00141033
0.0212972
0.00128572
0.0225232
0.00113826
0.0236448
0.000979822
0.0246816
0.000874649
0.025688
0.000800717
0.0266418
0.000760671
0.0275512
0.000717234
0.0284012
0.000682527
0.0292359
0.000647049
0.0300497
0.000642184
0.0308594
0.000641116
0.03165
0.000643363
0.0324294
0.000643179
0.0331826
0.000633261
0.0339193
0.000620876
0.0346139
0.00059048
0.0352764
0.000542258
0.0358541
0.000468176
0.0363444
0.000360059
0.0366878
0.000221738
0.0368995
5.66205e-05
0.0369286
-0.000116608
0.0368171
-0.000307595
0.0365392
-0.000481117
0.0361479
-0.000633983
0.035637
-0.00075818
0.0350647
-0.000849734
0.0344147
-0.000913642
0.03375
-0.000949301
0.0330477
-0.000967738
0.0323595
-0.000964032
0.0316583
-0.000961418
0.0309762
-0.000946141
0.0302902
-0.000945351
0.0296079
-0.000943046
0.0289124
-0.00096049
0.0282002
-0.000987723
0.0274705
-0.00103511
0.0267053
-0.00109312
0.0259236
-0.00116574
0.0250998
-0.00124276
0.024275
-0.00131056
0.0234444
-0.00139416
0.0226724
-0.00143309
0.0219284
-0.00141661
0.0212428
-0.00127198
0.0205918
-0.00102985
0.0199923
-0.000685441
0.0194768
-0.000352039
0.0190565
-1.3271e-06
0.018759
0.000228546
0.0186295
0.000417166
0.0186006
0.000528838
0.0187128
0.000575578
0.0188631
0.000608149
0.0190766
0.000564909
0.0192909
0.0005085
0.0194999
0.000412484
0.0196614
0.000271602
0.0197922
8.78815e-05
0.0197816
-6.23135e-05
0.0197315
-0.000334467
0.0196386
-0.000853715
0.0196924
-0.00155536
0.0198199
-0.0019546
0.0197871
-0.00189934
0.0195054
-0.00151768
0.0190517
-0.000873002
0.0185001
-0.000285227
0.0180232
0.000143971
0.0175663
0.000504017
0.017191
0.000770493
0.0170866
0.000726193
0.0170534
0.000812534
0.0170732
0.000821944
0.0171809
0.000771219
0.0173958
0.00070787
0.0176308
0.000694897
0.000669996
0.0181977
0.0194834
0.0206216
0.0216014
0.0224761
0.0232768
0.0240375
0.0247547
0.0254372
0.0260843
0.0267265
0.0273676
0.028011
0.0286541
0.0292874
0.0299083
0.0304988
0.031041
0.0315092
0.0318692
0.032091
0.0321476
0.032031
0.0317234
0.0312423
0.0306083
0.0298501
0.0290004
0.0280867
0.0271374
0.0261697
0.0252057
0.0242443
0.0232981
0.0223528
0.0214097
0.0204492
0.0194615
0.0184264
0.0173333
0.0161675
0.0149248
0.0136142
0.0122201
0.010787
0.00937035
0.00809838
0.00706852
0.00638308
0.00603104
0.00602972
0.00625826
0.00667543
0.00720427
0.00777984
0.00838799
0.0089529
0.0094614
0.00987389
0.0101455
0.0102334
0.0101711
0.00983659
0.00898288
0.00742752
0.00547292
0.00357357
0.00205589
0.00118289
0.000897662
0.00104163
0.00154565
0.00231614
0.00304234
0.00385487
0.00467681
0.00544803
0.0061559
0.0068508
)
;

boundaryField
{
    inlet
    {
        type            calculated;
        value           nonuniform List<scalar> 
20
(
-0.01
-0.01
-0.01
-0.01
-0.01
-0.01
-0.01
-0.01
-0.01
-0.01
-0.01
-0.01
-0.01
-0.01
-0.01
-0.01
-0.01
-0.01
-0.01
-0.01
)
;
    }
    outlet
    {
        type            calculated;
        value           nonuniform List<scalar> 10(0.0054119 0.0140119 0.0216145 0.0264478 0.028221 0.0275507 0.0268734 0.0244088 0.0179393 0.0075208);
    }
    walls
    {
        type            calculated;
        value           uniform 0;
    }
    frontAndBack
    {
        type            empty;
        value           nonuniform List<scalar> 0();
    }
}


// ************************************************************************* //
