/*--------------------------------*- C++ -*----------------------------------*\
| =========                 |                                                 |
| \\      /  F ield         | OpenFOAM: The Open Source CFD Toolbox           |
|  \\    /   O peration     | Version:  2306                                  |
|   \\  /    A nd           | Website:  www.openfoam.com                      |
|    \\/     M anipulation  |                                                 |
\*---------------------------------------------------------------------------*/
FoamFile
{
    version     2.0;
    format      ascii;
    arch        "LSB;label=32;scalar=64";
    class       volVectorField;
    location    "0.375";
    object      U;
}
// * * * * * * * * * * * * * * * * * * * * * * * * * * * * * * * * * * * * * //

dimensions      [0 1 -1 0 0 0 0];

internalField   nonuniform List<vector> 
4400
(
(9.90179 0.0455288 0)
(9.80626 0.0986938 0)
(9.70006 0.12098 0)
(9.5702 0.125776 0)
(9.4182 0.124495 0)
(9.25221 0.123452 0)
(9.08062 0.124137 0)
(8.90821 0.125692 0)
(8.73729 0.126972 0)
(8.56779 0.127422 0)
(8.40015 0.126862 0)
(8.23331 0.125551 0)
(8.06802 0.123766 0)
(7.90321 0.121737 0)
(7.74003 0.119675 0)
(7.57757 0.117515 0)
(7.41701 0.115451 0)
(7.25755 0.113232 0)
(7.10013 0.111092 0)
(6.94414 0.108753 0)
(6.79026 0.106462 0)
(6.63809 0.104044 0)
(6.48808 0.101606 0)
(6.33993 0.0991586 0)
(6.19408 0.0966127 0)
(6.05011 0.0941628 0)
(5.90869 0.0915848 0)
(5.76896 0.0891734 0)
(5.63211 0.086614 0)
(5.49665 0.084238 0)
(5.36444 0.0817897 0)
(5.23324 0.0795242 0)
(5.10551 0.0772129 0)
(4.97839 0.0750692 0)
(4.85479 0.0729569 0)
(4.73137 0.0710244 0)
(4.61134 0.0691754 0)
(4.49095 0.0675562 0)
(4.37371 0.0661031 0)
(4.25538 0.0649477 0)
(4.13979 0.0640554 0)
(4.02223 0.0635074 0)
(3.90677 0.0633649 0)
(3.78841 0.063548 0)
(3.67121 0.064316 0)
(3.54996 0.0653372 0)
(3.42863 0.0671574 0)
(3.30186 0.0691536 0)
(3.17349 0.0721398 0)
(3.03795 0.07527 0)
(2.89909 0.0795071 0)
(2.75092 0.0839091 0)
(2.59761 0.0894401 0)
(2.43246 0.0951372 0)
(2.26036 0.10187 0)
(2.07359 0.108601 0)
(1.87831 0.116133 0)
(1.66565 0.123116 0)
(1.44358 0.130406 0)
(1.20218 0.135988 0)
(0.9518 0.140699 0)
(0.681669 0.141225 0)
(0.40449 0.134584 0)
(0.127104 0.10382 0)
(-0.125074 0.0487466 0)
(-0.373323 -0.0340393 0)
(-0.550545 -0.126081 0)
(-0.667913 -0.235787 0)
(-0.678278 -0.358783 0)
(-0.613449 -0.497643 0)
(-0.415378 -0.621431 0)
(-0.15531 -0.708054 0)
(0.134027 -0.572007 0)
(0.295016 -0.216359 0)
(0.394043 0.481308 0)
(-0.360272 0.91423 0)
(-0.575494 0.307229 0)
(-0.187302 -0.0814631 0)
(0.0510641 -0.0933776 0)
(-0.11789 -0.253996 0)
(10.0002 0.061253 0)
(10.0319 0.137368 0)
(10.0696 0.173648 0)
(10.105 0.184927 0)
(10.1326 0.186134 0)
(10.15 0.186299 0)
(10.1591 0.188184 0)
(10.1608 0.192069 0)
(10.1594 0.195802 0)
(10.1536 0.199237 0)
(10.147 0.200991 0)
(10.1366 0.20213 0)
(10.1255 0.202042 0)
(10.1105 0.201922 0)
(10.0942 0.201251 0)
(10.0746 0.200751 0)
(10.0531 0.200074 0)
(10.0291 0.19936 0)
(10.0028 0.19862 0)
(9.97485 0.197634 0)
(9.94433 0.196658 0)
(9.9125 0.195459 0)
(9.87835 0.194226 0)
(9.84255 0.192823 0)
(9.8053 0.191413 0)
(9.76542 0.189828 0)
(9.72551 0.188303 0)
(9.68149 0.186661 0)
(9.63909 0.184989 0)
(9.59113 0.183399 0)
(9.54612 0.181638 0)
(9.49452 0.180169 0)
(9.44658 0.178443 0)
(9.39147 0.177151 0)
(9.34038 0.175528 0)
(9.2816 0.174608 0)
(9.22711 0.173201 0)
(9.16431 0.172819 0)
(9.10597 0.171874 0)
(9.0387 0.172147 0)
(8.97573 0.171982 0)
(8.90329 0.173137 0)
(8.83461 0.174063 0)
(8.75614 0.176465 0)
(8.68029 0.178837 0)
(8.59459 0.182869 0)
(8.50972 0.187081 0)
(8.41506 0.193184 0)
(8.31896 0.19964 0)
(8.21287 0.208343 0)
(8.103 0.217376 0)
(7.98215 0.229262 0)
(7.85549 0.241165 0)
(7.71573 0.256763 0)
(7.56852 0.271723 0)
(7.40507 0.291286 0)
(7.23262 0.30925 0)
(7.04028 0.33249 0)
(6.83703 0.352727 0)
(6.61044 0.378374 0)
(6.37043 0.398616 0)
(6.10432 0.423403 0)
(5.82191 0.438031 0)
(5.51271 0.454072 0)
(5.1902 0.451508 0)
(4.84841 0.447988 0)
(4.46943 0.414965 0)
(4.06777 0.382085 0)
(3.59265 0.321086 0)
(3.07381 0.280233 0)
(2.38729 0.212986 0)
(1.57057 0.216706 0)
(0.5174 0.147632 0)
(-0.170808 0.00703623 0)
(-0.562253 0.0881079 0)
(-0.512785 0.0224408 0)
(-0.19475 -0.563544 0)
(-0.566422 -0.66251 0)
(-0.574566 0.0275575 0)
(-0.498415 0.555322 0)
(10.0001 0.0268741 0)
(10.0167 0.0695284 0)
(10.0429 0.100072 0)
(10.0747 0.117307 0)
(10.1085 0.127003 0)
(10.1392 0.13173 0)
(10.1674 0.13599 0)
(10.1908 0.140304 0)
(10.2132 0.145346 0)
(10.2328 0.150434 0)
(10.2536 0.15482 0)
(10.273 0.158807 0)
(10.2935 0.161612 0)
(10.313 0.164199 0)
(10.3322 0.166097 0)
(10.3514 0.167751 0)
(10.3684 0.169636 0)
(10.3869 0.17061 0)
(10.4015 0.172668 0)
(10.4189 0.173097 0)
(10.4316 0.175055 0)
(10.4475 0.175241 0)
(10.4585 0.176807 0)
(10.4723 0.176971 0)
(10.482 0.178004 0)
(10.493 0.178373 0)
(10.5016 0.178788 0)
(10.5096 0.179606 0)
(10.5168 0.179368 0)
(10.5217 0.180645 0)
(10.527 0.180102 0)
(10.529 0.181551 0)
(10.5319 0.181256 0)
(10.5309 0.182708 0)
(10.531 0.182909 0)
(10.5268 0.184656 0)
(10.5238 0.185409 0)
(10.5161 0.187795 0)
(10.5098 0.189336 0)
(10.4979 0.192576 0)
(10.488 0.195338 0)
(10.4714 0.199689 0)
(10.4574 0.204202 0)
(10.4356 0.209938 0)
(10.4164 0.217038 0)
(10.3893 0.224321 0)
(10.3634 0.23491 0)
(10.3303 0.244171 0)
(10.2966 0.258871 0)
(10.2562 0.271031 0)
(10.2134 0.290184 0)
(10.1637 0.306347 0)
(10.1109 0.330223 0)
(10.0489 0.351493 0)
(9.98476 0.380356 0)
(9.90728 0.407329 0)
(9.82951 0.441543 0)
(9.73326 0.473669 0)
(9.63807 0.513307 0)
(9.51972 0.548304 0)
(9.40112 0.591864 0)
(9.25703 0.624761 0)
(9.10603 0.667209 0)
(8.9306 0.689451 0)
(8.73413 0.720889 0)
(8.51796 0.723065 0)
(8.25247 0.736924 0)
(7.96736 0.721495 0)
(7.61014 0.734953 0)
(7.22823 0.737914 0)
(6.75746 0.799998 0)
(6.2461 0.869101 0)
(5.6654 0.993708 0)
(5.00148 0.985547 0)
(4.40585 0.907229 0)
(3.40141 0.762989 0)
(2.75663 0.509073 0)
(1.41508 0.378032 0)
(0.0769038 -0.103359 0)
(-0.157467 -0.471438 0)
(10.0002 0.0189607 0)
(10.01 0.0523677 0)
(10.0279 0.0808959 0)
(10.051 0.100922 0)
(10.0782 0.114974 0)
(10.105 0.122916 0)
(10.1321 0.128501 0)
(10.1559 0.132552 0)
(10.1799 0.13622 0)
(10.201 0.140526 0)
(10.224 0.143667 0)
(10.245 0.147985 0)
(10.2686 0.149826 0)
(10.2908 0.153371 0)
(10.3146 0.153941 0)
(10.3378 0.156697 0)
(10.3611 0.156896 0)
(10.3847 0.158933 0)
(10.4072 0.159399 0)
(10.4307 0.160734 0)
(10.4529 0.161619 0)
(10.4759 0.162386 0)
(10.4981 0.16357 0)
(10.52 0.163812 0)
(10.5425 0.165322 0)
(10.5628 0.165105 0)
(10.5856 0.166954 0)
(10.6039 0.166549 0)
(10.627 0.168483 0)
(10.6431 0.168335 0)
(10.6661 0.170189 0)
(10.6799 0.170586 0)
(10.7027 0.172421 0)
(10.7137 0.173589 0)
(10.7363 0.175445 0)
(10.7443 0.177777 0)
(10.766 0.17977 0)
(10.7714 0.183449 0)
(10.7914 0.186119 0)
(10.7943 0.191092 0)
(10.8122 0.195176 0)
(10.8123 0.201636 0)
(10.8278 0.207576 0)
(10.8249 0.216054 0)
(10.8377 0.224342 0)
(10.8316 0.235292 0)
(10.8408 0.246735 0)
(10.8319 0.260505 0)
(10.8363 0.276053 0)
(10.8251 0.293228 0)
(10.8231 0.313588 0)
(10.81 0.335295 0)
(10.8008 0.360628 0)
(10.785 0.388533 0)
(10.7685 0.418536 0)
(10.7486 0.454242 0)
(10.7243 0.488374 0)
(10.6984 0.53284 0)
(10.6661 0.569735 0)
(10.6297 0.623012 0)
(10.5896 0.659695 0)
(10.5345 0.719761 0)
(10.4857 0.752055 0)
(10.399 0.813179 0)
(10.3344 0.837733 0)
(10.1996 0.893684 0)
(10.1037 0.916087 0)
(9.9025 0.972286 0)
(9.75961 1.01229 0)
(9.47655 1.08576 0)
(9.27423 1.16743 0)
(8.89702 1.27029 0)
(8.62952 1.37363 0)
(8.13498 1.45445 0)
(7.7703 1.48522 0)
(7.14685 1.51602 0)
(6.59062 1.48428 0)
(5.89275 1.49705 0)
(5.00548 1.48956 0)
(4.15494 1.22883 0)
(10.0004 0.0133675 0)
(10.0067 0.0382665 0)
(10.02 0.0606378 0)
(10.0366 0.0775668 0)
(10.0591 0.090816 0)
(10.0809 0.0986104 0)
(10.1066 0.104723 0)
(10.1279 0.108033 0)
(10.1532 0.111557 0)
(10.1723 0.114311 0)
(10.1974 0.117364 0)
(10.2156 0.120451 0)
(10.2419 0.122741 0)
(10.2603 0.125624 0)
(10.2877 0.12681 0)
(10.3069 0.129246 0)
(10.3345 0.129846 0)
(10.3542 0.131658 0)
(10.3815 0.132452 0)
(10.4014 0.1335 0)
(10.4285 0.135006 0)
(10.4484 0.135293 0)
(10.4754 0.137424 0)
(10.4949 0.137136 0)
(10.5222 0.139694 0)
(10.5406 0.139131 0)
(10.5686 0.141949 0)
(10.5855 0.141426 0)
(10.6139 0.144265 0)
(10.6295 0.144227 0)
(10.6576 0.146952 0)
(10.6723 0.147679 0)
(10.6997 0.150383 0)
(10.7131 0.152063 0)
(10.74 0.154806 0)
(10.7515 0.157988 0)
(10.778 0.160481 0)
(10.7877 0.165945 0)
(10.8131 0.168103 0)
(10.8212 0.176266 0)
(10.8452 0.178631 0)
(10.8516 0.189517 0)
(10.8739 0.192939 0)
(10.8788 0.206548 0)
(10.899 0.212018 0)
(10.9027 0.228278 0)
(10.92 0.237175 0)
(10.9234 0.255783 0)
(10.9366 0.269912 0)
(10.9408 0.290378 0)
(10.9491 0.311703 0)
(10.9546 0.333807 0)
(10.9583 0.363652 0)
(10.964 0.388485 0)
(10.9654 0.426406 0)
(10.9681 0.456292 0)
(10.9713 0.501049 0)
(10.9665 0.537189 0)
(10.9746 0.588848 0)
(10.9591 0.629228 0)
(10.9707 0.688995 0)
(10.9429 0.729844 0)
(10.9527 0.797223 0)
(10.9072 0.836864 0)
(10.9089 0.909465 0)
(10.835 0.9512 0)
(10.82 1.03127 0)
(10.7062 1.08535 0)
(10.664 1.18022 0)
(10.5011 1.26123 0)
(10.4212 1.37523 0)
(10.2054 1.49187 0)
(10.0713 1.61379 0)
(9.80643 1.74481 0)
(9.5788 1.84555 0)
(9.26627 1.95283 0)
(8.87867 2.00989 0)
(8.47884 2.05709 0)
(7.85527 2.04635 0)
(7.21653 1.94544 0)
(10.0015 0.00950279 0)
(10.0037 0.027965 0)
(10.0166 0.0449393 0)
(10.0273 0.0584782 0)
(10.0482 0.0702863 0)
(10.0645 0.0773145 0)
(10.0902 0.0838667 0)
(10.1078 0.0866229 0)
(10.1347 0.0906287 0)
(10.1513 0.092144 0)
(10.1787 0.0956327 0)
(10.1942 0.0971621 0)
(10.2228 0.100283 0)
(10.2381 0.101756 0)
(10.2681 0.10407 0)
(10.2837 0.105463 0)
(10.3144 0.106875 0)
(10.3304 0.108188 0)
(10.361 0.109088 0)
(10.3777 0.110393 0)
(10.4076 0.111292 0)
(10.4251 0.112531 0)
(10.4538 0.113537 0)
(10.4723 0.114699 0)
(10.4999 0.115936 0)
(10.5189 0.116982 0)
(10.5459 0.118653 0)
(10.5646 0.119488 0)
(10.5912 0.121679 0)
(10.6096 0.122642 0)
(10.635 0.125122 0)
(10.6538 0.126766 0)
(10.6775 0.1293 0)
(10.6963 0.132054 0)
(10.7188 0.134664 0)
(10.7365 0.139004 0)
(10.7588 0.141405 0)
(10.7743 0.148293 0)
(10.7971 0.150013 0)
(10.8095 0.160295 0)
(10.8333 0.161583 0)
(10.8421 0.175183 0)
(10.8674 0.177287 0)
(10.8719 0.193652 0)
(10.8993 0.198016 0)
(10.8987 0.216725 0)
(10.9292 0.224877 0)
(10.9226 0.245544 0)
(10.9574 0.259192 0)
(10.9438 0.281568 0)
(10.9838 0.30228 0)
(10.963 0.326263 0)
(11.009 0.355727 0)
(10.981 0.380936 0)
(11.0329 0.42106 0)
(10.9995 0.447282 0)
(11.0551 0.498335 0)
(11.0196 0.527696 0)
(11.0754 0.586189 0)
(11.04 0.623651 0)
(11.093 0.684203 0)
(11.0575 0.733232 0)
(11.1039 0.793809 0)
(11.0657 0.855571 0)
(11.1011 0.915916 0)
(11.0538 0.996974 0)
(11.0749 1.05624 0)
(11.0099 1.16619 0)
(11.0101 1.23205 0)
(10.9248 1.37167 0)
(10.8926 1.46004 0)
(10.7903 1.62274 0)
(10.7133 1.74047 0)
(10.5965 1.91022 0)
(10.4569 2.04717 0)
(10.3085 2.18957 0)
(10.0738 2.32706 0)
(9.83581 2.40483 0)
(9.45461 2.52983 0)
(9.04014 2.5242 0)
(10.0026 0.00672959 0)
(10.0018 0.020167 0)
(10.0147 0.0325701 0)
(10.022 0.0430654 0)
(10.0411 0.0524375 0)
(10.0551 0.0586128 0)
(10.078 0.0643358 0)
(10.0957 0.067044 0)
(10.1198 0.0704971 0)
(10.1386 0.0717831 0)
(10.1629 0.0746267 0)
(10.1815 0.0757478 0)
(10.2068 0.0783159 0)
(10.2248 0.0795761 0)
(10.2519 0.0814303 0)
(10.2695 0.0831119 0)
(10.2981 0.0836622 0)
(10.3153 0.0860283 0)
(10.3448 0.0852827 0)
(10.3619 0.0885966 0)
(10.3916 0.087008 0)
(10.4092 0.0910087 0)
(10.4375 0.0890583 0)
(10.4568 0.0932902 0)
(10.4829 0.0917049 0)
(10.5043 0.095534 0)
(10.5281 0.0950643 0)
(10.5508 0.0978623 0)
(10.573 0.0990721 0)
(10.5964 0.100851 0)
(10.6171 0.103684 0)
(10.6408 0.104951 0)
(10.6603 0.109146 0)
(10.6835 0.110307 0)
(10.7027 0.116074 0)
(10.724 0.117223 0)
(10.7442 0.124707 0)
(10.7621 0.126547 0)
(10.7847 0.135087 0)
(10.7976 0.139172 0)
(10.8243 0.147783 0)
(10.8299 0.15547 0)
(10.8631 0.16399 0)
(10.8591 0.175863 0)
(10.9009 0.184775 0)
(10.8857 0.201344 0)
(10.937 0.211123 0)
(10.9107 0.232789 0)
(10.971 0.24491 0)
(10.9358 0.270463 0)
(11.0016 0.28837 0)
(10.9631 0.315494 0)
(11.0281 0.342324 0)
(10.9939 0.370531 0)
(11.0519 0.406449 0)
(11.0271 0.438213 0)
(11.0758 0.481616 0)
(11.0611 0.518864 0)
(11.1012 0.569845 0)
(11.0953 0.612651 0)
(11.1263 0.671074 0)
(11.1282 0.722618 0)
(11.1488 0.785358 0)
(11.1557 0.850285 0)
(11.1635 0.919985 0)
(11.1736 0.996542 0)
(11.1618 1.08413 0)
(11.1742 1.17252 0)
(11.1382 1.28279 0)
(11.1463 1.39513 0)
(11.088 1.52428 0)
(11.0828 1.67302 0)
(11.006 1.81503 0)
(10.9769 1.99957 0)
(10.8795 2.14426 0)
(10.8094 2.34649 0)
(10.6672 2.48099 0)
(10.5263 2.68103 0)
(10.2952 2.79517 0)
(10.0359 2.9783 0)
(10.0029 0.00430018 0)
(10.0013 0.0141248 0)
(10.0131 0.0218749 0)
(10.0197 0.0301424 0)
(10.0359 0.0360058 0)
(10.0502 0.0416233 0)
(10.0692 0.0450986 0)
(10.089 0.0482506 0)
(10.1086 0.0500316 0)
(10.1313 0.0519476 0)
(10.1506 0.0532798 0)
(10.1744 0.0547297 0)
(10.1938 0.0562127 0)
(10.2179 0.0573458 0)
(10.2384 0.0590062 0)
(10.2624 0.0598862 0)
(10.2842 0.061219 0)
(10.3077 0.062107 0)
(10.331 0.0629258 0)
(10.3539 0.0643774 0)
(10.3782 0.0645816 0)
(10.4004 0.0668506 0)
(10.4248 0.0663267 0)
(10.4474 0.0695823 0)
(10.471 0.0686365 0)
(10.4946 0.0724218 0)
(10.5166 0.0719239 0)
(10.5411 0.0751474 0)
(10.5619 0.07642 0)
(10.5869 0.0782318 0)
(10.6065 0.0819785 0)
(10.6316 0.0823422 0)
(10.6505 0.088593 0)
(10.6745 0.0878176 0)
(10.6944 0.0967909 0)
(10.7147 0.0948783 0)
(10.7385 0.106851 0)
(10.7519 0.104414 0)
(10.7823 0.118588 0)
(10.7866 0.117661 0)
(10.8255 0.132156 0)
(10.819 0.135222 0)
(10.8674 0.148689 0)
(10.8497 0.157173 0)
(10.9074 0.169677 0)
(10.88 0.183992 0)
(10.9444 0.196233 0)
(10.9114 0.216976 0)
(10.9779 0.228922 0)
(10.9445 0.257846 0)
(11.0086 0.268643 0)
(10.9795 0.307504 0)
(11.0379 0.318 0)
(11.0167 0.365502 0)
(11.0659 0.380025 0)
(11.0574 0.432114 0)
(11.0935 0.455409 0)
(11.1006 0.510762 0)
(11.1232 0.543236 0)
(11.1437 0.603539 0)
(11.155 0.647047 0)
(11.1871 0.70858 0)
(11.1847 0.772852 0)
(11.2295 0.830136 0)
(11.2101 0.919885 0)
(11.265 0.981471 0)
(11.2279 1.08983 0)
(11.289 1.17068 0)
(11.2302 1.29803 0)
(11.2964 1.40107 0)
(11.2133 1.55926 0)
(11.2791 1.68184 0)
(11.1728 1.8754 0)
(11.2287 2.01986 0)
(11.0995 2.23471 0)
(11.1258 2.40722 0)
(10.9702 2.62037 0)
(10.9364 2.82531 0)
(10.7326 3.0147 0)
(10.5972 3.25482 0)
(10.0022 0.00188932 0)
(10.0018 0.00916322 0)
(10.0114 0.012103 0)
(10.019 0.0186414 0)
(10.0325 0.0206047 0)
(10.0479 0.0256518 0)
(10.0635 0.0264468 0)
(10.0853 0.0297749 0)
(10.1012 0.029857 0)
(10.1275 0.0320363 0)
(10.1421 0.0322883 0)
(10.1711 0.0335209 0)
(10.1844 0.0346 0)
(10.2152 0.0349091 0)
(10.2283 0.0370284 0)
(10.2599 0.0364069 0)
(10.2735 0.0390397 0)
(10.3053 0.0379595 0)
(10.3202 0.0407278 0)
(10.3513 0.0399278 0)
(10.3677 0.0423378 0)
(10.3973 0.0423272 0)
(10.4154 0.0439467 0)
(10.4434 0.0453214 0)
(10.4629 0.0460128 0)
(10.4895 0.0487111 0)
(10.5099 0.0490183 0)
(10.5352 0.0521485 0)
(10.5567 0.053433 0)
(10.5803 0.0559416 0)
(10.6028 0.0590939 0)
(10.6248 0.0608887 0)
(10.6479 0.0657512 0)
(10.6682 0.0675397 0)
(10.6925 0.0739674 0)
(10.7095 0.0756582 0)
(10.7373 0.0846531 0)
(10.7483 0.0855106 0)
(10.7819 0.0977924 0)
(10.7852 0.098625 0)
(10.8252 0.112882 0)
(10.8212 0.116336 0)
(10.8669 0.130342 0)
(10.8565 0.139331 0)
(10.9068 0.1508 0)
(10.8914 0.168882 0)
(10.9453 0.174636 0)
(10.9265 0.206029 0)
(10.9821 0.20384 0)
(10.9629 0.249845 0)
(11.0172 0.241992 0)
(11.0018 0.299569 0)
(11.0509 0.290783 0)
(11.0443 0.357395 0)
(11.0834 0.350517 0)
(11.0912 0.42441 0)
(11.1156 0.425026 0)
(11.143 0.497928 0)
(11.1478 0.519165 0)
(11.1988 0.580967 0)
(11.1814 0.629008 0)
(11.2558 0.685116 0)
(11.2184 0.751432 0)
(11.3097 0.814605 0)
(11.2581 0.89768 0)
(11.3578 0.96802 0)
(11.2964 1.07827 0)
(11.3974 1.1566 0)
(11.3267 1.29671 0)
(11.4256 1.39538 0)
(11.3433 1.56253 0)
(11.435 1.69182 0)
(11.3398 1.88751 0)
(11.4159 2.04717 0)
(11.3046 2.27521 0)
(11.3509 2.45906 0)
(11.2205 2.71808 0)
(11.209 2.91758 0)
(11.0552 3.21333 0)
(10.948 3.39505 0)
(10.0009 -0.000134446 0)
(10.003 0.00420856 0)
(10.0094 0.00324668 0)
(10.0199 0.00729422 0)
(10.0297 0.00638197 0)
(10.0481 0.00958627 0)
(10.0596 0.00885897 0)
(10.0849 0.0108539 0)
(10.0964 0.0105091 0)
(10.127 0.0116711 0)
(10.1368 0.0117329 0)
(10.1707 0.0123074 0)
(10.1791 0.0129364 0)
(10.2149 0.0130801 0)
(10.2231 0.0144453 0)
(10.2592 0.0138909 0)
(10.2686 0.0159306 0)
(10.3042 0.0148418 0)
(10.3158 0.0176279 0)
(10.3498 0.0162762 0)
(10.3638 0.0194678 0)
(10.3956 0.0181871 0)
(10.4118 0.0213971 0)
(10.442 0.0209254 0)
(10.4595 0.0236769 0)
(10.4884 0.0243749 0)
(10.507 0.0267294 0)
(10.534 0.0281921 0)
(10.5549 0.0312638 0)
(10.5785 0.0323242 0)
(10.6028 0.0374584 0)
(10.6224 0.0372816 0)
(10.6492 0.0450734 0)
(10.6667 0.0439126 0)
(10.6939 0.0540531 0)
(10.7103 0.0526753 0)
(10.7379 0.0647797 0)
(10.7522 0.0639113 0)
(10.782 0.0775671 0)
(10.7921 0.078571 0)
(10.8258 0.0921496 0)
(10.8306 0.0980417 0)
(10.8692 0.108863 0)
(10.8676 0.122357 0)
(10.9123 0.129969 0)
(10.9038 0.150457 0)
(10.9545 0.157401 0)
(10.9414 0.183395 0)
(10.9944 0.190764 0)
(10.982 0.223743 0)
(11.0327 0.230597 0)
(11.0251 0.271321 0)
(11.071 0.281038 0)
(11.072 0.323901 0)
(11.108 0.345063 0)
(11.1262 0.384565 0)
(11.1428 0.419456 0)
(11.1873 0.460842 0)
(11.1797 0.502542 0)
(11.2516 0.553232 0)
(11.2206 0.603797 0)
(11.3201 0.657221 0)
(11.2634 0.730758 0)
(11.3914 0.779928 0)
(11.3112 0.881549 0)
(11.4581 0.935328 0)
(11.3663 1.05899 0)
(11.5156 1.13426 0)
(11.4246 1.27311 0)
(11.5612 1.38422 0)
(11.4791 1.54167 0)
(11.5888 1.6909 0)
(11.5225 1.87543 0)
(11.5854 2.06733 0)
(11.54 2.2811 0)
(11.539 2.50988 0)
(11.5018 2.77152 0)
(11.4381 3.01053 0)
(11.3583 3.32739 0)
(11.2551 3.5964 0)
(9.99953 -0.0019458 0)
(10.0044 -0.000917878 0)
(10.0078 -0.00527746 0)
(10.0214 -0.00398879 0)
(10.0283 -0.00752179 0)
(10.0495 -0.0064004 0)
(10.0584 -0.00857764 0)
(10.0861 -0.00805364 0)
(10.0958 -0.00869563 0)
(10.1276 -0.00889443 0)
(10.137 -0.00847541 0)
(10.1707 -0.0094195 0)
(10.18 -0.00797368 0)
(10.2145 -0.00964028 0)
(10.2245 -0.00707572 0)
(10.2585 -0.00978442 0)
(10.2703 -0.00600022 0)
(10.3034 -0.00942863 0)
(10.318 -0.00449719 0)
(10.3489 -0.00830153 0)
(10.3666 -0.00285273 0)
(10.3943 -0.00643513 0)
(10.4153 -0.00114608 0)
(10.4408 -0.00345759 0)
(10.4632 0.000825513 0)
(10.4882 0.000330631 0)
(10.51 0.00379079 0)
(10.5356 0.00432076 0)
(10.5572 0.00875149 0)
(10.5817 0.00836918 0)
(10.605 0.0156179 0)
(10.6264 0.0135208 0)
(10.6523 0.0233863 0)
(10.6711 0.0212629 0)
(10.6982 0.0316159 0)
(10.7156 0.0318691 0)
(10.7431 0.0413329 0)
(10.7589 0.0447348 0)
(10.7881 0.0538023 0)
(10.8008 0.0600655 0)
(10.8327 0.0692014 0)
(10.8424 0.0788922 0)
(10.8757 0.0877494 0)
(10.8844 0.101779 0)
(10.9178 0.110509 0)
(10.9262 0.129072 0)
(10.96 0.138388 0)
(10.9687 0.161456 0)
(11.0011 0.172466 0)
(11.0149 0.199386 0)
(11.0397 0.214105 0)
(11.0662 0.244106 0)
(11.0779 0.263076 0)
(11.1207 0.299648 0)
(11.119 0.317523 0)
(11.1788 0.368083 0)
(11.1619 0.382579 0)
(11.2445 0.444543 0)
(11.2061 0.466628 0)
(11.3157 0.530048 0)
(11.2581 0.567068 0)
(11.3881 0.636857 0)
(11.3188 0.682176 0)
(11.4649 0.768248 0)
(11.3853 0.824842 0)
(11.5434 0.923233 0)
(11.4636 1.00616 0)
(11.6154 1.11374 0)
(11.5524 1.23033 0)
(11.681 1.35769 0)
(11.643 1.50836 0)
(11.7368 1.66287 0)
(11.7201 1.86524 0)
(11.7812 2.03588 0)
(11.7578 2.30593 0)
(11.7982 2.50966 0)
(11.738 2.80894 0)
(11.7445 3.10451 0)
(11.6495 3.38157 0)
(11.5622 3.764 0)
(9.99945 -0.00368709 0)
(10.0043 -0.00636747 0)
(10.0084 -0.013815 0)
(10.0217 -0.0156129 0)
(10.0302 -0.0214976 0)
(10.0502 -0.022805 0)
(10.062 -0.0259518 0)
(10.087 -0.027428 0)
(10.1008 -0.0275503 0)
(10.1283 -0.0301089 0)
(10.1428 -0.0281571 0)
(10.1713 -0.0317739 0)
(10.1862 -0.028605 0)
(10.2153 -0.0325641 0)
(10.2304 -0.0290522 0)
(10.2602 -0.0328694 0)
(10.2755 -0.0290957 0)
(10.3064 -0.0325322 0)
(10.3226 -0.0281214 0)
(10.3528 -0.0317586 0)
(10.3712 -0.026419 0)
(10.3986 -0.0304684 0)
(10.4208 -0.0243125 0)
(10.4446 -0.0279607 0)
(10.4698 -0.0221463 0)
(10.492 -0.0241255 0)
(10.5171 -0.0194489 0)
(10.5407 -0.0193994 0)
(10.5638 -0.0150969 0)
(10.5883 -0.0143438 0)
(10.6117 -0.00860164 0)
(10.6336 -0.00861873 0)
(10.6606 -0.000401276 0)
(10.6782 -0.00104097 0)
(10.7079 0.00892726 0)
(10.7238 0.00905789 0)
(10.7532 0.0199247 0)
(10.7696 0.0213733 0)
(10.7979 0.0335513 0)
(10.8144 0.0363249 0)
(10.8426 0.0496155 0)
(10.8589 0.0555496 0)
(10.886 0.0676853 0)
(10.9045 0.0794253 0)
(10.9286 0.0898766 0)
(10.9502 0.106404 0)
(10.9722 0.118428 0)
(10.9961 0.137682 0)
(11.016 0.15128 0)
(11.0453 0.178032 0)
(11.0582 0.186725 0)
(11.1 0.226967 0)
(11.1009 0.231887 0)
(11.158 0.277548 0)
(11.1483 0.293495 0)
(11.218 0.333005 0)
(11.2024 0.363413 0)
(11.2809 0.407221 0)
(11.2653 0.437451 0)
(11.3458 0.498742 0)
(11.3407 0.530255 0)
(11.4121 0.59947 0)
(11.4283 0.650412 0)
(11.4856 0.716827 0)
(11.5212 0.799715 0)
(11.5739 0.858675 0)
(11.6168 0.987331 0)
(11.6764 1.0361 0)
(11.7142 1.2182 0)
(11.7926 1.27181 0)
(11.8089 1.49693 0)
(11.9136 1.5911 0)
(11.8998 1.83322 0)
(12.018 2.01599 0)
(11.977 2.25295 0)
(12.0779 2.53578 0)
(12.0188 2.81203 0)
(12.0587 3.12246 0)
(11.9735 3.51249 0)
(11.9436 3.82112 0)
(10.0002 -0.0051451 0)
(10.0035 -0.0128452 0)
(10.0103 -0.0223186 0)
(10.0221 -0.0285481 0)
(10.034 -0.0356167 0)
(10.0524 -0.0402622 0)
(10.0679 -0.0435005 0)
(10.0908 -0.0471527 0)
(10.1083 -0.046876 0)
(10.1326 -0.0509358 0)
(10.1511 -0.0488325 0)
(10.1756 -0.0531186 0)
(10.1951 -0.0507606 0)
(10.2198 -0.0541799 0)
(10.2394 -0.0528313 0)
(10.2654 -0.0544951 0)
(10.2843 -0.0540184 0)
(10.3133 -0.0542119 0)
(10.3304 -0.0534589 0)
(10.3615 -0.0541323 0)
(10.3781 -0.0512561 0)
(10.4085 -0.0540311 0)
(10.4281 -0.0482296 0)
(10.4543 -0.0523782 0)
(10.4789 -0.0459243 0)
(10.5004 -0.0481104 0)
(10.5285 -0.044211 0)
(10.5484 -0.0420204 0)
(10.5763 -0.0408903 0)
(10.597 -0.0361063 0)
(10.624 -0.0343258 0)
(10.6444 -0.0305439 0)
(10.6723 -0.0252344 0)
(10.6911 -0.0233249 0)
(10.7197 -0.0152582 0)
(10.7386 -0.0129029 0)
(10.7652 -0.00446934 0)
(10.7863 0.000540486 0)
(10.8111 0.00847142 0)
(10.8319 0.0164898 0)
(10.8588 0.02451 0)
(10.8759 0.0354219 0)
(10.9062 0.0433828 0)
(10.9215 0.0589365 0)
(10.9521 0.064858 0)
(10.9685 0.0871298 0)
(10.999 0.0915008 0)
(11.0153 0.117764 0)
(11.0481 0.12687 0)
(11.0644 0.150214 0)
(11.0965 0.170591 0)
(11.1198 0.188928 0)
(11.146 0.219168 0)
(11.1771 0.237862 0)
(11.2052 0.273716 0)
(11.2324 0.296269 0)
(11.2743 0.339199 0)
(11.2934 0.363009 0)
(11.3482 0.418585 0)
(11.3633 0.441248 0)
(11.4328 0.514029 0)
(11.4384 0.535181 0)
(11.5294 0.626788 0)
(11.5294 0.655006 0)
(11.6259 0.757765 0)
(11.6486 0.807334 0)
(11.7234 0.921143 0)
(11.7882 0.997812 0)
(11.8343 1.12382 0)
(11.9418 1.25079 0)
(11.9591 1.38026 0)
(12.1003 1.57033 0)
(12.1011 1.73995 0)
(12.2453 1.95708 0)
(12.2366 2.22528 0)
(12.3673 2.47235 0)
(12.3211 2.80232 0)
(12.4353 3.17239 0)
(12.3031 3.4878 0)
(12.3832 3.98793 0)
(10.0004 -0.00682135 0)
(10.0038 -0.0200961 0)
(10.0124 -0.0320387 0)
(10.0244 -0.0425254 0)
(10.0389 -0.0513447 0)
(10.0579 -0.0579662 0)
(10.0759 -0.0624686 0)
(10.0991 -0.0662396 0)
(10.1179 -0.067475 0)
(10.142 -0.0709439 0)
(10.1615 -0.0704103 0)
(10.185 -0.0741811 0)
(10.2064 -0.0732223 0)
(10.2287 -0.07622 0)
(10.2519 -0.0763841 0)
(10.2743 -0.0766788 0)
(10.2977 -0.078879 0)
(10.3231 -0.0757906 0)
(10.3437 -0.0797667 0)
(10.373 -0.0751535 0)
(10.3905 -0.0783437 0)
(10.4218 -0.0753217 0)
(10.44 -0.0747856 0)
(10.4686 -0.075056 0)
(10.4914 -0.0710021 0)
(10.5148 -0.0724206 0)
(10.5422 -0.068081 0)
(10.5629 -0.0669132 0)
(10.5907 -0.0648128 0)
(10.6125 -0.060172 0)
(10.6387 -0.0592604 0)
(10.661 -0.0532309 0)
(10.6882 -0.0510974 0)
(10.7077 -0.0449991 0)
(10.7381 -0.0414375 0)
(10.7546 -0.034334 0)
(10.7861 -0.0300911 0)
(10.8031 -0.0216467 0)
(10.833 -0.0156993 0)
(10.8512 -0.00679821 0)
(10.8809 0.00104683 0)
(10.898 0.0123378 0)
(10.9294 0.0192992 0)
(10.946 0.0357738 0)
(10.9763 0.0420803 0)
(10.9962 0.0598382 0)
(11.0245 0.0733631 0)
(11.0451 0.0850894 0)
(11.0784 0.109134 0)
(11.0925 0.120413 0)
(11.1352 0.142135 0)
(11.1469 0.169178 0)
(11.1885 0.179996 0)
(11.2115 0.217855 0)
(11.246 0.237846 0)
(11.2765 0.262762 0)
(11.3167 0.309397 0)
(11.3462 0.322532 0)
(11.3895 0.380405 0)
(11.4372 0.406493 0)
(11.4619 0.457501 0)
(11.5408 0.509574 0)
(11.5551 0.548762 0)
(11.6472 0.638004 0)
(11.669 0.657397 0)
(11.7724 0.794861 0)
(11.7983 0.803262 0)
(11.9158 0.974623 0)
(11.9551 1.01106 0)
(12.0789 1.18828 0)
(12.1318 1.28736 0)
(12.2718 1.48435 0)
(12.3202 1.62913 0)
(12.4824 1.90802 0)
(12.5032 2.08555 0)
(12.6917 2.44214 0)
(12.6556 2.75893 0)
(12.8039 3.08117 0)
(12.7778 3.63125 0)
(12.7487 3.93046 0)
(10.0002 -0.00938143 0)
(10.0049 -0.0283557 0)
(10.0154 -0.0440531 0)
(10.0288 -0.0584932 0)
(10.0466 -0.0689675 0)
(10.0669 -0.0770223 0)
(10.0881 -0.0818558 0)
(10.1115 -0.0862267 0)
(10.1321 -0.0873708 0)
(10.1556 -0.0922369 0)
(10.1767 -0.0905342 0)
(10.1984 -0.0973439 0)
(10.223 -0.0935514 0)
(10.2411 -0.100903 0)
(10.2708 -0.0972057 0)
(10.2859 -0.101538 0)
(10.3191 -0.101042 0)
(10.3343 -0.0995619 0)
(10.3659 -0.104012 0)
(10.3853 -0.0975335 0)
(10.4117 -0.104136 0)
(10.4369 -0.0973492 0)
(10.4592 -0.100515 0)
(10.4868 -0.0982438 0)
(10.5089 -0.09536 0)
(10.5351 -0.0973143 0)
(10.5596 -0.0910509 0)
(10.5839 -0.0929404 0)
(10.6094 -0.0870792 0)
(10.6336 -0.0865611 0)
(10.6589 -0.081365 0)
(10.6824 -0.0794431 0)
(10.7098 -0.0733935 0)
(10.7297 -0.0708592 0)
(10.7609 -0.0638232 0)
(10.7777 -0.0602485 0)
(10.8102 -0.0519551 0)
(10.8273 -0.0483342 0)
(10.8585 -0.0361819 0)
(10.8769 -0.0357504 0)
(10.9073 -0.0162486 0)
(10.9263 -0.0205744 0)
(10.9553 0.00509845 0)
(10.9788 0.00145225 0)
(11.0003 0.0247741 0)
(11.035 0.0317092 0)
(11.0464 0.0462479 0)
(11.0894 0.0637715 0)
(11.1008 0.0783342 0)
(11.1389 0.0932851 0)
(11.1625 0.119339 0)
(11.1936 0.130332 0)
(11.2202 0.158861 0)
(11.2633 0.181582 0)
(11.2754 0.20247 0)
(11.3417 0.235389 0)
(11.3406 0.261772 0)
(11.4243 0.294515 0)
(11.4157 0.326694 0)
(11.5202 0.374882 0)
(11.5009 0.396202 0)
(11.6227 0.469732 0)
(11.6156 0.488366 0)
(11.7257 0.57501 0)
(11.7575 0.60551 0)
(11.85 0.705425 0)
(11.9186 0.749263 0)
(12.0032 0.871106 0)
(12.1052 0.934124 0)
(12.1945 1.08283 0)
(12.3186 1.18648 0)
(12.4256 1.34327 0)
(12.5774 1.56808 0)
(12.6595 1.67261 0)
(12.8951 2.08856 0)
(12.8841 2.21663 0)
(13.1711 2.69803 0)
(13.1371 3.0612 0)
(13.2649 3.48656 0)
(13.3235 4.12788 0)
(9.9997 -0.0129205 0)
(10.0074 -0.0389861 0)
(10.0196 -0.059568 0)
(10.0373 -0.0778503 0)
(10.0586 -0.0896712 0)
(10.0819 -0.0981864 0)
(10.1064 -0.103319 0)
(10.1294 -0.107331 0)
(10.1533 -0.109077 0)
(10.1737 -0.11428 0)
(10.1993 -0.112615 0)
(10.2162 -0.121325 0)
(10.2469 -0.115462 0)
(10.259 -0.126681 0)
(10.2961 -0.118358 0)
(10.3046 -0.128303 0)
(10.3452 -0.122119 0)
(10.3543 -0.126161 0)
(10.3915 -0.126402 0)
(10.4071 -0.122651 0)
(10.436 -0.128779 0)
(10.4612 -0.120555 0)
(10.4818 -0.127077 0)
(10.5134 -0.120453 0)
(10.5305 -0.122325 0)
(10.5632 -0.120054 0)
(10.5811 -0.11696 0)
(10.6127 -0.11713 0)
(10.6315 -0.111509 0)
(10.6627 -0.11203 0)
(10.6817 -0.104803 0)
(10.7119 -0.105373 0)
(10.7329 -0.0967363 0)
(10.7606 -0.0964363 0)
(10.7834 -0.0876049 0)
(10.8104 -0.0853991 0)
(10.8321 -0.075735 0)
(10.861 -0.0736324 0)
(10.8811 -0.0598924 0)
(10.9098 -0.0601143 0)
(10.9321 -0.042377 0)
(10.958 -0.0406964 0)
(10.9822 -0.0267181 0)
(11.0104 -0.0134782 0)
(11.0275 -0.0103683 0)
(11.0695 0.0148788 0)
(11.0712 0.0172445 0)
(11.1293 0.0348863 0)
(11.1236 0.0600197 0)
(11.1821 0.0537455 0)
(11.187 0.10226 0)
(11.239 0.0921648 0)
(11.2457 0.130368 0)
(11.3152 0.151303 0)
(11.301 0.162263 0)
(11.3947 0.20646 0)
(11.3823 0.217181 0)
(11.4614 0.256876 0)
(11.4873 0.284572 0)
(11.5437 0.321554 0)
(11.5897 0.357525 0)
(11.6541 0.399539 0)
(11.7101 0.448998 0)
(11.7687 0.489693 0)
(11.8685 0.559818 0)
(11.9012 0.600029 0)
(12.0526 0.705801 0)
(12.0668 0.723485 0)
(12.2796 0.904094 0)
(12.2608 0.887947 0)
(12.5571 1.13584 0)
(12.5248 1.16907 0)
(12.8445 1.38139 0)
(12.9051 1.6211 0)
(13.1242 1.74506 0)
(13.3675 2.21928 0)
(13.4112 2.41782 0)
(13.7492 2.95789 0)
(13.7516 3.49835 0)
(13.8717 3.99158 0)
(9.99826 -0.0190467 0)
(10.012 -0.0524495 0)
(10.0265 -0.0805685 0)
(10.0522 -0.100431 0)
(10.078 -0.11474 0)
(10.1051 -0.121623 0)
(10.1341 -0.128367 0)
(10.1545 -0.130988 0)
(10.1845 -0.135098 0)
(10.1974 -0.139794 0)
(10.2321 -0.140029 0)
(10.2397 -0.148955 0)
(10.2801 -0.142876 0)
(10.2846 -0.15577 0)
(10.3278 -0.144627 0)
(10.3336 -0.158485 0)
(10.3734 -0.147595 0)
(10.3864 -0.156876 0)
(10.4158 -0.15216 0)
(10.441 -0.152696 0)
(10.457 -0.156024 0)
(10.4954 -0.148544 0)
(10.5 -0.156989 0)
(10.5475 -0.145184 0)
(10.545 -0.155656 0)
(10.5974 -0.141146 0)
(10.591 -0.153086 0)
(10.6465 -0.13617 0)
(10.6371 -0.147884 0)
(10.694 -0.131935 0)
(10.6846 -0.138896 0)
(10.7381 -0.127286 0)
(10.7346 -0.129256 0)
(10.7799 -0.117933 0)
(10.784 -0.1218 0)
(10.8226 -0.103646 0)
(10.8312 -0.112911 0)
(10.865 -0.0894863 0)
(10.8804 -0.097135 0)
(10.9024 -0.0784051 0)
(10.9348 -0.0741176 0)
(10.9367 -0.0668843 0)
(10.9883 -0.0505104 0)
(10.9793 -0.0457277 0)
(11.0297 -0.0347091 0)
(11.0398 -0.0108997 0)
(11.0597 -0.0221167 0)
(11.107 0.0243104 0)
(11.1022 0.00488059 0)
(11.1571 0.0470727 0)
(11.1741 0.0487337 0)
(11.1956 0.071617 0)
(11.253 0.0864485 0)
(11.2573 0.117768 0)
(11.318 0.116662 0)
(11.3385 0.171093 0)
(11.4008 0.163684 0)
(11.4119 0.214186 0)
(11.5144 0.233414 0)
(11.4967 0.257858 0)
(11.633 0.314463 0)
(11.6128 0.312663 0)
(11.7705 0.404468 0)
(11.7433 0.389459 0)
(11.939 0.498324 0)
(11.9144 0.495589 0)
(12.1189 0.601763 0)
(12.1494 0.656812 0)
(12.312 0.687338 0)
(12.4725 0.900144 0)
(12.5321 0.815141 0)
(12.8604 1.14305 0)
(12.8822 1.12844 0)
(13.2252 1.35818 0)
(13.4522 1.64738 0)
(13.5959 1.79123 0)
(14.0375 2.27796 0)
(14.1366 2.69354 0)
(14.426 3.24481 0)
(14.622 4.07236 0)
(9.99801 -0.0265937 0)
(10.0187 -0.0700664 0)
(10.0417 -0.0992878 0)
(10.0756 -0.117593 0)
(10.1089 -0.126119 0)
(10.1383 -0.131572 0)
(10.1713 -0.135152 0)
(10.187 -0.140066 0)
(10.2215 -0.143488 0)
(10.2251 -0.150941 0)
(10.267 -0.150835 0)
(10.2625 -0.160694 0)
(10.3107 -0.15498 0)
(10.3028 -0.167225 0)
(10.349 -0.157309 0)
(10.3472 -0.170894 0)
(10.3798 -0.159841 0)
(10.3943 -0.172033 0)
(10.4037 -0.162933 0)
(10.4411 -0.171165 0)
(10.4242 -0.165476 0)
(10.4852 -0.16901 0)
(10.4444 -0.166804 0)
(10.5244 -0.165452 0)
(10.4648 -0.167497 0)
(10.5584 -0.159813 0)
(10.4858 -0.167088 0)
(10.5872 -0.153675 0)
(10.5078 -0.162883 0)
(10.6096 -0.149547 0)
(10.5325 -0.153579 0)
(10.6252 -0.145909 0)
(10.5601 -0.142754 0)
(10.6354 -0.138467 0)
(10.5888 -0.132449 0)
(10.6428 -0.128574 0)
(10.6187 -0.11731 0)
(10.6456 -0.122477 0)
(10.654 -0.0925296 0)
(10.6431 -0.120817 0)
(10.6916 -0.0618528 0)
(10.6477 -0.11545 0)
(10.7152 -0.0363721 0)
(10.6791 -0.0942487 0)
(10.7149 -0.0251762 0)
(10.7359 -0.0557111 0)
(10.7113 -0.0173619 0)
(10.7879 -0.0223754 0)
(10.7408 0.0154574 0)
(10.8147 -0.0149149 0)
(10.8058 0.073613 0)
(10.8416 -0.0113692 0)
(10.8678 0.123648 0)
(10.9117 0.0165129 0)
(10.9118 0.158557 0)
(11.01 0.0565558 0)
(10.9814 0.2019 0)
(11.1021 0.0930434 0)
(11.0958 0.255785 0)
(11.2066 0.137202 0)
(11.2236 0.314178 0)
(11.3605 0.194379 0)
(11.3572 0.373858 0)
(11.5686 0.285099 0)
(11.5014 0.423385 0)
(11.8388 0.392162 0)
(11.7015 0.531869 0)
(12.1042 0.443741 0)
(12.0377 0.73101 0)
(12.3738 0.511931 0)
(12.4649 0.921778 0)
(12.7775 0.743779 0)
(12.9085 1.03482 0)
(13.3911 1.14873 0)
(13.4707 1.25018 0)
(14.1233 1.67409 0)
(14.2434 1.74652 0)
(14.9631 2.49013 0)
(15.1258 2.93452 0)
(15.6043 3.94058 0)
(9.99837 -0.0620249 0)
(10.0334 -0.136194 0)
(10.0684 -0.174618 0)
(10.1059 -0.183438 0)
(10.1325 -0.187447 0)
(10.1497 -0.18436 0)
(10.1616 -0.189631 0)
(10.1588 -0.18996 0)
(10.1653 -0.196786 0)
(10.1485 -0.197088 0)
(10.1576 -0.201516 0)
(10.1288 -0.199269 0)
(10.1411 -0.202899 0)
(10.1016 -0.197222 0)
(10.1125 -0.203377 0)
(10.0688 -0.19361 0)
(10.0706 -0.203391 0)
(10.0319 -0.190051 0)
(10.0157 -0.201895 0)
(9.99085 -0.187295 0)
(9.9505 -0.197898 0)
(9.94587 -0.184968 0)
(9.87807 -0.192275 0)
(9.89592 -0.18147 0)
(9.80058 -0.187141 0)
(9.84043 -0.174505 0)
(9.7211 -0.183607 0)
(9.77823 -0.164076 0)
(9.64355 -0.180553 0)
(9.70703 -0.15206 0)
(9.57273 -0.175908 0)
(9.62532 -0.139604 0)
(9.51164 -0.169273 0)
(9.53454 -0.126313 0)
(9.46023 -0.160813 0)
(9.43777 -0.11247 0)
(9.41942 -0.149177 0)
(9.33628 -0.0993904 0)
(9.39156 -0.1342 0)
(9.23324 -0.0854566 0)
(9.37324 -0.11898 0)
(9.14181 -0.0673529 0)
(9.35022 -0.105669 0)
(9.08288 -0.044898 0)
(9.30941 -0.092422 0)
(9.0646 -0.0214396 0)
(9.2611 -0.0758603 0)
(9.06678 0.00169176 0)
(9.24157 -0.0574676 0)
(9.05269 0.0294505 0)
(9.28549 -0.0451933 0)
(9.01585 0.0668845 0)
(9.37562 -0.0346551 0)
(9.00952 0.102629 0)
(9.45511 -0.0142604 0)
(9.07929 0.135699 0)
(9.52094 0.0046816 0)
(9.19022 0.187413 0)
(9.64647 0.00735771 0)
(9.29167 0.250152 0)
(9.85068 0.0317286 0)
(9.41792 0.285603 0)
(10.1052 0.0912424 0)
(9.59663 0.327332 0)
(10.3877 0.142643 0)
(9.85192 0.391405 0)
(10.74 0.213893 0)
(10.1155 0.437547 0)
(11.2148 0.302675 0)
(10.5707 0.5714 0)
(11.5404 0.279828 0)
(11.4082 0.856912 0)
(11.913 0.282049 0)
(12.2821 0.989081 0)
(12.8274 0.686505 0)
(13.1629 1.02568 0)
(14.0417 1.19712 0)
(14.7391 1.58607 0)
(15.5036 2.13023 0)
(16.4773 2.99183 0)
(9.89954 -0.0452017 0)
(9.8085 -0.0989491 0)
(9.69741 -0.120591 0)
(9.57287 -0.126203 0)
(9.41544 -0.124042 0)
(9.25546 -0.123878 0)
(9.07845 -0.123533 0)
(8.91228 -0.126111 0)
(8.73531 -0.126114 0)
(8.57256 -0.127903 0)
(8.39897 -0.125662 0)
(8.23998 -0.12602 0)
(8.06827 -0.122338 0)
(7.91222 -0.122006 0)
(7.74163 -0.118313 0)
(7.59023 -0.117218 0)
(7.42063 -0.114325 0)
(7.27539 -0.111933 0)
(7.10611 -0.110357 0)
(6.96836 -0.106249 0)
(6.80039 -0.105835 0)
(6.67063 -0.100282 0)
(6.50493 -0.100473 0)
(6.38281 -0.0944914 0)
(6.2207 -0.0940688 0)
(6.107 -0.0888905 0)
(5.94873 -0.0866442 0)
(5.84526 -0.0835103 0)
(5.68961 -0.0785292 0)
(5.59931 -0.077846 0)
(5.44476 -0.0701022 0)
(5.37022 -0.0709992 0)
(5.21668 -0.0620518 0)
(5.15798 -0.0626562 0)
(5.00911 -0.0539672 0)
(4.96191 -0.0539751 0)
(4.82594 -0.044513 0)
(4.78233 -0.0463313 0)
(4.66933 -0.0335065 0)
(4.62162 -0.0388943 0)
(4.53951 -0.0231216 0)
(4.48247 -0.0293351 0)
(4.43828 -0.0147163 0)
(4.36414 -0.0186615 0)
(4.36921 -0.00495376 0)
(4.26835 -0.0113731 0)
(4.32784 0.00699589 0)
(4.20752 -0.00392278 0)
(4.30956 0.0125091 0)
(4.17236 0.0136733 0)
(4.35331 0.0122415 0)
(4.10269 0.0230457 0)
(4.51625 0.0413071 0)
(3.99552 -0.00644759 0)
(4.73555 0.108924 0)
(3.97154 -0.0514269 0)
(4.90335 0.163801 0)
(4.08681 -0.0593523 0)
(5.05083 0.182266 0)
(4.23856 -0.0409373 0)
(5.33516 0.196062 0)
(4.2858 -0.0434371 0)
(5.84369 0.292001 0)
(4.30101 -0.172504 0)
(6.38216 0.491802 0)
(4.54651 -0.255248 0)
(6.87348 0.558559 0)
(4.89323 -0.26289 0)
(7.53293 0.759156 0)
(5.37769 -0.476583 0)
(8.10401 1.10213 0)
(6.35837 -0.612065 0)
(8.55584 1.24126 0)
(7.61403 -0.523085 0)
(9.36606 1.324 0)
(9.06465 -0.298665 0)
(10.6985 1.28238 0)
(11.1254 0.23556 0)
(13.1008 1.65036 0)
(14.0589 0.907404 0)
(-0.20016 -0.287371 0)
(0.0190238 -0.167501 0)
(0.144537 -0.0343036 0)
(0.278515 -0.00120526 0)
(0.425278 0.00418228 0)
(0.525186 -0.0128108 0)
(0.584184 0.00663616 0)
(0.554179 0.0457 0)
(0.484941 0.039136 0)
(0.362266 -0.00325709 0)
(0.0793088 0.154665 0)
(-0.63382 0.49948 0)
(-1.57703 0.462747 0)
(-2.05415 0.295766 0)
(-2.5661 0.279459 0)
(-2.75104 0.0441746 0)
(-2.57555 -0.0892148 0)
(-2.35684 -0.115391 0)
(-1.90445 -0.199347 0)
(-0.602985 -0.55826 0)
(-0.343622 0.174493 0)
(-0.00983865 -0.144785 0)
(0.231194 -0.225198 0)
(0.261354 -0.321453 0)
(0.319214 -0.259017 0)
(0.417085 -0.146044 0)
(0.505461 -0.0323918 0)
(0.468377 0.0594222 0)
(0.20378 0.148489 0)
(-0.399008 0.463012 0)
(-1.29312 0.915195 0)
(-1.97203 1.08672 0)
(-2.52883 0.872213 0)
(-2.88051 0.68866 0)
(-3.20315 0.439334 0)
(-3.24407 0.0483516 0)
(-3.14285 -0.23801 0)
(-2.65567 -0.726246 0)
(-1.94057 -1.30169 0)
(-0.104562 -2.13097 0)
(-0.510371 -0.997419 0)
(-0.702767 -0.858473 0)
(-0.367831 -0.247706 0)
(0.00931168 -0.0487861 0)
(0.31232 -0.183805 0)
(0.343062 -0.226865 0)
(0.161814 -0.0461669 0)
(-0.0509827 0.392915 0)
(-0.36837 0.871617 0)
(-0.921089 1.34937 0)
(-1.6622 1.64457 0)
(-2.08148 1.61111 0)
(-2.31412 1.26733 0)
(-2.56687 0.964682 0)
(-2.67231 0.593295 0)
(-2.6673 0.0238231 0)
(-2.47274 -0.644975 0)
(-1.67836 -1.74039 0)
(-1.30883 -2.62339 0)
(0.272083 -3.01008 0)
(2.9613 0.952159 0)
(1.13704 -0.0497499 0)
(-0.0804867 -1.09582 0)
(-0.439349 -1.16984 0)
(-0.346013 -0.596256 0)
(0.0781446 0.0648659 0)
(0.114784 0.370905 0)
(-0.171931 0.577063 0)
(-0.706987 1.09456 0)
(-1.05489 1.83934 0)
(-1.33989 2.10254 0)
(-1.62844 1.7938 0)
(-1.7904 1.42857 0)
(-1.81196 1.02663 0)
(-1.61651 0.525867 0)
(-1.47573 -0.102414 0)
(-1.30422 -0.943999 0)
(-0.489875 -2.14463 0)
(-0.746779 -2.96049 0)
(0.0682609 -3.09509 0)
(6.35353 1.83726 0)
(5.36857 1.64143 0)
(4.37255 1.52772 0)
(2.2411 0.579759 0)
(0.270001 -0.710571 0)
(-0.348507 -0.730223 0)
(-0.403697 0.129015 0)
(-0.031586 1.27632 0)
(-0.14918 1.7748 0)
(-0.563885 1.9431 0)
(-0.934399 2.03882 0)
(-1.11791 1.99192 0)
(-1.12464 1.54524 0)
(-0.832319 0.803555 0)
(-0.601179 0.225368 0)
(-0.556836 -0.38641 0)
(-0.535645 -1.29406 0)
(0.250515 -2.24797 0)
(-0.459552 -2.9395 0)
(0.152694 -3.58244 0)
(8.46915 2.59526 0)
(7.77687 2.49682 0)
(6.86269 2.40203 0)
(5.69364 2.19312 0)
(4.30639 2.0338 0)
(2.11716 0.99356 0)
(-0.0200289 0.0377439 0)
(-0.391879 0.377336 0)
(-0.0683031 1.48836 0)
(0.396895 2.52046 0)
(0.224508 2.75859 0)
(0.132079 2.18774 0)
(-0.0409312 1.38952 0)
(-0.0230709 0.50788 0)
(-0.0355427 0.262666 0)
(0.149987 -0.126049 0)
(0.097641 -1.54913 0)
(0.618217 -2.17931 0)
(-0.438294 -2.86205 0)
(0.411919 -3.62898 0)
(9.64455 3.04914 0)
(9.19276 3.18308 0)
(8.52537 3.17471 0)
(7.76222 3.25515 0)
(6.74747 3.17092 0)
(5.41 3.02237 0)
(3.63681 2.49838 0)
(1.55593 1.5934 0)
(0.0708247 1.13973 0)
(-0.104277 1.70285 0)
(0.358855 2.33751 0)
(0.537922 2.29168 0)
(0.420843 1.82857 0)
(0.597145 0.7447 0)
(0.577797 -0.0325799 0)
(0.857129 -0.775819 0)
(0.317284 -1.99449 0)
(0.202984 -2.28703 0)
(-0.767366 -2.82931 0)
(0.453448 -3.60077 0)
(10.3111 3.40071 0)
(9.99459 3.64582 0)
(9.58187 3.78501 0)
(9.00942 3.94083 0)
(8.34221 4.11154 0)
(7.49025 4.11648 0)
(6.33721 4.03803 0)
(4.84077 3.6729 0)
(3.04939 2.8875 0)
(1.34793 2.24554 0)
(0.531903 1.96275 0)
(0.639807 1.83374 0)
(0.385392 1.25074 0)
(0.397519 0.36334 0)
(0.103721 0.244295 0)
(0.520721 0.325943 0)
(-0.131496 -0.157012 0)
(0.130206 -0.542202 0)
(-0.0870072 -2.55397 0)
(0.684499 -3.53561 0)
(10.737 3.75831 0)
(10.5306 3.88767 0)
(10.175 4.28724 0)
(9.86387 4.44436 0)
(9.334 4.71048 0)
(8.7657 4.93459 0)
(8.09548 5.0493 0)
(7.1265 4.92316 0)
(5.95941 4.64087 0)
(4.42206 3.93636 0)
(3.07925 3.12937 0)
(1.79542 2.41865 0)
(1.11705 1.98119 0)
(1.80839 0.605783 0)
(1.70942 -0.312006 0)
(1.99777 -0.987005 0)
(1.02372 -2.47294 0)
(1.25911 -3.32338 0)
(0.879002 -4.38829 0)
(0.871139 -4.17269 0)
(11.0819 3.89401 0)
(10.9081 4.26973 0)
(10.6785 4.49314 0)
(10.3339 4.90311 0)
(10.0609 5.19601 0)
(9.61309 5.41885 0)
(9.12426 5.70946 0)
(8.54065 5.83144 0)
(7.80911 5.72265 0)
(6.86987 5.29906 0)
(5.74565 4.47592 0)
(5.38337 3.25246 0)
(4.59023 1.39736 0)
(5.13857 0.225465 0)
(4.11649 0.322099 0)
(4.57447 1.31811 0)
(3.82061 1.6871 0)
(3.37448 0.801239 0)
(2.14606 -0.338406 0)
(1.41489 -0.502094 0)
(11.4573 4.08263 0)
(11.2393 4.41808 0)
(11.0747 4.8646 0)
(10.8179 5.13619 0)
(10.4926 5.53147 0)
(10.181 5.9132 0)
(9.83386 6.13968 0)
(9.43378 6.29858 0)
(8.82885 6.35819 0)
(8.29926 6.21109 0)
(6.69152 5.61991 0)
(5.13903 5.07437 0)
(1.99388 3.72416 0)
(-1.79965 0.465258 0)
(-4.24107 -0.215144 0)
(-4.07888 -0.815053 0)
(-3.28772 -2.2463 0)
(-2.71318 -3.10933 0)
(-1.41247 -3.3223 0)
(-0.901761 -2.1081 0)
(11.7697 4.25092 0)
(11.6987 4.6688 0)
(11.4 4.99814 0)
(11.2402 5.50188 0)
(10.9163 5.8427 0)
(10.6658 6.15367 0)
(10.169 6.53578 0)
(9.9866 6.83069 0)
(9.34078 6.8658 0)
(9.30724 6.8099 0)
(8.78976 6.38125 0)
(8.63307 5.78881 0)
(8.32847 5.43471 0)
(7.43892 4.83636 0)
(6.71772 3.62675 0)
(4.9345 1.94562 0)
(4.77998 0.201404 0)
(3.82164 -0.429214 0)
(3.9895 -0.617925 0)
(0.556132 -1.88739 0)
(12.1586 4.36432 0)
(12.1081 4.79999 0)
(11.8572 5.35322 0)
(11.641 5.67208 0)
(11.2666 6.15568 0)
(11.0708 6.55615 0)
(10.5601 6.79312 0)
(10.3694 7.0392 0)
(9.60664 7.32508 0)
(9.09025 7.62558 0)
(8.08835 7.80302 0)
(6.69556 7.52889 0)
(5.45713 6.68717 0)
(4.29404 5.02656 0)
(3.62284 2.95483 0)
(2.84529 1.11017 0)
(2.20252 -1.23956 0)
(1.05561 -2.33119 0)
(0.951694 -0.895482 0)
(0.594905 1.33405 0)
(12.7038 4.56545 0)
(12.5561 5.03232 0)
(12.2987 5.47896 0)
(12.1451 6.10633 0)
(11.6488 6.51651 0)
(11.4152 6.91917 0)
(10.8543 7.24319 0)
(10.7415 7.49337 0)
(10.5289 7.37827 0)
(10.5631 7.27134 0)
(10.9367 7.48457 0)
(10.6053 7.39215 0)
(9.65818 6.87828 0)
(8.02452 5.66879 0)
(6.33412 3.9131 0)
(4.7418 2.29167 0)
(3.62837 1.29923 0)
(1.47508 0.709381 0)
(-0.0435806 -0.0573739 0)
(-0.193501 0.153397 0)
(13.1522 4.55936 0)
(13.1804 5.23683 0)
(12.8215 5.88133 0)
(12.6173 6.28231 0)
(12.1408 6.81495 0)
(11.793 7.43771 0)
(10.9437 7.76 0)
(10.2143 8.16112 0)
(9.2807 8.69869 0)
(7.86709 8.39176 0)
(7.30287 8.1321 0)
(7.90561 8.4273 0)
(8.38313 8.43283 0)
(8.37554 8.06028 0)
(7.3404 6.57522 0)
(5.42032 4.64914 0)
(3.50533 2.58258 0)
(1.79967 1.52049 0)
(0.988166 0.892498 0)
(0.140461 0.782733 0)
(13.9019 4.80912 0)
(13.7587 5.42988 0)
(13.4633 6.13603 0)
(13.2612 7.08222 0)
(12.5447 7.31969 0)
(12.3789 7.54797 0)
(12.1689 7.92978 0)
(11.9678 7.88645 0)
(12.1894 8.36001 0)
(11.7457 8.8808 0)
(10.0345 8.50705 0)
(8.46936 7.75518 0)
(7.44003 7.46876 0)
(7.32852 7.48746 0)
(6.9122 7.3959 0)
(5.892 6.13749 0)
(3.89918 4.37363 0)
(1.8995 2.73777 0)
(0.918238 1.66887 0)
(0.159234 1.32986 0)
(14.5086 4.66192 0)
(14.6688 5.77657 0)
(14.1489 6.3426 0)
(13.8443 7.25447 0)
(13.1486 8.51775 0)
(11.588 9.00913 0)
(10.3069 9.28718 0)
(8.80861 9.24249 0)
(8.32645 8.88104 0)
(9.61803 9.44118 0)
(10.1023 9.94806 0)
(9.57112 9.70265 0)
(8.29269 8.92501 0)
(7.46535 8.27536 0)
(6.81888 7.87709 0)
(6.08412 7.43137 0)
(4.76722 6.1074 0)
(2.96952 4.4783 0)
(1.51676 2.91724 0)
(0.376499 2.00195 0)
(15.6872 5.00884 0)
(15.5566 6.09729 0)
(15.1955 7.22875 0)
(14.5946 7.44407 0)
(14.6115 7.95549 0)
(14.5525 8.71901 0)
(14.2224 9.50921 0)
(12.8735 9.78521 0)
(10.5412 9.27448 0)
(9.00173 9.01293 0)
(8.84579 9.49954 0)
(9.0551 9.84262 0)
(8.28007 9.52667 0)
(7.49995 9.03833 0)
(6.76158 8.67744 0)
(5.99452 8.18907 0)
(4.93841 7.52041 0)
(3.22902 6.1517 0)
(1.86336 4.34252 0)
(0.478751 3.12745 0)
(17.1341 4.87557 0)
(17.1506 6.58498 0)
(16.5118 8.67475 0)
(14.2881 10.0223 0)
(11.877 10.3259 0)
(10.2619 9.84392 0)
(10.8406 10.1431 0)
(12.2036 11.1952 0)
(11.7584 11.1569 0)
(9.96035 10.3395 0)
(8.36251 10.116 0)
(8.25409 10.6903 0)
(7.71278 10.6001 0)
(6.95491 9.99458 0)
(6.29788 9.81096 0)
(5.78671 9.4536 0)
(4.67656 8.35169 0)
(3.24435 7.14168 0)
(1.87989 5.66587 0)
(0.626727 4.17069 0)
(16.7001 3.34354 0)
(18.5074 5.61355 0)
(19.8368 7.96686 0)
(19.5866 10.0315 0)
(17.2895 11.0706 0)
(13.9257 11.0373 0)
(10.2375 9.75217 0)
(9.83167 10.2114 0)
(11.3087 11.7097 0)
(11.2533 11.6944 0)
(9.34888 10.5503 0)
(8.10603 10.1342 0)
(7.55002 10.6112 0)
(6.85765 10.354 0)
(5.98286 9.89386 0)
(5.34071 10.0869 0)
(4.68588 10.0094 0)
(3.34438 8.96597 0)
(2.12302 7.24735 0)
(0.8118 5.76346 0)
(0.644322 1.3065 0)
(8.03446 4.98932 0)
(12.4706 8.13789 0)
(15.7349 11.3889 0)
(16.9859 13.3841 0)
(16.1804 13.9192 0)
(13.0992 12.7404 0)
(9.74662 10.7446 0)
(9.09026 11.2384 0)
(10.2853 12.9148 0)
(9.72805 13.0829 0)
(8.47965 12.2844 0)
(7.4208 11.7424 0)
(6.71111 11.6023 0)
(5.73746 11.239 0)
(5.06667 10.5739 0)
(4.30896 10.1413 0)
(3.1513 9.52463 0)
(1.98615 8.15911 0)
(0.606935 6.77004 0)
(-3.02282 -4.72993 0)
(4.31703 -2.57666 0)
(5.55894 1.98035 0)
(9.7134 7.65191 0)
(12.4418 11.6934 0)
(14.4379 14.3002 0)
(14.3261 14.7544 0)
(11.8252 13.156 0)
(9.41254 11.3898 0)
(9.3086 11.7509 0)
(9.12871 12.5409 0)
(8.43894 12.6344 0)
(7.59349 12.5716 0)
(6.75084 12.0095 0)
(5.7149 11.8039 0)
(4.84425 11.9472 0)
(4.21488 11.8425 0)
(3.03639 11.0303 0)
(1.91268 9.65214 0)
(0.656266 8.40606 0)
(1.49995 -1.13573 0)
(-0.151098 -3.61219 0)
(0.0884447 0.151525 0)
(4.49228 6.34702 0)
(6.46587 9.31049 0)
(9.91918 12.4903 0)
(12.8631 15.125 0)
(13.2339 15.1765 0)
(10.8643 13.751 0)
(9.05429 13.0845 0)
(8.32526 13.5177 0)
(7.75383 13.5284 0)
(7.21523 13.599 0)
(6.64809 13.4878 0)
(5.42648 12.7363 0)
(4.54777 12.1008 0)
(3.83943 12.1075 0)
(2.88409 11.8037 0)
(1.8144 10.7156 0)
(0.582525 9.43099 0)
(-1.92529 -5.66854 0)
(0.205995 -1.3243 0)
(-2.51719 -1.96509 0)
(-0.400432 3.51995 0)
(0.990174 7.01605 0)
(1.89193 7.69177 0)
(8.42042 13.0105 0)
(12.3076 16.0443 0)
(12.2553 15.3634 0)
(10.3745 13.9523 0)
(8.56488 13.6216 0)
(7.59106 13.8627 0)
(6.91833 14.0373 0)
(6.40641 13.912 0)
(5.47344 13.921 0)
(4.42468 13.718 0)
(3.77012 13.5804 0)
(2.73518 12.9967 0)
(1.67902 11.9657 0)
(0.522511 10.6837 0)
(-2.70293 0.0347114 0)
(-3.92137 -2.984 0)
(-4.02225 0.634296 0)
(-4.48176 3.03916 0)
(-3.91191 6.08314 0)
(-1.79093 2.73462 0)
(2.62895 5.32637 0)
(9.65003 13.7174 0)
(11.9277 16.9713 0)
(10.8469 16.4568 0)
(8.86255 15.4408 0)
(7.38922 14.8165 0)
(6.60246 15.0166 0)
(6.07399 15.0273 0)
(4.97591 14.3703 0)
(4.0871 13.7901 0)
(3.29564 13.9339 0)
(2.45713 13.7549 0)
(1.46894 12.8294 0)
(0.430964 11.6554 0)
(-0.904258 0.636354 0)
(-4.22092 -0.13451 0)
(-5.33535 -0.317504 0)
(-4.09752 3.51774 0)
(-3.03031 5.00319 0)
(-0.393815 -0.153202 0)
(0.863799 -1.22244 0)
(6.68638 7.42412 0)
(11.0623 14.5688 0)
(11.3775 17.0459 0)
(9.44182 16.8659 0)
(7.60511 16.0611 0)
(6.42992 15.5707 0)
(5.89098 15.7027 0)
(5.01673 15.8869 0)
(3.98082 15.3902 0)
(3.26278 15.1986 0)
(2.31958 14.6959 0)
(1.42762 13.9487 0)
(0.413094 12.7177 0)
(-0.969695 3.69428 0)
(-3.1609 1.7688 0)
(-3.49328 0.263982 0)
(-3.43305 -0.212216 0)
(0.19671 2.03396 0)
(1.96787 -0.8963 0)
(2.6962 -3.40919 0)
(4.92008 3.56984 0)
(9.41868 12.4638 0)
(10.857 17.0096 0)
(9.59447 18.0504 0)
(7.76084 17.5002 0)
(6.42868 17.0011 0)
(5.58621 16.5663 0)
(4.57133 16.0985 0)
(3.7091 15.6171 0)
(2.8783 15.6508 0)
(2.12408 15.4944 0)
(1.26723 14.7548 0)
(0.34844 13.4975 0)
(-0.439917 4.78105 0)
(-0.936752 2.72377 0)
(-1.12344 0.383484 0)
(-0.417887 -0.63757 0)
(0.690366 -0.934538 0)
(4.19959 -1.48719 0)
(3.47578 -5.12279 0)
(4.78088 0.0729014 0)
(8.34012 10.3887 0)
(10.0206 16.8859 0)
(9.19938 19.0364 0)
(7.55467 18.7469 0)
(6.17935 17.9026 0)
(5.41929 17.7439 0)
(4.51497 17.6838 0)
(3.53524 17.0447 0)
(2.81483 16.8508 0)
(1.96671 16.2868 0)
(1.21171 15.6635 0)
(0.304056 14.3023 0)
(-0.221962 5.33486 0)
(0.229737 3.00745 0)
(0.193084 0.415502 0)
(0.848536 -1.74228 0)
(1.5691 -2.94868 0)
(4.75548 -2.98316 0)
(3.54373 -4.66669 0)
(4.8731 -0.444781 0)
(6.92116 8.44241 0)
(8.57866 16.1681 0)
(8.28472 19.6512 0)
(7.06112 20.0586 0)
(5.844 19.2637 0)
(4.91602 18.3876 0)
(4.07655 17.955 0)
(3.37045 17.4901 0)
(2.54101 17.3293 0)
(1.82464 17.0252 0)
(1.04134 16.3837 0)
(0.217635 15.061 0)
(0.228601 4.79637 0)
(0.681672 2.41948 0)
(0.456305 -0.298391 0)
(1.47294 -2.28027 0)
(2.36913 -4.69643 0)
(4.52194 -3.97127 0)
(3.33937 -5.6329 0)
(4.11328 -1.72855 0)
(5.3569 7.98253 0)
(6.92667 16.1743 0)
(6.89504 20.1978 0)
(6.05853 20.9327 0)
(5.13498 20.1845 0)
(4.46528 19.6659 0)
(3.71509 19.2611 0)
(2.93224 18.5842 0)
(2.32462 18.3567 0)
(1.54448 17.6682 0)
(0.958604 17.1487 0)
(0.16835 15.6419 0)
(0.794198 3.913 0)
(0.845875 2.63969 0)
(0.988892 -0.258434 0)
(1.95071 -3.69883 0)
(3.01221 -5.48066 0)
(4.05656 -4.53905 0)
(4.24381 -4.47015 0)
(3.29791 -2.90533 0)
(4.14936 6.64884 0)
(5.31285 15.9124 0)
(5.24615 20.5688 0)
(4.80606 21.7482 0)
(4.17049 20.9855 0)
(3.52478 19.9157 0)
(3.06138 19.5081 0)
(2.64564 19.0743 0)
(1.97106 18.8274 0)
(1.42601 18.4302 0)
(0.786087 17.9019 0)
(0.131984 16.273 0)
(0.626637 3.17343 0)
(0.553577 2.64448 0)
(1.54456 -1.05954 0)
(2.00935 -4.43575 0)
(3.04626 -6.08475 0)
(2.72499 -5.77275 0)
(3.52884 -4.52408 0)
(1.66335 -2.0543 0)
(2.52491 6.68821 0)
(3.34689 15.2185 0)
(3.74683 20.5308 0)
(3.55553 22.0088 0)
(3.19523 21.5069 0)
(2.88666 20.9103 0)
(2.51184 20.3422 0)
(2.05648 19.7477 0)
(1.68771 19.5624 0)
(1.05347 18.7969 0)
(0.605453 18.358 0)
(-0.0510464 16.5351 0)
(0.227507 2.70653 0)
(0.146847 1.97515 0)
(1.68138 -1.94648 0)
(1.90968 -5.31478 0)
(2.79765 -6.30132 0)
(2.61666 -5.63192 0)
(3.58942 -3.79316 0)
(0.957319 -1.6684 0)
(1.4102 6.87365 0)
(1.68074 14.9828 0)
(2.33277 20.2438 0)
(2.46759 21.9987 0)
(2.29679 21.4861 0)
(1.96602 20.6461 0)
(1.82581 20.3815 0)
(1.68119 20.0877 0)
(1.25665 19.8888 0)
(0.929177 19.4944 0)
(0.413739 19.0222 0)
(0.0486934 16.9215 0)
(-0.0174872 2.69599 0)
(0.133673 1.1182 0)
(1.40787 -2.99999 0)
(1.78954 -5.73252 0)
(2.39794 -6.70828 0)
(2.18804 -6.19334 0)
(3.1084 -3.32913 0)
(0.783026 -0.64891 0)
(0.801151 6.5352 0)
(0.593603 14.0063 0)
(1.32623 19.5596 0)
(1.68755 21.7139 0)
(1.81108 21.6876 0)
(1.78589 21.3036 0)
(1.57149 20.7457 0)
(1.29627 20.3688 0)
(1.07841 20.3107 0)
(0.610164 19.5442 0)
(0.300301 19.2652 0)
(-0.168843 17.015 0)
(0.0136112 2.65016 0)
(0.237292 0.438149 0)
(1.28052 -3.77097 0)
(1.48995 -6.33133 0)
(2.09274 -6.8595 0)
(1.9051 -6.07496 0)
(2.41761 -2.85508 0)
(0.745876 0.701611 0)
(0.271294 6.75227 0)
(-0.00516037 13.6453 0)
(0.710123 18.7014 0)
(1.33858 21.154 0)
(1.50728 21.2541 0)
(1.28707 20.7935 0)
(1.17378 20.6689 0)
(1.0823 20.5832 0)
(0.762266 20.502 0)
(0.585585 20.2304 0)
(0.130103 19.7496 0)
(-0.0245711 17.0676 0)
(0.191466 2.47038 0)
(0.225814 -0.101781 0)
(1.27506 -4.54383 0)
(1.42013 -6.65416 0)
(1.99827 -6.95754 0)
(1.69519 -6.28751 0)
(2.02712 -2.65751 0)
(1.35088 1.87996 0)
(0.125679 6.89089 0)
(0.132422 13.4867 0)
(0.534224 18.3031 0)
(1.04999 20.765 0)
(1.44224 21.4011 0)
(1.48112 21.3759 0)
(1.25621 20.9486 0)
(1.01621 20.8003 0)
(0.800045 20.8625 0)
(0.389788 20.1853 0)
(0.135605 20.0196 0)
(-0.124385 17.1843 0)
(0.273929 2.18812 0)
(0.243957 -0.619923 0)
(1.52875 -5.20405 0)
(1.50135 -7.0471 0)
(2.38421 -6.9555 0)
(1.79451 -6.3938 0)
(2.07981 -2.63757 0)
(2.1683 2.72142 0)
(0.731496 7.45342 0)
(0.664827 13.4727 0)
(0.819379 17.7842 0)
(1.20926 20.2499 0)
(1.42787 20.8896 0)
(1.27925 20.902 0)
(1.15815 20.9766 0)
(0.96421 20.9992 0)
(0.608749 20.9313 0)
(0.497324 20.7427 0)
(-0.01974 20.2018 0)
(-0.121661 16.9743 0)
(0.311644 1.90219 0)
(0.293533 -1.26239 0)
(1.90642 -5.93561 0)
(1.79859 -7.48368 0)
(2.81191 -7.06668 0)
(2.10329 -6.44198 0)
(2.41849 -2.68362 0)
(2.64686 3.23682 0)
(1.60521 7.82695 0)
(1.33578 13.6265 0)
(1.21269 17.8736 0)
(1.30272 20.2522 0)
(1.49062 21.2826 0)
(1.44508 21.5889 0)
(1.19501 21.3107 0)
(0.976445 21.3019 0)
(0.765425 21.4147 0)
(0.335039 20.8331 0)
(0.107806 20.6184 0)
(0.0143397 17.1479 0)
(0.447301 1.54951 0)
(0.464029 -2.11827 0)
(2.30048 -6.69021 0)
(2.19851 -7.92549 0)
(3.15215 -7.08201 0)
(2.35598 -6.30765 0)
(2.72834 -2.54312 0)
(2.76108 3.23419 0)
(2.40834 8.52317 0)
(2.06874 13.815 0)
(1.81163 17.7601 0)
(1.83917 20.1411 0)
(1.72035 20.9661 0)
(1.42592 21.2371 0)
(1.23721 21.5059 0)
(0.958045 21.6189 0)
(0.58972 21.4687 0)
(0.522529 21.2664 0)
(-0.0490527 20.669 0)
(-0.121667 16.98 0)
(0.52727 0.977013 0)
(0.794799 -3.10228 0)
(2.69299 -7.54475 0)
(2.74602 -8.37185 0)
(3.3845 -7.145 0)
(2.57735 -6.04827 0)
(3.0161 -2.30946 0)
(2.74944 2.99673 0)
(2.98896 8.82967 0)
(2.69425 14.2451 0)
(2.25066 18.2511 0)
(2.02801 20.5445 0)
(1.85765 21.6684 0)
(1.53641 21.9689 0)
(1.16243 21.7095 0)
(0.943879 21.8581 0)
(0.752573 22.0519 0)
(0.315285 21.5471 0)
(0.11779 21.1399 0)
(0.0474566 17.0622 0)
(0.599024 0.299152 0)
(1.44992 -4.58325 0)
(2.98598 -8.37181 0)
(3.29642 -8.77007 0)
(3.54322 -7.17688 0)
(2.86964 -5.8404 0)
(3.24205 -2.10985 0)
(2.77279 2.83682 0)
(3.37451 9.23297 0)
(3.09783 14.4111 0)
(2.73665 18.4654 0)
(2.44233 20.7473 0)
(2.00549 21.5933 0)
(1.54491 21.8623 0)
(1.28667 22.1644 0)
(0.977459 22.303 0)
(0.59104 22.048 0)
(0.509537 21.8417 0)
(-0.0415364 21.1979 0)
(0.0146351 17.1484 0)
(0.515583 -0.763254 0)
(2.10965 -6.10287 0)
(3.01285 -8.76472 0)
(3.54739 -8.86467 0)
(3.52942 -7.13843 0)
(3.08996 -5.64662 0)
(3.4569 -2.1449 0)
(2.90338 2.4655 0)
(3.54516 9.28826 0)
(3.28746 14.8619 0)
(2.8983 19.0049 0)
(2.49698 21.2938 0)
(2.18232 22.5031 0)
(1.70148 22.7344 0)
(1.16143 22.3235 0)
(0.853307 22.4278 0)
(0.678448 22.6381 0)
(0.310024 22.1545 0)
(0.123237 21.5487 0)
(-0.0850754 17.0138 0)
(0.0725027 -2.046 0)
(2.27413 -7.58116 0)
(2.53176 -9.13674 0)
(3.19332 -8.98774 0)
(3.15805 -7.18902 0)
(2.99802 -5.55172 0)
(3.39795 -2.22189 0)
(2.96613 2.39242 0)
(3.43615 9.22959 0)
(3.25931 14.9057 0)
(2.96212 19.3661 0)
(2.46128 21.6319 0)
(1.91985 22.4558 0)
(1.49461 22.7203 0)
(1.1961 22.9289 0)
(0.87145 22.9601 0)
(0.520193 22.6144 0)
(0.427322 22.4161 0)
(-0.0391343 21.6278 0)
(0.181601 17.2554 0)
(-0.135072 -2.90437 0)
(1.9487 -9.15702 0)
(1.87628 -9.63256 0)
(2.54037 -9.16476 0)
(2.65572 -7.3708 0)
(2.71448 -5.61519 0)
(2.98398 -2.35483 0)
(2.73914 2.41703 0)
(3.14026 9.39345 0)
(2.95722 15.254 0)
(2.75998 19.6928 0)
(2.34708 22.1732 0)
(2.04167 23.4738 0)
(1.60495 23.6673 0)
(1.00919 23.0539 0)
(0.648742 23.0036 0)
(0.513421 23.1817 0)
(0.225242 22.636 0)
(0.0888674 21.9002 0)
(-0.2209 17.1089 0)
(0.215316 -3.99512 0)
(1.58913 -10.0693 0)
(1.72579 -10.2047 0)
(2.016 -9.41187 0)
(2.21941 -7.6159 0)
(2.28201 -5.66241 0)
(2.29548 -2.32545 0)
(2.26149 2.75135 0)
(2.4407 9.46929 0)
(2.38545 15.431 0)
(2.25464 20.0563 0)
(1.87697 22.3996 0)
(1.39762 23.1929 0)
(1.08686 23.4674 0)
(0.839829 23.5931 0)
(0.597946 23.5155 0)
(0.335572 23.1069 0)
(0.272123 22.901 0)
(-0.107785 21.8739 0)
(0.167635 17.1474 0)
(1.01824 -5.06249 0)
(1.55217 -10.0785 0)
(2.00248 -10.5376 0)
(1.83998 -9.37801 0)
(1.87475 -7.70437 0)
(1.92324 -5.74441 0)
(1.59941 -2.47737 0)
(1.71984 2.86482 0)
(1.60762 9.53943 0)
(1.67892 15.524 0)
(1.61637 20.1889 0)
(1.43254 22.8907 0)
(1.30298 24.2432 0)
(1.03925 24.3959 0)
(0.57458 23.6477 0)
(0.332106 23.4949 0)
(0.260186 23.6223 0)
(-0.0195452 22.9667 0)
(0.00226953 22.1531 0)
(-0.174771 17.2309 0)
(1.20158 -6.57885 0)
(1.37655 -10.1456 0)
(1.74171 -10.4424 0)
(1.62965 -9.23918 0)
(1.36498 -7.50408 0)
(1.35974 -5.52788 0)
(0.902108 -2.32596 0)
(0.990676 2.99019 0)
(0.728926 9.52031 0)
(0.835981 15.646 0)
(0.825104 20.2179 0)
(0.785412 22.7883 0)
(0.516821 23.6344 0)
(0.33597 23.9269 0)
(0.241551 24.0711 0)
(0.162347 23.9273 0)
(-0.0214712 23.4251 0)
(0.0474198 23.1812 0)
(-0.257529 21.9833 0)
(-0.0947032 16.8129 0)
(0.412536 -7.43248 0)
(0.776205 -10.6692 0)
(0.751451 -10.4197 0)
(1.00601 -9.23653 0)
(0.6907 -7.42056 0)
(0.633054 -5.35654 0)
(0.113523 -2.11374 0)
(0.180104 3.30285 0)
(-0.229307 9.48242 0)
(0.0746939 15.6491 0)
(-0.0357477 20.178 0)
(0.125544 23.1764 0)
(0.181473 24.5191 0)
(0.143278 24.6365 0)
(-0.0646414 23.9102 0)
(-0.118927 23.7375 0)
(-0.0989641 23.8469 0)
(-0.373491 23.1614 0)
(-0.15982 22.1432 0)
(-0.0695412 17.1074 0)
(-0.0851938 -7.85974 0)
(0.274004 -11.2464 0)
(0.365161 -10.6616 0)
(0.559274 -9.17124 0)
(0.301178 -7.11857 0)
(0.0714813 -5.03713 0)
(-0.634497 -1.82826 0)
(-0.607401 3.61287 0)
(-1.23427 9.55148 0)
(-0.703384 15.5264 0)
(-0.719456 20.0007 0)
(-0.478819 22.7943 0)
(-0.588659 23.7544 0)
(-0.509217 24.175 0)
(-0.405867 24.34 0)
(-0.40907 24.0871 0)
(-0.510098 23.4847 0)
(-0.251232 23.201 0)
(-0.448711 21.9669 0)
(-0.350421 16.3581 0)
(-0.00553076 -7.93783 0)
(0.598479 -11.1295 0)
(0.739396 -10.6732 0)
(0.617714 -8.93967 0)
(0.119104 -6.73685 0)
(-0.32843 -4.5728 0)
(-1.20385 -1.44103 0)
(-1.22581 3.89729 0)
(-1.9476 9.56672 0)
(-1.37744 15.595 0)
(-1.53399 19.7628 0)
(-1.06144 22.839 0)
(-0.877279 24.3193 0)
(-0.79322 24.456 0)
(-0.891131 23.7174 0)
(-0.735618 23.6276 0)
(-0.509032 23.8706 0)
(-0.694718 23.1883 0)
(-0.381237 21.8182 0)
(-0.177145 16.443 0)
(0.386826 -8.15181 0)
(0.623562 -11.4693 0)
(0.583619 -10.646 0)
(0.493167 -8.63444 0)
(-0.0617081 -6.1607 0)
(-0.663179 -3.94101 0)
(-1.62215 -0.853874 0)
(-1.75993 4.31382 0)
(-2.40228 9.69041 0)
(-1.85781 15.3535 0)
(-2.03283 19.4493 0)
(-1.55415 22.3724 0)
(-1.54284 23.4297 0)
(-1.30505 23.954 0)
(-1.01538 24.2486 0)
(-0.916625 24.0275 0)
(-0.970912 23.3714 0)
(-0.645396 23.031 0)
(-0.679345 21.7317 0)
(-0.383713 15.788 0)
(0.0773259 -8.84622 0)
(0.300812 -11.5586 0)
(0.339835 -10.5853 0)
(0.359092 -8.28829 0)
(-0.090609 -5.57505 0)
(-0.77852 -3.26299 0)
(-1.79532 -0.28595 0)
(-2.09558 4.56852 0)
(-2.59503 9.95018 0)
(-2.30985 15.3091 0)
(-2.49919 19.0857 0)
(-1.86159 22.2883 0)
(-1.64098 23.8079 0)
(-1.48613 23.9409 0)
(-1.54877 23.2043 0)
(-1.292 23.2436 0)
(-0.917932 23.6511 0)
(-0.984694 22.9515 0)
(-0.629454 21.2361 0)
(-0.51702 15.2801 0)
(0.100504 -8.78322 0)
(0.691538 -11.7053 0)
(0.741663 -10.5848 0)
(0.582572 -8.09725 0)
(0.0179094 -4.91214 0)
(-0.715942 -2.41023 0)
(-1.80639 0.477374 0)
(-2.37502 4.91252 0)
(-2.67709 10.3054 0)
(-2.66016 15.1502 0)
(-2.77801 18.9866 0)
(-2.26359 21.9681 0)
(-2.29616 22.9959 0)
(-1.96158 23.5578 0)
(-1.50382 23.9418 0)
(-1.25919 23.8119 0)
(-1.3075 23.1433 0)
(-1.0244 22.722 0)
(-0.903772 21.1588 0)
(-0.250544 14.8695 0)
(0.410359 -9.44828 0)
(0.706058 -12.0352 0)
(0.704908 -10.6636 0)
(0.631571 -7.83779 0)
(0.124842 -4.37288 0)
(-0.540332 -1.55453 0)
(-1.63917 1.28666 0)
(-2.46214 5.25937 0)
(-2.60057 10.5281 0)
(-2.76963 15.0299 0)
(-2.84077 18.7208 0)
(-2.30327 21.8411 0)
(-2.15708 23.3045 0)
(-1.91417 23.3807 0)
(-1.93474 22.6653 0)
(-1.67457 22.8114 0)
(-1.31062 23.2657 0)
(-1.31829 22.5204 0)
(-0.803459 20.5881 0)
(-0.77846 13.9098 0)
(0.167648 -9.96621 0)
(0.564249 -12.1345 0)
(0.67992 -10.4689 0)
(0.694723 -7.53406 0)
(0.271562 -3.79839 0)
(-0.305626 -0.63776 0)
(-1.45238 2.15498 0)
(-2.48769 5.8542 0)
(-2.62704 10.978 0)
(-2.94278 15.0146 0)
(-2.90925 18.794 0)
(-2.64412 21.5984 0)
(-2.79867 22.4784 0)
(-2.4111 23.0289 0)
(-1.83253 23.5034 0)
(-1.52621 23.4564 0)
(-1.55977 22.8395 0)
(-1.18893 22.3674 0)
(-1.05094 20.3271 0)
(-0.331819 13.3728 0)
(0.346174 -10.3888 0)
(0.824049 -12.5752 0)
(0.895909 -10.7787 0)
(0.829165 -7.52473 0)
(0.441434 -3.4607 0)
(0.0149162 0.167103 0)
(-1.19269 3.11713 0)
(-2.27741 6.24884 0)
(-2.52098 10.9278 0)
(-2.91222 15.0769 0)
(-2.95616 18.6946 0)
(-2.72104 21.3794 0)
(-2.50896 22.6342 0)
(-2.06374 22.7199 0)
(-2.06163 22.0372 0)
(-1.83547 22.3028 0)
(-1.50489 22.7996 0)
(-1.58411 22.055 0)
(-0.917053 19.843 0)
(-0.595669 12.596 0)
(0.288668 -11.1221 0)
(0.630014 -12.7636 0)
(0.77982 -10.5536 0)
(0.815407 -7.24738 0)
(0.516629 -3.06357 0)
(0.279781 0.987203 0)
(-0.970678 4.17413 0)
(-2.10401 7.27096 0)
(-2.57598 11.4595 0)
(-2.98346 15.3488 0)
(-2.94589 18.8901 0)
(-2.88138 21.3033 0)
(-2.94003 22.0861 0)
(-2.49453 22.604 0)
(-1.94689 23.0225 0)
(-1.64232 23.0517 0)
(-1.63791 22.4586 0)
(-1.12685 21.8853 0)
(-1.03599 19.4278 0)
(-0.494594 11.6037 0)
(0.294491 -11.5158 0)
(0.707421 -13.1315 0)
(0.86459 -10.8438 0)
(0.868881 -7.28361 0)
(0.615738 -2.8529 0)
(0.500299 1.56836 0)
(-0.637847 5.23695 0)
(-1.76366 7.86977 0)
(-2.46622 11.3737 0)
(-2.85505 15.4955 0)
(-3.08098 18.7197 0)
(-2.95703 20.8676 0)
(-2.57049 21.8806 0)
(-2.06507 21.7966 0)
(-2.06778 21.1917 0)
(-1.79122 21.6734 0)
(-1.42939 22.3181 0)
(-1.5126 21.546 0)
(-0.892779 18.8926 0)
(-0.182668 11.2827 0)
(0.306462 -12.1449 0)
(0.620512 -13.3657 0)
(0.767759 -10.7765 0)
(0.809407 -7.11076 0)
(0.616467 -2.60896 0)
(0.542391 2.14652 0)
(-0.399275 6.33708 0)
(-1.45791 9.29678 0)
(-2.49156 12.3353 0)
(-2.82402 15.9682 0)
(-2.87314 18.9725 0)
(-2.80064 21.0351 0)
(-2.73397 21.7319 0)
(-2.28816 22.1928 0)
(-1.75058 22.7238 0)
(-1.45393 22.795 0)
(-1.45014 22.0399 0)
(-0.999734 21.3214 0)
(-0.80028 18.6605 0)
(-0.265936 10.4394 0)
(0.256765 -12.5477 0)
(0.633412 -13.594 0)
(0.713214 -10.9329 0)
(0.774351 -7.08371 0)
(0.602893 -2.39666 0)
(0.553221 2.54426 0)
(-0.0840937 7.13908 0)
(-1.01053 9.86364 0)
(-2.09516 12.4606 0)
(-2.46139 16.0899 0)
(-2.84051 18.75 0)
(-2.72236 20.4177 0)
(-2.26353 21.0696 0)
(-1.8073 20.7725 0)
(-1.86908 20.2499 0)
(-1.64122 20.8903 0)
(-1.218 21.7829 0)
(-1.07172 20.9102 0)
(-0.625823 17.8802 0)
(-0.213983 10.0091 0)
(0.231586 -13.0292 0)
(0.582242 -13.7775 0)
(0.638905 -10.9213 0)
(0.715371 -6.98157 0)
(0.579453 -2.2415 0)
(0.505991 2.79379 0)
(0.15609 7.95241 0)
(-0.689591 11.3298 0)
(-1.87575 13.7322 0)
(-2.29 16.6503 0)
(-2.37923 19.1161 0)
(-2.30883 20.749 0)
(-2.28843 21.2694 0)
(-1.90017 21.7736 0)
(-1.44583 22.5306 0)
(-1.07334 22.6321 0)
(-1.04853 21.6241 0)
(-0.782279 20.7705 0)
(-0.512822 17.9262 0)
(0.211153 9.90304 0)
(0.204924 -13.3875 0)
(0.514689 -13.9581 0)
(0.559713 -10.9804 0)
(0.640029 -6.93487 0)
(0.542606 -2.13153 0)
(0.490755 2.97019 0)
(0.305487 8.28924 0)
(-0.250173 11.7639 0)
(-1.25922 14.0764 0)
(-1.77996 16.8176 0)
(-2.24664 18.9506 0)
(-2.14952 20.1465 0)
(-1.73982 20.4684 0)
(-1.33353 20.0331 0)
(-1.45631 19.4901 0)
(-1.34089 20.1589 0)
(-0.889624 21.164 0)
(-0.658321 20.2291 0)
(-0.197795 17.2295 0)
(-0.208613 9.49742 0)
(0.191869 -13.7505 0)
(0.448086 -14.1146 0)
(0.491124 -11.0011 0)
(0.526568 -6.89473 0)
(0.467202 -1.99335 0)
(0.436285 3.0929 0)
(0.414773 8.83054 0)
(0.00588723 12.8754 0)
(-0.918801 15.326 0)
(-1.52215 17.4406 0)
(-1.61847 19.417 0)
(-1.56508 20.6026 0)
(-1.69665 20.9159 0)
(-1.49954 21.4176 0)
(-1.17682 22.2344 0)
(-0.785846 22.3522 0)
(-0.783426 21.2366 0)
(-0.339203 20.1588 0)
(-0.309364 17.1922 0)
(0.0773807 9.43031 0)
(0.168287 -13.9851 0)
(0.354732 -14.2097 0)
(0.394907 -11.014 0)
(0.4334 -6.88618 0)
(0.377803 -2.06279 0)
(0.41918 3.09714 0)
(0.452829 8.69378 0)
(0.222668 13.1094 0)
(-0.448157 15.7517 0)
(-1.07872 17.6915 0)
(-1.60097 19.2558 0)
(-1.60584 20.0436 0)
(-1.32203 20.1037 0)
(-1.00294 19.6166 0)
(-1.11248 19.0466 0)
(-0.941761 19.6239 0)
(-0.458929 20.5552 0)
(-0.576959 19.8153 0)
(0.0365052 16.8235 0)
(0.19212 9.54193 0)
(0.136417 -14.2432 0)
(0.269059 -14.2779 0)
(0.237724 -10.9974 0)
(0.300966 -6.8333 0)
(0.265323 -2.0543 0)
(0.340071 3.11382 0)
(0.372087 8.99428 0)
(0.266129 13.7152 0)
(-0.235731 16.717 0)
(-0.965357 18.4047 0)
(-1.02525 19.843 0)
(-0.993603 20.6486 0)
(-1.19151 20.818 0)
(-1.09402 21.2945 0)
(-0.862721 21.9993 0)
(-0.665228 22.0975 0)
(-0.731086 20.8448 0)
(-0.000494017 19.4258 0)
(-0.0925771 16.8843 0)
(-0.08759 9.4303 0)
(0.102377 -14.4444 0)
(0.192996 -14.3098 0)
(0.081485 -11.0166 0)
(0.108249 -6.81627 0)
(0.0472972 -1.93353 0)
(0.0503868 3.07904 0)
(0.102719 9.00815 0)
(0.0888909 13.9623 0)
(-0.161066 17.0277 0)
(-0.670051 18.6397 0)
(-1.17437 19.68 0)
(-1.27876 20.0877 0)
(-1.17637 19.8636 0)
(-1.00905 19.3066 0)
(-1.11538 18.5891 0)
(-0.849423 18.967 0)
(-0.390468 20.0349 0)
(-0.52243 19.533 0)
(-0.142039 16.3385 0)
(-0.124148 9.33947 0)
(0.0486074 -14.5432 0)
(0.0844373 -14.2491 0)
(-0.104246 -10.9477 0)
(-0.143435 -6.83175 0)
(-0.23396 -2.09315 0)
(-0.256412 3.14111 0)
(-0.255111 8.76542 0)
(-0.155033 13.9735 0)
(-0.369862 17.4852 0)
(-0.895671 19.223 0)
(-0.910178 20.2431 0)
(-0.945362 20.6574 0)
(-1.09594 20.694 0)
(-0.924382 21.1838 0)
(-0.703839 21.9962 0)
(-0.506551 22.1722 0)
(-0.553325 20.5326 0)
(-0.208911 19.0076 0)
(0.0142812 16.7769 0)
(0.214209 9.5368 0)
(-0.0215805 -14.5323 0)
(-0.080609 -14.1065 0)
(-0.3425 -10.7617 0)
(-0.475602 -6.64939 0)
(-0.606972 -1.88233 0)
(-0.75108 3.24131 0)
(-0.784543 9.1176 0)
(-0.662205 14.1851 0)
(-0.638132 17.5895 0)
(-0.743859 19.3801 0)
(-1.18167 20.0638 0)
(-1.26667 20.248 0)
(-1.23203 19.9235 0)
(-1.12436 19.2431 0)
(-1.2587 18.119 0)
(-1.22231 18.1704 0)
(-0.812331 19.3852 0)
(-0.507674 18.8423 0)
(-0.331109 15.9899 0)
(-0.327919 9.26573 0)
(-0.0936267 -14.4467 0)
(-0.254321 -13.9217 0)
(-0.579015 -10.5571 0)
(-0.777939 -6.49085 0)
(-0.979907 -1.70174 0)
(-1.21164 3.12623 0)
(-1.12418 8.72325 0)
(-0.993532 13.9579 0)
(-1.09852 17.6524 0)
(-1.27729 19.6605 0)
(-1.26939 20.4061 0)
(-1.27627 20.5396 0)
(-1.3714 20.345 0)
(-1.26265 20.697 0)
(-1.0116 21.6759 0)
(-0.559963 22.1551 0)
(-0.722287 20.5386 0)
(-0.497817 18.9 0)
(-0.418249 16.4665 0)
(-0.457762 8.96121 0)
(-0.148618 -14.2536 0)
(-0.424015 -13.6328 0)
(-0.865735 -10.2576 0)
(-1.11409 -6.18507 0)
(-1.46759 -1.51939 0)
(-1.77666 3.66963 0)
(-1.79453 9.19431 0)
(-1.65705 14.2215 0)
(-1.63953 17.6608 0)
(-1.34766 19.7096 0)
(-1.66113 20.2204 0)
(-1.58488 20.3506 0)
(-1.50168 20.0805 0)
(-1.30347 19.4755 0)
(-1.48168 18.2238 0)
(-1.54896 17.8777 0)
(-0.872968 18.6151 0)
(-1.00958 18.4045 0)
(-0.392139 15.4957 0)
(-0.0857752 8.74314 0)
(-0.199251 -13.9127 0)
(-0.565387 -13.2376 0)
(-1.13538 -9.93027 0)
(-1.45424 -5.88032 0)
(-1.87279 -1.26454 0)
(-2.24474 3.47207 0)
(-2.2504 8.94022 0)
(-2.09717 13.8969 0)
(-2.12854 17.3718 0)
(-1.9445 19.6836 0)
(-1.88065 20.3803 0)
(-1.77668 20.4068 0)
(-1.81488 20.038 0)
(-1.74679 20.0261 0)
(-1.39071 20.7611 0)
(-1.05975 21.5703 0)
(-1.64497 20.4285 0)
(-0.849364 18.077 0)
(-0.942425 15.9712 0)
(-0.504749 8.27451 0)
(-0.259919 -13.4975 0)
(-0.701575 -12.7002 0)
(-1.38854 -9.38822 0)
(-1.81684 -5.33462 0)
(-2.24979 -0.651231 0)
(-2.76864 3.9956 0)
(-2.85317 9.2694 0)
(-2.78494 14.0355 0)
(-2.72655 17.3427 0)
(-2.10889 19.6491 0)
(-2.33536 20.0344 0)
(-2.10684 20.0841 0)
(-1.9858 19.8591 0)
(-1.74035 19.5178 0)
(-1.96161 18.514 0)
(-1.88947 17.9274 0)
(-1.07064 18.4064 0)
(-1.33624 18.6311 0)
(-1.00717 15.1222 0)
(-1.29402 7.2828 0)
(-0.316792 -13.0386 0)
(-0.802486 -12.1365 0)
(-1.54825 -8.85937 0)
(-2.0321 -4.97765 0)
(-2.54889 -0.450209 0)
(-3.12672 4.29173 0)
(-3.27697 9.23276 0)
(-3.11673 13.6291 0)
(-3.01945 16.8929 0)
(-2.64195 19.3341 0)
(-2.59325 19.9873 0)
(-2.36516 20.1026 0)
(-2.251 19.8001 0)
(-2.10607 19.607 0)
(-1.66782 20.2452 0)
(-1.21917 21.2546 0)
(-1.69737 19.8957 0)
(-1.77384 17.5888 0)
(-1.27075 14.6088 0)
(-1.475 5.80872 0)
(-0.383842 -12.4722 0)
(-0.937161 -11.5258 0)
(-1.73571 -8.21716 0)
(-2.22623 -4.37206 0)
(-2.78365 0.25738 0)
(-3.31939 4.55809 0)
(-3.49908 9.2984 0)
(-3.54161 13.6263 0)
(-3.43897 16.9183 0)
(-2.80374 19.3166 0)
(-2.92655 19.6424 0)
(-2.53211 19.6726 0)
(-2.3934 19.557 0)
(-2.0148 19.4229 0)
(-2.12389 18.2792 0)
(-2.47911 17.4184 0)
(-2.21283 18.1557 0)
(-1.82127 17.7826 0)
(-1.87959 14.1408 0)
(-0.671496 4.12903 0)
(-0.469629 -11.7579 0)
(-1.12748 -10.8494 0)
(-1.93245 -7.65151 0)
(-2.50561 -3.82543 0)
(-2.97898 0.755152 0)
(-3.5323 5.06534 0)
(-3.79923 9.51395 0)
(-3.75437 13.4495 0)
(-3.5549 16.5193 0)
(-3.17409 18.7559 0)
(-3.09661 19.3034 0)
(-2.77235 19.473 0)
(-2.53589 19.2386 0)
(-2.54694 19.0237 0)
(-2.25783 19.8261 0)
(-1.2981 21.0942 0)
(-1.34238 20.0207 0)
(-1.29886 18.3006 0)
(-1.50994 15.5967 0)
(0.453953 3.522 0)
(-0.497457 -10.978 0)
(-1.22764 -10.0694 0)
(-2.03144 -6.86198 0)
(-2.64146 -3.16151 0)
(-3.03711 1.17234 0)
(-3.53496 5.32024 0)
(-3.7974 9.57274 0)
(-3.90969 13.3501 0)
(-3.80225 16.5377 0)
(-3.35637 18.784 0)
(-3.33855 19.0667 0)
(-2.861 19.0808 0)
(-2.56518 19.1217 0)
(-1.86585 19.4042 0)
(-2.00151 18.6669 0)
(-2.5506 17.7874 0)
(-1.38255 17.6599 0)
(-1.10137 17.4277 0)
(-1.01775 14.0969 0)
(1.7123 3.00093 0)
(-0.476077 -10.1495 0)
(-1.20595 -9.31832 0)
(-2.09882 -6.26417 0)
(-2.71087 -2.82238 0)
(-3.13627 1.69164 0)
(-3.63783 5.7636 0)
(-3.98367 9.82664 0)
(-4.04864 13.4084 0)
(-3.87108 16.3234 0)
(-3.49988 18.155 0)
(-3.26209 18.5356 0)
(-2.84364 18.8245 0)
(-2.50294 18.8746 0)
(-2.55283 18.48 0)
(-2.03439 18.7641 0)
(-1.1874 20.1109 0)
(-1.97068 19.6246 0)
(-0.364103 15.8036 0)
(-1.52476 12.6408 0)
(2.26088 3.65951 0)
(-0.553585 -9.31304 0)
(-1.32805 -8.41746 0)
(-2.19403 -5.40244 0)
(-2.88266 -2.02674 0)
(-3.27152 2.18635 0)
(-3.69392 6.07613 0)
(-3.95523 9.97347 0)
(-4.06636 13.2616 0)
(-3.85499 16.1737 0)
(-3.59145 18.0708 0)
(-3.38247 18.3148 0)
(-2.88284 18.2485 0)
(-2.55978 18.2958 0)
(-1.81714 18.7599 0)
(-1.811 18.1571 0)
(-2.31343 17.149 0)
(-1.92176 17.3639 0)
(-0.480248 16.647 0)
(-0.777675 11.516 0)
(1.27774 3.93961 0)
(-0.584104 -8.45632 0)
(-1.42799 -7.68455 0)
(-2.19647 -4.72396 0)
(-2.89571 -1.60706 0)
(-3.26361 2.54702 0)
(-3.655 6.32829 0)
(-3.99771 10.0687 0)
(-4.07081 13.3485 0)
(-3.9673 16.0209 0)
(-3.56969 17.3479 0)
(-3.17846 17.5163 0)
(-2.67087 17.8742 0)
(-2.19446 18.2456 0)
(-2.43656 17.9304 0)
(-2.13805 18.4057 0)
(-1.08559 19.7455 0)
(-1.02734 18.0667 0)
(-1.33546 15.6599 0)
(0.507297 9.70228 0)
(0.2124 4.41607 0)
(-0.585287 -7.3199 0)
(-1.40559 -6.7374 0)
(-2.13546 -3.96508 0)
(-2.9072 -1.00727 0)
(-3.27518 2.99368 0)
(-3.65273 6.61717 0)
(-3.93637 10.3499 0)
(-4.10217 13.2508 0)
(-3.65929 15.7184 0)
(-3.39558 17.147 0)
(-2.94887 17.5016 0)
(-2.54648 17.5401 0)
(-2.32058 17.7669 0)
(-1.60915 18.4754 0)
(-1.45568 17.9983 0)
(-2.09545 16.5994 0)
(-1.22967 16.414 0)
(-1.38101 15.8882 0)
(0.825706 10.0082 0)
(-0.320684 4.73446 0)
(-0.539591 -6.49405 0)
(-1.40175 -5.96592 0)
(-2.08248 -3.17648 0)
(-2.83076 -0.417652 0)
(-3.1547 3.35778 0)
(-3.48713 6.89501 0)
(-3.75455 10.2752 0)
(-3.68978 13.2047 0)
(-3.589 15.586 0)
(-3.10418 16.4834 0)
(-2.5917 16.5336 0)
(-2.07879 17.0786 0)
(-1.65133 17.7944 0)
(-2.11972 17.4944 0)
(-1.59598 17.7622 0)
(-0.471829 18.991 0)
(-1.55884 18.4257 0)
(-0.422344 12.6917 0)
(0.428606 8.33672 0)
(-0.531621 4.83344 0)
(-0.524967 -5.57289 0)
(-1.36812 -5.16492 0)
(-1.917 -2.54455 0)
(-2.60005 0.0676402 0)
(-2.85853 3.67214 0)
(-3.20205 6.95077 0)
(-3.24939 10.436 0)
(-3.54926 13.0454 0)
(-3.03033 15.1621 0)
(-2.59188 16.1083 0)
(-1.96753 16.658 0)
(-1.8547 16.8002 0)
(-1.72459 17.2236 0)
(-0.916203 18.0029 0)
(-0.841162 17.7428 0)
(-1.95096 16.491 0)
(-1.60661 15.924 0)
(0.79453 13.9499 0)
(0.307639 10.7428 0)
(-0.0505651 4.94944 0)
(-0.481609 -4.67508 0)
(-1.26641 -4.48065 0)
(-1.73503 -1.96841 0)
(-2.30713 0.570852 0)
(-2.50838 3.81326 0)
(-2.73152 7.28151 0)
(-2.93605 10.3082 0)
(-2.73028 12.8142 0)
(-2.49846 14.9467 0)
(-2.09321 15.5874 0)
(-1.573 15.5508 0)
(-1.04061 16.2704 0)
(-0.741778 17.2609 0)
(-1.45395 17.1239 0)
(-1.11804 17.6759 0)
(-0.440154 19.1645 0)
(0.0285962 16.8028 0)
(0.349105 10.9849 0)
(-0.698256 8.56727 0)
(1.17856 4.57541 0)
(-0.461526 -3.89248 0)
(-1.21611 -3.80288 0)
(-1.65544 -1.65502 0)
(-1.90315 0.960504 0)
(-2.08379 4.00116 0)
(-2.34058 7.3552 0)
(-2.09785 10.3271 0)
(-2.16499 12.5853 0)
(-1.81253 14.4074 0)
(-1.21738 15.1243 0)
(-0.58568 15.9351 0)
(-0.754936 16.2746 0)
(-0.607035 16.969 0)
(-0.0185679 17.988 0)
(-0.199032 17.9583 0)
(-1.27189 15.9225 0)
(0.25566 13.9702 0)
(0.835216 14.1848 0)
(0.294788 11.2172 0)
(0.439615 6.05342 0)
(-0.528264 -3.00502 0)
(-1.26444 -3.0939 0)
(-1.7387 -1.33373 0)
(-1.51014 1.20759 0)
(-1.87632 3.87571 0)
(-1.69001 7.61536 0)
(-1.46512 10.0806 0)
(-1.26268 12.1528 0)
(-0.731254 14.2913 0)
(-0.530526 14.8416 0)
(-0.0966979 14.8319 0)
(0.389844 15.8573 0)
(0.43592 17.1217 0)
(-0.431616 17.2748 0)
(-0.145136 17.7962 0)
(1.02892 17.8458 0)
(1.3213 15.7882 0)
(-1.29126 10.8903 0)
(-1.34505 7.16379 0)
(-0.41153 4.60421 0)
(-0.522214 -2.15397 0)
(-1.21988 -2.48628 0)
(-1.78842 -1.20118 0)
(-1.20195 1.44825 0)
(-1.71391 3.93919 0)
(-0.896923 7.36476 0)
(-0.586916 9.49284 0)
(-0.163677 12.0677 0)
(-0.0280213 13.6359 0)
(0.641491 14.4066 0)
(1.08838 15.5087 0)
(0.782871 15.9942 0)
(0.955299 17.0348 0)
(1.26962 18.1129 0)
(1.03728 17.7466 0)
(0.312785 14.7803 0)
(0.529946 14.8417 0)
(0.807597 15.7813 0)
(0.977012 10.6547 0)
(0.140316 4.17325 0)
(-0.400283 -1.38294 0)
(-0.933646 -1.88627 0)
(-1.45049 -1.09583 0)
(-1.23766 0.950343 0)
(-0.910889 3.65003 0)
(-0.155885 6.64222 0)
(0.333904 9.1937 0)
(0.622314 11.4906 0)
(1.41906 13.567 0)
(1.37458 14.0288 0)
(1.76108 14.2267 0)
(2.32743 15.7303 0)
(2.28261 17.1643 0)
(1.50584 17.5267 0)
(1.93 17.7911 0)
(3.19929 17.8042 0)
(2.41611 16.9839 0)
(-0.54499 12.4153 0)
(0.066113 9.71886 0)
(1.31998 6.47825 0)
(-0.219957 -0.836794 0)
(-0.667031 -1.47653 0)
(-0.807707 -0.797935 0)
(-1.14911 0.434739 0)
(-0.032321 3.29408 0)
(-0.12702 5.67417 0)
(1.26614 8.65355 0)
(1.88711 11.1493 0)
(1.8731 12.7516 0)
(2.90404 13.9977 0)
(3.24267 15.1087 0)
(2.85578 15.6382 0)
(3.30875 17.114 0)
(3.69551 18.4018 0)
(3.58373 17.6872 0)
(2.57023 14.8795 0)
(2.66023 16.9572 0)
(3.74027 16.6271 0)
(1.10457 8.42694 0)
(-1.69695 3.84608 0)
(-0.103779 -0.513521 0)
(-0.335336 -1.19071 0)
(-0.513664 -0.741389 0)
(-0.439008 0.358885 0)
(-0.140808 2.31368 0)
(0.68792 5.29554 0)
(1.72192 7.50679 0)
(2.72922 10.3137 0)
(3.58029 12.5873 0)
(3.29647 13.2257 0)
(4.20413 13.7369 0)
(5.17415 15.4304 0)
(4.94407 16.7971 0)
(4.17743 17.432 0)
(4.90318 18.2933 0)
(6.2245 18.219 0)
(4.34852 17.0963 0)
(2.70479 14.8283 0)
(4.99115 13.173 0)
(4.41792 7.96675 0)
(-0.0671829 -0.380701 0)
(-0.137185 -0.999618 0)
(-0.340371 -0.706727 0)
(0.020184 0.234517 0)
(0.068287 1.80141 0)
(1.36709 4.62805 0)
(1.87545 6.09176 0)
(3.22363 9.54379 0)
(4.21585 11.6472 0)
(5.27529 13.5286 0)
(5.12231 14.346 0)
(5.45603 14.5764 0)
(7.12064 16.6338 0)
(7.73628 18.2155 0)
(6.59771 17.2213 0)
(5.92598 15.5163 0)
(7.66864 18.3483 0)
(8.35242 17.1462 0)
(3.26147 12.037 0)
(2.63125 9.76878 0)
(-0.0028637 -0.323052 0)
(0.0645105 -0.908453 0)
(-0.0578047 -0.871975 0)
(0.342879 -0.148962 0)
(0.806336 1.37876 0)
(1.05808 3.07469 0)
(2.71144 5.6612 0)
(3.17715 7.81592 0)
(4.90389 10.6201 0)
(5.59378 11.903 0)
(6.88609 13.1323 0)
(7.44319 14.188 0)
(7.48482 14.7303 0)
(8.81959 16.633 0)
(11.1853 19.3951 0)
(11.5928 18.0347 0)
(8.29755 16.0469 0)
(11.2478 17.4764 0)
(13.6617 14.5174 0)
(7.80076 13.9286 0)
(0.151935 -0.433311 0)
(0.314558 -1.0026 0)
(0.476327 -0.935379 0)
(0.617652 -0.638027 0)
(1.24208 0.981396 0)
(1.35542 2.60504 0)
(2.44273 4.30434 0)
(3.60623 7.45457 0)
(4.52202 9.17418 0)
(6.54663 11.7395 0)
(6.98453 12.9499 0)
(8.36329 13.4098 0)
(10.2314 14.9504 0)
(10.2739 14.3193 0)
(9.98656 14.8613 0)
(14.7436 17.4908 0)
(15.9812 17.2262 0)
(12.7611 16.5646 0)
(17.4411 15.0543 0)
(17.7619 12.236 0)
(0.330308 -0.773107 0)
(0.648133 -1.25423 0)
(1.02724 -0.975589 0)
(0.973363 -0.978751 0)
(1.47015 0.616444 0)
(1.88696 2.37083 0)
(1.94167 3.09659 0)
(3.56721 5.74224 0)
(4.49901 7.94504 0)
(5.59276 8.76886 0)
(8.14199 11.3638 0)
(8.45656 11.949 0)
(9.60907 13.1543 0)
(13.8523 15.5119 0)
(13.6929 15.077 0)
(12.6785 14.1036 0)
(18.8572 15.2762 0)
(18.4633 14.9902 0)
(19.6728 15.5136 0)
(21.1267 10.6152 0)
(0.475869 -1.42077 0)
(1.0524 -1.6287 0)
(1.53438 -1.25641 0)
(1.67462 -1.11868 0)
(1.77656 0.11427 0)
(2.23198 2.1665 0)
(2.30573 3.07258 0)
(2.65349 5.23342 0)
(4.37047 7.27771 0)
(5.45638 8.94799 0)
(6.47207 9.63746 0)
(9.9195 10.9262 0)
(9.10085 10.1687 0)
(10.4816 11.0178 0)
(16.9546 14.0829 0)
(14.8829 13.8414 0)
(17.5842 13.3409 0)
(20.3313 11.6338 0)
(22.3591 13.5976 0)
(22.0619 10.9624 0)
(0.50892 -2.41014 0)
(1.1846 -2.22955 0)
(1.73069 -1.77002 0)
(1.97393 -1.23159 0)
(1.99947 -0.267846 0)
(2.49797 1.52793 0)
(2.37298 2.46853 0)
(2.23938 3.31824 0)
(3.33469 4.54302 0)
(5.24998 6.53793 0)
(6.05603 7.83873 0)
(7.7707 9.9167 0)
(12.7849 10.5532 0)
(9.8864 9.99266 0)
(14.6069 10.1509 0)
(17.3229 11.905 0)
(17.817 12.7917 0)
(19.5213 9.56138 0)
(22.7042 9.81917 0)
(22.253 9.19213 0)
(0.33431 -3.41921 0)
(0.793845 -2.83152 0)
(1.11733 -2.11416 0)
(1.01442 -1.30812 0)
(1.36036 -0.00953215 0)
(1.56162 1.96817 0)
(2.15958 3.74467 0)
(2.16457 4.53451 0)
(1.63644 4.45125 0)
(3.51284 6.84114 0)
(5.32638 4.55759 0)
(4.96568 7.4835 0)
(9.53762 6.25735 0)
(12.6815 10.4356 0)
(11.3366 7.54576 0)
(15.773 7.88028 0)
(17.8685 10.6078 0)
(19.088 9.46947 0)
(22.2279 8.18936 0)
(22.5935 7.78975 0)
(-0.00841853 -3.63375 0)
(-0.024597 -3.02006 0)
(-0.213862 -2.363 0)
(-0.197146 -1.89261 0)
(0.175805 -0.993417 0)
(-0.230022 0.222283 0)
(1.00416 2.03767 0)
(1.3251 2.83012 0)
(2.20725 2.92365 0)
(2.08109 5.35375 0)
(4.55949 5.34583 0)
(6.13358 8.78542 0)
(-1.72433 -2.73774 0)
(12.2078 9.12453 0)
(9.83081 7.08465 0)
(12.025 4.65225 0)
(15.3515 6.46762 0)
(16.9006 7.3533 0)
(20.1319 6.60855 0)
(21.5329 6.30078 0)
(-0.613268 -2.71994 0)
(-1.26714 -1.76121 0)
(-1.97472 -1.41883 0)
(-2.48879 -1.02636 0)
(-2.54502 0.383358 0)
(-2.62675 1.63842 0)
(-1.75041 3.04375 0)
(-0.794711 3.13136 0)
(-0.554002 4.49469 0)
(-1.84202 4.4392 0)
(-1.00207 -2.2156 0)
(8.71158 10.5024 0)
(2.02333 -0.470075 0)
(8.21628 4.64044 0)
(9.28758 6.42447 0)
(10.4888 4.62333 0)
(13.0024 3.9058 0)
(14.3896 4.71619 0)
(17.0318 4.45746 0)
(18.9268 4.148 0)
(-0.62007 -2.75385 0)
(-1.17451 -2.31321 0)
(-2.19004 -1.98749 0)
(-3.01006 -1.74692 0)
(-3.16585 -0.993411 0)
(-3.04359 -0.448212 0)
(-2.78576 0.129883 0)
(0.294829 0.136935 0)
(-1.48043 4.4592 0)
(3.77902 3.66873 0)
(-2.04412 -7.00749 0)
(7.712 9.2338 0)
(4.05319 1.29271 0)
(6.0186 0.0845818 0)
(8.13417 2.72031 0)
(10.4501 2.94978 0)
(12.5344 2.30082 0)
(13.9758 2.54407 0)
(15.61 2.51449 0)
(17.4536 2.19337 0)
(-1.41101 -0.217204 0)
(-2.1903 0.713651 0)
(-2.91511 0.428182 0)
(-4.16845 0.259053 0)
(-4.58126 0.590293 0)
(-4.57533 0.878131 0)
(-4.4661 0.885636 0)
(-2.32207 1.6203 0)
(-5.10767 3.57581 0)
(6.55048 4.07739 0)
(-0.204808 0.918882 0)
(0.483981 2.62084 0)
(7.28614 0.964495 0)
(6.27876 -0.139744 0)
(6.71454 0.452126 0)
(8.93528 0.789054 0)
(11.2186 0.719421 0)
(12.635 0.847188 0)
(14.174 0.928117 0)
(15.7519 0.862204 0)
(10.7418 9.47906 0)
(-9.5502 -4.31466 0)
(6.14963 -12.7944 0)
(-4.55445 -6.14139 0)
(5.28319 -8.34229 0)
(8.03002 -0.475648 0)
(-0.580876 5.80694 0)
(1.71366 2.00855 0)
(-0.901885 1.60365 0)
(2.28839 0.660608 0)
(-1.60105 -0.759961 0)
(-1.37942 -0.74229 0)
(-3.85476 -0.146426 0)
(-3.33118 -0.300561 0)
(-5.13043 0.135146 0)
(-5.26588 0.275315 0)
(-7.2611 0.816072 0)
(-8.19868 0.753534 0)
(-10.4716 1.00961 0)
(-11.6596 0.840457 0)
(-13.516 0.83446 0)
(-14.296 0.539845 0)
(-15.5431 0.467029 0)
(-15.6807 0.25251 0)
(-16.1549 0.115852 0)
(-15.746 -0.0289184 0)
(-15.7843 -0.132829 0)
(-15.0095 -0.302311 0)
(-14.6732 -0.308155 0)
(-13.5368 -0.46231 0)
(-12.9032 -0.438391 0)
(-12.1851 -0.262841 0)
(-10.9092 -0.479594 0)
(-10.63 -0.367991 0)
(-9.24919 -0.397963 0)
(-8.68871 -0.647155 0)
(-7.50098 -0.120867 0)
(-7.04544 -0.717885 0)
(-5.49652 -0.391413 0)
(-4.90764 -0.493089 0)
(-3.77133 -0.617671 0)
(-2.21974 -0.453524 0)
(-1.76103 -0.536418 0)
(0.215598 -0.609392 0)
(0.851138 -0.436325 0)
(2.2689 -0.485922 0)
(3.27419 -0.418376 0)
(4.16407 -0.311301 0)
(5.09759 -0.362734 0)
(5.67732 -0.068318 0)
(6.06772 -0.165073 0)
(6.62654 0.067417 0)
(6.2486 0.0913042 0)
(6.80033 0.130668 0)
(5.95206 0.258646 0)
(6.25907 0.116101 0)
(5.52994 0.206254 0)
(5.25311 0.219546 0)
(4.93037 -0.00483711 0)
(4.67442 0.256774 0)
(3.91116 0.00493227 0)
(4.66065 -0.000581536 0)
(3.24495 0.170072 0)
(4.37375 -0.156017 0)
(3.54646 0.0616412 0)
(4.03093 -0.0476469 0)
(4.17163 -0.115674 0)
(4.40654 -0.0770719 0)
(4.72938 -0.0983206 0)
(5.0922 -0.0744807 0)
(5.32194 -0.0419994 0)
(5.65667 -0.0307493 0)
(5.81352 -0.018573 0)
(6.05437 -0.00402752 0)
(6.1055 0.0845456 0)
(6.11869 0.134081 0)
(6.12859 0.199481 0)
(5.86773 0.211304 0)
(5.87061 0.273311 0)
(5.40327 0.211081 0)
(17.2413 12.7864 0)
(16.8327 5.85345 0)
(16.0885 9.03623 0)
(6.13772 5.11345 0)
(-2.20306 -0.418823 0)
(-3.90099 2.50309 0)
(-1.53578 -0.586524 0)
(1.08172 -1.95499 0)
(2.4188 -2.22628 0)
(4.81193 -0.486664 0)
(5.83334 3.70408 0)
(3.91893 3.82607 0)
(4.26944 1.80002 0)
(3.39806 2.20026 0)
(2.2136 1.48193 0)
(0.658641 2.326 0)
(-1.95814 2.23015 0)
(-2.87836 2.51721 0)
(-5.52104 2.36293 0)
(-5.71096 2.04763 0)
(-7.8154 1.7891 0)
(-7.29121 1.30861 0)
(-8.63655 0.810071 0)
(-8.29996 0.312421 0)
(-8.39128 -0.0505893 0)
(-7.72032 -0.615249 0)
(-7.77711 -0.759833 0)
(-6.26672 -1.1414 0)
(-6.42395 -1.19131 0)
(-4.94844 -1.33302 0)
(-3.63566 -1.41365 0)
(-4.62007 -1.20509 0)
(-1.27417 -1.4794 0)
(-2.0603 -1.26339 0)
(-0.996971 -1.37139 0)
(0.785159 -1.45335 0)
(-0.159587 -1.44157 0)
(2.76007 -1.61935 0)
(1.85825 -1.65118 0)
(4.39658 -1.74504 0)
(3.79038 -1.79744 0)
(6.27983 -1.87166 0)
(6.04559 -1.87172 0)
(8.20215 -1.8572 0)
(8.11806 -1.75458 0)
(10.1724 -1.65926 0)
(10.0997 -1.43277 0)
(11.8656 -1.30453 0)
(11.8053 -1.01698 0)
(13.183 -0.832954 0)
(12.9794 -0.529493 0)
(13.9866 -0.344509 0)
(13.645 -0.0675607 0)
(14.2867 0.0957743 0)
(13.8759 0.355456 0)
(14.0327 0.470398 0)
(13.7211 0.550297 0)
(13.5509 0.587443 0)
(13.2543 0.512927 0)
(13.1064 0.453394 0)
(12.7061 0.370079 0)
(12.8127 0.264328 0)
(12.4597 0.227398 0)
(12.5669 0.0300192 0)
(12.6101 -0.11457 0)
(12.6735 -0.295111 0)
(12.9207 -0.424415 0)
(13.1304 -0.498769 0)
(13.36 -0.472313 0)
(13.579 -0.523181 0)
(13.8702 -0.477902 0)
(13.9725 -0.426125 0)
(14.2044 -0.306903 0)
(14.2084 -0.256055 0)
(14.3953 -0.161361 0)
(14.2646 -0.0593184 0)
(14.4122 0.0262541 0)
(14.2105 0.135547 0)
(14.2465 0.194936 0)
(14.006 0.290153 0)
(23.4117 10.2963 0)
(19.2059 6.59063 0)
(22.5439 2.39692 0)
(16.3555 4.38755 0)
(19.7333 4.35079 0)
(15.5564 2.52776 0)
(14.2388 0.854308 0)
(10.7452 0.0489685 0)
(5.07161 -1.60535 0)
(-0.0699475 -1.60657 0)
(-1.19824 1.04933 0)
(1.32977 -0.324163 0)
(-0.109941 0.0240974 0)
(0.963929 1.465 0)
(1.44721 1.90578 0)
(0.95959 3.13373 0)
(3.19019 3.27235 0)
(1.62993 3.54683 0)
(3.30728 3.38054 0)
(2.32036 3.03968 0)
(3.22297 2.44478 0)
(2.55796 1.80319 0)
(3.541 1.04731 0)
(3.61923 0.377096 0)
(3.43499 -0.328233 0)
(5.47253 -0.943367 0)
(4.12482 -1.32879 0)
(6.99232 -1.80196 0)
(5.82109 -1.95512 0)
(8.21527 -2.17824 0)
(7.81657 -2.16275 0)
(9.34252 -2.00291 0)
(9.50452 -2.25725 0)
(10.7583 -1.94997 0)
(10.9711 -2.04968 0)
(11.934 -2.13208 0)
(12.3651 -2.05117 0)
(13.0748 -2.30441 0)
(13.6414 -2.32468 0)
(14.3343 -2.52587 0)
(14.9042 -2.59968 0)
(15.6831 -2.75757 0)
(16.2492 -2.78879 0)
(17.0426 -2.84145 0)
(17.5441 -2.72606 0)
(18.3564 -2.62425 0)
(18.7304 -2.37358 0)
(19.4421 -2.11305 0)
(19.6567 -1.72774 0)
(20.1736 -1.39159 0)
(20.2493 -0.977072 0)
(20.5512 -0.633736 0)
(20.5654 -0.269959 0)
(20.6714 0.00326034 0)
(20.6303 0.258807 0)
(20.6 0.455552 0)
(20.5587 0.595979 0)
(20.517 0.670736 0)
(20.4849 0.683818 0)
(20.4608 0.589101 0)
(20.4045 0.495896 0)
(20.4072 0.339852 0)
(20.4941 0.192067 0)
(20.5793 -0.00902555 0)
(20.783 -0.181714 0)
(20.9448 -0.396323 0)
(21.27 -0.536747 0)
(21.4607 -0.62685 0)
(21.773 -0.596402 0)
(21.8343 -0.55222 0)
(22.0955 -0.481001 0)
(22.0792 -0.453637 0)
(22.2776 -0.324516 0)
(22.097 -0.188314 0)
(22.2464 -0.0506 0)
(22.0235 0.0780228 0)
(22.1078 0.193924 0)
(21.8326 0.310333 0)
(21.8712 0.387325 0)
(21.5955 0.497684 0)
(26.1303 8.95746 0)
(23.5464 7.76208 0)
(25.6208 5.33899 0)
(24.009 5.34519 0)
(24.175 4.99855 0)
(24.1538 4.16557 0)
(23.6547 3.94306 0)
(23.8149 3.89875 0)
(22.4213 4.60151 0)
(21.4818 4.59794 0)
(19.233 3.94322 0)
(17.357 3.12276 0)
(17.0414 2.61638 0)
(14.4855 2.10755 0)
(14.2371 1.94239 0)
(12.2796 2.24339 0)
(12.6247 2.49642 0)
(12.2984 2.7799 0)
(12.887 2.80073 0)
(13.3277 2.49008 0)
(14.0065 1.97579 0)
(14.4627 1.29467 0)
(15.2771 0.593896 0)
(15.4749 -0.204688 0)
(16.5471 -0.945213 0)
(16.6152 -1.64906 0)
(17.7243 -2.11298 0)
(17.8202 -2.54073 0)
(18.666 -2.74525 0)
(18.9777 -2.93776 0)
(19.5348 -2.89251 0)
(20.0194 -2.9053 0)
(20.3403 -2.74919 0)
(20.944 -2.70447 0)
(21.1436 -2.62081 0)
(21.6644 -2.62648 0)
(21.9393 -2.63089 0)
(22.3403 -2.7299 0)
(22.6949 -2.83195 0)
(23.026 -2.95014 0)
(23.3912 -3.09621 0)
(23.7042 -3.17364 0)
(24.0311 -3.25483 0)
(24.3476 -3.23151 0)
(24.6037 -3.12851 0)
(24.9065 -2.98047 0)
(25.121 -2.71283 0)
(25.3576 -2.40788 0)
(25.4992 -1.9939 0)
(25.633 -1.56396 0)
(25.683 -1.08077 0)
(25.7113 -0.664696 0)
(25.7071 -0.260771 0)
(25.6463 0.0732075 0)
(25.5937 0.345316 0)
(25.5112 0.530307 0)
(25.4572 0.666294 0)
(25.3801 0.694449 0)
(25.3734 0.694248 0)
(25.3239 0.564108 0)
(25.3943 0.468381 0)
(25.408 0.272739 0)
(25.5952 0.0749439 0)
(25.6847 -0.16795 0)
(25.9855 -0.382716 0)
(26.1276 -0.64332 0)
(26.5378 -0.844118 0)
(26.7301 -0.954636 0)
(27.0842 -0.916216 0)
(27.0794 -0.803146 0)
(27.26 -0.671498 0)
(27.1609 -0.543707 0)
(27.3229 -0.444926 0)
(27.1294 -0.244934 0)
(27.1578 -0.0546516 0)
(26.9051 0.127334 0)
(26.9235 0.222057 0)
(26.6703 0.36228 0)
(26.6802 0.420834 0)
(26.4314 0.547166 0)
(25.3 7.34929 0)
(25.4057 6.72725 0)
(26.466 5.68955 0)
(26.8407 5.04097 0)
(26.8632 4.8187 0)
(27.376 4.40232 0)
(27.6962 4.20689 0)
(28.1229 3.85592 0)
(28.1684 3.69354 0)
(28.0244 3.47423 0)
(27.9611 3.30288 0)
(27.5971 3.17375 0)
(27.5484 2.92848 0)
(27.199 2.84754 0)
(26.7947 2.77201 0)
(26.5455 2.82253 0)
(25.9941 2.76695 0)
(26.2061 2.64415 0)
(26.0186 2.38855 0)
(26.5891 1.98159 0)
(26.6732 1.41558 0)
(27.3617 0.73885 0)
(27.4803 -0.0297615 0)
(28.0166 -0.774881 0)
(28.0567 -1.41061 0)
(28.4333 -2.01161 0)
(28.4291 -2.42293 0)
(28.5774 -2.83195 0)
(28.5523 -2.97067 0)
(28.584 -3.14357 0)
(28.6109 -3.06458 0)
(28.6275 -3.07046 0)
(28.6864 -2.89086 0)
(28.7059 -2.8466 0)
(28.7615 -2.71256 0)
(28.7915 -2.70601 0)
(28.827 -2.69013 0)
(28.8424 -2.75473 0)
(28.8397 -2.84627 0)
(28.8136 -2.9633 0)
(28.7508 -3.09239 0)
(28.6879 -3.20299 0)
(28.592 -3.26937 0)
(28.5156 -3.26248 0)
(28.4081 -3.16353 0)
(28.329 -2.99423 0)
(28.2711 -2.73471 0)
(28.2318 -2.42768 0)
(28.2239 -2.01068 0)
(28.1794 -1.58533 0)
(28.1456 -1.09372 0)
(28.0391 -0.660358 0)
(28.0297 -0.233631 0)
(27.9114 0.0951271 0)
(27.8882 0.376961 0)
(27.7858 0.534719 0)
(27.8055 0.673358 0)
(27.7256 0.667358 0)
(27.7984 0.666 0)
(27.7488 0.517105 0)
(27.8881 0.392064 0)
(27.8553 0.142279 0)
(28.073 -0.109422 0)
(28.1557 -0.380026 0)
(28.4057 -0.610622 0)
(28.5038 -0.89677 0)
(28.8677 -1.06656 0)
(29.0915 -1.16209 0)
(29.4199 -1.10654 0)
(29.398 -0.930187 0)
(29.452 -0.699114 0)
(29.2626 -0.445467 0)
(29.2976 -0.278093 0)
(29.1398 -0.125348 0)
(29.0783 0.0439389 0)
(28.7664 0.255169 0)
(28.6986 0.375604 0)
(28.457 0.515935 0)
(28.4578 0.563454 0)
(28.2339 0.674133 0)
(24.3692 6.53591 0)
(25.2524 5.61645 0)
(26.2955 4.93966 0)
(26.9135 4.27899 0)
(27.5237 4.01435 0)
(28.0093 3.74457 0)
(28.6776 3.54027 0)
(29.1727 3.26075 0)
(29.7015 3.10636 0)
(30.0752 3.07822 0)
(30.5426 3.10026 0)
(30.9837 3.14177 0)
(31.3501 3.1525 0)
(31.7815 3.13896 0)
(32.0224 3.14918 0)
(32.3835 3.1198 0)
(32.6251 3.10221 0)
(33.0454 2.93568 0)
(33.444 2.69215 0)
(33.8488 2.24676 0)
(34.2355 1.68056 0)
(34.4757 1.00513 0)
(34.6817 0.226749 0)
(34.7166 -0.506001 0)
(34.7118 -1.13551 0)
(34.4107 -1.68708 0)
(34.1582 -2.12923 0)
(33.6706 -2.47462 0)
(33.342 -2.66988 0)
(32.8129 -2.79559 0)
(32.5303 -2.78791 0)
(32.0576 -2.79364 0)
(31.8515 -2.695 0)
(31.437 -2.68394 0)
(31.2632 -2.59574 0)
(30.9035 -2.64304 0)
(30.7243 -2.64007 0)
(30.4003 -2.76053 0)
(30.174 -2.84258 0)
(29.8581 -2.9956 0)
(29.5724 -3.10512 0)
(29.2826 -3.21552 0)
(29.0177 -3.25851 0)
(28.7974 -3.24012 0)
(28.5722 -3.12543 0)
(28.4009 -2.92208 0)
(28.2587 -2.62226 0)
(28.1792 -2.27345 0)
(28.1431 -1.83891 0)
(28.0811 -1.41229 0)
(28.0363 -0.937693 0)
(27.9277 -0.515023 0)
(27.8741 -0.0551816 0)
(27.7439 0.248359 0)
(27.7075 0.538184 0)
(27.6381 0.681038 0)
(27.6612 0.809688 0)
(27.6174 0.784915 0)
(27.6809 0.749421 0)
(27.6593 0.559236 0)
(27.7428 0.383847 0)
(27.738 0.0814784 0)
(27.9006 -0.214977 0)
(28.0444 -0.544578 0)
(28.1962 -0.86959 0)
(28.3361 -1.15898 0)
(28.6555 -1.25433 0)
(28.9416 -1.25308 0)
(29.2417 -1.17942 0)
(29.3053 -0.996363 0)
(29.2664 -0.712052 0)
(29.0335 -0.358273 0)
(28.8335 -0.0186226 0)
(28.6203 0.179647 0)
(28.5174 0.315931 0)
(28.2394 0.501333 0)
(28.0713 0.647082 0)
(27.8063 0.776598 0)
(27.7551 0.825119 0)
(27.5446 0.905694 0)
(23.2867 5.67781 0)
(24.3782 4.9525 0)
(25.6567 4.29713 0)
(26.4196 3.74119 0)
(27.2945 3.33576 0)
(27.9158 3.05642 0)
(28.7008 2.77865 0)
(29.3593 2.56611 0)
(30.0637 2.37654 0)
(30.6717 2.34512 0)
(31.2503 2.32887 0)
(31.8548 2.34594 0)
(32.3778 2.34864 0)
(32.9735 2.32859 0)
(33.4427 2.30888 0)
(34.0158 2.26089 0)
(34.4948 2.19986 0)
(35.0818 2.05521 0)
(35.5934 1.79582 0)
(36.0841 1.41899 0)
(36.4948 0.933397 0)
(36.747 0.369171 0)
(36.9226 -0.177669 0)
(36.9197 -0.729737 0)
(36.832 -1.25507 0)
(36.4168 -1.69227 0)
(36.0772 -2.05148 0)
(35.4473 -2.29109 0)
(35.0714 -2.4553 0)
(34.3836 -2.52213 0)
(34.0759 -2.53873 0)
(33.413 -2.52125 0)
(33.2024 -2.46704 0)
(32.5749 -2.44049 0)
(32.4102 -2.37536 0)
(31.8073 -2.39496 0)
(31.6434 -2.37998 0)
(31.0751 -2.46572 0)
(30.8742 -2.504 0)
(30.3489 -2.62244 0)
(30.0985 -2.67515 0)
(29.6543 -2.76872 0)
(29.4084 -2.78995 0)
(29.0821 -2.82922 0)
(28.8754 -2.77946 0)
(28.639 -2.66797 0)
(28.4742 -2.42959 0)
(28.3016 -2.09732 0)
(28.1821 -1.69785 0)
(28.0068 -1.28253 0)
(27.8681 -0.842231 0)
(27.6959 -0.476761 0)
(27.5691 -0.0785349 0)
(27.3376 0.189108 0)
(27.2417 0.459812 0)
(27.1153 0.598137 0)
(27.0903 0.675885 0)
(27.0086 0.650292 0)
(27.0199 0.582841 0)
(26.9732 0.383598 0)
(27.0353 0.21498 0)
(26.9714 -0.0926986 0)
(27.0965 -0.345833 0)
(27.1838 -0.738377 0)
(27.3042 -1.1951 0)
(27.56 -1.51649 0)
(27.9735 -1.53621 0)
(28.2499 -1.36761 0)
(28.5042 -1.14361 0)
(28.6111 -0.937585 0)
(28.6265 -0.696474 0)
(28.4715 -0.420651 0)
(28.2047 -0.105759 0)
(27.8751 0.181088 0)
(27.7228 0.328518 0)
(27.4911 0.481682 0)
(27.3251 0.575001 0)
(27.0816 0.709934 0)
(27.0338 0.751506 0)
(26.8709 0.842561 0)
(20.7607 3.83259 0)
(22.1608 3.50874 0)
(23.5431 3.11965 0)
(24.6737 2.82738 0)
(25.699 2.58582 0)
(26.6562 2.4723 0)
(27.5603 2.35031 0)
(28.5145 2.29619 0)
(29.356 2.20166 0)
(30.2401 2.17211 0)
(30.9168 2.13215 0)
(31.7015 2.12251 0)
(32.2767 2.08565 0)
(33.0043 2.04939 0)
(33.5314 1.9834 0)
(34.2276 1.92578 0)
(34.7517 1.81317 0)
(35.4255 1.68918 0)
(35.9171 1.44952 0)
(36.5042 1.18292 0)
(36.8685 0.817138 0)
(37.2684 0.441182 0)
(37.4442 0.031923 0)
(37.488 -0.357513 0)
(37.3499 -0.770389 0)
(37.0415 -1.08639 0)
(36.6701 -1.37217 0)
(36.1173 -1.54049 0)
(35.672 -1.69636 0)
(34.9931 -1.7507 0)
(34.5844 -1.81278 0)
(33.8527 -1.80072 0)
(33.5391 -1.80565 0)
(32.7658 -1.77962 0)
(32.5138 -1.77073 0)
(31.6865 -1.78104 0)
(31.4628 -1.80339 0)
(30.6256 -1.87188 0)
(30.3969 -1.92771 0)
(29.5789 -2.0435 0)
(29.3088 -2.11347 0)
(28.544 -2.25453 0)
(28.2445 -2.32072 0)
(27.573 -2.45447 0)
(27.3065 -2.48323 0)
(26.7914 -2.50471 0)
(26.5769 -2.32589 0)
(26.1506 -2.01707 0)
(25.8946 -1.55093 0)
(25.4954 -1.06431 0)
(25.2207 -0.517044 0)
(24.9005 -0.0744139 0)
(24.7516 0.290878 0)
(24.5072 0.540476 0)
(24.4663 0.79233 0)
(24.3477 0.890025 0)
(24.3751 0.939826 0)
(24.3685 0.870602 0)
(24.4259 0.770096 0)
(24.4338 0.576253 0)
(24.5468 0.314719 0)
(24.4898 -0.0328015 0)
(24.6093 -0.280313 0)
(24.5189 -0.804418 0)
(24.566 -1.39415 0)
(24.9846 -1.90713 0)
(25.5707 -2.05317 0)
(25.8253 -1.79941 0)
(25.8249 -1.21462 0)
(25.7203 -0.611657 0)
(25.5154 -0.0929073 0)
(25.3774 0.260155 0)
(25.0818 0.509347 0)
(24.8547 0.749126 0)
(24.6273 0.89707 0)
(24.5577 0.95492 0)
(24.3911 0.976882 0)
(24.3848 1.02432 0)
(24.3416 1.04227 0)
(24.4263 1.0585 0)
(19.014 1.91539 0)
(20.5211 1.6826 0)
(21.7275 1.46982 0)
(23.0076 1.24545 0)
(23.9948 1.11975 0)
(25.1279 1.03037 0)
(26.0274 1.01315 0)
(27.1338 0.991668 0)
(27.9825 0.983734 0)
(29.0186 0.95404 0)
(29.7477 0.946781 0)
(30.6738 0.940623 0)
(31.3032 0.927665 0)
(32.1614 0.92988 0)
(32.7426 0.907903 0)
(33.5676 0.903647 0)
(34.116 0.85672 0)
(34.8957 0.797095 0)
(35.3783 0.685973 0)
(36.0499 0.54626 0)
(36.3889 0.352423 0)
(36.8381 0.148824 0)
(36.9138 -0.131939 0)
(37.0556 -0.390883 0)
(36.8029 -0.649853 0)
(36.5854 -0.852325 0)
(36.0274 -1.03901 0)
(35.5389 -1.16204 0)
(34.8183 -1.281 0)
(34.1914 -1.33059 0)
(33.4502 -1.39066 0)
(32.7719 -1.37961 0)
(32.0946 -1.40368 0)
(31.362 -1.37195 0)
(30.7443 -1.3922 0)
(29.9228 -1.37753 0)
(29.3595 -1.41303 0)
(28.4731 -1.42867 0)
(27.9341 -1.48546 0)
(26.972 -1.53671 0)
(26.401 -1.61737 0)
(25.3551 -1.70389 0)
(24.7519 -1.78237 0)
(23.6579 -1.87075 0)
(23.0531 -1.9072 0)
(22.0686 -1.94144 0)
(21.6244 -1.8433 0)
(20.8611 -1.66562 0)
(20.3932 -1.33407 0)
(19.7472 -0.941821 0)
(19.3961 -0.511039 0)
(18.8747 -0.111698 0)
(18.7553 0.201538 0)
(18.5701 0.424393 0)
(18.7169 0.598825 0)
(18.8003 0.681942 0)
(18.9852 0.695365 0)
(19.2406 0.653218 0)
(19.4826 0.571916 0)
(19.6106 0.405888 0)
(19.775 0.202596 0)
(19.9013 -0.0543651 0)
(19.9736 -0.34241 0)
(19.5877 -0.765793 0)
(19.1815 -1.20805 0)
(19.3196 -1.78351 0)
(19.8004 -2.27414 0)
(19.9234 -2.48821 0)
(19.59 -2.11458 0)
(19.1217 -1.5683 0)
(18.2774 -0.834717 0)
(17.8577 -0.257286 0)
(17.2952 0.20543 0)
(17.2619 0.522888 0)
(16.8681 0.773635 0)
(17.159 0.873097 0)
(16.9533 0.91507 0)
(17.4214 0.946556 0)
(17.3222 0.944819 0)
(17.9126 0.951335 0)
(17.4466 0.76505 0)
(18.7524 0.710253 0)
(19.9942 0.640071 0)
(20.9693 0.573223 0)
(21.9628 0.512162 0)
(22.7506 0.476967 0)
(23.6151 0.449048 0)
(24.3464 0.426454 0)
(25.1499 0.404031 0)
(25.8426 0.372579 0)
(26.5504 0.357774 0)
(27.1687 0.330426 0)
(27.7927 0.318414 0)
(28.3946 0.297599 0)
(28.9822 0.293198 0)
(29.5809 0.272408 0)
(30.125 0.261425 0)
(30.6941 0.220098 0)
(31.1565 0.185326 0)
(31.6217 0.119655 0)
(31.8975 0.0537883 0)
(32.1294 -0.0456207 0)
(32.0953 -0.131694 0)
(32.0125 -0.247263 0)
(31.6096 -0.327131 0)
(31.1491 -0.415224 0)
(30.3555 -0.461113 0)
(29.6095 -0.519747 0)
(28.5898 -0.529476 0)
(27.742 -0.551508 0)
(26.6457 -0.52611 0)
(25.8165 -0.517373 0)
(24.7187 -0.482873 0)
(23.9236 -0.470339 0)
(22.8114 -0.448798 0)
(22.0014 -0.454629 0)
(20.884 -0.448403 0)
(20.0494 -0.477966 0)
(18.8943 -0.496606 0)
(17.9462 -0.547649 0)
(16.6808 -0.6085 0)
(15.5749 -0.681227 0)
(14.2025 -0.733238 0)
(12.8943 -0.801471 0)
(11.3928 -0.807948 0)
(9.98001 -0.674308 0)
(8.62535 -0.416573 0)
(7.49179 -0.0999337 0)
(6.68713 0.204723 0)
(6.20313 0.406585 0)
(6.01989 0.552247 0)
(6.17533 0.681723 0)
(6.47006 0.726567 0)
(6.97965 0.718916 0)
(7.50147 0.611113 0)
(8.14292 0.521435 0)
(8.70018 0.391775 0)
(9.29769 0.315715 0)
(9.74555 0.183178 0)
(10.1118 0.0529904 0)
(10.3134 -0.0725966 0)
(10.3414 -0.10939 0)
(10.2199 -0.440709 0)
(9.55129 -1.24232 0)
(8.25361 -2.05647 0)
(6.1707 -1.78179 0)
(4.33046 -0.877315 0)
(2.43432 0.151376 0)
(1.57062 0.882641 0)
(0.943115 1.23313 0)
(0.994236 1.26504 0)
(1.13543 1.24942 0)
(2.16356 1.26923 0)
(2.65579 0.938647 0)
(3.24967 0.746147 0)
(4.51242 0.667512 0)
(4.87349 0.615823 0)
(6.02175 0.475606 0)
(6.19365 0.404837 0)
(7.47427 0.363774 0)
)
;

boundaryField
{
    inlet
    {
        type            fixedValue;
        value           uniform (10 0 0);
    }
    outlet
    {
        type            zeroGradient;
    }
    walls
    {
        type            fixedValue;
        value           uniform (0 0 0);
    }
    frontAndBack
    {
        type            empty;
    }
}


// ************************************************************************* //
