/*--------------------------------*- C++ -*----------------------------------*\
| =========                 |                                                 |
| \\      /  F ield         | OpenFOAM: The Open Source CFD Toolbox           |
|  \\    /   O peration     | Version:  2306                                  |
|   \\  /    A nd           | Website:  www.openfoam.com                      |
|    \\/     M anipulation  |                                                 |
\*---------------------------------------------------------------------------*/
FoamFile
{
    version     2.0;
    format      ascii;
    arch        "LSB;label=32;scalar=64";
    class       surfaceScalarField;
    location    "0.425";
    object      phi;
}
// * * * * * * * * * * * * * * * * * * * * * * * * * * * * * * * * * * * * * //

dimensions      [0 3 -1 0 0 0 0];

oriented        oriented;

internalField   nonuniform List<scalar> 
8520
(
0.0099278
7.21959e-05
0.00978963
0.000138177
0.0096295
0.000160129
0.00946828
0.00016122
0.00930944
0.000158834
0.00914914
0.000160301
0.00898639
0.000162752
0.00882094
0.000165452
0.00865372
0.000167216
0.0084856
0.000168124
0.0083179
0.000167697
0.00815107
0.000166833
0.00798555
0.000165516
0.00782133
0.000164226
0.00765849
0.000162837
0.00749709
0.000161398
0.00733715
0.000159938
0.00717885
0.000158307
0.00702215
0.000156693
0.00686731
0.000154839
0.00671427
0.000153044
0.00656321
0.000151057
0.00641414
0.000149069
0.00626713
0.000147017
0.00612227
0.000144854
0.0059795
0.000142771
0.00583901
0.000140489
0.00570061
0.000138398
0.00556457
0.000136045
0.00543058
0.000133989
0.005299
0.000131583
0.00516939
0.000129604
0.00504205
0.000127343
0.00491655
0.000125501
0.00479308
0.000123472
0.00467119
0.00012189
0.00455103
0.000120161
0.004432
0.000119024
0.00431424
0.000117766
0.00419703
0.000117202
0.00408039
0.000116647
0.00396365
0.000116735
0.00384657
0.000117078
0.00372854
0.000118039
0.00360904
0.000119496
0.00348741
0.00012163
0.00336298
0.000124429
0.00323492
0.000128064
0.00310248
0.000132434
0.00296453
0.000137948
0.00282047
0.000144065
0.00266867
0.000151802
0.00250879
0.000159873
0.00233878
0.000170011
0.00215861
0.000180172
0.00196597
0.000192644
0.00176125
0.00020472
0.0015422
0.000219048
0.00130992
0.000232276
0.00106274
0.000247187
0.000803168
0.000259567
0.000531167
0.000272002
0.000254393
0.000276773
-1.57907e-05
0.000270184
-0.000261361
0.00024557
-0.000471881
0.00021052
-0.000621479
0.000149599
-0.000695346
7.38672e-05
-0.000671046
-2.43008e-05
-0.00054444
-0.000126606
-0.000308352
-0.000236088
-2.28617e-05
-0.00028549
0.000220444
-0.000243305
0.000314578
-9.4134e-05
-1.21492e-05
0.000326727
-0.000512255
0.000500106
-0.000390169
-0.000122086
-7.18428e-05
-0.000318326
-7.64122e-05
4.5693e-06
0.000143429
-0.000219841
0.0100357
3.65374e-05
0.0100799
9.3948e-05
0.0101108
0.000129234
0.0101273
0.000144718
0.0101357
0.000150398
0.0101431
0.000152888
0.0101493
0.000156549
0.0101532
0.000161585
0.0101537
0.000166755
0.0101502
0.000171592
0.010143
0.000174857
0.0101323
0.000177526
0.0101189
0.000179011
0.0101027
0.000180334
0.0100843
0.000181235
0.0100637
0.00018201
0.0100408
0.000182843
0.0100159
0.000183185
0.00998872
0.000183926
0.00995977
0.000183787
0.00992848
0.000184336
0.00989566
0.000183879
0.00986063
0.000184096
0.00982413
0.000183522
0.00978562
0.000183355
0.00974561
0.000182784
0.00970381
0.000182293
0.00966042
0.000181786
0.00961544
0.000181021
0.00956876
0.000180667
0.00952062
0.000179726
0.00947065
0.000179576
0.00941927
0.000178719
0.00936596
0.000178812
0.00931118
0.000178258
0.00925428
0.000178786
0.00919581
0.000178628
0.00913494
0.000179901
0.00907231
0.000180394
0.00900688
0.000182628
0.00893918
0.000184351
0.00886837
0.000187546
0.00879463
0.000190818
0.00871731
0.000195358
0.00863614
0.000200666
0.00855076
0.000207007
0.00846033
0.000214866
0.0083649
0.000223492
0.00826284
0.000234487
0.00815473
0.000246063
0.00803819
0.000260602
0.00791405
0.000275944
0.00777949
0.000294434
0.00763531
0.000314186
0.00747842
0.000337063
0.00730956
0.000361506
0.00712542
0.000388861
0.00692685
0.000417623
0.00671032
0.000448799
0.00647762
0.000479888
0.00622486
0.000512326
0.00595615
0.000540712
0.00566558
0.000567344
0.00535464
0.000581131
0.00502146
0.000578747
0.00466167
0.000570308
0.00425704
0.000554233
0.00380226
0.000528645
0.00327152
0.000506435
0.00264531
0.000499608
0.00187347
0.000535753
0.000995562
0.000592416
0.000142458
0.000609798
-0.000422015
0.000470339
-0.00054932
0.000454032
-0.000379117
0.000329903
-0.000439636
-6.15677e-05
-0.000575151
-0.00018281
-0.000557305
-1.3277e-05
7.56398e-05
-0.000489516
0.0100141
2.24043e-05
0.0100441
6.39628e-05
0.0100777
9.56215e-05
0.0101074
0.000115017
0.0101313
0.000126544
0.0101523
0.00013188
0.010173
0.000135865
0.010195
0.000139526
0.0102179
0.000143879
0.0102408
0.000148727
0.0102631
0.000152494
0.0102842
0.000156504
0.0103045
0.000158652
0.0103235
0.000161314
0.0103423
0.000162436
0.01036
0.000164322
0.0103776
0.000165318
0.0103941
0.000166671
0.0104101
0.000167867
0.0104253
0.000168627
0.0104396
0.000170036
0.0104532
0.00017029
0.0104656
0.000171708
0.0104774
0.000171707
0.0104878
0.000172976
0.0104976
0.000172968
0.0105058
0.000174016
0.0105134
0.000174193
0.0105195
0.000174986
0.0105246
0.00017553
0.0105282
0.000176149
0.0105307
0.000177097
0.0105315
0.000177868
0.0105311
0.000179181
0.010529
0.000180417
0.0105255
0.000182301
0.01052
0.00018408
0.0105129
0.000186999
0.0105038
0.000189522
0.0104927
0.000193701
0.0104795
0.000197594
0.0104641
0.000202946
0.0104459
0.000208981
0.0104256
0.000215672
0.0104017
0.000224554
0.0103757
0.000233056
0.0103452
0.000245381
0.0103122
0.000256457
0.010274
0.000272656
0.0102326
0.000287504
0.0101854
0.000307763
0.0101337
0.000327659
0.0100757
0.000352457
0.0100116
0.000378247
0.00994045
0.000408231
0.0098614
0.000440562
0.00977454
0.000475713
0.00967737
0.000514801
0.00957182
0.000554342
0.00945321
0.000598504
0.00932512
0.000640408
0.00918061
0.000685223
0.00902353
0.000724427
0.00884276
0.000761898
0.00863141
0.000790106
0.00838418
0.000817529
0.00809313
0.000845291
0.00775341
0.00086836
0.00735504
0.000904804
0.00690885
0.000945805
0.00642407
0.00102053
0.00592616
0.00109033
0.00536178
0.00117417
0.00462745
0.00120467
0.00387257
0.00120891
0.00302246
0.00118001
0.00189891
0.00106199
0.000683468
0.00103263
-9.48669e-05
0.000765058
0.000372733
-0.00039196
0.010007
1.53807e-05
0.0100268
4.42034e-05
0.0100519
7.04865e-05
0.010077
8.99097e-05
0.0101003
0.000103266
0.0101224
0.000109828
0.0101431
0.000115161
0.0101643
0.000118274
0.0101863
0.00012191
0.0102096
0.000125442
0.0102331
0.000128931
0.0102569
0.000132718
0.0102805
0.000135068
0.0103037
0.000138069
0.010327
0.00013916
0.0103499
0.000141478
0.0103731
0.000142095
0.0103959
0.000143899
0.010419
0.000144689
0.0104417
0.000145925
0.0104646
0.000147208
0.0104871
0.000147785
0.0105093
0.000149494
0.0105314
0.00014956
0.0105528
0.000151559
0.0105744
0.000151366
0.0105949
0.000153541
0.0106158
0.000153358
0.0106352
0.00015559
0.0106549
0.000155762
0.0106732
0.000157922
0.0106915
0.000158758
0.0107085
0.000160908
0.010725
0.000162606
0.0107406
0.000164882
0.0107551
0.000167783
0.010769
0.00017018
0.0107811
0.000174848
0.0107932
0.0001775
0.0108027
0.000184165
0.0108126
0.000187681
0.0108192
0.000196306
0.0108267
0.000201492
0.0108301
0.00021229
0.0108348
0.000219908
0.0108348
0.000233027
0.0108358
0.000244408
0.0108326
0.000259606
0.010829
0.000276277
0.0108225
0.000294033
0.0108139
0.000316316
0.0108031
0.000338488
0.0107895
0.000366036
0.0107735
0.000394244
0.0107543
0.00042741
0.0107324
0.00046246
0.0107071
0.00050106
0.0106778
0.000544091
0.0106455
0.000586653
0.0106067
0.000637276
0.010564
0.00068312
0.0105119
0.000737302
0.0104503
0.000786058
0.0103722
0.000840019
0.0102718
0.000890512
0.0101445
0.000944759
0.00999111
0.000998705
0.00980083
0.00105864
0.00957814
0.0011275
0.00932003
0.00120392
0.00903999
0.00130057
0.0087261
0.00140421
0.00837096
0.00152931
0.00792917
0.00164647
0.00742132
0.00171676
0.00682409
0.00177725
0.006147
0.00173908
0.00545771
0.00172192
0.00452485
0.00169791
0.00153007
0.00336751
0.0100045
1.09093e-05
0.0100166
3.20774e-05
0.0100351
5.19813e-05
0.0100563
6.86841e-05
0.0100781
8.15281e-05
0.010099
8.88756e-05
0.0101192
9.49825e-05
0.0101398
9.76254e-05
0.0101605
0.000101234
0.0101828
0.000103211
0.0102049
0.000106817
0.0102283
0.000109272
0.0102512
0.000112165
0.0102749
0.000114365
0.0102979
0.000116155
0.0103214
0.000117965
0.0103446
0.000118923
0.0103681
0.000120443
0.0103915
0.000121213
0.010415
0.000122505
0.0104386
0.00012358
0.0104619
0.000124453
0.0104855
0.000125959
0.0105086
0.000126426
0.0105318
0.000128312
0.0105546
0.000128572
0.0105775
0.000130717
0.0105998
0.000131041
0.010622
0.000133353
0.0106437
0.000134072
0.0106652
0.000136429
0.0106861
0.000137899
0.0107067
0.000140292
0.0107265
0.000142802
0.0107461
0.000145265
0.0107646
0.000149302
0.0107832
0.000151575
0.0107999
0.000158095
0.0108176
0.000159794
0.0108324
0.00016943
0.010849
0.000171087
0.0108618
0.00018346
0.0108767
0.0001866
0.0108879
0.000201101
0.0109008
0.000206987
0.0109102
0.000223676
0.0109212
0.000233386
0.0109287
0.000252103
0.0109373
0.000267637
0.0109438
0.000287535
0.0109492
0.000310907
0.0109554
0.000332313
0.0109576
0.000363838
0.0109634
0.000388427
0.0109627
0.000428127
0.0109687
0.000456507
0.0109645
0.000505171
0.0109709
0.00053775
0.0109636
0.000593935
0.0109673
0.000633547
0.0109572
0.000693221
0.010952
0.000742495
0.0109338
0.000804313
0.0109114
0.000862374
0.0108737
0.000928253
0.0108237
0.00099471
0.0107564
0.00106605
0.0106656
0.0011494
0.0105621
0.00123104
0.0104259
0.0013401
0.010282
0.0014445
0.0101017
0.00158445
0.00991149
0.00171957
0.00968829
0.00186967
0.00941139
0.00199365
0.00907998
0.00210866
0.00863631
0.00218275
0.00809701
0.00226121
0.00744179
0.00235314
0.00231001
0.00666185
0.0100031
7.80111e-06
0.0100118
2.34147e-05
0.0100256
3.81204e-05
0.0100431
5.12615e-05
0.0100625
6.20601e-05
0.0100824
6.90303e-05
0.0101024
7.49827e-05
0.0101225
7.75273e-05
0.0101426
8.10827e-05
0.0101637
8.2081e-05
0.0101852
8.53899e-05
0.0102078
8.66297e-05
0.0102302
8.97644e-05
0.0102535
9.10592e-05
0.0102763
9.33497e-05
0.0102997
9.46184e-05
0.0103228
9.58042e-05
0.010346
9.72147e-05
0.0103695
9.76857e-05
0.0103926
9.94424e-05
0.0104165
9.96977e-05
0.0104394
0.000101575
0.0104634
0.000101963
0.010486
0.000103749
0.0105098
0.000104517
0.0105323
0.000106072
0.0105556
0.000107407
0.010578
0.000108712
0.0106006
0.000110758
0.0106226
0.000111999
0.0106444
0.000114683
0.010666
0.000116255
0.0106868
0.000119525
0.0107079
0.000121686
0.0107275
0.000125722
0.0107481
0.000128708
0.0107661
0.000133483
0.0107861
0.000138181
0.0108028
0.00014301
0.0108216
0.000150709
0.0108374
0.000155231
0.0108545
0.000166412
0.0108695
0.000171564
0.0108849
0.000185751
0.0108989
0.000192903
0.0109127
0.00020996
0.0109259
0.000220105
0.0109379
0.000240161
0.0109506
0.000254868
0.0109612
0.00027703
0.0109731
0.000298999
0.0109833
0.000322085
0.0109939
0.000353183
0.0110044
0.000377927
0.0110149
0.000417643
0.011025
0.000446456
0.0110366
0.000493592
0.0110462
0.000528111
0.0110577
0.000582445
0.0110676
0.000623656
0.0110762
0.000684621
0.0110831
0.000735546
0.0110873
0.000800153
0.0110841
0.000865591
0.0110803
0.000932004
0.0110612
0.00101386
0.0110391
0.00108815
0.0109998
0.0011887
0.010954
0.00127681
0.0108873
0.00140676
0.0108205
0.00151136
0.0107276
0.00167736
0.010642
0.00180508
0.0105241
0.00198759
0.0103841
0.00213365
0.01019
0.00230276
0.00991896
0.00245381
0.00958832
0.00259185
0.00921467
0.0027268
0.0027971
0.00872758
0.0100025
5.33205e-06
0.0100092
1.66828e-05
0.0100205
2.6832e-05
0.010035
3.67432e-05
0.0100525
4.45483e-05
0.0100707
5.08166e-05
0.0100904
5.52822e-05
0.0101098
5.81585e-05
0.0101301
6.07353e-05
0.0101504
6.18412e-05
0.0101717
6.41081e-05
0.0101934
6.49281e-05
0.0102156
6.75099e-05
0.0102383
6.84118e-05
0.010261
7.05931e-05
0.0102841
7.1532e-05
0.0103072
7.27268e-05
0.0103304
7.4039e-05
0.0103537
7.43225e-05
0.0103768
7.63441e-05
0.0104005
7.60247e-05
0.0104234
7.86345e-05
0.0104473
7.81137e-05
0.01047
8.10341e-05
0.0104938
8.07463e-05
0.0105163
8.35411e-05
0.0105397
8.40537e-05
0.0105621
8.62562e-05
0.0105847
8.81697e-05
0.0106071
8.9564e-05
0.0106288
9.307e-05
0.0106511
9.39618e-05
0.0106716
9.8978e-05
0.0106936
9.96414e-05
0.0107129
0.000106446
0.0107348
0.000106852
0.0107525
0.000115737
0.0107741
0.000116612
0.0107905
0.000126592
0.0108112
0.000130051
0.0108269
0.000139482
0.0108459
0.000147411
0.0108615
0.000156007
0.0108786
0.000168657
0.0108941
0.0001774
0.0109092
0.000194803
0.010925
0.000204379
0.010938
0.000227115
0.0109546
0.000238283
0.0109653
0.000266328
0.0109835
0.000280813
0.0109919
0.000313644
0.011012
0.000333137
0.0110193
0.000370632
0.0110403
0.000396582
0.0110484
0.000438386
0.0110694
0.000472529
0.0110791
0.000518504
0.0110997
0.000561843
0.0111103
0.000612972
0.0111282
0.000666755
0.0111409
0.000722902
0.0111509
0.000790061
0.011165
0.000851501
0.0111645
0.000932545
0.0111724
0.00100592
0.0111598
0.00110074
0.0111575
0.00119106
0.0111256
0.00130872
0.0111148
0.00141758
0.0110635
0.00156261
0.0110403
0.00170059
0.0109783
0.00186706
0.0109297
0.00203619
0.0108405
0.00222283
0.010732
0.00241126
0.010586
0.00259985
0.0103845
0.00279338
0.0101527
0.00295858
0.003151
0.00979878
0.0100023
3.04069e-06
0.0100077
1.12298e-05
0.0100177
1.68318e-05
0.0100302
2.42673e-05
0.0100463
2.84273e-05
0.0100631
3.40812e-05
0.0100824
3.59993e-05
0.010101
3.95015e-05
0.0101216
4.01819e-05
0.0101413
4.21167e-05
0.0101626
4.28038e-05
0.0101836
4.39258e-05
0.0102057
4.53938e-05
0.0102279
4.62433e-05
0.0102505
4.79509e-05
0.0102735
4.8575e-05
0.0102964
4.98194e-05
0.0103198
5.06418e-05
0.0103427
5.14105e-05
0.0103664
5.26797e-05
0.0103893
5.31173e-05
0.0104131
5.48479e-05
0.010436
5.51835e-05
0.0104596
5.739e-05
0.0104826
5.77512e-05
0.0105059
6.02574e-05
0.0105289
6.11018e-05
0.0105518
6.3348e-05
0.0105744
6.55879e-05
0.010597
6.68902e-05
0.0106189
7.11713e-05
0.0106413
7.15659e-05
0.0106625
7.77791e-05
0.0106844
7.78137e-05
0.0107049
8.58605e-05
0.0107261
8.57121e-05
0.0107458
9.60304e-05
0.0107665
9.58847e-05
0.0107849
0.000108169
0.0108053
0.000109635
0.0108226
0.000122191
0.0108422
0.000127833
0.0108591
0.000139125
0.0108771
0.000150629
0.0108944
0.000160107
0.0109102
0.000179002
0.0109289
0.000185666
0.0109418
0.00021428
0.0109628
0.000217233
0.0109729
0.000256283
0.0109959
0.000257803
0.0110048
0.00030468
0.0110287
0.000309299
0.0110382
0.000361141
0.0110625
0.000372294
0.0110734
0.000427485
0.0110974
0.000448481
0.0111113
0.000504627
0.0111331
0.000540074
0.0111508
0.000595234
0.0111698
0.000647752
0.011189
0.000703733
0.0112058
0.000773247
0.0112241
0.000833141
0.0112345
0.000922224
0.0112514
0.000988947
0.0112525
0.00109971
0.0112614
0.00118214
0.0112554
0.00131473
0.0112534
0.00141952
0.0112355
0.00158056
0.0112254
0.00171066
0.0111937
0.00189878
0.0111632
0.0020667
0.0111114
0.00227457
0.0110466
0.00247613
0.010949
0.0026974
0.0108281
0.00291427
0.010644
0.00314268
0.00337399
0.010421
0.0100021
8.93858e-07
0.0100071
6.32618e-06
0.0100162
7.71508e-06
0.0100277
1.2777e-05
0.0100426
1.35329e-05
0.0100587
1.79077e-05
0.0100771
1.7583e-05
0.0100958
2.08461e-05
0.0101159
2.00838e-05
0.0101359
2.21336e-05
0.0101568
2.19319e-05
0.0101779
2.27854e-05
0.0101994
2.39015e-05
0.0102217
2.3879e-05
0.0102438
2.58806e-05
0.0102671
2.52617e-05
0.0102896
2.73712e-05
0.0103133
2.68876e-05
0.0103359
2.88076e-05
0.0103599
2.86993e-05
0.0103825
3.04995e-05
0.0104068
3.06318e-05
0.0104292
3.27215e-05
0.0104536
3.30054e-05
0.0104759
3.54496e-05
0.0105002
3.5986e-05
0.0105224
3.88347e-05
0.0105462
3.9541e-05
0.0105685
4.33095e-05
0.0105917
4.36998e-05
0.0106138
4.90503e-05
0.0106364
4.89619e-05
0.0106582
5.60346e-05
0.0106802
5.57886e-05
0.0107015
6.46111e-05
0.0107228
6.4358e-05
0.0107436
7.52596e-05
0.0107641
7.53536e-05
0.0107845
8.7771e-05
0.010804
9.01404e-05
0.0108242
0.000101952
0.0108425
0.000109557
0.0108627
0.000118919
0.01088
0.00013336
0.0108998
0.000140262
0.0109169
0.000161976
0.0109359
0.000166644
0.0109533
0.000196879
0.0109718
0.000198717
0.0109893
0.000238795
0.0110085
0.000238614
0.0110258
0.000287403
0.0110461
0.000289005
0.0110642
0.000342994
0.0110849
0.000351593
0.011105
0.000407353
0.0111264
0.000427114
0.0111476
0.000483443
0.011171
0.000516686
0.0111926
0.000573592
0.0112166
0.000623725
0.0112405
0.0006799
0.0112628
0.000750926
0.0112864
0.000809584
0.0113088
0.000899811
0.011327
0.000970684
0.0113482
0.00107858
0.01136
0.00117027
0.0113782
0.00129657
0.0113789
0.00141877
0.0113927
0.00156684
0.0113828
0.00172048
0.011378
0.0019036
0.0113601
0.00208459
0.0113271
0.00230758
0.0112883
0.00251498
0.0112133
0.00277241
0.011131
0.00299657
0.0109766
0.00329706
0.00351935
0.0108312
0.0100019
-1.02873e-06
0.0100069
1.39743e-06
0.0100153
-7.26894e-07
0.0100266
1.43566e-06
0.0100406
-4.51686e-07
0.0100569
1.67553e-06
0.0100745
-8.09003e-08
0.0100935
1.89618e-06
0.0101131
4.57314e-07
0.0101334
1.79661e-06
0.010154
1.36244e-06
0.0101753
1.4489e-06
0.0101965
2.77068e-06
0.010219
1.34283e-06
0.0102408
4.12086e-06
0.0102643
1.72774e-06
0.0102865
5.11906e-06
0.0103104
3.01608e-06
0.0103331
6.09808e-06
0.0103569
4.88302e-06
0.0103801
7.37504e-06
0.0104038
6.92348e-06
0.0104271
9.43372e-06
0.0104508
9.26368e-06
0.010474
1.2275e-05
0.0104978
1.21684e-05
0.0105207
1.59224e-05
0.0105445
1.57883e-05
0.0105671
2.07227e-05
0.0105906
2.0139e-05
0.0106128
2.68458e-05
0.010636
2.57773e-05
0.010658
3.40633e-05
0.0106804
3.33794e-05
0.0107024
4.25765e-05
0.0107237
4.30519e-05
0.0107459
5.31308e-05
0.0107662
5.5041e-05
0.0107881
6.58153e-05
0.0108077
7.05527e-05
0.0108293
8.03865e-05
0.0108484
9.04161e-05
0.0108693
9.80761e-05
0.0108888
0.000113849
0.0109081
0.000120973
0.010929
0.00014108
0.0109464
0.000149167
0.0109689
0.000174392
0.0109853
0.000182333
0.0110092
0.000214897
0.0110252
0.000222603
0.0110506
0.000262047
0.0110672
0.00027234
0.0110932
0.000317041
0.0111125
0.000332228
0.0111381
0.000381763
0.0111608
0.000404464
0.0111871
0.000457121
0.0112122
0.000491573
0.0112392
0.000546619
0.0112687
0.000594235
0.011294
0.000654563
0.011327
0.000717917
0.011354
0.000782616
0.0113843
0.000869494
0.0114148
0.000940198
0.0114414
0.001052
0.0114729
0.00113877
0.011493
0.00127644
0.0115237
0.00138808
0.0115371
0.00155348
0.0115561
0.00170146
0.0115614
0.00189828
0.0115623
0.00208365
0.0115472
0.00232268
0.0115238
0.00253839
0.0114729
0.00282335
0.011395
0.00307443
0.0113023
0.00338984
0.00369013
0.0111315
0.0100018
-2.86186e-06
0.0100069
-3.70447e-06
0.0100152
-8.99138e-06
0.0100267
-1.01093e-05
0.0100405
-1.42314e-05
0.010057
-1.48335e-05
0.0100745
-1.75216e-05
0.0100937
-1.73097e-05
0.0101132
-1.90622e-05
0.0101337
-1.868e-05
0.0101543
-1.92311e-05
0.0101755
-1.97932e-05
0.0101969
-1.86001e-05
0.0102192
-2.10095e-05
0.0102413
-1.79137e-05
0.0102647
-2.16991e-05
0.0102871
-1.72737e-05
0.010311
-2.09385e-05
0.0103338
-1.66548e-05
0.0103578
-1.90857e-05
0.010381
-1.5907e-05
0.0104047
-1.67661e-05
0.0104284
-1.42728e-05
0.010452
-1.4296e-05
0.0104757
-1.14289e-05
0.0104994
-1.15732e-05
0.0105227
-7.36746e-06
0.0105467
-8.16294e-06
0.0105695
-2.1274e-06
0.0105933
-3.6609e-06
0.0106161
4.11474e-06
0.0106392
2.61456e-06
0.0106621
1.11691e-05
0.0106844
1.10955e-05
0.0107074
1.96188e-05
0.0107291
2.1327e-05
0.0107515
3.06972e-05
0.0107733
3.33172e-05
0.0107947
4.43338e-05
0.0108166
4.86984e-05
0.0108375
5.94884e-05
0.0108588
6.91232e-05
0.0108801
7.67371e-05
0.0109003
9.36506e-05
0.0109222
9.90902e-05
0.0109424
0.000120847
0.0109635
0.000128077
0.0109855
0.000152387
0.0110055
0.000162347
0.0110291
0.000191346
0.0110499
0.000201814
0.0110738
0.00023814
0.0110965
0.000249572
0.0111215
0.000292055
0.011146
0.000307694
0.0111723
0.000355508
0.0112009
0.000375862
0.0112261
0.000431877
0.0112607
0.000457012
0.0112868
0.000520538
0.0113235
0.000557532
0.0113542
0.000623867
0.0113927
0.000679451
0.0114257
0.000749619
0.0114665
0.000828687
0.0115047
0.000901944
0.0115419
0.00101485
0.0115863
0.00109431
0.011621
0.00124181
0.0116663
0.00134274
0.0116949
0.00152488
0.0117364
0.00165999
0.0117573
0.00187737
0.0117774
0.00206349
0.0117906
0.00230949
0.0117675
0.0025615
0.0117619
0.00282896
0.0116791
0.0031572
0.0116222
0.00344677
0.00383703
0.0114753
0.0100018
-4.65841e-06
0.0100073
-9.18594e-06
0.0100158
-1.74911e-05
0.0100281
-2.24195e-05
0.0100421
-2.8244e-05
0.0100594
-3.2147e-05
0.0100768
-3.48644e-05
0.0100967
-3.72091e-05
0.0101159
-3.83172e-05
0.0101368
-3.95501e-05
0.0101573
-3.97155e-05
0.0101786
-4.11663e-05
0.0102004
-4.03346e-05
0.0102226
-4.32152e-05
0.0102452
-4.05698e-05
0.0102684
-4.48173e-05
0.0102912
-4.01385e-05
0.0103152
-4.48735e-05
0.0103379
-3.94317e-05
0.0103624
-4.35542e-05
0.0103853
-3.88075e-05
0.0104097
-4.11831e-05
0.0104332
-3.77268e-05
0.0104571
-3.8217e-05
0.0104812
-3.55366e-05
0.0105046
-3.50127e-05
0.010529
-3.17284e-05
0.0105523
-3.14439e-05
0.0105764
-2.62181e-05
0.0105997
-2.70345e-05
0.0106233
-1.94525e-05
0.0106467
-2.07656e-05
0.0106699
-1.20741e-05
0.0106929
-1.18512e-05
0.0107162
-3.65902e-06
0.0107385
-9.91568e-07
0.0107617
7.51669e-06
0.0107837
1.12401e-05
0.0108064
2.17169e-05
0.0108285
2.65096e-05
0.0108506
3.74215e-05
0.0108727
4.70107e-05
0.0108948
5.46319e-05
0.0109166
7.18873e-05
0.010939
7.66933e-05
0.010961
9.88113e-05
0.0109832
0.00010591
0.0110068
0.000128773
0.0110281
0.000141051
0.0110542
0.000165255
0.0110753
0.000180663
0.0111033
0.00021023
0.011126
0.000226872
0.0111557
0.000262284
0.0111795
0.000283891
0.011214
0.000321029
0.0112369
0.000353016
0.0112778
0.00039097
0.0113018
0.000432961
0.0113459
0.000476403
0.0113752
0.000528291
0.0114223
0.000576723
0.0114555
0.000646245
0.0115068
0.000698307
0.0115476
0.000787983
0.0115981
0.000851392
0.0116483
0.000964649
0.0117013
0.00104134
0.0117555
0.00118755
0.0118086
0.00128963
0.0118702
0.00146333
0.0119139
0.0016163
0.0119757
0.00181555
0.0120054
0.00203381
0.0120473
0.00226755
0.0120575
0.0025513
0.012051
0.00283546
0.0120326
0.00317562
0.0119412
0.00353813
0.00390278
0.0118755
0.0100018
-6.46974e-06
0.0100079
-1.529e-05
0.0100172
-2.68088e-05
0.0100307
-3.59208e-05
0.0100458
-4.32692e-05
0.0100639
-5.02688e-05
0.0100819
-5.28867e-05
0.0101021
-5.74211e-05
0.0101217
-5.78773e-05
0.0101425
-6.03764e-05
0.0101634
-6.06276e-05
0.0101847
-6.24474e-05
0.0102073
-6.29801e-05
0.0102291
-6.49758e-05
0.010253
-6.45066e-05
0.0102751
-6.69189e-05
0.0102995
-6.45421e-05
0.0103222
-6.75726e-05
0.0103465
-6.37055e-05
0.0103699
-6.69729e-05
0.0103941
-6.29487e-05
0.0104178
-6.48599e-05
0.0104423
-6.22884e-05
0.0104656
-6.14572e-05
0.0104909
-6.08939e-05
0.0105135
-5.76341e-05
0.0105393
-5.74839e-05
0.0105618
-5.39721e-05
0.0105872
-5.15677e-05
0.0106101
-4.99711e-05
0.0106348
-4.41076e-05
0.0106579
-4.38605e-05
0.0106824
-3.66099e-05
0.0107048
-3.42594e-05
0.0107299
-2.87895e-05
0.0107513
-2.23395e-05
0.0107766
-1.78022e-05
0.0107981
-1.02559e-05
0.010822
-2.20742e-06
0.0108453
3.18864e-06
0.0108669
1.58193e-05
0.0108919
2.20238e-05
0.0109128
3.38011e-05
0.0109376
4.70469e-05
0.0109596
5.46908e-05
0.0109836
7.47676e-05
0.0110068
8.27931e-05
0.0110318
0.000103719
0.0110546
0.000118308
0.0110825
0.000137294
0.0111047
0.000158496
0.0111358
0.000179152
0.0111585
0.000204152
0.0111931
0.000227698
0.0112163
0.000260628
0.011256
0.000281332
0.0112802
0.00032883
0.0113247
0.00034652
0.0113528
0.000404823
0.0113997
0.000429553
0.0114361
0.000491801
0.0114827
0.000530208
0.0115313
0.000597574
0.0115771
0.00065252
0.01164
0.000725144
0.0116833
0.000808
0.0117661
0.000881939
0.0118054
0.00100204
0.011903
0.00108991
0.0119497
0.00124299
0.0120466
0.00136635
0.0121082
0.00155477
0.0121906
0.00173311
0.0122638
0.00196058
0.0123134
0.002218
0.0123798
0.00248487
0.0123794
0.00283583
0.0124049
0.00315017
0.0123492
0.00359386
0.00398979
0.0122622
0.0100021
-8.60406e-06
0.0100092
-2.24025e-05
0.0100203
-3.78142e-05
0.0100352
-5.08613e-05
0.0100522
-6.02908e-05
0.0100711
-6.91362e-05
0.0100904
-7.22366e-05
0.0101106
-7.75458e-05
0.0101307
-7.80583e-05
0.0101515
-8.11181e-05
0.0101729
-8.20686e-05
0.0101947
-8.4218e-05
0.0102178
-8.60773e-05
0.0102399
-8.7099e-05
0.0102644
-8.8958e-05
0.0102863
-8.88432e-05
0.0103115
-8.97722e-05
0.0103337
-8.97284e-05
0.0103588
-8.88484e-05
0.010382
-9.01427e-05
0.0104064
-8.7403e-05
0.0104307
-8.91194e-05
0.0104548
-8.64083e-05
0.0104793
-8.59062e-05
0.010504
-8.55948e-05
0.0105276
-8.13052e-05
0.0105533
-8.30995e-05
0.0105763
-7.69737e-05
0.010602
-7.72729e-05
0.0106253
-7.33457e-05
0.0106501
-6.8822e-05
0.0106744
-6.8185e-05
0.0106981
-6.03602e-05
0.0107227
-5.88533e-05
0.0107465
-5.25439e-05
0.0107704
-4.62901e-05
0.0107946
-4.19512e-05
0.0108184
-3.40526e-05
0.0108417
-2.55255e-05
0.0108668
-2.19119e-05
0.0108882
-5.60137e-06
0.0109153
-5.10568e-06
0.0109354
1.36929e-05
0.0109631
1.93852e-05
0.0109845
3.32859e-05
0.0110107
4.85453e-05
0.0110348
5.86907e-05
0.0110608
7.77181e-05
0.0110853
9.38138e-05
0.0111147
0.000107921
0.0111385
0.000134676
0.0111699
0.000147803
0.0111991
0.000174933
0.0112267
0.000200046
0.0112654
0.000222018
0.0112916
0.000255075
0.0113357
0.00028473
0.0113651
0.000317112
0.0114164
0.000353587
0.0114451
0.000400791
0.0115094
0.000427546
0.0115376
0.000502005
0.0116134
0.000521802
0.0116474
0.000618422
0.0117308
0.000641816
0.0117789
0.000759828
0.0118661
0.00079482
0.0119339
0.000934249
0.0120238
0.001
0.0121171
0.00114966
0.0122042
0.00127924
0.0123217
0.00143726
0.0124066
0.00164823
0.012532
0.00183519
0.0126154
0.00213456
0.0127002
0.00240012
0.0127847
0.00275136
0.0127887
0.00314617
0.0128183
0.00356424
0.00407148
0.0127366
0.0100029
-1.1465e-05
0.0100118
-3.13288e-05
0.0100256
-5.15777e-05
0.010043
-6.83531e-05
0.0100624
-7.96898e-05
0.0100825
-8.91921e-05
0.0101028
-9.25021e-05
0.0101231
-9.78808e-05
0.0101436
-9.85239e-05
0.010165
-0.000102547
0.0101866
-0.000103689
0.0102099
-0.000107467
0.0102324
-0.000108594
0.0102564
-0.000111071
0.0102796
-0.000112192
0.0103033
-0.000112585
0.0103273
-0.000113728
0.010351
-0.00011344
0.0103752
-0.000113006
0.0103997
-0.000114699
0.0104233
-0.000111011
0.010449
-0.000114844
0.0104722
-0.000109583
0.0104983
-0.000111954
0.010522
-0.000109358
0.0105472
-0.000106441
0.0105722
-0.000108098
0.0105963
-0.000101143
0.0106217
-0.000102615
0.0106463
-9.80033e-05
0.0106703
-9.28354e-05
0.0106966
-9.44668e-05
0.0107191
-8.28737e-05
0.010746
-8.57375e-05
0.0107688
-7.53606e-05
0.0107944
-7.18207e-05
0.0108188
-6.64267e-05
0.0108428
-5.79868e-05
0.0108679
-5.06503e-05
0.0108923
-4.62903e-05
0.0109159
-2.91823e-05
0.0109429
-3.20977e-05
0.0109637
-7.16928e-06
0.0109933
-1.02088e-05
0.0110139
1.27435e-05
0.011043
1.9396e-05
0.011067
3.46852e-05
0.0110942
5.05062e-05
0.0111211
6.6957e-05
0.0111503
7.87213e-05
0.0111764
0.000108584
0.0112096
0.000114523
0.0112393
0.000145328
0.01127
0.000169337
0.0113107
0.000181246
0.0113377
0.000228117
0.0113857
0.000236676
0.0114192
0.000283621
0.0114669
0.000305957
0.0115128
0.000354908
0.0115602
0.000380057
0.0116209
0.000441356
0.0116674
0.000475315
0.0117475
0.000538324
0.0117947
0.00059462
0.0118961
0.000658449
0.0119486
0.000742231
0.0120688
0.000814059
0.0121438
0.000924993
0.0122685
0.00102504
0.0123835
0.00116416
0.0125034
0.00131735
0.0126652
0.00148644
0.0127746
0.00172584
0.0129452
0.00196391
0.013068
0.00227739
0.0131783
0.00264102
0.013289
0.00303544
0.0133104
0.00354289
0.00407663
0.0133052
0.0100041
-1.56035e-05
0.0100167
-4.38944e-05
0.0100348
-6.97163e-05
0.0100565
-8.99773e-05
0.0100781
-0.000101305
0.0100994
-0.000110499
0.0101199
-0.00011297
0.0101406
-0.000118647
0.0101618
-0.000119658
0.0101842
-0.000124998
0.0102066
-0.000126095
0.0102308
-0.000131698
0.0102536
-0.000131363
0.0102785
-0.000135972
0.0103014
-0.000135105
0.010326
-0.000137149
0.0103497
-0.000137477
0.0103739
-0.000137582
0.0103984
-0.000137554
0.0104229
-0.000139167
0.0104473
-0.000135392
0.0104728
-0.000140365
0.0104966
-0.000133339
0.0105227
-0.000138139
0.0105467
-0.000133319
0.0105721
-0.000131857
0.0105976
-0.000133564
0.0106213
-0.00012482
0.0106484
-0.000129746
0.0106709
-0.000120532
0.0106985
-0.000120366
0.0107212
-0.000117166
0.0107481
-0.000109774
0.0107712
-0.000108878
0.0107979
-0.000102019
0.0108205
-9.45054e-05
0.0108479
-9.38244e-05
0.0108693
-7.93569e-05
0.0108981
-7.94726e-05
0.010918
-6.61795e-05
0.010948
-5.9168e-05
0.0109678
-5.18963e-05
0.0109971
-3.64418e-05
0.0110194
-3.25521e-05
0.0110471
-1.49207e-05
0.011071
-4.52146e-06
0.0111016
4.03315e-06
0.0111225
2.9669e-05
0.0111585
3.096e-05
0.0111801
5.71424e-05
0.0112142
7.44386e-05
0.0112458
8.29478e-05
0.0112742
0.000116927
0.0113145
0.000129037
0.0113447
0.000151043
0.011389
0.000183769
0.011423
0.000202759
0.0114762
0.000230389
0.0115095
0.000272616
0.0115777
0.000286726
0.0116097
0.000348041
0.0116927
0.000358359
0.0117335
0.000434532
0.0118202
0.000451666
0.011887
0.000527758
0.0119718
0.000573625
0.012068
0.000646122
0.0121598
0.000722173
0.0122865
0.000798323
0.0124007
0.000910809
0.0125456
0.00101926
0.0127101
0.00115288
0.0128699
0.00132666
0.013075
0.00152072
0.0132571
0.00178187
0.0134634
0.00207106
0.0136449
0.00245948
0.0137889
0.00289146
0.0139444
0.00338741
0.00408428
0.0139368
0.0100067
-2.23053e-05
0.0100272
-6.43451e-05
0.0100516
-9.42081e-05
0.0100775
-0.00011588
0.0101005
-0.000124257
0.0101232
-0.000133161
0.0101439
-0.000133709
0.0101653
-0.000140009
0.0101877
-0.000142049
0.010211
-0.000148302
0.0102351
-0.000150223
0.0102593
-0.000155872
0.0102831
-0.00015524
0.0103073
-0.000160146
0.0103307
-0.000158464
0.0103549
-0.000161337
0.0103783
-0.000160932
0.0104026
-0.000161914
0.0104263
-0.000161243
0.0104509
-0.000163772
0.0104745
-0.000158918
0.0104993
-0.000165235
0.0105227
-0.000156674
0.0105473
-0.000162818
0.0105709
-0.000156883
0.0105948
-0.000155728
0.0106189
-0.00015768
0.0106418
-0.000147767
0.0106663
-0.000154191
0.0106887
-0.000142964
0.0107129
-0.000144544
0.0107353
-0.00013956
0.0107588
-0.00013323
0.0107814
-0.000131534
0.0108038
-0.000124425
0.0108272
-0.000117898
0.010848
-0.000114627
0.0108728
-0.000104128
0.0108919
-9.85479e-05
0.0109182
-9.25469e-05
0.0109354
-7.63712e-05
0.010965
-8.14525e-05
0.0109782
-4.96542e-05
0.0110139
-6.82653e-05
0.011023
-2.40588e-05
0.0110621
-4.35478e-05
0.0110744
-8.28486e-06
0.0111094
-5.35951e-06
0.0111295
1.09157e-05
0.0111658
2.07599e-05
0.0111831
5.71559e-05
0.0112334
3.263e-05
0.0112412
0.000109166
0.0113055
6.47343e-05
0.0113131
0.000143456
0.0113831
0.000113768
0.0113986
0.000187301
0.0114709
0.00015806
0.0114999
0.000243556
0.0115751
0.000211591
0.0116141
0.000308998
0.011705
0.00026752
0.0117463
0.00039318
0.0118565
0.000341464
0.011912
0.000472315
0.0120426
0.00044303
0.0121041
0.000584605
0.0122693
0.000556969
0.0123551
0.000712488
0.0125322
0.000733688
0.0126802
0.00087126
0.0128642
0.000968917
0.0131034
0.00108749
0.0133018
0.00132233
0.0136217
0.00146191
0.0138588
0.00183401
0.0141768
0.00214144
0.0143726
0.00269568
0.0146318
0.00312822
0.00399135
0.0147247
0.0100145
-3.68122e-05
0.0100439
-9.37519e-05
0.0100784
-0.000128653
0.0101075
-0.000145066
0.0101326
-0.000149358
0.0101525
-0.000153056
0.0101747
-0.000155914
0.0101954
-0.000160627
0.0102201
-0.000166785
0.0102414
-0.00016958
0.010266
-0.000174884
0.0102854
-0.000175248
0.0103084
-0.00017821
0.010326
-0.000177769
0.0103474
-0.000179865
0.0103643
-0.00017823
0.0103844
-0.000181081
0.0104005
-0.000177961
0.0104201
-0.000180819
0.010434
-0.000177746
0.0104539
-0.000178746
0.010465
-0.000176347
0.010485
-0.000176705
0.0104941
-0.000171913
0.0105127
-0.000175424
0.0105219
-0.000164958
0.010537
-0.000172839
0.0105475
-0.000158245
0.0105599
-0.000166575
0.0105696
-0.000152668
0.0105825
-0.00015741
0.0105884
-0.000145498
0.0106038
-0.00014859
0.0106062
-0.000133988
0.0106222
-0.000140443
0.0106247
-0.000120353
0.0106385
-0.000128405
0.0106434
-0.000109088
0.0106552
-0.000110268
0.0106612
-9.86258e-05
0.0106752
-9.0377e-05
0.010678
-8.41709e-05
0.0106993
-7.10428e-05
0.0106973
-6.62416e-05
0.0107248
-5.15402e-05
0.0107244
-4.30953e-05
0.0107518
-3.5719e-05
0.0107591
-1.26841e-05
0.0107892
-1.91539e-05
0.0107958
1.41745e-05
0.0108426
1.03499e-05
0.0108384
3.68126e-05
0.0109061
4.14899e-05
0.010899
7.18327e-05
0.0109769
6.54873e-05
0.0109808
0.000109941
0.0110634
0.000104672
0.011078
0.000143407
0.0111787
0.000142878
0.0111938
0.00019647
0.0113155
0.000187337
0.0113535
0.000229522
0.0114621
0.000284586
0.0115499
0.000253656
0.0116712
0.000351032
0.0117545
0.000359756
0.0119531
0.000385997
0.0120124
0.000497662
0.0122749
0.000449943
0.0123682
0.000640392
0.0126538
0.00058568
0.0128321
0.00079059
0.0131486
0.000771034
0.0134211
0.00104983
0.013841
0.00104197
0.014216
0.00145903
0.014726
0.00163141
0.0152353
0.00218641
0.0154693
0.00289418
0.00360365
0.015857
0.0100359
-7.27372e-05
0.0100797
-0.000137503
0.0101114
-0.000160355
0.0101272
-0.00016092
0.0101367
-0.000158847
0.0101433
-0.000159678
0.0101505
-0.000163087
0.010154
-0.000164102
0.0101552
-0.000167958
0.0101518
-0.000166198
0.0101454
-0.00016847
0.0101349
-0.000164784
0.0101226
-0.00016591
0.0101068
-0.000161957
0.0100899
-0.000162972
0.01007
-0.000158376
0.0100489
-0.000159953
0.0100253
-0.000154348
0.0100007
-0.000156252
0.00997292
-0.000149928
0.00994597
-0.000151789
0.0099142
-0.00014458
0.00988489
-0.000147393
0.00985075
-0.00013778
0.00981816
-0.000142831
0.00978352
-0.000130312
0.00974752
-0.00013684
0.00971275
-0.000123476
0.0096751
-0.000128926
0.00963905
-0.000116621
0.00960213
-0.000120491
0.00956432
-0.000107686
0.00952891
-0.000113184
0.00949096
-9.60388e-05
0.00945643
-0.00010591
0.00942039
-8.43131e-05
0.00938721
-9.52265e-05
0.00935338
-7.525e-05
0.00932396
-8.08512e-05
0.00929139
-6.60523e-05
0.0092695
-6.84923e-05
0.00923541
-5.00813e-05
0.00922633
-6.19574e-05
0.00918898
-2.88942e-05
0.00919231
-5.48694e-05
0.0091622
-1.29866e-05
0.00916401
-3.75309e-05
0.00915552
-4.1887e-06
0.00915214
-1.57779e-05
0.00915832
7.9942e-06
0.00916975
-1.076e-06
0.00917634
3.02157e-05
0.00921068
7.1531e-06
0.00922421
5.83008e-05
0.00927076
1.89355e-05
0.00930798
7.2724e-05
0.00935238
6.02679e-05
0.00943171
6.40794e-05
0.0094639
0.000110687
0.00958185
7.85265e-05
0.00963736
0.000131827
0.00976615
0.00010073
0.00984081
0.000209921
0.0100335
6.09395e-05
0.010083
0.000301597
0.0103424
0.00010035
0.0104095
0.000318823
0.010759
0.00014818
0.0107833
0.00042572
0.0112922
0.000131446
0.0112884
0.00058947
0.0119318
0.000147237
0.0119728
0.000729988
0.0127523
0.000270329
0.0129102
0.00088403
0.013886
0.000483247
0.014246
0.00127146
0.0156095
0.000822853
0.0160447
0.00245904
0.00227857
0.0173698
0.00992726
0.00978976
0.0096294
0.00946848
0.00930964
0.00914996
0.00898687
0.00882277
0.00865481
0.00848861
0.00832014
0.00815536
0.00798945
0.00782749
0.00766452
0.00750614
0.00734619
0.00719184
0.00703559
0.00688566
0.00673387
0.00658929
0.0064419
0.00630412
0.00616129
0.00603098
0.00589414
0.00577066
0.00564174
0.00552512
0.00540462
0.00529694
0.00518375
0.00508772
0.00498181
0.00489749
0.00480227
0.00472702
0.00464616
0.00458011
0.00451162
0.00446154
0.00439958
0.00437069
0.00431582
0.00430283
0.0042653
0.00426111
0.00424533
0.00425333
0.00425225
0.00428247
0.00428962
0.00434792
0.00436686
0.00443958
0.00449985
0.00456393
0.00467462
0.00475314
0.00488497
0.0049857
0.00519562
0.00525656
0.00555816
0.00565851
0.00597733
0.00612551
0.00655123
0.00668267
0.00727215
0.00741938
0.00814937
0.0084197
0.00930373
0.00978698
0.0110584
0.0118813
0.0143403
0.0166189
-0.000149873
-6.99679e-05
5.06911e-08
-0.000149924
0.000115786
-0.000115736
0.000275053
-0.000159266
0.000413757
-0.000138705
0.00052069
-0.000106933
0.000550347
-2.96567e-05
0.000499138
5.12086e-05
0.000410349
8.87893e-05
0.000218056
0.000192293
-0.000262324
0.00048038
-0.0010295
0.000767179
-0.0016791
0.000649591
-0.00215829
0.000479199
-0.00256816
0.00040987
-0.00265376
8.55923e-05
-0.00244015
-0.000213605
-0.00193659
-0.00050356
-0.00117049
-0.000766106
-0.00117049
-0.000221871
-0.000337614
2.01237e-05
-0.000391918
0.000130082
-0.000225695
0.000200836
-0.000230019
0.000321946
-0.000259815
0.000449025
-0.000234013
0.000499302
-7.99336e-05
0.00036566
0.00018485
-3.10449e-05
0.000485494
-0.000732624
0.000893872
-0.00155017
0.00129793
-0.00215829
0.0013753
-0.00257677
0.00106807
-0.00295829
0.000860719
-0.00316994
0.000621522
-0.00316466
8.03119e-05
-0.00290622
-0.000472042
-0.00216419
-0.0012456
-0.00112251
-0.00180779
-0.00229299
-0.000715655
-1.39189e-05
-0.000648078
-0.000459496
-0.000266128
-0.000607644
7.39448e-05
-0.000570092
0.000266272
-0.000452142
0.000219193
-0.000186934
7.05868e-05
6.8673e-05
-0.000149172
0.000404609
-0.000583271
0.000919593
-0.00123712
0.00154772
-0.00178818
0.00184898
-0.00211994
0.00170707
-0.00240183
0.00134996
-0.00258036
0.00103924
-0.00259879
0.000639956
-0.00250288
-1.5596e-05
-0.00214656
-0.000828362
-0.00146151
-0.00193064
-0.000646331
-0.00262297
-0.00293932
0.00188368
0.00146991
0.000525054
0.000899134
-0.00030101
0.000218419
-0.000524619
-0.000346483
-0.000201233
-0.000775528
2.77205e-05
-0.000415888
-6.90238e-05
0.000165417
-0.000463792
0.000799377
-0.000851381
0.00130718
-0.00113273
0.00182906
-0.00139985
0.00211611
-0.00165692
0.00196414
-0.00181909
0.00151213
-0.00172187
0.000942017
-0.00151421
0.000432292
-0.00132675
-0.000203053
-0.00100668
-0.00114844
-0.000704958
-0.00223236
-0.000412958
-0.00291497
-0.00335228
0.00591412
0.00221764
0.00482793
0.00198532
0.00316299
0.00188336
0.00134196
0.00147454
-2.49342e-05
0.000591365
-0.000455489
1.46665e-05
-0.000222719
-6.73524e-05
-0.000142069
0.000718726
-0.000417329
0.00158244
-0.000759833
0.00217157
-0.00100161
0.00235789
-0.001095
0.00205752
-0.00101104
0.00142817
-0.000728614
0.000659591
-0.000568599
0.000272277
-0.000507725
-0.000263927
-0.000236468
-0.00141969
-0.000223998
-0.00224483
-0.000244488
-0.00289449
-0.00359677
0.00809715
0.00284808
0.0071983
0.00288416
0.00623521
0.00284646
0.00507161
0.00263814
0.0031279
0.00253508
0.00109649
0.00204607
-0.000149274
0.00117841
-0.000197925
0.000767378
0.000229528
0.00115499
0.000339966
0.00206113
0.000170193
0.00252766
4.42996e-05
0.00218342
-6.63794e-05
0.00153885
-6.51092e-05
0.000658321
4.34151e-05
0.000163753
0.000186489
-0.000407001
0.000309245
-0.00154245
3.18928e-05
-0.00196748
-6.57019e-05
-0.00279689
-0.00366247
0.00935836
0.00328849
0.00878675
0.00345578
0.00811473
0.00351848
0.00714787
0.003605
0.00604261
0.00364034
0.00454963
0.00353905
0.00254255
0.00318549
0.000762264
0.00254766
3.4821e-06
0.00191377
0.000255335
0.00180927
0.000569675
0.00221332
0.000600048
0.00215305
0.000569877
0.00156902
0.000691439
0.000536759
0.000754262
0.00010093
0.000690226
-0.000342965
0.000248738
-0.00110096
-0.000280342
-0.0014384
-0.000163453
-0.00291378
-0.00382592
0.0101039
0.00360563
0.00974182
0.00381786
0.0092119
0.0040484
0.00860229
0.00421461
0.00780985
0.00443278
0.00685459
0.00449431
0.00551406
0.00452602
0.00380469
0.00425704
0.00203146
0.00368699
0.000842671
0.00299807
0.000538424
0.00251757
0.000563739
0.00212773
0.000364803
0.00176796
0.000243352
0.00065821
0.000277823
6.64585e-05
0.000174318
-0.00023946
3.86809e-05
-0.000965326
0.00016077
-0.00156049
0.000333788
-0.0030868
-0.00349213
0.0105755
0.00386138
0.0103152
0.0040781
0.00994178
0.00442185
0.00948838
0.00466801
0.0089724
0.00494877
0.00827717
0.00518954
0.00745966
0.00534353
0.00637319
0.00534351
0.0049969
0.00506329
0.00344799
0.00454698
0.00211889
0.00384666
0.00135921
0.00288741
0.00142763
0.00169954
0.00171909
0.000366755
0.00172526
6.02881e-05
0.00135546
0.000130338
0.00100509
-0.000614961
0.00109356
-0.00164896
0.000802554
-0.00279579
-0.00268958
0.0109881
0.00400476
0.0107047
0.00436147
0.0104652
0.00466139
0.0100936
0.0050396
0.00970765
0.0053347
0.00924592
0.00565127
0.00866586
0.00592359
0.00797525
0.00603411
0.00704925
0.00598929
0.00610516
0.00549106
0.0053073
0.00464453
0.00462526
0.00356945
0.00450579
0.00181901
0.00457068
0.000301864
0.0042643
0.000366667
0.00397635
0.000418289
0.00355354
-0.000192148
0.0028632
-0.000958621
0.001651
-0.00158359
-0.00103858
0.0113229
0.00415714
0.011123
0.00456134
0.0108466
0.00493781
0.0105921
0.00529414
0.0102171
0.00570966
0.00988457
0.00598382
0.00948649
0.00632167
0.00901334
0.00650727
0.00838168
0.00662095
0.00712794
0.0067448
0.00535739
0.00641507
0.00284545
0.00608139
-0.000408507
0.00507296
-0.00302509
0.00291845
-0.00415825
0.00149982
-0.00403646
0.000296505
-0.00297125
-0.00125736
-0.00196759
-0.00196228
-0.00125192
-0.00229926
-0.0022905
0.0116793
0.00435333
0.0115243
0.00471632
0.011264
0.0051981
0.0109838
0.00557435
0.0106859
0.00600756
0.0102634
0.00640637
0.00991203
0.006673
0.00947767
0.00694163
0.00909612
0.0070025
0.00875329
0.00708763
0.008342
0.00682637
0.00829377
0.00612961
0.00785429
0.00551245
0.00651031
0.00426243
0.00543344
0.00257669
0.00469274
0.00103721
0.00419446
-0.00075908
0.00360947
-0.0013773
0.00206156
-0.000751341
-0.000228937
0.0121526
0.00446283
0.0119114
0.00495758
0.0116986
0.00541084
0.0113722
0.00590078
0.0110696
0.00631012
0.010707
0.00676899
0.0102073
0.00717276
0.00962287
0.00752603
0.00895567
0.00766969
0.00822781
0.00781549
0.00705258
0.0080016
0.0057768
0.00740539
0.00481004
0.00647921
0.00362035
0.00545212
0.00250819
0.00368885
0.00159887
0.00194653
0.000882189
-4.24028e-05
0.000435013
-0.000930124
0.000614029
-0.000930357
0.000385092
0.0126169
0.00458253
0.012444
0.00513049
0.0121501
0.00570471
0.0117642
0.00628667
0.0113603
0.006714
0.0109996
0.00712969
0.0108022
0.00737019
0.0106687
0.00765949
0.0105862
0.00775225
0.0107684
0.00763324
0.0108064
0.00796364
0.00990227
0.00830953
0.00831229
0.00806918
0.00683003
0.00693437
0.00538058
0.0051383
0.00417126
0.00315586
0.00278832
0.00134053
0.00125031
0.000607887
0.000165385
0.00015457
0.000550477
0.0131823
0.00470546
0.0129703
0.00534252
0.0127293
0.00594566
0.0123491
0.00666689
0.0117512
0.00731186
0.0110285
0.00785239
0.0101419
0.00825684
0.00922298
0.0085784
0.00806555
0.00890968
0.00715447
0.00854432
0.00720676
0.00791134
0.00797662
0.00753967
0.00834058
0.00770523
0.00778146
0.00749349
0.00632621
0.00659355
0.00440235
0.00507972
0.00245665
0.00328623
0.00155427
0.00151026
0.000790018
0.000918825
0.0013405
0.0139022
0.00474003
0.0135978
0.00564694
0.0132017
0.00634168
0.012795
0.00707362
0.0124452
0.00766171
0.0122287
0.0080688
0.0120727
0.00841285
0.0121705
0.00848063
0.0119566
0.00912355
0.0107566
0.00974441
0.00904591
0.00962199
0.00787538
0.0087102
0.0074394
0.00814121
0.00694407
0.00798882
0.00595221
0.00758542
0.00459203
0.00643989
0.00282298
0.00505528
0.00121441
0.00311884
0.000382475
0.00175076
0.00172297
0.0147093
0.00475539
0.0145065
0.00584973
0.0138586
0.00698963
0.0130876
0.00784461
0.0119477
0.00880166
0.0105543
0.00946213
0.00914316
0.00982402
0.00833463
0.00928915
0.00882773
0.00863045
0.00964398
0.00892816
0.00945855
0.00980741
0.00840525
0.0097635
0.00747816
0.0090683
0.00703273
0.00843425
0.00640933
0.00820882
0.00526538
0.00758384
0.00390561
0.00641505
0.00222205
0.0048024
0.000754856
0.00321795
0.00247783
0.0157794
0.00483301
0.0154078
0.00622133
0.0149027
0.0074948
0.0145581
0.00818916
0.0145021
0.00885769
0.014149
0.00981524
0.0133226
0.0106504
0.0113246
0.0112872
0.00926054
0.0106945
0.00855543
0.00963327
0.0088024
0.00956044
0.00847152
0.0100944
0.00752642
0.0100134
0.00663073
0.00932994
0.00598601
0.00885354
0.00517643
0.00839342
0.003932
0.00765948
0.00249968
0.00623472
0.00112157
0.00459606
0.00359939
0.0171911
0.00501163
0.0163016
0.00711084
0.0147942
0.00900225
0.0126206
0.0103627
0.011044
0.0104344
0.0106266
0.0102326
0.011312
0.00996497
0.0117483
0.0108509
0.0105729
0.0118699
0.00882275
0.0113834
0.00799439
0.0103888
0.00775105
0.0103377
0.00725322
0.0105112
0.00645507
0.0101281
0.00554063
0.00976798
0.00466139
0.00927266
0.0037185
0.00860237
0.00246381
0.00748941
0.00115676
0.00590311
0.00475616
0.0173521
0.00427846
0.018941
0.00552196
0.0195346
0.0084086
0.0182889
0.0116084
0.0153426
0.0133807
0.012286
0.0132893
0.0103578
0.0118932
0.0103067
0.0109019
0.0104623
0.0117143
0.00946996
0.0123757
0.00818508
0.0116737
0.00745986
0.0110629
0.00693734
0.0110337
0.00630173
0.0107637
0.00559884
0.0104709
0.00468433
0.0101872
0.00355906
0.00972764
0.00240657
0.0086419
0.00120793
0.00710175
0.00596409
0.00509901
-0.000820549
0.0101471
0.000473844
0.0141197
0.00443604
0.0164013
0.00932672
0.0160401
0.0137419
0.0138822
0.0154471
0.0112855
0.0144899
0.00972205
0.0124654
0.00954164
0.0118947
0.00923212
0.0126853
0.00826975
0.012636
0.00730546
0.0120272
0.00656136
0.0117778
0.005839
0.0114861
0.00514147
0.0111684
0.00444162
0.010887
0.00349442
0.0106748
0.0023484
0.00978791
0.00109187
0.00835828
0.00705596
0.000759607
-0.00158016
0.00442774
-0.00319429
0.0088771
-1.33198e-05
0.0118224
0.00638141
0.0140666
0.0114977
0.0140919
0.0154218
0.0120656
0.0165162
0.00985571
0.0146753
0.00896325
0.0127872
0.00871599
0.0129325
0.00811867
0.0132334
0.00731606
0.0128299
0.00650035
0.0125935
0.00570895
0.0122775
0.00491476
0.0119626
0.00412691
0.0116749
0.00327964
0.0115221
0.00226189
0.0108057
0.00107976
0.00954041
0.00813572
0.00180164
-0.0033818
0.0018434
-0.00323605
0.00444449
-0.00261441
0.00687816
0.00394775
0.0097583
0.00861755
0.0118832
0.013297
0.0120404
0.016359
0.0101496
0.0165661
0.00846571
0.0144711
0.00794154
0.0134567
0.0075673
0.0136076
0.00694129
0.0134559
0.00623956
0.0132953
0.00548039
0.0130366
0.00474542
0.0126976
0.00402492
0.0123954
0.00318392
0.0123631
0.00216484
0.0118247
0.00103277
0.0106725
0.00916849
0.000684355
-0.00406615
0.000977797
-0.00352949
0.000721658
-0.00235827
0.00288568
0.00178373
0.00547734
0.00602588
0.00901386
0.00976043
0.00994451
0.0154284
0.00978558
0.016725
0.00857811
0.0156785
0.00779168
0.0142431
0.00741306
0.0139862
0.006848
0.0140209
0.00610948
0.0140338
0.00531969
0.0138264
0.00449065
0.0135266
0.00368342
0.0132026
0.00285549
0.013191
0.00195407
0.0127262
0.000967882
0.0116587
0.0101364
-0.00231936
-0.00174679
-0.00293284
-0.00291602
-0.00398103
-0.00131007
-0.003214
0.0010167
-0.00104059
0.00385248
0.00435619
0.00436364
0.00896287
0.0108217
0.00856451
0.0171234
0.00774652
0.0164965
0.00695839
0.0150312
0.00662531
0.0143193
0.00637582
0.0142704
0.00587268
0.0145369
0.00515863
0.0145405
0.0044047
0.0142805
0.00365061
0.0139567
0.0028713
0.0139704
0.00196733
0.0136301
0.000959964
0.012666
0.0110963
-0.00218599
0.000439196
-0.00457199
-0.000530011
-0.00543113
-0.000450943
-0.00626091
0.00184648
-0.00613331
0.00372487
-0.00314893
0.00137926
0.00467542
0.00299735
0.00878448
0.0130143
0.0086327
0.0166483
0.00741276
0.0162512
0.006559
0.015173
0.00604679
0.0147826
0.00560575
0.014978
0.00499559
0.0151506
0.00420679
0.0150693
0.00340307
0.0147604
0.00262957
0.0147439
0.00183125
0.0144285
0.000921132
0.0135761
0.0120175
-0.00166405
0.00210325
-0.00332148
0.00112742
-0.00425031
0.000477889
-0.00357818
0.00117435
-0.00374812
0.00389481
-0.00411451
0.00174565
-0.000648821
-0.000468337
0.00647294
0.00589253
0.00800957
0.0151117
0.007794
0.0164668
0.00683547
0.0161316
0.0060084
0.0156097
0.00540853
0.0155778
0.00481533
0.0157438
0.00416203
0.0157226
0.00342815
0.0154943
0.00264194
0.0155301
0.00177912
0.0152913
0.000865193
0.0144901
0.0128827
-0.000958707
0.00306196
-0.00212005
0.00228875
-0.00306035
0.00141819
-0.00292926
0.00104326
-0.00105171
0.00201726
-0.000799917
0.00149385
-0.00283544
0.00156719
0.00201846
0.00103863
0.00744907
0.00968108
0.00831255
0.0156033
0.00742549
0.0170186
0.00634326
0.0166919
0.00549222
0.0164289
0.00473462
0.0165014
0.00394385
0.0165134
0.00317086
0.0162673
0.00242784
0.0162731
0.0016844
0.0160347
0.000831684
0.0153428
0.0137143
-0.000350055
0.00341201
-0.000834899
0.0027736
-0.000872749
0.00145604
-0.000417652
0.000588164
0.000623139
0.000976473
0.00191944
0.000197555
0.00108331
0.00240332
0.000735935
0.001386
0.00544722
0.00496979
0.00772787
0.0133226
0.00767254
0.017074
0.00664588
0.0177186
0.00560975
0.017465
0.00476376
0.0173474
0.00398297
0.0172942
0.00318123
0.017069
0.00238298
0.0170713
0.00157224
0.0168455
0.000736733
0.0161783
0.0144511
1.92007e-05
0.00339281
0.000201803
0.002591
0.000739043
0.0009188
0.00243731
-0.0011101
0.0031181
0.000295679
0.0037596
-0.000443942
0.00406656
0.00209636
0.00239953
0.00305303
0.00431483
0.00305449
0.00714691
0.0104906
0.00769216
0.0165287
0.00684283
0.0185679
0.00571969
0.0185882
0.00469494
0.0183722
0.00378803
0.0182011
0.00296659
0.0178904
0.0022
0.0178379
0.00148454
0.0175609
0.000701898
0.0169609
0.015153
3.83098e-05
0.0033545
0.00181771
0.000811592
0.00314373
-0.000407216
0.0049056
-0.00287197
0.00588533
-0.000684046
0.00597671
-0.000535329
0.00647757
0.0015955
0.00521244
0.00431817
0.0046447
0.00362222
0.00667771
0.00845754
0.00745031
0.0157561
0.00681833
0.0191999
0.00570333
0.0197032
0.00466251
0.019413
0.0037524
0.0191112
0.00289583
0.018747
0.00209844
0.0186353
0.00133698
0.0183224
0.000588058
0.0177098
0.015741
0.000632519
0.00272198
0.00340648
-0.00196237
0.00564795
-0.00264868
0.00711716
-0.00434118
0.00796541
-0.0015323
0.00807206
-0.000641971
0.00822841
0.00143915
0.00738218
0.00516439
0.00580937
0.00519503
0.00642956
0.00783736
0.00703294
0.0151527
0.00654696
0.0196859
0.00550639
0.0207437
0.00440434
0.0205151
0.00344401
0.0200715
0.00261748
0.0195735
0.00186072
0.0193921
0.00121058
0.0189725
0.000532478
0.0183879
0.0162735
0.00232102
0.000400959
0.00493496
-0.00457631
0.00732987
-0.00504359
0.00842204
-0.00543335
0.00941602
-0.00252628
0.00953199
-0.000757949
0.0093231
0.00164805
0.00847803
0.00600946
0.00685402
0.00681904
0.00636787
0.00832351
0.00653281
0.0149878
0.00603016
0.0201885
0.00507837
0.0216955
0.00409064
0.0215028
0.00318861
0.0209736
0.00236596
0.0203962
0.00165183
0.0201062
0.000999385
0.019625
0.000388078
0.0189993
0.0166616
0.00338866
-0.0029877
0.00578889
-0.00697654
0.00796022
-0.00721492
0.00899127
-0.0064644
0.00989623
-0.00343124
0.0100513
-0.000912967
0.00956881
0.0021305
0.00877502
0.00680324
0.00739543
0.00819864
0.0062756
0.00944333
0.00586441
0.015399
0.00528612
0.0207668
0.00440466
0.022577
0.00346887
0.0224386
0.00265338
0.0217891
0.00194066
0.0211089
0.00130505
0.0207418
0.000799639
0.0201304
0.000293846
0.019505
0.0169554
0.00347475
-0.00646245
0.00593308
-0.00943487
0.00779991
-0.00908175
0.00873423
-0.00739872
0.00940197
-0.00409898
0.00942894
-0.000939937
0.00879555
0.00276388
0.00808784
0.00751096
0.00704652
0.00923995
0.005791
0.0106989
0.00499222
0.0161978
0.00429665
0.0214624
0.0035255
0.0233481
0.00277895
0.0231851
0.00210034
0.0224677
0.00149112
0.0217181
0.00098038
0.0212526
0.000506557
0.0206042
0.000107353
0.0199043
0.0170628
0.00313528
-0.00959774
0.00536627
-0.0116659
0.00693269
-0.0106482
0.00772163
-0.00818766
0.00814043
-0.00451777
0.00803055
-0.000830065
0.00737505
0.00341939
0.00677557
0.00811043
0.00600748
0.010008
0.00481299
0.0118933
0.00381835
0.0171924
0.00309836
0.0221824
0.00245515
0.0239913
0.00186072
0.0237796
0.00135951
0.0229689
0.000914025
0.0221636
0.000515266
0.0216513
0.000229408
0.0208901
-2.56359e-05
0.0201593
0.0170372
0.00260882
-0.0122066
0.0045018
-0.0135588
0.00574043
-0.0118868
0.00632466
-0.00877189
0.00656907
-0.00476218
0.00632765
-0.000588645
0.00565837
0.00408866
0.00517911
0.00858969
0.00457541
0.0106118
0.00344252
0.0130262
0.00239487
0.0182401
0.0016958
0.0228815
0.00124482
0.0244423
0.000901031
0.0241233
0.000617534
0.0232524
0.000336996
0.0224442
0.000102421
0.0218859
-0.000128723
0.0211212
-0.000246282
0.0202769
0.0167909
0.00202569
-0.0142323
0.00345517
-0.0149883
0.00434751
-0.0127791
0.00473996
-0.00916434
0.00479051
-0.00481273
0.00441136
-0.000209496
0.00378036
0.00471967
0.00341331
0.00895674
0.00289189
0.0111332
0.00184459
0.0140735
0.000842316
0.0192423
0.00024294
0.0234808
-3.62713e-05
0.0247215
-0.000140794
0.0242279
-0.000217174
0.0233288
-0.000316654
0.0225436
-0.000421848
0.0219911
-0.000446282
0.0211457
-0.000401559
0.0202321
0.0163893
0.00143497
-0.0156672
0.00238663
-0.01594
0.00289665
-0.0132892
0.0030692
-0.00933689
0.00293221
-0.00467574
0.00239822
0.000324493
0.0018523
0.00526559
0.00154018
0.00926886
0.00100196
0.0116714
-4.21463e-05
0.0151176
-0.0010147
0.0202149
-0.00139812
0.0238643
-0.00130706
0.0246305
-0.00109876
0.0240196
-0.000961871
0.0231919
-0.000920453
0.0225022
-0.000860599
0.0219312
-0.000821132
0.0211062
-0.000624703
0.0200357
0.0157646
0.000830384
-0.0164976
0.00126644
-0.016376
0.00137716
-0.0133999
0.00124878
-0.00920851
0.00095487
-0.00438182
0.000407968
0.000871395
-2.78784e-05
0.00570144
-0.000281624
0.0095226
-0.000860425
0.0122502
-0.00198194
0.0162392
-0.00276987
0.0210028
-0.00283135
0.0239257
-0.0024507
0.0242498
-0.00205714
0.023626
-0.00175142
0.0228861
-0.00153767
0.0222885
-0.00136189
0.0217555
-0.00113146
0.0208758
-0.000765143
0.0196694
0.0149995
0.00027202
-0.0167696
0.000203352
-0.0163074
-5.13437e-05
-0.0131452
-0.000479083
-0.00878077
-0.000960168
-0.00390074
-0.00157177
0.001483
-0.0019999
0.00612957
-0.00217704
0.00969974
-0.00276014
0.0128333
-0.00377661
0.0172556
-0.00433546
0.0215617
-0.00408595
0.0236762
-0.0034415
0.0236054
-0.00283991
0.0230244
-0.00238432
0.0224306
-0.00207117
0.0219753
-0.00175474
0.021439
-0.00146428
0.0205853
-0.000970998
0.0191761
0.0140285
-0.000206745
-0.0165629
-0.000644318
-0.0158698
-0.00124064
-0.0125489
-0.00192142
-0.0081
-0.00266709
-0.00315506
-0.00328756
0.00210346
-0.00362429
0.0064663
-0.00389106
0.00996652
-0.00459228
0.0135345
-0.00540222
0.0180656
-0.00557916
0.0217386
-0.00499029
0.0230873
-0.00418736
0.0228024
-0.00351696
0.022354
-0.00297295
0.0218865
-0.00253963
0.021542
-0.00214938
0.0210488
-0.00168989
0.0201258
-0.00104114
0.0185274
0.0129873
-0.000577723
-0.0159852
-0.00133743
-0.0151101
-0.00222793
-0.0116584
-0.00313677
-0.00719115
-0.00398032
-0.00231151
-0.00462516
0.0027483
-0.00497125
0.0068124
-0.0053685
0.0103638
-0.00611882
0.0142848
-0.00671827
0.018665
-0.00649451
0.0215148
-0.00562738
0.0222202
-0.00474607
0.0219211
-0.00398795
0.0215959
-0.00339005
0.0212886
-0.00292286
0.0210748
-0.00241182
0.0205377
-0.00191873
0.0196327
-0.00117071
0.0177793
0.0118166
-0.00090232
-0.0150828
-0.00193946
-0.0140729
-0.00300061
-0.0105972
-0.00405329
-0.00613847
-0.00493902
-0.00142579
-0.00560478
0.00341406
-0.00603232
0.00723994
-0.00658068
0.0109121
-0.0072983
0.0150024
-0.00757639
0.0189431
-0.00700062
0.0209391
-0.00600066
0.0212202
-0.00509958
0.02102
-0.00433471
0.020831
-0.0037121
0.020666
-0.00317106
0.0205338
-0.00265034
0.020017
-0.00202393
0.0190063
-0.00115536
0.0169108
0.0106613
-0.00110328
-0.0139796
-0.0023383
-0.0128379
-0.00356517
-0.00937034
-0.00468681
-0.00501684
-0.0056049
-0.000507692
-0.00630475
0.0041139
-0.00686136
0.00779655
-0.00751747
0.0115682
-0.00808507
0.01557
-0.00804271
0.0189008
-0.00718724
0.0200836
-0.00617684
0.0202099
-0.00530754
0.0201507
-0.00451603
0.0200395
-0.00391018
0.0200602
-0.00338261
0.0200062
-0.00275695
0.0193913
-0.00211093
0.0183603
-0.00118651
0.0159863
0.00947475
-0.00130807
-0.0126715
-0.00266604
-0.01148
-0.00396045
-0.00807592
-0.00516001
-0.00381728
-0.00607794
0.000410241
-0.0068326
0.00486855
-0.00747731
0.00844126
-0.00810952
0.0122004
-0.0085031
0.0159636
-0.008162
0.0185597
-0.00713305
0.0190547
-0.00620271
0.0192795
-0.00534956
0.0192976
-0.00460247
0.0192924
-0.00400722
0.0194649
-0.00340544
0.0194044
-0.00281215
0.0187981
-0.00209718
0.0176453
-0.00111174
0.0150009
0.00836301
-0.00139845
-0.011273
-0.00284836
-0.01003
-0.00419835
-0.00672594
-0.00545642
-0.00255921
-0.00640425
0.00135807
-0.00717295
0.00563725
-0.00788375
0.00915206
-0.00839024
0.0127069
-0.00853085
0.0161042
-0.00793246
0.0179613
-0.00689951
0.0180217
-0.00610911
0.0184891
-0.00529714
0.0184856
-0.00458326
0.0185786
-0.00400238
0.018884
-0.00345516
0.0188572
-0.00280488
0.0181478
-0.002075
0.0169154
-0.00110701
0.0140329
0.007256
-0.00151392
-0.00975911
-0.00297662
-0.00856735
-0.00432979
-0.00537277
-0.0055892
-0.00129979
-0.00660688
0.00237575
-0.007316
0.00634637
-0.00797844
0.0098145
-0.00836901
0.0130975
-0.00833956
0.0160748
-0.00759758
0.0172193
-0.00662886
0.017053
-0.00590338
0.0177636
-0.00511293
0.0176952
-0.00448395
0.0179496
-0.00391801
0.0183181
-0.00330796
0.0182472
-0.00272006
0.0175599
-0.00198118
0.0161765
-0.00102494
0.0130767
0.00623106
-0.00150257
-0.00825654
-0.00299938
-0.00707055
-0.0043465
-0.00402565
-0.00558338
-6.29099e-05
-0.00665219
0.00344455
-0.00736673
0.0070609
-0.00790777
0.0103555
-0.00812125
0.013311
-0.00793049
0.015884
-0.00711278
0.0164016
-0.00628895
0.0162292
-0.00565172
0.0171264
-0.00493799
0.0169814
-0.00429908
0.0173107
-0.00372117
0.0177402
-0.00322335
0.0177493
-0.00260291
0.0169394
-0.00191276
0.0154864
-0.00100926
0.0121732
0.0052218
-0.00155934
-0.0066972
-0.00305556
-0.00557432
-0.00433173
-0.00274948
-0.00549682
0.00110218
-0.00650664
0.00445437
-0.007189
0.00774327
-0.00771986
0.0108864
-0.00784437
0.0134355
-0.00747895
0.0155186
-0.00662759
0.0155502
-0.00584849
0.0154501
-0.00528803
0.0165659
-0.00464638
0.0163398
-0.00408987
0.0167542
-0.0035741
0.0172244
-0.0029757
0.0171509
-0.00246421
0.016428
-0.00179604
0.0148182
-0.000979312
0.0113565
0.00424249
-0.00160544
-0.00509176
-0.0030785
-0.00410127
-0.00433707
-0.00149091
-0.00536303
0.00212814
-0.0063342
0.00542554
-0.00693523
0.00834429
-0.00730245
0.0112536
-0.00739527
0.0135283
-0.00696784
0.0150912
-0.0061858
0.0147682
-0.00547309
0.0147373
-0.00495777
0.0160506
-0.00437674
0.0157588
-0.0037829
0.0161603
-0.00324254
0.0166841
-0.00282424
0.0167326
-0.00225046
0.0158542
-0.00164218
0.0142099
-0.000933403
0.0106477
0.00330908
-0.00169237
-0.00339939
-0.00318432
-0.00260932
-0.00441501
-0.000260213
-0.00530847
0.0030216
-0.00609763
0.0062147
-0.00680224
0.0090489
-0.00706805
0.0115194
-0.0069752
0.0134355
-0.00642845
0.0145444
-0.005693
0.0140327
-0.00506435
0.0141087
-0.00463518
0.0156215
-0.00402206
0.0151456
-0.00350453
0.0156428
-0.00303094
0.0162105
-0.00249237
0.0161941
-0.00202374
0.0153855
-0.00148033
0.0136665
-0.00080239
0.00996975
0.00250669
-0.00179833
-0.00160106
-0.00331346
-0.00109419
-0.0045175
0.000943831
-0.00545494
0.00395903
-0.00603211
0.00679187
-0.00653927
0.00955606
-0.00680499
0.0117852
-0.00667468
0.0133052
-0.00610121
0.0139709
-0.00529307
0.0132246
-0.00463558
0.0134512
-0.00414044
0.0151263
-0.00367098
0.0146762
-0.00316566
0.0151375
-0.00268448
0.0157293
-0.00229471
0.0158043
-0.00176923
0.0148601
-0.00122894
0.0131262
-0.000640181
0.00938099
0.00186651
-0.00188749
0.000286429
-0.00345305
0.000471372
-0.00458099
0.00207177
-0.00553193
0.00490998
-0.00623371
0.00749365
-0.00649669
0.00981905
-0.0065
0.0117885
-0.00616188
0.012967
-0.00549944
0.0133085
-0.0047925
0.0125176
-0.00430134
0.01296
-0.00379015
0.0146151
-0.00327745
0.0141635
-0.00274852
0.0146086
-0.00237066
0.0153514
-0.00182444
0.0152581
-0.00142278
0.0144584
-0.000979669
0.0126831
-0.000438662
0.00883998
0.00142785
-0.00184488
0.00213131
-0.00348643
0.00211292
-0.00463388
0.00321922
-0.00536343
0.00563952
-0.00606341
0.00819363
-0.00640687
0.0101625
-0.00629805
0.0116796
-0.00580061
0.0124696
-0.00492635
0.0124342
-0.00419035
0.0117816
-0.00373031
0.0125
-0.0032864
0.0141712
-0.00300026
0.0138773
-0.00248316
0.0140915
-0.00197206
0.0148403
-0.00153363
0.0148196
-0.00111731
0.0140421
-0.00060793
0.0121737
-0.00016618
0.00839823
0.00126167
-0.00147239
0.0036037
-0.00313939
0.00377993
-0.00452408
0.00460391
-0.00523896
0.0063544
-0.00562883
0.0085835
-0.00579767
0.0103314
-0.005632
0.011514
-0.00515628
0.0119939
-0.00443789
0.0117159
-0.00385666
0.0112004
-0.00328958
0.0119329
-0.00282559
0.0137072
-0.00242936
0.0134811
-0.00198768
0.0136498
-0.00166509
0.0145177
-0.00115377
0.0143083
-0.000754977
0.0136433
-0.000318888
0.0117376
4.6323e-05
0.00803302
0.00130799
-0.000864018
0.00446772
-0.00235219
0.0052681
-0.00390288
0.0061546
-0.00491694
0.00736846
-0.00526494
0.0089315
-0.00522606
0.0102925
-0.0048183
0.0111062
-0.00416665
0.0113422
-0.00361736
0.0111666
-0.0033226
0.0109057
-0.00304207
0.0116524
-0.00252822
0.0131934
-0.00211357
0.0130665
-0.00160941
0.0131456
-0.00108827
0.0139966
-0.000731757
0.0139518
-0.000309084
0.0132206
1.40272e-06
0.0114272
0.000243219
0.0077912
0.00155121
-0.000326116
0.00479383
-0.00151099
0.00645298
-0.00290449
0.0075481
-0.00402369
0.00848766
-0.0045321
0.0094399
-0.00456152
0.0103219
-0.00422528
0.01077
-0.00356423
0.0106812
-0.00298166
0.010584
-0.00261476
0.0105388
-0.00244933
0.011487
-0.00218061
0.0129247
-0.00178172
0.0126676
-0.00139048
0.0127544
-0.000944914
0.013551
-0.000449177
0.0134561
-7.17509e-05
0.0128432
0.000262733
0.0110927
0.000401229
0.0076527
0.00195244
-0.000128056
0.00492189
-0.00107489
0.00739981
-0.00215464
0.00862784
-0.00303127
0.00936429
-0.0034563
0.00986493
-0.00354525
0.0104109
-0.0033496
0.0105743
-0.00309273
0.0104243
-0.00273245
0.0102237
-0.00242635
0.0102327
-0.00204191
0.0111025
-0.00152249
0.0124052
-0.00122671
0.0123718
-0.000980934
0.0125086
-0.000490164
0.0130603
-9.35757e-05
0.0130595
0.000326051
0.0124236
0.000591992
0.0108267
0.000514372
0.00773032
0.00246681
-0.000335527
0.00525741
-0.00120923
0.00827352
-0.00203136
0.00944997
-0.00257081
0.00990374
-0.00275932
0.0100534
-0.00266936
0.0103209
-0.00241993
0.0103249
-0.00240771
0.0104121
-0.00231353
0.0101295
-0.00235023
0.0102694
-0.00209352
0.0108458
-0.00144319
0.0117549
-0.000839189
0.0117678
-0.000414791
0.0120842
-0.00010186
0.0127473
0.000198835
0.0127588
0.000500657
0.0121217
0.00079246
0.0105349
0.000617297
0.00790549
0.00308411
-0.000882734
0.00614015
-0.00184181
0.00923259
-0.00252839
0.0101366
-0.00274898
0.0101243
-0.00269511
0.00999957
-0.00244187
0.0100677
-0.00199791
0.00988093
-0.00183323
0.0102474
-0.0017125
0.0100088
-0.00182088
0.0103777
-0.00177583
0.0108008
-0.00140022
0.0113793
-0.00102615
0.0113937
-0.000422779
0.0114808
0.000237672
0.0120869
0.000712773
0.0122837
0.000980542
0.011854
0.000846037
0.0106694
0.000570276
0.00818125
0.00365439
-0.00168875
0.0078289
-0.0027673
0.0103111
-0.00338495
0.0107542
-0.00340232
0.0101417
-0.00320418
0.00980144
-0.00282495
0.00968844
-0.00232094
0.00937693
-0.00184191
0.00976839
-0.00144867
0.00961555
-0.00120304
0.0101321
-0.000972595
0.0105703
-0.000740565
0.0111473
-0.000570132
0.0112233
-0.000293615
0.0112043
0.000124124
0.0116691
0.000571079
0.0118367
0.00092535
0.0114997
0.00130687
0.0102879
0.00100604
0.00848207
0.00466043
-0.00228668
0.0101156
-0.00345451
0.011479
-0.00397499
0.0112747
-0.00390935
0.010076
-0.0037465
0.00963858
-0.00345453
0.00939647
-0.00305758
0.00897997
-0.00244386
0.00915468
-0.00188148
0.00905318
-0.00125669
0.00950732
-0.000575826
0.00988946
-2.07953e-05
0.0105922
0.000296618
0.0109059
0.000432181
0.0110688
0.000481933
0.0116194
0.000732826
0.0115858
0.000938652
0.0112939
0.000757066
0.0104695
0.000359367
0.00887977
0.0050198
-0.00182582
0.0119414
-0.00292053
0.0125737
-0.00327671
0.0116309
-0.00333198
0.0101313
-0.00340639
0.009713
-0.00336327
0.00935335
-0.0032511
0.0088678
-0.00288771
0.00879129
-0.00244224
0.0086077
-0.0017657
0.00883078
-0.00102987
0.00915363
-0.000171684
0.00973404
0.000666602
0.0100676
0.00123
0.0105054
0.00126631
0.0115831
0.00128975
0.0115624
0.00147891
0.0111047
0.00175335
0.0101951
0.00109341
0.00953972
0.00611321
-0.000274777
0.0122162
-0.000959864
0.0132588
-0.00115119
0.0118222
-0.00156056
0.0105407
-0.00188799
0.0100404
-0.00200622
0.00947158
-0.00207319
0.00893476
-0.00198773
0.00870583
-0.00187907
0.00849905
-0.0016701
0.00862181
-0.00126261
0.00874614
-0.000681283
0.00915272
9.50508e-06
0.0093768
0.000799213
0.00971566
0.00148109
0.0109012
0.00164712
0.0113964
0.00112764
0.0116242
0.000512333
0.0108104
0.000246525
0.00980552
0.00635973
0.00118398
0.0110322
0.00104869
0.0133941
0.000878406
0.0119925
0.000257699
0.0111614
7.29811e-05
0.0102252
0.000178264
0.0093663
0.000330418
0.00878261
0.00044151
0.00859474
0.000394944
0.00854561
0.00025169
0.00876506
-3.26993e-05
0.00903052
-0.000216309
0.00933632
-0.000199459
0.00935995
0.000145857
0.00937034
0.000832954
0.0102141
0.00146184
0.0107675
0.00202624
0.0110598
0.00216519
0.0106714
0.00124905
0.0107217
0.00760878
0.00126019
0.009772
0.00135988
0.0132944
0.00124933
0.012103
0.00139419
0.0110165
0.00197529
0.00964406
0.0026789
0.00866268
0.00331505
0.00814646
0.00374508
0.00816472
0.00382549
0.0084652
0.00358316
0.00900739
0.002998
0.00961569
0.00222298
0.0101113
0.00120789
0.010375
0.000421037
0.0101572
0.000451111
0.010184
0.000892157
0.0103264
0.00103765
0.0109143
0.000830695
0.0108784
0.000523218
0.0110291
0.008132
0.000147059
0.00962495
0.000287449
0.013154
0.000869381
0.0115211
0.00238495
0.00950096
0.00398451
0.0080445
0.00538964
0.00725756
0.00644319
0.00709291
0.00716793
0.00743997
0.00743535
0.00819777
0.00727057
0.00917217
0.00666968
0.0102166
0.00564616
0.0111349
0.00432271
0.0116985
0.00267432
0.0118056
0.00133291
0.0115254
0.000589058
0.0110703
0.000628136
0.0108752
0.000973149
0.0105334
0.000539656
0.0114626
0.00867165
-0.0008872
0.0105121
-0.00036141
0.0126282
0.00147372
0.00968596
0.0040745
0.00690018
0.00625097
0.00586803
0.00798489
0.00552364
0.0092311
0.0058467
0.00996539
0.00670568
0.0102897
0.00787351
0.0101948
0.00926705
0.00975842
0.0106529
0.00889567
0.0119976
0.00752102
0.0130731
0.00571226
0.0136143
0.0037244
0.0135133
0.00220091
0.0125938
0.00157053
0.0115056
0.00112458
0.0109793
0.000775518
0.0118117
0.00944717
-0.0011821
0.0116942
0.000470412
0.0109757
0.00338353
0.00677284
0.00613176
0.00415196
0.00834644
0.00365334
0.009936
0.00393408
0.0110134
0.00476931
0.0116879
0.00603113
0.0119566
0.00760482
0.0119414
0.00928226
0.0115862
0.0110081
0.0109583
0.0126256
0.00997628
0.0140552
0.00846719
0.0151234
0.00640907
0.0155714
0.00394289
0.01506
0.00142731
0.0140212
0.00016292
0.0122437
4.76676e-05
0.0119269
0.00949484
-0.00035987
0.0120541
0.00230563
0.00831019
0.00545691
0.00362156
0.00786453
0.00174434
0.00960262
0.00191525
0.010903
0.00263374
0.0117845
0.00388777
0.0123511
0.00546452
0.0126592
0.00729669
0.0127239
0.00921756
0.0125346
0.0111975
0.0120541
0.0131061
0.0112252
0.0148841
0.0100674
0.0162812
0.00828347
0.0173554
0.00607492
0.0172685
0.00418528
0.0159108
0.00277064
0.0136583
0.0016439
0.0130537
0.0111387
0.00129891
0.0107552
0.00433016
0.00527894
0.00695232
0.000999397
0.00873707
-4.04173e-05
0.0100758
0.00057656
0.0111192
0.00159033
0.0119641
0.00304288
0.0125666
0.00486196
0.0129263
0.00693699
0.0130747
0.00906923
0.0129262
0.0113459
0.01256
0.0134723
0.0118666
0.0155775
0.0109488
0.017199
0.00974544
0.0185587
0.00792686
0.0190871
0.00538633
0.0184514
0.00281937
0.0162253
0.00116559
0.0147075
0.0123043
0.00261867
0.00813653
0.00550054
0.00239708
0.00755126
-0.00105133
0.00891039
-0.00139954
0.0100047
-0.000517761
0.0110245
0.000570564
0.0118696
0.00219778
0.0125461
0.00418539
0.0130423
0.0064408
0.0132518
0.00885979
0.0131762
0.0114215
0.012788
0.0138604
0.0121463
0.0162192
0.0112385
0.0181067
0.010046
0.0197513
0.00826828
0.0208648
0.00586728
0.0208524
0.00336327
0.0187293
0.00164098
0.0164297
0.0139453
0.0031133
0.00502323
0.00575954
-0.000249158
0.00743346
-0.00272525
0.00865311
-0.00261918
0.00969349
-0.00155814
0.0106874
-0.000423319
0.0116093
0.00127589
0.0123102
0.00348443
0.0128002
0.0059508
0.0130966
0.00856343
0.0131183
0.0113998
0.0128421
0.0141366
0.0122111
0.0168503
0.011252
0.0190658
0.0102632
0.02074
0.00901285
0.0221152
0.00726717
0.022598
0.00523452
0.020762
0.00253434
0.0191299
0.0164797
0.00303538
0.00198785
0.00548684
-0.00270062
0.00697785
-0.00421626
0.00814382
-0.00378516
0.00917532
-0.00258964
0.0102008
-0.00144878
0.0110083
0.00046841
0.0117276
0.00276514
0.0121755
0.00550287
0.0125116
0.0082273
0.0126761
0.0112352
0.0124996
0.0143131
0.0120347
0.0173152
0.0111736
0.0199268
0.0100403
0.0218734
0.00877737
0.0233781
0.00674595
0.0246295
0.00382429
0.0236836
0.00176284
0.0211914
0.0182425
0.00278426
-0.000796406
0.00502873
-0.0049451
0.00638645
-0.00557398
0.00751918
-0.00491789
0.00849768
-0.00356813
0.00948185
-0.00243295
0.0102264
-0.000276166
0.0107299
0.00226163
0.0111918
0.00504105
0.0114982
0.00792086
0.011717
0.0110165
0.011815
0.0142151
0.011475
0.0176552
0.0107442
0.0206576
0.00964891
0.0229687
0.00828939
0.0247376
0.00676385
0.026155
0.00517497
0.0252725
0.00249945
0.0238669
0.0207419
0.00255364
-0.00335004
0.00452389
-0.00691535
0.00578088
-0.00683096
0.00686269
-0.0059997
0.00777734
-0.00448279
0.00862226
-0.00327787
0.00928571
-0.000939615
0.00976503
0.00178231
0.0101169
0.00468914
0.0104213
0.00761652
0.0106832
0.0107546
0.0107974
0.0141009
0.010698
0.0177546
0.0100921
0.0212636
0.00917771
0.023883
0.0082476
0.0256677
0.00672544
0.0276771
0.00435817
0.0276398
0.00229877
0.0259263
0.0230407
0.00230673
-0.00565677
0.00402233
-0.00863096
0.00517661
-0.00798524
0.00617067
-0.00699377
0.00704087
-0.00535299
0.00782604
-0.00406304
0.00828625
-0.00139983
0.00879076
0.0012778
0.00915686
0.00432304
0.00939764
0.00737575
0.00963696
0.0105153
0.00981082
0.013927
0.00983016
0.0177353
0.00944906
0.0216447
0.00849025
0.0248418
0.00718858
0.0269694
0.00588129
0.0289844
0.00425218
0.0292689
0.00184808
0.0283304
0.0248888
0.00202627
-0.00768305
0.0034954
-0.0101001
0.00458781
-0.00907765
0.00550637
-0.00791232
0.00627856
-0.00612518
0.00698611
-0.00477058
0.00751211
-0.00192583
0.00797326
0.00081665
0.00839545
0.00390085
0.00866196
0.00710924
0.00875567
0.0104216
0.00884151
0.0138412
0.0087879
0.0177889
0.0084424
0.0219902
0.00781858
0.0254657
0.00692007
0.0278679
0.0056181
0.0302864
0.00400721
0.0308798
0.00261254
0.0297251
0.0275013
0.0017076
-0.00939064
0.00296374
-0.0113562
0.00395963
-0.0100735
0.00481276
-0.00876545
0.00560229
-0.00691471
0.0061798
-0.0053481
0.00666566
-0.00241168
0.00725673
0.000225575
0.00763579
0.00352179
0.00787723
0.0068678
0.00799643
0.0103024
0.00804685
0.0137908
0.00807106
0.0177647
0.00784034
0.0222209
0.00708028
0.0262257
0.00617843
0.0287697
0.00510697
0.0313579
0.00341094
0.0325758
0.000958838
0.0321772
0.0284602
0.00139335
-0.010784
0.00244756
-0.0124104
0.00332246
-0.0109484
0.0040597
-0.00950269
0.00482365
-0.00767866
0.00541126
-0.00593571
0.00590077
-0.00290119
0.00647911
-0.000352766
0.00691482
0.00308608
0.00712758
0.00665504
0.00724257
0.0101874
0.00718492
0.0138484
0.00698129
0.0179683
0.00674597
0.0224562
0.00630067
0.026671
0.00538996
0.0296804
0.00427583
0.032472
0.00331261
0.033539
0.00255628
0.0329335
0.0310164
0.00109321
-0.0118772
0.00195243
-0.0132697
0.00271868
-0.0117147
0.0033721
-0.0101561
0.00401215
-0.0083187
0.00455336
-0.00647692
0.0051951
-0.00354293
0.00570971
-0.000867378
0.0060243
0.00277149
0.00629513
0.00638421
0.00638492
0.0100976
0.00639468
0.0138386
0.00639287
0.0179701
0.00611592
0.0227332
0.00563297
0.027154
0.0051061
0.0302073
0.00429351
0.0332846
0.00275754
0.035075
0.000440386
0.0352507
0.0314568
0.000848067
-0.0127253
0.00151273
-0.0139343
0.00210878
-0.0123107
0.00268446
-0.0107318
0.00332766
-0.00896191
0.00374744
-0.00689669
0.00432111
-0.0041166
0.00480132
-0.00134759
0.00510462
0.0024682
0.00534816
0.00614067
0.00552035
0.00992539
0.00549912
0.0138599
0.00529253
0.0181767
0.00523554
0.0227902
0.0049471
0.0274424
0.00418728
0.0309671
0.00336444
0.0341074
0.0026831
0.0357563
0.00235883
0.0355749
0.0338157
0.000641623
-0.0133669
0.0011519
-0.0144446
0.00162412
-0.012783
0.00203125
-0.0111389
0.0024839
-0.00941457
0.00295686
-0.00736965
0.00353399
-0.00469373
0.0038533
-0.0016669
0.00414263
0.00217887
0.00440303
0.00588026
0.00451172
0.00981671
0.00466331
0.0137083
0.00470129
0.0181387
0.00447224
0.0230192
0.00426056
0.0276541
0.00402391
0.0312038
0.0032637
0.0348676
0.00199838
0.0370216
-9.72948e-06
0.0375831
0.0338059
0.000472816
-0.0138397
0.000824127
-0.0147959
0.0011923
-0.0131511
0.00154745
-0.0114941
0.00181223
-0.00967935
0.00209342
-0.00765085
0.00254452
-0.00514482
0.00279169
-0.00191407
0.00308782
0.00188273
0.0034088
0.00555929
0.00373751
0.009488
0.00376824
0.0136776
0.00377157
0.0181354
0.00391401
0.0228768
0.00378316
0.0277849
0.00337206
0.0316149
0.00297287
0.0352668
0.00244562
0.0375489
0.00218648
0.0378422
0.0359924
0.000347984
-0.0141877
0.00057283
-0.0150207
0.000779353
-0.0133577
0.00093929
-0.011654
0.0011286
-0.00986866
0.00133728
-0.00785953
0.00163282
-0.00544035
0.00183
-0.00211125
0.0021935
0.00151923
0.0024927
0.00526009
0.00267423
0.00930647
0.00297675
0.013375
0.00318664
0.0179255
0.00317689
0.0228865
0.00339981
0.027562
0.0034368
0.0315779
0.00287915
0.0358245
0.00185209
0.0385759
-9.21981e-05
0.0397865
0.0359002
0.000210124
-0.0143978
0.000324538
-0.0151352
0.000456606
-0.0134897
0.000430422
-0.0116278
0.000352024
-0.00979026
0.000424645
-0.00793215
0.000593764
-0.00560947
0.00079129
-0.00230877
0.00118162
0.0011289
0.0015526
0.00488911
0.00196045
0.00889862
0.00220003
0.0131355
0.00239341
0.0177321
0.00278344
0.0224965
0.00292004
0.0274254
0.00297824
0.0315197
0.00308288
0.0357198
0.00272491
0.0389339
0.00251686
0.0399945
0.0384171
9.79197e-05
-0.0144957
2.98209e-05
-0.0150671
-2.17611e-05
-0.0134381
-8.98162e-05
-0.0115598
-0.000278994
-0.00960108
-0.000383518
-0.00782763
-0.000303201
-0.00568979
-0.000184362
-0.00242761
0.000207565
0.000736972
0.000601404
0.00449527
0.000939655
0.00856037
0.00144477
0.0126303
0.00189761
0.0172793
0.00237446
0.0220196
0.00303666
0.0267632
0.00339741
0.0311589
0.00328617
0.0358311
0.00274855
0.0394715
0.0003988
0.0423443
0.0388159
-4.13863e-05
-0.0144544
-0.000252875
-0.0148556
-0.000519273
-0.0131718
-0.000854613
-0.0112244
-0.00117141
-0.00928428
-0.00136184
-0.00763719
-0.0014265
-0.00562514
-0.00137278
-0.00248133
-0.000924261
0.000288455
-0.000560512
0.00413152
8.4431e-05
0.00791542
0.00059273
0.012122
0.0012013
0.0166707
0.00188638
0.0213346
0.00252529
0.0261243
0.00330642
0.0303778
0.00394887
0.0351886
0.0042922
0.0391282
0.00430595
0.0423305
0.0431218
-0.000190438
-0.0142639
-0.000615528
-0.0144305
-0.00101749
-0.0127698
-0.00150044
-0.0107415
-0.00199805
-0.00878668
-0.00231215
-0.00732309
-0.00253881
-0.00539847
-0.00244401
-0.00257614
-0.00210223
-5.33238e-05
-0.00156685
0.00359614
-0.000887798
0.00723638
-0.000172646
0.0114069
0.000708859
0.0157892
0.00175229
0.0202911
0.00296128
0.0249153
0.00383489
0.0295042
0.00455042
0.0344731
0.00514531
0.0385333
0.00408818
0.0433876
0.04721
-0.000355197
-0.0139087
-0.00102329
-0.0137624
-0.00174238
-0.0120507
-0.00239905
-0.0100848
-0.00298662
-0.00819911
-0.00342051
-0.0068892
-0.00370602
-0.00511296
-0.00365955
-0.0026226
-0.00334076
-0.000372112
-0.00278188
0.00303725
-0.00197974
0.00643424
-0.00100748
0.0104346
0.00013907
0.0146427
0.00123201
0.0191982
0.00260992
0.0235374
0.00436589
0.0277482
0.00586863
0.0329703
0.00699554
0.0374064
0.00875481
0.0416284
0.0446863
0.0112785
-0.000621421
-0.0132873
-0.00147542
-0.0129084
-0.00235557
-0.0111705
-0.00321341
-0.00922696
-0.00389837
-0.00751415
-0.00439521
-0.00639236
-0.00468668
-0.00482149
-0.00465017
-0.00265911
-0.00436291
-0.000659376
-0.00359981
0.00227416
-0.00292011
0.00575453
-0.00202784
0.00954236
-0.000651839
0.0132667
0.00120453
0.0173418
0.0028085
0.0219334
0.00481945
0.0257373
0.0068579
0.0309319
0.00964092
0.0346234
0.0152422
0.0360271
0.0459617
0.0139669
-0.00083361
-0.0124537
-0.00193757
-0.0118044
-0.00302037
-0.0100877
-0.00404725
-0.00820008
-0.00491684
-0.00664456
-0.00555213
-0.00575707
-0.00589935
-0.00447427
-0.0059781
-0.00258036
-0.00583926
-0.000798215
-0.00507853
0.00151343
-0.00422942
0.00490542
-0.00270748
0.00802042
-0.00138519
0.0119444
0.000235179
0.0157214
0.0027356
0.019433
0.00543039
0.0230425
0.00882022
0.0275421
0.011204
0.0322396
0.018553
0.028678
0.0452559
0.0192587
-0.00109652
-0.0113572
-0.0024302
-0.0104708
-0.00375909
-0.00875884
-0.0049468
-0.00701237
-0.00588829
-0.00570307
-0.00664204
-0.00500332
-0.00709625
-0.00402006
-0.00702688
-0.00264974
-0.00657967
-0.00124543
-0.00586105
0.000794818
-0.00519061
0.00423498
-0.00409533
0.00692515
-0.00218232
0.0100314
0.00021791
0.0133212
0.00229797
0.017353
0.00468905
0.0206514
0.0097549
0.0224762
0.0117494
0.0302451
0.0208709
0.0195566
0.0413644
0.0247625
-0.00135078
-0.0100064
-0.00294957
-0.00887197
-0.00447591
-0.0072325
-0.00593093
-0.00555735
-0.00710359
-0.0045304
-0.00775571
-0.0043512
-0.00807503
-0.00370074
-0.00784773
-0.00287703
-0.0073097
-0.00178346
-0.0067936
0.000278727
-0.00584883
0.0032902
-0.0047136
0.00578992
-0.00336334
0.00868111
-0.00127138
0.0112292
0.00250323
0.0135784
0.00457837
0.0185763
0.0102383
0.0168163
0.0112361
0.0292473
0.0192572
0.0115355
0.0317378
0.0288838
-0.00149676
-0.00850963
-0.00333623
-0.0070325
-0.00515401
-0.00541471
-0.00680915
-0.00390222
-0.00848879
-0.00285076
-0.00958734
-0.00325265
-0.00931108
-0.003977
-0.00803851
-0.0041496
-0.00681685
-0.00300513
-0.00625399
-0.000284129
-0.00663308
0.00366929
-0.00671689
0.00587373
-0.00386387
0.00582809
-0.00279124
0.0101566
0.000484899
0.0103022
0.00367922
0.0153819
0.0105407
0.00995479
0.0117888
0.0279992
0.0153489
0.00797536
0.0197844
0.0273024
-0.00170213
-0.0068075
-0.00347189
-0.00526274
-0.00540133
-0.00348528
-0.00701526
-0.00228829
-0.00812722
-0.00173879
-0.00880885
-0.00257102
-0.00845377
-0.00433209
-0.00724023
-0.00536313
-0.00635815
-0.00388721
-0.00681789
0.000175617
-0.0078539
0.0047053
-0.00730779
0.00532762
-0.00473787
0.00325816
-0.0029447
0.00836345
0.00059887
0.00675866
0.00234628
0.0136345
0.0092336
0.00306747
0.0137028
0.02353
0.013353
0.00832513
0.0109283
0.0222091
-0.00218717
-0.00462034
-0.00396483
-0.00348507
-0.00558005
-0.00187006
-0.0069795
-0.000888847
-0.0077507
-0.000967598
-0.00812497
-0.00219674
-0.00866366
-0.0037934
-0.00943755
-0.00458925
-0.00993702
-0.00338774
-0.010603
0.00084161
-0.0103041
0.00440637
-0.00837543
0.00339897
-0.00632865
0.00121138
-0.00402097
0.00605577
0.00028098
0.00245671
0.00165357
0.0122619
0.00472716
-6.11047e-06
0.0126548
0.0156024
0.0137038
0.00727619
0.00608314
0.0185489
-0.00210001
-0.00252033
-0.0038584
-0.00172668
-0.00447876
-0.0012497
-0.00491298
-0.000454619
-0.00545519
-0.000425387
-0.00672042
-0.000931511
-0.00901343
-0.00150039
-0.0117272
-0.0018755
-0.0134604
-0.00165448
-0.0132047
0.000585919
-0.0116216
0.00282319
-0.00904775
0.00082515
-0.00635308
-0.00148329
-0.00444142
0.00414412
-0.00295222
0.000967507
0.00193232
0.00737739
0.00219148
-0.000265276
0.0105824
0.00721144
0.013978
0.00388063
0.0028302
0.0172309
-0.00252033
-0.00424701
-0.00549672
-0.00595134
-0.00637672
-0.00730823
-0.00880863
-0.0106841
-0.0123386
-0.0117527
-0.0089295
-0.00810435
-0.00958764
-0.00544352
-0.00447602
0.00290138
0.0026361
0.00984754
0.0137282
0.0165584
-0.00646462
0.0177431
-0.00464048
-0.00182414
-0.00578954
0.00114907
-0.00949361
0.00370406
-0.0112782
0.00178458
-0.0128092
0.00153106
-0.0146138
0.00180457
-0.0161331
0.00151929
-0.015318
-0.000815136
-0.0155101
0.000192112
-0.0149263
-0.000583768
-0.0144284
-0.000497957
-0.0145147
8.63178e-05
-0.0141744
-0.000340255
-0.0141056
-6.88157e-05
-0.0140696
-3.59617e-05
-0.0140635
-6.1255e-06
-0.0143045
0.000240939
-0.014518
0.000213527
-0.0147398
0.000221858
-0.0149181
0.000178217
-0.0150563
0.00013826
-0.0149963
-6.00166e-05
-0.0149622
-3.41081e-05
-0.0148386
-0.000123627
-0.0146446
-0.000193925
-0.0143297
-0.000314929
-0.0139751
-0.000354609
-0.0134536
-0.000521479
-0.0127199
-0.000733741
-0.0117925
-0.000927375
-0.0107107
-0.00108183
-0.00952692
-0.00118376
-0.00803438
-0.00149253
-0.0062681
-0.00176628
-0.00464906
-0.00161904
-0.00271325
-0.00193581
-0.000874037
-0.00183921
0.00101229
-0.00188633
0.00279255
-0.00178026
0.00440534
-0.00161279
0.00581425
-0.00140891
0.00698466
-0.0011704
0.00789658
-0.000911921
0.0085485
-0.000651923
0.00887021
-0.000321715
0.00893583
-6.56126e-05
0.00894941
-1.35817e-05
0.00899959
-5.01777e-05
0.00904908
-4.94916e-05
0.00891873
0.000130346
0.00853981
0.000378927
0.00786754
0.000672265
0.00705131
0.000816227
0.00626832
0.000782995
0.0056416
0.000626714
0.00523803
0.000403579
0.00511074
0.000127287
0.00519559
-8.48484e-05
0.00529447
-9.88829e-05
0.00522654
6.79297e-05
0.00486701
0.000359531
0.00422893
0.000638081
0.00349334
0.000735585
0.00272806
0.000765278
0.00212828
0.000599783
0.00176911
0.000359166
0.0017542
1.49126e-05
0.00192904
-0.000174843
0.00231572
-0.000386678
0.00275731
-0.000441588
0.00328294
-0.000525625
0.00382291
-0.000539978
0.00437037
-0.00054746
0.00480663
-0.000436255
0.00513274
-0.000326111
0.00530305
-0.000170305
0.00530565
-2.60139e-06
0.0051298
0.000175847
0.000342138
0.00696545
0.0247445
-0.000521636
0.00566294
-0.00370643
0.00433386
-0.00669532
0.00669295
-0.00873582
0.00382508
-0.0108918
0.00368702
-0.0116024
0.00251516
-0.0118298
0.00174672
-0.0122298
-0.00041513
-0.0113399
-0.000697773
-0.0108133
-0.00111043
-0.0104288
-0.000882391
-0.00948525
-0.000857271
-0.00890095
-0.000924553
-0.00822703
-0.000742733
-0.00784917
-0.000413816
-0.00762295
-0.00023235
-0.00738533
3.32086e-06
-0.00725054
7.87384e-05
-0.00716656
0.000137871
-0.00707076
8.24159e-05
-0.00690779
-2.47071e-05
-0.00677576
-0.00019205
-0.00656201
-0.000247858
-0.00631227
-0.000373362
-0.00600601
-0.000500183
-0.00565583
-0.000665117
-0.00515846
-0.000851972
-0.00456553
-0.00111441
-0.00392168
-0.0013776
-0.003132
-0.00171705
-0.00210668
-0.00210715
-0.000893006
-0.00239743
0.000460887
-0.00284643
0.00181762
-0.00312301
0.00351595
-0.00331737
0.00507923
-0.0034991
0.00678205
-0.00354204
0.00837073
-0.003475
0.00990182
-0.00331136
0.0113358
-0.00304675
0.0126296
-0.00270268
0.0137284
-0.00226926
0.0146513
-0.00183477
0.0153787
-0.00137935
0.0159928
-0.000935785
0.0164646
-0.000537451
0.0166838
-0.000232763
0.0165842
4.94445e-05
0.0162247
0.000309984
0.0157498
0.000605235
0.0152675
0.000861236
0.0148624
0.00107735
0.0145086
0.00117002
0.0140479
0.00124367
0.0134707
0.00120398
0.0128249
0.0010493
0.0123295
0.00062271
0.0120001
0.000244555
0.0119144
-1.31808e-05
0.0118965
8.57977e-05
0.0118255
0.000430576
0.0115695
0.000894091
0.0112178
0.00108724
0.0107631
0.00121998
0.0104607
0.000902262
0.0103063
0.000513544
0.0103193
1.93422e-06
0.0105408
-0.000396366
0.0109621
-0.000807956
0.0114312
-0.000910767
0.0118714
-0.000965814
0.012261
-0.000929571
0.0125797
-0.000866113
0.0128672
-0.00072374
0.0130288
-0.000487733
0.013177
-0.000318497
0.0132076
-3.32828e-05
0.013246
0.000137496
0.000477813
0.0126464
0.0313568
0.00297817
0.0153312
-0.00123647
0.0085485
-0.00251507
0.00797156
-0.00428695
0.00559696
-0.00507451
0.00447458
-0.00542752
0.00286817
-0.00511141
0.00143061
-0.0051797
-0.000346847
-0.00500221
-0.000875255
-0.00436482
-0.00174781
-0.00334229
-0.00190492
-0.00172412
-0.00247545
-0.000133629
-0.00251504
0.0015226
-0.00239896
0.00299139
-0.0018826
0.0042047
-0.00144566
0.00519305
-0.000985028
0.0058448
-0.000573013
0.00620609
-0.000223416
0.00632796
-3.94585e-05
0.0063498
-4.65458e-05
0.00632835
-0.000170596
0.00640319
-0.000322697
0.00647423
-0.000444409
0.00665342
-0.000679367
0.00689337
-0.000905069
0.00721728
-0.00117588
0.00760288
-0.00150001
0.00811902
-0.00189373
0.0087188
-0.00231683
0.00945969
-0.00284805
0.0103638
-0.0033015
0.0112948
-0.00377748
0.0123212
-0.00414944
0.013493
-0.0044891
0.0145988
-0.00460497
0.0157196
-0.00466279
0.0167926
-0.004548
0.0177847
-0.00430344
0.0186679
-0.00393002
0.019479
-0.00351377
0.0201356
-0.00292579
0.0207139
-0.00241314
0.0211381
-0.00180349
0.0214766
-0.00127431
0.0216931
-0.000753965
0.021805
-0.000344641
0.0217942
6.02701e-05
0.0217425
0.0003617
0.0216325
0.000715152
0.021517
0.000976767
0.0213604
0.00123391
0.0211752
0.00135526
0.0209956
0.00142323
0.0208315
0.00136816
0.0206359
0.00124489
0.0203924
0.00086618
0.0199225
0.000714493
0.019379
0.000530266
0.018877
0.000587818
0.0186299
0.000677704
0.0186677
0.000856222
0.0188751
0.000879884
0.0191011
0.000993976
0.0194026
0.000600757
0.0197108
0.000205347
0.0199975
-0.000284762
0.0204262
-0.00082506
0.020861
-0.00124279
0.0212718
-0.00132156
0.0215254
-0.00121937
0.0217774
-0.00118155
0.0219166
-0.00100538
0.0220339
-0.000841016
0.0220202
-0.000474014
0.0219667
-0.000265042
0.0218083
0.000125113
0.0215917
0.000354094
0.000723757
0.021413
0.0347063
0.0140429
0.0227013
0.00774999
0.0148414
0.00551284
0.0102087
0.00478847
0.00632133
0.00542136
0.00384169
0.00641231
0.00187721
0.00738049
0.000462435
0.00778381
-0.000750171
0.00854767
-0.00163911
0.00926936
-0.00246951
0.0102163
-0.00285183
0.011123
-0.00338218
0.0121711
-0.00356311
0.013214
-0.00344186
0.0143805
-0.00304917
0.0155229
-0.00258801
0.0165715
-0.00203368
0.0173876
-0.00138908
0.0179624
-0.000798199
0.018236
-0.000313052
0.018243
-5.35416e-05
0.0180308
4.15956e-05
0.0177771
-6.90569e-05
0.0175575
-0.000224731
0.0174885
-0.000610414
0.0175321
-0.00094861
0.0177393
-0.00138315
0.0180452
-0.00180587
0.0184527
-0.0023012
0.018958
-0.00282221
0.0194953
-0.00338527
0.0201044
-0.00391064
0.0207366
-0.00440972
0.0213345
-0.00474733
0.0219249
-0.00507949
0.0224966
-0.00517666
0.0230398
-0.00520599
0.02354
-0.00504819
0.0240132
-0.00477665
0.024437
-0.00435381
0.0247961
-0.00387282
0.0251045
-0.00323422
0.02533
-0.00263861
0.0254926
-0.00196611
0.0255781
-0.00135982
0.0256038
-0.000779673
0.025581
-0.000321872
0.0254847
0.000156595
0.0253934
0.000452994
0.0252685
0.000840048
0.0251987
0.00104663
0.0251269
0.00130568
0.0250888
0.0013933
0.0250603
0.00145181
0.0250566
0.00137182
0.0249553
0.00134621
0.0248232
0.000998266
0.0245644
0.000973279
0.0244064
0.000688313
0.0242702
0.000723961
0.0241731
0.000774845
0.0242763
0.000752985
0.0244138
0.000742399
0.0247408
0.000666976
0.0251891
0.000152476
0.025698
-0.000303564
0.0262135
-0.00080028
0.026858
-0.00146959
0.0273529
-0.00173764
0.0277572
-0.0017259
0.0280767
-0.00153886
0.0283632
-0.00146807
0.0284632
-0.00110539
0.0284904
-0.000868168
0.0284882
-0.000471822
0.0284753
-0.000252114
0.0282978
0.000302547
0.0281078
0.000544142
0.000963935
0.0307077
0.0328823
0.0272393
0.0261698
0.0233039
0.0187767
0.0206004
0.0129123
0.0189159
0.00800582
0.0185328
0.00422479
0.0188387
0.00157135
0.0193782
-7.70733e-05
0.0199575
-0.00132949
0.0204449
-0.00212652
0.020731
-0.00275561
0.0211905
-0.0033113
0.0215846
-0.00377634
0.0221093
-0.00408782
0.0227803
-0.00411288
0.023627
-0.00389579
0.0245188
-0.00347989
0.0253804
-0.00289529
0.0261587
-0.00216734
0.0268042
-0.00144368
0.0273181
-0.000826945
0.027715
-0.000450488
0.0279405
-0.000183918
0.0280706
-0.000199091
0.0281345
-0.000288666
0.0281326
-0.000608498
0.0281022
-0.000918246
0.0280812
-0.00136213
0.0280802
-0.00180487
0.0281019
-0.00232289
0.0281305
-0.00285083
0.0281375
-0.00339224
0.0281456
-0.00391881
0.0280938
-0.00435786
0.0280284
-0.00468199
0.0278926
-0.00494364
0.0277525
-0.00503656
0.027616
-0.00506945
0.0274843
-0.00491656
0.0274083
-0.00470064
0.0273797
-0.00432517
0.0273432
-0.00383635
0.0273534
-0.0032444
0.0273075
-0.0025927
0.0272403
-0.00189898
0.0271799
-0.00129933
0.0270543
-0.000654121
0.0269344
-0.000201974
0.0268046
0.000286433
0.02669
0.000567569
0.0266039
0.00092617
0.0265741
0.00107638
0.0265804
0.00129942
0.0266439
0.00132978
0.0266895
0.00140625
0.0267428
0.00131851
0.0267916
0.00129736
0.0267713
0.00101857
0.0267682
0.000976396
0.0267499
0.000706605
0.0267188
0.00075506
0.026841
0.000652622
0.02707
0.000524038
0.0273407
0.000471694
0.0278321
0.000175548
0.0283619
-0.000377291
0.0287982
-0.000739853
0.029486
-0.00148812
0.0301902
-0.00217377
0.0306062
-0.00215365
0.0309262
-0.00204591
0.0312624
-0.00187502
0.0314991
-0.0017048
0.031587
-0.00119335
0.0315558
-0.000836871
0.0314996
-0.000415644
0.0315209
-0.00027344
0.0314327
0.000390794
0.0312804
0.000696426
0.00114456
0.0340683
0.0261164
0.0359214
0.0243167
0.0354171
0.0192811
0.0344629
0.0138665
0.0334647
0.009004
0.0326352
0.00505431
0.0320277
0.00217882
0.0316343
0.000316339
0.0313866
-0.00108184
0.0312874
-0.00202734
0.0312066
-0.00267473
0.0311878
-0.00329258
0.0312303
-0.00381882
0.0313106
-0.00416813
0.0314528
-0.00425501
0.0316347
-0.00407774
0.0318256
-0.00367079
0.0320311
-0.00310077
0.0323092
-0.00244544
0.0326632
-0.00179773
0.0330478
-0.00121154
0.0333972
-0.000799899
0.0337043
-0.000490987
0.0338909
-0.000385684
0.0339761
-0.00037384
0.0339469
-0.000579288
0.0338559
-0.000827319
0.0336955
-0.00120165
0.0334645
-0.00157387
0.0331783
-0.00203669
0.0328129
-0.00248547
0.0323813
-0.00296062
0.0318775
-0.00341498
0.0313078
-0.00378824
0.0307462
-0.00412038
0.0301595
-0.00435689
0.029624
-0.00450112
0.0291434
-0.00458884
0.0287277
-0.00450083
0.0284335
-0.00440643
0.0281865
-0.00407818
0.0279975
-0.0036473
0.0278312
-0.00307817
0.0276045
-0.00236595
0.0273791
-0.0016736
0.0271277
-0.00104796
0.0268219
-0.00034829
0.0265554
6.44729e-05
0.026315
0.000526836
0.0261159
0.000766729
0.0259716
0.00107043
0.0259167
0.00113128
0.0259205
0.0012956
0.0259175
0.00133277
0.0259698
0.001354
0.0260595
0.00122878
0.0261093
0.00124756
0.0261136
0.00101424
0.0261771
0.000912922
0.026138
0.000745749
0.0261399
0.000753135
0.0263967
0.000395867
0.0265163
0.000404391
0.0268438
0.000144176
0.0274077
-0.000388376
0.027808
-0.000777513
0.0282805
-0.0012124
0.0292162
-0.00242385
0.0299489
-0.00290639
0.0304741
-0.00267883
0.0309351
-0.00250699
0.0313532
-0.00229308
0.0315213
-0.0018729
0.0315828
-0.00125484
0.0316763
-0.00093036
0.0316472
-0.000386552
0.0315393
-0.000165551
0.0315119
0.000418194
0.0314722
0.000736109
0.00141624
0.0308204
0.0175051
0.0364527
0.0186843
0.0394335
0.0163003
0.040802
0.0124979
0.0412855
0.00852047
0.0411855
0.00515432
0.0407399
0.00262446
0.040217
0.000839197
0.0396106
-0.000475413
0.0390962
-0.00151289
0.038706
-0.00228458
0.0383391
-0.00292568
0.037958
-0.00343774
0.0375412
-0.00375129
0.0371066
-0.00382039
0.0366866
-0.0036578
0.0363037
-0.00328781
0.0360028
-0.00279989
0.0358053
-0.00224792
0.0357195
-0.00171194
0.035738
-0.00123003
0.0357847
-0.000846605
0.035884
-0.000590325
0.035946
-0.000447713
0.0359994
-0.000427225
0.0359444
-0.000524282
0.0358198
-0.000702683
0.0356014
-0.000983244
0.0352882
-0.00126069
0.0348874
-0.00163589
0.0343776
-0.0019757
0.0337961
-0.00237911
0.0331214
-0.00274024
0.0324189
-0.00308578
0.031721
-0.0034225
0.031031
-0.00366691
0.030434
-0.0039041
0.0298685
-0.00402331
0.0293929
-0.00402521
0.028966
-0.00397954
0.0285588
-0.00367103
0.028231
-0.00331947
0.0278595
-0.00270665
0.0274538
-0.00196032
0.0271006
-0.00132036
0.026653
-0.00060035
0.0262485
5.62234e-05
0.0258787
0.000434274
0.0255211
0.000884383
0.0252723
0.00101553
0.025097
0.00124575
0.0249977
0.0012306
0.0249998
0.00129346
0.0249944
0.00133824
0.0251446
0.00120379
0.0252838
0.00108955
0.0253228
0.00120853
0.0254667
0.000870389
0.0256075
0.000772097
0.0255663
0.000787003
0.0257734
0.000546027
0.025937
0.000232253
0.025959
0.000382345
0.0263677
-0.000264457
0.0268102
-0.000830934
0.0270844
-0.00105168
0.0278655
-0.00199351
0.0287861
-0.00334448
0.0295108
-0.00363105
0.0301835
-0.00335159
0.0308476
-0.00317108
0.0311998
-0.00264524
0.0311402
-0.00181326
0.031019
-0.00113369
0.0310067
-0.000918096
0.0309333
-0.000313141
0.0308224
-5.46001e-05
0.0305903
0.000650291
0.0306013
0.000725127
0.00150799
0.0260875
0.00996654
0.0328023
0.0119695
0.0378018
0.0113009
0.0411633
0.00913636
0.0431891
0.00649472
0.0442446
0.0040988
0.0446374
0.00223169
0.0446074
0.000869175
0.0443226
-0.000190661
0.0439047
-0.00109496
0.0433967
-0.00177654
0.0427934
-0.00232243
0.0420888
-0.00273315
0.0413025
-0.00296495
0.0404583
-0.00297619
0.039614
-0.00281347
0.0387911
-0.00246497
0.0380366
-0.00204539
0.0373711
-0.00158244
0.0368292
-0.00117002
0.0364335
-0.000834273
0.0361584
-0.000571506
0.0359925
-0.000424452
0.0358608
-0.000316056
0.0357716
-0.000337946
0.0356219
-0.000374573
0.0354443
-0.000525089
0.0351582
-0.000697218
0.0348171
-0.000919579
0.0343624
-0.00118112
0.0338195
-0.00143286
0.033196
-0.00175561
0.0324697
-0.00201395
0.0317334
-0.0023494
0.0309221
-0.00261127
0.030143
-0.00288773
0.0293606
-0.00312177
0.0286098
-0.00327248
0.0279667
-0.00338211
0.0272697
-0.00328251
0.0266685
-0.00306981
0.026066
-0.00271703
0.0254284
-0.00206903
0.0249208
-0.00145272
0.0244479
-0.000847469
0.0239886
-0.000141075
0.0237476
0.00029726
0.0235682
0.000613664
0.023364
0.00108861
0.0232826
0.00109689
0.0233867
0.00114166
0.0233899
0.00122742
0.0234482
0.00123511
0.023678
0.0011085
0.023874
0.00100777
0.023946
0.00101755
0.0241923
0.000962233
0.024424
0.000638691
0.0244486
0.000747451
0.0245582
0.000677411
0.024864
0.000240257
0.0247551
0.000341163
0.0248926
0.00024482
0.0252611
-0.00063298
0.0252054
-0.000775216
0.0256239
-0.00147015
0.0268081
-0.00317774
0.0274819
-0.00401829
0.0278936
-0.00404275
0.0284008
-0.00385882
0.0286363
-0.00340658
0.0283464
-0.00235533
0.0280054
-0.00147218
0.0277507
-0.000879011
0.0274064
-0.000573821
0.0271432
-4.99701e-05
0.0268639
0.000224684
0.0267893
0.000724964
0.0267146
0.000799806
0.0016552
0.0228601
0.00433737
0.0292149
0.00561471
0.0349143
0.00560145
0.0393602
0.00469042
0.0424515
0.00340347
0.0443942
0.00215607
0.0454802
0.00114575
0.0459806
0.000368768
0.0459852
-0.000195252
0.0455927
-0.000702464
0.0449354
-0.00111929
0.0440338
-0.00142079
0.0429304
-0.00162979
0.0417003
-0.00173486
0.0404129
-0.00168879
0.039151
-0.00155151
0.0379884
-0.00130235
0.0369938
-0.00105086
0.0361921
-0.000780711
0.0356015
-0.000579393
0.0351768
-0.000409615
0.0349041
-0.000298783
0.034715
-0.000235335
0.0345928
-0.000193909
0.0344754
-0.000220509
0.0343308
-0.000229978
0.0341351
-0.000329385
0.0338405
-0.000402609
0.0334771
-0.000556235
0.0329769
-0.000680833
0.0323942
-0.000850188
0.0316665
-0.00102798
0.0308443
-0.00119166
0.0299171
-0.00142227
0.028856
-0.00155018
0.0277672
-0.0017989
0.0265159
-0.0018705
0.025285
-0.00204155
0.0240267
-0.0021238
0.0228268
-0.00208267
0.0217672
-0.00201014
0.0205658
-0.0015157
0.0195078
-0.00101097
0.0187554
-0.000700391
0.0179772
-6.92171e-05
0.0174748
0.000361321
0.0174309
0.000341108
0.0175125
0.00053207
0.0176497
0.000951471
0.0180231
0.000723423
0.0186204
0.00054444
0.0189209
0.000926851
0.0193283
0.000827744
0.0200077
0.000429098
0.0203485
0.000666981
0.0206107
0.000755293
0.0212439
0.000329104
0.0215132
0.000369319
0.0215767
0.000683985
0.022084
0.000170113
0.0222841
4.02026e-05
0.0220518
0.000573394
0.0224378
-0.00014119
0.022459
-0.000654109
0.021654
2.97416e-05
0.0215612
-0.00137729
0.0222029
-0.00381945
0.0227216
-0.00453699
0.0223891
-0.00371029
0.0211896
-0.00265935
0.0195838
-0.00180072
0.0178452
-0.000616717
0.0159773
0.000395695
0.0142269
0.000871403
0.0127568
0.000896303
0.0121669
0.000539899
0.0117898
0.000601818
0.0120891
0.000425624
0.0121162
0.000772739
0.00141244
0.0208957
0.0265104
0.0321119
0.0368023
0.0402058
0.0423619
0.0435076
0.0438764
0.0436811
0.0429787
0.0418594
0.0404386
0.0388088
0.0370739
0.0353851
0.0338336
0.0325313
0.0314804
0.0306997
0.0301203
0.0297107
0.0294119
0.0291766
0.0289827
0.0287622
0.0285322
0.0282028
0.0278002
0.0272439
0.0265631
0.0257129
0.024685
0.0234933
0.022071
0.0205208
0.0187219
0.0168514
0.0148099
0.0126861
0.0106034
0.00859328
0.00707759
0.00606661
0.00536622
0.005297
0.00565832
0.00599943
0.0065315
0.00748297
0.0082064
0.00875084
0.00967769
0.0105054
0.0109345
0.0116015
0.0123568
0.0126859
0.0130552
0.0137392
0.0139093
0.0139495
0.0145229
0.0143817
0.0137276
0.0137574
0.0123801
0.00856061
0.00402362
0.000313327
-0.00234602
-0.00414674
-0.00476346
-0.00436776
-0.00349636
-0.00260006
-0.00206016
-0.00145834
-0.00103272
-0.000259976
)
;

boundaryField
{
    inlet
    {
        type            calculated;
        value           nonuniform List<scalar> 
20
(
-0.01
-0.01
-0.01
-0.01
-0.01
-0.01
-0.01
-0.01
-0.01
-0.01
-0.01
-0.01
-0.01
-0.01
-0.01
-0.01
-0.01
-0.01
-0.01
-0.01
)
;
    }
    outlet
    {
        type            calculated;
        value           nonuniform List<scalar> 10(0.00478766 0.0131103 0.0213458 0.0278676 0.0310997 0.0312005 0.0305095 0.0265674 0.0123589 0.00115246);
    }
    walls
    {
        type            calculated;
        value           uniform 0;
    }
    frontAndBack
    {
        type            empty;
        value           nonuniform List<scalar> 0();
    }
}


// ************************************************************************* //
