/*--------------------------------*- C++ -*----------------------------------*\
| =========                 |                                                 |
| \\      /  F ield         | OpenFOAM: The Open Source CFD Toolbox           |
|  \\    /   O peration     | Version:  2306                                  |
|   \\  /    A nd           | Website:  www.openfoam.com                      |
|    \\/     M anipulation  |                                                 |
\*---------------------------------------------------------------------------*/
FoamFile
{
    version     2.0;
    format      ascii;
    arch        "LSB;label=32;scalar=64";
    class       volVectorField;
    location    "0.425";
    object      U;
}
// * * * * * * * * * * * * * * * * * * * * * * * * * * * * * * * * * * * * * //

dimensions      [0 1 -1 0 0 0 0];

internalField   nonuniform List<vector> 
4400
(
(9.90178 0.0455324 0)
(9.80627 0.0986948 0)
(9.70005 0.120974 0)
(9.57018 0.125776 0)
(9.4182 0.124492 0)
(9.2522 0.123455 0)
(9.08062 0.124131 0)
(8.9082 0.125698 0)
(8.73729 0.126966 0)
(8.56779 0.127429 0)
(8.40014 0.126859 0)
(8.23331 0.125553 0)
(8.068 0.123771 0)
(7.90322 0.121732 0)
(7.74 0.119682 0)
(7.57757 0.117513 0)
(7.41698 0.115456 0)
(7.25754 0.113236 0)
(7.10009 0.11109 0)
(6.94411 0.108762 0)
(6.79022 0.106462 0)
(6.63804 0.104053 0)
(6.48802 0.101611 0)
(6.33986 0.0991608 0)
(6.19402 0.0966229 0)
(6.05001 0.094166 0)
(5.90859 0.0916089 0)
(5.76883 0.0891624 0)
(5.63199 0.0866396 0)
(5.49648 0.0842447 0)
(5.36425 0.0818198 0)
(5.233 0.0795362 0)
(5.10526 0.0772341 0)
(4.97807 0.0751028 0)
(4.85444 0.0729872 0)
(4.73093 0.071072 0)
(4.61088 0.0692006 0)
(4.49038 0.0676206 0)
(4.37309 0.0661504 0)
(4.25462 0.0650317 0)
(4.13893 0.0641215 0)
(4.02123 0.0636045 0)
(3.90561 0.0634605 0)
(3.7871 0.0636894 0)
(3.66965 0.0644383 0)
(3.54822 0.0655258 0)
(3.42656 0.0673094 0)
(3.29955 0.069392 0)
(3.17077 0.0723545 0)
(3.03487 0.0755586 0)
(2.89554 0.0798081 0)
(2.74684 0.0842547 0)
(2.59299 0.0898555 0)
(2.42709 0.0955529 0)
(2.25432 0.102414 0)
(2.0666 0.109111 0)
(1.87046 0.116794 0)
(1.65664 0.123749 0)
(1.43348 0.131152 0)
(1.19071 0.136726 0)
(0.93898 0.141467 0)
(0.667236 0.141941 0)
(0.388847 0.134953 0)
(0.109797 0.103288 0)
(-0.143908 0.0480643 0)
(-0.391519 -0.0357678 0)
(-0.568851 -0.128527 0)
(-0.684936 -0.238988 0)
(-0.693427 -0.3632 0)
(-0.626424 -0.502409 0)
(-0.425031 -0.625741 0)
(-0.164922 -0.708103 0)
(0.123105 -0.565351 0)
(0.282276 -0.200999 0)
(0.364814 0.504035 0)
(-0.396697 0.904537 0)
(-0.572503 0.282751 0)
(-0.190232 -0.0766945 0)
(0.0268873 -0.0887741 0)
(-0.174675 -0.249038 0)
(10.0002 0.0612369 0)
(10.0319 0.137398 0)
(10.0696 0.17364 0)
(10.105 0.184924 0)
(10.1326 0.186155 0)
(10.15 0.186282 0)
(10.1591 0.188198 0)
(10.1608 0.192057 0)
(10.1593 0.195804 0)
(10.1536 0.199231 0)
(10.1469 0.201002 0)
(10.1366 0.202107 0)
(10.1254 0.202077 0)
(10.1105 0.201893 0)
(10.0942 0.201275 0)
(10.0745 0.200751 0)
(10.0531 0.20007 0)
(10.0291 0.199382 0)
(10.0028 0.198614 0)
(9.97476 0.19764 0)
(9.94437 0.196683 0)
(9.91238 0.195451 0)
(9.87839 0.19425 0)
(9.84241 0.19284 0)
(9.80531 0.191405 0)
(9.7653 0.18989 0)
(9.72544 0.188282 0)
(9.68139 0.18673 0)
(9.63897 0.184973 0)
(9.59101 0.183479 0)
(9.54596 0.181643 0)
(9.49433 0.180248 0)
(9.44639 0.178479 0)
(9.3912 0.177204 0)
(9.34013 0.175644 0)
(9.28121 0.174641 0)
(9.22679 0.173361 0)
(9.16378 0.172872 0)
(9.10556 0.172056 0)
(9.03798 0.172249 0)
(8.97514 0.172229 0)
(8.90237 0.173245 0)
(8.83379 0.174409 0)
(8.75493 0.176603 0)
(8.6792 0.179272 0)
(8.59295 0.183115 0)
(8.5083 0.187573 0)
(8.41284 0.193614 0)
(8.31712 0.20016 0)
(8.20989 0.209034 0)
(8.10057 0.21795 0)
(7.97826 0.230229 0)
(7.85212 0.241914 0)
(7.71083 0.257955 0)
(7.56376 0.272793 0)
(7.39896 0.292695 0)
(7.226 0.310716 0)
(7.03256 0.334148 0)
(6.82811 0.354652 0)
(6.60049 0.380311 0)
(6.35877 0.400977 0)
(6.09141 0.425558 0)
(5.80691 0.440705 0)
(5.49612 0.456153 0)
(5.17145 0.454069 0)
(4.82682 0.449693 0)
(4.4457 0.416867 0)
(4.03936 0.383133 0)
(3.56165 0.322278 0)
(3.03435 0.280673 0)
(2.34333 0.214276 0)
(1.51228 0.218921 0)
(0.459553 0.143022 0)
(-0.216092 0.00369517 0)
(-0.599847 0.0877291 0)
(-0.53247 0.000609384 0)
(-0.223393 -0.581803 0)
(-0.602049 -0.637745 0)
(-0.593652 0.0939092 0)
(-0.543858 0.569883 0)
(10.0001 0.0268832 0)
(10.0167 0.0695325 0)
(10.0428 0.10007 0)
(10.0747 0.117301 0)
(10.1085 0.127018 0)
(10.1393 0.131735 0)
(10.1674 0.135968 0)
(10.1908 0.140344 0)
(10.2131 0.145294 0)
(10.2329 0.150486 0)
(10.2535 0.154792 0)
(10.2731 0.158805 0)
(10.2933 0.161657 0)
(10.3132 0.164143 0)
(10.3321 0.166161 0)
(10.3515 0.167722 0)
(10.3683 0.169655 0)
(10.387 0.170635 0)
(10.4014 0.172648 0)
(10.419 0.173137 0)
(10.4315 0.175048 0)
(10.4475 0.175284 0)
(10.4584 0.176784 0)
(10.4723 0.17704 0)
(10.4819 0.177989 0)
(10.4931 0.17841 0)
(10.5014 0.178882 0)
(10.5098 0.179504 0)
(10.5164 0.179607 0)
(10.522 0.180483 0)
(10.5265 0.180358 0)
(10.5292 0.181486 0)
(10.5313 0.1814 0)
(10.5311 0.1828 0)
(10.5305 0.182972 0)
(10.5268 0.184892 0)
(10.5234 0.185388 0)
(10.5159 0.18818 0)
(10.5094 0.18928 0)
(10.4976 0.193048 0)
(10.4874 0.195397 0)
(10.471 0.200142 0)
(10.4565 0.204413 0)
(10.4352 0.210496 0)
(10.4153 0.217273 0)
(10.3885 0.225127 0)
(10.3623 0.235203 0)
(10.3289 0.245144 0)
(10.2953 0.25944 0)
(10.2542 0.272099 0)
(10.2119 0.291104 0)
(10.1612 0.307604 0)
(10.1086 0.331561 0)
(10.0459 0.352977 0)
(9.98138 0.382248 0)
(9.90364 0.409146 0)
(9.82466 0.443947 0)
(9.72899 0.476089 0)
(9.63113 0.516158 0)
(9.51465 0.551463 0)
(9.39161 0.595183 0)
(9.25048 0.628647 0)
(9.09362 0.670845 0)
(8.92147 0.693995 0)
(8.71835 0.724467 0)
(8.50456 0.728236 0)
(8.2323 0.740264 0)
(7.9475 0.727418 0)
(7.58423 0.739013 0)
(7.19958 0.745252 0)
(6.72384 0.807227 0)
(6.20806 0.878427 0)
(5.62009 1.00205 0)
(4.9548 0.986523 0)
(4.34609 0.906794 0)
(3.33187 0.751471 0)
(2.67385 0.505688 0)
(1.29213 0.360182 0)
(-0.00861947 -0.10343 0)
(-0.211558 -0.451243 0)
(10.0001 0.0189627 0)
(10.0101 0.0523806 0)
(10.0278 0.0808827 0)
(10.0511 0.100924 0)
(10.0781 0.115009 0)
(10.105 0.122881 0)
(10.132 0.128537 0)
(10.1559 0.132519 0)
(10.1799 0.13624 0)
(10.201 0.140513 0)
(10.2239 0.143686 0)
(10.2451 0.14795 0)
(10.2686 0.149898 0)
(10.2908 0.153278 0)
(10.3147 0.154053 0)
(10.3377 0.156609 0)
(10.3612 0.156984 0)
(10.3846 0.158879 0)
(10.4072 0.159472 0)
(10.4308 0.160663 0)
(10.4528 0.161767 0)
(10.4761 0.162246 0)
(10.4978 0.16375 0)
(10.5203 0.163712 0)
(10.542 0.165413 0)
(10.5632 0.165174 0)
(10.5851 0.166876 0)
(10.6043 0.166775 0)
(10.6265 0.168313 0)
(10.6434 0.168651 0)
(10.6656 0.170033 0)
(10.6802 0.170843 0)
(10.702 0.172466 0)
(10.7143 0.173599 0)
(10.7352 0.175881 0)
(10.745 0.177486 0)
(10.7648 0.180485 0)
(10.7721 0.183102 0)
(10.7902 0.186895 0)
(10.7948 0.190849 0)
(10.8111 0.196075 0)
(10.8126 0.201281 0)
(10.8268 0.208922 0)
(10.8251 0.215408 0)
(10.8361 0.22622 0)
(10.8322 0.23455 0)
(10.8386 0.248768 0)
(10.8325 0.260299 0)
(10.834 0.277624 0)
(10.8246 0.294231 0)
(10.8216 0.314469 0)
(10.8083 0.337398 0)
(10.7995 0.361517 0)
(10.7826 0.390995 0)
(10.767 0.420278 0)
(10.7452 0.456774 0)
(10.723 0.491208 0)
(10.6934 0.535449 0)
(10.6645 0.574058 0)
(10.6237 0.625353 0)
(10.5863 0.666001 0)
(10.5284 0.721782 0)
(10.4791 0.760152 0)
(10.393 0.815181 0)
(10.3232 0.847533 0)
(10.1936 0.89556 0)
(10.0859 0.928029 0)
(9.89572 0.974876 0)
(9.73408 1.02549 0)
(9.4662 1.09203 0)
(9.24231 1.18013 0)
(8.87871 1.28179 0)
(8.59144 1.38354 0)
(8.10501 1.46746 0)
(7.72147 1.49091 0)
(7.10119 1.5289 0)
(6.52335 1.49102 0)
(5.82938 1.51947 0)
(4.90926 1.49873 0)
(4.0661 1.24229 0)
(10.0003 0.0133642 0)
(10.0068 0.0382809 0)
(10.0198 0.0606315 0)
(10.0369 0.0775739 0)
(10.0588 0.0908702 0)
(10.0813 0.098522 0)
(10.1063 0.104828 0)
(10.1283 0.107907 0)
(10.1528 0.111677 0)
(10.1728 0.114199 0)
(10.1969 0.117462 0)
(10.2162 0.120362 0)
(10.2413 0.12284 0)
(10.2609 0.125512 0)
(10.2873 0.126938 0)
(10.3073 0.129142 0)
(10.3342 0.129943 0)
(10.3545 0.131621 0)
(10.3812 0.132462 0)
(10.4017 0.133581 0)
(10.4283 0.134949 0)
(10.4486 0.135421 0)
(10.4753 0.137342 0)
(10.495 0.137281 0)
(10.5221 0.139642 0)
(10.5408 0.139248 0)
(10.5683 0.141964 0)
(10.5859 0.141444 0)
(10.6134 0.144429 0)
(10.63 0.144172 0)
(10.6569 0.147162 0)
(10.6728 0.147712 0)
(10.6988 0.150468 0)
(10.7137 0.152343 0)
(10.7391 0.154732 0)
(10.7521 0.158454 0)
(10.7771 0.160367 0)
(10.7881 0.166499 0)
(10.8121 0.168079 0)
(10.8218 0.176875 0)
(10.8437 0.178663 0)
(10.8525 0.190355 0)
(10.8723 0.19279 0)
(10.8796 0.207948 0)
(10.8974 0.211635 0)
(10.9035 0.229967 0)
(10.9179 0.237375 0)
(10.9246 0.25676 0)
(10.9337 0.271528 0)
(10.9422 0.290702 0)
(10.9462 0.313873 0)
(10.955 0.33516 0)
(10.9562 0.364983 0)
(10.9631 0.391644 0)
(10.9637 0.427196 0)
(10.9667 0.460873 0)
(10.969 0.501516 0)
(10.9646 0.544074 0)
(10.9723 0.587984 0)
(10.9557 0.63912 0)
(10.9687 0.687696 0)
(10.9381 0.740851 0)
(10.9494 0.797996 0)
(10.9021 0.847713 0)
(10.9038 0.912129 0)
(10.8271 0.963988 0)
(10.8145 1.03438 0)
(10.6939 1.10066 0)
(10.6551 1.18673 0)
(10.4885 1.27536 0)
(10.4028 1.38937 0)
(10.1932 1.50333 0)
(10.0443 1.63352 0)
(9.78759 1.75586 0)
(9.54612 1.86746 0)
(9.23381 1.96424 0)
(8.83902 2.03514 0)
(8.42777 2.06925 0)
(7.80771 2.07752 0)
(7.14587 1.95716 0)
(10.0014 0.00952542 0)
(10.0039 0.0279803 0)
(10.0164 0.0448695 0)
(10.0276 0.0585795 0)
(10.0479 0.0701887 0)
(10.0649 0.0773555 0)
(10.0898 0.0838376 0)
(10.1083 0.0866062 0)
(10.1342 0.0906585 0)
(10.1518 0.0921225 0)
(10.178 0.0956332 0)
(10.195 0.0972055 0)
(10.2219 0.100217 0)
(10.239 0.101835 0)
(10.2672 0.104014 0)
(10.2846 0.105539 0)
(10.3135 0.106829 0)
(10.3313 0.108253 0)
(10.3601 0.10906 0)
(10.3785 0.110474 0)
(10.4068 0.11131 0)
(10.4257 0.112517 0)
(10.4532 0.113663 0)
(10.4728 0.114616 0)
(10.4994 0.116089 0)
(10.5193 0.116997 0)
(10.5454 0.118593 0)
(10.565 0.119797 0)
(10.5909 0.121374 0)
(10.6097 0.123187 0)
(10.6351 0.124721 0)
(10.6535 0.12734 0)
(10.6777 0.129038 0)
(10.6959 0.132519 0)
(10.719 0.134602 0)
(10.7361 0.139364 0)
(10.759 0.141434 0)
(10.7737 0.148803 0)
(10.7973 0.149978 0)
(10.809 0.160954 0)
(10.8333 0.161848 0)
(10.8416 0.175305 0)
(10.8673 0.178754 0)
(10.8713 0.192624 0)
(10.8993 0.200764 0)
(10.8978 0.215267 0)
(10.9293 0.22782 0)
(10.9216 0.244791 0)
(10.9571 0.261924 0)
(10.9433 0.281219 0)
(10.9824 0.305637 0)
(10.9635 0.325848 0)
(11.0063 0.359804 0)
(10.9821 0.381064 0)
(11.0297 0.425684 0)
(11.0005 0.447401 0)
(11.0512 0.505297 0)
(11.021 0.526121 0)
(11.0704 0.596472 0)
(11.0408 0.621863 0)
(11.0896 0.694424 0)
(11.0536 0.735896 0)
(11.1046 0.801043 0)
(11.0576 0.862606 0)
(11.1012 0.924729 0)
(11.047 1.00271 0)
(11.0702 1.07106 0)
(11.0028 1.17172 0)
(11.0043 1.2491 0)
(10.9137 1.38181 0)
(10.8833 1.47876 0)
(10.7803 1.63547 0)
(10.6935 1.76318 0)
(10.5885 1.92641 0)
(10.428 2.06894 0)
(10.2957 2.21405 0)
(10.0393 2.34404 0)
(9.81074 2.43822 0)
(9.42087 2.54421 0)
(9.00039 2.5579 0)
(10.0026 0.00671536 0)
(10.0018 0.0202224 0)
(10.0148 0.0324647 0)
(10.0219 0.0432188 0)
(10.0412 0.0522669 0)
(10.0549 0.0587086 0)
(10.0783 0.064288 0)
(10.0954 0.0669907 0)
(10.1202 0.0706418 0)
(10.1382 0.0715783 0)
(10.1633 0.0748923 0)
(10.1813 0.0754811 0)
(10.2068 0.0785885 0)
(10.2249 0.0793112 0)
(10.2516 0.0817522 0)
(10.2699 0.0827955 0)
(10.2975 0.0840591 0)
(10.316 0.0855966 0)
(10.3439 0.0858398 0)
(10.363 0.0880487 0)
(10.3904 0.0876936 0)
(10.4103 0.0903134 0)
(10.4364 0.0898588 0)
(10.4578 0.0925362 0)
(10.482 0.092548 0)
(10.505 0.0947842 0)
(10.5274 0.0958548 0)
(10.5513 0.0972444 0)
(10.5727 0.0997731 0)
(10.5962 0.100406 0)
(10.6175 0.104213 0)
(10.64 0.104759 0)
(10.6611 0.109469 0)
(10.6824 0.110441 0)
(10.7038 0.116154 0)
(10.7225 0.117594 0)
(10.7458 0.12472 0)
(10.7601 0.127006 0)
(10.7868 0.135202 0)
(10.7952 0.139726 0)
(10.8263 0.147835 0)
(10.8279 0.156522 0)
(10.8643 0.163627 0)
(10.8579 0.17768 0)
(10.9009 0.18415 0)
(10.8858 0.203325 0)
(10.9355 0.211243 0)
(10.9124 0.234085 0)
(10.968 0.246393 0)
(10.9384 0.27121 0)
(10.9977 0.290696 0)
(10.9663 0.316484 0)
(11.0234 0.344886 0)
(10.9975 0.372659 0)
(11.0471 0.408319 0)
(11.0295 0.443216 0)
(11.0726 0.481004 0)
(11.0615 0.52824 0)
(11.0985 0.567211 0)
(11.0961 0.624004 0)
(11.1213 0.671252 0)
(11.1307 0.731522 0)
(11.1427 0.790474 0)
(11.1559 0.859617 0)
(11.1606 0.924659 0)
(11.1686 1.01188 0)
(11.1606 1.08761 0)
(11.1671 1.19205 0)
(11.1364 1.28761 0)
(11.1335 1.42082 0)
(11.0917 1.52794 0)
(11.0596 1.70474 0)
(11.0117 1.82512 0)
(10.9506 2.02579 0)
(10.8785 2.17096 0)
(10.7832 2.36048 0)
(10.6574 2.52498 0)
(10.4997 2.68478 0)
(10.2773 2.84427 0)
(10.005 2.98257 0)
(10.0029 0.00434456 0)
(10.0013 0.0140134 0)
(10.0133 0.0219224 0)
(10.0195 0.0301501 0)
(10.0363 0.035939 0)
(10.0498 0.0416931 0)
(10.0697 0.0450662 0)
(10.0883 0.0482428 0)
(10.1093 0.0501603 0)
(10.1305 0.0517756 0)
(10.1515 0.0535363 0)
(10.1735 0.0544819 0)
(10.1946 0.0564164 0)
(10.2172 0.0572336 0)
(10.239 0.0590812 0)
(10.2619 0.0599355 0)
(10.2845 0.0611044 0)
(10.3076 0.0623235 0)
(10.331 0.0627177 0)
(10.354 0.064694 0)
(10.3779 0.0643405 0)
(10.4006 0.0670794 0)
(10.4247 0.0662603 0)
(10.4476 0.0696375 0)
(10.4708 0.0687491 0)
(10.4948 0.0723707 0)
(10.5161 0.072038 0)
(10.5417 0.0752674 0)
(10.5613 0.0763714 0)
(10.5872 0.0785787 0)
(10.6064 0.0817756 0)
(10.6311 0.0828087 0)
(10.6513 0.0884347 0)
(10.6731 0.0882283 0)
(10.6959 0.0967893 0)
(10.7127 0.0952499 0)
(10.7404 0.10681 0)
(10.7497 0.105257 0)
(10.7844 0.117869 0)
(10.7843 0.119526 0)
(10.8274 0.13066 0)
(10.8168 0.137662 0)
(10.8691 0.147515 0)
(10.8479 0.15909 0)
(10.9087 0.169543 0)
(10.8786 0.185527 0)
(10.945 0.19639 0)
(10.9108 0.218976 0)
(10.9776 0.229253 0)
(10.9446 0.259787 0)
(11.0078 0.270244 0)
(10.9797 0.308876 0)
(11.037 0.320722 0)
(11.0165 0.366984 0)
(11.0656 0.383876 0)
(11.0562 0.432772 0)
(11.0943 0.462841 0)
(11.0981 0.508466 0)
(11.1248 0.555014 0)
(11.14 0.600555 0)
(11.1579 0.659156 0)
(11.1812 0.709718 0)
(11.1891 0.783319 0)
(11.2222 0.834928 0)
(11.2148 0.931506 0)
(11.2552 0.98854 0)
(11.2357 1.10427 0)
(11.2737 1.17808 0)
(11.2397 1.32099 0)
(11.2802 1.4044 0)
(11.22 1.59117 0)
(11.2596 1.68896 0)
(11.1817 1.90641 0)
(11.2022 2.03799 0)
(11.1064 2.26132 0)
(11.0984 2.43909 0)
(10.9701 2.63667 0)
(10.906 2.86938 0)
(10.7274 3.02877 0)
(10.5673 3.28215 0)
(10.0022 0.00195729 0)
(10.0017 0.00896351 0)
(10.0117 0.0121984 0)
(10.0188 0.0186182 0)
(10.0327 0.0204892 0)
(10.0476 0.0258697 0)
(10.0638 0.0261715 0)
(10.0849 0.0301207 0)
(10.1016 0.0296085 0)
(10.1269 0.0322852 0)
(10.1427 0.0321224 0)
(10.1701 0.0336699 0)
(10.1855 0.0343848 0)
(10.2141 0.0352569 0)
(10.2296 0.0365584 0)
(10.2586 0.0370431 0)
(10.2748 0.0382754 0)
(10.3042 0.0388227 0)
(10.3212 0.0399621 0)
(10.3504 0.0406671 0)
(10.3684 0.0418453 0)
(10.3967 0.042626 0)
(10.4159 0.044012 0)
(10.4429 0.0450829 0)
(10.4633 0.0465959 0)
(10.489 0.0480319 0)
(10.5103 0.049979 0)
(10.5349 0.0512651 0)
(10.5569 0.0546032 0)
(10.58 0.0549547 0)
(10.603 0.0603293 0)
(10.6242 0.0600047 0)
(10.6485 0.0667927 0)
(10.6672 0.0670648 0)
(10.6936 0.0744738 0)
(10.7081 0.0758477 0)
(10.7389 0.0847011 0)
(10.7465 0.0860943 0)
(10.7836 0.097891 0)
(10.7835 0.0991183 0)
(10.8265 0.113206 0)
(10.8201 0.117102 0)
(10.8675 0.130278 0)
(10.8559 0.141046 0)
(10.9071 0.150107 0)
(10.8912 0.171377 0)
(10.9449 0.173989 0)
(10.927 0.208685 0)
(10.9811 0.203737 0)
(10.9636 0.252226 0)
(11.0163 0.243394 0)
(11.0026 0.300321 0)
(11.0491 0.295656 0)
(11.0466 0.355259 0)
(11.0801 0.358786 0)
(11.0942 0.421726 0)
(11.1133 0.432713 0)
(11.1434 0.499665 0)
(11.1482 0.523284 0)
(11.1977 0.587273 0)
(11.182 0.632912 0)
(11.2543 0.692161 0)
(11.2204 0.758045 0)
(11.3056 0.8228 0)
(11.2614 0.906075 0)
(11.355 0.979213 0)
(11.2945 1.08724 0)
(11.3991 1.17497 0)
(11.3204 1.30253 0)
(11.4297 1.42358 0)
(11.33 1.56798 0)
(11.4454 1.72731 0)
(11.3179 1.89257 0)
(11.4252 2.0934 0)
(11.2829 2.28117 0)
(11.3534 2.5032 0)
(11.1929 2.74195 0)
(11.2146 2.94796 0)
(11.0108 3.23828 0)
(10.9512 3.44303 0)
(10.0012 -0.000104657 0)
(10.0025 0.00398237 0)
(10.0102 0.0034717 0)
(10.0191 0.00714523 0)
(10.0304 0.00641129 0)
(10.0473 0.00970935 0)
(10.0603 0.00862838 0)
(10.0843 0.0112335 0)
(10.0969 0.0102355 0)
(10.1264 0.0118539 0)
(10.1373 0.0117422 0)
(10.1701 0.0120134 0)
(10.1798 0.0134343 0)
(10.2142 0.0124757 0)
(10.2239 0.0150966 0)
(10.2584 0.0133282 0)
(10.2692 0.0163321 0)
(10.3038 0.0147523 0)
(10.3159 0.0176121 0)
(10.3499 0.016539 0)
(10.3634 0.0192485 0)
(10.396 0.0183687 0)
(10.4115 0.0215556 0)
(10.4419 0.0205746 0)
(10.4598 0.0244048 0)
(10.4878 0.0235652 0)
(10.5077 0.027741 0)
(10.5333 0.0274778 0)
(10.5556 0.0319614 0)
(10.5779 0.0321945 0)
(10.6033 0.0375133 0)
(10.6218 0.0378009 0)
(10.6501 0.0447862 0)
(10.6656 0.0444478 0)
(10.6953 0.0541411 0)
(10.7088 0.0527127 0)
(10.7398 0.0653059 0)
(10.7502 0.0642229 0)
(10.7841 0.0772435 0)
(10.79 0.0805339 0)
(10.8277 0.0902444 0)
(10.8291 0.10133 0)
(10.8702 0.106856 0)
(10.8669 0.125107 0)
(10.9128 0.129278 0)
(10.9035 0.152249 0)
(10.9546 0.157802 0)
(10.9418 0.184871 0)
(10.9934 0.192014 0)
(10.9834 0.225012 0)
(11.0311 0.232213 0)
(11.0265 0.273982 0)
(11.0696 0.280653 0)
(11.0739 0.330451 0)
(11.1053 0.342357 0)
(11.1304 0.392807 0)
(11.1382 0.419112 0)
(11.1926 0.466124 0)
(11.1756 0.507214 0)
(11.2557 0.557119 0)
(11.2174 0.610107 0)
(11.3251 0.663222 0)
(11.2582 0.737313 0)
(11.3982 0.790116 0)
(11.3068 0.88549 0)
(11.4615 0.954016 0)
(11.3662 1.06047 0)
(11.5147 1.15751 0)
(11.4282 1.27943 0)
(11.5543 1.40872 0)
(11.4878 1.55614 0)
(11.5777 1.71087 0)
(11.5259 1.91044 0)
(11.5816 2.07416 0)
(11.5273 2.33119 0)
(11.5426 2.52662 0)
(11.479 2.80622 0)
(11.4298 3.04784 0)
(11.3429 3.36881 0)
(11.2202 3.58712 0)
(9.99978 -0.00198659 0)
(10.0041 -0.00114883 0)
(10.0085 -0.0048868 0)
(10.0206 -0.00431345 0)
(10.0289 -0.007294 0)
(10.0488 -0.0064061 0)
(10.059 -0.00877396 0)
(10.0857 -0.00749106 0)
(10.0957 -0.00931571 0)
(10.1279 -0.00827996 0)
(10.1361 -0.00900645 0)
(10.1717 -0.00918983 0)
(10.1788 -0.00792218 0)
(10.2158 -0.00983912 0)
(10.223 -0.00682119 0)
(10.2599 -0.00991348 0)
(10.2689 -0.00611933 0)
(10.3049 -0.00879116 0)
(10.3163 -0.00546469 0)
(10.3507 -0.00682936 0)
(10.3644 -0.00456052 0)
(10.3967 -0.00454622 0)
(10.413 -0.00282197 0)
(10.443 -0.00200931 0)
(10.4613 -9.40912e-05 0)
(10.4896 0.000896202 0)
(10.5091 0.00378472 0)
(10.5362 0.00425655 0)
(10.5568 0.00916698 0)
(10.582 0.00816316 0)
(10.6046 0.0160047 0)
(10.627 0.0135897 0)
(10.6517 0.0233868 0)
(10.6717 0.0218795 0)
(10.6978 0.0310888 0)
(10.7158 0.0329605 0)
(10.7437 0.0407214 0)
(10.7581 0.0456843 0)
(10.7897 0.0537694 0)
(10.7992 0.0605665 0)
(10.8346 0.0696877 0)
(10.8408 0.0793442 0)
(10.8773 0.0885719 0)
(10.8832 0.101982 0)
(10.9188 0.112219 0)
(10.9259 0.128734 0)
(10.9597 0.140354 0)
(10.9701 0.162404 0)
(10.999 0.172621 0)
(11.0179 0.203034 0)
(11.0368 0.213059 0)
(11.0692 0.24798 0)
(11.0758 0.264344 0)
(11.1232 0.300862 0)
(11.1172 0.322613 0)
(11.1816 0.367509 0)
(11.1601 0.389776 0)
(11.2473 0.444342 0)
(11.2047 0.474686 0)
(11.3189 0.531185 0)
(11.2574 0.575867 0)
(11.3893 0.639529 0)
(11.3228 0.694058 0)
(11.4614 0.767924 0)
(11.3934 0.846119 0)
(11.5381 0.918356 0)
(11.4733 1.03381 0)
(11.6088 1.11072 0)
(11.5627 1.26321 0)
(11.6752 1.35728 0)
(11.6515 1.54072 0)
(11.7294 1.68492 0)
(11.7299 1.87551 0)
(11.7669 2.08947 0)
(11.7692 2.31221 0)
(11.7762 2.55299 0)
(11.7418 2.85836 0)
(11.7251 3.11242 0)
(11.6218 3.44157 0)
(11.5671 3.82443 0)
(9.99909 -0.00383176 0)
(10.0048 -0.00647368 0)
(10.0083 -0.0133802 0)
(10.0215 -0.0160702 0)
(10.0303 -0.0210951 0)
(10.0499 -0.0229996 0)
(10.0623 -0.0260094 0)
(10.0868 -0.0267908 0)
(10.1004 -0.0285586 0)
(10.1289 -0.0288865 0)
(10.1416 -0.0295706 0)
(10.1727 -0.030555 0)
(10.1846 -0.0294315 0)
(10.217 -0.0321911 0)
(10.2288 -0.0289685 0)
(10.2615 -0.0333356 0)
(10.2746 -0.0284754 0)
(10.3075 -0.0329118 0)
(10.3218 -0.0280646 0)
(10.354 -0.0311892 0)
(10.3698 -0.0275302 0)
(10.4005 -0.0288832 0)
(10.4187 -0.0259194 0)
(10.447 -0.0265759 0)
(10.4675 -0.0228157 0)
(10.4942 -0.0241788 0)
(10.5154 -0.0184147 0)
(10.5419 -0.0208341 0)
(10.5629 -0.0132826 0)
(10.589 -0.0156842 0)
(10.6109 -0.00769054 0)
(10.6349 -0.00844212 0)
(10.6589 -0.0010613 0)
(10.6803 0.000297717 0)
(10.7058 0.00802791 0)
(10.726 0.00979993 0)
(10.7516 0.0204054 0)
(10.771 0.0208945 0)
(10.7973 0.0346659 0)
(10.8153 0.0365364 0)
(10.8417 0.0490829 0)
(10.8612 0.0584246 0)
(10.8834 0.0646084 0)
(10.9082 0.0847087 0)
(10.9252 0.0855768 0)
(10.9539 0.112347 0)
(10.9687 0.115003 0)
(11.0009 0.141945 0)
(11.0103 0.150845 0)
(11.0533 0.179479 0)
(11.0497 0.1891 0)
(11.1096 0.227953 0)
(11.0927 0.233144 0)
(11.167 0.282811 0)
(11.1407 0.290274 0)
(11.2276 0.343051 0)
(11.195 0.358794 0)
(11.2893 0.418025 0)
(11.2616 0.435591 0)
(11.351 0.507591 0)
(11.3381 0.533487 0)
(11.4211 0.605743 0)
(11.4205 0.656948 0)
(11.5002 0.726927 0)
(11.5106 0.802376 0)
(11.5933 0.878355 0)
(11.6001 0.984759 0)
(11.7038 1.06903 0)
(11.6947 1.20741 0)
(11.8179 1.31648 0)
(11.7949 1.49745 0)
(11.9324 1.61765 0)
(11.892 1.87381 0)
(12.0251 2.01945 0)
(11.9744 2.30806 0)
(12.0789 2.57603 0)
(11.9982 2.80838 0)
(12.0737 3.24442 0)
(11.922 3.47227 0)
(11.944 3.91379 0)
(9.9997 -0.00570271 0)
(10.0043 -0.0123755 0)
(10.01 -0.0220971 0)
(10.0217 -0.0289355 0)
(10.0343 -0.0349979 0)
(10.0515 -0.0407334 0)
(10.069 -0.0430501 0)
(10.0895 -0.0469932 0)
(10.109 -0.0475246 0)
(10.1319 -0.0500295 0)
(10.1511 -0.0500391 0)
(10.1763 -0.0520869 0)
(10.1941 -0.051388 0)
(10.2212 -0.0543024 0)
(10.2379 -0.0520075 0)
(10.2671 -0.0562367 0)
(10.2832 -0.0516128 0)
(10.3147 -0.0569357 0)
(10.3296 -0.0507145 0)
(10.3626 -0.0562441 0)
(10.3772 -0.0500159 0)
(10.41 -0.0539327 0)
(10.4264 -0.0493546 0)
(10.4566 -0.0503473 0)
(10.4763 -0.0480283 0)
(10.5032 -0.0462681 0)
(10.5259 -0.0449333 0)
(10.5504 -0.042262 0)
(10.575 -0.0393309 0)
(10.5975 -0.038264 0)
(10.6238 -0.0316347 0)
(10.6446 -0.0328409 0)
(10.6715 -0.0233942 0)
(10.6929 -0.0240372 0)
(10.7171 -0.0152352 0)
(10.7419 -0.0120168 0)
(10.7624 -0.00505051 0)
(10.7886 0.00118437 0)
(10.8103 0.00896572 0)
(10.8321 0.0161899 0)
(10.8597 0.0256536 0)
(10.8755 0.03545 0)
(10.9068 0.0442252 0)
(10.922 0.0589162 0)
(10.952 0.0671701 0)
(10.9692 0.0851547 0)
(10.999 0.0960958 0)
(11.0162 0.115243 0)
(11.0474 0.130505 0)
(11.0669 0.150567 0)
(11.0947 0.171411 0)
(11.1226 0.191833 0)
(11.1459 0.219591 0)
(11.1775 0.240821 0)
(11.2079 0.275919 0)
(11.2312 0.298087 0)
(11.2784 0.343941 0)
(11.293 0.363766 0)
(11.3509 0.425377 0)
(11.3668 0.444072 0)
(11.4307 0.518543 0)
(11.4491 0.543416 0)
(11.5214 0.631156 0)
(11.5448 0.663049 0)
(11.6193 0.767596 0)
(11.6603 0.813813 0)
(11.7237 0.939291 0)
(11.7978 0.995957 0)
(11.8367 1.16158 0)
(11.9518 1.24296 0)
(11.9626 1.41607 0)
(12.1139 1.60009 0)
(12.0935 1.7328 0)
(12.2721 2.04385 0)
(12.2157 2.20586 0)
(12.387 2.53438 0)
(12.319 2.88172 0)
(12.3907 3.12871 0)
(12.3636 3.66548 0)
(12.2617 3.93733 0)
(9.99964 -0.00767511 0)
(10.005 -0.0190797 0)
(10.0111 -0.0321555 0)
(10.0246 -0.0427205 0)
(10.0384 -0.0505868 0)
(10.0577 -0.0586968 0)
(10.0763 -0.0614853 0)
(10.0981 -0.0668223 0)
(10.1182 -0.0675133 0)
(10.1419 -0.0705552 0)
(10.1609 -0.0714154 0)
(10.1868 -0.0729964 0)
(10.2041 -0.0745159 0)
(10.232 -0.0755221 0)
(10.2485 -0.0766386 0)
(10.2784 -0.0775123 0)
(10.2946 -0.0771063 0)
(10.3266 -0.078373 0)
(10.3412 -0.0766104 0)
(10.3754 -0.0780082 0)
(10.3886 -0.0760887 0)
(10.4238 -0.0759758 0)
(10.4379 -0.0755804 0)
(10.4711 -0.0726197 0)
(10.4881 -0.0741664 0)
(10.5184 -0.0690466 0)
(10.5383 -0.0704247 0)
(10.5662 -0.065796 0)
(10.5882 -0.0641429 0)
(10.6136 -0.0618608 0)
(10.6385 -0.0568842 0)
(10.6604 -0.055078 0)
(10.6885 -0.0501332 0)
(10.7083 -0.044616 0)
(10.7361 -0.0426613 0)
(10.758 -0.0326487 0)
(10.7825 -0.0309933 0)
(10.8065 -0.0216785 0)
(10.8313 -0.0136496 0)
(10.8518 -0.00969788 0)
(10.8818 0.00549493 0)
(10.8978 0.00885992 0)
(10.9291 0.0227762 0)
(10.9481 0.0352291 0)
(10.9741 0.0418554 0)
(10.999 0.0634969 0)
(11.0237 0.0699686 0)
(11.0454 0.090557 0)
(11.0804 0.106849 0)
(11.0909 0.122413 0)
(11.1391 0.145824 0)
(11.1435 0.165158 0)
(11.1954 0.188755 0)
(11.2064 0.212319 0)
(11.2531 0.246217 0)
(11.2742 0.260572 0)
(11.3214 0.315364 0)
(11.3451 0.323505 0)
(11.3978 0.386288 0)
(11.4309 0.407729 0)
(11.4759 0.466818 0)
(11.5336 0.508268 0)
(11.5675 0.564941 0)
(11.6453 0.63181 0)
(11.6789 0.680657 0)
(11.7731 0.793168 0)
(11.8089 0.813233 0)
(11.9234 1.00405 0)
(11.956 0.994423 0)
(12.1033 1.23878 0)
(12.1235 1.28837 0)
(12.2987 1.49437 0)
(12.3236 1.71308 0)
(12.4786 1.84892 0)
(12.5538 2.22132 0)
(12.6326 2.41988 0)
(12.7179 2.80704 0)
(12.7822 3.20767 0)
(12.7228 3.57356 0)
(12.8225 4.12422 0)
(9.99874 -0.0102073 0)
(10.007 -0.0270733 0)
(10.0126 -0.0445199 0)
(10.0306 -0.0583048 0)
(10.0447 -0.0683809 0)
(10.0684 -0.0776013 0)
(10.0872 -0.0811203 0)
(10.1117 -0.0867983 0)
(10.1317 -0.087811 0)
(10.1563 -0.0913635 0)
(10.1758 -0.0925157 0)
(10.2008 -0.0948469 0)
(10.2203 -0.0969441 0)
(10.2452 -0.0977081 0)
(10.2667 -0.100536 0)
(10.2912 -0.0992531 0)
(10.3146 -0.101968 0)
(10.3393 -0.100375 0)
(10.3621 -0.10102 0)
(10.3887 -0.101737 0)
(10.4095 -0.0988864 0)
(10.4386 -0.101757 0)
(10.4578 -0.097419 0)
(10.4882 -0.098752 0)
(10.5066 -0.0971567 0)
(10.5382 -0.0933129 0)
(10.5557 -0.0958241 0)
(10.5878 -0.0881175 0)
(10.6062 -0.0903879 0)
(10.6349 -0.0848845 0)
(10.6598 -0.0808695 0)
(10.6793 -0.081189 0)
(10.7142 -0.0710278 0)
(10.7255 -0.0727067 0)
(10.7638 -0.0630836 0)
(10.7776 -0.0595636 0)
(10.8079 -0.0534489 0)
(10.8322 -0.0463377 0)
(10.8531 -0.0374628 0)
(10.8828 -0.0344944 0)
(10.9027 -0.0164951 0)
(10.9307 -0.0195095 0)
(10.9523 0.0047972 0)
(10.9817 0.00302994 0)
(10.9994 0.024452 0)
(11.0354 0.0332085 0)
(11.0482 0.0463193 0)
(11.0888 0.065238 0)
(11.1012 0.0788399 0)
(11.1431 0.0942212 0)
(11.1569 0.121229 0)
(11.2038 0.130863 0)
(11.2114 0.159956 0)
(11.2754 0.186341 0)
(11.2667 0.197723 0)
(11.3541 0.247206 0)
(11.3337 0.253085 0)
(11.4334 0.309383 0)
(11.4159 0.31687 0)
(11.5227 0.394113 0)
(11.5058 0.381518 0)
(11.6279 0.497119 0)
(11.6152 0.467943 0)
(11.7389 0.608748 0)
(11.7548 0.58842 0)
(11.8636 0.727675 0)
(11.9254 0.765388 0)
(12.0017 0.851372 0)
(12.1445 1.00136 0)
(12.1595 1.03233 0)
(12.3919 1.26146 0)
(12.3832 1.34617 0)
(12.6221 1.55839 0)
(12.6983 1.79398 0)
(12.8239 2.0143 0)
(13.0238 2.36212 0)
(13.0505 2.69789 0)
(13.2285 3.11841 0)
(13.2483 3.61366 0)
(13.2522 4.11621 0)
(9.99882 -0.0137962 0)
(10.0085 -0.0376103 0)
(10.0176 -0.0602323 0)
(10.0383 -0.0774061 0)
(10.058 -0.0890757 0)
(10.0823 -0.0989055 0)
(10.1068 -0.102449 0)
(10.1283 -0.108273 0)
(10.1544 -0.109146 0)
(10.1732 -0.113784 0)
(10.1997 -0.114323 0)
(10.2174 -0.119052 0)
(10.2451 -0.119047 0)
(10.2624 -0.122989 0)
(10.2924 -0.122699 0)
(10.3096 -0.124616 0)
(10.3407 -0.12454 0)
(10.3591 -0.12552 0)
(10.3878 -0.124079 0)
(10.4099 -0.126931 0)
(10.4348 -0.122151 0)
(10.4611 -0.127286 0)
(10.4828 -0.120782 0)
(10.5122 -0.124473 0)
(10.5309 -0.120722 0)
(10.5642 -0.118919 0)
(10.5786 -0.119593 0)
(10.6164 -0.113697 0)
(10.6276 -0.113975 0)
(10.6657 -0.11092 0)
(10.6806 -0.10379 0)
(10.7111 -0.107851 0)
(10.7358 -0.0935634 0)
(10.757 -0.0991745 0)
(10.7872 -0.0863782 0)
(10.8081 -0.0847241 0)
(10.8335 -0.078033 0)
(10.8609 -0.0703945 0)
(10.8818 -0.0623948 0)
(10.9089 -0.0587302 0)
(10.9347 -0.040641 0)
(10.9555 -0.0446532 0)
(10.9852 -0.0188474 0)
(11.0091 -0.0227224 0)
(11.0285 0.00063629 0)
(11.0709 0.00657342 0)
(11.0697 0.0227948 0)
(11.1342 0.0356635 0)
(11.1182 0.0562536 0)
(11.1908 0.0610666 0)
(11.1815 0.0973124 0)
(11.2434 0.0970338 0)
(11.2494 0.129679 0)
(11.3113 0.154613 0)
(11.3085 0.161287 0)
(11.3953 0.211692 0)
(11.3823 0.217495 0)
(11.4685 0.258584 0)
(11.4892 0.292031 0)
(11.5423 0.31607 0)
(11.6061 0.374424 0)
(11.6404 0.383408 0)
(11.7372 0.482905 0)
(11.7517 0.456115 0)
(11.8979 0.607597 0)
(11.8932 0.57496 0)
(12.0636 0.719904 0)
(12.1017 0.768117 0)
(12.2349 0.837644 0)
(12.366 1.00956 0)
(12.4629 1.04083 0)
(12.6556 1.26976 0)
(12.7794 1.38028 0)
(12.9579 1.61332 0)
(13.1857 1.87181 0)
(13.2829 2.15965 0)
(13.5648 2.55852 0)
(13.6444 2.99921 0)
(13.8153 3.55264 0)
(13.8823 4.13751 0)
(10.0001 -0.0190102 0)
(10.0101 -0.0523841 0)
(10.0279 -0.0799842 0)
(10.0505 -0.101265 0)
(10.0802 -0.112994 0)
(10.1037 -0.123707 0)
(10.1354 -0.126517 0)
(10.1535 -0.132917 0)
(10.1841 -0.134305 0)
(10.1995 -0.140075 0)
(10.2284 -0.141105 0)
(10.2451 -0.147212 0)
(10.2729 -0.14629 0)
(10.2924 -0.151645 0)
(10.3195 -0.150213 0)
(10.341 -0.152522 0)
(10.3673 -0.153176 0)
(10.3902 -0.152391 0)
(10.4146 -0.153619 0)
(10.439 -0.153839 0)
(10.462 -0.151014 0)
(10.4881 -0.155607 0)
(10.5089 -0.148131 0)
(10.5386 -0.153773 0)
(10.5529 -0.14806 0)
(10.592 -0.146589 0)
(10.594 -0.149602 0)
(10.6461 -0.137626 0)
(10.6367 -0.147383 0)
(10.6943 -0.131899 0)
(10.6867 -0.138493 0)
(10.7337 -0.128345 0)
(10.7423 -0.127489 0)
(10.7708 -0.120145 0)
(10.7941 -0.119751 0)
(10.8144 -0.10504 0)
(10.8373 -0.112559 0)
(10.8627 -0.0882651 0)
(10.8798 -0.0998299 0)
(10.9066 -0.0732893 0)
(10.9288 -0.0804866 0)
(10.9452 -0.0591134 0)
(10.9804 -0.05599 0)
(10.9864 -0.0430468 0)
(11.0283 -0.0315228 0)
(11.0369 -0.0164851 0)
(11.0696 -0.0152882 0)
(11.0968 0.0220395 0)
(11.1137 0.00416195 0)
(11.1514 0.0517402 0)
(11.1807 0.048089 0)
(11.1916 0.0684914 0)
(11.2644 0.0984192 0)
(11.2469 0.104109 0)
(11.333 0.135095 0)
(11.3322 0.155431 0)
(11.4088 0.183496 0)
(11.4119 0.198651 0)
(11.5224 0.250214 0)
(11.4957 0.252426 0)
(11.6404 0.314289 0)
(11.6245 0.332791 0)
(11.7571 0.373415 0)
(11.7857 0.447156 0)
(11.9002 0.433756 0)
(11.9754 0.572718 0)
(12.0891 0.554501 0)
(12.1766 0.676576 0)
(12.357 0.744333 0)
(12.4017 0.802268 0)
(12.6975 0.979375 0)
(12.7088 1.01819 0)
(13.0603 1.23536 0)
(13.1814 1.38203 0)
(13.4541 1.63135 0)
(13.7319 1.89835 0)
(13.9449 2.30657 0)
(14.2661 2.78037 0)
(14.371 3.34345 0)
(14.6711 4.17782 0)
(10.0003 -0.026394 0)
(10.0169 -0.070356 0)
(10.0434 -0.0983311 0)
(10.0749 -0.118696 0)
(10.1099 -0.124476 0)
(10.1395 -0.133372 0)
(10.169 -0.133745 0)
(10.1912 -0.140983 0)
(10.2144 -0.143579 0)
(10.2348 -0.150087 0)
(10.2541 -0.152797 0)
(10.2774 -0.158398 0)
(10.2931 -0.158396 0)
(10.3196 -0.163632 0)
(10.3324 -0.161955 0)
(10.3595 -0.166024 0)
(10.3711 -0.164699 0)
(10.3964 -0.167766 0)
(10.4071 -0.165373 0)
(10.4311 -0.170435 0)
(10.4394 -0.163672 0)
(10.4659 -0.172204 0)
(10.4665 -0.162377 0)
(10.5016 -0.169828 0)
(10.4873 -0.163292 0)
(10.5377 -0.16322 0)
(10.5052 -0.163974 0)
(10.5693 -0.156447 0)
(10.5261 -0.15992 0)
(10.5912 -0.152718 0)
(10.5525 -0.150044 0)
(10.6056 -0.149838 0)
(10.579 -0.138571 0)
(10.6206 -0.142741 0)
(10.599 -0.128433 0)
(10.6398 -0.131662 0)
(10.6146 -0.115575 0)
(10.6574 -0.121824 0)
(10.6364 -0.0958225 0)
(10.6653 -0.114029 0)
(10.6689 -0.0708675 0)
(10.6695 -0.105784 0)
(10.6996 -0.0421038 0)
(10.6892 -0.0948472 0)
(10.714 -0.0154806 0)
(10.7332 -0.0705716 0)
(10.7176 -0.00112368 0)
(10.7888 -0.0321239 0)
(10.7338 0.0181985 0)
(10.8353 -0.0103728 0)
(10.782 0.0691197 0)
(10.8686 -0.00744868 0)
(10.8521 0.123557 0)
(10.9239 0.0200814 0)
(10.9092 0.153429 0)
(11.0205 0.0673661 0)
(10.9733 0.191037 0)
(11.1224 0.111072 0)
(11.082 0.239129 0)
(11.2292 0.16035 0)
(11.2207 0.305452 0)
(11.3567 0.190033 0)
(11.4075 0.412158 0)
(11.4973 0.22398 0)
(11.6243 0.518056 0)
(11.7205 0.290453 0)
(11.8341 0.627707 0)
(12.0461 0.410916 0)
(12.0563 0.697508 0)
(12.4679 0.629055 0)
(12.3901 0.800262 0)
(12.8825 0.869112 0)
(12.9196 0.979263 0)
(13.4061 1.20371 0)
(13.5599 1.27894 0)
(14.1211 1.67491 0)
(14.3357 1.86447 0)
(14.9852 2.51111 0)
(15.1507 3.04934 0)
(15.6678 4.11849 0)
(9.99907 -0.0623549 0)
(10.0335 -0.136189 0)
(10.0681 -0.174124 0)
(10.1069 -0.184162 0)
(10.1313 -0.186554 0)
(10.1525 -0.185017 0)
(10.1578 -0.189198 0)
(10.1638 -0.189447 0)
(10.1581 -0.197658 0)
(10.1579 -0.195495 0)
(10.146 -0.203161 0)
(10.1424 -0.197972 0)
(10.1253 -0.203864 0)
(10.1175 -0.197307 0)
(10.0961 -0.202874 0)
(10.0828 -0.194979 0)
(10.0588 -0.201689 0)
(10.0388 -0.192082 0)
(10.0133 -0.199915 0)
(9.98684 -0.18877 0)
(9.96068 -0.1973 0)
(9.92939 -0.184064 0)
(9.90048 -0.194743 0)
(9.86859 -0.177438 0)
(9.83209 -0.191642 0)
(9.80605 -0.170202 0)
(9.75788 -0.186019 0)
(9.7401 -0.164014 0)
(9.68315 -0.177634 0)
(9.66722 -0.1573 0)
(9.61287 -0.169309 0)
(9.5869 -0.146422 0)
(9.54782 -0.16344 0)
(9.50299 -0.130758 0)
(9.48612 -0.157769 0)
(9.41983 -0.114637 0)
(9.42822 -0.14696 0)
(9.33846 -0.102046 0)
(9.3783 -0.13041 0)
(9.25802 -0.0893138 0)
(9.3401 -0.115227 0)
(9.1813 -0.0692812 0)
(9.31169 -0.10511 0)
(9.11766 -0.0437823 0)
(9.28538 -0.0933953 0)
(9.08075 -0.0200438 0)
(9.25371 -0.0764791 0)
(9.07748 0.0040123 0)
(9.22498 -0.0604524 0)
(9.08808 0.0345676 0)
(9.23867 -0.0499877 0)
(9.07652 0.0745611 0)
(9.32187 -0.0437031 0)
(9.0539 0.117369 0)
(9.43967 -0.0301358 0)
(9.07361 0.147242 0)
(9.56357 0.00535833 0)
(9.14326 0.17373 0)
(9.71146 0.0330214 0)
(9.24147 0.226663 0)
(9.92066 0.0595498 0)
(9.35226 0.25882 0)
(10.1856 0.129942 0)
(9.56649 0.298432 0)
(10.3684 0.149131 0)
(9.98011 0.436156 0)
(10.5493 0.116002 0)
(10.4335 0.584254 0)
(10.9071 0.146225 0)
(10.9055 0.679078 0)
(11.4213 0.297044 0)
(11.4783 0.743929 0)
(12.0496 0.466215 0)
(12.3203 0.919056 0)
(12.8277 0.697919 0)
(13.4236 1.16712 0)
(14.0401 1.19984 0)
(14.858 1.6494 0)
(15.6955 2.32615 0)
(16.5422 3.14667 0)
(9.89935 -0.0453944 0)
(9.80855 -0.0986035 0)
(9.69675 -0.120851 0)
(9.57305 -0.12591 0)
(9.41534 -0.124303 0)
(9.25612 -0.123538 0)
(9.07791 -0.123819 0)
(8.91281 -0.125675 0)
(8.73495 -0.12656 0)
(8.57391 -0.127407 0)
(8.39847 -0.126268 0)
(8.2415 -0.125615 0)
(8.06691 -0.122874 0)
(7.91374 -0.121765 0)
(7.74001 -0.118541 0)
(7.59155 -0.117241 0)
(7.41934 -0.114043 0)
(7.27584 -0.112605 0)
(7.10553 -0.10926 0)
(6.96815 -0.107764 0)
(6.80042 -0.103844 0)
(6.67026 -0.102413 0)
(6.50484 -0.0982272 0)
(6.38314 -0.0963297 0)
(6.21987 -0.092566 0)
(6.10849 -0.0895968 0)
(5.94707 -0.0866349 0)
(5.8474 -0.0826978 0)
(5.688 -0.0800355 0)
(5.60053 -0.0756775 0)
(5.44504 -0.0727368 0)
(5.36841 -0.068124 0)
(5.22105 -0.0648721 0)
(5.15108 -0.0601485 0)
(5.01947 -0.0558689 0)
(4.94886 -0.0529386 0)
(4.84233 -0.0445277 0)
(4.76517 -0.0471466 0)
(4.68695 -0.0318612 0)
(4.60813 -0.0399024 0)
(4.54843 -0.0227452 0)
(4.48152 -0.0268663 0)
(4.435 -0.019367 0)
(4.37022 -0.011455 0)
(4.37164 -0.0121821 0)
(4.25411 -0.00593562 0)
(4.36476 0.00732633 0)
(4.15409 -0.0119433 0)
(4.37758 0.0312306 0)
(4.11294 -0.0152685 0)
(4.39095 0.0471184 0)
(4.11958 -0.00778647 0)
(4.44854 0.0571858 0)
(4.12083 0.00390271 0)
(4.6033 0.0729193 0)
(4.08879 -0.0018742 0)
(4.85271 0.125048 0)
(4.07773 -0.0493776 0)
(5.1225 0.198589 0)
(4.16109 -0.0631776 0)
(5.42691 0.212099 0)
(4.22799 -0.0574106 0)
(5.9074 0.318962 0)
(4.30759 -0.189171 0)
(6.35795 0.487171 0)
(4.65648 -0.226602 0)
(6.75228 0.54682 0)
(5.1012 -0.284526 0)
(7.2992 0.761227 0)
(5.64543 -0.431858 0)
(7.91221 0.954152 0)
(6.45972 -0.467107 0)
(8.59357 1.0896 0)
(7.56507 -0.394574 0)
(9.53185 1.164 0)
(8.93877 -0.236691 0)
(11.174 1.46513 0)
(10.7111 -0.181558 0)
(13.9273 2.25141 0)
(13.8219 0.608041 0)
(-0.246908 -0.273718 0)
(-0.0502367 -0.150615 0)
(0.052942 -0.0238221 0)
(0.190941 -0.00538453 0)
(0.349107 -0.00716511 0)
(0.470403 -0.0269018 0)
(0.554927 -0.000681494 0)
(0.536622 0.0486809 0)
(0.463738 0.0547095 0)
(0.346802 0.000967649 0)
(0.0887532 0.125939 0)
(-0.58233 0.474928 0)
(-1.51229 0.450116 0)
(-1.93565 0.253132 0)
(-2.4455 0.293972 0)
(-2.72307 0.0921299 0)
(-2.53794 -0.0971715 0)
(-2.2272 -0.16623 0)
(-1.6776 -0.238498 0)
(-0.521153 -0.426665 0)
(-0.389362 0.168681 0)
(-0.0803585 -0.11527 0)
(0.124479 -0.220053 0)
(0.153941 -0.331207 0)
(0.251365 -0.276653 0)
(0.382302 -0.185559 0)
(0.497193 -0.0629415 0)
(0.483978 0.0463987 0)
(0.251441 0.13492 0)
(-0.300801 0.419905 0)
(-1.19057 0.883096 0)
(-1.90428 1.06294 0)
(-2.44776 0.834179 0)
(-2.80129 0.681871 0)
(-3.17313 0.510994 0)
(-3.22963 0.0858627 0)
(-3.086 -0.31363 0)
(-2.57247 -0.827294 0)
(-1.83768 -1.28266 0)
(-0.264214 -1.87793 0)
(-0.576861 -0.959343 0)
(-0.783675 -0.769339 0)
(-0.452819 -0.203262 0)
(-0.0938726 -0.0829479 0)
(0.227767 -0.263583 0)
(0.290938 -0.304425 0)
(0.150392 -0.104161 0)
(-0.010572 0.331782 0)
(-0.284855 0.805458 0)
(-0.849412 1.29612 0)
(-1.60991 1.63184 0)
(-2.02836 1.60869 0)
(-2.27124 1.23004 0)
(-2.51947 0.974257 0)
(-2.66213 0.651913 0)
(-2.64713 0.0368941 0)
(-2.42559 -0.724504 0)
(-1.68688 -1.80013 0)
(-1.31939 -2.50637 0)
(0.122294 -2.91875 0)
(2.84651 0.956939 0)
(1.05587 -0.0108442 0)
(-0.100496 -1.07482 0)
(-0.505102 -1.19378 0)
(-0.442056 -0.673052 0)
(-0.0043642 -0.0427513 0)
(0.0643943 0.248532 0)
(-0.213517 0.465355 0)
(-0.684379 1.04923 0)
(-0.985963 1.83775 0)
(-1.27754 2.10062 0)
(-1.60337 1.77692 0)
(-1.77976 1.41591 0)
(-1.7993 1.0442 0)
(-1.61435 0.594422 0)
(-1.47294 -0.0635113 0)
(-1.28853 -0.98736 0)
(-0.59553 -2.17454 0)
(-0.836534 -2.82056 0)
(0.0722827 -3.04809 0)
(6.31224 1.87332 0)
(5.29556 1.64938 0)
(4.35937 1.53994 0)
(2.27448 0.636585 0)
(0.298566 -0.769327 0)
(-0.376603 -0.878397 0)
(-0.44155 0.0471732 0)
(-0.0496743 1.16436 0)
(-0.200635 1.62342 0)
(-0.620352 1.85695 0)
(-0.950894 2.05508 0)
(-1.12936 2.04581 0)
(-1.11949 1.535 0)
(-0.829884 0.809558 0)
(-0.60476 0.254629 0)
(-0.569692 -0.368648 0)
(-0.510839 -1.28901 0)
(0.104308 -2.25818 0)
(-0.581971 -2.91207 0)
(0.139066 -3.59189 0)
(8.44131 2.60648 0)
(7.73472 2.51045 0)
(6.85273 2.38608 0)
(5.65966 2.15447 0)
(4.34875 1.99818 0)
(2.14359 0.939791 0)
(-0.032512 -0.146551 0)
(-0.322394 0.245538 0)
(-0.0123834 1.46963 0)
(0.447905 2.46132 0)
(0.207283 2.70615 0)
(0.109826 2.14236 0)
(-0.037447 1.34954 0)
(-0.0753455 0.547274 0)
(-0.0495609 0.345963 0)
(0.150007 -0.0820689 0)
(0.171914 -1.39857 0)
(0.540714 -2.03425 0)
(-0.507449 -2.8493 0)
(0.406872 -3.70446 0)
(9.63134 3.07866 0)
(9.14451 3.1786 0)
(8.52606 3.17706 0)
(7.70758 3.19348 0)
(6.72093 3.13597 0)
(5.41009 2.9314 0)
(3.58966 2.41647 0)
(1.51437 1.4414 0)
(-0.030712 0.963896 0)
(0.0309338 1.71212 0)
(0.489528 2.42782 0)
(0.635003 2.3492 0)
(0.522626 1.84039 0)
(0.66708 0.711609 0)
(0.654926 -0.0880272 0)
(0.911138 -0.875188 0)
(0.395868 -1.9447 0)
(0.164715 -2.16599 0)
(-0.755315 -2.87049 0)
(0.477942 -3.69161 0)
(10.2825 3.42639 0)
(9.98874 3.64475 0)
(9.50906 3.76904 0)
(9.00704 3.95302 0)
(8.26474 3.99864 0)
(7.40637 4.08636 0)
(6.28413 3.96552 0)
(4.71048 3.48563 0)
(2.84983 2.79873 0)
(1.16929 2.00845 0)
(0.42132 1.9325 0)
(0.656835 1.86682 0)
(0.408772 1.35951 0)
(0.374412 0.521216 0)
(0.126928 0.38053 0)
(0.484927 0.401317 0)
(-0.168326 0.114374 0)
(0.247317 -0.342964 0)
(0.0370982 -2.56491 0)
(0.727774 -3.56953 0)
(10.6965 3.74059 0)
(10.4865 3.94192 0)
(10.1711 4.27973 0)
(9.75861 4.38199 0)
(9.2943 4.77471 0)
(8.67902 4.79895 0)
(7.93129 4.97228 0)
(6.9955 4.92312 0)
(5.72349 4.45517 0)
(4.16765 3.81105 0)
(2.6661 3.02282 0)
(1.65425 2.2657 0)
(0.959021 1.85728 0)
(1.84463 0.508234 0)
(1.65876 -0.350177 0)
(1.8095 -1.12389 0)
(0.812378 -2.54566 0)
(1.26421 -3.37171 0)
(0.863804 -4.34376 0)
(0.933253 -4.1139 0)
(11.0606 4.0022 0)
(10.8777 4.19733 0)
(10.5877 4.56892 0)
(10.3443 4.92909 0)
(9.89958 5.07292 0)
(9.54899 5.52154 0)
(8.96177 5.63132 0)
(8.38843 5.73502 0)
(7.58114 5.69667 0)
(6.60046 5.21704 0)
(5.45514 4.29983 0)
(4.92837 3.08871 0)
(4.34976 1.45911 0)
(4.87214 0.478932 0)
(4.0873 0.641556 0)
(4.30817 1.61568 0)
(3.80946 1.79934 0)
(3.39282 0.799064 0)
(2.11006 -0.394572 0)
(1.46549 -0.495191 0)
(11.3698 4.0356 0)
(11.2649 4.58307 0)
(10.9605 4.77324 0)
(10.7702 5.19772 0)
(10.4122 5.62539 0)
(10.0582 5.78605 0)
(9.71086 6.19453 0)
(9.21377 6.30819 0)
(8.61323 6.41316 0)
(7.98678 6.19542 0)
(6.37299 5.74142 0)
(4.74622 4.98013 0)
(1.42758 2.86746 0)
(-2.4251 0.0229334 0)
(-4.17767 -0.288955 0)
(-4.22464 -1.24487 0)
(-3.16537 -2.45228 0)
(-2.77556 -3.2123 0)
(-1.38825 -3.36263 0)
(-0.892187 -2.03515 0)
(11.7358 4.33147 0)
(11.6161 4.60219 0)
(11.4063 5.18947 0)
(11.1067 5.44511 0)
(10.8618 5.86339 0)
(10.5135 6.28454 0)
(10.0437 6.55098 0)
(9.8728 6.80207 0)
(9.2265 6.74293 0)
(9.10133 6.83094 0)
(8.56408 6.21549 0)
(8.37049 5.91716 0)
(8.05551 5.87044 0)
(6.95752 4.99957 0)
(6.41547 3.70459 0)
(4.81435 2.12264 0)
(4.71289 0.382234 0)
(3.69634 -0.242434 0)
(3.81773 -0.605003 0)
(0.537373 -1.83473 0)
(12.215 4.46121 0)
(12.0196 4.91486 0)
(11.781 5.29814 0)
(11.6136 5.83078 0)
(11.1307 6.21837 0)
(11.0155 6.51254 0)
(10.3905 6.85211 0)
(10.0945 7.31883 0)
(9.30596 7.59187 0)
(8.79801 7.80685 0)
(7.7078 8.04255 0)
(6.20024 7.12295 0)
(5.1821 6.17573 0)
(4.27392 4.54115 0)
(3.14491 2.12241 0)
(1.99433 0.277803 0)
(1.30306 -1.68656 0)
(0.367667 -2.63214 0)
(0.61007 -1.19576 0)
(0.527241 1.14443 0)
(12.5705 4.55407 0)
(12.5817 5.10897 0)
(12.2305 5.63622 0)
(12.0318 6.08668 0)
(11.5897 6.60084 0)
(11.2535 7.12875 0)
(10.8289 7.18114 0)
(10.7581 7.2225 0)
(10.5376 7.17514 0)
(10.5758 7.22937 0)
(11.0077 7.54035 0)
(10.676 7.80118 0)
(9.35299 7.07151 0)
(7.36139 5.9276 0)
(6.03784 4.55908 0)
(4.75664 3.01183 0)
(3.79456 1.52474 0)
(1.94776 0.678645 0)
(0.483783 -0.437936 0)
(-0.135588 -0.136417 0)
(13.2316 4.73114 0)
(13.0372 5.30131 0)
(12.8203 5.9094 0)
(12.5388 6.5092 0)
(12.044 6.82952 0)
(11.6408 7.48078 0)
(10.6787 8.18104 0)
(9.79051 8.81021 0)
(8.76367 8.98588 0)
(7.25312 8.5559 0)
(6.73873 8.11131 0)
(7.70628 8.21221 0)
(8.55212 8.39025 0)
(8.23496 7.46315 0)
(7.23876 6.02088 0)
(5.67603 3.94087 0)
(3.32364 1.60634 0)
(1.58819 0.733236 0)
(1.34751 0.690782 0)
(0.264103 1.06277 0)
(13.8233 4.85165 0)
(13.7848 5.59013 0)
(13.3778 6.24717 0)
(13.1674 7.08534 0)
(12.5152 7.50016 0)
(12.345 7.54761 0)
(12.2344 7.49134 0)
(12.1219 7.62401 0)
(12.3052 8.39092 0)
(11.655 8.78666 0)
(9.91526 8.28593 0)
(8.27375 7.54397 0)
(7.38566 7.64218 0)
(7.42129 7.96833 0)
(6.57273 7.25037 0)
(5.54642 5.88257 0)
(3.79764 4.54796 0)
(1.85267 2.05982 0)
(0.516564 1.23025 0)
(0.188783 1.74001 0)
(14.5056 4.78486 0)
(14.6194 5.86625 0)
(14.0843 6.55723 0)
(13.7714 7.45655 0)
(12.8821 8.61273 0)
(11.3636 9.57848 0)
(9.86797 10.1828 0)
(8.24287 9.63276 0)
(8.12203 9.21898 0)
(9.59004 9.98875 0)
(9.963 10.3423 0)
(9.16889 9.37285 0)
(7.5996 8.30586 0)
(7.21033 7.96248 0)
(6.89791 7.9473 0)
(6.04326 7.05976 0)
(4.74802 5.75771 0)
(3.08613 4.34171 0)
(1.19158 2.20583 0)
(0.270903 1.68479 0)
(15.6066 5.17175 0)
(15.5789 6.18415 0)
(15.139 7.17614 0)
(14.5808 7.48228 0)
(14.7404 7.9021 0)
(14.7328 8.34304 0)
(14.1368 9.23333 0)
(12.6445 9.71112 0)
(9.82107 8.9137 0)
(8.35271 8.52875 0)
(8.7177 9.66385 0)
(9.07851 10.2678 0)
(8.04123 9.71131 0)
(6.92486 8.76585 0)
(6.30553 8.31362 0)
(5.81651 8.0117 0)
(4.77267 6.97306 0)
(3.12386 5.2496 0)
(1.73645 4.36254 0)
(0.504594 3.44582 0)
(17.1753 5.18693 0)
(17.0035 7.05628 0)
(16.1582 8.83074 0)
(14.0346 10.0999 0)
(11.4278 10.9108 0)
(10.3994 10.9644 0)
(10.7956 10.9957 0)
(12.1819 11.7916 0)
(11.6227 11.7445 0)
(9.55056 10.4872 0)
(7.88332 9.56439 0)
(8.00161 10.0672 0)
(7.60877 10.3485 0)
(6.85533 9.88981 0)
(6.04455 9.39767 0)
(5.18381 8.73722 0)
(4.31791 8.25308 0)
(3.17554 7.12483 0)
(1.80489 4.90201 0)
(0.43803 3.74005 0)
(17.3463 3.87811 0)
(18.6347 5.73707 0)
(19.9142 7.92456 0)
(19.8268 9.84178 0)
(17.4903 10.7014 0)
(13.9508 10.7513 0)
(10.3255 10.139 0)
(9.80754 10.5808 0)
(10.7903 11.8042 0)
(10.4676 12.0318 0)
(8.58557 11.1016 0)
(7.62333 10.5622 0)
(7.26095 10.6207 0)
(6.54503 10.2851 0)
(6.02785 10.059 0)
(5.2775 9.75824 0)
(4.26635 9.01747 0)
(2.98599 7.94071 0)
(1.7785 6.75638 0)
(0.534718 5.56414 0)
(4.10411 3.25073 0)
(7.18944 4.91936 0)
(11.7249 7.854 0)
(16.255 11.7599 0)
(17.5389 14.3614 0)
(15.8895 14.4218 0)
(12.447 12.9084 0)
(9.53965 11.5583 0)
(9.24287 11.8181 0)
(9.84819 12.3586 0)
(8.9636 11.9854 0)
(7.63468 11.5675 0)
(6.8592 11.5386 0)
(6.15667 11.2767 0)
(5.45142 10.8119 0)
(4.91466 10.4936 0)
(4.1385 10.2952 0)
(2.98526 9.16842 0)
(1.64919 7.39543 0)
(0.495451 6.40705 0)
(-0.519389 -4.04266 0)
(1.87327 -3.72375 0)
(6.30967 1.62776 0)
(10.3814 7.29779 0)
(14.2234 12.4481 0)
(15.3988 15.7732 0)
(13.4805 15.4404 0)
(10.4002 13.1089 0)
(8.56819 12.2332 0)
(8.93128 13.1878 0)
(8.69374 13.0411 0)
(7.71003 12.204 0)
(6.86683 11.903 0)
(6.04362 11.7107 0)
(5.31652 11.5739 0)
(4.52063 11.2652 0)
(3.83859 10.9521 0)
(2.87045 10.309 0)
(1.65961 9.26222 0)
(0.490436 7.69301 0)
(2.60202 0.0138421 0)
(1.30355 -3.21695 0)
(1.90805 -1.70493 0)
(5.9276 5.01826 0)
(8.88903 10.3056 0)
(11.5068 14.1929 0)
(12.9218 17.0156 0)
(11.1738 16.028 0)
(8.60464 13.3197 0)
(7.97866 12.923 0)
(7.95317 13.7023 0)
(7.17657 13.4996 0)
(6.5748 13.0771 0)
(5.85927 12.603 0)
(5.09438 12.1721 0)
(4.42737 12.0104 0)
(3.67638 12.066 0)
(2.83764 11.2932 0)
(1.55121 9.82771 0)
(0.465169 8.50257 0)
(-1.39096 -6.11295 0)
(2.90069 -2.95197 0)
(-1.37663 -3.85866 0)
(2.59928 2.99791 0)
(3.63021 6.82119 0)
(8.17239 12.9088 0)
(9.47179 14.9676 0)
(10.5626 16.2205 0)
(9.17199 15.0062 0)
(7.95586 13.687 0)
(7.66601 13.4877 0)
(7.05936 13.5976 0)
(6.41427 13.6699 0)
(5.74833 13.5195 0)
(4.90481 13.1959 0)
(4.09525 12.7162 0)
(3.35103 12.6151 0)
(2.48303 12.2687 0)
(1.44452 11.3443 0)
(0.440595 9.67791 0)
(-1.87573 -2.04358 0)
(-2.79105 -3.79857 0)
(-3.89903 -0.617367 0)
(-4.24504 0.931269 0)
(-1.47708 6.36645 0)
(-0.223079 7.77545 0)
(8.52939 16.6363 0)
(9.10703 17.3688 0)
(8.48856 16.0153 0)
(7.25512 14.6367 0)
(6.70801 14.2981 0)
(6.37136 14.2155 0)
(6.16635 14.2853 0)
(5.57514 14.116 0)
(4.7756 13.8481 0)
(4.04994 13.6502 0)
(3.29965 13.656 0)
(2.54686 13.074 0)
(1.42446 11.9167 0)
(0.470631 10.5667 0)
(-0.900744 -0.93116 0)
(-3.93315 -1.47392 0)
(-5.34285 -1.40562 0)
(-5.6102 1.6709 0)
(-6.7271 1.57135 0)
(-5.46664 0.958641 0)
(-0.0813147 6.21029 0)
(8.69046 16.4741 0)
(9.45133 17.373 0)
(8.12353 15.6882 0)
(6.85529 14.5244 0)
(6.07491 14.4352 0)
(5.79573 14.7229 0)
(5.45717 14.8728 0)
(4.61992 14.6661 0)
(3.79546 14.2105 0)
(3.05012 14.2521 0)
(2.29617 14.1458 0)
(1.40312 13.3578 0)
(0.409529 11.5754 0)
(-0.791904 1.54518 0)
(-2.71328 0.293571 0)
(-4.37059 0.284552 0)
(-3.57777 1.58613 0)
(-3.99483 5.2124 0)
(-3.52254 1.54103 0)
(-4.90254 -0.848103 0)
(3.96469 10.8252 0)
(8.07995 16.1953 0)
(8.48006 16.8073 0)
(7.37464 15.8781 0)
(6.18557 15.1961 0)
(5.63339 15.2598 0)
(5.1866 15.3514 0)
(4.53502 15.3368 0)
(3.82717 15.1985 0)
(3.05446 15.1258 0)
(2.30877 14.6239 0)
(1.28498 13.7209 0)
(0.397861 12.3596 0)
(-0.556905 2.68292 0)
(-1.4769 1.85147 0)
(-3.02705 0.738034 0)
(-2.76637 0.694756 0)
(-2.84288 3.15238 0)
(0.473583 2.12102 0)
(-1.90833 0.194781 0)
(-3.2839 1.05116 0)
(6.802 13.244 0)
(8.55644 16.2083 0)
(8.20291 16.4887 0)
(6.80632 16.0421 0)
(5.80824 15.9236 0)
(5.18678 16.1457 0)
(4.33772 16.0793 0)
(3.5632 15.7143 0)
(2.82293 15.8703 0)
(2.08515 15.8558 0)
(1.30232 15.1307 0)
(0.320321 13.3249 0)
(-0.347333 3.36866 0)
(-0.429338 2.5452 0)
(-1.37666 1.91256 0)
(-0.239706 1.21717 0)
(-0.553526 0.760135 0)
(1.56114 1.16072 0)
(2.20339 2.54651 0)
(-0.290671 0.698107 0)
(2.2608 7.31683 0)
(7.43254 15.0745 0)
(8.43163 17.2475 0)
(7.36449 17.1288 0)
(6.0534 16.7866 0)
(5.20055 16.7493 0)
(4.37305 16.8682 0)
(3.58101 16.7434 0)
(2.78205 16.5545 0)
(2.04078 16.1159 0)
(1.12746 15.4747 0)
(0.301618 14.0054 0)
(-0.00943868 3.57505 0)
(0.0330019 3.11094 0)
(0.257697 1.06147 0)
(1.44827 -0.0308407 0)
(3.17738 0.995003 0)
(3.35429 -0.726713 0)
(3.83811 2.59836 0)
(4.13959 2.41129 0)
(1.484 2.45352 0)
(6.158 11.8427 0)
(8.24469 17.0167 0)
(7.64828 18.2304 0)
(6.32141 18.0038 0)
(5.21459 17.8255 0)
(4.18874 17.6123 0)
(3.34291 17.2847 0)
(2.58929 17.5027 0)
(1.83701 17.4428 0)
(1.1585 16.7466 0)
(0.204436 14.8162 0)
(-0.187527 3.11985 0)
(0.297493 2.13506 0)
(3.06249 0.736161 0)
(3.70105 -1.98416 0)
(5.63908 -0.321089 0)
(6.25013 -0.27575 0)
(6.03614 1.79271 0)
(6.69879 3.77496 0)
(4.01737 3.12514 0)
(5.02749 9.11469 0)
(7.70483 16.1218 0)
(7.69065 18.8541 0)
(6.36278 19.0617 0)
(5.17604 18.7659 0)
(4.1432 18.6418 0)
(3.27775 18.3383 0)
(2.48643 18.0005 0)
(1.76543 17.574 0)
(0.928235 17.0836 0)
(0.199114 15.3671 0)
(-0.636669 3.51975 0)
(1.84758 -0.505874 0)
(5.10669 -1.37493 0)
(5.99556 -3.6374 0)
(7.81563 -0.931656 0)
(8.32413 -0.63757 0)
(8.03588 1.31639 0)
(8.52256 4.71033 0)
(6.37136 4.41532 0)
(5.05357 7.63983 0)
(7.1517 15.3267 0)
(7.38103 19.444 0)
(6.21766 20.244 0)
(4.93775 19.9617 0)
(3.82027 19.4636 0)
(2.97204 19.0473 0)
(2.24425 19.1896 0)
(1.50751 18.9233 0)
(0.930144 18.1904 0)
(0.0889825 16.0243 0)
(0.786648 2.23483 0)
(3.54424 -3.17135 0)
(6.5931 -3.70054 0)
(7.50656 -4.95716 0)
(9.19865 -2.15193 0)
(9.79385 -0.747848 0)
(9.32649 1.44104 0)
(9.57297 5.48485 0)
(7.72885 6.0811 0)
(5.55734 7.90349 0)
(6.6402 14.7953 0)
(6.87382 19.788 0)
(5.72308 21.1024 0)
(4.57214 20.9221 0)
(3.53505 20.5569 0)
(2.71268 19.9605 0)
(2.00202 19.4415 0)
(1.35486 18.9467 0)
(0.640383 18.5076 0)
(0.0948276 16.4125 0)
(1.7817 -1.29756 0)
(4.4912 -5.69841 0)
(7.07019 -6.4087 0)
(8.15257 -6.17419 0)
(9.80067 -3.18195 0)
(10.1452 -0.923232 0)
(9.63915 1.64345 0)
(9.85891 6.16023 0)
(8.29806 7.39773 0)
(5.94771 8.7556 0)
(6.10152 15.0222 0)
(6.07197 20.3757 0)
(5.03585 22.1215 0)
(3.8848 21.9475 0)
(2.94789 21.2484 0)
(2.23709 20.7253 0)
(1.63571 20.6986 0)
(1.00625 20.1701 0)
(0.588847 19.3809 0)
(-0.0357243 16.8464 0)
(1.90773 -4.95482 0)
(4.57167 -8.56774 0)
(6.89117 -8.47682 0)
(8.01701 -7.19768 0)
(9.37812 -4.03793 0)
(9.42784 -1.13192 0)
(8.96821 2.2605 0)
(9.12061 6.95892 0)
(7.75536 8.60905 0)
(5.7316 9.81289 0)
(5.37995 15.4714 0)
(5.0683 20.9143 0)
(4.01857 22.822 0)
(3.11512 22.7389 0)
(2.32011 22.1634 0)
(1.75666 21.3289 0)
(1.23058 20.6342 0)
(0.7666 20.0419 0)
(0.23393 19.5653 0)
(-0.0352744 16.9785 0)
(1.7538 -8.54113 0)
(4.12118 -10.9477 0)
(6.06765 -10.2797 0)
(7.16643 -8.09682 0)
(8.10024 -4.50996 0)
(8.00692 -0.940631 0)
(7.65508 2.99481 0)
(7.67901 7.71978 0)
(6.48535 9.46744 0)
(4.89292 11.0848 0)
(4.35512 16.4238 0)
(3.75571 21.6433 0)
(2.85391 23.6197 0)
(2.09387 23.4631 0)
(1.52079 22.6379 0)
(1.09579 22.0321 0)
(0.726419 21.8488 0)
(0.316712 21.0743 0)
(0.132062 20.1864 0)
(-0.188332 17.1193 0)
(1.4889 -11.3531 0)
(3.40996 -13.1157 0)
(5.02299 -11.6671 0)
(5.91946 -8.77287 0)
(6.50039 -4.84358 0)
(6.36665 -0.859448 0)
(6.02475 3.59753 0)
(5.9075 8.20603 0)
(4.85857 10.1897 0)
(3.68654 12.2457 0)
(2.97415 17.5493 0)
(2.22334 22.4069 0)
(1.45949 24.0761 0)
(1.04198 23.8825 0)
(0.695172 23.1625 0)
(0.47494 22.2061 0)
(0.19688 21.3753 0)
(0.00545979 20.7153 0)
(-0.279658 20.1396 0)
(-0.210498 16.9248 0)
(1.19343 -13.6437 0)
(2.60172 -14.6023 0)
(3.80031 -12.6151 0)
(4.44542 -9.19616 0)
(4.75448 -4.96802 0)
(4.55644 -0.405658 0)
(4.1876 4.36441 0)
(3.92404 8.70177 0)
(3.08044 10.7043 0)
(2.21119 13.4604 0)
(1.37101 18.6504 0)
(0.514256 23.1089 0)
(0.0542907 24.608 0)
(-0.111577 24.2006 0)
(-0.223565 23.2594 0)
(-0.276839 22.6654 0)
(-0.370805 22.4124 0)
(-0.488431 21.5037 0)
(-0.410761 20.4273 0)
(-0.381632 16.6936 0)
(0.868459 -15.1427 0)
(1.79806 -15.6787 0)
(2.56625 -13.1962 0)
(2.88252 -9.41079 0)
(2.95154 -4.93217 0)
(2.69179 -0.0461943 0)
(2.19573 4.91076 0)
(1.88615 9.03391 0)
(1.28775 11.3565 0)
(0.466403 14.6676 0)
(-0.484583 19.7436 0)
(-1.20731 23.6839 0)
(-1.34783 24.6839 0)
(-1.22157 24.1716 0)
(-1.09073 23.3735 0)
(-0.934799 22.415 0)
(-0.921628 21.5514 0)
(-0.803223 20.8437 0)
(-0.830154 20.0821 0)
(-0.396693 16.1139 0)
(0.556521 -16.1685 0)
(0.963612 -16.1563 0)
(1.28123 -13.3283 0)
(1.25698 -9.22653 0)
(1.03101 -4.47508 0)
(0.750896 0.612936 0)
(0.0944428 5.45075 0)
(-0.0554597 9.34785 0)
(-0.579315 11.9521 0)
(-1.42936 15.8426 0)
(-2.29807 20.8219 0)
(-2.78179 24.1423 0)
(-2.61614 24.6913 0)
(-2.30213 23.9738 0)
(-1.96817 23.0747 0)
(-1.6313 22.6593 0)
(-1.44675 22.4184 0)
(-1.3008 21.4423 0)
(-0.936966 20.0688 0)
(-0.556616 15.5061 0)
(0.273558 -16.5549 0)
(0.200437 -16.2573 0)
(0.105333 -13.2035 0)
(-0.264651 -8.95052 0)
(-0.861865 -4.14169 0)
(-1.15438 1.25006 0)
(-1.78837 6.12156 0)
(-1.91939 9.78259 0)
(-2.5344 12.6541 0)
(-3.24073 16.8851 0)
(-3.98497 21.5435 0)
(-4.20885 24.0527 0)
(-3.77223 24.0687 0)
(-3.19773 23.4445 0)
(-2.63129 22.8566 0)
(-2.20466 22.0687 0)
(-1.95874 21.1899 0)
(-1.54189 20.4333 0)
(-1.34488 19.3856 0)
(-0.555195 14.5691 0)
(0.00613084 -16.585 0)
(-0.481421 -15.959 0)
(-1.00478 -12.6725 0)
(-1.6693 -8.25164 0)
(-2.48975 -3.38788 0)
(-2.88742 1.92848 0)
(-3.42024 6.54285 0)
(-3.59802 10.0717 0)
(-4.39658 13.4158 0)
(-4.91882 17.9561 0)
(-5.4164 21.9798 0)
(-5.33361 23.6912 0)
(-4.59016 23.4786 0)
(-3.89492 22.899 0)
(-3.28057 22.2208 0)
(-2.72063 22.048 0)
(-2.33328 21.8772 0)
(-1.96771 20.8947 0)
(-1.35892 19.12 0)
(-0.678958 13.6276 0)
(-0.207354 -16.1124 0)
(-1.04494 -15.3428 0)
(-1.88082 -11.9862 0)
(-2.82589 -7.5552 0)
(-3.79036 -2.63259 0)
(-4.24284 2.54696 0)
(-4.72592 6.81846 0)
(-5.06065 10.3724 0)
(-5.93633 14.1664 0)
(-6.3112 18.6553 0)
(-6.59155 21.9172 0)
(-6.10286 22.8634 0)
(-5.19302 22.4516 0)
(-4.41845 22.0631 0)
(-3.67382 21.8048 0)
(-3.14144 21.2761 0)
(-2.70891 20.3737 0)
(-2.07972 19.5174 0)
(-1.69402 18.0758 0)
(-0.609501 12.4443 0)
(-0.397041 -15.397 0)
(-1.52274 -14.3927 0)
(-2.61338 -10.8896 0)
(-3.66884 -6.48272 0)
(-4.77962 -1.79305 0)
(-5.1975 3.19186 0)
(-5.73359 7.16868 0)
(-6.23493 10.7946 0)
(-7.14712 14.8935 0)
(-7.29726 19.1359 0)
(-7.3229 21.5273 0)
(-6.56118 21.9217 0)
(-5.52511 21.6698 0)
(-4.7337 21.4102 0)
(-4.05739 20.9871 0)
(-3.4033 21.03 0)
(-2.8881 20.8967 0)
(-2.38478 19.915 0)
(-1.59348 17.6326 0)
(-0.690113 11.3207 0)
(-0.522857 -14.3725 0)
(-1.80695 -13.3519 0)
(-3.1083 -9.91669 0)
(-4.29178 -5.47082 0)
(-5.42925 -0.929663 0)
(-5.87339 3.8592 0)
(-6.49036 7.61106 0)
(-7.18845 11.3653 0)
(-7.99959 15.4994 0)
(-7.86396 19.1642 0)
(-7.7415 20.7178 0)
(-6.71202 20.8048 0)
(-5.67704 20.5965 0)
(-4.97479 20.424 0)
(-4.18174 20.5248 0)
(-3.63386 20.2513 0)
(-3.1187 19.2674 0)
(-2.3593 18.2202 0)
(-1.77375 16.3112 0)
(-0.594471 10.0945 0)
(-0.666041 -13.2331 0)
(-2.06516 -11.9697 0)
(-3.48885 -8.5391 0)
(-4.70724 -4.35845 0)
(-5.90557 -0.0232415 0)
(-6.35209 4.59296 0)
(-7.12242 8.24052 0)
(-7.84996 12.027 0)
(-8.50111 15.9292 0)
(-8.08849 18.9835 0)
(-7.86063 19.7278 0)
(-6.61449 19.8243 0)
(-5.71692 19.9186 0)
(-5.01334 19.8766 0)
(-4.33494 19.7451 0)
(-3.68123 19.8368 0)
(-3.07928 19.6614 0)
(-2.50528 18.6573 0)
(-1.58951 15.8072 0)
(-0.660248 8.96131 0)
(-0.751686 -11.891 0)
(-2.16296 -10.7408 0)
(-3.73016 -7.35693 0)
(-4.93339 -3.10381 0)
(-6.23062 0.921197 0)
(-6.64909 5.30796 0)
(-7.55252 8.82658 0)
(-8.32669 12.5823 0)
(-8.61455 16.1977 0)
(-7.96634 18.3595 0)
(-7.66574 18.5545 0)
(-6.38745 18.8855 0)
(-5.65102 18.842 0)
(-5.04939 18.7949 0)
(-4.22646 19.2819 0)
(-3.73606 19.1548 0)
(-3.19748 18.0187 0)
(-2.37373 16.6897 0)
(-1.67638 14.2445 0)
(-0.559407 7.83001 0)
(-0.864785 -10.4558 0)
(-2.29405 -9.13893 0)
(-3.86155 -5.9799 0)
(-5.02611 -1.91905 0)
(-6.37641 1.8668 0)
(-6.87933 6.0382 0)
(-7.66062 9.53816 0)
(-8.45518 12.9476 0)
(-8.44603 16.1586 0)
(-7.72428 17.6975 0)
(-7.45087 17.5648 0)
(-6.02647 18.1757 0)
(-5.54451 18.2019 0)
(-4.80936 18.495 0)
(-4.2142 18.6009 0)
(-3.63322 18.566 0)
(-2.99696 18.3678 0)
(-2.41061 17.2475 0)
(-1.44058 13.932 0)
(-0.653602 6.73933 0)
(-0.866095 -8.98415 0)
(-2.28153 -7.87391 0)
(-3.91279 -4.66146 0)
(-5.01539 -0.665191 0)
(-6.33171 2.88446 0)
(-7.00246 6.6461 0)
(-7.67672 10.0954 0)
(-8.28694 13.2936 0)
(-8.01801 16.0811 0)
(-7.34699 16.7883 0)
(-7.04821 16.5901 0)
(-5.69392 17.417 0)
(-5.36145 17.2723 0)
(-4.65324 17.4351 0)
(-3.93335 18.0644 0)
(-3.52385 18.0655 0)
(-2.9954 16.784 0)
(-2.19643 15.0739 0)
(-1.51143 12.1851 0)
(-0.537694 5.73046 0)
(-0.944973 -7.42907 0)
(-2.3374 -6.2243 0)
(-3.96533 -3.37672 0)
(-4.95732 0.534981 0)
(-6.16154 3.9432 0)
(-6.88669 7.40289 0)
(-7.45358 10.5441 0)
(-8.06335 13.324 0)
(-7.55973 15.7053 0)
(-6.9607 15.9929 0)
(-6.56084 15.8922 0)
(-5.24918 16.9008 0)
(-5.12595 16.7187 0)
(-4.24044 17.2993 0)
(-3.91181 17.5083 0)
(-3.31484 17.3562 0)
(-2.70693 17.052 0)
(-2.20121 15.9206 0)
(-1.29383 12.1983 0)
(-0.681202 4.69944 0)
(-1.02439 -5.86548 0)
(-2.35932 -4.84573 0)
(-3.99741 -2.10425 0)
(-4.94227 1.64723 0)
(-5.92271 4.89692 0)
(-6.76395 8.01684 0)
(-7.05086 11.1789 0)
(-7.60529 13.4946 0)
(-7.03194 15.3207 0)
(-6.5366 15.1048 0)
(-6.10667 15.0273 0)
(-4.93086 16.2857 0)
(-4.79596 16.0693 0)
(-4.04757 16.2468 0)
(-3.50365 16.8922 0)
(-3.04139 17.0414 0)
(-2.64787 15.8431 0)
(-1.89966 13.6152 0)
(-1.34027 10.3525 0)
(-0.485656 3.67126 0)
(-1.09404 -4.20735 0)
(-2.48228 -3.31707 0)
(-4.05977 -0.871017 0)
(-5.05033 2.59209 0)
(-5.71546 5.91196 0)
(-6.51744 8.61885 0)
(-6.95769 11.3252 0)
(-7.22854 13.5382 0)
(-6.53651 14.8344 0)
(-6.02996 14.4114 0)
(-5.58926 14.4718 0)
(-4.54438 15.849 0)
(-4.52977 15.4455 0)
(-3.6173 16.0991 0)
(-3.35822 16.5351 0)
(-2.74709 16.3397 0)
(-2.23492 15.7945 0)
(-1.93581 14.7158 0)
(-1.05882 10.8743 0)
(-0.457442 2.92934 0)
(-1.17822 -2.49121 0)
(-2.60521 -1.83163 0)
(-4.16458 0.361067 0)
(-5.15511 3.48993 0)
(-5.88576 6.55237 0)
(-6.22551 9.46285 0)
(-6.72045 11.6714 0)
(-6.88374 13.297 0)
(-6.32527 14.1764 0)
(-5.6694 13.5943 0)
(-5.12709 13.7385 0)
(-4.04322 15.4351 0)
(-4.0745 14.9384 0)
(-3.38249 15.2124 0)
(-2.92163 15.8049 0)
(-2.41526 16.1492 0)
(-2.18462 15.0591 0)
(-1.49384 12.6301 0)
(-1.05865 8.93169 0)
(-0.11188 1.95629 0)
(-1.18021 -0.671502 0)
(-2.69102 -0.327854 0)
(-4.30613 1.55095 0)
(-5.14446 4.47055 0)
(-6.05425 7.06065 0)
(-6.39446 9.70688 0)
(-6.53971 11.8589 0)
(-6.43851 13.2148 0)
(-5.76686 13.6599 0)
(-5.12641 12.7522 0)
(-4.63449 13.1379 0)
(-3.78728 14.8851 0)
(-3.78647 14.3693 0)
(-2.83036 15.0805 0)
(-2.61015 15.7555 0)
(-2.08084 15.4127 0)
(-1.64581 14.5692 0)
(-1.28147 13.6258 0)
(-0.799261 9.85667 0)
(0.0192107 1.77226 0)
(-1.04681 1.19418 0)
(-2.56062 1.24065 0)
(-4.40741 2.6102 0)
(-5.15484 5.35506 0)
(-5.74371 7.87451 0)
(-6.37316 9.87965 0)
(-6.37341 11.685 0)
(-6.23123 12.6166 0)
(-5.29628 12.8125 0)
(-4.50511 12.1708 0)
(-3.95148 12.7484 0)
(-3.33358 14.3158 0)
(-3.30113 14.0317 0)
(-2.72389 14.2035 0)
(-2.19448 14.8599 0)
(-1.71169 15.1559 0)
(-1.45095 14.4333 0)
(-0.825158 11.7708 0)
(-0.506942 7.81862 0)
(0.240822 1.1102 0)
(-0.691834 2.92896 0)
(-2.11113 2.89749 0)
(-4.10055 3.79423 0)
(-5.21041 5.90362 0)
(-5.44028 8.44447 0)
(-5.88033 10.3092 0)
(-5.65737 11.5572 0)
(-5.60026 12.2099 0)
(-4.68009 11.9577 0)
(-4.15899 11.3046 0)
(-3.51534 12.2015 0)
(-2.92562 14.041 0)
(-2.85204 13.7038 0)
(-2.00549 14.0066 0)
(-1.89657 14.9459 0)
(-1.4812 14.4534 0)
(-0.916869 13.5962 0)
(-0.579475 12.6868 0)
(-0.141109 9.20985 0)
(0.271632 1.50263 0)
(-0.191271 4.1219 0)
(-1.40858 4.49803 0)
(-3.23678 5.24297 0)
(-4.7624 6.65733 0)
(-5.17432 8.61288 0)
(-5.42869 10.2514 0)
(-5.05779 11.3301 0)
(-4.50745 11.6956 0)
(-3.85321 11.4038 0)
(-3.31087 11.0922 0)
(-3.25673 11.6575 0)
(-2.74083 13.3245 0)
(-2.43895 13.319 0)
(-1.79332 13.368 0)
(-1.31869 14.0604 0)
(-0.942275 14.2924 0)
(-0.586672 13.8504 0)
(-0.0136563 10.8294 0)
(0.00199133 6.80614 0)
(0.556668 1.09791 0)
(0.186944 4.68678 0)
(-0.763376 5.84357 0)
(-2.22286 6.83325 0)
(-3.73057 7.80787 0)
(-4.35479 9.01346 0)
(-4.71765 10.2126 0)
(-4.46516 10.8218 0)
(-3.93085 10.9321 0)
(-3.21142 10.9048 0)
(-2.69135 10.703 0)
(-2.46001 11.6089 0)
(-2.38072 13.0344 0)
(-2.08082 12.7417 0)
(-1.46613 12.91 0)
(-1.23018 14.0306 0)
(-0.73285 13.6262 0)
(-0.203211 12.5479 0)
(0.0358646 11.984 0)
(0.486236 8.93838 0)
(0.388293 2.1574 0)
(0.205836 4.85674 0)
(-0.453886 6.95352 0)
(-1.6483 8.16062 0)
(-2.78249 9.00581 0)
(-3.27158 9.70264 0)
(-3.6305 10.3275 0)
(-3.45097 10.719 0)
(-3.23374 10.485 0)
(-2.94215 10.3278 0)
(-2.49319 10.4106 0)
(-2.30857 11.3669 0)
(-1.75028 12.7718 0)
(-1.35397 12.6204 0)
(-1.10186 12.6186 0)
(-0.776152 13.0302 0)
(-0.280037 13.3278 0)
(0.0925156 13.2912 0)
(0.564999 10.3904 0)
(0.534856 6.26433 0)
(0.595579 1.65962 0)
(-0.1312 5.06053 0)
(-0.631537 7.87444 0)
(-1.71179 9.17187 0)
(-2.44602 9.77188 0)
(-2.64509 10.066 0)
(-2.8872 10.5245 0)
(-2.3548 10.52 0)
(-2.52063 10.4708 0)
(-2.24255 10.2566 0)
(-2.37525 10.1875 0)
(-2.29385 10.9518 0)
(-1.87143 12.1349 0)
(-1.07847 12.0991 0)
(-0.558403 12.372 0)
(-0.247352 13.1536 0)
(0.0176109 12.8265 0)
(0.341194 11.5055 0)
(0.675078 11.2526 0)
(0.84937 9.43913 0)
(0.490927 3.45424 0)
(-0.737717 5.62429 0)
(-1.25909 8.80995 0)
(-2.41495 9.84813 0)
(-2.62651 10.15 0)
(-2.79431 10.1475 0)
(-2.64445 10.2333 0)
(-2.10286 10.2071 0)
(-1.92627 10.4502 0)
(-1.65706 10.1101 0)
(-1.7516 10.4761 0)
(-1.87926 10.8712 0)
(-1.64073 11.4617 0)
(-1.24712 11.5079 0)
(-0.744359 11.8097 0)
(-0.067592 12.287 0)
(0.505883 12.7135 0)
(0.87153 12.8252 0)
(1.11066 9.84612 0)
(0.548962 6.18921 0)
(0.652537 2.46833 0)
(-1.48901 6.80178 0)
(-2.23786 9.77644 0)
(-3.44046 10.4752 0)
(-3.20685 10.1676 0)
(-3.50346 9.9102 0)
(-2.97533 9.95299 0)
(-2.52104 9.60957 0)
(-2.12623 10.103 0)
(-1.48653 9.97576 0)
(-1.37017 10.3673 0)
(-1.06001 10.8274 0)
(-0.829995 11.4272 0)
(-0.726216 11.3465 0)
(-0.376055 11.189 0)
(-0.214184 11.9237 0)
(0.440048 11.8974 0)
(0.69454 10.9483 0)
(1.0733 11.5011 0)
(1.569 10.4139 0)
(0.547415 5.18724 0)
(-1.91237 8.8024 0)
(-3.00653 10.8356 0)
(-4.17838 10.9907 0)
(-3.58742 10.1068 0)
(-4.11322 9.73317 0)
(-3.48799 9.45355 0)
(-3.28581 9.16562 0)
(-2.80098 9.48085 0)
(-2.03294 9.32322 0)
(-1.66146 9.98763 0)
(-0.914715 10.4117 0)
(-0.1595 10.9673 0)
(0.108631 11.2545 0)
(0.531594 11.3228 0)
(0.315653 11.4429 0)
(0.581847 11.7397 0)
(0.86809 12.0263 0)
(1.04445 9.18264 0)
(0.412657 6.35108 0)
(0.370006 3.80236 0)
(-1.19625 11.3012 0)
(-2.67954 12.0606 0)
(-3.42067 11.5839 0)
(-2.95348 10.1313 0)
(-3.61742 9.6283 0)
(-3.32091 9.40823 0)
(-3.30074 8.86936 0)
(-3.19002 8.88917 0)
(-2.54322 8.85809 0)
(-2.25777 9.11948 0)
(-1.33214 9.46531 0)
(-0.654323 10.3258 0)
(0.243966 10.6205 0)
(1.1079 10.8682 0)
(1.29665 11.8175 0)
(1.26335 11.496 0)
(1.25666 10.5327 0)
(1.72284 11.5866 0)
(1.73904 11.4992 0)
(0.599898 6.46967 0)
(0.372374 12.6855 0)
(-0.9819 13.1748 0)
(-0.989399 11.9017 0)
(-1.25968 10.3578 0)
(-1.83027 9.98508 0)
(-2.0391 9.45818 0)
(-1.9351 8.99913 0)
(-2.18491 8.83187 0)
(-1.77726 8.47777 0)
(-1.91065 8.66125 0)
(-1.45064 8.94679 0)
(-1.02635 9.20196 0)
(-0.384092 9.62741 0)
(0.393844 10.2459 0)
(1.17635 11.4885 0)
(1.77986 11.741 0)
(1.48674 11.8965 0)
(0.867623 9.21039 0)
(0.106107 7.75381 0)
(0.433785 5.6482 0)
(1.03358 11.8794 0)
(1.0501 13.5221 0)
(1.22002 12.0541 0)
(0.443015 11.0516 0)
(-0.00642734 10.3279 0)
(0.042179 9.69842 0)
(0.289802 9.09135 0)
(0.357722 8.76852 0)
(0.497163 8.70909 0)
(0.333296 8.71859 0)
(0.214969 8.68718 0)
(-0.210783 9.24157 0)
(-0.246122 9.18089 0)
(-0.142653 9.31551 0)
(0.433738 10.4336 0)
(1.23137 11.1393 0)
(1.75652 11.2132 0)
(2.21186 11.8757 0)
(2.00709 11.4039 0)
(0.691159 7.02637 0)
(0.428546 10.2855 0)
(1.8427 13.3916 0)
(1.1737 12.1827 0)
(1.10604 11.5229 0)
(1.57807 10.4061 0)
(2.13692 9.28881 0)
(3.10282 8.70032 0)
(3.47587 8.61602 0)
(3.91012 8.51562 0)
(3.78481 8.92653 0)
(3.44466 9.41713 0)
(2.73675 9.49591 0)
(1.80213 9.69576 0)
(0.72434 9.51674 0)
(0.179862 10.0957 0)
(0.727049 10.4627 0)
(1.06553 11.1307 0)
(1.04242 10.1032 0)
(0.593542 10.7173 0)
(0.548962 8.67891 0)
(-0.636757 9.52571 0)
(0.885206 13.3325 0)
(-0.16687 12.0902 0)
(1.63312 10.7264 0)
(3.01123 9.07564 0)
(4.67177 8.22768 0)
(5.90367 7.72969 0)
(6.86562 7.7657 0)
(7.32527 8.39322 0)
(7.48767 8.9729 0)
(7.22894 9.76184 0)
(6.32742 10.6638 0)
(5.12357 10.9904 0)
(3.68946 10.8158 0)
(1.83545 10.3506 0)
(0.850562 10.2609 0)
(0.389389 10.6083 0)
(0.842746 11.0336 0)
(1.19859 10.6798 0)
(-0.10085 6.89151 0)
(-1.6572 9.97067 0)
(-0.331033 13.1219 0)
(-0.232092 10.9007 0)
(2.81209 8.30286 0)
(5.17459 7.01704 0)
(7.05036 6.29623 0)
(8.68055 6.42258 0)
(9.54763 6.98294 0)
(10.21 7.8088 0)
(10.3562 9.16064 0)
(10.1647 10.3675 0)
(9.63435 11.3792 0)
(8.37225 12.2713 0)
(6.84179 12.6711 0)
(4.77294 12.5594 0)
(2.79201 11.7877 0)
(1.63958 11.2407 0)
(1.65945 10.6197 0)
(0.588855 12.9572 0)
(0.916669 11.154 0)
(-2.27429 11.1806 0)
(-0.266389 12.1165 0)
(1.50229 8.35613 0)
(4.81354 5.42029 0)
(7.24707 4.56991 0)
(9.26255 4.62906 0)
(10.3437 5.11995 0)
(11.3716 6.22891 0)
(11.8007 7.67249 0)
(12.1299 9.07929 0)
(11.9369 10.7364 0)
(11.5082 12.3599 0)
(10.6173 13.5603 0)
(9.50406 14.2998 0)
(7.64879 14.3753 0)
(5.44802 13.6648 0)
(2.71447 12.2227 0)
(0.112763 11.1549 0)
(0.176886 10.1856 0)
(-0.0954924 7.13803 0)
(-2.03205 12.4221 0)
(1.24633 9.92932 0)
(3.74021 5.10687 0)
(6.71452 2.78464 0)
(8.85204 2.61033 0)
(10.2656 3.14689 0)
(11.229 4.27019 0)
(11.9774 5.63465 0)
(12.5401 7.32902 0)
(12.813 9.2742 0)
(12.7778 10.9989 0)
(12.5566 12.6867 0)
(11.7728 14.401 0)
(10.8669 15.7707 0)
(9.49982 16.5607 0)
(7.49422 16.144 0)
(4.82934 15.1926 0)
(3.64155 13.1425 0)
(1.87119 13.7136 0)
(1.5871 12.3097 0)
(-0.799544 12.0663 0)
(3.1239 7.01123 0)
(5.50972 2.20827 0)
(7.90834 0.671005 0)
(9.53398 1.15229 0)
(10.5936 2.08415 0)
(11.2734 3.38649 0)
(12.3008 5.11611 0)
(12.6587 7.03524 0)
(13.1727 8.94481 0)
(13.09 11.2609 0)
(12.9047 13.2883 0)
(12.4233 15.0729 0)
(11.6027 16.5588 0)
(10.5093 17.8615 0)
(9.25742 18.1544 0)
(6.98011 16.9598 0)
(4.05738 14.8377 0)
(1.7828 13.3779 0)
(0.380002 10.4034 0)
(0.656774 9.70801 0)
(4.31011 3.84165 0)
(6.3236 -0.198144 0)
(8.33714 -0.810804 0)
(9.54029 -0.0252408 0)
(10.3978 1.09136 0)
(11.2485 2.57262 0)
(12.1918 4.39206 0)
(12.8112 6.61229 0)
(13.1503 8.89638 0)
(13.2856 11.0744 0)
(13.2082 13.4021 0)
(12.6001 15.848 0)
(11.9249 17.5398 0)
(10.864 19.1141 0)
(9.56275 19.9973 0)
(7.40323 19.7103 0)
(4.71846 17.1246 0)
(1.82687 14.8347 0)
(1.53148 13.2883 0)
(1.3833 6.49439 0)
(4.60598 0.978097 0)
(6.37354 -2.03217 0)
(8.15488 -2.09168 0)
(9.19146 -1.0936 0)
(10.0121 0.0181472 0)
(10.9883 1.68611 0)
(12.0134 3.76498 0)
(12.4956 6.01129 0)
(13.0157 8.62103 0)
(12.9965 11.4755 0)
(13.158 13.8805 0)
(12.8119 16.2685 0)
(11.9761 18.4465 0)
(10.783 20.0162 0)
(10.0482 21.3018 0)
(8.35474 21.6123 0)
(6.5421 20.1774 0)
(4.23485 18.964 0)
(0.741154 15.5891 0)
(1.55176 3.37774 0)
(4.29288 -1.64502 0)
(6.11493 -3.60661 0)
(7.60428 -3.25941 0)
(8.60862 -2.11995 0)
(9.52613 -0.934872 0)
(10.4931 0.765732 0)
(11.4373 3.07695 0)
(11.9368 5.76437 0)
(12.2182 8.278 0)
(12.5949 11.1618 0)
(12.6398 14.3032 0)
(12.4756 17.114 0)
(12.0273 19.4188 0)
(10.669 21.3365 0)
(9.61463 22.7791 0)
(8.32931 23.5788 0)
(5.74827 21.5826 0)
(1.93496 18.7464 0)
(1.46915 16.6157 0)
(1.4771 0.481064 0)
(3.8791 -3.97887 0)
(5.66136 -4.96404 0)
(6.91333 -4.40507 0)
(7.98812 -3.10473 0)
(8.77574 -1.98868 0)
(9.83662 0.134223 0)
(10.5512 2.4196 0)
(10.9023 5.33643 0)
(11.2906 8.33568 0)
(11.4228 11.3216 0)
(11.8315 14.288 0)
(11.9129 17.5589 0)
(11.4436 20.3085 0)
(10.4174 22.2414 0)
(9.19626 23.9274 0)
(7.72501 25.3501 0)
(6.21682 24.9561 0)
(4.3813 23.4072 0)
(0.610751 19.8433 0)
(1.38662 -2.17993 0)
(3.47583 -6.03217 0)
(5.16037 -6.26822 0)
(6.20257 -5.4803 0)
(7.3266 -4.05391 0)
(8.02304 -2.83837 0)
(8.90536 -0.651605 0)
(9.60585 2.14718 0)
(9.84426 4.77146 0)
(10.2131 7.63963 0)
(10.4111 10.9746 0)
(10.709 14.3268 0)
(10.8852 17.8147 0)
(10.8922 21.0907 0)
(9.69942 23.5993 0)
(8.82805 25.1717 0)
(7.93282 26.7599 0)
(6.06061 26.0156 0)
(2.8554 24.5335 0)
(1.84508 22.1772 0)
(1.27668 -4.5754 0)
(3.07909 -7.84515 0)
(4.66049 -7.4027 0)
(5.47305 -6.5087 0)
(6.68654 -4.90257 0)
(7.20386 -3.69851 0)
(8.11054 -1.21318 0)
(8.53848 1.49213 0)
(8.9427 4.77908 0)
(9.17245 7.63861 0)
(9.42435 10.587 0)
(9.65348 14.0437 0)
(9.86861 17.8024 0)
(10.0242 21.3667 0)
(9.36638 24.3207 0)
(7.85974 26.4189 0)
(6.72855 28.544 0)
(5.48824 28.753 0)
(3.40218 27.0551 0)
(0.11509 22.9818 0)
(1.13822 -6.74367 0)
(2.67844 -9.3968 0)
(4.08164 -8.55971 0)
(4.84204 -7.4784 0)
(6.05879 -5.73866 0)
(6.31577 -4.40171 0)
(7.32013 -1.64114 0)
(7.75985 0.999929 0)
(8.0755 3.82667 0)
(8.55999 7.20551 0)
(8.59433 10.5369 0)
(8.76437 13.8319 0)
(8.81429 17.7968 0)
(8.92133 22.0278 0)
(8.34449 25.1886 0)
(7.61862 27.3746 0)
(6.43399 29.4968 0)
(5.17724 29.9661 0)
(3.02788 29.3476 0)
(2.39681 27.6376 0)
(0.980968 -8.6018 0)
(2.23695 -10.7618 0)
(3.50242 -9.57033 0)
(4.18923 -8.32971 0)
(5.35446 -6.54823 0)
(5.6176 -5.17336 0)
(6.49717 -2.19914 0)
(6.89826 0.682605 0)
(7.39501 3.87216 0)
(7.76809 6.84346 0)
(7.944 10.2713 0)
(7.88258 13.8305 0)
(8.04572 17.6856 0)
(8.23821 21.9161 0)
(7.80805 25.8842 0)
(6.58615 28.3939 0)
(5.93079 30.9987 0)
(4.74098 31.9116 0)
(2.4593 30.7536 0)
(-0.832584 26.4514 0)
(0.806793 -10.1371 0)
(1.82734 -11.8984 0)
(2.89571 -10.5191 0)
(3.55676 -9.14477 0)
(4.57901 -7.26696 0)
(4.79131 -5.62976 0)
(5.84192 -2.76044 0)
(6.05907 -0.263197 0)
(6.66211 3.1691 0)
(7.11669 6.90392 0)
(7.11453 10.2637 0)
(7.25528 13.7062 0)
(7.01007 17.9332 0)
(6.9941 22.496 0)
(6.83531 26.3985 0)
(6.05687 29.1527 0)
(4.83593 31.7695 0)
(4.015 32.889 0)
(2.67978 32.8444 0)
(2.68543 31.5572 0)
(0.650389 -11.3674 0)
(1.42839 -12.8445 0)
(2.31717 -11.3368 0)
(2.96727 -9.83471 0)
(3.83169 -8.0387 0)
(3.95405 -6.19941 0)
(5.04864 -3.0955 0)
(5.27725 -0.498032 0)
(5.88834 2.85189 0)
(6.21032 6.34011 0)
(6.41796 10.1624 0)
(6.23174 13.9878 0)
(6.40537 17.8458 0)
(6.54103 22.4384 0)
(5.99509 27.0145 0)
(5.34939 30.0448 0)
(4.95305 33.1334 0)
(3.96707 34.7264 0)
(1.9072 34.216 0)
(-1.16735 29.6536 0)
(0.512961 -12.3185 0)
(1.09809 -13.6014 0)
(1.79876 -11.9903 0)
(2.33391 -10.4239 0)
(3.01686 -8.63308 0)
(3.39145 -6.8222 0)
(4.17451 -3.97031 0)
(4.32952 -1.18635 0)
(5.03368 2.75172 0)
(5.27102 6.43878 0)
(5.39133 9.94768 0)
(5.64694 13.6857 0)
(5.32445 18.1788 0)
(5.28053 22.8389 0)
(5.4761 27.1098 0)
(4.61137 30.4963 0)
(3.71055 33.5157 0)
(3.25055 35.0964 0)
(2.16723 35.3932 0)
(2.72075 34.3887 0)
(0.392053 -13.0493 0)
(0.824819 -14.1783 0)
(1.37044 -12.5442 0)
(1.8473 -10.9042 0)
(2.19389 -9.13223 0)
(2.58921 -6.9687 0)
(3.37719 -4.37188 0)
(3.47368 -1.64257 0)
(4.10645 2.15668 0)
(4.31013 5.96224 0)
(4.44952 10.0754 0)
(4.50449 14.0344 0)
(4.85431 18.1145 0)
(4.70794 22.9113 0)
(4.37993 27.7287 0)
(4.23038 31.1237 0)
(3.81954 34.6351 0)
(2.8674 36.8526 0)
(1.3468 36.809 0)
(-1.38983 32.2733 0)
(0.303649 -13.5979 0)
(0.591808 -14.6035 0)
(0.988624 -12.9436 0)
(1.37484 -11.2909 0)
(1.6385 -9.62049 0)
(1.87962 -7.62435 0)
(2.34424 -4.86119 0)
(2.5257 -1.61431 0)
(3.08612 2.23567 0)
(3.17887 5.76573 0)
(3.55246 9.45364 0)
(3.97995 13.4755 0)
(3.61582 18.1973 0)
(3.96964 22.8445 0)
(4.15638 27.5674 0)
(3.45722 31.3038 0)
(3.12424 34.928 0)
(2.93061 36.9687 0)
(1.79329 37.8758 0)
(2.67201 36.8544 0)
(0.233821 -13.9725 0)
(0.418195 -14.8874 0)
(0.689385 -13.2174 0)
(0.861781 -11.5268 0)
(0.959046 -9.66201 0)
(1.22897 -7.70482 0)
(1.42277 -5.42709 0)
(1.66745 -2.23905 0)
(2.10295 1.63602 0)
(2.2432 5.53394 0)
(2.69437 9.70417 0)
(2.72523 13.8624 0)
(3.29113 18.0341 0)
(3.20476 22.9721 0)
(3.33929 27.7027 0)
(3.61369 31.5926 0)
(3.18864 35.4494 0)
(2.34073 38.1939 0)
(1.22613 38.6784 0)
(-1.47902 34.3401 0)
(0.170691 -14.2554 0)
(0.230912 -15.0438 0)
(0.38522 -13.3933 0)
(0.513782 -11.6882 0)
(0.321156 -9.90329 0)
(0.379574 -7.75554 0)
(0.414592 -5.33456 0)
(0.697356 -1.99994 0)
(0.97101 1.4005 0)
(1.29266 4.92695 0)
(1.83344 8.84022 0)
(2.18675 13.0252 0)
(2.22327 17.8877 0)
(2.74127 22.6661 0)
(3.07679 27.4255 0)
(2.82523 31.4364 0)
(3.04293 35.6273 0)
(3.07981 38.4861 0)
(1.79124 40.1529 0)
(3.0828 39.2206 0)
(0.133375 -14.4259 0)
(0.0571913 -15.0716 0)
(-0.00798541 -13.4356 0)
(-0.0579136 -11.5092 0)
(-0.172342 -9.66689 0)
(-0.356848 -8.05963 0)
(-0.548339 -5.85321 0)
(-0.186001 -2.52492 0)
(-0.0447825 0.949684 0)
(0.412305 4.86459 0)
(0.867442 9.06675 0)
(1.06953 13.1232 0)
(1.83665 17.4875 0)
(2.09578 22.3117 0)
(2.90644 27.1232 0)
(3.4637 31.3535 0)
(3.43916 35.6331 0)
(2.93211 38.9433 0)
(1.97259 40.5014 0)
(-1.46394 37.0966 0)
(0.0682691 -14.4691 0)
(-0.175733 -14.973 0)
(-0.384625 -13.3224 0)
(-0.711009 -11.4251 0)
(-1.03892 -9.31236 0)
(-1.34303 -7.48111 0)
(-1.63058 -5.45554 0)
(-1.26742 -2.3288 0)
(-1.33924 0.483415 0)
(-0.72171 4.20933 0)
(-0.230262 8.16191 0)
(0.415499 12.3551 0)
(0.806002 17.2645 0)
(1.72229 21.7741 0)
(2.28684 26.4702 0)
(3.02438 30.5209 0)
(3.95128 35.2991 0)
(4.43232 39.0696 0)
(3.08093 42.027 0)
(3.91626 42.117 0)
(0.0104231 -14.4154 0)
(-0.428064 -14.6939 0)
(-0.879536 -12.9535 0)
(-1.246 -10.9438 0)
(-1.75097 -9.12861 0)
(-2.29414 -7.61311 0)
(-2.60855 -5.5805 0)
(-2.35243 -2.52726 0)
(-2.62028 0.0982004 0)
(-1.69755 4.13325 0)
(-1.19285 7.85013 0)
(-0.557426 11.9684 0)
(0.317937 16.0994 0)
(1.17462 21.0526 0)
(2.60094 25.7964 0)
(3.65686 30.2207 0)
(4.49199 34.7066 0)
(5.42778 38.4176 0)
(5.20268 41.8805 0)
(0.270843 41.2574 0)
(-0.0509696 -14.1485 0)
(-0.700536 -14.1909 0)
(-1.45368 -12.5768 0)
(-2.13127 -10.4765 0)
(-2.67433 -8.37952 0)
(-3.36602 -6.96828 0)
(-3.74803 -5.10737 0)
(-3.64864 -2.50163 0)
(-3.75429 -0.185836 0)
(-2.83429 3.36913 0)
(-2.47048 6.82879 0)
(-1.54608 10.9441 0)
(-0.260316 15.6961 0)
(0.592348 19.8124 0)
(1.96431 24.2619 0)
(3.68201 28.6099 0)
(5.48841 33.6655 0)
(7.53926 38.101 0)
(8.49899 42.2953 0)
(7.10524 45.7608 0)
(-0.19137 -13.5974 0)
(-1.1026 -13.323 0)
(-1.97968 -11.5371 0)
(-2.86005 -9.65095 0)
(-3.56333 -7.88917 0)
(-4.29464 -6.6456 0)
(-4.76336 -5.01458 0)
(-4.73508 -2.78593 0)
(-4.72695 -0.595178 0)
(-3.71258 2.65125 0)
(-3.43954 6.06467 0)
(-2.22477 10.4058 0)
(-1.53519 14.0149 0)
(0.38535 18.761 0)
(2.27711 23.2765 0)
(3.8255 27.3321 0)
(6.08092 31.9113 0)
(8.86951 35.6849 0)
(13.1427 39.7119 0)
(11.8695 48.0203 0)
(-0.286092 -12.8836 0)
(-1.41701 -12.4262 0)
(-2.60487 -10.7659 0)
(-3.61824 -8.78951 0)
(-4.50483 -7.13314 0)
(-5.36987 -6.08638 0)
(-6.02533 -4.49171 0)
(-5.94823 -2.39385 0)
(-5.96938 -0.697305 0)
(-5.43889 1.94373 0)
(-4.75864 5.31679 0)
(-3.38266 8.9235 0)
(-1.68924 13.0067 0)
(-0.87927 16.603 0)
(1.40438 20.8057 0)
(4.61655 24.6287 0)
(6.82349 30.0449 0)
(9.74383 34.2038 0)
(16.4666 34.7727 0)
(15.2571 47.5693 0)
(-0.420933 -11.9027 0)
(-1.76568 -11.0171 0)
(-3.24398 -9.28447 0)
(-4.52487 -7.53104 0)
(-5.43696 -6.06035 0)
(-6.3518 -5.26594 0)
(-7.2304 -4.29747 0)
(-7.22914 -2.57192 0)
(-6.58996 -0.767448 0)
(-6.35299 1.41173 0)
(-5.37442 5.02319 0)
(-4.70933 7.71454 0)
(-3.42405 10.9342 0)
(-0.56924 15.2939 0)
(1.06618 18.8839 0)
(3.65913 22.699 0)
(7.145 25.8013 0)
(9.2764 31.4376 0)
(19.157 26.3784 0)
(18.3912 46.1631 0)
(-0.583683 -10.7752 0)
(-2.13559 -9.75499 0)
(-3.86186 -8.00005 0)
(-5.41276 -6.41875 0)
(-6.55181 -5.36525 0)
(-7.61614 -4.66495 0)
(-8.19806 -3.67141 0)
(-8.20038 -2.83317 0)
(-7.40198 -1.79652 0)
(-7.03118 -0.0254106 0)
(-6.54277 3.28477 0)
(-5.15452 6.09746 0)
(-3.91867 9.55006 0)
(-2.90216 11.9627 0)
(0.925746 15.6762 0)
(3.04652 19.4203 0)
(8.50763 21.1438 0)
(7.89318 29.6316 0)
(18.973 12.7541 0)
(21.0939 38.4996 0)
(-0.747496 -9.19178 0)
(-2.37696 -7.92674 0)
(-4.38432 -6.15883 0)
(-6.20523 -4.27914 0)
(-7.54339 -3.35185 0)
(-9.42384 -3.80688 0)
(-10.0728 -3.49332 0)
(-8.78838 -2.58333 0)
(-7.18494 -1.37464 0)
(-6.24262 0.826595 0)
(-6.16822 4.00577 0)
(-7.4507 5.99788 0)
(-5.25324 7.73276 0)
(-3.06047 10.5999 0)
(-1.35489 12.3707 0)
(1.57086 16.9658 0)
(8.55224 14.6465 0)
(8.28642 30.0848 0)
(16.2008 7.66023 0)
(19.3169 26.3012 0)
(-0.986508 -7.51654 0)
(-2.62586 -6.24057 0)
(-4.52415 -4.99478 0)
(-6.53706 -3.80155 0)
(-7.59271 -2.48885 0)
(-8.71621 -2.69435 0)
(-9.11736 -4.42736 0)
(-7.72866 -5.91891 0)
(-6.4822 -5.22477 0)
(-6.78132 -1.66856 0)
(-7.05329 2.66476 0)
(-8.12456 5.03832 0)
(-5.76902 4.03988 0)
(-4.72633 9.711 0)
(0.27981 9.26236 0)
(0.012588 14.1043 0)
(6.59373 4.02725 0)
(9.33488 26.8007 0)
(15.1816 9.1587 0)
(15.9982 13.9929 0)
(-1.32091 -5.52636 0)
(-3.25651 -3.67631 0)
(-4.94516 -1.53626 0)
(-6.56686 -0.536794 0)
(-7.47069 -0.94726 0)
(-7.92909 -2.5834 0)
(-8.38404 -4.47923 0)
(-8.72715 -5.12067 0)
(-9.93928 -3.03083 0)
(-11.1415 1.89122 0)
(-10.4592 5.91254 0)
(-8.52873 5.80649 0)
(-7.39788 3.26759 0)
(-6.78629 5.98003 0)
(0.392646 3.36768 0)
(-0.223987 13.0059 0)
(3.77994 0.706023 0)
(7.77926 21.3383 0)
(14.2213 9.52884 0)
(15.7075 8.019 0)
(-1.37227 -4.52452 0)
(-3.13607 -3.95197 0)
(-4.50102 -2.53643 0)
(-4.83702 -1.38136 0)
(-5.14871 -1.01959 0)
(-5.74792 -1.73621 0)
(-7.52399 -2.81882 0)
(-10.2623 -3.61854 0)
(-13.5109 -3.22696 0)
(-14.3255 0.193225 0)
(-12.1148 3.89679 0)
(-9.7294 1.26651 0)
(-9.47748 -1.36976 0)
(-2.86043 6.60655 0)
(-5.46015 1.30323 0)
(0.274575 12.0579 0)
(1.94015 -0.42693 0)
(4.86588 10.8664 0)
(12.6044 5.59184 0)
(15.9481 4.1754 0)
(-1.91727 0.129656 0)
(-3.56065 0.929556 0)
(-5.28662 0.225218 0)
(-6.08246 0.516645 0)
(-5.90683 0.226234 0)
(-6.66662 -0.0215983 0)
(-7.75832 -0.0803973 0)
(-9.69089 0.0392097 0)
(-12.0995 0.348497 0)
(-13.0358 1.11152 0)
(-10.4435 2.23034 0)
(-6.51641 0.664457 0)
(-11.1169 -1.16996 0)
(-6.04315 2.72167 0)
(-6.46505 1.15762 0)
(-0.223913 4.77287 0)
(3.48247 0.0949971 0)
(4.62631 2.6492 0)
(11.7292 1.60765 0)
(15.3366 1.16513 0)
(8.01294 21.5917 0)
(-15.398 -8.86487 0)
(3.72476 0.359912 0)
(-13.5504 2.44483 0)
(-7.33043 1.18495 0)
(-14.258 -0.537091 0)
(-11.6086 1.15096 0)
(-17.5629 0.857186 0)
(-15.0644 -1.39452 0)
(-15.0758 1.20478 0)
(-14.9241 -0.328079 0)
(-15.3421 -0.221104 0)
(-12.9704 0.448305 0)
(-16.0711 -0.0276342 0)
(-12.5826 0.368899 0)
(-15.7494 0.212682 0)
(-12.9939 0.321102 0)
(-15.3839 0.452658 0)
(-13.5702 0.349164 0)
(-15.3788 0.391124 0)
(-14.2687 0.271314 0)
(-15.4803 0.219541 0)
(-14.4575 0.0811362 0)
(-15.5162 0.124252 0)
(-14.3664 0.00176817 0)
(-15.2145 -0.00214279 0)
(-13.962 -0.0718622 0)
(-14.6316 -0.0479959 0)
(-13.078 -0.231364 0)
(-13.6341 -0.413587 0)
(-11.6956 -0.52049 0)
(-11.5594 -0.4949 0)
(-9.43102 -0.470828 0)
(-9.7319 -0.766317 0)
(-6.05431 -1.01737 0)
(-6.16235 -0.589581 0)
(-3.31088 -0.942303 0)
(-1.89105 -0.741179 0)
(0.100815 -0.781625 0)
(1.90333 -0.715394 0)
(3.54426 -0.604183 0)
(5.11328 -0.509194 0)
(6.40054 -0.418974 0)
(7.48835 -0.295352 0)
(8.25847 -0.165503 0)
(8.79663 0.00863936 0)
(8.93289 0.115871 0)
(8.98815 -0.0689915 0)
(8.98856 -0.361044 0)
(9.05568 -0.499243 0)
(9.03241 -0.116233 0)
(8.75839 0.373529 0)
(8.24705 0.692832 0)
(7.4199 0.625118 0)
(6.65664 0.398349 0)
(5.93141 0.223523 0)
(5.44925 0.15562 0)
(5.20375 0.192908 0)
(5.1441 0.241167 0)
(5.31004 0.334066 0)
(5.21469 0.369132 0)
(5.10578 0.41216 0)
(4.42403 0.429513 0)
(3.85452 0.417246 0)
(2.93743 0.40942 0)
(2.40311 0.318997 0)
(1.82646 0.211154 0)
(1.81081 0.0772081 0)
(1.75192 -0.108735 0)
(2.22194 -0.274425 0)
(2.46271 -0.29774 0)
(3.0735 -0.275817 0)
(3.54766 -0.236143 0)
(4.13022 -0.210521 0)
(4.61125 -0.196798 0)
(4.99616 -0.129847 0)
(5.30174 0.0543242 0)
(5.23908 0.144412 0)
(5.41672 0.412877 0)
(4.70574 0.363475 0)
(14.7348 20.0102 0)
(1.09122 5.00494 0)
(-0.989848 3.30665 0)
(-8.51206 4.96834 0)
(-5.38559 2.06805 0)
(-11.1262 3.24055 0)
(-10.6052 2.21373 0)
(-12.6957 1.85656 0)
(-11.082 -0.1996 0)
(-12.7978 -0.774778 0)
(-9.29217 -0.723018 0)
(-11.8568 -0.571142 0)
(-8.81196 -0.239114 0)
(-9.92916 -0.527264 0)
(-8.05016 -0.457922 0)
(-8.72889 -0.242964 0)
(-7.31825 -0.289419 0)
(-8.2321 -0.0176687 0)
(-6.8465 -0.0170782 0)
(-7.51206 -0.0446307 0)
(-6.89127 -0.027513 0)
(-7.48004 -0.0475474 0)
(-6.10974 -0.236167 0)
(-7.42611 -0.221789 0)
(-5.86985 -0.317436 0)
(-6.76885 -0.472643 0)
(-5.29748 -0.670487 0)
(-5.93475 -0.808941 0)
(-4.62116 -1.01598 0)
(-4.2459 -1.27018 0)
(-3.81321 -1.60582 0)
(-2.21716 -1.95149 0)
(-1.81389 -2.16553 0)
(-0.096398 -2.53091 0)
(1.1904 -2.79451 0)
(2.6339 -2.85283 0)
(4.27364 -3.00124 0)
(5.90829 -2.96328 0)
(7.51391 -2.87546 0)
(9.08052 -2.69119 0)
(10.5592 -2.43449 0)
(11.9599 -2.0995 0)
(13.1269 -1.72512 0)
(14.2661 -1.34886 0)
(14.9604 -0.98672 0)
(15.7581 -0.558734 0)
(16.1712 -0.226488 0)
(16.8295 0.0264288 0)
(16.663 0.238318 0)
(16.6218 0.420725 0)
(15.7879 0.474703 0)
(15.5924 0.55642 0)
(14.8275 0.740532 0)
(14.8474 0.931828 0)
(14.1957 1.05894 0)
(13.9294 0.966872 0)
(13.0878 0.670904 0)
(12.6585 0.0854591 0)
(12.0407 -0.387486 0)
(11.9194 -0.531734 0)
(11.7544 -0.214028 0)
(11.8533 0.339649 0)
(11.5269 0.819002 0)
(11.4452 0.974655 0)
(10.8464 0.988783 0)
(10.6963 0.729322 0)
(10.376 0.380241 0)
(10.3781 -0.0830591 0)
(10.4629 -0.358578 0)
(10.7212 -0.57716 0)
(11.2782 -0.550934 0)
(11.5173 -0.741095 0)
(12.2897 -0.802856 0)
(12.2669 -0.792242 0)
(12.9309 -0.557447 0)
(12.7603 -0.413197 0)
(13.2903 -0.323565 0)
(13.0308 -0.12711 0)
(13.3398 0.0263 0)
(13.0393 0.362832 0)
(19.6357 25.3531 0)
(8.04873 7.8706 0)
(-0.506216 4.12262 0)
(-2.99625 7.36925 0)
(-1.8128 5.05564 0)
(-5.8855 4.05698 0)
(-4.74057 2.47665 0)
(-6.58388 1.17739 0)
(-3.81544 -0.950893 0)
(-6.17084 -1.05561 0)
(-3.4018 -1.91154 0)
(-4.95481 -1.49035 0)
(-1.66008 -1.65426 0)
(-1.58747 -1.43944 0)
(1.29101 -1.12983 0)
(1.69514 -0.613449 0)
(3.8875 -0.205171 0)
(4.37065 0.0922231 0)
(5.72414 0.27955 0)
(5.88749 0.388556 0)
(6.49713 0.269398 0)
(6.21468 0.0185711 0)
(6.3449 -0.189077 0)
(6.38388 -0.329518 0)
(6.27655 -0.430142 0)
(6.59895 -0.59375 0)
(6.73508 -0.776135 0)
(7.05727 -1.00683 0)
(7.4322 -1.32824 0)
(7.95525 -1.70186 0)
(8.37766 -2.07738 0)
(9.35268 -2.61527 0)
(9.91032 -3.02555 0)
(11.0076 -3.50577 0)
(11.6987 -3.87701 0)
(13.1007 -4.21874 0)
(13.8525 -4.37445 0)
(15.2279 -4.44617 0)
(16.0365 -4.37104 0)
(17.3487 -4.15451 0)
(18.0133 -3.81293 0)
(19.1672 -3.38927 0)
(19.6267 -2.82437 0)
(20.5361 -2.319 0)
(20.8089 -1.73594 0)
(21.3906 -1.24669 0)
(21.5205 -0.746467 0)
(21.8829 -0.397796 0)
(21.7436 -0.0678165 0)
(21.8387 0.171635 0)
(21.5943 0.57705 0)
(21.5717 0.949504 0)
(21.3793 1.25219 0)
(21.3137 1.40375 0)
(21.0155 1.44462 0)
(20.9255 1.3802 0)
(20.666 1.25597 0)
(20.7286 0.982212 0)
(20.1332 0.779104 0)
(19.7243 0.483734 0)
(18.8879 0.431196 0)
(18.6462 0.483812 0)
(18.4478 0.853075 0)
(18.7355 1.04225 0)
(18.9876 1.27098 0)
(19.2312 0.927369 0)
(19.7698 0.571052 0)
(19.7671 0.0639249 0)
(20.4031 -0.49354 0)
(20.5246 -0.974405 0)
(21.3576 -1.12236 0)
(21.1893 -1.01255 0)
(21.8594 -1.00492 0)
(21.6368 -0.985 0)
(22.2887 -0.872396 0)
(21.8021 -0.500117 0)
(22.203 -0.284396 0)
(21.6804 0.0497019 0)
(21.9336 0.243637 0)
(21.2612 0.608199 0)
(25.0018 33.7701 0)
(19.6522 18.4277 0)
(11.5396 10.0973 0)
(4.2297 6.8127 0)
(5.87029 4.73314 0)
(4.67868 3.60675 0)
(6.52002 2.44326 0)
(6.54598 1.2635 0)
(7.88462 0.0903688 0)
(8.24615 -0.869151 0)
(9.36988 -1.85898 0)
(10.0709 -2.44198 0)
(10.808 -3.06037 0)
(11.4881 -3.22831 0)
(12.3464 -3.20681 0)
(13.4408 -2.78571 0)
(14.7191 -2.37502 0)
(15.9691 -1.86324 0)
(16.8895 -1.2857 0)
(17.72 -0.768499 0)
(18.2129 -0.317987 0)
(18.3993 -0.087755 0)
(18.1666 -0.0832741 0)
(18.0073 -0.223173 0)
(17.5385 -0.469572 0)
(17.6437 -0.841204 0)
(17.4356 -1.13566 0)
(17.7729 -1.49558 0)
(17.9142 -1.84803 0)
(18.414 -2.2535 0)
(18.7638 -2.71978 0)
(19.4313 -3.24143 0)
(19.8899 -3.72191 0)
(20.5454 -4.25862 0)
(21.0329 -4.58482 0)
(21.6506 -4.96091 0)
(22.1614 -5.09044 0)
(22.705 -5.13601 0)
(23.1796 -5.0047 0)
(23.6985 -4.75679 0)
(24.0935 -4.36507 0)
(24.5803 -3.9501 0)
(24.8854 -3.29485 0)
(25.2028 -2.72434 0)
(25.3998 -2.04276 0)
(25.525 -1.43376 0)
(25.556 -0.87226 0)
(25.6469 -0.37645 0)
(25.5141 0.112345 0)
(25.4643 0.442846 0)
(25.2664 0.838256 0)
(25.2091 1.0748 0)
(25.1213 1.33924 0)
(25.0963 1.43003 0)
(24.9924 1.49056 0)
(25.1156 1.46172 0)
(24.9911 1.42914 0)
(24.9959 0.983702 0)
(24.6783 0.83013 0)
(24.4 0.56219 0)
(24.3385 0.639677 0)
(24.0709 0.79198 0)
(24.2144 0.903258 0)
(24.184 0.844582 0)
(24.7028 0.885509 0)
(24.7283 0.420879 0)
(25.7006 -0.0829004 0)
(25.756 -0.532491 0)
(26.6903 -1.10632 0)
(26.8931 -1.55583 0)
(28.0271 -1.59094 0)
(27.8408 -1.36923 0)
(28.4263 -1.20645 0)
(28.0704 -0.996874 0)
(28.7813 -0.919085 0)
(28.3651 -0.519608 0)
(28.713 -0.229438 0)
(28.1758 0.234558 0)
(28.4251 0.437289 0)
(27.8141 0.825143 0)
(29.7235 37.7037 0)
(30.0443 27.6872 0)
(26.9083 18.4083 0)
(21.5791 11.839 0)
(19.7903 6.93199 0)
(18.7777 3.48532 0)
(19.0549 1.10854 0)
(19.3376 -0.372567 0)
(20.0542 -1.44908 0)
(20.5049 -2.199 0)
(21.0681 -2.92219 0)
(21.2834 -3.58193 0)
(21.4258 -4.12745 0)
(21.5412 -4.41827 0)
(22.1031 -4.24507 0)
(22.7926 -3.79255 0)
(23.7867 -3.1904 0)
(24.7405 -2.50155 0)
(25.7256 -1.71454 0)
(26.4883 -0.959032 0)
(27.1899 -0.366712 0)
(27.6672 -0.0466441 0)
(27.945 0.125984 0)
(28.1394 0.052084 0)
(28.1674 -0.0598369 0)
(28.1912 -0.422363 0)
(28.2191 -0.739951 0)
(28.1997 -1.19119 0)
(28.2367 -1.62883 0)
(28.2211 -2.14739 0)
(28.2657 -2.67793 0)
(28.2567 -3.23042 0)
(28.2689 -3.78895 0)
(28.179 -4.29561 0)
(28.1032 -4.70554 0)
(27.8977 -5.06052 0)
(27.7926 -5.22721 0)
(27.5691 -5.29342 0)
(27.4665 -5.13998 0)
(27.3098 -4.88052 0)
(27.2709 -4.47242 0)
(27.2433 -3.99478 0)
(27.3308 -3.39829 0)
(27.262 -2.7606 0)
(27.3152 -2.07476 0)
(27.1412 -1.43501 0)
(27.1026 -0.815151 0)
(27.0339 -0.349977 0)
(26.8612 0.14891 0)
(26.7014 0.394966 0)
(26.6232 0.77468 0)
(26.5221 0.940163 0)
(26.5667 1.16631 0)
(26.5615 1.25273 0)
(26.6726 1.34919 0)
(26.7309 1.26207 0)
(26.7844 1.23883 0)
(26.7722 0.901327 0)
(26.8882 0.955435 0)
(26.6212 0.718691 0)
(26.8689 0.731153 0)
(26.6293 0.773086 0)
(26.9729 0.626737 0)
(27.0846 0.59882 0)
(27.7375 0.460147 0)
(27.7493 -0.0793223 0)
(28.8011 -0.443121 0)
(28.9382 -0.951121 0)
(29.7469 -1.6373 0)
(30.1503 -1.95194 0)
(31.3131 -2.02768 0)
(31.2128 -1.76002 0)
(31.6055 -1.62508 0)
(31.2164 -1.10278 0)
(31.6922 -0.890786 0)
(31.4814 -0.562859 0)
(31.7659 -0.344449 0)
(31.3627 0.342251 0)
(31.501 0.626964 0)
(31.0625 1.11238 0)
(29.8458 32.8939 0)
(34.7882 29.4294 0)
(36.3127 22.6912 0)
(35.3782 16.0072 0)
(34.5138 10.2476 0)
(33.4489 5.6969 0)
(32.7909 2.39971 0)
(32.1353 0.257264 0)
(31.9186 -1.03705 0)
(31.7058 -1.90053 0)
(31.6457 -2.51617 0)
(31.3594 -3.11206 0)
(31.258 -3.63551 0)
(31.0376 -3.95017 0)
(31.1715 -4.03413 0)
(31.1738 -3.90597 0)
(31.4349 -3.58061 0)
(31.6143 -3.07353 0)
(32.0726 -2.44375 0)
(32.4427 -1.80344 0)
(32.9826 -1.18948 0)
(33.3362 -0.785245 0)
(33.739 -0.455078 0)
(33.8833 -0.372365 0)
(34.0486 -0.386388 0)
(34.025 -0.595764 0)
(34.07 -0.859541 0)
(33.9114 -1.24128 0)
(33.7607 -1.64988 0)
(33.4766 -2.13127 0)
(33.1394 -2.63053 0)
(32.7213 -3.15217 0)
(32.2204 -3.67545 0)
(31.6457 -4.14468 0)
(31.0405 -4.54775 0)
(30.3523 -4.87722 0)
(29.8252 -5.02257 0)
(29.2359 -5.10216 0)
(28.8611 -4.95657 0)
(28.4538 -4.70508 0)
(28.1949 -4.28535 0)
(27.9755 -3.74166 0)
(27.8796 -3.16336 0)
(27.6689 -2.50779 0)
(27.5478 -1.78373 0)
(27.206 -1.16803 0)
(26.9884 -0.455711 0)
(26.6881 -0.0312705 0)
(26.4406 0.438896 0)
(26.1394 0.715968 0)
(26.0478 1.03402 0)
(25.8481 1.15867 0)
(25.9606 1.37525 0)
(25.8575 1.37467 0)
(26.0066 1.44062 0)
(25.9696 1.33787 0)
(26.1244 1.28519 0)
(26.13 1.11645 0)
(26.2838 1.07869 0)
(25.9655 0.776086 0)
(26.3863 0.834073 0)
(26.0731 0.631424 0)
(26.496 0.467211 0)
(26.7028 0.380844 0)
(27.1248 -0.0579175 0)
(27.2728 -0.627912 0)
(28.4012 -0.946328 0)
(28.3695 -1.67251 0)
(29.2853 -2.32015 0)
(30.0279 -2.34773 0)
(31.2951 -2.27985 0)
(31.3135 -2.23261 0)
(31.749 -1.93141 0)
(31.5028 -1.25618 0)
(31.6325 -0.664152 0)
(31.3625 -0.317116 0)
(31.8524 -0.327202 0)
(31.6332 0.224104 0)
(31.6717 0.5996 0)
(31.1843 1.12532 0)
(25.539 21.7993 0)
(32.9077 22.8513 0)
(37.651 19.6506 0)
(40.1702 14.8822 0)
(41.6759 9.98883 0)
(41.8306 5.87692 0)
(41.5526 2.80581 0)
(40.8711 0.667835 0)
(40.3617 -0.725357 0)
(39.7409 -1.71897 0)
(39.3553 -2.46763 0)
(38.6957 -3.14851 0)
(38.2652 -3.73961 0)
(37.6111 -4.17075 0)
(37.1916 -4.36631 0)
(36.5321 -4.29992 0)
(36.2183 -3.95 0)
(35.8118 -3.38309 0)
(35.799 -2.70021 0)
(35.6542 -2.01312 0)
(35.8385 -1.40536 0)
(35.8031 -0.937852 0)
(36.0493 -0.607978 0)
(35.9762 -0.458764 0)
(36.156 -0.40943 0)
(36.0118 -0.526481 0)
(36.0836 -0.706279 0)
(35.8142 -1.03305 0)
(35.6594 -1.33743 0)
(35.2137 -1.75264 0)
(34.7929 -2.13779 0)
(34.1783 -2.56943 0)
(33.5395 -2.99009 0)
(32.789 -3.35387 0)
(32.0609 -3.72579 0)
(31.2589 -3.97193 0)
(30.6773 -4.16225 0)
(29.9566 -4.30776 0)
(29.5671 -4.29509 0)
(29.0389 -4.28359 0)
(28.6953 -3.9428 0)
(28.3349 -3.49223 0)
(27.9603 -2.91924 0)
(27.6646 -2.23656 0)
(27.3231 -1.57073 0)
(26.8323 -0.967406 0)
(26.5335 -0.275486 0)
(26.0089 0.126041 0)
(25.7325 0.576853 0)
(25.3445 0.80685 0)
(25.1497 1.08368 0)
(25.0082 1.13056 0)
(25.0165 1.27546 0)
(24.9191 1.24151 0)
(25.1933 1.26087 0)
(25.0972 1.14644 0)
(25.4161 1.15801 0)
(25.4154 0.976205 0)
(25.5953 0.859118 0)
(25.5049 0.673897 0)
(25.9402 0.731741 0)
(25.6015 0.243686 0)
(26.1488 0.30265 0)
(26.1585 -0.088715 0)
(26.4549 -0.762386 0)
(26.7387 -1.14448 0)
(27.7321 -1.73989 0)
(27.6378 -2.997 0)
(28.8885 -3.16035 0)
(30.0121 -2.72079 0)
(30.8939 -2.54788 0)
(30.9355 -2.52477 0)
(31.5489 -2.23364 0)
(31.4364 -1.59005 0)
(31.2464 -1.0537 0)
(30.4594 -0.186061 0)
(30.7229 0.166491 0)
(30.8853 0.815125 0)
(30.9859 1.02588 0)
(30.4335 1.82165 0)
(21.5624 12.5953 0)
(28.4336 14.9012 0)
(34.5523 14.1199 0)
(39.1188 11.547 0)
(42.4766 8.3062 0)
(44.2625 5.3077 0)
(45.073 2.97156 0)
(45.1134 1.2437 0)
(44.9992 -0.0679612 0)
(44.566 -1.03536 0)
(44.1418 -1.80756 0)
(43.3486 -2.45046 0)
(42.621 -2.9761 0)
(41.6205 -3.32444 0)
(40.7712 -3.4353 0)
(39.7373 -3.28881 0)
(38.9802 -2.90694 0)
(38.1125 -2.419 0)
(37.5797 -1.89691 0)
(36.952 -1.43166 0)
(36.697 -1.05175 0)
(36.3119 -0.743008 0)
(36.2749 -0.555156 0)
(35.9872 -0.421776 0)
(36.0309 -0.399712 0)
(35.7197 -0.443112 0)
(35.7472 -0.584321 0)
(35.3527 -0.796675 0)
(35.2353 -1.02863 0)
(34.662 -1.34014 0)
(34.2817 -1.62921 0)
(33.5573 -1.99214 0)
(32.9213 -2.31573 0)
(32.1136 -2.65246 0)
(31.3084 -2.98259 0)
(30.4741 -3.21896 0)
(29.6972 -3.49179 0)
(28.7938 -3.64844 0)
(28.1866 -3.7738 0)
(27.3682 -3.86527 0)
(27.0046 -3.62247 0)
(26.2904 -3.24382 0)
(25.7267 -2.54112 0)
(25.2264 -1.69824 0)
(24.6268 -1.05392 0)
(24.1886 -0.252379 0)
(24.0296 0.328322 0)
(23.4682 0.664119 0)
(23.5633 1.1006 0)
(23.3054 1.16206 0)
(23.2645 1.41296 0)
(23.3622 1.36997 0)
(23.4417 1.31982 0)
(23.5842 1.45401 0)
(23.7892 1.25258 0)
(23.8733 1.08165 0)
(24.3044 1.28496 0)
(24.2032 0.875679 0)
(24.6127 0.750776 0)
(24.6542 0.940269 0)
(24.8287 0.483704 0)
(24.7893 0.252079 0)
(25.2966 0.43872 0)
(25.0102 -0.33446 0)
(25.3408 -0.942949 0)
(25.6432 -1.10151 0)
(25.8991 -2.4548 0)
(25.9287 -4.23135 0)
(28.0003 -4.1684 0)
(28.8568 -3.33924 0)
(28.6659 -2.85258 0)
(28.2131 -1.99987 0)
(28.3841 -1.34254 0)
(28.2943 -1.05451 0)
(27.6715 -1.33176 0)
(27.3003 -0.817331 0)
(26.79 -0.467258 0)
(26.9146 0.188987 0)
(26.7513 0.174912 0)
(26.7228 1.02816 0)
(19.5969 6.19076 0)
(25.0255 7.97553 0)
(31.0528 8.09928 0)
(36.5172 6.9514 0)
(40.9201 5.16993 0)
(43.8727 3.39407 0)
(45.611 1.9086 0)
(46.306 0.789697 0)
(46.5119 -0.0962586 0)
(46.2862 -0.784015 0)
(45.767 -1.36031 0)
(44.8008 -1.82863 0)
(43.6772 -2.17429 0)
(42.315 -2.37033 0)
(40.9779 -2.33347 0)
(39.5633 -2.15348 0)
(38.3315 -1.82607 0)
(37.2151 -1.48173 0)
(36.3999 -1.11408 0)
(35.7604 -0.807434 0)
(35.384 -0.565061 0)
(35.0934 -0.379225 0)
(34.959 -0.296042 0)
(34.7791 -0.215018 0)
(34.7127 -0.266564 0)
(34.4739 -0.289778 0)
(34.4133 -0.42943 0)
(34.0513 -0.54626 0)
(33.8963 -0.735041 0)
(33.2875 -0.937316 0)
(32.8988 -1.13351 0)
(32.062 -1.40457 0)
(31.3894 -1.58293 0)
(30.3973 -1.87804 0)
(29.3947 -2.05119 0)
(28.3302 -2.29933 0)
(27.0281 -2.49294 0)
(25.8699 -2.62338 0)
(24.4298 -2.77512 0)
(23.1708 -2.77983 0)
(22.265 -2.77688 0)
(20.9553 -2.61595 0)
(20.2677 -2.07846 0)
(19.1589 -1.54767 0)
(18.1203 -0.872289 0)
(17.9557 -0.105867 0)
(17.4331 0.264005 0)
(17.1664 0.606864 0)
(17.7678 1.00421 0)
(17.7904 0.929095 0)
(18.3148 0.996642 0)
(18.5484 1.10842 0)
(19.2954 0.962436 0)
(19.8625 0.910436 0)
(19.6408 0.834073 0)
(20.8811 0.731538 0)
(21.1184 0.782338 0)
(20.7673 0.486967 0)
(22.1036 0.536561 0)
(21.9601 0.55312 0)
(21.6376 0.0968702 0)
(22.7821 0.261532 0)
(22.5336 0.113315 0)
(22.0422 -0.692474 0)
(22.664 -0.702164 0)
(22.715 -1.35995 0)
(21.2144 -3.19156 0)
(20.5358 -4.63655 0)
(23.1243 -5.60841 0)
(22.9656 -6.22692 0)
(20.6688 -5.55397 0)
(19.0608 -3.67509 0)
(17.2082 -1.32387 0)
(14.989 -0.0952367 0)
(12.9312 0.726374 0)
(12.6689 0.925688 0)
(11.3801 1.16755 0)
(12.3786 1.24458 0)
(11.4964 1.29653 0)
(12.7468 2.1593 0)
(18.4705 1.71491 0)
(22.8252 2.3238 0)
(28.2825 2.40965 0)
(33.7221 2.03869 0)
(38.3494 1.41853 0)
(41.632 0.795977 0)
(43.5503 0.27368 0)
(44.3283 -0.132479 0)
(44.3731 -0.411657 0)
(43.8381 -0.655319 0)
(42.8833 -0.876846 0)
(41.4506 -1.0574 0)
(39.8021 -1.18543 0)
(37.975 -1.22427 0)
(36.1805 -1.14631 0)
(34.3986 -1.03184 0)
(32.9331 -0.864608 0)
(31.7298 -0.720377 0)
(30.8857 -0.544799 0)
(30.2821 -0.423808 0)
(29.8625 -0.297034 0)
(29.6314 -0.239197 0)
(29.382 -0.174351 0)
(29.2536 -0.147485 0)
(28.9597 -0.159033 0)
(28.8044 -0.154532 0)
(28.446 -0.21725 0)
(28.1627 -0.226187 0)
(27.6613 -0.334773 0)
(27.0488 -0.374699 0)
(26.3147 -0.494696 0)
(25.2661 -0.576086 0)
(24.3032 -0.668518 0)
(22.7485 -0.80906 0)
(21.4669 -0.833697 0)
(19.5267 -1.06159 0)
(17.8151 -1.01127 0)
(15.7848 -1.20469 0)
(13.5198 -1.26313 0)
(11.6766 -1.04673 0)
(9.15733 -0.808555 0)
(7.73279 -0.00498801 0)
(6.63185 0.438572 0)
(5.39896 0.398779 0)
(5.31051 0.775049 0)
(5.71072 1.0114 0)
(5.57721 0.514084 0)
(6.14453 0.418424 0)
(7.23372 1.03199 0)
(7.85306 0.688993 0)
(8.19543 0.0318345 0)
(9.30866 0.723289 0)
(10.3523 0.904961 0)
(10.4579 -0.0761074 0)
(11.1032 0.361154 0)
(12.4346 0.995082 0)
(12.3046 -0.123596 0)
(12.5957 0.105843 0)
(13.8858 1.04667 0)
(13.7633 -0.179581 0)
(13.5888 -0.102738 0)
(14.759 1.10329 0)
(14.7218 -0.402228 0)
(13.6975 -0.833833 0)
(14.4149 0.807632 0)
(14.5261 -1.07075 0)
(10.8018 -4.16467 0)
(5.68975 -2.99506 0)
(1.76659 0.249042 0)
(-1.30558 2.57706 0)
(-3.44375 2.89161 0)
(-4.47433 2.47883 0)
(-4.24595 1.78505 0)
(-4.12728 1.20515 0)
(-2.77568 0.498095 0)
(-2.53645 -0.0925092 0)
(-1.91909 0.122085 0)
(-0.802363 -0.192231 0)
(-1.57942 0.506658 0)
(1.14778 0.981163 0)
)
;

boundaryField
{
    inlet
    {
        type            fixedValue;
        value           uniform (10 0 0);
    }
    outlet
    {
        type            zeroGradient;
    }
    walls
    {
        type            fixedValue;
        value           uniform (0 0 0);
    }
    frontAndBack
    {
        type            empty;
    }
}


// ************************************************************************* //
