/*--------------------------------*- C++ -*----------------------------------*\
| =========                 |                                                 |
| \\      /  F ield         | OpenFOAM: The Open Source CFD Toolbox           |
|  \\    /   O peration     | Version:  2306                                  |
|   \\  /    A nd           | Website:  www.openfoam.com                      |
|    \\/     M anipulation  |                                                 |
\*---------------------------------------------------------------------------*/
FoamFile
{
    version     2.0;
    format      ascii;
    arch        "LSB;label=32;scalar=64";
    class       surfaceScalarField;
    location    "0.35";
    object      phi;
}
// * * * * * * * * * * * * * * * * * * * * * * * * * * * * * * * * * * * * * //

dimensions      [0 3 -1 0 0 0 0];

oriented        oriented;

internalField   nonuniform List<scalar> 
8520
(
0.00992785
7.21498e-05
0.00978962
0.00013823
0.00962952
0.000160102
0.00946826
0.000161259
0.00930945
0.000158812
0.00914915
0.000160301
0.00898638
0.00016277
0.00882095
0.000165428
0.0086537
0.000167246
0.00848561
0.00016809
0.0083179
0.000167708
0.00815107
0.000166834
0.00798558
0.000165491
0.00782133
0.000164252
0.00765853
0.000162792
0.00749709
0.000161447
0.0073372
0.000159889
0.00717885
0.000158348
0.0070222
0.000156648
0.00686736
0.000154843
0.00671431
0.000153054
0.00656331
0.000150998
0.00641419
0.000149122
0.00626728
0.000146903
0.00612235
0.000144934
0.00597969
0.000142661
0.00583914
0.000140553
0.00570084
0.000138299
0.00556476
0.000136081
0.00543083
0.000133923
0.00529929
0.000131542
0.00516969
0.000129598
0.00504248
0.000127211
0.00491694
0.000125543
0.00479363
0.000123305
0.00467176
0.000121871
0.00455173
0.000120033
0.00443281
0.000118918
0.00431516
0.000117654
0.00419813
0.00011703
0.00408162
0.000116508
0.00396512
0.000116501
0.00384824
0.000116882
0.00373047
0.000117769
0.00361131
0.000119156
0.00348994
0.000121376
0.00336605
0.000123887
0.00323826
0.000127788
0.00310653
0.000131735
0.00296902
0.000137505
0.00282573
0.000143286
0.00267466
0.000151077
0.00251564
0.000159017
0.0023467
0.000168935
0.00216751
0.000179193
0.00197632
0.000191192
0.0017728
0.000203514
0.00155554
0.000217266
0.00132483
0.000230712
0.00107969
0.000245135
0.000822027
0.000257665
0.000552327
0.0002697
0.000277452
0.000274875
8.90248e-06
0.000268549
-0.000235598
0.0002445
-0.000445859
0.000210261
-0.000595997
0.000150138
-0.000671402
7.5405e-05
-0.000650075
-2.13261e-05
-0.000527256
-0.00012282
-0.000295962
-0.000231293
-1.38291e-05
-0.000282133
0.00022602
-0.000239849
0.000338637
-0.000112617
7.40774e-05
0.000264559
-0.000394722
0.0004688
-0.000253708
-0.000141015
0.000145054
-0.000398762
0.000193168
-4.81134e-05
0.000192974
1.9317e-07
0.0100357
3.64728e-05
0.0100798
9.40711e-05
0.0101108
0.000129138
0.0101272
0.000144858
0.0101357
0.000150263
0.0101431
0.000152992
0.0101494
0.000156473
0.0101531
0.000161635
0.0101537
0.000166714
0.0101502
0.000171603
0.0101431
0.000174819
0.0101323
0.000177572
0.0101189
0.000178919
0.0101027
0.000180436
0.0100844
0.000181087
0.0100637
0.000182189
0.0100409
0.000182628
0.0100159
0.000183406
0.00998884
0.000183678
0.00995971
0.00018398
0.00992859
0.000184174
0.00989567
0.000183917
0.00986071
0.000184082
0.00982424
0.000183373
0.00978568
0.000183497
0.00974582
0.000182515
0.00970384
0.000182532
0.00966072
0.000181417
0.00961549
0.000181315
0.00956913
0.000180286
0.00952075
0.000179921
0.00947102
0.000179326
0.00941953
0.000178702
0.00936637
0.000178705
0.00931154
0.000178133
0.00925484
0.000178573
0.00919625
0.00017862
0.00913573
0.000179434
0.00907287
0.000180516
0.00900798
0.000181924
0.00893991
0.000184574
0.00886989
0.000186527
0.00879561
0.000191158
0.00871929
0.000194092
0.0086376
0.00020084
0.00855317
0.000205805
0.00846258
0.000214477
0.00836778
0.000222591
0.00826616
0.000233353
0.0081583
0.000245363
0.00804281
0.00025878
0.00791865
0.000275238
0.0077857
0.000291965
0.0076414
0.000313242
0.00748658
0.000334006
0.00731774
0.000360035
0.00713601
0.000385245
0.00693778
0.00041549
0.00672406
0.000444437
0.00649203
0.000477169
0.00624261
0.000507082
0.00597478
0.000537524
0.00568818
0.000561484
0.00537876
0.000577964
0.00505039
0.000572868
0.00469317
0.00056748
0.00429474
0.000548575
0.00384433
0.00052581
0.00332237
0.00050064
0.00270444
0.000495109
0.00194549
0.000527657
0.00107641
0.000586948
0.000230657
0.000605901
-0.000343867
0.000461907
-0.000494552
0.000415244
-0.000302011
0.000276258
-0.000289014
-0.000154012
-0.000337937
-0.000349839
-0.000256835
-0.000129215
0.00021512
-0.000278981
0.0100141
2.23449e-05
0.0100441
6.41391e-05
0.0100777
9.54783e-05
0.0101074
0.000115215
0.0101313
0.000126328
0.0101522
0.000132063
0.010173
0.000135721
0.010195
0.000139609
0.0102179
0.000143808
0.0102408
0.000148713
0.0102631
0.000152501
0.0102842
0.000156468
0.0103045
0.000158641
0.0103236
0.000161334
0.0103423
0.000162351
0.0103601
0.000164473
0.0103776
0.000165089
0.0103941
0.000166943
0.0104102
0.000167533
0.0104252
0.000168935
0.0104397
0.000169747
0.0104532
0.000170426
0.0104656
0.000171597
0.0104774
0.000171603
0.0104878
0.000173084
0.0104977
0.000172663
0.0105059
0.000174288
0.0105136
0.000173736
0.0105196
0.000175338
0.0105248
0.000175079
0.0105284
0.000176308
0.0105308
0.000176963
0.0105319
0.000177541
0.0105311
0.000179508
0.0105296
0.000179622
0.0105254
0.000182839
0.0105209
0.000183112
0.0105128
0.000187464
0.0105048
0.00018855
0.0104928
0.000193943
0.0104807
0.000196712
0.0104644
0.000202775
0.0104472
0.000208322
0.0104263
0.000215029
0.0104033
0.000223891
0.0103768
0.000232249
0.010347
0.000244287
0.0103139
0.000255665
0.0102762
0.000271091
0.0102352
0.000286366
0.010188
0.000305998
0.0101374
0.000325805
0.0100789
0.00035051
0.0100166
0.000375508
0.00994459
0.000406006
0.00986791
0.000436714
0.00978007
0.00047309
0.00968574
0.000509814
0.0095793
0.000550886
0.00946389
0.00059257
0.00933517
0.00063581
0.00919433
0.000678359
0.00903714
0.000718677
0.0088606
0.0007545
0.00865074
0.000782731
0.0084078
0.000810416
0.00812112
0.000835255
0.00778484
0.000862092
0.00739457
0.000890914
0.00695083
0.000938851
0.00647608
0.0010024
0.00598293
0.0010801
0.00543727
0.00115156
0.00471291
0.00118627
0.0039403
0.00118785
0.00306608
0.00115048
0.00187716
0.00103491
0.000558906
0.000968411
-0.000287425
0.000717115
0.000483455
-0.00055576
0.0100069
1.54257e-05
0.0100268
4.42956e-05
0.0100518
7.04415e-05
0.010077
8.99727e-05
0.0101002
0.000103162
0.0101224
0.00010991
0.010143
0.000115085
0.0101643
0.000118283
0.0101863
0.000121859
0.0102096
0.000125404
0.0102331
0.000128942
0.0102569
0.000132668
0.0102805
0.000135055
0.0103038
0.000138094
0.0103271
0.000139052
0.0103499
0.000141685
0.0103732
0.000141746
0.0103958
0.000144359
0.0104192
0.000144095
0.0104416
0.000146578
0.0104648
0.000146502
0.0104869
0.000148358
0.0105096
0.000148913
0.0105313
0.000149904
0.0105531
0.000151223
0.0105743
0.000151451
0.0105952
0.000153434
0.0106157
0.000153208
0.0106354
0.000155675
0.010655
0.000155462
0.0106733
0.000157996
0.0106917
0.000158594
0.0107086
0.000160657
0.0107253
0.000162762
0.0107407
0.000164256
0.0107555
0.000168067
0.0107691
0.000169444
0.0107816
0.000174998
0.0107934
0.000176745
0.0108032
0.000184104
0.0108129
0.000187004
0.0108201
0.000195663
0.010827
0.000201418
0.0108315
0.000210474
0.0108348
0.000220633
0.0108367
0.000230278
0.0108359
0.000245104
0.0108347
0.000256849
0.0108298
0.000276055
0.0108246
0.000291526
0.0108154
0.000315218
0.0108055
0.000335721
0.0107917
0.000364315
0.0107764
0.000390833
0.0107573
0.000425092
0.0107361
0.000457928
0.0107107
0.000498452
0.0106827
0.000537845
0.01065
0.000583541
0.0106128
0.000629821
0.0105705
0.000678046
0.0105189
0.000729956
0.0104599
0.00077768
0.0103812
0.00083322
0.0102852
0.000878734
0.0101578
0.000937861
0.0100094
0.000983652
0.00982043
0.00105102
0.00960305
0.00110829
0.00934721
0.00119469
0.00907339
0.00127622
0.00876239
0.0013911
0.00841088
0.00150307
0.00796684
0.0016303
0.00745965
0.00169504
0.00684839
0.00176174
0.00614469
0.00173862
0.00536413
0.00174897
0.00429954
0.00178171
0.00174592
0.00303708
0.0100044
1.10395e-05
0.0100166
3.20977e-05
0.010035
5.20052e-05
0.0100563
6.87302e-05
0.010078
8.1433e-05
0.0100989
8.89913e-05
0.0101192
9.48164e-05
0.0101397
9.77304e-05
0.0101606
0.000101007
0.0101826
0.000103375
0.010205
0.000106585
0.0102282
0.000109475
0.0102514
0.000111866
0.0102747
0.000114705
0.0102981
0.000115714
0.0103212
0.00011853
0.0103448
0.000118177
0.0103678
0.00012135
0.0103918
0.000120123
0.0104147
0.000123705
0.0104389
0.000122249
0.0104616
0.000125636
0.0104858
0.000124765
0.0105084
0.00012727
0.0105321
0.000127583
0.0105547
0.000128829
0.0105775
0.000130616
0.0106001
0.000130609
0.0106218
0.000133962
0.0106444
0.000132913
0.0106647
0.000137642
0.010687
0.000136281
0.010706
0.000141701
0.0107276
0.000141094
0.0107453
0.000146581
0.0107659
0.000147496
0.0107823
0.000153016
0.0108014
0.000155869
0.0108167
0.000161451
0.0108339
0.000166911
0.0108484
0.000172557
0.0108631
0.000180988
0.0108767
0.00018775
0.0108889
0.000198341
0.0109012
0.000208289
0.0109113
0.000220215
0.0109217
0.000234676
0.0109299
0.000248601
0.0109383
0.000267655
0.0109447
0.000285117
0.0109513
0.000308711
0.0109558
0.000331161
0.0109607
0.000359396
0.0109634
0.000388209
0.0109672
0.000421288
0.0109679
0.000457157
0.0109706
0.000495818
0.0109699
0.000538475
0.0109704
0.000583107
0.0109678
0.00063244
0.0109636
0.000682226
0.0109551
0.000738477
0.01094
0.000792773
0.0109171
0.000856057
0.0108809
0.000915003
0.0108329
0.000985795
0.0107649
0.00105169
0.0106803
0.0011356
0.0105726
0.00121595
0.0104457
0.00132163
0.0102965
0.00142544
0.0101223
0.00156533
0.00992909
0.00169624
0.00970569
0.0018537
0.00943028
0.00197045
0.00908116
0.00211086
0.00863563
0.00218415
0.0080526
0.00233199
0.00741677
0.00241754
0.00255085
0.00661184
0.0100032
7.81125e-06
0.0100117
2.36501e-05
0.0100258
3.79079e-05
0.010043
5.15093e-05
0.0100626
6.18061e-05
0.0100823
6.93099e-05
0.0101025
7.46652e-05
0.0101224
7.77435e-05
0.0101427
8.07499e-05
0.0101637
8.23573e-05
0.0101852
8.50691e-05
0.0102078
8.69177e-05
0.0102302
8.94431e-05
0.0102535
9.13889e-05
0.0102762
9.30262e-05
0.0102998
9.49692e-05
0.0103226
9.53875e-05
0.0103462
9.77153e-05
0.0103692
9.70843e-05
0.0103928
0.00010011
0.0104162
9.88696e-05
0.0104396
0.000102267
0.0104632
0.000101186
0.0104862
0.000104234
0.0105097
0.000104043
0.0105324
0.000106137
0.0105557
0.000107381
0.010578
0.000108259
0.0106007
0.000111303
0.0106227
0.000110876
0.0106445
0.000115863
0.0106662
0.000114587
0.0106869
0.000120958
0.010708
0.000119986
0.0107278
0.000126814
0.010748
0.000127326
0.0107668
0.000134197
0.0107858
0.00013684
0.0108037
0.00014355
0.0108212
0.000149414
0.0108386
0.00015513
0.0108538
0.000165861
0.0108714
0.000170123
0.0108836
0.000186091
0.0109014
0.000190514
0.0109114
0.000210279
0.0109284
0.000217614
0.0109371
0.000239875
0.0109527
0.000252095
0.0109611
0.000276675
0.0109748
0.000295012
0.0109838
0.000322166
0.0109955
0.000347706
0.0110058
0.000377894
0.0110159
0.000411279
0.0110277
0.000445287
0.0110367
0.000486831
0.0110501
0.000525129
0.0110577
0.000575474
0.0110722
0.000617937
0.0110761
0.000678279
0.0110894
0.000725197
0.0110862
0.000795963
0.0110932
0.00084907
0.0110789
0.000929314
0.0110719
0.000992848
0.0110402
0.00108333
0.011011
0.00116484
0.0109577
0.00126928
0.0109007
0.00137858
0.0108247
0.00150145
0.0107412
0.00164882
0.01065
0.00178747
0.0105327
0.001971
0.010398
0.00210512
0.0101897
0.00231911
0.00994622
0.00242766
0.00959853
0.00267969
0.00927881
0.00273726
0.00300364
0.00882603
0.0100025
5.33519e-06
0.0100092
1.69066e-05
0.0100205
2.6608e-05
0.0100352
3.6857e-05
0.0100525
4.44768e-05
0.010071
5.08166e-05
0.0100904
5.52662e-05
0.0101102
5.79803e-05
0.0101301
6.08397e-05
0.0101508
6.16648e-05
0.0101715
6.42892e-05
0.0101937
6.47072e-05
0.0102154
6.77848e-05
0.0102387
6.81149e-05
0.0102607
7.09927e-05
0.0102846
7.10709e-05
0.0103068
7.32356e-05
0.0103309
7.35629e-05
0.0103533
7.47512e-05
0.0103774
7.59789e-05
0.0104001
7.61555e-05
0.0104239
7.84963e-05
0.0104471
7.79922e-05
0.0104702
8.11312e-05
0.0104939
8.03479e-05
0.0105161
8.39333e-05
0.0105402
8.32634e-05
0.0105614
8.70489e-05
0.0105857
8.70055e-05
0.010606
9.05273e-05
0.01063
9.18954e-05
0.0106498
9.47547e-05
0.0106729
9.78926e-05
0.0106925
0.000100431
0.0107143
0.000104985
0.0107336
0.000108057
0.010754
0.000113791
0.010773
0.000117764
0.0107917
0.000124931
0.0108107
0.000130325
0.0108274
0.000138447
0.0108462
0.00014707
0.0108616
0.000154753
0.0108792
0.000168471
0.0108942
0.000175559
0.01091
0.000194444
0.0109251
0.000202557
0.0109391
0.000225865
0.0109544
0.000236737
0.0109671
0.000264046
0.0109826
0.000279466
0.0109948
0.00030994
0.0110101
0.000332391
0.0110233
0.000364717
0.0110378
0.000396802
0.0110534
0.000429687
0.0110663
0.000473904
0.011085
0.000506438
0.0110962
0.00056424
0.0111165
0.000597696
0.011126
0.000668792
0.0111455
0.000705678
0.0111515
0.000789926
0.0111678
0.000832825
0.0111673
0.000929758
0.0111749
0.000985248
0.0111647
0.00109351
0.0111579
0.00117173
0.0111359
0.00129123
0.011111
0.00140353
0.0110779
0.0015345
0.0110366
0.00169012
0.0109951
0.00182895
0.0109299
0.00203621
0.0108621
0.00217299
0.0107465
0.00243468
0.0106217
0.00255247
0.0104559
0.00284551
0.0102467
0.00294638
0.00321434
0.010036
0.0100019
3.45782e-06
0.0100079
1.08395e-05
0.0100174
1.71539e-05
0.0100305
2.37552e-05
0.010046
2.90053e-05
0.0100635
3.32676e-05
0.010082
3.67548e-05
0.0101016
3.84132e-05
0.0101213
4.1164e-05
0.0101419
4.10856e-05
0.0101624
4.37496e-05
0.0101841
4.30442e-05
0.0102056
4.62272e-05
0.0102282
4.54793e-05
0.0102505
4.87091e-05
0.0102738
4.78183e-05
0.0102965
5.0543e-05
0.01032
5.00717e-05
0.0103429
5.17737e-05
0.0103664
5.25435e-05
0.0103898
5.27828e-05
0.0104128
5.54237e-05
0.0104367
5.41207e-05
0.0104591
5.86875e-05
0.0104835
5.59475e-05
0.0105052
6.23232e-05
0.01053
5.84298e-05
0.0105507
6.63207e-05
0.0105757
6.20191e-05
0.0105957
7.05006e-05
0.0106203
6.72885e-05
0.0106401
7.50192e-05
0.0106637
7.42988e-05
0.0106835
8.059e-05
0.0107056
8.29184e-05
0.0107257
8.78946e-05
0.010746
9.35591e-05
0.0107666
9.71148e-05
0.0107847
0.00010684
0.010806
0.000109013
0.0108218
0.000122646
0.0108436
0.000125272
0.0108577
0.000140697
0.0108792
0.000146972
0.0108925
0.000162276
0.010913
0.000173892
0.0109262
0.000189401
0.0109456
0.000206452
0.0109593
0.00022303
0.0109772
0.000246134
0.0109925
0.000264158
0.0110087
0.000293716
0.0110261
0.000314976
0.0110414
0.000349478
0.0110608
0.000377361
0.0110757
0.000414815
0.0110972
0.000452394
0.0111121
0.000491552
0.0111346
0.000541725
0.0111504
0.000581905
0.0111721
0.000647115
0.0111886
0.000689174
0.0112081
0.000770381
0.0112234
0.000817573
0.0112384
0.000914742
0.0112493
0.000974343
0.0112576
0.00108521
0.0112603
0.00116901
0.0112603
0.00129123
0.0112525
0.00141138
0.0112447
0.0015423
0.011224
0.00171084
0.0112057
0.00184725
0.0111729
0.00206903
0.0111258
0.00222007
0.0110853
0.00247516
0.0109839
0.00265385
0.0109308
0.0028986
0.0107645
0.0031127
0.00332989
0.0106489
0.0100016
1.89543e-06
0.0100072
5.18184e-06
0.0100158
8.61277e-06
0.0100278
1.17433e-05
0.0100422
1.46182e-05
0.0100589
1.65103e-05
0.0100769
1.88222e-05
0.0100961
1.91549e-05
0.0101157
2.16111e-05
0.0101362
2.05725e-05
0.0101566
2.328e-05
0.010178
2.16556e-05
0.0101995
2.47522e-05
0.0102217
2.3267e-05
0.0102442
2.61953e-05
0.010267
2.50942e-05
0.0102902
2.73146e-05
0.0103131
2.71785e-05
0.0103367
2.81229e-05
0.0103596
2.96821e-05
0.0103835
2.88429e-05
0.0104063
3.26971e-05
0.0104304
3.00066e-05
0.010453
3.60774e-05
0.0104771
3.18769e-05
0.0104996
3.97994e-05
0.0105234
3.46135e-05
0.0105458
4.39351e-05
0.0105692
3.85621e-05
0.0105913
4.83908e-05
0.0106144
4.42607e-05
0.0106361
5.32576e-05
0.0106586
5.18627e-05
0.01068
5.91796e-05
0.0107017
6.11815e-05
0.0107227
6.6958e-05
0.0107438
7.24607e-05
0.010764
7.68224e-05
0.0107845
8.63964e-05
0.0108043
8.92142e-05
0.0108237
0.000103221
0.0108434
0.000105564
0.0108616
0.000122492
0.0108813
0.000127347
0.0108986
0.000144881
0.010918
0.000154503
0.0109348
0.000172681
0.0109546
0.000186583
0.0109702
0.000207445
0.0109914
0.000224992
0.0110063
0.000249181
0.011028
0.000272049
0.0110445
0.000298473
0.0110654
0.000328595
0.0110847
0.00035805
0.0111052
0.000394305
0.0111267
0.000430867
0.0111477
0.000470574
0.0111714
0.000518075
0.0111921
0.000561126
0.0112183
0.00062097
0.0112384
0.000669084
0.0112654
0.000743389
0.0112846
0.000798365
0.0113099
0.000889369
0.0113267
0.00095761
0.0113489
0.00106303
0.0113604
0.00115744
0.0113777
0.00127398
0.0113843
0.00140476
0.0113889
0.00153773
0.0113963
0.00170339
0.0113754
0.0018682
0.011385
0.00205939
0.0113349
0.00227019
0.0113336
0.00247647
0.0112615
0.00272592
0.0112143
0.00294579
0.0111157
0.00321128
0.00344934
0.0109963
0.0100014
4.92822e-07
0.0100069
-3.55966e-07
0.010015
5.54022e-07
0.0100265
1.9763e-07
0.0100404
7.50324e-07
0.0100567
2.12799e-07
0.0100744
1.13398e-06
0.0100934
1.82265e-07
0.0101129
2.03752e-06
0.0101334
1.48598e-07
0.0101538
2.79983e-06
0.0101752
3.08383e-07
0.0101965
3.44145e-06
0.0102188
1.00564e-06
0.0102411
3.87078e-06
0.010264
2.2067e-06
0.0102871
4.2331e-06
0.0103102
4.05508e-06
0.0103337
4.59992e-06
0.0103569
6.49135e-06
0.0103806
5.15892e-06
0.0104039
9.40713e-06
0.0104275
6.40014e-06
0.010451
1.25543e-05
0.0104743
8.61205e-06
0.0104981
1.59911e-05
0.0105208
1.185e-05
0.0105448
1.99812e-05
0.0105671
1.62669e-05
0.0105909
2.46104e-05
0.0106129
2.22104e-05
0.0106362
3.00208e-05
0.0106581
2.99332e-05
0.0106805
3.67284e-05
0.0107024
3.93448e-05
0.010724
4.52888e-05
0.0107456
5.08987e-05
0.0107667
5.57509e-05
0.0107876
6.54944e-05
0.0108085
6.82745e-05
0.0108283
8.34835e-05
0.0108496
8.42127e-05
0.010868
0.000104097
0.0108896
0.000105716
0.0109075
0.000127003
0.0109287
0.000133351
0.0109469
0.000154394
0.0109677
0.000165793
0.0109861
0.000189035
0.0110081
0.000203044
0.0110255
0.000231756
0.0110502
0.000247375
0.0110666
0.000282097
0.0110938
0.000301367
0.011111
0.000340873
0.0111392
0.000366097
0.0111591
0.000410933
0.0111877
0.000442043
0.0112108
0.000494908
0.0112395
0.000532469
0.011267
0.000593486
0.0112937
0.000642357
0.0113268
0.000710285
0.0113505
0.000774639
0.0113866
0.000853328
0.0114102
0.000933987
0.0114425
0.00103071
0.0114701
0.00112982
0.0114929
0.00125122
0.0115241
0.00137354
0.0115358
0.00152597
0.0115616
0.00167764
0.0115658
0.00186395
0.0115717
0.00205351
0.01157
0.00227188
0.0115475
0.00249896
0.0115256
0.00274786
0.0114606
0.00301084
0.0113986
0.00327319
0.0035718
0.0112762
0.0100015
-1.05173e-06
0.0100069
-5.74282e-06
0.0100151
-7.58855e-06
0.0100266
-1.12974e-05
0.0100405
-1.32297e-05
0.0100567
-1.59325e-05
0.0100746
-1.67438e-05
0.0100932
-1.84464e-05
0.0101132
-1.79728e-05
0.0101332
-1.97912e-05
0.0101542
-1.82485e-05
0.010175
-2.04879e-05
0.0101969
-1.84415e-05
0.0102187
-2.08321e-05
0.0102415
-1.88729e-05
0.0102642
-2.04856e-05
0.0102875
-1.90784e-05
0.0103106
-1.90962e-05
0.0103342
-1.90042e-05
0.0103576
-1.68673e-05
0.0103813
-1.85853e-05
0.0104048
-1.40489e-05
0.0104286
-1.74177e-05
0.0104521
-1.09793e-05
0.0104759
-1.51175e-05
0.0104995
-7.68931e-06
0.0105229
-1.15133e-05
0.0105468
-3.92634e-06
0.0105696
-6.48732e-06
0.0105937
5.05143e-07
0.0106158
9.1898e-08
0.0106401
5.75166e-06
0.0106614
8.6333e-06
0.0106857
1.23871e-05
0.0107063
1.87644e-05
0.0107304
2.11308e-05
0.0107506
3.07076e-05
0.0107742
3.21611e-05
0.0107942
4.55166e-05
0.0108173
4.51759e-05
0.0108367
6.40866e-05
0.0108601
6.08347e-05
0.0108782
8.59477e-05
0.0109025
8.14737e-05
0.0109198
0.000109627
0.0109439
0.000109329
0.0109625
0.000135736
0.0109851
0.000143256
0.0110059
0.000168189
0.0110278
0.000181132
0.0110499
0.000209619
0.011073
0.000224322
0.011096
0.000259055
0.0111207
0.000276739
0.0111455
0.000316035
0.0111716
0.000340006
0.011199
0.000383535
0.0112269
0.000414117
0.011257
0.000464875
0.0112877
0.000501725
0.0113199
0.000561318
0.0113541
0.000608116
0.0113882
0.000676171
0.011426
0.000736828
0.0114615
0.000817822
0.0115026
0.000892971
0.01154
0.000993227
0.0115807
0.00108916
0.0116219
0.00121006
0.0116578
0.00133765
0.0117002
0.00148351
0.0117295
0.0016484
0.0117631
0.00183031
0.0117815
0.00203508
0.0117992
0.00225421
0.0117913
0.00250686
0.0117824
0.00275678
0.0117355
0.00305775
0.0116626
0.0033461
0.00365567
0.0115787
0.0100019
-2.91008e-06
0.0100073
-1.12034e-05
0.0100158
-1.61135e-05
0.010028
-2.34467e-05
0.0100424
-2.76291e-05
0.0100591
-3.26891e-05
0.0100771
-3.4744e-05
0.010096
-3.73094e-05
0.0101162
-3.81685e-05
0.010136
-3.95365e-05
0.0101574
-3.97335e-05
0.0101779
-4.09165e-05
0.0102004
-4.09688e-05
0.0102219
-4.23518e-05
0.0102452
-4.2138e-05
0.0102677
-4.30406e-05
0.0102913
-4.26066e-05
0.0103146
-4.24131e-05
0.0103381
-4.25105e-05
0.0103619
-4.07028e-05
0.0103854
-4.20337e-05
0.0104095
-3.81946e-05
0.010433
-4.08947e-05
0.0104573
-3.52479e-05
0.0104807
-3.85953e-05
0.0105051
-3.20692e-05
0.0105283
-3.46997e-05
0.010553
-2.86157e-05
0.0105755
-2.89878e-05
0.0106007
-2.47059e-05
0.0106223
-2.14792e-05
0.0106478
-1.97768e-05
0.0106689
-1.24234e-05
0.0106941
-1.28573e-05
0.0107152
-2.31046e-06
0.0107394
-3.07744e-06
0.0107614
8.70908e-06
0.0107836
9.93938e-06
0.0108071
2.19799e-05
0.0108274
2.49102e-05
0.0108519
3.96113e-05
0.0108716
4.10985e-05
0.0108952
6.24139e-05
0.0109167
5.98831e-05
0.0109378
8.85541e-05
0.0109618
8.53816e-05
0.0109822
0.000115271
0.0110059
0.000119635
0.0110295
0.000144583
0.0110506
0.000160039
0.0110783
0.000181859
0.0110987
0.000203891
0.0111286
0.000229198
0.0111512
0.000254184
0.0111823
0.000284882
0.0112079
0.000314421
0.0112407
0.000350768
0.0112705
0.000384304
0.0113044
0.000430967
0.0113397
0.000466385
0.0113756
0.000525438
0.0114153
0.000568394
0.0114566
0.00063486
0.0114976
0.000695821
0.0115478
0.000767615
0.0115894
0.000851438
0.0116466
0.000936044
0.0116929
0.00104288
0.0117515
0.00115138
0.0118037
0.00128551
0.0118615
0.00142571
0.0119127
0.0015972
0.0119665
0.00177648
0.0120097
0.00199186
0.0120393
0.00222465
0.0120677
0.00247847
0.0120545
0.00276999
0.0120456
0.00306665
0.0119712
0.00342045
0.00374253
0.0118844
0.0100024
-5.3215e-06
0.0100079
-1.66883e-05
0.0100176
-2.58171e-05
0.0100308
-3.66247e-05
0.0100463
-4.31593e-05
0.010064
-5.03884e-05
0.0100823
-5.30767e-05
0.0101019
-5.68499e-05
0.0101219
-5.81576e-05
0.0101421
-5.97434e-05
0.0101634
-6.10856e-05
0.0101844
-6.18455e-05
0.010207
-6.36167e-05
0.010229
-6.43297e-05
0.0102523
-6.54458e-05
0.0102753
-6.60091e-05
0.0102986
-6.59722e-05
0.0103225
-6.62915e-05
0.0103456
-6.55815e-05
0.0103703
-6.54175e-05
0.010393
-6.47536e-05
0.0104184
-6.35668e-05
0.010441
-6.34643e-05
0.0104666
-6.0855e-05
0.0104893
-6.13387e-05
0.0105147
-5.74303e-05
0.0105378
-5.78414e-05
0.0105626
-5.34578e-05
0.0105862
-5.25186e-05
0.0106105
-4.90436e-05
0.0106342
-4.51911e-05
0.0106581
-4.36472e-05
0.010682
-3.63358e-05
0.0107051
-3.59919e-05
0.0107296
-2.67623e-05
0.0107515
-2.49376e-05
0.0107769
-1.67666e-05
0.010797
-1.01095e-05
0.0108243
-5.33487e-06
0.0108419
7.33709e-06
0.0108711
1.04255e-05
0.0108872
2.49758e-05
0.0109169
3.26814e-05
0.0109337
4.30828e-05
0.0109618
6.04525e-05
0.0109816
6.56306e-05
0.0110075
8.93191e-05
0.0110299
9.7243e-05
0.0110558
0.000118653
0.0110792
0.000136714
0.0111071
0.000153963
0.0111314
0.000179524
0.011161
0.000199661
0.011188
0.000227096
0.0112193
0.000253612
0.011249
0.000284719
0.0112845
0.00031525
0.0113154
0.000353454
0.0113573
0.000389025
0.0113899
0.000433772
0.0114382
0.000477208
0.011475
0.000531528
0.0115283
0.000581565
0.0115732
0.000650993
0.0116299
0.000710846
0.0116859
0.000795473
0.011746
0.000875941
0.0118131
0.000975777
0.0118795
0.00108502
0.0119536
0.00121132
0.0120266
0.00135279
0.0121058
0.00151796
0.0121755
0.00170679
0.0122503
0.00191702
0.0123095
0.0021655
0.0123528
0.00243515
0.0123822
0.00274055
0.0123707
0.00307818
0.0123447
0.00344652
0.00385174
0.0122354
0.0100031
-8.41387e-06
0.010009
-2.25911e-05
0.0100208
-3.76445e-05
0.0100355
-5.12808e-05
0.0100527
-6.04225e-05
0.0100717
-6.93366e-05
0.0100904
-7.17949e-05
0.0101109
-7.73748e-05
0.0101304
-7.75795e-05
0.0101516
-8.0972e-05
0.0101725
-8.19926e-05
0.0101947
-8.40304e-05
0.0102172
-8.61127e-05
0.0102401
-8.72216e-05
0.0102634
-8.87665e-05
0.0102868
-8.93791e-05
0.0103104
-8.96143e-05
0.0103342
-9.01113e-05
0.0103578
-8.92007e-05
0.0103824
-8.99383e-05
0.0104056
-8.80075e-05
0.010431
-8.89621e-05
0.0104539
-8.63427e-05
0.0104797
-8.67119e-05
0.0105028
-8.43834e-05
0.0105282
-8.28912e-05
0.0105521
-8.16956e-05
0.0105766
-7.79827e-05
0.0106014
-7.725e-05
0.0106252
-7.28571e-05
0.0106501
-7.01667e-05
0.010674
-6.74798e-05
0.0106983
-6.07065e-05
0.0107228
-6.04699e-05
0.0107461
-5.00375e-05
0.0107713
-5.00866e-05
0.0107939
-3.93931e-05
0.0108186
-3.47973e-05
0.0108424
-2.92033e-05
0.0108643
-1.45785e-05
0.010892
-1.72251e-05
0.0109098
7.17907e-06
0.010941
1.45543e-06
0.0109575
2.66403e-05
0.0109876
3.03286e-05
0.0110087
4.44872e-05
0.0110338
6.42199e-05
0.0110615
6.95374e-05
0.0110833
9.6916e-05
0.0111143
0.000105719
0.0111376
0.00013064
0.0111691
0.000148045
0.0111962
0.000172559
0.0112285
0.000194768
0.0112596
0.000222536
0.0112937
0.000250608
0.0113293
0.000279622
0.011367
0.000315802
0.0114062
0.00034984
0.0114513
0.000388648
0.0114918
0.000436659
0.011548
0.000475382
0.0115914
0.000538147
0.0116566
0.000585742
0.0117096
0.000657866
0.0117828
0.000722302
0.0118459
0.000812833
0.0119347
0.000887024
0.0120032
0.00101648
0.0121089
0.00110558
0.0121913
0.00127045
0.012299
0.00141023
0.0123982
0.0016076
0.0125008
0.00181439
0.0125935
0.00207284
0.0126755
0.00235311
0.0127378
0.00267827
0.012763
0.00305296
0.0127431
0.00346646
0.00391254
0.0126823
0.0100036
-1.20579e-05
0.0100116
-3.05076e-05
0.0100261
-5.22155e-05
0.0100432
-6.83165e-05
0.0100627
-7.99513e-05
0.0100828
-8.94862e-05
0.0101023
-9.12835e-05
0.0101233
-9.83527e-05
0.0101429
-9.71345e-05
0.0101648
-0.000102866
0.0101861
-0.000103355
0.0102092
-0.000107109
0.0102321
-0.000109018
0.0102557
-0.000110772
0.0102793
-0.000112429
0.0103029
-0.000112951
0.0103271
-0.000113793
0.0103506
-0.00011366
0.0103752
-0.000113771
0.0103992
-0.000113909
0.0104235
-0.000112358
0.0104485
-0.000113994
0.0104721
-0.000109872
0.0104983
-0.000112942
0.0105211
-0.000107215
0.0105479
-0.000109653
0.0105708
-0.000104591
0.0105972
-0.000104382
0.0106208
-0.000100884
0.0106464
-9.84242e-05
0.0106708
-9.45618e-05
0.0106958
-9.25053e-05
0.0107201
-8.50112e-05
0.0107458
-8.61046e-05
0.0107685
-7.27421e-05
0.0107961
-7.77164e-05
0.0108162
-5.95409e-05
0.0108459
-6.44649e-05
0.0108648
-4.81125e-05
0.0108941
-4.38748e-05
0.0109153
-3.83731e-05
0.010941
-1.85492e-05
0.0109664
-2.39371e-05
0.0109894
3.58951e-06
0.0110161
3.67019e-06
0.0110412
1.93925e-05
0.0110657
3.9735e-05
0.0110952
4.00431e-05
0.0111181
7.39389e-05
0.0111503
7.35717e-05
0.0111748
0.000106113
0.0112087
0.00011413
0.0112353
0.000145992
0.0112732
0.000156893
0.0113013
0.000194431
0.0113435
0.000208352
0.0113756
0.000247537
0.0114213
0.000270126
0.01146
0.000311142
0.0115096
0.000339046
0.0115561
0.000390115
0.0116119
0.000419591
0.0116672
0.000482885
0.0117307
0.000522258
0.0117999
0.000588617
0.0118675
0.000654715
0.011961
0.000719366
0.0120345
0.000813534
0.0121455
0.000905419
0.0122447
0.00100639
0.0123673
0.00114787
0.0124843
0.00129323
0.0126331
0.00145879
0.0127557
0.00169179
0.0128987
0.00192985
0.0130328
0.002219
0.0131189
0.00259221
0.0132165
0.00295531
0.0132355
0.00344752
0.00396883
0.0131792
0.0100047
-1.6759e-05
0.0100164
-4.22127e-05
0.0100357
-7.1485e-05
0.010056
-8.85946e-05
0.0100785
-0.00010253
0.0100988
-0.000109747
0.0101198
-0.000112319
0.0101402
-0.000118719
0.0101615
-0.000118431
0.0101836
-0.00012496
0.0102064
-0.000126218
0.0102299
-0.000130574
0.0102536
-0.000132744
0.0102777
-0.000134792
0.0103014
-0.000136173
0.0103255
-0.000137037
0.0103497
-0.000137973
0.0103735
-0.000137441
0.0103987
-0.000138992
0.0104221
-0.000137352
0.010448
-0.000138207
0.0104718
-0.000137813
0.0104972
-0.000135319
0.0105221
-0.0001378
0.0105467
-0.000131875
0.0105723
-0.000135214
0.0105969
-0.00012917
0.010622
-0.000129541
0.0106477
-0.000126491
0.0106714
-0.000122124
0.0106986
-0.000121789
0.0107207
-0.00011463
0.0107487
-0.00011302
0.010771
-0.000108377
0.0107971
-9.88079e-05
0.0108227
-0.00010333
0.0108438
-8.07093e-05
0.0108747
-9.52942e-05
0.0108911
-6.45302e-05
0.0109248
-7.75502e-05
0.0109414
-5.49886e-05
0.0109715
-4.8679e-05
0.0109952
-4.7649e-05
0.0110166
-1.78346e-05
0.0110508
-3.0462e-05
0.0110651
5.01731e-06
0.011105
-9.48762e-08
0.0111192
2.58031e-05
0.011158
3.5149e-05
0.0111779
5.37011e-05
0.0112147
6.92757e-05
0.0112402
8.85973e-05
0.0112772
0.000109045
0.0113074
0.000126725
0.0113468
0.000154944
0.0113812
0.00017404
0.0114263
0.000202379
0.0114629
0.000233495
0.0115183
0.000255826
0.0115557
0.000301585
0.011624
0.000321818
0.0116656
0.000378031
0.0117447
0.000403801
0.0117986
0.000468313
0.0118866
0.000500665
0.0119524
0.000588892
0.0120677
0.000604025
0.0121331
0.000748171
0.0122802
0.000758357
0.0123814
0.00090514
0.0125202
0.00100903
0.012692
0.00112143
0.0128351
0.00131576
0.0130359
0.00149097
0.0132163
0.00174943
0.0133996
0.0020357
0.0135802
0.00241161
0.0137022
0.00283334
0.0138164
0.00333334
0.00396474
0.0138205
0.0100066
-2.33159e-05
0.0100269
-6.25579e-05
0.010052
-9.65961e-05
0.010077
-0.000113606
0.0101009
-0.000126357
0.0101226
-0.0001315
0.0101443
-0.000134033
0.0101652
-0.000139615
0.0101881
-0.000141325
0.0102112
-0.000148006
0.0102354
-0.000150509
0.0102595
-0.000154588
0.0102834
-0.000156679
0.0103076
-0.000158951
0.0103307
-0.000159328
0.0103551
-0.000161419
0.0103783
-0.000161161
0.0104026
-0.000161717
0.0104266
-0.000163068
0.0104503
-0.000161014
0.0104752
-0.000163083
0.0104985
-0.000161105
0.0105233
-0.000160175
0.0105468
-0.000161316
0.010571
-0.00015608
0.010595
-0.000159152
0.0106184
-0.00015259
0.0106427
-0.00015383
0.0106653
-0.000149138
0.0106898
-0.000146549
0.0107118
-0.000143867
0.0107361
-0.000138869
0.0107576
-0.000134551
0.0107822
-0.000132986
0.0108018
-0.000118401
0.0108291
-0.00013064
0.0108441
-9.56621e-05
0.0108767
-0.000127886
0.0108858
-7.36828e-05
0.0109232
-0.000114979
0.0109296
-6.13316e-05
0.0109676
-8.66625e-05
0.0109768
-5.68576e-05
0.0110107
-5.17426e-05
0.0110272
-4.69737e-05
0.0110547
-2.2517e-05
0.011079
-2.44028e-05
0.0111034
1.43897e-06
0.0111329
5.64216e-06
0.0111573
2.93577e-05
0.01119
3.64891e-05
0.0112186
6.00804e-05
0.0112523
7.52634e-05
0.0112883
9.07772e-05
0.0113224
0.000120811
0.0113684
0.000128033
0.0114023
0.000168546
0.011462
0.000173727
0.0114954
0.000222474
0.0115706
0.000226394
0.0116058
0.000286598
0.0116972
0.00028666
0.0117367
0.00036425
0.0118533
0.000351688
0.0118879
0.000466136
0.0120427
0.000434048
0.0120853
0.00056146
0.0122454
0.000588017
0.0123532
0.000650573
0.0125008
0.000757597
0.0126574
0.00085236
0.0128472
0.000931612
0.0130516
0.00111139
0.0132831
0.00125953
0.0135436
0.00148887
0.0138216
0.00175775
0.014072
0.00216122
0.014301
0.00260431
0.0144774
0.00315696
0.00386501
0.0145771
0.0100135
-3.68128e-05
0.0100444
-9.34505e-05
0.0100775
-0.000129679
0.0101079
-0.000144019
0.010132
-0.000150511
0.0101529
-0.000152325
0.010175
-0.000156148
0.0101959
-0.000160528
0.010221
-0.000166479
0.0102422
-0.000169122
0.0102671
-0.000175438
0.0102863
-0.000173833
0.0103093
-0.000179594
0.0103268
-0.000176499
0.010348
-0.000180526
0.0103648
-0.000178246
0.0103846
-0.000180956
0.010401
-0.000178127
0.0104195
-0.00018157
0.010435
-0.000176447
0.0104526
-0.000180728
0.0104662
-0.000174715
0.0104836
-0.000177595
0.0104949
-0.000172527
0.0105123
-0.000173485
0.0105212
-0.000168142
0.0105381
-0.000169445
0.0105459
-0.000161583
0.0105611
-0.00016437
0.0105687
-0.00015417
0.0105818
-0.000156926
0.0105893
-0.000146426
0.0106014
-0.000146633
0.0106071
-0.000138673
0.0106214
-0.000132668
0.0106222
-0.000131511
0.0106418
-0.000115223
0.0106368
-0.000122887
0.0106612
-9.81093e-05
0.0106543
-0.000108076
0.0106781
-8.50981e-05
0.0106772
-8.5787e-05
0.0106944
-7.40051e-05
0.0107034
-6.07958e-05
0.0107159
-5.94477e-05
0.010729
-3.56512e-05
0.0107484
-4.38075e-05
0.0107547
-4.79649e-06
0.0107932
-3.28664e-05
0.0107876
3.48911e-05
0.0108434
-1.92624e-05
0.0108349
6.85154e-05
0.0109003
9.93855e-06
0.0108968
9.42212e-05
0.010973
4.46597e-05
0.0109722
0.000128817
0.011064
7.67678e-05
0.0110671
0.00017064
0.0111744
0.000115143
0.0111895
0.000211246
0.0112998
0.000176356
0.0113517
0.00023476
0.011442
0.000273897
0.0115469
0.00024678
0.0116379
0.000375193
0.0117675
0.000304475
0.0118876
0.000441301
0.012021
0.000454676
0.0122337
0.000437842
0.0123336
0.000657721
0.0126301
0.000555798
0.0127994
0.000762344
0.013089
0.000821772
0.0133943
0.000954214
0.0137504
0.00113282
0.0141787
0.00132948
0.014646
0.00169391
0.0150923
0.00215797
0.0153819
0.00286735
0.00362319
0.0156237
0.0100356
-7.24059e-05
0.0100801
-0.000137971
0.0101108
-0.00016032
0.0101278
-0.000161082
0.0101361
-0.000158837
0.0101438
-0.000160004
0.0101504
-0.000162721
0.0101544
-0.000164544
0.0101555
-0.000167585
0.0101524
-0.000166018
0.0101457
-0.000168759
0.0101358
-0.000163876
0.0101229
-0.000166749
0.0101075
-0.000161041
0.0100904
-0.000163445
0.0100703
-0.000158159
0.0100493
-0.000159985
0.0100256
-0.000154369
0.0100005
-0.000156455
0.00997366
-0.000149643
0.009945
-0.000152075
0.009915
-0.000144709
0.00988406
-0.000146661
0.00985079
-0.000139254
0.00981824
-0.00014093
0.00978256
-0.000132469
0.00974835
-0.000135228
0.00971135
-0.000124588
0.00967574
-0.000128759
0.00963799
-0.000116414
0.00960194
-0.000120875
0.00956359
-0.000108081
0.00952861
-0.000111657
0.00948922
-9.92813e-05
0.00945789
-0.000101339
0.00941611
-8.97259e-05
0.0093914
-9.05188e-05
0.00934678
-7.8265e-05
0.00932953
-8.08618e-05
0.00928471
-6.32556e-05
0.00927294
-7.33246e-05
0.00923285
-4.56946e-05
0.00922371
-6.4864e-05
0.00919263
-2.97176e-05
0.00918494
-5.17592e-05
0.00916591
-1.66208e-05
0.00915971
-3.76116e-05
0.0091538
1.11794e-06
0.0091489
-2.79714e-05
0.00915919
2.46093e-05
0.00915969
-1.97661e-05
0.00918598
4.22255e-05
0.00919098
4.93543e-06
0.00923907
4.61366e-05
0.00924629
3.74388e-05
0.00931756
5.75438e-05
0.00933988
5.44447e-05
0.00941713
9.33941e-05
0.00947869
5.35844e-05
0.00955739
0.000132541
0.0096392
9.45473e-05
0.00977058
0.000103383
0.00981825
0.000226223
0.0100133
5.16976e-05
0.0100844
0.000304091
0.010313
7.58825e-05
0.0103551
0.000399275
0.0107658
4.39206e-05
0.0107139
0.000489722
0.011238
0.000133609
0.0112735
0.000520318
0.0118186
0.000217307
0.0119624
0.000677945
0.0126566
0.000259992
0.0128072
0.000982275
0.0138218
0.000314796
0.014101
0.00141471
0.0155241
0.000734889
0.0158883
0.00250318
0.00233597
0.0171755
0.00992759
0.00978962
0.0096293
0.00946822
0.00930938
0.00914938
0.00898666
0.00882212
0.00865453
0.00848851
0.00831975
0.00815588
0.00798913
0.00782809
0.00766464
0.00750648
0.0073465
0.00719213
0.00703567
0.00688603
0.00673396
0.00658925
0.00644259
0.00630333
0.0061624
0.00602993
0.0058947
0.00577012
0.00564136
0.00552494
0.00540407
0.00529599
0.00518433
0.00508505
0.00498371
0.00489398
0.00480346
0.0047252
0.00464434
0.00458108
0.00450776
0.00446206
0.0043972
0.00436748
0.00431572
0.0042991
0.00426149
0.00426261
0.00423464
0.00425925
0.00423948
0.0042817
0.00428664
0.00433278
0.00437022
0.00442776
0.0044822
0.0045756
0.00462918
0.00476172
0.00485627
0.00495965
0.00518588
0.00523757
0.00554166
0.00561755
0.00601682
0.00606074
0.00655046
0.00668407
0.00720439
0.0074217
0.00809964
0.00835963
0.00934191
0.00965671
0.0110714
0.0118063
0.0143095
0.0166455
-9.76799e-05
9.7873e-05
-0.000212574
0.000114894
-0.000334291
0.000121717
-0.000368119
3.3828e-05
-0.000349442
-1.8677e-05
-0.000253435
-9.60069e-05
-0.000109159
-0.000144276
2.62027e-05
-0.000135361
0.000184718
-0.000158515
0.00027292
-8.82018e-05
0.000104039
0.000168881
-0.000471162
0.000575201
-0.00132842
0.000857262
-0.00202159
0.000693169
-0.00220428
0.000182692
-0.00202145
-0.000182833
-0.00169053
-0.000330926
-0.00123981
-0.000450713
-0.000491028
-0.000748785
-0.000491028
-0.000169543
-1.15648e-05
-0.000175002
0.000120352
-0.000373682
0.000320397
-0.000555829
0.000215975
-0.000646679
7.21734e-05
-0.000503736
-0.00023895
-0.000283305
-0.000364708
-0.000129072
-0.000289594
-0.000152607
-0.00013498
-0.00040269
0.000161881
-0.00098736
0.000753551
-0.00165797
0.00124581
-0.00214352
0.00134281
-0.00237337
0.000923017
-0.00236992
0.000179237
-0.00225926
-0.000293492
-0.00203549
-0.00055469
-0.00155461
-0.000931599
-0.000588417
-0.00171497
-0.00107944
-0.000782181
0.000214856
-0.000839644
0.000177816
-0.000853921
0.000334674
-0.000885572
0.000247626
-0.00087667
6.32706e-05
-0.00086064
-0.000254979
-0.00076149
-0.000463858
-0.000639725
-0.000411359
-0.000752353
-2.23525e-05
-0.0010936
0.00050313
-0.00138904
0.00104899
-0.00162237
0.00147914
-0.00177888
0.00149933
-0.00187932
0.00102346
-0.00193486
0.000234769
-0.00193883
-0.00028952
-0.0018006
-0.000692921
-0.00140742
-0.00132478
-0.00062872
-0.00249367
-0.00170816
0.00157028
0.00168165
0.000276458
0.00147164
-0.000568421
0.00117955
-0.00104526
0.000724462
-0.00141483
0.000432839
-0.00136335
-0.000306451
-0.00113486
-0.000692349
-0.000948668
-0.000597554
-0.000773117
-0.000197904
-0.000790641
0.000520654
-0.000948278
0.00120662
-0.00105994
0.0015908
-0.00115412
0.00159352
-0.00122625
0.00109559
-0.0013219
0.000330415
-0.00134594
-0.000265479
-0.00126978
-0.000769084
-0.00106407
-0.00153049
-0.000655296
-0.00290244
-0.00236346
0.00581593
0.00247757
0.00481634
0.00247122
0.00372457
0.00227133
0.00239995
0.00204908
0.0010518
0.001781
-0.000101069
0.000846414
-0.000978185
0.000184767
-0.000971276
-0.000604463
-0.000647312
-0.000521867
-0.000395906
0.000269248
-0.000203474
0.00101419
-8.17544e-05
0.00146908
-1.23246e-05
0.00152409
-6.13865e-06
0.0010894
-0.000302432
0.000626708
-0.000656546
8.86347e-05
-0.000796316
-0.000629314
-0.000802781
-0.00152402
-0.000694403
-0.00301082
-0.00305786
0.00834609
0.0029575
0.00767236
0.00314496
0.00687122
0.00307246
0.00597198
0.00294832
0.0051303
0.00262268
0.00387406
0.00210266
0.00234591
0.00171291
0.000842245
0.000899202
0.000180003
0.000140375
0.000340173
0.000109077
0.000601021
0.000753343
0.000805771
0.00126433
0.000817439
0.00151242
0.00047418
0.00143266
1.56249e-05
0.00108526
-4.48663e-05
0.000149126
-7.77807e-06
-0.000666402
-0.000321583
-0.00121022
-0.000645795
-0.00268661
-0.00370366
0.00966841
0.00332512
0.00931408
0.00349929
0.00881267
0.00357387
0.00822172
0.00353927
0.00749977
0.00334462
0.00637795
0.00322448
0.0054588
0.00263207
0.00403782
0.00232018
0.00238352
0.00179467
0.00143419
0.00105841
0.00136638
0.000821154
0.00154929
0.00108142
0.00155748
0.00150423
0.00146768
0.00152247
0.0017039
0.00084904
0.00175477
9.82559e-05
0.000695818
0.000392549
-0.000383371
-0.000131027
-0.000737112
-0.00233287
-0.00444077
0.0104205
0.00355361
0.0101751
0.0037446
0.00987367
0.00387535
0.00942679
0.00398615
0.00883675
0.00393465
0.00818473
0.00387651
0.00719121
0.00362558
0.00624117
0.00327022
0.00507736
0.00295848
0.00368675
0.00244902
0.00303536
0.00147254
0.00308114
0.00103564
0.00338349
0.00120187
0.00346453
0.00144143
0.00360765
0.000705923
0.00327996
0.000425951
0.00196521
0.00170729
0.00108894
0.000745248
0.000326758
-0.00157069
-0.00411401
0.0108531
0.00369678
0.0106563
0.00394135
0.0104095
0.00412223
0.0100977
0.00429794
0.00962817
0.00440417
0.0091389
0.00436578
0.00839705
0.00436743
0.00758895
0.00407833
0.00671236
0.00383506
0.00542636
0.00373502
0.00383864
0.00306027
0.00262734
0.00224694
0.00205075
0.00177845
0.00156391
0.00192827
0.00106288
0.00120695
0.000796575
0.000692253
0.00149196
0.0010119
0.00226473
-2.75157e-05
0.00182053
-0.00112649
-0.00229348
0.0111484
0.00382455
0.0109767
0.00411304
0.0107338
0.00436512
0.0104805
0.00455128
0.0100983
0.00478635
0.00964118
0.00482292
0.00909705
0.00491157
0.00826461
0.00491076
0.00761618
0.00448349
0.00716895
0.00418226
0.00641086
0.00381836
0.00634943
0.00230838
0.00680772
0.00132016
0.00665038
0.00208561
0.00633065
0.00152668
0.00592153
0.00110137
0.00610462
0.000828813
0.00647408
-0.000396972
0.00505652
0.000291071
0.00276303
0.011411
0.00399226
0.0112641
0.0042599
0.0110084
0.00462085
0.010737
0.00482267
0.0104195
0.00510382
0.00994901
0.00529345
0.00957673
0.00528384
0.00901588
0.00547162
0.00790791
0.00559146
0.00675304
0.00533712
0.00474696
0.00582444
0.0022683
0.00478704
0.000597111
0.00299135
0.000305677
0.00237705
0.000590292
0.00124207
0.00093543
0.000756231
0.000840652
0.000923592
0.000355492
8.81877e-05
0.000167367
0.000479196
0.0029304
0.0117411
0.00413556
0.0115339
0.0044671
0.0113237
0.004831
0.010973
0.00517335
0.0106774
0.00539945
0.0101835
0.00578732
0.00956394
0.00590341
0.00912391
0.00591165
0.00859096
0.00612442
0.00820686
0.00572122
0.00833056
0.00570074
0.0077917
0.0053259
0.0065366
0.00424646
0.00564733
0.00326631
0.00476609
0.00212331
0.00425721
0.00126511
0.0036486
0.0015322
0.00190211
0.00183468
0.000222882
0.00215842
0.00315328
0.0121136
0.00425736
0.0118789
0.00470187
0.0116261
0.00508379
0.0112772
0.00552228
0.0108505
0.00582607
0.0105084
0.00612942
0.00981829
0.00659356
0.0091292
0.00660075
0.00827204
0.00698157
0.0068949
0.00709835
0.00550405
0.00709159
0.004325
0.00650495
0.00366982
0.00490164
0.00356346
0.00337267
0.00288975
0.00279703
0.00195101
0.00220385
0.00137255
0.00211066
0.000432334
0.00277489
-0.00013684
0.0027276
0.00301644
0.0125272
0.00441247
0.0123187
0.00491034
0.0119874
0.00541505
0.011617
0.00589274
0.0110726
0.00637045
0.0106792
0.00652282
0.0103853
0.00688742
0.00994621
0.00703987
0.00980728
0.0071205
0.00967596
0.00722968
0.00888156
0.00788599
0.00719335
0.00819316
0.0050657
0.00702928
0.00345653
0.00498184
0.00226189
0.00399167
0.000834709
0.00363102
-0.000598166
0.00354354
-0.0011427
0.00331943
-0.000917084
0.00250198
0.00209936
0.013047
0.00454467
0.0128123
0.00514506
0.0124714
0.00575595
0.0120696
0.00629451
0.0114595
0.00698059
0.0106178
0.00736448
0.0098262
0.007679
0.00876564
0.00810043
0.00724831
0.00863784
0.00645853
0.00801946
0.00671008
0.00763444
0.0064784
0.00842484
0.00509168
0.008416
0.00307819
0.00699533
0.00146168
0.00560818
0.000159269
0.00493344
-0.00102008
0.00472288
-0.00150133
0.00380068
-0.00118185
0.00218249
0.00091751
0.0136643
0.00470083
0.0133957
0.00541368
0.0129304
0.0062212
0.0124328
0.00679215
0.0121464
0.00726691
0.0118054
0.0077055
0.01146
0.00802446
0.0115539
0.00800651
0.0110842
0.00910755
0.0093069
0.00979672
0.00786585
0.00907549
0.00706927
0.00922143
0.00580961
0.00967566
0.00382853
0.0089764
0.00204435
0.00739237
0.000681164
0.00629662
-0.000435168
0.00583921
-0.00104252
0.00440803
-0.00084286
0.00198284
7.46498e-05
0.0145007
0.00477723
0.0141313
0.00578302
0.0135092
0.00684338
0.0125846
0.00771676
0.0115437
0.00830774
0.0104166
0.00883268
0.00890264
0.00953837
0.00788115
0.009028
0.00832937
0.00865933
0.00862739
0.00949871
0.00789021
0.00981267
0.00727662
0.00983502
0.00649803
0.0104543
0.00495662
0.0105178
0.00316668
0.00918231
0.00176289
0.00770041
0.000723111
0.00687899
7.54577e-06
0.0051236
-0.000242783
0.00223317
-0.000168133
0.0156076
0.00479337
0.0149633
0.00642731
0.0143734
0.00743324
0.0141391
0.00795112
0.0139977
0.00844908
0.0139154
0.00891498
0.0133992
0.0100546
0.0114506
0.0109766
0.0096
0.0105099
0.00874123
0.0103575
0.00794624
0.0106077
0.00717023
0.010611
0.00667714
0.0109473
0.0058046
0.0113904
0.0042977
0.0106892
0.00262669
0.00937143
0.0013843
0.00812138
0.00059222
0.00591568
0.000161637
0.00266375
-6.49623e-06
0.0168908
0.00507812
0.0156566
0.00766142
0.0137749
0.00931502
0.0119179
0.00980806
0.0105201
0.0098469
0.00992465
0.00951044
0.0107558
0.00922342
0.0112809
0.0104515
0.0103787
0.0114122
0.00930839
0.0114278
0.00843972
0.0114763
0.00754949
0.0115013
0.00682507
0.0116718
0.00610525
0.0121102
0.00498225
0.0118122
0.00367197
0.0106817
0.00251294
0.00928042
0.00153855
0.00689007
0.000702341
0.00349996
0.000695845
0.0171136
0.00460993
0.0181685
0.00660658
0.0184318
0.00905168
0.0175029
0.010737
0.0155069
0.0118429
0.0126028
0.0124146
0.010536
0.0112902
0.0102942
0.0106933
0.0101166
0.0115898
0.00940215
0.0121422
0.00852617
0.0123523
0.00763957
0.0123879
0.0069886
0.0123227
0.00645148
0.0126473
0.00560756
0.0126561
0.00446561
0.0118237
0.0032915
0.0104545
0.00215826
0.00802331
0.0010285
0.00462971
0.00172435
0.0066055
-0.00199557
0.0101807
0.00303139
0.0132866
0.00594581
0.0151414
0.00888213
0.0160604
0.0109239
0.0151794
0.0132956
0.0127126
0.013757
0.0107604
0.0126455
0.0100142
0.012336
0.00938028
0.0127762
0.00870382
0.0130288
0.00792943
0.0131622
0.00717085
0.0130813
0.0066432
0.0131749
0.00598924
0.0133101
0.00503788
0.012775
0.0039927
0.0114997
0.00276395
0.00925206
0.00137091
0.00602276
0.00309526
-0.000852641
-0.00114293
0.00254553
-0.000366778
0.00643265
0.00205868
0.00941661
0.00589817
0.0126834
0.00765711
0.0148215
0.0111575
0.0141008
0.0144777
0.0120144
0.0147319
0.010411
0.0139394
0.00948672
0.0137005
0.00871025
0.0138052
0.0079529
0.0139196
0.00715276
0.0138815
0.00647558
0.0138521
0.00592512
0.0138605
0.00522108
0.0134791
0.004205
0.0125158
0.00298562
0.0104714
0.00147819
0.00753019
0.00457345
-0.00236864
0.00122571
-0.00241526
-0.000320157
0.000794833
-0.00115141
0.00435462
0.00233837
0.00748603
0.0045257
0.0119355
0.00670802
0.0136646
0.0127485
0.0127448
0.0156517
0.0110393
0.0156448
0.00960223
0.0151376
0.00853125
0.0148762
0.00768054
0.0147703
0.00698273
0.0145793
0.00640734
0.0144275
0.00579966
0.0144682
0.00509921
0.0141795
0.00432226
0.0132927
0.00322187
0.0115718
0.00174329
0.00900876
0.00631673
-0.000417304
0.00164301
-0.00159485
0.000857384
-0.00186068
-0.000885569
0.000996647
-0.000518958
0.00309369
0.00242866
0.00741884
0.00238286
0.011519
0.00864842
0.0124855
0.0146852
0.0114582
0.0166721
0.00995084
0.016645
0.0086943
0.0161327
0.00771618
0.0157484
0.00683107
0.0154644
0.00611609
0.0151425
0.00561497
0.0149693
0.00505889
0.0147356
0.00420683
0.0141448
0.00304057
0.0127381
0.00158227
0.0104671
0.00789901
-0.000933223
0.00257624
-0.000974072
0.000898232
-0.00104553
-0.000814107
0.000670891
-0.00223538
0.00281151
0.000288044
0.00421049
0.000983886
0.00876551
0.00409339
0.0112587
0.012192
0.0111235
0.0168073
0.00991864
0.0178498
0.00850588
0.0175455
0.00731226
0.016942
0.00645094
0.0163257
0.00571426
0.0158792
0.00503737
0.0156462
0.00440417
0.0153688
0.0037238
0.0148252
0.0027864
0.0136755
0.00144034
0.0118131
0.00933935
0.00034257
0.00223367
0.000682144
0.000558659
0.00217492
-0.00230688
0.0027026
-0.00276306
0.0052592
-0.00226855
0.00469699
0.00154609
0.00678544
0.00200494
0.00966298
0.00931447
0.0103072
0.0161631
0.00949092
0.0186661
0.00822503
0.0188114
0.00701118
0.0181559
0.00589834
0.0174385
0.00503969
0.0167378
0.00443761
0.0162483
0.00394086
0.0158655
0.00331133
0.0154547
0.00246286
0.014524
0.00136008
0.0129159
0.0106994
0.00073318
0.00150049
0.00189976
-0.000607924
0.0039094
-0.00431652
0.00508458
-0.00393825
0.00737495
-0.00455891
0.0074642
0.00145684
0.00665212
0.00281702
0.00839325
0.00757334
0.00924392
0.0153124
0.00882908
0.0190809
0.0078354
0.0198051
0.00672844
0.0192629
0.0057445
0.0184225
0.00484406
0.0176383
0.00406692
0.0170255
0.00341243
0.01652
0.00280537
0.0160618
0.00208692
0.0152424
0.0010096
0.0139932
0.011709
0.00151055
-1.00691e-05
0.00349642
-0.00259379
0.00552951
-0.00634961
0.00777953
-0.00618827
0.00883949
-0.00561887
0.00962514
0.000671187
0.00791581
0.00452635
0.00791236
0.00757679
0.0081766
0.0150482
0.00768837
0.0195692
0.00693588
0.0205576
0.00602424
0.0201745
0.0050617
0.019385
0.00420093
0.018499
0.00349673
0.0177296
0.00296423
0.0170525
0.00243749
0.0165885
0.00176939
0.0159105
0.000973644
0.014789
0.0126827
0.00164556
-0.00165563
0.00381368
-0.00476191
0.00587711
-0.00841304
0.00813566
-0.00844682
0.00864591
-0.00612912
0.0091122
0.000204892
0.00798681
0.00565174
0.00711076
0.00845285
0.00696587
0.0151931
0.00640237
0.0201327
0.00565861
0.0213013
0.00506815
0.020765
0.00444846
0.0200047
0.00377849
0.019169
0.00312328
0.0183849
0.00248817
0.0176876
0.00193414
0.0171425
0.00140188
0.0164428
0.000633804
0.015557
0.0133165
0.00151066
-0.00316629
0.00363103
-0.00688228
0.00538119
-0.0101632
0.00691131
-0.00997695
0.00718884
-0.00640665
0.00729777
9.5964e-05
0.00686681
0.00608269
0.00594237
0.00937729
0.00547897
0.0156565
0.00509149
0.0205202
0.00445775
0.0219351
0.0037828
0.0214399
0.00325214
0.0205354
0.00277879
0.0196423
0.00230644
0.0188572
0.00192585
0.0180682
0.00157428
0.0174941
0.00110968
0.0169074
0.000556918
0.0161098
0.0138734
0.00120418
-0.00437047
0.00248597
-0.00816407
0.00363006
-0.0113073
0.00465222
-0.0109991
0.00480764
-0.00656208
0.00470001
0.000203596
0.00459254
0.00619016
0.0038908
0.010079
0.00337836
0.0161689
0.00324925
0.0206493
0.00302444
0.0221599
0.00273095
0.0217334
0.00248209
0.0207842
0.00220126
0.0199232
0.00189625
0.0191622
0.0014958
0.0184687
0.00109462
0.0178953
0.000753025
0.017249
0.000316809
0.016546
0.0141902
0.000870955
-0.00524143
0.00170243
-0.00899555
0.00203548
-0.0116403
0.00213501
-0.0110986
0.00208676
-0.00651382
0.00197295
0.000317409
0.00196045
0.00620265
0.0016803
0.0103592
0.00133766
0.0165116
0.00120748
0.0207794
0.00134215
0.0220252
0.00142618
0.0216494
0.00139475
0.0208157
0.00132673
0.0199912
0.0011192
0.0193697
0.000922418
0.0186655
0.000757669
0.01806
0.000505588
0.017501
0.000173662
0.0168779
0.0143639
0.000152371
-0.0053938
9.82162e-05
-0.00894139
-0.000270297
-0.0112718
-0.000463864
-0.0109051
-0.000496248
-0.00648144
-0.000473159
0.00029432
-0.000374793
0.00610429
-0.000763852
0.0107482
-0.000885392
0.0166331
-0.000761221
0.0206553
-0.000336916
0.0216009
0.000166469
0.021146
0.000545117
0.020437
0.000685882
0.0198504
0.000697934
0.0193577
0.000571473
0.0187919
0.00036955
0.018262
0.000209006
0.0176616
7.36131e-05
0.0170133
0.0144375
-0.000336801
-0.005057
-0.00120831
-0.00806989
-0.00204143
-0.0104387
-0.00258619
-0.0103603
-0.00286269
-0.00620494
-0.00300942
0.000441054
-0.00282203
0.00591689
-0.00317955
0.0111058
-0.00329708
0.0167506
-0.0026178
0.019976
-0.00180454
0.0207877
-0.0011197
0.0204611
-0.000533731
0.019851
-0.000135454
0.0194522
2.6638e-05
0.0191956
3.77263e-05
0.0187808
7.18653e-05
0.0182278
5.04653e-05
0.017683
-0.000105259
0.0171691
0.0143322
-0.000745623
-0.00431137
-0.00211934
-0.00669617
-0.00354095
-0.00901708
-0.0045201
-0.00938117
-0.0049846
-0.00574043
-0.00523752
0.000693971
-0.00502401
0.00570338
-0.00509994
0.0111817
-0.0047948
0.0164455
-0.00404955
0.0192307
-0.00295096
0.0196891
-0.00191557
0.0194257
-0.00121891
0.0191544
-0.000673685
0.0189069
-0.000304455
0.0188264
-0.000118813
0.0185952
-9.32329e-05
0.0182022
-0.000120668
0.0177104
-6.57106e-05
0.0171141
0.0142665
-0.00125965
-0.00305172
-0.00301261
-0.00494321
-0.00486231
-0.00716738
-0.00621696
-0.00802652
-0.00674362
-0.00521377
-0.0067561
0.000706447
-0.00661592
0.00556321
-0.0065878
0.0111536
-0.00578372
0.0156414
-0.00481148
0.0182585
-0.00347505
0.0183526
-0.0024476
0.0183983
-0.00159667
0.0183034
-0.000913471
0.0182237
-0.000568399
0.0184813
-0.000395409
0.0184222
-0.000264469
0.0180713
-0.000185498
0.0176314
-0.000233826
0.0171624
0.0140327
-0.00146609
-0.00158563
-0.00335038
-0.00305892
-0.00559563
-0.00492212
-0.00728177
-0.00634038
-0.00802252
-0.00447302
-0.00782046
0.000504387
-0.0077557
0.00549844
-0.00736097
0.0107588
-0.00648412
0.0147646
-0.00498402
0.0167584
-0.00356348
0.0169321
-0.00256621
0.017401
-0.00163001
0.0173672
-0.00106593
0.0176597
-0.000636911
0.0180523
-0.000332954
0.0181182
-0.0002126
0.0179509
-0.000195734
0.0176146
-0.00010342
0.0170701
0.0139293
-0.00137433
-0.000211304
-0.0035055
-0.000927746
-0.00555924
-0.00286839
-0.00756178
-0.00433784
-0.0085937
-0.0034411
-0.00831181
0.000222503
-0.00807308
0.00525971
-0.0074149
0.0101007
-0.00622847
0.0135781
-0.00452438
0.0150543
-0.00330314
0.0157109
-0.00245443
0.0165523
-0.00162233
0.0165351
-0.000933707
0.016971
-0.000474912
0.0175935
-0.000318854
0.0179622
-0.000245485
0.0178776
-0.00020127
0.0175704
-0.000234885
0.0171037
0.0136944
-0.00143518
0.00122387
-0.00349631
0.00113338
-0.00513143
-0.00123327
-0.006858
-0.00261126
-0.00804139
-0.00225771
-0.00800452
0.000185628
-0.00727035
0.00452554
-0.00645369
0.009284
-0.00512096
0.0122454
-0.00357398
0.0135073
-0.00279477
0.0149317
-0.00189645
0.015654
-0.0013061
0.0159448
-0.000882322
0.0165473
-0.000493804
0.017205
-0.000203067
0.0176715
-6.85368e-05
0.017743
-5.22711e-05
0.0175541
-3.36004e-05
0.0170851
0.0136608
-0.00147277
0.00269665
-0.00328648
0.00294709
-0.0045042
-1.55509e-05
-0.00562732
-0.00148814
-0.00649065
-0.00139438
-0.00676367
0.00045865
-0.00591831
0.00368018
-0.00462038
0.00798607
-0.00355457
0.0111796
-0.00227125
0.012224
-0.00179279
0.0144532
-0.00128068
0.0151419
-0.000910362
0.0155745
-0.000433865
0.0160708
-0.000100649
0.0168717
3.40761e-05
0.0175367
5.35816e-05
0.0177235
-4.98373e-06
0.0176127
-8.24249e-05
0.0171625
0.0135784
-0.00131789
0.00401453
-0.00262564
0.00425485
-0.00340566
0.000764469
-0.00378188
-0.00111192
-0.00414028
-0.00103598
-0.00437417
0.000692541
-0.00390846
0.00321447
-0.00269085
0.00676846
-0.0018352
0.010324
-0.000891202
0.01128
-0.000525299
0.0140873
-0.000208924
0.0148255
-6.78307e-05
0.0154334
1.48999e-05
0.015988
0.000113811
0.0167728
0.000211538
0.017439
0.000249956
0.0176851
0.000222473
0.0176402
0.000115764
0.0172692
0.0136941
-0.00096575
0.00498028
-0.00145701
0.00474611
-0.00135861
0.000666065
-0.000990662
-0.00147987
-0.000889988
-0.00113666
-0.00106566
0.000868212
-0.00112717
0.00327598
-0.000657459
0.00629874
-7.13963e-05
0.00973789
0.000415909
0.0107927
0.000840801
0.0136624
0.000831091
0.0148352
0.000660867
0.0156036
0.000636121
0.0160128
0.000693479
0.0167155
0.000691644
0.0174408
0.000583789
0.017793
0.000385333
0.0178386
0.000170036
0.0174845
0.0138642
-0.000654177
0.00563446
8.21794e-05
0.00400976
0.00136101
-0.000612762
0.00228038
-0.00239924
0.0026303
-0.00148658
0.00262033
0.000878181
0.00223116
0.00366515
0.00197686
0.00655304
0.00197738
0.00973736
0.00175989
0.0110102
0.00199985
0.0134224
0.00200624
0.0148288
0.00176979
0.01584
0.00142115
0.0163614
0.00117078
0.0169658
0.000957576
0.017654
0.000768668
0.0179819
0.000591798
0.0180155
0.000296531
0.0177798
0.0141607
-0.000267711
0.00590217
0.00245967
0.00128238
0.00453044
-0.00268353
0.00568115
-0.00354995
0.00608966
-0.00189509
0.00612316
0.00084468
0.00565668
0.00413163
0.00487923
0.00733049
0.00427642
0.0103402
0.00345152
0.0118351
0.00321901
0.013655
0.0028812
0.0151666
0.00240776
0.0163135
0.00195575
0.0168134
0.00168075
0.0172408
0.00148416
0.0178506
0.00120487
0.0182612
0.00083154
0.0183888
0.000441531
0.0181698
0.0146022
0.00131575
0.00458642
0.00511691
-0.00251879
0.00728275
-0.00484937
0.0082543
-0.0045215
0.0084873
-0.00212809
0.00846896
0.000863021
0.00812089
0.00447971
0.00737902
0.00807236
0.00651006
0.0112091
0.00527411
0.013071
0.0044427
0.0144864
0.00394249
0.0156668
0.00344082
0.0168152
0.00276227
0.017492
0.00215487
0.0178482
0.00169133
0.0183142
0.0013112
0.0186413
0.000955156
0.0187449
0.000463071
0.0186619
0.0150653
0.00384179
0.000744634
0.00686781
-0.0055448
0.00843086
-0.00641242
0.00898275
-0.00507339
0.00908624
-0.00223158
0.00912023
0.000829034
0.00896257
0.00463736
0.00865338
0.00838155
0.00801108
0.0118514
0.00686359
0.0142185
0.00564355
0.0157064
0.00463348
0.0166769
0.00385329
0.0175953
0.00315665
0.0181886
0.00253763
0.0184673
0.0020605
0.0187913
0.00160468
0.0190971
0.00111776
0.0192318
0.000606726
0.0191729
0.015672
0.00442679
-0.00368216
0.00673969
-0.0078577
0.00784559
-0.00751833
0.0082411
-0.0054689
0.00838708
-0.00237756
0.00854745
0.000668657
0.0086481
0.00453672
0.00875739
0.00827226
0.00855287
0.012056
0.00772109
0.0150503
0.00657631
0.0168512
0.00552236
0.0177309
0.00462636
0.0184913
0.00373437
0.0190806
0.00291867
0.019283
0.00224355
0.0194664
0.0017019
0.0196388
0.00119722
0.0197365
0.000596079
0.019774
0.0162681
0.00357794
-0.0072601
0.0056542
-0.00993396
0.00659216
-0.00845629
0.00694479
-0.00582153
0.00719317
-0.00262593
0.00740655
0.000455276
0.00775094
0.00419232
0.00816959
0.00785362
0.00835563
0.0118699
0.00798688
0.015419
0.00699943
0.0178386
0.00580014
0.0189302
0.00478743
0.0195041
0.00392158
0.0199465
0.00309212
0.0201124
0.00238104
0.0201775
0.00177554
0.0202443
0.00122343
0.0202886
0.000627795
0.0203697
0.0168959
0.00277957
-0.0100397
0.00446438
-0.0116188
0.00522858
-0.00922049
0.00556831
-0.00616125
0.00587589
-0.00293351
0.00616926
0.000161905
0.00659699
0.00376459
0.00716214
0.00728847
0.00751999
0.0115121
0.00753698
0.0154021
0.00703047
0.0183452
0.00611482
0.0198458
0.00509301
0.0205259
0.00411175
0.0209277
0.00323116
0.020993
0.00245224
0.0209564
0.00178845
0.0209081
0.00121312
0.0208639
0.00061979
0.020963
0.0175157
0.00210919
-0.0121489
0.00342288
-0.0129325
0.00401412
-0.00981173
0.00432784
-0.00647498
0.0047248
-0.00333046
0.00514797
-0.000261262
0.00557506
0.0033375
0.00607757
0.00678595
0.00659925
0.0109904
0.00681028
0.015191
0.00648234
0.0186731
0.00572583
0.0206023
0.00486216
0.0213895
0.00401688
0.021773
0.00315821
0.0218517
0.00239056
0.0217241
0.00175677
0.0215419
0.00120051
0.0214202
0.000605441
0.0215581
0.0181211
0.00160259
-0.0137515
0.00257998
-0.0139098
0.00308944
-0.0103212
0.00350618
-0.00689172
0.00403105
-0.00385534
0.00453425
-0.000764462
0.00487628
0.00299547
0.0051219
0.00654033
0.00551752
0.0105948
0.00584365
0.0148649
0.00583842
0.0186783
0.00537372
0.021067
0.00461812
0.0221451
0.00379012
0.022601
0.00300172
0.0226401
0.00223542
0.0224904
0.00153237
0.0222449
0.000963833
0.0219887
0.000436754
0.0220852
0.0185579
0.00122207
-0.0149735
0.0019938
-0.0146816
0.00247253
-0.0107999
0.00301857
-0.00743776
0.00375279
-0.00458956
0.00428594
-0.00129761
0.00452197
0.00275944
0.00453327
0.00652903
0.00468353
0.0104445
0.00484606
0.0147024
0.00481549
0.0187089
0.00446967
0.0214128
0.00395017
0.0226646
0.00332427
0.0232269
0.00259407
0.0233703
0.00192793
0.0231565
0.0014101
0.0227627
0.000974623
0.0224242
0.000537783
0.022522
0.0190957
0.000941702
-0.0159152
0.0015339
-0.0152738
0.0020259
-0.0112919
0.00274887
-0.00816073
0.0035773
-0.00541799
0.00408688
-0.00180719
0.0042209
0.00262542
0.00394606
0.00680388
0.00375563
0.0106349
0.00381155
0.0146465
0.00392405
0.0185964
0.00373215
0.0216047
0.00329468
0.0231021
0.0027639
0.0237577
0.00222358
0.0239106
0.00163717
0.0237429
0.00104998
0.0233499
0.000523697
0.0229505
0.000105769
0.0229399
0.0192014
0.000736673
-0.0166519
0.0012021
-0.0157392
0.00169283
-0.0117827
0.0025081
-0.008976
0.00329985
-0.00620974
0.00371467
-0.00222201
0.00379783
0.00254226
0.00345938
0.00714232
0.00305355
0.0110408
0.00278339
0.0149166
0.0027226
0.0186572
0.00260111
0.0217262
0.00239208
0.0233111
0.00202894
0.0241208
0.00147516
0.0244644
0.000965925
0.0242522
0.000604427
0.0237114
0.000414004
0.0231409
0.000266394
0.0230875
0.0194678
0.000525038
-0.0171769
0.000878743
-0.0160929
0.00132337
-0.0122273
0.00204627
-0.0096989
0.00273205
-0.00689553
0.00300763
-0.00249759
0.00298316
0.00256674
0.00262734
0.00749814
0.00208752
0.0115806
0.00177474
0.0152294
0.00173159
0.0187003
0.0016012
0.0218566
0.0013906
0.0235218
0.00112937
0.024382
0.000879077
0.0247147
0.000595618
0.0245356
0.000288144
0.0240189
-1.32828e-05
0.0234423
-0.000183695
0.0232579
0.0192841
0.000323022
-0.0175
0.000494947
-0.0162648
0.000853177
-0.0125855
0.00143962
-0.0102853
0.00188219
-0.0073381
0.00203843
-0.00265384
0.00195536
0.00264981
0.00172254
0.00773096
0.00119485
0.0121083
0.000686394
0.0157379
0.000500603
0.0188861
0.000479229
0.021878
0.000413865
0.0235871
0.000299798
0.0244961
4.39394e-05
0.0249706
-0.000308301
0.0248879
-0.000563843
0.0242744
-0.000601512
0.02348
-0.000446901
0.0231033
0.0188372
0.000110939
-0.0176109
0.000127615
-0.0162815
0.000261978
-0.0127199
0.00056565
-0.010589
0.000787713
-0.00756016
0.000762917
-0.00262904
0.000645999
0.00276673
0.00042508
0.00795188
6.15097e-05
0.0124718
-0.000350302
0.0161497
-0.000559714
0.0190955
-0.000666686
0.021985
-0.000745534
0.023666
-0.000876672
0.0246272
-0.00102724
0.0251211
-0.00110236
0.024963
-0.00105662
0.0242287
-0.000918849
0.0233422
-0.000497628
0.0226821
0.0183396
-9.74487e-05
-0.0175135
-0.000284281
-0.0160947
-0.000387992
-0.0126162
-0.000360642
-0.0106164
-0.000365918
-0.00755488
-0.000513123
-0.00248184
-0.000684377
0.00293798
-0.000857682
0.00812518
-0.00119284
0.012807
-0.00159535
0.0165522
-0.00186386
0.019364
-0.00193476
0.0220559
-0.00186415
0.0235954
-0.00178114
0.0245442
-0.00180055
0.0251405
-0.00187144
0.0250339
-0.00200045
0.0243577
-0.00192166
0.0232634
-0.00147809
0.0222385
0.0168615
-0.000343528
-0.0171699
-0.000755629
-0.0156826
-0.00106975
-0.012302
-0.00126604
-0.0104201
-0.00150612
-0.0073148
-0.00184228
-0.00214568
-0.00212026
0.00321596
-0.00229594
0.00830086
-0.00248187
0.0129929
-0.00268789
0.0167582
-0.0028655
0.0195416
-0.00294584
0.0221362
-0.0029855
0.023635
-0.00301477
0.0245735
-0.00308919
0.0252149
-0.00316914
0.0251138
-0.00304318
0.0242317
-0.0026637
0.0228839
-0.00164739
0.0212222
0.0152141
-0.000544384
-0.0166255
-0.00121229
-0.0150147
-0.00177195
-0.0117424
-0.0022138
-0.00997822
-0.00264749
-0.00688111
-0.00307253
-0.00172065
-0.00339052
0.00353395
-0.00356538
0.00847573
-0.00369704
0.0131246
-0.00388667
0.0169478
-0.00410082
0.0197558
-0.00416883
0.0222042
-0.00411238
0.0235786
-0.0040511
0.0245122
-0.00398337
0.0251472
-0.00383983
0.0249703
-0.00379775
0.0241897
-0.00367654
0.0227627
-0.00244388
0.0199896
0.0127702
-0.000710096
-0.0159154
-0.00158381
-0.014141
-0.00239051
-0.0109357
-0.00309726
-0.00927147
-0.00366852
-0.00630985
-0.00419492
-0.00119425
-0.00460711
0.00394615
-0.00489217
0.00876079
-0.00502926
0.0132617
-0.00509899
0.0170176
-0.00519585
0.0198527
-0.00520937
0.0222177
-0.00519382
0.023563
-0.00524102
0.0245594
-0.00529451
0.0252007
-0.00530099
0.0249768
-0.00525536
0.024144
-0.00543697
0.0229443
-0.00504391
0.0195965
0.00772632
-0.00104691
-0.0148685
-0.00211132
-0.0130765
-0.00322005
-0.00982694
-0.00420461
-0.00828691
-0.00492451
-0.00558995
-0.00545122
-0.000667545
-0.0058071
0.00430203
-0.00608861
0.0090423
-0.00624479
0.0134179
-0.00631562
0.0170884
-0.0064199
0.0199569
-0.0063955
0.0221933
-0.00630783
0.0234754
-0.00633532
0.0245869
-0.00644105
0.0253064
-0.00650194
0.0250376
-0.00651317
0.0241553
-0.0061304
0.0225615
-0.00495303
0.0184192
0.00277329
-0.00113864
-0.0137299
-0.00237852
-0.0118367
-0.00366713
-0.00853832
-0.00481301
-0.00714103
-0.00569086
-0.0047121
-0.00625729
-0.000101107
-0.00667821
0.00472294
-0.00710304
0.00946714
-0.00733748
0.0136523
-0.0073717
0.0171226
-0.00735361
0.0199389
-0.00723418
0.0220739
-0.00723309
0.0234743
-0.00739537
0.0247492
-0.00752544
0.0254365
-0.00765232
0.0251645
-0.00758999
0.0240929
-0.0066683
0.0216398
-0.0035062
0.0152571
-0.000732911
-0.0012839
-0.012446
-0.00261776
-0.0105028
-0.00398713
-0.00716896
-0.00540978
-0.00571838
-0.00650246
-0.00361942
-0.0071718
0.000568231
-0.00761538
0.00516652
-0.00789991
0.00975167
-0.00804192
0.0137943
-0.00804665
0.0171273
-0.0080566
0.0199488
-0.00801894
0.0220362
-0.00807359
0.0235289
-0.0081996
0.0248752
-0.00827869
0.0255156
-0.00817059
0.0250564
-0.00787314
0.0237955
-0.00673067
0.0204974
-0.00213537
0.0106618
-0.00286828
-0.00128064
-0.0111653
-0.00261891
-0.00916455
-0.00418495
-0.00560291
-0.00587269
-0.00403065
-0.00717751
-0.00231459
-0.00798295
0.00137367
-0.00842192
0.00560549
-0.00865744
0.00998719
-0.00878954
0.0139264
-0.00878055
0.0171183
-0.00874331
0.0199116
-0.0086803
0.0219732
-0.0088027
0.0236513
-0.00889219
0.0249647
-0.00870666
0.0253301
-0.00834146
0.0246912
-0.00742779
0.0228818
-0.00508021
0.0181498
-0.000291521
0.00587307
-0.0031598
-0.00135346
-0.00981189
-0.00275913
-0.00775887
-0.00433007
-0.00403197
-0.00609958
-0.00226114
-0.00756833
-0.000845844
-0.00853639
0.00234173
-0.00906677
0.00613587
-0.00928703
0.0102075
-0.00933121
0.0139706
-0.00928392
0.0170711
-0.00927091
0.0198986
-0.00925732
0.0219596
-0.00925423
0.0236482
-0.0090744
0.0247849
-0.00880005
0.0250557
-0.00829346
0.0241847
-0.00692856
0.0215169
-0.00356143
0.0147827
0.000494128
0.00181751
-0.00266567
-0.00135909
-0.0084528
-0.00266828
-0.00644969
-0.0041418
-0.00255845
-0.00598996
-0.000412973
-0.00765512
0.000819315
-0.00874852
0.00343512
-0.00945633
0.00684368
-0.00973993
0.0104911
-0.00986122
0.0140919
-0.00987376
0.0170836
-0.0098066
0.0198314
-0.00964979
0.0218028
-0.00948333
0.0234818
-0.00913314
0.0244347
-0.00841276
0.0243353
-0.00746868
0.0232406
-0.00582962
0.0198778
-0.00231245
0.0112655
0.000110811
-0.000605753
-0.00255486
-0.00113971
-0.00731308
-0.00234185
-0.00524756
-0.00377035
-0.00112995
-0.00560424
0.00142092
-0.00730151
0.00251658
-0.00860743
0.00474104
-0.00950143
0.00773769
-0.00993399
0.0109236
-0.0100691
0.014227
-0.00998279
0.0169972
-0.00980006
0.0196487
-0.00953804
0.0215408
-0.00907927
0.023023
-0.00836609
0.0237215
-0.00754498
0.0235142
-0.00621073
0.0219063
-0.00402541
0.0176925
-0.00121926
0.00845936
-0.000406113
-0.0014189
-0.00296097
-0.00119146
-0.00612162
-0.00224366
-0.00419536
-0.00335743
-1.61776e-05
-0.00498549
0.00304899
-0.00669582
0.0042269
-0.00806332
0.00610854
-0.00903622
0.00871059
-0.00951039
0.0113978
-0.00965654
0.0143732
-0.00962726
0.016968
-0.00937265
0.0193941
-0.00893121
0.0210993
-0.0083138
0.0224056
-0.00757207
0.0229798
-0.00634483
0.022287
-0.00473825
0.0202997
-0.00246602
0.0154203
-0.000584172
0.00657752
-0.0006032
-0.00139987
-0.00356417
-0.000961877
-0.00515975
-0.00192395
-0.00323329
-0.00282247
0.00088234
-0.00425638
0.0044829
-0.0059295
0.00590003
-0.00720732
0.00738636
-0.00812222
0.00962549
-0.00868501
0.0119606
-0.00890572
0.0145939
-0.00883085
0.0168931
-0.00843115
0.0189944
-0.00790762
0.0205758
-0.00709991
0.0215979
-0.00596869
0.0218485
-0.00466473
0.020983
-0.00296643
0.0186014
-0.000695233
0.0131491
0.000245145
0.00563714
-4.10991e-05
-0.00111363
-0.00360527
-0.000863348
-0.0042964
-0.00160831
-0.00248832
-0.00224459
0.00151862
-0.00334257
0.00558088
-0.00479591
0.00735337
-0.00603295
0.0086234
-0.00697768
0.0105702
-0.00757203
0.0125549
-0.00770119
0.014723
-0.00757563
0.0167675
-0.00717294
0.0185917
-0.00651808
0.0199209
-0.00555752
0.0206373
-0.0045816
0.0208726
-0.00319474
0.0195962
-0.00143149
0.0168382
0.00029952
0.0114181
0.000902451
0.00503421
0.000525049
-0.000736225
-0.00308022
-0.000690088
-0.00360631
-0.00129561
-0.0018828
-0.00173761
0.00196062
-0.00250465
0.00634792
-0.00375271
0.00860143
-0.00485577
0.00972646
-0.00564632
0.0113608
-0.00615217
0.0130608
-0.00629426
0.0148651
-0.00617322
0.0166465
-0.00569343
0.0181119
-0.00507994
0.0193075
-0.00424657
0.019804
-0.00292096
0.019547
-0.00137503
0.0180503
8.2642e-05
0.0153805
0.00131323
0.0101875
0.00137587
0.00497157
0.000834528
-0.000194885
-0.0022457
-0.000586143
-0.00302017
-0.00106423
-0.00140471
-0.00129145
0.00218784
-0.00170405
0.00676052
-0.00264504
0.00954241
-0.00362073
0.0107022
-0.0043054
0.0120455
-0.00478057
0.0135359
-0.00488864
0.0149732
-0.00471312
0.016471
-0.00430026
0.017699
-0.00361267
0.0186199
-0.00261115
0.0188025
-0.00174745
0.0186833
-0.00066439
0.0169672
0.000654593
0.0140615
0.00136223
0.00947985
0.00160141
0.00473239
0.00112696
0.000279564
-0.00111873
-0.000423748
-0.00259642
-0.000770371
-0.00105809
-0.000869716
0.00228718
-0.000997729
0.00688853
-0.00160903
0.0101537
-0.00244098
0.0115341
-0.00304022
0.0126447
-0.0034146
0.0139103
-0.00349793
0.0150565
-0.00333252
0.0163056
-0.00287391
0.0172404
-0.00229856
0.0180445
-0.00169501
0.0181989
-0.000480096
0.0174684
0.000568863
0.0159182
0.00167118
0.0129592
0.00183878
0.00931225
0.0018935
0.00467767
0.00120729
0.00096577
8.85582e-05
-0.000362588
-0.00223383
-0.000599057
-0.000821617
-0.000578443
0.00226657
-0.000471258
0.00678135
-0.000787819
0.0104703
-0.00143826
0.0121845
-0.00189676
0.0131032
-0.00219508
0.0142086
-0.00226449
0.0151259
-0.00210438
0.0161455
-0.00182992
0.0169659
-0.00125713
0.0174717
-0.000488936
0.0174307
-3.20466e-05
0.0170115
0.000568877
0.0153173
0.00120069
0.0123274
0.00162416
0.00888878
0.00200032
0.00430151
0.00111552
0.00185057
0.00120407
-0.000242521
-0.00199131
-0.000369964
-0.000694175
-0.000334933
0.00223154
-3.04354e-05
0.00647685
-2.95916e-05
0.0104694
-0.000476137
0.0126311
-0.000890468
0.0135175
-0.00113833
0.0144565
-0.00122307
0.0152107
-0.00106173
0.0159841
-0.000717434
0.0166216
-0.00038299
0.0171373
-0.000160853
0.0172086
0.00063988
0.0162108
0.00131719
0.01464
0.00158635
0.0120582
0.00179375
0.00868137
0.00117952
0.00491574
0.000392761
0.00263733
0.00159684
-0.000162048
-0.00182926
-0.00020767
-0.000648553
-0.000149604
0.00217347
0.000240589
0.00608666
0.000480661
0.0102294
0.000240105
0.0128716
-7.31856e-05
0.0138308
-0.000249874
0.0146332
-0.000271679
0.0152325
-0.000180867
0.0158933
-0.000134627
0.0165754
0.000189163
0.0168135
0.000745891
0.0166518
0.000692187
0.0162645
0.000704835
0.0146274
0.000601659
0.0121614
0.000764442
0.00851859
0.000169008
0.00551118
-8.42116e-05
0.00289055
0.00151262
-4.68459e-05
-0.00178242
-4.98602e-05
-0.000645538
2.70716e-06
0.00212091
0.00045588
0.00563348
0.00093341
0.00975182
0.000940313
0.0128647
0.000735999
0.0140351
0.000565834
0.0148033
0.000420938
0.0153774
0.000493658
0.0158206
0.00074424
0.0163248
0.000771451
0.0167863
0.000578588
0.0168447
0.000928128
0.0159149
0.000830074
0.0147254
0.000612938
0.0123786
6.06153e-05
0.00907091
-0.000847305
0.0064191
-0.000558568
0.00260181
0.000954056
3.02208e-05
-0.00181264
4.209e-05
-0.000657408
0.000101432
0.00206156
0.000628205
0.00510671
0.00120261
0.00917742
0.00140457
0.0126628
0.00129581
0.0141439
0.0011941
0.014905
0.0011844
0.0153871
0.00117186
0.0158331
0.00106851
0.0164282
0.00118503
0.0166698
0.00138343
0.0166463
0.000864203
0.0164341
0.000642346
0.0149473
0.000367245
0.0126537
-0.000875283
0.0103134
-0.00129074
0.00683456
-0.00161499
0.00292606
-0.000660938
3.28309e-05
-0.00184547
8.89244e-05
-0.000713502
0.000175814
0.00197467
0.000713749
0.00456878
0.00137831
0.00851286
0.00183208
0.012209
0.00191031
0.0140657
0.00186223
0.0149531
0.00170284
0.0155465
0.00166843
0.0158675
0.00181468
0.0162819
0.00163201
0.0168524
0.00120698
0.0170713
0.00126239
0.0163787
0.000496333
0.0157133
-0.00060405
0.013754
-0.00154106
0.0112505
-0.00189827
0.00719176
-0.00174833
0.00277613
-0.00240927
-7.59394e-05
-0.00176953
6.5548e-05
-0.000854989
0.000268446
0.00177178
0.000858297
0.00397893
0.00154766
0.00782349
0.00214694
0.0116097
0.0023208
0.0138918
0.00233026
0.0149437
0.00237436
0.0155024
0.00229486
0.015947
0.00208346
0.0164933
0.00211056
0.0168253
0.00206595
0.0171159
0.00112087
0.0173238
0.000778686
0.0160555
0.000458527
0.0140742
-0.000239185
0.0119482
-0.000622098
0.00757468
-0.000206072
0.0023601
-0.00261534
-0.000271585
-0.00149794
8.71113e-06
-0.00113529
0.000379771
0.00140072
0.000884793
0.0034739
0.00163527
0.00707301
0.00241263
0.0108324
0.00282653
0.0134779
0.00294505
0.0148251
0.00284081
0.0156066
0.00281558
0.0159723
0.00290707
0.0164018
0.0026115
0.0171209
0.00224481
0.0174826
0.00235579
0.0172128
0.00151788
0.0168934
0.000261844
0.0153302
-0.000834986
0.013045
-0.00107308
0.00781277
4.55806e-05
0.00124144
-0.00256976
-0.000357613
-0.00114033
1.51108e-05
-0.00150801
0.000570594
0.000845232
0.000940834
0.00310366
0.00174153
0.00627232
0.00260899
0.00996491
0.00313311
0.0129538
0.00336053
0.0145977
0.00352958
0.0154376
0.00347983
0.016022
0.00333156
0.0165501
0.0034752
0.0169773
0.00336531
0.0175925
0.00242991
0.0181482
0.00202452
0.0172988
0.00135199
0.0160028
0.00112573
0.0132713
0.000815152
0.00812335
0.000691976
0.00136462
-0.00187779
-0.000269834
-0.000870496
1.56086e-05
-0.00179345
0.000621178
0.000239663
0.000974647
0.00275019
0.00175967
0.00548729
0.00273042
0.00899416
0.00352486
0.0121594
0.00393605
0.0141865
0.00400926
0.0153644
0.00413575
0.0158955
0.00426071
0.0164251
0.00400168
0.0172363
0.00387668
0.0177175
0.00408956
0.0179354
0.00318749
0.0182009
0.00241431
0.0167759
0.00130193
0.0143836
3.2457e-05
0.00939282
-3.83934e-05
0.00143547
-0.00191618
-0.000100534
-0.000769962
-5.21934e-05
-0.00184179
0.000521449
-0.000333979
0.00104137
0.00223028
0.0017876
0.00474106
0.00282252
0.00795924
0.00371532
0.0112666
0.00430981
0.013592
0.00470206
0.0149721
0.00477953
0.0158181
0.00483842
0.0163662
0.00519472
0.01688
0.00506372
0.0178485
0.0044451
0.018554
0.00458685
0.0180591
0.00401047
0.0173523
0.00287711
0.015517
0.0012476
0.0110223
-0.00125203
0.0039351
-0.00316821
0.00010162
-0.000871582
5.04832e-05
-0.00179066
0.000579041
-0.000862537
0.00132058
0.00148874
0.001743
0.00431864
0.00280817
0.00689407
0.0039726
0.0101021
0.00477459
0.01279
0.00517078
0.0145759
0.0055458
0.015443
0.00570056
0.0162115
0.00563916
0.0169414
0.00612352
0.0173642
0.00659492
0.0180826
0.00570865
0.0189454
0.00519546
0.0178655
0.00494392
0.0157685
0.00502781
0.0109384
0.00305896
0.00590395
-0.000109251
0.000304428
-0.00117601
0.000423293
-0.00190952
0.000676096
-0.00111534
0.00150196
0.000662878
0.00190144
0.00391915
0.00291236
0.00588315
0.00407195
0.00894255
0.00509284
0.0117691
0.00573827
0.0139305
0.00603502
0.0151463
0.00649646
0.0157501
0.00699731
0.0164405
0.00691637
0.0174451
0.00696769
0.0180312
0.00777844
0.0181347
0.00727893
0.018365
0.00609053
0.0169569
0.00409507
0.0129339
0.0031287
0.00687032
0.00301944
0.00044814
-0.00162415
0.000833615
-0.002295
0.000836736
-0.00111846
0.00146808
3.15356e-05
0.00205848
0.00332875
0.00294397
0.00499766
0.0041431
0.00774342
0.00529553
0.0106167
0.00617275
0.0130533
0.00675978
0.0145592
0.00696237
0.0155475
0.00735896
0.016044
0.00835678
0.0164473
0.00882442
0.0175636
0.0084023
0.0185568
0.00869166
0.0180757
0.00825224
0.0173963
0.00582736
0.0153588
0.00169081
0.0110069
0.00471026
0.000508781
-0.00213293
0.000944281
-0.0027305
0.00120175
-0.00137593
0.00143296
-0.000199675
0.00250505
0.00225666
0.00308744
0.00441527
0.0040165
0.00681436
0.00528343
0.00934978
0.00630593
0.0120308
0.00705844
0.0138067
0.00784998
0.0147559
0.008255
0.0156389
0.00842193
0.0162803
0.00953139
0.0164541
0.010897
0.0171911
0.0103949
0.0185779
0.00949313
0.0182981
0.00884922
0.0160027
0.00664468
0.0132114
0.0113549
0.000471307
-0.00260424
0.000735921
-0.00299511
0.00108016
-0.00172017
0.00125566
-0.000375177
0.0023744
0.00113792
0.00309306
0.00369661
0.00391794
0.00598949
0.00501884
0.00824888
0.00636157
0.0106881
0.00724995
0.0129184
0.00781075
0.0141951
0.00877402
0.0146757
0.009846
0.0152084
0.0098878
0.0164123
0.0105688
0.0165101
0.0125429
0.0166037
0.0124627
0.0183783
0.00980578
0.0186596
0.0066255
0.0163917
0.0179804
0.000378728
-0.00298297
0.000538194
-0.00315458
0.000950548
-0.00213252
0.00110156
-0.000526185
0.00204915
0.00019032
0.0030085
0.00273727
0.00368814
0.00530985
0.00454443
0.00739259
0.00581291
0.00941958
0.00727105
0.0114602
0.00839024
0.0130759
0.00871905
0.0143468
0.00962711
0.0143003
0.0115679
0.0144716
0.0120025
0.0160755
0.0121862
0.01642
0.0146999
0.0158646
0.0150133
0.0183462
0.0133893
0.0180157
0.0158308
0.015539
0.000241888
-0.00322485
0.00040755
-0.00332024
0.000778611
-0.00250358
0.00118512
-0.000932694
0.00167025
-0.000294812
0.00277849
0.00162902
0.00340971
0.00467864
0.00412672
0.00667558
0.00533688
0.00820942
0.00647844
0.0103187
0.00794147
0.0116129
0.0096169
0.0126714
0.00982267
0.0140945
0.0105921
0.0137021
0.0131444
0.0135231
0.0139758
0.0155887
0.0144438
0.0153966
0.0169294
0.0158606
0.0204853
0.0144597
0.0172706
0.0190455
8.91276e-05
-0.00331398
0.000209598
-0.00344071
0.000451729
-0.00274571
0.00103072
-0.00151168
0.00141386
-0.000677957
0.00234769
0.000695195
0.00296982
0.0040565
0.00344908
0.00619632
0.0043987
0.00725979
0.0061717
0.00854566
0.00719385
0.0105907
0.00874675
0.0111185
0.0114096
0.0114317
0.0117655
0.0133462
0.012663
0.0126256
0.0150809
0.0131708
0.0176488
0.0128288
0.0173363
0.0161731
0.0204146
0.0113814
0.0161454
0.0215397
-6.16681e-05
-0.00325231
-3.89791e-05
-0.0034634
0.000144333
-0.00292903
0.000811074
-0.00217842
0.00120579
-0.00107267
0.00169586
0.000205128
0.00236289
0.00338947
0.00305355
0.00550566
0.00360401
0.00670934
0.00457778
0.00757189
0.00696315
0.00820538
0.00717784
0.0109038
0.00972368
0.00888586
0.0117537
0.0113162
0.0139604
0.0104189
0.013308
0.0138232
0.0174537
0.008683
0.0185612
0.0150657
0.0193241
0.0106185
0.0122075
0.0232621
-0.000244149
-0.00300816
-0.000399742
-0.0033078
-0.000315036
-0.00301373
0.000114027
-0.00260749
0.00055517
-0.00151382
0.000931731
-0.000171432
0.00154217
0.00277903
0.00193059
0.00511725
0.00275835
0.00588157
0.00347694
0.0068533
0.005736
0.00594631
0.00721493
0.00942489
0.0112205
0.00488031
0.0107156
0.0118212
0.0160138
0.00512066
0.015059
0.014778
0.01584
0.00790193
0.0194546
0.0114511
0.0195914
0.0104817
0.00954029
0.0222586
-0.00047925
-0.00252891
-0.000985298
-0.00280175
-0.00120802
-0.00279101
-0.0011388
-0.00267671
-0.0006629
-0.00198972
-0.000292175
-0.000542158
0.000362926
0.00212393
0.00136639
0.00411378
0.0017839
0.00546407
0.00184851
0.00678869
0.00373528
0.00405954
0.00332864
0.00983153
0.0091479
-0.00093895
0.00757536
0.0133937
0.0113371
0.00135892
0.0152969
0.0108182
0.0153561
0.00784271
0.0188274
0.00797987
0.0203114
0.00899771
0.00807685
0.0217748
-0.000579951
-0.00194896
-0.00139708
-0.00198463
-0.00215457
-0.00203351
-0.00256384
-0.00226744
-0.00256497
-0.00198859
-0.00230658
-0.000800554
-0.00165354
0.00147089
-0.000787858
0.0032481
7.27774e-05
0.00460344
0.00200498
0.00485648
0.00454579
0.00151873
0.00222602
0.0121513
0.00511914
-0.00383207
0.00834366
0.0101692
0.00808677
0.00161581
0.0132271
0.00567793
0.0145779
0.00649189
0.0167177
0.00584007
0.0192863
0.00642908
0.0062513
0.0211119
-0.000437026
-0.00151194
-0.00107399
-0.00134767
-0.00187196
-0.00123554
-0.00258192
-0.00155748
-0.00322931
-0.00134119
-0.00339566
-0.000634209
-0.00207533
0.000150554
0.000238716
0.000934055
-0.000263681
0.00510583
1.0994e-05
0.00458181
0.00449996
-0.00297024
0.0054522
0.0111991
0.00471285
-0.00309272
0.00889325
0.00598877
0.00822363
0.00228543
0.0111836
0.00271801
0.0134222
0.00425326
0.0152485
0.00401377
0.0176197
0.00405787
0.00414476
0.0197262
-0.000235708
-0.00127623
-0.000580268
-0.00100311
-0.00130052
-0.000515289
-0.00238992
-0.000468071
-0.00310442
-0.000626698
-0.00287294
-0.000865693
-0.00143515
-0.00128723
-0.000333375
-0.000167723
-0.000428269
0.00520073
-0.000113279
0.00426682
0.00175177
-0.00483528
0.00605219
0.00689864
0.00348715
-0.000527681
0.00684993
0.00262599
0.00790858
0.00122678
0.00970618
0.000920407
0.0121125
0.00184695
0.0141944
0.00193188
0.0163226
0.00192963
0.00202423
0.0184432
-0.00127623
-0.00227933
-0.00279462
-0.00326269
-0.00388939
-0.00475509
-0.00604232
-0.00621004
-0.00100931
0.00325751
-0.00157777
0.00532086
0.00479318
0.00741917
0.00864595
0.00956636
0.0114133
0.0133452
0.0152748
0.017299
0.00213868
0.0134003
-0.000254338
0.00239302
0.00493056
-0.0051849
0.00677122
-0.00184066
0.00322788
0.00354334
-0.00221653
0.00544441
-0.00269221
0.000475681
-0.00515328
0.00246107
-0.00748172
0.00232844
-0.00936764
0.00188592
-0.0110544
0.00168676
-0.0127485
0.00169407
-0.0142914
0.00154292
-0.0156839
0.00139249
-0.0167533
0.0010694
-0.0174273
0.000674011
-0.0176349
0.000207638
-0.017489
-0.000145872
-0.0169193
-0.000569756
-0.0161056
-0.000813661
-0.015123
-0.000982625
-0.0137586
-0.00136438
-0.0121674
-0.00159125
-0.0103122
-0.00185517
-0.0084531
-0.0018591
-0.0066292
-0.00182389
-0.0048058
-0.00182341
-0.00321421
-0.00159158
-0.00185645
-0.00135776
-0.000865066
-0.000991382
-0.000287896
-0.00057717
-2.10481e-05
-0.000266848
-0.00014011
0.000119062
-0.000499715
0.000359605
-0.00115863
0.000658914
-0.00202385
0.000865217
-0.00306417
0.00104032
-0.00410263
0.00103846
-0.00497184
0.000869218
-0.00565191
0.000680063
-0.00575319
0.000101287
-0.00564029
-0.000112902
-0.00506378
-0.00057651
-0.00419796
-0.000865825
-0.00310374
-0.00109422
-0.00174348
-0.00136025
-0.000290944
-0.00145254
0.00121403
-0.00150497
0.00265699
-0.00144295
0.00396051
-0.00130352
0.0051578
-0.00119729
0.0061226
-0.000964804
0.00696361
-0.000841005
0.00757735
-0.000613744
0.00805592
-0.000478566
0.00830565
-0.00024973
0.00847724
-0.000171594
0.00852442
-4.71825e-05
0.00849009
3.43306e-05
0.00836072
0.000129376
0.00809433
0.000266392
0.00776693
0.000327398
0.00729622
0.000470712
0.00701163
0.000284581
0.00672524
0.000286393
0.0066936
3.16426e-05
0.00668095
1.26523e-05
0.00666951
1.14375e-05
0.00676174
-9.22348e-05
0.00657843
0.000183315
0.00655529
2.31397e-05
0.00639468
0.000160613
0.00612949
0.000265189
0.00619779
-6.82983e-05
0.00600576
0.000192022
0.0061724
-0.000166632
0.00618927
-1.68717e-05
0.006563
-0.000373732
0.00682258
-0.00025958
-0.000526776
0.0184305
0.0140153
0.00693281
0.0138907
-0.00546939
0.0072173
-0.0096577
0.00234766
-0.00754087
0.00142651
-0.00252997
0.000433503
-0.00065144
-0.00140285
0.000553521
0.00125611
-0.000834185
0.00371614
-0.00257638
0.00362812
-0.00456795
0.00367832
-0.00624723
0.00337334
-0.00767719
0.00297289
-0.00854651
0.00226181
-0.00915403
0.00167692
-0.00927707
0.000797047
-0.00922107
0.000151641
-0.00884422
-0.000522726
-0.00833622
-0.00107776
-0.00752323
-0.00162664
-0.00637128
-0.00213458
-0.00523793
-0.00249774
-0.00389389
-0.00293529
-0.00234518
-0.00340388
-0.000915243
-0.00328904
0.000743233
-0.00348237
0.00221875
-0.00329893
0.00361437
-0.0029872
0.00486066
-0.00260405
0.00583636
-0.00196708
0.00651853
-0.00125934
0.00689077
-0.000639092
0.00696143
4.84074e-05
0.00676448
0.000556556
0.00624963
0.00117376
0.005535
0.00157985
0.00473111
0.00184421
0.00398905
0.00178052
0.00339032
0.00146795
0.00306862
0.00100177
0.00299204
0.000177869
0.00321271
-0.000333575
0.00381577
-0.00117957
0.00454663
-0.00159669
0.00575213
-0.00229972
0.00691816
-0.00252628
0.00825585
-0.00279023
0.0095214
-0.00277053
0.0108185
-0.00274009
0.0119422
-0.00242721
0.0130201
-0.00227521
0.0138827
-0.00182734
0.0146508
-0.00160912
0.0152048
-0.00116775
0.0156775
-0.000951229
0.0159804
-0.000552661
0.0161927
-0.000383916
0.0162403
-9.47285e-05
0.0161976
7.70037e-05
0.0160611
0.000265807
0.0159277
0.000399856
0.0157695
0.00048555
0.0157096
0.000530603
0.0154856
0.00050867
0.0153537
0.000418281
0.0150764
0.000308905
0.0148029
0.000286135
0.0146977
0.000116701
0.0143613
0.000244086
0.0145452
-5.71966e-07
0.0143188
0.000249603
0.0145608
-8.14285e-05
0.0145555
0.000270532
0.01469
-0.000202874
0.014823
5.90889e-05
0.0150229
-0.000366584
0.0152921
-0.000286023
0.0155153
-0.000596963
0.015884
-0.000628315
-0.000927355
0.0224104
0.0131447
0.0245811
0.0117199
0.0214806
0.0103178
0.0147045
0.00912382
0.00975652
0.00637445
0.00611649
0.00407354
0.00238349
0.00233015
0.000388081
0.00325152
0.000508798
0.00359542
0.000909714
0.0032272
0.00144847
0.00313957
0.00198341
0.0028384
0.00254499
0.00241131
0.00306585
0.00174095
0.00366687
0.0010759
0.00418561
0.000278309
0.00464334
-0.000306092
0.00517986
-0.00105925
0.00573608
-0.00163397
0.00641378
-0.00230435
0.0071055
-0.0028263
0.00796691
-0.00335915
0.00891975
-0.00388814
0.00963932
-0.00412344
0.0107723
-0.004422
0.0114908
-0.0042009
0.012396
-0.00420409
0.0130187
-0.00360993
0.0136556
-0.00324091
0.0141093
-0.00242083
0.0146193
-0.00176936
0.0149361
-0.000955858
0.0152336
-0.000249114
0.0152926
0.0004976
0.0153269
0.0011394
0.0152148
0.00169197
0.0151279
0.00193113
0.0148341
0.00207427
0.014692
0.00161012
0.0145008
0.00119289
0.0144378
0.000240941
0.0145904
-0.000486233
0.014996
-0.00158517
0.0155877
-0.00218841
0.0163048
-0.00301677
0.0170424
-0.00326391
0.0179184
-0.00366624
0.0186221
-0.00347419
0.0194396
-0.00355762
0.0200913
-0.00307888
0.0207509
-0.00293487
0.0212798
-0.00235619
0.0217532
-0.00208252
0.0221228
-0.00153739
0.0223758
-0.00120415
0.0225828
-0.000759705
0.0226321
-0.000433205
0.0226838
-0.000146441
0.022608
0.000152833
0.0225254
0.000348415
0.0224104
0.000514847
0.0222897
0.000606235
0.0221162
0.000704047
0.0220117
0.00061318
0.0217231
0.000706954
0.0216392
0.000392773
0.0213629
0.000562447
0.0212806
0.000198973
0.021112
0.000412714
0.0210376
7.37668e-05
0.0209457
0.000341524
0.02095
-8.57358e-05
0.0210258
0.00019478
0.0210703
-0.000247364
0.0212791
-0.000149747
0.0214526
-0.000540064
0.0217884
-0.000621863
0.0221039
-0.000912397
0.0225294
-0.00105381
-0.00132855
0.0241004
0.0123064
0.025379
0.0104413
0.0253124
0.0103844
0.0256527
0.00878359
0.0254701
0.00655704
0.0238476
0.00569603
0.0211397
0.00503803
0.0194619
0.00492937
0.018229
0.00482832
0.0171041
0.00435207
0.0164391
0.00380461
0.0161609
0.00311657
0.0161142
0.00245801
0.0162663
0.00158885
0.0164856
0.000856574
0.0168095
-4.55694e-05
0.0172299
-0.000726493
0.0176908
-0.00152018
0.0182876
-0.00223071
0.0187756
-0.00279233
0.0194209
-0.00347167
0.0198938
-0.003832
0.0204373
-0.00443164
0.0208054
-0.00449155
0.0212237
-0.0048403
0.0214381
-0.00441532
0.0216754
-0.00444139
0.0217217
-0.0036562
0.0218666
-0.00338585
0.0218231
-0.00237729
0.0219928
-0.00193911
0.0219831
-0.000946126
0.0222022
-0.000468212
0.0222566
0.000443194
0.0225538
0.000842179
0.0227449
0.00150091
0.0230823
0.0015937
0.0233961
0.00176051
0.0236505
0.00135567
0.0239027
0.000940732
0.0240115
0.000132112
0.0242248
-0.000699521
0.0243386
-0.00169893
0.0245375
-0.00238736
0.0246708
-0.00315008
0.0248177
-0.0034108
0.0249359
-0.00378439
0.025085
-0.00362334
0.0252034
-0.00367599
0.0253747
-0.00325018
0.0255145
-0.00307468
0.0256879
-0.00252958
0.0258327
-0.00222738
0.0259678
-0.00167244
0.026072
-0.00130833
0.0261433
-0.000831027
0.0261938
-0.00048368
0.0261812
-0.000133872
0.02617
0.000164072
0.0261351
0.000383294
0.0260525
0.000597372
0.0259997
0.000659041
0.025862
0.000841753
0.0257915
0.000683723
0.0256406
0.000857879
0.0255113
0.000522067
0.0253697
0.000704064
0.0252173
0.000351311
0.0251195
0.000510518
0.025011
0.000182254
0.0250262
0.00032632
0.0249746
-3.40952e-05
0.0251056
6.3805e-05
0.0252037
-0.000345517
0.0253994
-0.000345442
0.0256306
-0.000771219
0.0259172
-0.000908499
0.0262368
-0.00123202
0.0266435
-0.00146048
-0.00169791
0.0244976
0.0100673
0.0256611
0.0092779
0.0273808
0.00866468
0.0286031
0.00756124
0.0287398
0.00642034
0.0287003
0.00573558
0.0284695
0.0052688
0.0286516
0.00474723
0.0289171
0.0045628
0.0290511
0.00421812
0.0291871
0.00366864
0.0292831
0.00302057
0.0294493
0.00229174
0.0295297
0.00150853
0.0297066
0.000679581
0.0296466
1.44715e-05
0.0298618
-0.000941711
0.0299262
-0.00158459
0.0299845
-0.00228898
0.0299877
-0.00279557
0.0299105
-0.00339443
0.0298091
-0.0037306
0.0295302
-0.00415279
0.0292655
-0.00422679
0.0287823
-0.00435712
0.0283994
-0.0040324
0.0278699
-0.00391193
0.0274672
-0.0032535
0.0270309
-0.00294952
0.0267569
-0.00210327
0.0265304
-0.0017126
0.0264627
-0.000878449
0.0264468
-0.000452347
0.0265975
0.000292581
0.0268152
0.000624413
0.0271779
0.00113826
0.0275558
0.00121572
0.0279641
0.00135224
0.0283296
0.000990201
0.0285812
0.00068916
0.0287905
-7.72041e-05
0.0288002
-0.000709289
0.0287306
-0.0016293
0.0285228
-0.00217949
0.0282362
-0.00286352
0.0279169
-0.00309155
0.0275801
-0.00344759
0.0273019
-0.00334505
0.0270648
-0.00343895
0.0269134
-0.00309879
0.0268244
-0.00298562
0.0267931
-0.00249832
0.0268119
-0.00224614
0.0268226
-0.00168315
0.026877
-0.00136277
0.0268663
-0.000820343
0.0269156
-0.000532906
0.0268666
-8.4866e-05
0.0268884
0.000142252
0.0268337
0.000437925
0.02684
0.000591069
0.0267906
0.000708451
0.0267996
0.000832757
0.0267182
0.000765119
0.026729
0.000847122
0.0266008
0.00065026
0.0265651
0.000739723
0.0264611
0.000455385
0.0264143
0.000557297
0.0263641
0.000232428
0.0263919
0.000298539
0.0263753
-1.75326e-05
0.0265171
-7.80026e-05
0.0265989
-0.000427233
0.026791
-0.000537629
0.026999
-0.000979224
0.0272169
-0.00112634
0.0275593
-0.00157445
0.0279499
-0.0018511
-0.00200449
0.0239238
0.00791832
0.0255994
0.00760227
0.0272979
0.00696623
0.028529
0.0063301
0.0293303
0.0056191
0.0300484
0.00501746
0.0308521
0.0044651
0.0315986
0.00400073
0.0325088
0.00365259
0.0332965
0.00343037
0.0339791
0.00298606
0.034467
0.00253272
0.0348431
0.00191562
0.0350569
0.00129473
0.0351463
0.000590222
0.0352651
-0.000104404
0.0351241
-0.000800649
0.0349614
-0.00142187
0.0346055
-0.00193308
0.0342476
-0.00243771
0.0336742
-0.002821
0.0331244
-0.00318083
0.0323525
-0.00338089
0.0316512
-0.00352553
0.0307915
-0.00349738
0.0301065
-0.00334736
0.0293122
-0.00311772
0.0287872
-0.00272845
0.028198
-0.00236032
0.0279061
-0.00181139
0.0275871
-0.00139356
0.0275354
-0.000826749
0.0275267
-0.000443707
0.0277281
9.12236e-05
0.0279907
0.000361802
0.0283748
0.00075413
0.0287799
0.000810589
0.0291766
0.00095562
0.0295383
0.000628481
0.0297968
0.000430623
0.0299231
-0.00020347
0.0298795
-0.000665659
0.0296736
-0.00142347
0.0293414
-0.00184725
0.0289273
-0.0024494
0.0285056
-0.00266993
0.0280946
-0.00303655
0.0277662
-0.00301666
0.0275061
-0.00317885
0.0273523
-0.00294495
0.0272616
-0.00289495
0.0272409
-0.00247757
0.027241
-0.00224625
0.0272458
-0.00168794
0.0272706
-0.00138761
0.0272278
-0.000777522
0.0272139
-0.000518974
0.0271312
-2.22148e-06
0.0271232
0.000150234
0.0270014
0.000559777
0.0270291
0.000563299
0.0269274
0.000810245
0.0269837
0.00077639
0.0268634
0.000885459
0.0269319
0.000778623
0.0267762
0.00080589
0.0268164
0.000699522
0.0267255
0.000546381
0.0267083
0.000574464
0.0266725
0.000268223
0.0266714
0.000299587
0.0266986
-4.4656e-05
0.0267327
-0.000112109
0.026789
-0.000483542
0.0269608
-0.000709438
0.0270776
-0.00109608
0.0272339
-0.00128264
0.0276129
-0.00195342
0.0279611
-0.0021993
-0.00215529
0.0230821
0.00594809
0.0249817
0.00570267
0.0266898
0.00525815
0.028119
0.00490085
0.0293302
0.00440792
0.03039
0.0039577
0.0314778
0.00337722
0.0324053
0.00307325
0.0333509
0.00270696
0.0342537
0.00252763
0.0350713
0.00216847
0.0357243
0.00187974
0.0362261
0.00141373
0.0365389
0.000981945
0.0367023
0.000426848
0.0366841
-8.61777e-05
0.0365178
-0.000634337
0.0362017
-0.0011058
0.0357764
-0.0015078
0.0352217
-0.00188302
0.0345616
-0.00216087
0.0338245
-0.00244368
0.0330163
-0.00257275
0.0322026
-0.00271184
0.0313659
-0.00266063
0.0306306
-0.00261204
0.0299028
-0.00238994
0.0293678
-0.00219349
0.0288367
-0.00182917
0.0285527
-0.00152743
0.0282662
-0.00110708
0.0282283
-0.000788813
0.0282049
-0.000420288
0.0283907
-9.46071e-05
0.0285527
0.000199798
0.0288644
0.000442462
0.0291036
0.000571399
0.0294354
0.000623811
0.0296242
0.000439635
0.0298098
0.000245098
0.0297971
-0.000190791
0.0297204
-0.000588979
0.0294329
-0.00113597
0.0291354
-0.00154981
0.0287202
-0.00203415
0.0283733
-0.00232302
0.0280107
-0.00267399
0.027771
-0.0027769
0.0275545
-0.0029624
0.0274483
-0.0028387
0.0273422
-0.00278884
0.0272954
-0.00243082
0.0272102
-0.00216105
0.0271342
-0.00161196
0.0270195
-0.00127287
0.0269194
-0.000677436
0.0267674
-0.000366928
0.0266448
0.000120344
0.0265325
0.000262565
0.0264437
0.000648545
0.0263913
0.000615693
0.0263226
0.00087896
0.0263693
0.000729666
0.0263163
0.000938479
0.0264003
0.000694662
0.0263139
0.000892292
0.026437
0.000576329
0.0263525
0.000630967
0.0264315
0.000495458
0.026377
0.000322735
0.0264375
0.000239032
0.0264193
-2.64324e-05
0.0263908
-8.36574e-05
0.0264252
-0.000517941
0.0265097
-0.000793923
0.026424
-0.00101034
0.0266651
-0.00152373
0.0268574
-0.00214572
0.0270455
-0.00238741
-0.0022583
0.0217489
0.00392541
0.0237035
0.00374804
0.025491
0.00347072
0.0271298
0.00326202
0.0285824
0.00295537
0.0298915
0.00264859
0.0309916
0.00227704
0.032031
0.0020339
0.0329446
0.00179332
0.0338625
0.00160971
0.034653
0.00137801
0.0353644
0.00116831
0.0358874
0.000890782
0.0362616
0.000607754
0.0364451
0.000243292
0.0364438
-8.48841e-05
0.0362849
-0.000475434
0.0359603
-0.000781187
0.0355432
-0.00109068
0.0349648
-0.0013046
0.0343396
-0.00153567
0.0335811
-0.00168517
0.0328498
-0.00184148
0.0320273
-0.00188931
0.0312819
-0.0019153
0.0305221
-0.00185219
0.0298811
-0.00174895
0.0292787
-0.00159111
0.0288259
-0.00137632
0.0284636
-0.00116516
0.0282628
-0.000906308
0.0281556
-0.000681593
0.0281659
-0.000430605
0.0282885
-0.000217193
0.028455
3.32973e-05
0.0287108
0.000186681
0.0289372
0.000345011
0.029225
0.000335983
0.0293663
0.000298302
0.0295331
7.83268e-05
0.0294902
-0.000147887
0.0294345
-0.000533261
0.0291642
-0.000865657
0.0289089
-0.0012945
0.028493
-0.00161831
0.0281406
-0.00197055
0.0277078
-0.00224124
0.0274189
-0.00248803
0.027065
-0.00260846
0.0268313
-0.002605
0.026499
-0.00245653
0.0262218
-0.00215366
0.0258639
-0.00180309
0.0255693
-0.00131742
0.0251867
-0.00089021
0.0248982
-0.00038898
0.0245809
-4.96465e-05
0.0243377
0.000363557
0.0240554
0.000544915
0.0240175
0.000686409
0.0238351
0.000798049
0.0238704
0.000843684
0.0238373
0.000762809
0.0239262
0.000849516
0.023885
0.000735878
0.0240505
0.000726779
0.0240868
0.000540098
0.0240748
0.000642942
0.0241754
0.000394825
0.0241313
0.000366891
0.0242334
0.000136862
0.0240012
0.000205765
0.0241607
-0.000243166
0.0239497
-0.000306855
0.0238711
-0.000715344
0.0236417
-0.000781003
0.0239171
-0.0017991
0.0238711
-0.00209974
0.0238221
-0.00233836
-0.00236812
0.0205018
0.00186676
0.0224256
0.0018242
0.0242395
0.00165683
0.0259298
0.0015718
0.0274708
0.00141429
0.0288566
0.00126286
0.0300289
0.0011047
0.0311233
0.000939504
0.0320694
0.000847252
0.0329655
0.000713603
0.0337162
0.0006273
0.034406
0.000478485
0.034925
0.000371811
0.0353266
0.000206114
0.0355215
4.84522e-05
0.0355497
-0.000113064
0.0353804
-0.000306136
0.0350833
-0.000484144
0.0346316
-0.000638922
0.0340821
-0.000755159
0.0334238
-0.000877374
0.0327008
-0.000962193
0.0319108
-0.00105143
0.0310948
-0.00107335
0.0302763
-0.00109672
0.0294814
-0.00105731
0.0287391
-0.00100672
0.0280663
-0.000918284
0.0275101
-0.00082009
0.0270468
-0.000701856
0.0267321
-0.000591669
0.0265009
-0.00045037
0.0264371
-0.000366791
0.0264221
-0.000202162
0.0265515
-9.60861e-05
0.0266926
4.55165e-05
0.0269282
0.000109402
0.027127
0.000137227
0.0273175
0.00010775
0.0274009
-5.016e-06
0.0273976
-0.000144586
0.0272214
-0.00035704
0.0269318
-0.000576085
0.0264698
-0.000832517
0.0258935
-0.00104204
0.0252142
-0.00129122
0.0244493
-0.00147633
0.0236545
-0.00169324
0.0228281
-0.00178211
0.0220568
-0.00183369
0.0212361
-0.00163578
0.0204982
-0.00141581
0.019744
-0.00104888
0.0191205
-0.000693852
0.0186212
-0.000390983
0.0181884
4.38761e-05
0.017877
0.00026177
0.0177236
0.000516953
0.0176539
0.000614598
0.0176689
0.0006714
0.0177547
0.000712289
0.0179414
0.000656929
0.0180967
0.000607542
0.0183137
0.000632485
0.0184258
0.00062379
0.0187729
0.000379681
0.018849
0.000463953
0.018993
0.000499026
0.0191182
0.000269606
0.0192986
0.000186464
0.0191706
0.000264874
0.0191683
0.000208105
0.0192136
-0.000288545
0.0190291
-0.000122372
0.0184918
-0.000178007
0.0183317
-0.000620892
0.0181101
-0.0015775
0.0183475
-0.00233713
0.0180137
-0.00200459
-0.00114895
0.0191658
0.02099
0.0226468
0.0242186
0.0256329
0.0268958
0.0280005
0.02894
0.0297872
0.0305008
0.0311281
0.0316066
0.0319784
0.0321845
0.032233
0.0321199
0.0318138
0.0313296
0.0306907
0.0299356
0.0290582
0.028096
0.0270446
0.0259712
0.0248745
0.0238172
0.0228105
0.0218922
0.0210721
0.0203702
0.0197786
0.0193282
0.0189614
0.0187593
0.0186632
0.0187087
0.0188181
0.0189553
0.0190631
0.0190581
0.0189135
0.0185564
0.0179803
0.0171478
0.0161058
0.0148146
0.0133382
0.011645
0.00986288
0.00802919
0.00639341
0.0049776
0.00392871
0.00323486
0.00284388
0.00288776
0.00314953
0.00366648
0.00428108
0.00495248
0.00566477
0.0063217
0.00692924
0.00756172
0.00818551
0.00856519
0.00902915
0.00952817
0.00979778
0.00998424
0.0102491
0.0104572
0.0101687
0.0100463
0.0098683
0.00924741
0.00766991
0.00533277
0.00332818
)
;

boundaryField
{
    inlet
    {
        type            calculated;
        value           nonuniform List<scalar> 
20
(
-0.01
-0.01
-0.01
-0.01
-0.01
-0.01
-0.01
-0.01
-0.01
-0.01
-0.01
-0.01
-0.01
-0.01
-0.01
-0.01
-0.01
-0.01
-0.01
-0.01
)
;
    }
    outlet
    {
        type            calculated;
        value           nonuniform List<scalar> 10(0.00734936 0.0162846 0.0229305 0.0270129 0.0282565 0.0281119 0.0271485 0.0239319 0.0167946 0.00217923);
    }
    walls
    {
        type            calculated;
        value           uniform 0;
    }
    frontAndBack
    {
        type            empty;
        value           nonuniform List<scalar> 0();
    }
}


// ************************************************************************* //
