/*--------------------------------*- C++ -*----------------------------------*\
| =========                 |                                                 |
| \\      /  F ield         | OpenFOAM: The Open Source CFD Toolbox           |
|  \\    /   O peration     | Version:  2306                                  |
|   \\  /    A nd           | Website:  www.openfoam.com                      |
|    \\/     M anipulation  |                                                 |
\*---------------------------------------------------------------------------*/
FoamFile
{
    version     2.0;
    format      ascii;
    arch        "LSB;label=32;scalar=64";
    class       surfaceScalarField;
    location    "0.5";
    object      phi;
}
// * * * * * * * * * * * * * * * * * * * * * * * * * * * * * * * * * * * * * //

dimensions      [0 3 -1 0 0 0 0];

oriented        oriented;

internalField   nonuniform List<scalar> 
8520
(
0.00992784
7.21554e-05
0.00978962
0.000138226
0.00962952
0.0001601
0.00946826
0.000161261
0.00930945
0.000158812
0.00914914
0.000160302
0.00898637
0.000162769
0.00882094
0.00016543
0.0086537
0.000167249
0.0084856
0.000168097
0.00831789
0.000167706
0.00815106
0.000166836
0.00798557
0.00016549
0.00782133
0.000164241
0.0076585
0.000162821
0.0074971
0.000161407
0.00733716
0.000159938
0.00717886
0.000158304
0.00702217
0.000156689
0.00686733
0.000154841
0.00671428
0.000153046
0.00656325
0.000151031
0.00641415
0.000149099
0.00626719
0.000146956
0.0061223
0.000144889
0.00597958
0.000142727
0.00583908
0.000140496
0.00570069
0.000138397
0.00556467
0.00013601
0.00543067
0.000134009
0.00529913
0.000131533
0.0051695
0.000129631
0.00504223
0.000127274
0.0049167
0.000125525
0.00479328
0.000123417
0.00467143
0.000121858
0.00455126
0.000120165
0.00443235
0.000118914
0.00431455
0.000117794
0.00419748
0.000117076
0.00408087
0.000116607
0.00396421
0.000116658
0.0038473
0.000116914
0.00372927
0.000118028
0.00361007
0.000119198
0.00348844
0.000121637
0.0033644
0.000124033
0.00323638
0.000128021
0.00310439
0.000131989
0.00296665
0.000137747
0.00282305
0.000143599
0.00267166
0.000151387
0.00251232
0.000159337
0.00234295
0.000169372
0.00216349
0.000179466
0.00197172
0.000191767
0.00176797
0.000203753
0.00155009
0.000217879
0.00131912
0.000230969
0.00107347
0.000245644
0.000815618
0.000257854
0.000545589
0.000270029
0.000271055
0.000274535
3.18233e-06
0.000267872
-0.000239766
0.000242948
-0.000447789
0.000208024
-0.000594912
0.000147122
-0.000666655
7.17433e-05
-0.000641286
-2.53686e-05
-0.000514461
-0.000126825
-0.000280026
-0.000234435
9.03609e-07
-0.00028093
0.000238771
-0.000237867
0.000338928
-0.000100157
4.51711e-05
0.000293757
-0.000413965
0.000459136
-0.000251314
-0.000162651
0.00014884
-0.000400154
0.000201866
-5.30263e-05
0.000153686
4.81808e-05
0.0100357
3.64752e-05
0.0100798
9.40689e-05
0.0101108
0.000129136
0.0101272
0.000144854
0.0101357
0.000150282
0.0101431
0.000152963
0.0101493
0.000156518
0.0101532
0.000161586
0.0101536
0.000166778
0.0101502
0.000171557
0.010143
0.000174862
0.0101323
0.000177536
0.0101189
0.000178943
0.0101027
0.000180397
0.0100844
0.000181161
0.0100637
0.000182082
0.0100409
0.000182765
0.0100159
0.000183263
0.00998877
0.000183835
0.00995974
0.000183872
0.00992851
0.000184275
0.00989568
0.000183867
0.00986062
0.000184153
0.00982422
0.00018336
0.0097856
0.000183507
0.00974574
0.000182586
0.00970381
0.000182426
0.00966056
0.000181649
0.00961549
0.000181081
0.00956893
0.000180567
0.00952069
0.000179771
0.00947085
0.000179471
0.00941936
0.000178766
0.00936623
0.000178658
0.00931126
0.000178384
0.00925467
0.000178445
0.00919586
0.000178974
0.00913552
0.000179263
0.00907237
0.000180938
0.00900763
0.000181814
0.00893933
0.00018491
0.00886928
0.000186706
0.00879499
0.000191205
0.00871836
0.00019466
0.00863686
0.000200695
0.00855196
0.000206537
0.00846157
0.00021443
0.00836632
0.00022327
0.00826473
0.000233571
0.00815657
0.000245915
0.00804084
0.000259321
0.00791662
0.000275611
0.00778306
0.000292899
0.007639
0.000313428
0.00748319
0.000335276
0.0073148
0.000360165
0.00713191
0.000386643
0.00693406
0.000415722
0.0067193
0.000445727
0.00648742
0.000477527
0.00623726
0.000508015
0.0059695
0.000537796
0.00568232
0.000561711
0.00537308
0.000577107
0.00504402
0.000572011
0.00468649
0.000565558
0.00428658
0.000547026
0.00383536
0.000522966
0.00331057
0.000499421
0.00269038
0.000493362
0.00192738
0.000528568
0.00105918
0.000587273
0.000217039
0.000604272
-0.000343022
0.000459904
-0.000473265
0.000423999
-0.000281438
0.000267309
-0.000287091
-0.000156998
-0.000339144
-0.000348101
-0.000243955
-0.000148215
0.000108767
-0.000199037
0.0100141
2.23338e-05
0.0100441
6.41537e-05
0.0100777
9.54555e-05
0.0101073
0.00011525
0.0101313
0.000126312
0.0101522
0.000132071
0.010173
0.000135736
0.010195
0.000139591
0.0102179
0.000143854
0.0102408
0.000148687
0.0102631
0.000152527
0.0102842
0.000156442
0.0103045
0.000158662
0.0103236
0.000161279
0.0103423
0.000162471
0.0103601
0.000164275
0.0103775
0.000165352
0.0103941
0.000166646
0.0104101
0.000167859
0.0104253
0.000168666
0.0104396
0.00016999
0.0104532
0.000170274
0.0104656
0.000171767
0.0104774
0.0001715
0.0104877
0.0001732
0.0104977
0.00017264
0.0105058
0.000174273
0.0105136
0.000173925
0.0105196
0.000175092
0.0105247
0.000175454
0.0105284
0.000176012
0.0105306
0.000177296
0.0105319
0.000177429
0.010531
0.000179616
0.0105295
0.00017982
0.0105253
0.000182671
0.0105206
0.000183696
0.0105129
0.000186923
0.0105043
0.000189553
0.010493
0.000193178
0.0104801
0.000197815
0.0104645
0.00020227
0.0104466
0.000209055
0.0104262
0.000215088
0.0104026
0.000224256
0.0103765
0.000232635
0.0103463
0.000244649
0.0103135
0.000256101
0.0102755
0.000271615
0.0102345
0.000286868
0.0101873
0.000306551
0.0101363
0.000326612
0.0100784
0.000350799
0.0100149
0.000376919
0.00994425
0.000405907
0.00986591
0.0004385
0.00977934
0.000473211
0.00968406
0.000511009
0.00957777
0.000552011
0.00946267
0.000592635
0.00933313
0.000637551
0.00919308
0.000677848
0.00903507
0.000719715
0.0088584
0.000753779
0.00864783
0.000782579
0.00840413
0.000809261
0.00811621
0.00083495
0.00777952
0.000859648
0.00738721
0.000891734
0.00694444
0.000936136
0.00646781
0.0010052
0.00597769
0.00107739
0.00542628
0.00115569
0.00470388
0.0011823
0.0039423
0.00118558
0.00306742
0.00114219
0.00188603
0.0010244
0.000586044
0.00095188
-0.000217349
0.000655177
0.000366374
-0.000474956
0.0100069
1.54108e-05
0.0100268
4.43261e-05
0.0100518
7.03844e-05
0.010077
9.00829e-05
0.0101003
0.000103045
0.0101223
0.000110045
0.010143
0.000114974
0.0101642
0.000118391
0.0101863
0.000121803
0.0102095
0.000125457
0.0102331
0.000128902
0.0102569
0.000132693
0.0102805
0.000135026
0.0103037
0.000138093
0.0103271
0.000139122
0.0103498
0.000141496
0.0103731
0.000142057
0.0103959
0.000143937
0.0104191
0.000144625
0.0104417
0.000146044
0.0104647
0.000147029
0.010487
0.000147958
0.0105095
0.000149279
0.0105313
0.000149657
0.0105531
0.000151451
0.0105744
0.000151331
0.0105951
0.000153536
0.0106158
0.000153268
0.0106353
0.00015555
0.010655
0.000155767
0.0106733
0.000157709
0.0106916
0.000159007
0.0107086
0.000160371
0.0107251
0.000163163
0.0107409
0.000164063
0.0107551
0.000168386
0.0107693
0.000169536
0.0107814
0.000174865
0.0107933
0.000177583
0.0108033
0.000183209
0.0108126
0.00018856
0.0108203
0.000194534
0.0108265
0.000202824
0.0108316
0.000210027
0.0108345
0.000221296
0.0108365
0.000230645
0.0108359
0.000245274
0.0108343
0.000257702
0.0108299
0.000276019
0.0108242
0.000292608
0.0108153
0.000315394
0.0108055
0.000336389
0.010791
0.000365349
0.010777
0.000390926
0.0107566
0.000426272
0.0107362
0.0004589
0.0107113
0.00049815
0.0106819
0.00054044
0.0106516
0.000582267
0.0106121
0.000632125
0.0105718
0.000677863
0.0105193
0.000730327
0.0104605
0.000778561
0.0103817
0.000832512
0.0102851
0.00087924
0.0101575
0.000936803
0.0100086
0.000983849
0.00981909
0.00104919
0.00960175
0.00110907
0.00934517
0.00119272
0.00907243
0.00127793
0.00876043
0.00138939
0.00841065
0.00150547
0.00796732
0.00162562
0.00745897
0.00169393
0.00685158
0.00174959
0.0061513
0.00172468
0.00538555
0.00171763
0.00429289
0.00174783
0.00170587
0.0029534
0.0100043
1.10727e-05
0.0100166
3.20703e-05
0.010035
5.19931e-05
0.0100563
6.88038e-05
0.010078
8.13188e-05
0.0100989
8.91757e-05
0.0101192
9.46209e-05
0.0101396
9.79724e-05
0.0101606
0.00010079
0.0101825
0.000103615
0.0102051
0.000106323
0.010228
0.000109746
0.0102515
0.000111558
0.0102746
0.000115013
0.0102982
0.00011544
0.0103211
0.000118666
0.0103449
0.000118203
0.0103677
0.000121123
0.0103918
0.00012057
0.0104147
0.000123121
0.0104388
0.000122949
0.0104618
0.00012499
0.0104856
0.000125421
0.0105086
0.000126719
0.0105319
0.000128129
0.0105548
0.000128391
0.0105773
0.000131059
0.0106002
0.000130334
0.0106217
0.00013413
0.0106444
0.000133039
0.0106647
0.000137408
0.0106869
0.00013677
0.010706
0.000141254
0.0107275
0.000141724
0.0107454
0.000146098
0.0107656
0.000148254
0.0107827
0.000152428
0.0108008
0.000156708
0.0108173
0.000161116
0.0108333
0.000167201
0.0108487
0.000173183
0.0108629
0.000180361
0.0108766
0.000189094
0.010889
0.00019767
0.010901
0.000209261
0.0109114
0.000220273
0.0109214
0.000235187
0.0109302
0.000248934
0.010938
0.000268232
0.010945
0.000285625
0.0109515
0.000308917
0.0109555
0.000332383
0.0109616
0.000359205
0.0109631
0.000389389
0.0109676
0.000421799
0.0109689
0.000457639
0.0109707
0.000496378
0.010971
0.000540049
0.0109719
0.000581435
0.0109677
0.000636324
0.0109667
0.000678836
0.0109549
0.000742112
0.0109428
0.000790648
0.0109179
0.000857415
0.0108834
0.000913734
0.0108335
0.000986779
0.010768
0.00104934
0.0106804
0.00113681
0.0105755
0.00121394
0.0104466
0.00132165
0.0102991
0.00142534
0.0101253
0.00156324
0.00993233
0.00169844
0.00971167
0.00184629
0.00943104
0.00197456
0.0090879
0.00209272
0.00862767
0.00218491
0.00803773
0.00230757
0.00736815
0.00241741
0.00250973
0.00656429
0.0100031
7.95344e-06
0.0100118
2.34279e-05
0.0100257
3.80874e-05
0.0100431
5.1401e-05
0.0100626
6.18363e-05
0.0100823
6.93978e-05
0.0101024
7.45027e-05
0.0101224
7.80148e-05
0.0101427
8.0468e-05
0.0101637
8.26762e-05
0.0101853
8.46998e-05
0.0102077
8.73175e-05
0.0102303
8.89612e-05
0.0102534
9.19396e-05
0.0102764
9.24074e-05
0.0102996
9.55274e-05
0.0103228
9.49386e-05
0.010346
9.79675e-05
0.0103695
9.70896e-05
0.0103927
9.98786e-05
0.0104163
9.93309e-05
0.0104396
0.000101758
0.0104632
0.000101783
0.0104862
0.000103686
0.0105097
0.000104641
0.0105325
0.000105618
0.0105556
0.000107966
0.0105781
0.000107792
0.0106005
0.000111716
0.0106228
0.00011076
0.0106444
0.000115855
0.0106662
0.000114899
0.0106868
0.000120663
0.0107081
0.000120467
0.0107277
0.000126512
0.010748
0.000127913
0.0107668
0.000133677
0.0107856
0.000137856
0.010804
0.00014272
0.0108207
0.000150486
0.010839
0.000154945
0.0108536
0.000165722
0.010871
0.000171665
0.0108843
0.00018438
0.0109004
0.000193194
0.0109123
0.000208313
0.0109275
0.000220005
0.0109379
0.000238605
0.0109521
0.000253966
0.0109619
0.000275832
0.0109743
0.000296573
0.0109847
0.00032195
0.0109955
0.000348415
0.0110062
0.000378649
0.0110166
0.000411468
0.0110284
0.000445795
0.0110368
0.000487936
0.0110525
0.000524428
0.011057
0.000576904
0.011075
0.000618297
0.0110774
0.00067648
0.0110899
0.000729568
0.0110904
0.000790174
0.0110929
0.000854946
0.0110831
0.000923462
0.0110727
0.000997254
0.0110444
0.00107757
0.0110116
0.00116967
0.0109631
0.00126245
0.0109018
0.00138289
0.0108312
0.00149591
0.010743
0.00165146
0.0106594
0.00178204
0.010532
0.00197366
0.0104088
0.00209782
0.0101811
0.00232044
0.00994386
0.00242212
0.00957834
0.00267309
0.00925117
0.00274458
0.00297979
0.00878111
0.0100024
5.51099e-06
0.0100093
1.65613e-05
0.0100204
2.69604e-05
0.0100353
3.65412e-05
0.0100524
4.47425e-05
0.0100711
5.06625e-05
0.0100903
5.53412e-05
0.0101102
5.8054e-05
0.01013
6.07345e-05
0.0101508
6.18167e-05
0.0101715
6.40599e-05
0.0101938
6.49846e-05
0.0102154
6.73921e-05
0.0102387
6.86355e-05
0.0102608
7.02882e-05
0.0102845
7.18499e-05
0.010307
7.24313e-05
0.0103307
7.42951e-05
0.0103536
7.41898e-05
0.0103771
7.63702e-05
0.0104004
7.59829e-05
0.0104236
7.86062e-05
0.0104474
7.79928e-05
0.0104699
8.11079e-05
0.010494
8.05528e-05
0.010516
8.36111e-05
0.0105401
8.39033e-05
0.0105616
8.62462e-05
0.0105853
8.80111e-05
0.0106065
8.96527e-05
0.0106296
9.27118e-05
0.0106502
9.42676e-05
0.0106725
9.83631e-05
0.0106928
0.00010015
0.0107138
0.000105545
0.0107341
0.000107648
0.0107534
0.000114376
0.0107735
0.000117762
0.0107914
0.000124809
0.0108106
0.000131294
0.0108279
0.000137641
0.0108453
0.00014829
0.0108625
0.00015444
0.0108782
0.000168769
0.0108949
0.000176446
0.0109095
0.000193695
0.0109251
0.000204403
0.0109394
0.000224295
0.0109538
0.00023959
0.0109683
0.000261341
0.0109813
0.000283613
0.010997
0.000306179
0.0110082
0.000337194
0.011026
0.000360907
0.0110364
0.00040108
0.0110553
0.000426831
0.0110666
0.000476722
0.0110858
0.000505136
0.0110974
0.000565352
0.0111181
0.000597619
0.0111264
0.000668187
0.0111481
0.000707818
0.0111531
0.000785176
0.0111689
0.000839199
0.0111711
0.000921241
0.0111762
0.000992166
0.0111681
0.00108564
0.0111602
0.00117754
0.011141
0.00128166
0.0111114
0.00141256
0.0110874
0.00151983
0.0110359
0.00170306
0.0110058
0.00181211
0.0109314
0.00204807
0.0108666
0.00216262
0.0107493
0.00243773
0.0106143
0.00255709
0.0104484
0.00283902
0.0102282
0.00296476
0.00322321
0.00998477
0.0100019
3.58202e-06
0.010008
1.04943e-05
0.0100174
1.75914e-05
0.0100306
2.3295e-05
0.0100459
2.94614e-05
0.0100636
3.29138e-05
0.0100819
3.70478e-05
0.0101017
3.83283e-05
0.0101212
4.11808e-05
0.0101419
4.11394e-05
0.0101623
4.36021e-05
0.0101841
4.32523e-05
0.0102056
4.59048e-05
0.0102282
4.59561e-05
0.0102506
4.79829e-05
0.0102737
4.87325e-05
0.0102966
4.94917e-05
0.0103197
5.11641e-05
0.0103431
5.07831e-05
0.0103661
5.33989e-05
0.01039
5.215e-05
0.0104126
5.59507e-05
0.0104369
5.37132e-05
0.010459
5.90378e-05
0.0104837
5.58167e-05
0.0105051
6.22207e-05
0.01053
5.90095e-05
0.0105509
6.53145e-05
0.0105754
6.35023e-05
0.0105962
6.88936e-05
0.0106199
6.89504e-05
0.0106405
7.37051e-05
0.0106634
7.54332e-05
0.0106837
7.98832e-05
0.0107055
8.36994e-05
0.0107258
8.74183e-05
0.010746
9.41472e-05
0.0107665
9.72463e-05
0.0107849
0.000106414
0.0108055
0.000110671
0.0108224
0.000120769
0.0108428
0.000127933
0.0108584
0.000138795
0.0108784
0.000148807
0.0108931
0.000161762
0.0109123
0.00017442
0.0109269
0.00018986
0.0109448
0.000206392
0.0109602
0.000224146
0.0109766
0.000245002
0.0109932
0.000266942
0.0110086
0.000290799
0.0110267
0.000319106
0.0110414
0.000346192
0.0110616
0.0003809
0.0110761
0.00041232
0.0110975
0.000455369
0.0111137
0.000488872
0.0111344
0.000544708
0.0111524
0.000579542
0.0111723
0.000648344
0.011191
0.000689101
0.0112087
0.000767452
0.0112252
0.000822717
0.0112421
0.000904308
0.0112481
0.000986161
0.0112644
0.00106935
0.0112597
0.0011823
0.0112662
0.00127512
0.0112559
0.0014229
0.0112475
0.00152824
0.0112327
0.00171787
0.0112054
0.00183933
0.0111834
0.00207011
0.0111265
0.00221954
0.0110887
0.00247553
0.0109908
0.00265493
0.0109169
0.00291292
0.0107693
0.00311241
0.00337554
0.010617
0.0100016
1.93491e-06
0.0100072
4.89549e-06
0.0100158
9.07303e-06
0.0100278
1.12393e-05
0.0100421
1.51359e-05
0.010059
1.60929e-05
0.0100768
1.91988e-05
0.0100961
1.90368e-05
0.0101157
2.16087e-05
0.0101361
2.06727e-05
0.0101567
2.30651e-05
0.010178
2.19511e-05
0.0101995
2.43671e-05
0.0102217
2.37843e-05
0.0102442
2.54676e-05
0.0102669
2.60299e-05
0.0102902
2.62469e-05
0.010313
2.83217e-05
0.0103367
2.70948e-05
0.0103595
3.05764e-05
0.0103835
2.81832e-05
0.0104062
3.325e-05
0.0104304
2.94876e-05
0.0104528
3.66841e-05
0.0104773
3.12581e-05
0.0104992
4.0376e-05
0.0105238
3.4327e-05
0.0105453
4.3821e-05
0.0105696
3.91937e-05
0.0105911
4.74715e-05
0.0106147
4.53524e-05
0.0106359
5.24243e-05
0.0106589
5.24882e-05
0.0106797
5.90479e-05
0.0107021
6.13641e-05
0.0107225
6.69984e-05
0.0107438
7.28431e-05
0.0107643
7.67488e-05
0.010784
8.66814e-05
0.0108048
8.98975e-05
0.0108232
0.000102369
0.0108436
0.000107531
0.0108616
0.000120828
0.0108811
0.000129304
0.0108988
0.000144069
0.0109179
0.000155261
0.010935
0.000172759
0.010954
0.000187363
0.0109715
0.000206643
0.0109896
0.000226977
0.0110087
0.000247848
0.0110263
0.000273139
0.0110458
0.000299666
0.0110656
0.000326402
0.0110847
0.000361761
0.0111056
0.00039138
0.011128
0.000433037
0.0111469
0.000469896
0.0111734
0.000518271
0.0111921
0.000560786
0.0112198
0.000620707
0.011239
0.000669824
0.0112672
0.000739339
0.0112862
0.000803689
0.011311
0.000879527
0.0113302
0.000966932
0.0113493
0.00105021
0.0113659
0.0011657
0.0113769
0.00126412
0.0113924
0.0014074
0.0113892
0.00153145
0.0114024
0.00170468
0.011382
0.00185978
0.011385
0.00206704
0.0113496
0.002255
0.0113312
0.00249392
0.0112756
0.0027105
0.0112165
0.00297206
0.0111221
0.00320678
0.00349073
0.0110069
0.0100016
3.78285e-07
0.010007
-5.05659e-07
0.010015
9.92032e-07
0.0100267
-3.87434e-07
0.0100404
1.42549e-06
0.0100568
-3.67708e-07
0.0100743
1.72399e-06
0.0100935
-1.08549e-07
0.0101129
2.12538e-06
0.0101334
2.22577e-07
0.0101539
2.53429e-06
0.0101752
7.07329e-07
0.0101966
2.91441e-06
0.0102187
1.67435e-06
0.0102412
3.02402e-06
0.0102639
3.29159e-06
0.0102871
3.05039e-06
0.0103101
5.34418e-06
0.0103337
3.50182e-06
0.0103568
7.40895e-06
0.0103804
4.59336e-06
0.0104039
9.78129e-06
0.0104273
6.0818e-06
0.0104509
1.30785e-05
0.0104744
7.79673e-06
0.0104976
1.71102e-05
0.0105213
1.0627e-05
0.0105441
2.10358e-05
0.0105677
1.56441e-05
0.0105904
2.47321e-05
0.0106132
2.25823e-05
0.0106361
2.94953e-05
0.010658
3.06028e-05
0.0106808
3.62503e-05
0.0107021
4.00751e-05
0.0107244
4.46471e-05
0.0107452
5.20749e-05
0.010767
5.49352e-05
0.0107874
6.63387e-05
0.0108084
6.88334e-05
0.0108287
8.21386e-05
0.0108488
8.7382e-05
0.010869
0.000100643
0.0108886
0.000109665
0.0109083
0.000124423
0.0109285
0.000135018
0.0109466
0.000154661
0.0109689
0.000165055
0.010985
0.000190608
0.0110095
0.000202427
0.0110251
0.000232253
0.0110502
0.000248089
0.0110679
0.000281914
0.0110926
0.000301676
0.0111125
0.000341865
0.0111388
0.00036514
0.0111601
0.000411726
0.0111872
0.000442775
0.0112128
0.000492689
0.011239
0.000534584
0.0112675
0.000592224
0.0112972
0.000640135
0.0113234
0.000713068
0.0113573
0.000769776
0.0113824
0.000854516
0.0114172
0.000932131
0.0114405
0.00102683
0.0114746
0.00113162
0.0114953
0.0012434
0.0115264
0.00137634
0.0115405
0.0015173
0.0115663
0.00167894
0.0115692
0.00185687
0.011583
0.00205324
0.0115724
0.00226557
0.0115635
0.00250285
0.0115326
0.00274146
0.0114844
0.00302016
0.0114062
0.003285
0.00357913
0.0113178
0.0100017
-1.32418e-06
0.0100069
-5.687e-06
0.0100151
-7.21273e-06
0.0100266
-1.19422e-05
0.0100405
-1.2393e-05
0.0100568
-1.6732e-05
0.0100744
-1.58625e-05
0.0100934
-1.90888e-05
0.0101131
-1.76229e-05
0.0101333
-1.99712e-05
0.0101542
-1.83695e-05
0.0101751
-2.0193e-05
0.010197
-1.89683e-05
0.0102188
-2.00936e-05
0.0102416
-1.98007e-05
0.0102641
-1.92403e-05
0.0102876
-2.03644e-05
0.0103106
-1.76618e-05
0.0103342
-2.01321e-05
0.0103576
-1.59832e-05
0.0103811
-1.8926e-05
0.010405
-1.40691e-05
0.0104282
-1.71421e-05
0.0104524
-1.11572e-05
0.0104755
-1.52372e-05
0.0104997
-7.1382e-06
0.0105227
-1.24114e-05
0.0105467
-2.94105e-06
0.0105696
-7.27571e-06
0.0105935
8.43791e-07
0.0106159
1.9218e-07
0.0106398
5.57488e-06
0.0106617
8.78255e-06
0.0106852
1.26811e-05
0.0107069
1.84376e-05
0.0107298
2.16655e-05
0.010751
3.09161e-05
0.0107742
3.17868e-05
0.0107938
4.66992e-05
0.0108179
4.47087e-05
0.0108361
6.39703e-05
0.0108604
6.31035e-05
0.0108786
8.23953e-05
0.0109017
8.65926e-05
0.0109211
0.000105033
0.0109431
0.000112972
0.0109631
0.00013464
0.0109853
0.000142867
0.0110059
0.000170058
0.0110283
0.000180037
0.0110503
0.000210224
0.011073
0.000225379
0.0110964
0.000258493
0.0111212
0.000276934
0.0111452
0.000317878
0.011173
0.000337297
0.0111979
0.000386871
0.011229
0.000411595
0.0112561
0.000465626
0.0112885
0.000502179
0.0113217
0.000558991
0.0113528
0.000609084
0.0113913
0.000674531
0.0114253
0.00073576
0.0114642
0.000815623
0.011503
0.000893392
0.0115419
0.000987866
0.0115836
0.00108994
0.0116227
0.00120435
0.0116626
0.00133638
0.0117018
0.00147808
0.0117358
0.00164503
0.0117678
0.00182482
0.0117908
0.00203025
0.0118069
0.00224945
0.0118098
0.00249997
0.011793
0.00275828
0.0117653
0.00304785
0.0116891
0.00336116
0.00365136
0.0116169
0.0100021
-3.42332e-06
0.0100071
-1.06978e-05
0.010016
-1.6148e-05
0.0100277
-2.36413e-05
0.0100424
-2.7065e-05
0.010059
-3.32917e-05
0.010077
-3.39115e-05
0.0100962
-3.82199e-05
0.010116
-3.74633e-05
0.0101364
-4.03491e-05
0.0101572
-3.9187e-05
0.0101784
-4.14257e-05
0.0102002
-4.07758e-05
0.0102224
-4.2239e-05
0.0102452
-4.25764e-05
0.0102679
-4.19971e-05
0.0102914
-4.38478e-05
0.0103145
-4.07404e-05
0.0103383
-4.39549e-05
0.0103617
-3.94359e-05
0.0103854
-4.25994e-05
0.0104096
-3.82117e-05
0.0104327
-4.02698e-05
0.0104576
-3.60693e-05
0.0104802
-3.78707e-05
0.0105054
-3.23393e-05
0.010528
-3.49864e-05
0.0105529
-2.78662e-05
0.0105756
-2.99807e-05
0.0106002
-2.3762e-05
0.0106227
-2.22771e-05
0.0106473
-1.90092e-05
0.0106693
-1.32218e-05
0.0106936
-1.1658e-05
0.0107156
-3.47686e-06
0.0107392
-1.92886e-06
0.0107613
8.81531e-06
0.0107843
8.76065e-06
0.0108058
2.51913e-05
0.0108295
2.1007e-05
0.0108495
4.39181e-05
0.010874
3.86939e-05
0.010894
6.23125e-05
0.0109167
6.39284e-05
0.0109399
8.18496e-05
0.0109593
9.35916e-05
0.0109853
0.000108556
0.0110044
0.000123834
0.01103
0.000144444
0.0110519
0.000158116
0.0110772
0.000184984
0.0111
0.000202572
0.0111288
0.000229669
0.0111509
0.000254807
0.0111831
0.000285725
0.0112078
0.000312611
0.0112416
0.000353001
0.0112695
0.000383677
0.0113067
0.00042847
0.0113382
0.000470649
0.011378
0.000519254
0.0114148
0.00057224
0.0114578
0.000631525
0.0114994
0.000694202
0.0115467
0.000768254
0.0115932
0.000846884
0.0116452
0.000935904
0.0116967
0.00103841
0.0117517
0.00114941
0.0118065
0.00128153
0.0118662
0.00141837
0.0119149
0.0015964
0.0119735
0.00176615
0.0120185
0.00198527
0.0120489
0.00221907
0.0120842
0.00246468
0.0120758
0.00276665
0.0120707
0.00305296
0.0120115
0.00342033
0.00373689
0.011926
0.0100024
-5.86784e-06
0.0100076
-1.58768e-05
0.0100178
-2.63255e-05
0.0100304
-3.61908e-05
0.0100464
-4.31426e-05
0.0100636
-5.04355e-05
0.0100824
-5.27346e-05
0.0101018
-5.76587e-05
0.0101218
-5.73861e-05
0.0101425
-6.10774e-05
0.0101631
-5.98248e-05
0.0101851
-6.33825e-05
0.0102067
-6.2367e-05
0.0102296
-6.52127e-05
0.0102521
-6.50436e-05
0.0102755
-6.54178e-05
0.0102987
-6.70461e-05
0.0103223
-6.4345e-05
0.0103459
-6.75598e-05
0.0103699
-6.33954e-05
0.0103934
-6.60965e-05
0.0104181
-6.29011e-05
0.0104411
-6.32762e-05
0.0104665
-6.15232e-05
0.0104891
-6.04522e-05
0.0105149
-5.80726e-05
0.0105374
-5.75737e-05
0.0105629
-5.33486e-05
0.0105857
-5.27995e-05
0.0106109
-4.88849e-05
0.0106338
-4.51565e-05
0.0106585
-4.37736e-05
0.0106817
-3.63597e-05
0.0107053
-3.52816e-05
0.0107298
-2.79931e-05
0.0107509
-2.30498e-05
0.0107777
-1.79601e-05
0.0107964
-9.93248e-06
0.0108243
-2.76663e-06
0.0108428
2.54532e-06
0.0108693
1.73786e-05
0.01089
1.79908e-05
0.0109139
3.84221e-05
0.0109368
4.10663e-05
0.0109601
5.85294e-05
0.0109825
7.12082e-05
0.0110082
8.28804e-05
0.0110293
0.000102701
0.0110568
0.000116932
0.0110792
0.000135698
0.0111068
0.000157433
0.0111319
0.000177413
0.0111613
0.000200338
0.0111872
0.000228877
0.0112206
0.000252371
0.0112488
0.000284422
0.0112836
0.000318194
0.0113181
0.000349143
0.0113542
0.000392341
0.0113938
0.000431087
0.011435
0.000478008
0.0114785
0.000528727
0.0115265
0.000583563
0.0115751
0.000645638
0.01163
0.000713372
0.011686
0.000790862
0.0117486
0.000873297
0.0118116
0.000975374
0.0118817
0.00107929
0.0119576
0.0012057
0.012025
0.00135094
0.012112
0.0015094
0.0121801
0.00169809
0.0122581
0.00190725
0.0123185
0.00215859
0.0123707
0.00241252
0.0124022
0.00273513
0.0123988
0.00305642
0.0123918
0.00342734
0.003848
0.0122806
0.0100028
-8.71076e-06
0.0100088
-2.18572e-05
0.0100208
-3.83457e-05
0.0100349
-5.0252e-05
0.010053
-6.12809e-05
0.0100708
-6.82337e-05
0.010091
-7.2886e-05
0.0101103
-7.69635e-05
0.0101308
-7.79121e-05
0.0101516
-8.18156e-05
0.0101725
-8.07817e-05
0.0101953
-8.61939e-05
0.0102168
-8.37995e-05
0.010241
-8.94323e-05
0.0102628
-8.6851e-05
0.0102875
-9.01067e-05
0.0103099
-8.94931e-05
0.0103345
-8.89406e-05
0.0103577
-9.07578e-05
0.0103823
-8.79399e-05
0.0104058
-8.96481e-05
0.0104307
-8.78189e-05
0.0104541
-8.66842e-05
0.0104796
-8.69604e-05
0.0105028
-8.3675e-05
0.0105284
-8.36292e-05
0.0105518
-8.10283e-05
0.010577
-7.85031e-05
0.010601
-7.67973e-05
0.0106255
-7.34467e-05
0.01065
-6.95816e-05
0.010674
-6.78612e-05
0.0106987
-6.10027e-05
0.0107222
-5.87493e-05
0.0107475
-5.33409e-05
0.0107692
-4.47673e-05
0.0107967
-4.54688e-05
0.0108155
-2.86906e-05
0.0108455
-3.27561e-05
0.0108627
-1.46899e-05
0.010892
-1.19573e-05
0.0109121
-2.08842e-06
0.0109373
1.32614e-05
0.010962
1.63673e-05
0.0109846
3.5903e-05
0.0110101
4.57238e-05
0.011035
5.79309e-05
0.0110592
7.85058e-05
0.011086
9.01314e-05
0.0111128
0.000108962
0.011138
0.000132218
0.0111699
0.000145527
0.0111949
0.000175297
0.0112296
0.000194172
0.0112588
0.000223175
0.011294
0.000249249
0.0113296
0.000282606
0.0113665
0.000312205
0.0114074
0.000351442
0.0114498
0.00038873
0.0114943
0.000433491
0.0115464
0.000476581
0.011592
0.000537948
0.0116586
0.000579124
0.0117074
0.000664552
0.0117857
0.000712515
0.0118444
0.000814652
0.011935
0.000884769
0.0120057
0.00100862
0.012108
0.00110339
0.0121927
0.00126622
0.012303
0.00139908
0.0124012
0.00159987
0.0125044
0.00180407
0.0126082
0.00205479
0.0126818
0.00233892
0.0127656
0.00265138
0.0127852
0.00303676
0.0127913
0.00342122
0.00390059
0.0127388
0.0100033
-1.19953e-05
0.0100116
-3.01793e-05
0.010026
-5.27377e-05
0.0100428
-6.70576e-05
0.0100631
-8.15303e-05
0.010082
-8.72043e-05
0.0101032
-9.40601e-05
0.0101224
-9.61833e-05
0.0101437
-9.92173e-05
0.0101645
-0.000102546
0.0101865
-0.000102779
0.0102097
-0.000109428
0.0102317
-0.000105864
0.0102566
-0.00011425
0.0102785
-0.000108798
0.0103038
-0.000115362
0.0103262
-0.000111892
0.0103513
-0.000114032
0.0103745
-0.000114004
0.0103995
-0.000112914
0.0104233
-0.000113426
0.0104485
-0.000113034
0.0104723
-0.000110534
0.0104978
-0.000112429
0.0105218
-0.000107705
0.0105471
-0.00010888
0.0105716
-0.00010557
0.0105966
-0.000103467
0.0106211
-0.000101354
0.0106467
-9.90364e-05
0.01067
-9.28778e-05
0.0106973
-9.51216e-05
0.0107186
-8.22832e-05
0.0107475
-8.76686e-05
0.0107674
-7.33064e-05
0.0107963
-7.36538e-05
0.0108176
-6.67305e-05
0.0108433
-5.44074e-05
0.0108688
-5.82083e-05
0.0108902
-3.61188e-05
0.0109184
-4.0132e-05
0.0109401
-2.38362e-05
0.0109652
-1.17727e-05
0.0109923
-1.07516e-05
0.011013
1.51478e-05
0.0110434
1.53176e-05
0.0110653
3.60668e-05
0.0110945
4.93157e-05
0.0111195
6.5075e-05
0.0111493
7.91689e-05
0.0111753
0.000106273
0.0112089
0.000111905
0.0112354
0.000148807
0.0112728
0.000156722
0.0113015
0.000194506
0.0113434
0.000207342
0.0113752
0.000250871
0.0114221
0.000265308
0.011459
0.000314482
0.0115106
0.000337159
0.0115557
0.00038838
0.0116118
0.000420514
0.0116672
0.00048253
0.0117323
0.000514003
0.0117963
0.000600583
0.0118718
0.000636989
0.0119575
0.000728973
0.012034
0.000808279
0.0121464
0.000896132
0.0122429
0.00100695
0.0123657
0.00114342
0.0124888
0.00127601
0.0126308
0.00145783
0.0127589
0.00167593
0.012908
0.0019057
0.0130408
0.00220615
0.0131346
0.00255756
0.0132501
0.00292125
0.0132591
0.00341228
0.00390011
0.0132595
0.0100042
-1.62328e-05
0.0100166
-4.25548e-05
0.0100353
-7.13827e-05
0.010056
-8.77575e-05
0.0100786
-0.000104167
0.0100984
-0.000106964
0.0101205
-0.000116201
0.0101393
-0.00011503
0.0101625
-0.000122353
0.0101829
-0.000122955
0.0102072
-0.000127122
0.0102297
-0.000131885
0.0102539
-0.000130095
0.0102778
-0.000138083
0.0103012
-0.000132286
0.0103257
-0.00013986
0.0103491
-0.000135287
0.0103739
-0.000138823
0.0103978
-0.000137907
0.0104228
-0.000137856
0.0104471
-0.000137808
0.0104722
-0.000138088
0.010497
-0.000135303
0.0105218
-0.000137256
0.0105473
-0.00013322
0.0105714
-0.000132929
0.0105978
-0.000132048
0.0106213
-0.000126943
0.0106479
-0.000127887
0.0106721
-0.000123276
0.010697
-0.000117754
0.0107234
-0.000121585
0.0107454
-0.000104257
0.0107748
-0.000117052
0.0107936
-9.2149e-05
0.0108253
-0.000105365
0.0108429
-8.42665e-05
0.0108737
-8.51894e-05
0.0108945
-7.90039e-05
0.0109199
-6.15503e-05
0.0109469
-6.71182e-05
0.0109671
-4.40686e-05
0.0109977
-4.23207e-05
0.0110173
-3.04463e-05
0.0110477
-1.52336e-05
0.0110697
-6.6928e-06
0.0111002
5.63314e-06
0.0111228
2.66914e-05
0.0111563
3.15496e-05
0.0111779
5.75434e-05
0.0112161
6.80917e-05
0.0112386
8.94734e-05
0.0112788
0.000108591
0.0113072
0.000128274
0.0113456
0.000156174
0.0113836
0.000169299
0.0114239
0.000210609
0.0114637
0.000225424
0.0115201
0.000258079
0.0115499
0.000307443
0.0116335
0.000304777
0.0116531
0.000400922
0.0117566
0.000378946
0.01179
0.000480638
0.0118872
0.000503402
0.0119599
0.000564251
0.0120525
0.000636374
0.012148
0.000712792
0.0122698
0.000774374
0.0123759
0.000900831
0.0125282
0.000991083
0.0126819
0.00112236
0.0128329
0.00130677
0.0130417
0.00146715
0.0132091
0.00173835
0.013414
0.00200121
0.013575
0.0023966
0.0137329
0.00276336
0.0138478
0.00329736
0.00388642
0.0138615
0.0100069
-2.31701e-05
0.0100271
-6.26755e-05
0.0100522
-9.64791e-05
0.0100773
-0.000112862
0.0101009
-0.000127832
0.0101226
-0.000128644
0.0101444
-0.000137966
0.0101648
-0.000135448
0.0101883
-0.000145817
0.0102105
-0.000145204
0.0102357
-0.000152336
0.0102587
-0.000154905
0.0102838
-0.000155154
0.0103068
-0.000161096
0.0103312
-0.000156707
0.0103546
-0.000163192
0.0103785
-0.000159239
0.0104028
-0.00016307
0.010426
-0.000161157
0.0104514
-0.000163287
0.0104738
-0.000160164
0.0104999
-0.000164218
0.010522
-0.0001574
0.0105477
-0.000162919
0.0105706
-0.000156121
0.0105949
-0.000157206
0.0106188
-0.000155969
0.0106421
-0.000150214
0.0106658
-0.000151642
0.0106896
-0.000147024
0.0107114
-0.000139573
0.0107372
-0.000147374
0.0107556
-0.000122708
0.0107847
-0.000146124
0.0107989
-0.000106341
0.0108316
-0.000138112
0.0108424
-9.50358e-05
0.0108767
-0.000119455
0.0108877
-9.00506e-05
0.0109198
-9.35947e-05
0.0109341
-8.14446e-05
0.0109633
-7.32842e-05
0.0109804
-5.9436e-05
0.0110085
-5.85133e-05
0.011028
-3.478e-05
0.0110553
-3.40001e-05
0.0110777
-1.66991e-05
0.0111059
-1.5366e-06
0.0111308
6.69179e-06
0.0111595
2.8765e-05
0.0111904
3.72641e-05
0.0112169
6.29511e-05
0.0112568
6.87014e-05
0.0112847
0.000100323
0.0113252
0.000115714
0.0113692
0.000125227
0.0113987
0.000181131
0.0114699
0.00015421
0.0114843
0.000243718
0.0115815
0.000210291
0.0115977
0.000288506
0.0116965
0.000302164
0.0117459
0.000329557
0.0118359
0.000390645
0.0119044
0.000434878
0.0120261
0.000442565
0.0120889
0.000573519
0.0122507
0.000551007
0.0123327
0.000692385
0.012511
0.000722537
0.0126494
0.000852673
0.0128397
0.000932114
0.0130433
0.00110314
0.0132831
0.00122732
0.0135385
0.00148297
0.0138034
0.00173632
0.014091
0.002109
0.0142827
0.00257162
0.0145093
0.00307078
0.00379173
0.014604
0.0100143
-3.7481e-05
0.0100445
-9.28549e-05
0.010078
-0.000130005
0.0101084
-0.000143293
0.0101319
-0.000151324
0.0101539
-0.000150653
0.0101739
-0.000157947
0.0101971
-0.000158631
0.0102195
-0.000168156
0.0102429
-0.00016864
0.0102659
-0.000175336
0.0102861
-0.000175132
0.0103091
-0.000178108
0.0103258
-0.000177817
0.0103488
-0.000179694
0.0103637
-0.000178122
0.0103857
-0.000181276
0.0104004
-0.000177701
0.0104203
-0.00018113
0.0104349
-0.000177819
0.010453
-0.000178267
0.0104664
-0.000177685
0.0104836
-0.000174599
0.0104954
-0.000174718
0.0105117
-0.000172338
0.0105226
-0.000168142
0.0105368
-0.000170123
0.0105476
-0.000161046
0.0105599
-0.000163984
0.0105693
-0.000156358
0.0105824
-0.000152705
0.0105874
-0.000152389
0.0106044
-0.000139695
0.0106034
-0.000145111
0.0106249
-0.000127876
0.0106199
-0.000133112
0.010642
-0.000117144
0.0106396
-0.000117029
0.0106561
-0.000106585
0.010661
-9.85041e-05
0.0106725
-9.29272e-05
0.0106804
-8.11677e-05
0.0106957
-7.4766e-05
0.0106986
-6.13649e-05
0.0107242
-6.03764e-05
0.0107209
-3.06797e-05
0.0107555
-5.13006e-05
0.0107516
2.28329e-06
0.0107943
-3.59199e-05
0.0107889
3.41036e-05
0.0108436
-1.74078e-05
0.0108339
7.25947e-05
0.0109034
-7.42665e-07
0.010898
0.000105718
0.0109694
4.42677e-05
0.0109848
0.000109862
0.0110484
0.000117568
0.0110898
0.00011279
0.0111477
0.0001858
0.0112143
0.000143739
0.0112789
0.000223862
0.0113486
0.000232421
0.0114643
0.000213931
0.0115134
0.000341521
0.011668
0.000280237
0.0117416
0.000368988
0.0119186
0.000396569
0.0120107
0.000458899
0.0122227
0.000480396
0.0123593
0.000585933
0.0126094
0.000602538
0.0127809
0.000760663
0.0131116
0.000772365
0.0133583
0.000980685
0.0137498
0.00109145
0.014152
0.00133413
0.0146236
0.00163733
0.0150838
0.00211144
0.0153566
0.00279803
0.0034853
0.015663
0.0100356
-7.3052e-05
0.0100801
-0.000137416
0.0101108
-0.000160645
0.010128
-0.000160559
0.0101358
-0.000159133
0.0101445
-0.000159348
0.0101497
-0.000163119
0.0101554
-0.000164296
0.0101547
-0.000167432
0.0101529
-0.000166909
0.0101452
-0.000167629
0.0101356
-0.0001655
0.0101228
-0.000165328
0.0101071
-0.000162101
0.0100904
-0.000163018
0.0100702
-0.000157918
0.0100495
-0.000160592
0.0100255
-0.000153631
0.0100012
-0.000156849
0.009973
-0.000149642
0.00994632
-0.000151581
0.00991396
-0.000145329
0.00988541
-0.000146047
0.00985018
-0.000139487
0.00981889
-0.00014105
0.00978287
-0.000132127
0.00974821
-0.000135457
0.00971206
-0.000124899
0.00967567
-0.000127592
0.00963788
-0.000118576
0.00960303
-0.000117855
0.00956196
-0.000111311
0.00953116
-0.000108902
0.00948661
-0.00010056
0.00946084
-0.000102102
0.00941434
-8.66125e-05
0.00939261
-9.54096e-05
0.00934793
-7.23524e-05
0.00932756
-8.62174e-05
0.0092889
-5.98426e-05
0.00926944
-7.34709e-05
0.00923654
-4.82627e-05
0.00922221
-6.04412e-05
0.00919393
-3.30834e-05
0.00918522
-5.16657e-05
0.00916727
-1.27286e-05
0.00915902
-4.30534e-05
0.00915573
5.57965e-06
0.00914908
-2.92763e-05
0.00916014
2.30503e-05
0.00916079
-1.80573e-05
0.00918844
4.49419e-05
0.00918917
-1.47174e-06
0.00924377
5.11114e-05
0.00924685
4.11881e-05
0.00931234
4.43718e-05
0.00935696
7.29474e-05
0.00939528
7.44761e-05
0.00950264
7.84387e-05
0.00954691
9.94687e-05
0.00963444
0.000136332
0.00978347
8.33884e-05
0.00979336
0.000204042
0.0100521
8.27808e-05
0.0100494
0.000282914
0.010332
8.64169e-05
0.0104002
0.000328342
0.0107081
0.000151
0.0107744
0.000414168
0.0112477
0.000112576
0.0112524
0.000597815
0.0118569
0.000156237
0.0119366
0.000692665
0.0126644
0.00025283
0.0127984
0.000957427
0.013794
0.000338523
0.0140724
0.00135899
0.0154561
0.00072772
0.0158075
0.00244667
0.002157
0.0171358
0.00992695
0.00978953
0.00962889
0.00946833
0.00930919
0.00914985
0.00898673
0.00882243
0.008655
0.00848809
0.00832046
0.00815496
0.00798963
0.00782753
0.00766451
0.00750659
0.007346
0.00719237
0.00703552
0.00688588
0.0067343
0.00658897
0.00644292
0.00630344
0.00616239
0.00603026
0.0058948
0.0057699
0.00564231
0.00552374
0.00540588
0.00529457
0.00518567
0.00508511
0.00498301
0.00489639
0.00480098
0.00472863
0.00464241
0.00458257
0.0045091
0.00446084
0.0044004
0.00436731
0.00431565
0.00430292
0.00425987
0.00426545
0.00423617
0.00425922
0.00424116
0.0042861
0.00428463
0.00433574
0.00437693
0.0044213
0.00449425
0.00456873
0.00464717
0.00474663
0.00488297
0.00496636
0.0051704
0.00525318
0.00553609
0.00562251
0.00595085
0.00610185
0.00651602
0.0066286
0.00722641
0.00738265
0.00807531
0.00832814
0.00928557
0.00962409
0.0109831
0.0117108
0.0141575
0.0163145
-2.58359e-06
5.07644e-05
-9.16199e-05
8.90363e-05
-0.000189783
9.81626e-05
-0.000223662
3.38798e-05
-0.000229285
5.62262e-06
-0.000160515
-6.87703e-05
-7.3195e-05
-8.732e-05
-1.02486e-06
-7.21702e-05
7.94282e-05
-8.04531e-05
0.000143259
-6.38311e-05
3.81686e-05
0.000105091
-0.000443373
0.000481541
-0.00125425
0.000810873
-0.0019509
0.000696659
-0.00216609
0.000215187
-0.00199591
-0.00017018
-0.00166052
-0.000335396
-0.00113576
-0.000524752
-0.000339582
-0.000796182
-0.000339582
-2.51417e-05
-0.00012313
4.74489e-06
5.91497e-05
-0.000201126
0.000304033
-0.000396987
0.000229741
-0.000500482
0.000109118
-0.00039589
-0.000173363
-0.000250922
-0.000232288
-0.000149677
-0.000173416
-0.000175444
-5.46854e-05
-0.000428941
0.000189665
-0.00100514
0.000681286
-0.00166754
0.00114394
-0.00213253
0.00127586
-0.00234994
0.000914072
-0.00233546
0.000200706
-0.00220312
-0.00030252
-0.00195959
-0.000578923
-0.00147951
-0.00100483
-0.000540563
-0.00173513
-0.000880145
-0.000664525
6.64382e-05
-0.000642226
3.68509e-05
-0.00059266
0.000254467
-0.000635597
0.000272678
-0.000702229
0.00017575
-0.000763665
-0.000111926
-0.000766624
-0.000229329
-0.000702762
-0.000237277
-0.000810457
5.3009e-05
-0.0011222
0.000501408
-0.00142304
0.000982132
-0.00165465
0.00137555
-0.00180533
0.00142654
-0.0018984
0.00100714
-0.00193412
0.000236431
-0.00193001
-0.000306627
-0.00179826
-0.000710676
-0.0014528
-0.0013503
-0.000762232
-0.00242569
-0.00164238
0.00140767
0.00161217
0.000112144
0.00133238
-0.000662372
0.00102898
-0.00107098
0.000681289
-0.00134404
0.000448805
-0.00134995
-0.000106017
-0.00120376
-0.000375516
-0.00110583
-0.000335209
-0.000982215
-7.06065e-05
-0.000989112
0.000508304
-0.00108599
0.00107901
-0.00116748
0.00145703
-0.00124781
0.00150688
-0.00127874
0.00103806
-0.0013387
0.000296398
-0.00139874
-0.000246594
-0.00134039
-0.00076902
-0.00121398
-0.00147671
-0.000917685
-0.00272199
-0.00256006
0.00572368
0.00245277
0.00461631
0.00243975
0.00333522
0.00231007
0.00191266
0.00210385
0.000497437
0.00186403
-0.000562476
0.000953895
-0.00132417
0.000386183
-0.00128139
-0.000377991
-0.000909047
-0.000442951
-0.000632232
0.000231489
-0.000459692
0.000906473
-0.00029623
0.00129357
-0.000149605
0.00136025
-4.23349e-05
0.000930793
-0.000294875
0.000548938
-0.000734839
0.00019337
-0.000891988
-0.000611872
-0.000957151
-0.00141154
-0.00091068
-0.00276846
-0.00347074
0.00823877
0.00299511
0.00751858
0.00315995
0.00664829
0.00318035
0.00571837
0.00303377
0.00477379
0.00280861
0.00342404
0.00230365
0.00187707
0.00193315
0.000472668
0.00102641
-0.000241421
0.000271137
-4.04404e-05
3.05081e-05
0.000302847
0.000563185
0.000575811
0.00102061
0.000671235
0.00126483
0.000489764
0.00111226
-3.41989e-05
0.0010729
-0.000279162
0.000438333
-0.000165184
-0.00072585
-0.000290982
-0.00128575
-0.000646122
-0.00241332
-0.00411686
0.0096188
0.00336108
0.00920795
0.0035708
0.00873946
0.00364884
0.0080895
0.00368374
0.00737842
0.00351969
0.0062547
0.00342737
0.00531368
0.00287417
0.00391025
0.00242984
0.00222725
0.00195413
0.00110389
0.00115387
0.000935624
0.000731449
0.00119176
0.000764468
0.00136978
0.00108681
0.00138939
0.00109266
0.00147635
0.000985937
0.00184312
7.1563e-05
0.00111773
-4.54998e-07
-8.24438e-05
-8.55741e-05
-0.000510798
-0.00198497
-0.00462766
0.0104071
0.00357089
0.0101492
0.00382874
0.00985309
0.00394495
0.00941641
0.00412042
0.00883459
0.00410151
0.00820492
0.00405704
0.0072641
0.00381498
0.00620659
0.00348735
0.00514763
0.00301309
0.00374778
0.00255373
0.00280147
0.00167776
0.00260223
0.000963708
0.00290394
0.000785097
0.00300996
0.000986643
0.00323822
0.000757677
0.00355458
-0.000244801
0.00273689
0.000817235
0.00174787
0.000903444
0.000860001
-0.0010971
-0.00376766
0.0108552
0.00372261
0.0106861
0.00399782
0.010425
0.00420609
0.0101558
0.00438962
0.00970633
0.00455094
0.00922954
0.00453383
0.00855428
0.00449025
0.00774727
0.00429436
0.00685592
0.00390445
0.00562801
0.00378163
0.00410613
0.00319964
0.00270653
0.00236331
0.00192574
0.00156588
0.00143924
0.00147314
0.000988888
0.00120803
0.000459894
0.000284193
0.000820744
0.000456385
0.0018509
-0.000126708
0.00175261
-0.000998813
-0.00201505
0.0111682
0.00387227
0.0110348
0.00413118
0.0107903
0.00445065
0.0105566
0.00462324
0.0102386
0.00486894
0.0097793
0.00499316
0.00928443
0.00498512
0.00851257
0.00506622
0.00778871
0.00462832
0.00731942
0.00425091
0.006598
0.00392106
0.00605353
0.00290778
0.00632257
0.00129684
0.00625154
0.00154417
0.00603686
0.00142272
0.0054533
0.000867756
0.00529317
0.000616509
0.00552606
-0.000359594
0.00453004
-2.79345e-06
0.00251499
0.0114686
0.00402056
0.0113131
0.00428668
0.0111154
0.00464836
0.0108238
0.00491489
0.0105522
0.0051405
0.0101475
0.00539783
0.00973713
0.00539551
0.00929053
0.00551282
0.00816909
0.00574976
0.00708194
0.00533806
0.00536226
0.00564074
0.00290009
0.00536995
0.000777211
0.00341972
7.35431e-05
0.00224784
0.00012422
0.00137204
0.000459776
0.0005322
0.000535034
0.000541251
0.000112974
6.24648e-05
0.000223962
-0.000113781
0.00273895
0.0118121
0.00413447
0.0116013
0.00449749
0.0114284
0.00482126
0.0111064
0.00523688
0.0107979
0.00544901
0.0103787
0.00581696
0.00974913
0.00602513
0.00941628
0.00584566
0.00900364
0.0061624
0.0085102
0.0058315
0.00863857
0.00551237
0.00851243
0.00549609
0.00735809
0.00457407
0.00609981
0.00350611
0.00485124
0.00262062
0.00395712
0.00142632
0.00333869
0.00115969
0.00199482
0.00140633
0.000388162
0.00149287
0.00312712
0.0121907
0.00422442
0.0119703
0.00471791
0.0117136
0.0050779
0.0114353
0.00551518
0.0110079
0.00587645
0.0107034
0.00612141
0.0100447
0.00668387
0.0092293
0.00666108
0.00843789
0.00695381
0.00708152
0.00718787
0.00554452
0.00704938
0.00442339
0.00661721
0.0037716
0.00522586
0.00341467
0.00386304
0.00306498
0.0029703
0.00247244
0.00201886
0.00211393
0.00151819
0.00144304
0.00207722
0.000256984
0.00267893
0.0033841
0.0125944
0.00436873
0.0124376
0.00487475
0.0120994
0.0054161
0.0117436
0.00587097
0.0112284
0.0063917
0.0108297
0.00652007
0.0106369
0.00687666
0.0102512
0.00704674
0.0101596
0.00704549
0.0102091
0.00713834
0.00955731
0.00770117
0.00803434
0.00814018
0.00601902
0.00724119
0.00426646
0.0056156
0.00314354
0.00409322
0.0020798
0.0030826
0.000857627
0.00274037
-4.81031e-05
0.00298295
-0.000312952
0.00294378
0.00307115
0.0131076
0.00452071
0.0129218
0.00506054
0.012621
0.00571684
0.012242
0.00624997
0.011647
0.00698678
0.0107911
0.0073759
0.00990126
0.00776654
0.00876382
0.00818418
0.00723214
0.00857717
0.00640856
0.00796192
0.00674863
0.00736109
0.00697169
0.00791712
0.00607033
0.00814254
0.00452811
0.00715782
0.00326887
0.00535246
0.00201313
0.00433834
0.000548011
0.00420548
-0.00037398
0.00390494
-0.00054336
0.00311316
0.00252779
0.0137752
0.00460702
0.0134858
0.00534989
0.013068
0.0061346
0.0126
0.00671801
0.0122881
0.00729866
0.011942
0.00772201
0.0117091
0.00799946
0.0117699
0.00812332
0.0112924
0.00905469
0.00954264
0.0097117
0.0079252
0.00897854
0.0072257
0.00861662
0.00641547
0.00895277
0.00499348
0.00857981
0.00329903
0.00704691
0.00177876
0.00585861
0.000409743
0.0055745
-0.000433141
0.00474783
-0.000607882
0.0032879
0.00191991
0.0145718
0.00463922
0.0143083
0.0056134
0.0137181
0.0067248
0.0128813
0.00755482
0.0118576
0.00832236
0.0105394
0.00904018
0.00895121
0.00958765
0.0080487
0.00902582
0.00852741
0.00857599
0.00883126
0.00940785
0.00794872
0.00986107
0.00702333
0.00954201
0.00624999
0.00972611
0.00503931
0.00979049
0.00347422
0.008612
0.00202256
0.00731027
0.000875803
0.00672126
4.03667e-05
0.00558327
-0.000308957
0.00363722
0.00161095
0.0156235
0.00467877
0.0151248
0.00611203
0.0146088
0.0072408
0.014266
0.0078976
0.0141153
0.00847312
0.0139653
0.00919019
0.0132181
0.0103348
0.0111371
0.0111068
0.00933698
0.0103761
0.00870481
0.01004
0.00811836
0.0104475
0.00722318
0.0104372
0.00639725
0.010552
0.00529858
0.0108892
0.00384912
0.0100615
0.00241389
0.0087455
0.00127158
0.00786357
0.000377428
0.00647741
-1.58986e-05
0.00403055
0.00159505
0.0169133
0.00490122
0.0160353
0.00699004
0.0145592
0.00871686
0.0126798
0.00977701
0.0110673
0.0100857
0.0103995
0.00985791
0.0110525
0.00968185
0.0112098
0.0109495
0.0099261
0.0116598
0.00879793
0.0111682
0.00800819
0.0112373
0.00722552
0.0112199
0.00649898
0.0112786
0.00564855
0.0117396
0.00433421
0.0113758
0.00281401
0.0102657
0.0015395
0.00913808
0.000659264
0.00735765
0.000156955
0.00453286
0.001752
0.0166977
0.00451804
0.0182518
0.00543588
0.018823
0.00814568
0.0179888
0.0106112
0.0156027
0.0124718
0.0125881
0.0128726
0.0107479
0.011522
0.01053
0.0111675
0.0100514
0.0121384
0.00898636
0.0122332
0.00809192
0.0121317
0.00729529
0.0120165
0.00663295
0.0119409
0.00597267
0.0123999
0.00488602
0.0124625
0.00349039
0.0116613
0.00233276
0.0102957
0.0013427
0.00834772
0.000521303
0.00535425
0.00227331
0.00601582
-0.00149779
0.0100796
0.00137209
0.0134641
0.00476119
0.0156712
0.00840413
0.0161914
0.0119516
0.0144748
0.0145891
0.011861
0.0141358
0.0104448
0.0125837
0.00995688
0.0126263
0.00917886
0.0130112
0.0082453
0.0130653
0.00732565
0.0129361
0.00654403
0.0127225
0.00600625
0.0129377
0.00527879
0.0131899
0.00423648
0.0127036
0.00308615
0.011446
0.0019961
0.00943777
0.0009381
0.00641226
0.00321141
-0.000201856
-0.00129593
0.00323757
-0.00206734
0.0075081
0.000490667
0.0107156
0.00519662
0.0137018
0.00896534
0.0146415
0.0136495
0.0128114
0.0159658
0.0105585
0.0148366
0.00956536
0.0136195
0.00901544
0.0135612
0.00828558
0.0137951
0.00744682
0.0137749
0.00665327
0.0135161
0.00611931
0.0134716
0.00549595
0.0138133
0.00456472
0.0136349
0.00353133
0.0124794
0.00251341
0.0104557
0.00135272
0.00757295
0.00456412
-0.0001685
-0.00112743
-0.000367694
-0.00186815
0.0025133
-0.00239032
0.00572904
0.00198087
0.00953963
0.00515476
0.0122741
0.010915
0.0128622
0.0153777
0.0114512
0.0162477
0.0098337
0.015237
0.00886908
0.0145258
0.00816935
0.0144949
0.00741638
0.0145278
0.0065849
0.0143476
0.00596452
0.014092
0.00547839
0.0142994
0.00484615
0.0142671
0.00388777
0.0134378
0.00263556
0.0117079
0.00134545
0.00886305
0.00590957
-0.0006586
-0.000468828
-0.00165252
-0.000874224
-0.00113942
-0.00290342
0.00150231
-0.000660859
0.00471418
0.00194288
0.00930225
0.00632694
0.0106931
0.0139868
0.010761
0.0161798
0.00984235
0.0161556
0.00890695
0.0154612
0.00810848
0.0152933
0.00729596
0.0153404
0.00644834
0.0151952
0.00574396
0.0147964
0.00525474
0.0147886
0.00465144
0.0148704
0.00369124
0.014398
0.00256635
0.0128328
0.00126392
0.0101655
0.00717349
-0.00182691
0.00135808
-0.00248685
-0.00021428
-0.00367214
-0.00171814
-0.00192047
-0.00241253
-4.20501e-05
6.44685e-05
0.00447401
0.00181088
0.00955957
0.00890123
0.0100455
0.0156939
0.0094267
0.0167744
0.00863189
0.016256
0.00790111
0.0160241
0.0071914
0.0160501
0.0063821
0.0160045
0.00556142
0.0156171
0.00491168
0.0154384
0.00442207
0.01536
0.00381631
0.0150038
0.0028631
0.013786
0.00146321
0.0115654
0.00863671
-0.000350898
0.00170898
-0.00146772
0.000902542
-0.00230528
-0.000880582
-0.00262674
-0.00209107
-0.00131739
-0.00124488
0.000360291
0.000133199
0.00594141
0.00332012
0.00888743
0.0127479
0.00909989
0.016562
0.00829627
0.0170596
0.00763395
0.0166864
0.00702019
0.0166638
0.00629178
0.0167329
0.00551469
0.0163942
0.00487477
0.0160783
0.00425497
0.0159798
0.00348109
0.0157776
0.00250655
0.0147605
0.00126729
0.0128046
0.00990399
-4.3893e-06
0.00171337
-8.64743e-05
0.000984627
0.000134863
-0.00110192
0.00100722
-0.00296342
0.00131156
-0.00154922
0.00122688
0.000217881
0.00320173
0.00134526
0.00802412
0.00792546
0.00892779
0.0156583
0.00823112
0.0177563
0.00733109
0.0175865
0.00662695
0.017368
0.0059691
0.0173907
0.00518639
0.0171769
0.00443444
0.0168302
0.0038309
0.0165834
0.00319094
0.0164176
0.0023317
0.0156198
0.00121841
0.0139179
0.0111224
0.000552916
0.00116045
0.00179621
-0.000258671
0.00251981
-0.00182552
0.00383555
-0.00427916
0.00421702
-0.00193068
0.00502924
-0.000594341
0.00350046
0.00287403
0.00600881
0.00541712
0.00829464
0.0133725
0.00818602
0.0178649
0.00723283
0.0185397
0.00640168
0.0181991
0.00569456
0.0180978
0.00499606
0.0178754
0.0043048
0.0175215
0.00363377
0.0172544
0.0029708
0.0170806
0.00217842
0.0164122
0.00110591
0.0149904
0.0122283
0.000932313
0.00022814
0.00289702
-0.00222338
0.00462783
-0.00355633
0.00596686
-0.00561819
0.00671029
-0.00267412
0.00733724
-0.00122129
0.00656485
0.00364643
0.00597325
0.00600872
0.00780808
0.0115376
0.00815425
0.0175187
0.0072301
0.0194638
0.00618471
0.0192445
0.00540154
0.018881
0.004638
0.0186389
0.00387097
0.0182885
0.0031787
0.0179467
0.0025348
0.0177245
0.00179829
0.0171487
0.000907669
0.0158811
0.013136
0.00180229
-0.00157415
0.00369595
-0.00411704
0.00573386
-0.00559425
0.00701012
-0.00689445
0.00836063
-0.00402462
0.00855525
-0.00141592
0.0086665
0.00353518
0.00686476
0.00781045
0.00728166
0.0111208
0.00772305
0.0170774
0.0070393
0.0201475
0.00595373
0.0203301
0.00504363
0.0197911
0.00432545
0.0193571
0.00366738
0.0189466
0.00303619
0.0185779
0.00241567
0.018345
0.00172577
0.0178386
0.000870522
0.0167363
0.0140065
0.00177213
-0.00334628
0.0033826
-0.0057275
0.0055679
-0.00777954
0.00706278
-0.00838934
0.00836818
-0.00533002
0.00859976
-0.00164749
0.00889156
0.00324338
0.0075825
0.00911951
0.00681533
0.0118879
0.00705601
0.0168367
0.00660447
0.0205991
0.00563538
0.0212992
0.00473212
0.0206944
0.00396532
0.0201239
0.00324783
0.0196641
0.00255521
0.0192705
0.00196543
0.0189348
0.00136827
0.0184357
0.000667677
0.0174369
0.0146742
0.00119988
-0.00454616
0.00268019
-0.00720781
0.00484157
-0.00994092
0.00636067
-0.00990844
0.00742685
-0.0063962
0.00777274
-0.00199339
0.00782633
0.00318979
0.00719972
0.00974613
0.00630842
0.0127792
0.00623612
0.016909
0.00576778
0.0210674
0.00494403
0.0221229
0.00412264
0.0215158
0.00344914
0.0207974
0.00288297
0.0202303
0.00236505
0.0197884
0.00181352
0.0194863
0.00123558
0.0190137
0.000606951
0.0180655
0.0152811
0.000905111
-0.00545127
0.00206056
-0.00836326
0.003409
-0.0112894
0.00452797
-0.0110274
0.00544588
-0.00731411
0.00585848
-0.00240599
0.0058878
0.00316047
0.00579742
0.00983651
0.00515281
0.0134238
0.00490992
0.0171519
0.00476086
0.0212165
0.00417179
0.022712
0.00345462
0.0222329
0.00284267
0.0214093
0.00229598
0.020777
0.00177717
0.0203072
0.00136891
0.0198946
0.00095828
0.0194243
0.000445927
0.0185779
0.0157271
0.000544787
-0.00599606
0.00111601
-0.00893449
0.00188541
-0.0120588
0.00266291
-0.0118049
0.00337044
-0.00802164
0.0036605
-0.00269605
0.00371553
0.00310544
0.0037511
0.00980094
0.00359684
0.0135781
0.0034726
0.0172761
0.00339857
0.0212905
0.00307657
0.023034
0.00258
0.0227295
0.00209769
0.0218916
0.00173657
0.0211381
0.00145281
0.020591
0.00111013
0.0202373
0.000724005
0.0198104
0.000348165
0.0189537
0.0160752
2.22386e-05
-0.0060183
-6.15579e-05
-0.00885069
3.97016e-05
-0.01216
0.000378948
-0.0121442
0.000987282
-0.00862997
0.00124122
-0.00295
0.00140176
0.00294491
0.00173183
0.00947087
0.00184944
0.0134605
0.00185075
0.0172748
0.00196161
0.0211797
0.00191414
0.0230815
0.0016738
0.0229699
0.00141806
0.0221474
0.00116961
0.0213865
0.000897183
0.0208634
0.000685598
0.0204488
0.00047261
0.0200234
0.000181868
0.0192445
0.0162571
-0.000679938
-0.00533836
-0.00129266
-0.00823796
-0.00164319
-0.0118095
-0.0017155
-0.0120718
-0.00130982
-0.00903566
-0.00104611
-0.0032137
-0.000852563
0.00275136
-0.000398827
0.00901713
-7.22498e-05
0.0131339
0.000317093
0.0168854
0.000578586
0.0209182
0.000623532
0.0230365
0.00060794
0.0229854
0.000561668
0.0221936
0.000531925
0.0214163
0.000503926
0.0208914
0.000399792
0.020553
0.000246809
0.0201764
8.74468e-05
0.0194038
0.0163445
-0.00120889
-0.00412947
-0.00218634
-0.00726051
-0.00286321
-0.0111326
-0.00333608
-0.011599
-0.00321007
-0.00916166
-0.00294215
-0.00348163
-0.00269987
0.00250908
-0.00203179
0.00834906
-0.001383
0.0124851
-0.00114273
0.0166452
-0.000925476
0.0207009
-0.000550413
0.0226615
-0.000265509
0.0227005
-6.74985e-05
0.0219956
1.21703e-05
0.0213366
3.56979e-07
0.0209032
-1.11989e-05
0.0205645
-3.94834e-05
0.0202047
-8.96197e-05
0.019454
0.0162549
-0.000683558
-0.00344591
-0.00191906
-0.006025
-0.00323062
-0.00982107
-0.00428994
-0.0105396
-0.00460589
-0.00884571
-0.0041991
-0.00388842
-0.00376937
0.00207935
-0.00303098
0.00761067
-0.00259848
0.0120526
-0.00249792
0.0165446
-0.00215745
0.0203604
-0.00165282
0.0221568
-0.00117374
0.0222215
-0.000822808
0.0216447
-0.000590595
0.0211044
-0.000406546
0.0207191
-0.000292883
0.0204509
-0.000209007
0.0201208
-0.000145686
0.0193907
0.0161092
-0.000993065
-0.00245285
-0.00201201
-0.00500606
-0.00310799
-0.0087251
-0.00451694
-0.0091307
-0.00540726
-0.00795539
-0.00507588
-0.0042198
-0.00465269
0.00165616
-0.00407511
0.00703309
-0.0038898
0.0118673
-0.00368875
0.0163436
-0.00322103
0.0198927
-0.00260447
0.0215403
-0.00192128
0.0215383
-0.00138302
0.0211064
-0.000992798
0.0207142
-0.000745586
0.0204719
-0.000575753
0.020281
-0.000449472
0.0199945
-0.000324794
0.019266
0.0157844
-0.000790625
-0.00166222
-0.00149823
-0.00429845
-0.00232199
-0.00790134
-0.003676
-0.00777669
-0.00520466
-0.00642673
-0.00559989
-0.00382457
-0.00540053
0.0014568
-0.00505189
0.00668445
-0.00489554
0.0117109
-0.00454152
0.0159895
-0.00410521
0.0194564
-0.00325937
0.0206945
-0.00247196
0.0207509
-0.0018603
0.0204948
-0.0014009
0.0202548
-0.00104955
0.0201206
-0.000767105
0.0199986
-0.000531911
0.0197593
-0.000341498
0.0190756
0.0154429
-0.000676448
-0.000985776
-0.000512225
-0.00446267
-0.00100761
-0.00740595
-0.00224502
-0.00653929
-0.00416818
-0.00450357
-0.00556204
-0.0024307
-0.00566187
0.00155662
-0.00564463
0.00666722
-0.00546262
0.0115289
-0.00518535
0.0157123
-0.00455237
0.0188234
-0.0035642
0.0197063
-0.00273814
0.0199248
-0.00203668
0.0197933
-0.00153566
0.0197538
-0.00118928
0.0197742
-0.000924656
0.019734
-0.000709966
0.0195446
-0.00047729
0.0188429
0.0149656
-0.000419631
-0.000566144
0.000712728
-0.00559503
0.000277639
-0.00697086
-0.00072539
-0.00553626
-0.00249752
-0.00273144
-0.00447646
-0.000451771
-0.00528431
0.00236448
-0.00563492
0.00701782
-0.00556878
0.0114628
-0.00533548
0.015479
-0.00442283
0.0179108
-0.00343907
0.0187225
-0.00264893
0.0191347
-0.00203043
0.0191748
-0.00160585
0.0193292
-0.0012247
0.019393
-0.000900103
0.0194094
-0.000677721
0.0193223
-0.000465803
0.018631
0.0144998
0.000300288
-0.000866432
0.00165148
-0.00694623
0.00128796
-0.00660734
0.000422545
-0.00467084
-0.00090443
-0.00140446
-0.0029512
0.001595
-0.00443143
0.00384471
-0.00491547
0.00750186
-0.00511542
0.0116628
-0.00480694
0.0151705
-0.0038666
0.0169704
-0.0031077
0.0179636
-0.00241278
0.0184397
-0.00190389
0.0186659
-0.00153235
0.0189576
-0.00125324
0.0191139
-0.00103953
0.0191957
-0.000828485
0.0191112
-0.000519706
0.0183222
0.0139801
0.00199652
-0.00286295
0.00218001
-0.00712971
0.00175895
-0.00618628
0.000956408
-0.0038683
5.56613e-05
-0.000503718
-0.00135434
0.003005
-0.00307389
0.00556426
-0.00375548
0.00818345
-0.0040586
0.0119659
-0.00377953
0.0148914
-0.002975
0.0161659
-0.00254113
0.0175297
-0.00202307
0.0179217
-0.00167621
0.0183191
-0.00138998
0.0186714
-0.00108517
0.0188091
-0.000793474
0.018904
-0.00057609
0.0188938
-0.000390715
0.0181368
0.0135894
0.00195774
-0.00482069
0.00193779
-0.00710976
0.00149707
-0.00574556
0.00098286
-0.00335409
0.000484809
-5.66705e-06
-7.44855e-05
0.0035643
-0.00146785
0.00695762
-0.00244939
0.00916499
-0.00272471
0.0122412
-0.00267002
0.0148367
-0.00210859
0.0156045
-0.00180494
0.0172261
-0.00151388
0.0176306
-0.00130695
0.0181122
-0.00111324
0.0184777
-0.000969788
0.0186657
-0.000842569
0.0187768
-0.000692997
0.0187443
-0.000445676
0.0178895
0.0131437
0.00110631
-0.005927
0.00146853
-0.00747198
0.00126647
-0.0055435
0.00101344
-0.00310106
0.000803006
0.000204772
0.000792719
0.00357458
6.94168e-05
0.00768092
-0.000999514
0.0102339
-0.00131954
0.0125612
-0.00135417
0.0148714
-0.00125501
0.0155053
-0.00108513
0.0170562
-0.000978176
0.0175237
-0.000924266
0.0180582
-0.00088387
0.0184373
-0.000766779
0.0185486
-0.000594295
0.0186043
-0.000356544
0.0185065
-0.00015992
0.0176929
0.0129838
0.000881927
-0.00680893
0.00118574
-0.00777579
0.00113291
-0.00549067
0.00106475
-0.00303291
0.0010865
0.000183021
0.00133159
0.00332949
0.00129778
0.00771474
0.000439712
0.011092
-0.000137546
0.0131385
-0.000259174
0.014993
-0.000464355
0.0157105
-0.0004153
0.0170072
-0.000361332
0.0174697
-0.000359566
0.0180565
-0.000353213
0.0184309
-0.000326159
0.0185215
-0.000256796
0.0185349
-0.000257544
0.0185072
-0.000292244
0.0177276
0.0126916
0.000679553
-0.00748848
0.00100986
-0.00810609
0.00110894
-0.00558975
0.00125548
-0.00317945
0.00144281
-4.31769e-06
0.00170517
0.00306714
0.00210619
0.00731372
0.00182496
0.0113732
0.00113694
0.0138265
0.000799456
0.0153305
0.000359206
0.0161508
0.000121744
0.0172446
4.2413e-05
0.017549
-1.54091e-05
0.0181143
-0.000168317
0.0185839
-0.000301389
0.0186546
-0.000379293
0.0186128
-0.000257702
0.0183857
3.38286e-05
0.017436
0.0127254
0.000674787
-0.00816327
0.00106997
-0.00850127
0.00135814
-0.00587792
0.00169051
-0.00351181
0.00205332
-0.000367135
0.00225805
0.00286241
0.0026242
0.00694757
0.0028877
0.0111097
0.00212522
0.014589
0.00151148
0.0159442
0.00103425
0.016628
0.000654448
0.0176244
0.000387248
0.0178162
0.000257351
0.0182442
0.000191371
0.0186498
0.000184174
0.0186618
0.000286517
0.0185105
0.00027724
0.0183949
1.48314e-05
0.0176984
0.0127402
0.000733277
-0.00889655
0.00124455
-0.00901254
0.0018105
-0.00644388
0.00241925
-0.00412056
0.00289595
-0.00084383
0.00303093
0.00272742
0.00309626
0.00688224
0.0035099
0.0106961
0.00304411
0.0150548
0.00224725
0.0167411
0.0015375
0.0173378
0.000990531
0.0181714
0.000633197
0.0181736
0.000523645
0.0183537
0.000387055
0.0187864
0.000166877
0.018882
-9.51589e-05
0.0187725
-0.000216094
0.0185159
-8.19709e-05
0.0175643
0.0126583
0.000866173
-0.00976272
0.00153095
-0.00967732
0.0023622
-0.00727513
0.00317583
-0.00493419
0.00371302
-0.00138102
0.00382299
0.00261746
0.0036406
0.00706463
0.00372229
0.0106144
0.00351927
0.0152578
0.00268256
0.0175778
0.00191911
0.0181012
0.00137855
0.0187119
0.000836177
0.0187159
0.000465923
0.018724
0.000300489
0.0189519
0.000214891
0.0189676
0.000273999
0.0187134
0.000411195
0.0183787
0.000334808
0.0176407
0.0129931
0.000995007
-0.0107577
0.00184302
-0.0105253
0.002848
-0.00828012
0.00372084
-0.00580702
0.00426792
-0.0019281
0.00436413
0.00252124
0.00408369
0.00734507
0.00377244
0.0109256
0.00377508
0.0152552
0.00303051
0.0183223
0.00208995
0.0190418
0.00140346
0.0193984
0.00086785
0.0192515
0.000596197
0.0189957
0.000477729
0.0190703
0.000413759
0.0190315
0.000259688
0.0188675
4.53978e-06
0.0186338
-0.000230908
0.0178762
0.0127622
0.00107512
-0.0118328
0.00202828
-0.0114785
0.00308413
-0.00933597
0.00391984
-0.00664273
0.00440784
-0.0024161
0.00446191
0.00246717
0.00418887
0.00761811
0.00360294
0.0115116
0.00351391
0.0153442
0.00290711
0.0189291
0.00206107
0.0198878
0.00145812
0.0200014
0.000889659
0.01982
0.000383601
0.0195017
0.000108267
0.0193457
-0.000129482
0.0192693
-0.000232328
0.0189703
-8.81848e-05
0.0184897
0.000183114
0.0176049
0.0129453
0.00106447
-0.0128973
0.00203496
-0.012449
0.00298742
-0.0102884
0.00367993
-0.00733524
0.00399422
-0.00273039
0.00401465
0.00244674
0.00379638
0.00783638
0.00324248
0.0120655
0.00307095
0.0155157
0.00263183
0.0193683
0.00179921
0.0207204
0.00108186
0.0207187
0.000542345
0.0203595
0.000177859
0.0198662
-3.95055e-08
0.0195236
8.96018e-05
0.0191796
0.000221398
0.0188385
0.00018893
0.0185221
-6.73085e-05
0.0178611
0.012878
0.000933806
-0.0138311
0.00177891
-0.0132941
0.00255096
-0.0110605
0.00298643
-0.00777072
0.00314645
-0.00289041
0.00308818
0.00250502
0.00293055
0.00799401
0.00250569
0.0124903
0.00221901
0.0158024
0.00189535
0.0196919
0.00127836
0.0213374
0.000765961
0.0212311
0.000296765
0.0208287
-9.65018e-05
0.0202595
-0.000314482
0.0197415
-0.000565447
0.0194306
-0.000778065
0.0190511
-0.000831759
0.0185758
-0.000530174
0.0175595
0.0123478
0.000646202
-0.0144773
0.00125384
-0.0139017
0.00179787
-0.0116045
0.00196259
-0.00793543
0.00192356
-0.00285139
0.00183903
0.00258955
0.0017108
0.00812224
0.00144366
0.0127575
0.00120794
0.0160381
0.00103689
0.019863
0.000538984
0.0218353
-5.99275e-05
0.02183
-0.000438728
0.0212075
-0.000695969
0.0205167
-0.000894877
0.0199404
-0.00081796
0.0193537
-0.000579817
0.018813
-0.000188131
0.0181842
8.98053e-05
0.0172816
0.0124376
0.000335289
-0.0148126
0.000562641
-0.0141291
0.000761137
-0.011803
0.000708666
-0.00788296
0.000514118
-0.00265684
0.000401525
0.00270214
0.000396062
0.0081277
0.000202181
0.0129514
-3.12417e-05
0.0162715
-9.24054e-05
0.0199241
-0.000448747
0.0221917
-0.000749071
0.0221304
-0.000978305
0.0214367
-0.00115253
0.0206909
-0.0011754
0.0199633
-0.00121601
0.0193943
-0.00124901
0.018846
-0.00139012
0.0183253
-0.00117566
0.0170671
0.0112619
2.21383e-05
-0.0148347
-0.000112163
-0.0139948
-0.000277683
-0.0116375
-0.00053929
-0.00762136
-0.000890497
-0.00230563
-0.00105807
0.00286972
-0.00111058
0.00818021
-0.0011525
0.0129933
-0.00123024
0.0163493
-0.00129387
0.0199878
-0.00157805
0.0224758
-0.00185145
0.0224038
-0.00198397
0.0215693
-0.00203355
0.0207405
-0.00213949
0.0200693
-0.00209685
0.0193517
-0.00198598
0.0187351
-0.00157801
0.0179173
-0.000839238
0.0163284
0.0104227
-0.000193972
-0.0146408
-0.000605812
-0.0135829
-0.00106377
-0.0111795
-0.00156181
-0.00712331
-0.00200047
-0.00186697
-0.00219413
0.00306337
-0.0023068
0.00829288
-0.00234285
0.0130293
-0.00248054
0.016487
-0.00258059
0.0200878
-0.00272952
0.0226248
-0.00276671
0.0224409
-0.002785
0.0215876
-0.00276641
0.0207219
-0.00261685
0.0199197
-0.00246391
0.0191987
-0.00214088
0.0184121
-0.00176025
0.0175367
-0.00102733
0.0155954
0.00939538
-0.000385455
-0.0142553
-0.000971927
-0.0129965
-0.0016417
-0.0105098
-0.00231771
-0.0064473
-0.00296848
-0.0012162
-0.00330363
0.00339852
-0.00347726
0.00846651
-0.00351103
0.0130631
-0.00364666
0.0166226
-0.00374778
0.0201889
-0.00382508
0.0227021
-0.00386507
0.0224809
-0.00376382
0.0214863
-0.00365757
0.0206157
-0.0036651
0.0199272
-0.00349197
0.0190256
-0.00340411
0.0183242
-0.00360183
0.0177344
-0.00298455
0.0149782
0.00641083
-0.000631347
-0.013624
-0.00137299
-0.0122548
-0.00219897
-0.00968377
-0.00301858
-0.0056277
-0.00361975
-0.000615029
-0.0040088
0.00378757
-0.00421164
0.00866935
-0.00434896
0.0132004
-0.00462021
0.0168938
-0.00485964
0.0204284
-0.00490695
0.0227494
-0.00475016
0.0223241
-0.00462523
0.0213614
-0.00453041
0.0205208
-0.00433663
0.0197335
-0.00431626
0.0190052
-0.00400221
0.0180102
-0.00281406
0.0165462
-0.00219566
0.0143598
0.00421516
-0.00086401
-0.01276
-0.00176717
-0.0113517
-0.00267102
-0.00877992
-0.0035616
-0.00473711
-0.00418526
8.62788e-06
-0.00464952
0.00425183
-0.0050424
0.00906223
-0.00531701
0.013475
-0.00565669
0.0172335
-0.00590292
0.0206746
-0.00587179
0.0227182
-0.00573574
0.0221881
-0.00548373
0.0211094
-0.00529203
0.0203292
-0.00525626
0.0196977
-0.00496011
0.0187091
-0.0046936
0.0177437
-0.00421047
0.0160631
-0.00115898
0.0113083
0.00305619
-0.000986799
-0.0117732
-0.00204805
-0.0102904
-0.00306035
-0.00776762
-0.003879
-0.00391846
-0.00461895
0.000748571
-0.00515579
0.00478867
-0.00563047
0.00953691
-0.00602848
0.013873
-0.00649021
0.0176952
-0.00681018
0.0209946
-0.00675016
0.0226582
-0.00641303
0.021851
-0.00623374
0.0209301
-0.00624282
0.0203382
-0.00600169
0.0194565
-0.00566024
0.0183676
-0.00496096
0.0170444
-0.00415029
0.0152524
0.000691059
0.00646691
0.00374724
-0.00112279
-0.0106504
-0.00237168
-0.00904152
-0.00344202
-0.00669728
-0.00431576
-0.00304473
-0.00497316
0.00140598
-0.00560821
0.00542373
-0.00626184
0.0101905
-0.00687396
0.0144852
-0.00741129
0.0182326
-0.00766358
0.0212469
-0.00746332
0.022458
-0.00720719
0.0215948
-0.00694655
0.0206694
-0.00674921
0.0201409
-0.00677641
0.0194837
-0.00689489
0.0184861
-0.00633926
0.0164888
-0.00265773
0.0115709
0.00124992
0.00255926
0.00499716
-0.00138363
-0.00926675
-0.00273091
-0.00769425
-0.00378946
-0.00563873
-0.00478095
-0.00205324
-0.00553776
0.00216279
-0.00621732
0.00610329
-0.00690442
0.0108776
-0.00754012
0.0151209
-0.00801838
0.0187108
-0.00820857
0.0214371
-0.00794442
0.0221938
-0.00751447
0.0211649
-0.00739173
0.0205467
-0.0076271
0.0203763
-0.00770087
0.0195575
-0.007545
0.0183302
-0.00642194
0.0153657
-0.00163768
0.00678663
-0.000829378
0.00175096
0.00416779
-0.00119621
-0.00807054
-0.00253229
-0.00635817
-0.00383308
-0.00433793
-0.00485896
-0.00102736
-0.00586354
0.00316736
-0.00664619
0.00688594
-0.00741571
0.0116471
-0.00811736
0.0158225
-0.00854784
0.0191413
-0.00856674
0.021456
-0.00816307
0.0217901
-0.00799297
0.0209948
-0.00815657
0.0207103
-0.00829911
0.0205188
-0.00839903
0.0196574
-0.00760469
0.0175359
-0.00469892
0.0124599
-0.000650764
0.00273847
-0.0011183
0.0022185
0.00304948
-0.00134374
-0.00672679
-0.00280771
-0.0048942
-0.00416623
-0.00297941
-0.00528385
9.02622e-05
-0.00621282
0.00409634
-0.00706889
0.00774201
-0.00781891
0.0123972
-0.00841704
0.0164207
-0.00864827
0.0193725
-0.00856708
0.0213748
-0.00829725
0.0215203
-0.0081291
0.0208266
-0.00822984
0.020811
-0.00863241
0.0209214
-0.00875245
0.0197775
-0.00769127
0.0164747
-0.00405691
0.00882559
-0.00188869
0.000570249
-0.00125732
0.00158713
0.00179216
-0.00131278
-0.00541402
-0.00276818
-0.0034388
-0.00407709
-0.00167051
-0.00519128
0.00120446
-0.00633203
0.00523709
-0.00730612
0.00871609
-0.00795573
0.0130468
-0.00840293
0.0168679
-0.00857824
0.0195479
-0.00840218
0.0211987
-0.00802003
0.0211382
-0.00803521
0.0208418
-0.00855933
0.0213351
-0.00883593
0.021198
-0.00854011
0.0194817
-0.00687889
0.0148135
-0.00334404
0.00529074
-0.00268197
-9.18195e-05
-0.00117346
7.86152e-05
0.000618704
-0.00124098
-0.00417304
-0.00261319
-0.00206658
-0.00399427
-0.000289429
-0.00515299
0.00236319
-0.00625541
0.0063395
-0.00722399
0.00968467
-0.00776976
0.0135925
-0.00810758
0.0172057
-0.00808982
0.0195301
-0.00778568
0.0208946
-0.00768873
0.0210412
-0.00790633
0.0210594
-0.00810695
0.0215358
-0.00818542
0.0212765
-0.00749058
0.0187868
-0.00527162
0.0125945
-0.00275918
0.0027783
-0.00231027
-0.000540727
-0.0010359
-0.00119576
-0.000417192
-0.00115937
-0.00301367
-0.00253604
-0.00068991
-0.00393077
0.0011053
-0.00495737
0.00338979
-0.00588536
0.00726749
-0.00671239
0.0105117
-0.00718231
0.0140625
-0.00738352
0.0174069
-0.00736472
0.0195113
-0.00719613
0.020726
-0.00703475
0.0208798
-0.00709993
0.0211246
-0.00752832
0.0219642
-0.00742677
0.0211749
-0.00631437
0.0176744
-0.00426901
0.0105491
-0.00256164
0.00107093
-0.001922
-0.00118037
-0.000903563
-0.0022142
-0.00132075
-0.00112615
-0.00188752
-0.0023744
0.000558338
-0.00362522
0.00235612
-0.00453868
0.00430325
-0.00530163
0.00803043
-0.00606715
0.0112772
-0.00645119
0.0144465
-0.0065591
0.0175148
-0.00646875
0.0194209
-0.00614845
0.0204057
-0.00615942
0.0208908
-0.00652208
0.0214873
-0.00640385
0.0218459
-0.00589523
0.0206663
-0.00482503
0.0166042
-0.00298653
0.00871065
-0.0021826
0.000267001
-0.00141681
-0.00194616
-0.000694328
-0.00293668
-0.00201508
-0.000916923
-0.000970597
-0.00199778
0.0016392
-0.00318188
0.00354021
-0.0041241
0.00524547
-0.00474496
0.00865129
-0.00526482
0.0117971
-0.00550843
0.0146901
-0.0055155
0.0175219
-0.00539403
0.0192995
-0.00535388
0.0203655
-0.0053366
0.0208735
-0.00515831
0.021309
-0.00509856
0.0217862
-0.00456204
0.0201298
-0.00320962
0.0152518
-0.00161236
0.00711339
-0.00141521
6.98526e-05
-0.000976917
-0.00238446
-0.000562613
-0.00335099
-0.0025777
-0.000790883
-0.000179714
-0.00176949
0.0026178
-0.00293811
0.00470884
-0.00373405
0.00604142
-0.00407649
0.00899373
-0.00442241
0.012143
-0.00461942
0.0148871
-0.00462326
0.0175257
-0.00451574
0.019192
-0.00422155
0.0200713
-0.00408268
0.0207346
-0.00430534
0.0215316
-0.00383572
0.0213165
-0.00276557
0.0190596
-0.00140524
0.0138915
-0.000291839
0.00599999
-0.000334224
0.000112237
-0.000501509
-0.00221717
-0.000529221
-0.00332327
-0.00310692
-0.000634249
0.000454535
-0.00136388
0.00334744
-0.0023759
0.00572085
-0.00318985
0.00685537
-0.00355816
0.00936204
-0.00379159
0.0123764
-0.00383388
0.0149294
-0.00367299
0.0173648
-0.00342513
0.0189441
-0.0034254
0.0200716
-0.00339026
0.0206995
-0.00282474
0.0209661
-0.00228755
0.0207794
-0.00159827
0.0183703
-0.000575741
0.0128689
4.82696e-05
0.00537598
-0.000205196
0.000365702
-0.000661375
-0.00176099
-0.000593245
-0.0033914
-0.00370016
-0.000447753
0.000902288
-0.000965094
0.00386478
-0.0018626
0.00661835
-0.00274199
0.00773476
-0.00306275
0.0096828
-0.00311946
0.0124331
-0.0030422
0.0148522
-0.00289891
0.0172215
-0.00278303
0.0188282
-0.00242487
0.0197135
-0.0020666
0.0203412
-0.00205213
0.0209517
-0.00139757
0.0201248
-0.000187167
0.0171599
0.0010802
0.0116016
0.0012011
0.00525508
0.00023934
0.00132747
-0.000561449
-0.000960203
-0.000647018
-0.00330584
-0.00434718
-0.000322016
0.0012243
-0.000627226
0.00416999
-0.00129747
0.0072886
-0.00209591
0.00853319
-0.00246253
0.0100494
-0.00252172
0.0124923
-0.00246378
0.0147942
-0.00217209
0.0169298
-0.00177748
0.0184336
-0.00170877
0.0196448
-0.00161362
0.0202461
-0.000810599
0.0201486
-0.00010665
0.0194208
0.000495231
0.0165581
0.000953222
0.0111436
0.000533274
0.00567503
-0.000113826
0.00197457
-0.000688488
-0.000385541
-0.000804989
-0.00318933
-0.00515217
-0.000152168
0.00137647
-0.00021166
0.00422948
-0.000610444
0.00768739
-0.00139829
0.00932104
-0.00185973
0.0105109
-0.00191733
0.0125499
-0.00171917
0.0145961
-0.00146717
0.0166778
-0.00133765
0.0183041
-0.000842037
0.0191491
-0.000270961
0.019675
-0.000143723
0.0200214
0.000543625
0.0187335
0.00161772
0.015484
0.00217112
0.0105902
0.00169146
0.00615468
0.000235995
0.00343004
-0.000897787
0.000748241
-0.000720654
-0.00336647
-0.00587282
-5.96735e-06
0.00138244
8.74255e-05
0.00413609
1.1525e-05
0.00776329
-0.000617865
0.00995043
-0.00106569
0.0109587
-0.00112748
0.0126117
-0.00113402
0.0146026
-0.000796024
0.0163398
-0.000254317
0.0177624
-9.1748e-05
0.0189866
0.000142977
0.0194403
0.00116392
0.0190005
0.00186311
0.0180343
0.00211842
0.0152287
0.00205419
0.0106544
0.00136179
0.00684709
0.000420026
0.0043718
-9.81452e-06
0.00117808
-0.000135351
-0.00324093
-0.00600817
0.000138906
0.00124353
0.000372493
0.0039025
0.000661907
0.00747387
0.000293068
0.0103193
-0.000214802
0.0114666
-0.000397993
0.0127949
-0.000166642
0.0143713
8.18797e-05
0.0160913
0.000274643
0.0175696
0.000962797
0.0182984
0.00167965
0.0187234
0.00182372
0.0188564
0.00237008
0.0174879
0.00302754
0.0145712
0.00268398
0.010998
0.00129578
0.00823529
0.000253151
0.00541443
-0.000443404
0.00187464
-0.000455043
-0.00322929
-0.00646322
0.0003123
0.000931234
0.000576751
0.00363805
0.00110959
0.00694103
0.0010497
0.0103792
0.000718317
0.0117979
0.000621437
0.0128918
0.000592141
0.0144006
0.000941676
0.0157418
0.00156921
0.0169421
0.00177438
0.0180932
0.00215166
0.0183462
0.00316291
0.0178451
0.00362289
0.017028
0.00334938
0.0148447
0.00313362
0.0112137
0.00307604
0.00829287
0.00170939
0.00678108
0.000605324
0.0029787
2.71838e-05
-0.00265115
-0.00643603
0.000472778
0.000458456
0.000800354
0.00331047
0.00146585
0.00627554
0.0018852
0.0099598
0.00167166
0.0120115
0.00148059
0.0130829
0.00172575
0.0141554
0.00193589
0.0155316
0.00220281
0.0166752
0.0029951
0.017301
0.00361834
0.0177229
0.00366255
0.0178009
0.00414253
0.016548
0.00458633
0.0144009
0.00376913
0.0120309
0.00213355
0.00992845
0.00111488
0.00779975
0.000697276
0.0033963
-0.00032574
-0.00162813
-0.00676177
0.00062743
-0.000168974
0.000889102
0.0030488
0.00160029
0.00556435
0.00236504
0.00919505
0.00254066
0.0118359
0.00252963
0.0130939
0.00250636
0.0141787
0.00292442
0.0151136
0.00349747
0.0161021
0.00366995
0.0171285
0.00418577
0.0172071
0.00512
0.0168667
0.00519784
0.0164701
0.00464004
0.0149587
0.0043587
0.0123122
0.00415971
0.0101274
0.00382089
0.00813857
0.00253764
0.00467955
0.000891301
1.8205e-05
-0.00587047
0.000640229
-0.000809204
0.000984804
0.00270423
0.00166587
0.00488328
0.00275342
0.0081075
0.00323441
0.0113549
0.0033069
0.0130214
0.00359307
0.0138925
0.00374372
0.0149629
0.00413793
0.0157079
0.00498946
0.0162769
0.00533009
0.0168665
0.00532063
0.0168761
0.00585586
0.0159349
0.00612152
0.0146931
0.00519995
0.0132338
0.00387099
0.0114564
0.00287979
0.00912977
0.00213699
0.00542235
0.00121627
0.000938925
-0.0046542
0.000255334
-0.00106454
0.00106788
0.00189168
0.00177552
0.00417564
0.00282223
0.00706079
0.00376974
0.0104074
0.00417637
0.0126148
0.00424399
0.0138249
0.00473165
0.0144753
0.00513308
0.0153065
0.00532334
0.0160867
0.00605069
0.0161391
0.00680589
0.0161209
0.0065304
0.0162104
0.00602526
0.0151982
0.00589065
0.0133684
0.00500707
0.01234
0.00320028
0.0109366
0.0017069
0.00691573
0.000632863
0.00201296
-0.00402134
-0.000106891
-0.000957647
0.00112008
0.000664709
0.00181685
0.00347887
0.0029205
0.00595714
0.0040423
0.00928557
0.00468786
0.0119692
0.00513945
0.0133733
0.00523717
0.0143775
0.0057877
0.014756
0.00655141
0.015323
0.00663792
0.0160526
0.00679605
0.0159628
0.00755651
0.01545
0.0074638
0.0152909
0.00618327
0.0146489
0.0057062
0.0128171
0.0060398
0.010603
0.00426311
0.00869242
0.00220518
0.00407089
-0.00181616
-0.000283178
-0.000674469
0.00114677
-0.000765241
0.00198174
0.00264391
0.00285674
0.00508213
0.00411596
0.00802635
0.00505549
0.0110297
0.00553718
0.0128916
0.00612379
0.0137909
0.0062697
0.01461
0.0066462
0.0149465
0.00759434
0.0151045
0.0079732
0.015584
0.00756825
0.0158549
0.00767059
0.0151886
0.00813934
0.0141802
0.00669098
0.0142654
0.00521741
0.0120765
0.0049622
0.00894763
0.00368596
0.00534713
0.00186981
-0.000222907
-0.000451563
0.000815325
-0.00180347
0.00194556
0.00151367
0.00283762
0.00419007
0.00398525
0.00687872
0.00521503
0.00979992
0.00598825
0.0121184
0.00631776
0.0134614
0.00705435
0.0138734
0.0074616
0.0145392
0.00751054
0.0150555
0.00820229
0.0148922
0.00919808
0.0148591
0.00871383
0.0156728
0.00796896
0.0149251
0.00812073
0.0141137
0.00665704
0.0135402
0.00417786
0.0114268
0.00298949
0.00653549
0.0048593
0.000233973
-0.000685535
0.000613524
-0.00218303
0.00177277
0.000354425
0.00253459
0.00342826
0.00372768
0.00568562
0.00492669
0.00860091
0.00606397
0.0109811
0.00683679
0.0126886
0.00700106
0.0137092
0.00778827
0.013752
0.00865661
0.0141872
0.00862497
0.0149238
0.00873973
0.0147444
0.0097611
0.0146515
0.00972112
0.014965
0.00814101
0.0156938
0.00744629
0.0142349
0.0057525
0.0131206
0.00157749
0.0107105
0.00643678
0.000902948
-0.00158848
0.000968515
-0.00224859
0.00172371
-0.000400772
0.00255943
0.00259254
0.00336165
0.00488341
0.004749
0.00721356
0.00581654
0.00991355
0.00684423
0.0116609
0.00775775
0.0127957
0.00782397
0.0136858
0.00835571
0.0136554
0.00956228
0.0137173
0.0100894
0.0142173
0.00955542
0.0151854
0.0101742
0.0143462
0.0109398
0.0149282
0.00918595
0.0159888
0.00794108
0.0143655
0.00644103
0.0122106
0.0128778
0.00103326
-0.00262174
0.00145121
-0.00266655
0.00188096
-0.000830525
0.00263287
0.00184063
0.00331532
0.00420096
0.00424141
0.00628747
0.00571462
0.00844035
0.00661468
0.0107608
0.00743737
0.011973
0.00865261
0.0124706
0.00895669
0.0133514
0.008922
0.013752
0.0101623
0.0129769
0.0113914
0.0139563
0.0107128
0.0150248
0.0110177
0.0146233
0.0116109
0.0153956
0.00898169
0.0169947
0.005309
0.0158832
0.0181868
0.000889346
-0.00351109
0.00148563
-0.00326283
0.00194569
-0.00129059
0.00254738
0.00123894
0.00319374
0.0035546
0.00396549
0.00551572
0.0050593
0.00734654
0.00664381
0.00917633
0.0074123
0.0112045
0.00799927
0.0118836
0.0094605
0.0118901
0.0102123
0.0130001
0.00994965
0.0132396
0.0111185
0.0127875
0.0127905
0.0133527
0.0125077
0.0149062
0.0132844
0.0146189
0.0137977
0.0164814
0.0136607
0.0160202
0.0180943
0.0137532
0.000719937
-0.00423102
0.00121995
-0.00376284
0.00161142
-0.00168206
0.00203249
0.000817858
0.00260972
0.00297737
0.00333134
0.0047941
0.00432984
0.00634804
0.00567652
0.00782966
0.00734869
0.00953231
0.00833797
0.0108943
0.00860727
0.0116208
0.0101696
0.0114378
0.0114185
0.0119907
0.0113714
0.0128346
0.012417
0.0123072
0.0139477
0.0133755
0.0151591
0.0134074
0.0156045
0.0160361
0.0184756
0.0131491
0.0162033
0.0203666
0.000380926
-0.00461195
0.000747094
-0.004129
0.0010037
-0.00193867
0.00124816
0.000573407
0.00179454
0.00243099
0.00270019
0.00388844
0.00348748
0.00556076
0.00465457
0.00666257
0.0061067
0.00808018
0.008068
0.00893302
0.00937064
0.0103182
0.00971153
0.0110969
0.0112166
0.0104857
0.0127815
0.0112697
0.0138098
0.0112788
0.0140964
0.0130889
0.0166667
0.0108371
0.0187875
0.0139153
0.0197093
0.0122273
0.0122253
0.0236873
7.79216e-05
-0.00468987
5.01776e-05
-0.00410126
0.000117521
-0.00200601
0.000354771
0.000336156
0.000701466
0.0020843
0.00155846
0.00303144
0.00271577
0.00440345
0.0036811
0.00569724
0.00533904
0.00642223
0.00608117
0.00819089
0.00887882
0.00752054
0.0102295
0.0097463
0.0111838
0.00953135
0.0117369
0.0107166
0.0140303
0.00898547
0.0151634
0.0119558
0.0160915
0.00990894
0.0193092
0.0106976
0.0201727
0.0113638
0.0104557
0.0219423
-0.000238272
-0.0044516
-0.000478288
-0.00386124
-0.000618631
-0.00186567
-0.000497887
0.000215413
6.7939e-05
0.00151847
0.000665599
0.00243378
0.00137648
0.00369257
0.0021284
0.00494531
0.00480344
0.0037472
0.0052252
0.00776913
0.00726334
0.0054824
0.00876463
0.00824501
0.0126569
0.00563913
0.0127672
0.0106062
0.0135231
0.00822955
0.0161762
0.0093028
0.016851
0.0092341
0.0187615
0.00878713
0.0206253
0.00949994
0.00937355
0.0217074
-0.000691756
-0.00375984
-0.00122083
-0.00333217
-0.00157246
-0.00151404
-0.00157917
0.000222118
-0.00124606
0.00118536
-0.000391635
0.00157936
0.000349014
0.00295192
0.000422818
0.00487151
0.00270577
0.00146425
0.00400006
0.00647483
0.00722916
0.0022533
0.00598098
0.0094932
0.00950513
0.00211498
0.012322
0.00778932
0.0131258
0.00742573
0.0154512
0.00697748
0.0172967
0.00738851
0.018676
0.00740784
0.0208118
0.00736416
0.00756506
0.0226203
-0.000741211
-0.00301863
-0.00129794
-0.00277544
-0.00151042
-0.00130156
-0.00145084
0.000162545
-0.00121673
0.000951247
-0.000559108
0.000921741
-0.000173878
0.0025667
-0.000129492
0.00482712
0.00199898
-0.000664224
0.0014092
0.00706461
0.00467205
-0.00100955
0.00464772
0.00951753
0.0044433
0.0023194
0.00893838
0.00329424
0.0117842
0.00457991
0.0133983
0.00536341
0.0155156
0.00527118
0.0172292
0.00569427
0.0192293
0.00536399
0.00535515
0.0214393
-0.000986007
-0.00203262
-0.00177506
-0.00198639
-0.00227601
-0.000800601
-0.00238768
0.000274209
-0.00232417
0.000887735
-0.00133207
-7.03571e-05
-0.00268851
0.00392313
-0.00107756
0.00321618
0.00158094
-0.00332273
0.00137547
0.00727009
0.00313993
-0.00277401
0.00685943
0.00579802
0.00550171
0.00367712
0.00703835
0.0017576
0.00972826
0.00189
0.0117945
0.00329718
0.0139335
0.00313219
0.0158554
0.00377236
0.0175467
0.00367269
0.00353031
0.0193715
-0.000907198
-0.00112543
-0.00160869
-0.0012849
-0.00186982
-0.000539473
-0.00160985
1.42416e-05
-0.000726881
4.76461e-06
-0.000330204
-0.000467034
0.000620861
0.00297206
0.00183767
0.00199937
0.00125602
-0.00274108
0.00382512
0.00470099
0.0020881
-0.001037
0.00526399
0.00262213
0.00655863
0.00238248
0.0071693
0.00114693
0.0087141
0.000345197
0.0109159
0.00109541
0.0127766
0.00127149
0.0149129
0.00163601
0.0167709
0.0018147
0.0018403
0.0184609
-0.00112543
-0.00241033
-0.0029498
-0.00293556
-0.00293079
-0.00339783
-0.000425766
0.00157361
-0.00116747
0.00353351
0.00249651
0.00511865
0.00750113
0.00864806
0.00899326
0.0100887
0.0113602
0.0129962
0.0148109
0.0166512
-0.000473796
0.014227
-0.00222314
0.00174935
-0.00103327
-0.00118988
0.000161351
-0.00119462
0.00330737
-0.00314602
-0.00167937
0.00498674
-0.00529168
0.00361232
-0.00582831
0.000536622
-0.00700889
0.00118058
-0.00651852
-0.000490367
-0.00700359
0.000485068
-0.00744894
0.000445349
-0.00833973
0.000890793
-0.00931787
0.000978134
-0.0105982
0.00128037
-0.011877
0.0012788
-0.0135375
0.00166048
-0.0148728
0.00133524
-0.0159592
0.00108639
-0.0168587
0.00089956
-0.0169925
0.000133797
-0.0167205
-0.000272039
-0.0164409
-0.00027958
-0.0157596
-0.000681291
-0.0148434
-0.000916224
-0.0139776
-0.000865753
-0.0128326
-0.00114501
-0.011545
-0.00128766
-0.00988991
-0.00165504
-0.00800181
-0.00188811
-0.00629516
-0.00170665
-0.00479938
-0.00149578
-0.00267786
-0.00212152
-0.00117803
-0.00149983
0.000576969
-0.001755
0.00221537
-0.0016384
0.00359887
-0.0013835
0.0048292
-0.00123033
0.00580376
-0.000974563
0.00654504
-0.000741285
0.00707678
-0.000531736
0.00741678
-0.000340002
0.00751495
-9.81651e-05
0.00736395
0.000151002
0.00704255
0.000321395
0.00684123
0.000201321
0.00677872
6.25128e-05
0.00695686
-0.000178142
0.00720368
-0.000246816
0.00724296
-3.92841e-05
0.00716694
7.60182e-05
0.00671578
0.000451161
0.00595685
0.00075893
0.00499293
0.000963916
0.00368232
0.00131061
0.00222024
0.00146208
0.000539116
0.00168112
-0.00111893
0.00165804
-0.00280305
0.00168412
-0.00403623
0.00123318
-0.00523831
0.00120208
-0.00578836
0.000550042
-0.00576169
-2.66705e-05
-0.00530334
-0.000458347
-0.0045507
-0.000752642
-0.00281934
-0.00173136
-0.000994816
-0.00182452
0.0010432
-0.00203801
0.00336302
-0.00231982
0.00571857
-0.00235556
0.00802927
-0.0023107
0.0102146
-0.00218532
0.0123084
-0.00209379
0.0140053
-0.00169696
0.0157039
-0.00169854
0.0169248
-0.00122089
0.0179263
-0.00100156
0.018581
-0.000654691
0.0190674
-0.000486364
-0.00019653
0.0206652
0.0139285
0.0138042
0.00861033
0.0040662
0.00854815
-0.00235669
0.00522827
-0.00760878
0.00210607
-0.00562204
0.003
-0.00249102
0.000481293
-0.00246824
0.000513838
-0.000558201
-0.000729454
0.000385927
-0.0014345
0.00135558
-0.000484587
0.0013655
0.000435435
0.000342264
0.00191402
-0.00142828
0.00274868
-0.00340656
0.00325865
-0.00521444
0.00308668
-0.0063867
0.00283275
-0.00732205
0.0022706
-0.00787271
0.00163705
-0.00790177
0.000928616
-0.00787537
0.000107401
-0.00775793
-0.000389484
-0.00724835
-0.000789157
-0.00649849
-0.00143115
-0.00577671
-0.001638
-0.0046843
-0.00195816
-0.00350604
-0.00232327
-0.00217565
-0.00261805
-0.000814065
-0.00301663
0.00050469
-0.00320686
0.00205755
-0.00325951
0.00384044
-0.00327867
0.00515446
-0.00343555
0.00701108
-0.00335645
0.00842756
-0.00317148
0.00978877
-0.00299961
0.0110568
-0.00265157
0.0121833
-0.00235679
0.0131213
-0.00191259
0.0139282
-0.00154814
0.0145739
-0.00117741
0.014911
-0.000677111
0.0152239
-0.000411135
0.0153597
1.52928e-05
0.0154945
0.000186521
0.0153676
0.00032827
0.0150456
0.000384463
0.0144536
0.000413926
0.0135937
0.000613043
0.0128511
0.000703319
0.012066
0.000861153
0.0114976
0.00101949
0.0109934
0.00126316
0.0104867
0.00147062
0.0098316
0.00196571
0.00895954
0.00233414
0.00778072
0.00285994
0.00659016
0.0028486
0.0053592
0.00291508
0.00439262
0.00219977
0.00373358
0.00186112
0.0034902
0.00079342
0.00358707
-0.000123535
0.00405894
-0.000930224
0.005302
-0.0019957
0.00653391
-0.00296327
0.00829244
-0.00358305
0.010152
-0.00389759
0.0124652
-0.00463301
0.0145137
-0.00440407
0.0166562
-0.0044532
0.0184809
-0.00400998
0.020313
-0.00392588
0.0219461
-0.00333009
0.023319
-0.0030714
0.0244901
-0.00239201
0.0254367
-0.00194817
0.0260582
-0.00127617
0.0265855
-0.00101363
-0.000574602
0.0239454
0.0136703
0.0215554
0.0110003
0.0215577
0.00854585
0.0198621
0.00692382
0.0159023
0.00606591
0.0144065
0.0044958
0.0116894
0.00319836
0.00996706
0.0022362
0.00755378
0.00168382
0.00515449
0.000964792
0.00341552
0.00125438
0.0024601
0.00139086
0.00251346
0.00186067
0.00304651
0.00221562
0.00381958
0.00248558
0.00434441
0.00256184
0.00478344
0.00239372
0.00506516
0.00198888
0.00525471
0.0014475
0.00536137
0.000821956
0.00547129
-2.52463e-06
0.00574239
-0.000660584
0.00615844
-0.00120521
0.00657346
-0.00184616
0.00725595
-0.0023205
0.00808315
-0.00278536
0.00893607
-0.0031762
0.0100028
-0.00368481
0.0108735
-0.00388732
0.0119913
-0.00432468
0.0130231
-0.00429125
0.0142999
-0.0045555
0.0152323
-0.00436791
0.0162499
-0.00437408
0.0171632
-0.00408476
0.0180241
-0.00386051
0.018683
-0.00331051
0.0193531
-0.00302681
0.0198469
-0.00240645
0.0203079
-0.00200912
0.0205967
-0.00146627
0.0209122
-0.00099255
0.0210912
-0.000590177
0.021263
-0.000156482
0.0213219
0.000127664
0.0213201
0.000329988
0.0211157
0.000588878
0.0209215
0.00060812
0.020589
0.000945557
0.0202901
0.00100224
0.0198077
0.00134355
0.0192885
0.00153873
0.0186639
0.00188776
0.0179871
0.00214737
0.0173418
0.00261099
0.0168693
0.00280668
0.0163597
0.00336955
0.0159505
0.00325778
0.0154573
0.00340826
0.0149287
0.00272839
0.0147166
0.0020732
0.0144121
0.00109795
0.0147241
-0.000435571
0.015079
-0.00128511
0.0160684
-0.00298507
0.0171206
-0.00401548
0.0185336
-0.00499603
0.0200304
-0.00539441
0.0214811
-0.00608372
0.0229604
-0.00588338
0.0243429
-0.00583563
0.025699
-0.0053661
0.0269371
-0.00516399
0.028128
-0.004521
0.0291439
-0.00408732
0.0299612
-0.0032093
0.0306656
-0.00265253
0.0310899
-0.00170049
0.0314251
-0.00134885
-0.000784085
0.024631
0.0109816
0.0253521
0.0102792
0.0261615
0.00773646
0.0258308
0.00725449
0.0256611
0.00623567
0.0254167
0.00474023
0.0247975
0.00381754
0.0239802
0.00305345
0.023118
0.00254606
0.0218182
0.00226464
0.0207847
0.00228779
0.0197522
0.00242337
0.0187822
0.00283073
0.0180301
0.00296769
0.017545
0.00297068
0.017323
0.00278384
0.0172463
0.00247045
0.0172192
0.00201598
0.0173029
0.00136375
0.0174001
0.000724756
0.0174373
-3.96588e-05
0.0175973
-0.000820583
0.0179134
-0.00152137
0.0183033
-0.00223601
0.018747
-0.00276426
0.0193422
-0.00338053
0.0199097
-0.00374374
0.0205831
-0.00435811
0.0211732
-0.00447746
0.0218223
-0.00497381
0.022349
-0.00481792
0.0229284
-0.00513488
0.0233215
-0.00476102
0.0237781
-0.00483066
0.0239823
-0.00428904
0.0243448
-0.00422293
0.0244539
-0.0034197
0.0247338
-0.00330665
0.0247328
-0.00240548
0.0249628
-0.00223909
0.0248944
-0.00139786
0.0250503
-0.00114851
0.0249911
-0.000530882
0.0250725
-0.000237885
0.024977
0.000223091
0.0249622
0.000344865
0.0248108
0.000740241
0.0246936
0.000725297
0.024491
0.00114815
0.0242957
0.00119754
0.0240747
0.00156459
0.023805
0.00180845
0.0236259
0.00206685
0.0233413
0.00243196
0.0232509
0.0027014
0.0229833
0.00307425
0.02306
0.00329287
0.0230196
0.00329811
0.023124
0.00330391
0.023303
0.00254934
0.023432
0.00194426
0.023593
0.000936922
0.0238808
-0.000723382
0.0243431
-0.00174739
0.0248125
-0.00345449
0.025403
-0.00460593
0.0260908
-0.00568389
0.0270114
-0.00631497
0.0276448
-0.00671713
0.0283096
-0.00654816
0.0290425
-0.00656854
0.0298164
-0.00614
0.0305552
-0.00590273
0.0312731
-0.00523896
0.0319415
-0.0047557
0.0324501
-0.00371792
0.0328479
-0.00305033
0.0330915
-0.00194409
0.033214
-0.00147134
-0.000765077
0.0239519
0.00873714
0.0257827
0.00844842
0.0264288
0.00709032
0.0274944
0.00618893
0.0283525
0.00537753
0.0286053
0.0044875
0.0286505
0.00377231
0.028594
0.00310996
0.0283486
0.00279143
0.0280729
0.00254038
0.0279423
0.00241832
0.0279189
0.00244685
0.0281185
0.00263112
0.0282735
0.00281266
0.0284156
0.00282853
0.0285843
0.00261523
0.0287444
0.00231028
0.0289334
0.00182704
0.0290286
0.00126854
0.0291846
0.000568744
0.0291695
-2.45297e-05
0.0292844
-0.000935473
0.0293445
-0.00158147
0.0293812
-0.00227277
0.0294181
-0.00280117
0.0294681
-0.00343055
0.0294714
-0.00374701
0.0294423
-0.00432905
0.0293689
-0.00440403
0.0292288
-0.00483367
0.0290551
-0.00464425
0.0287854
-0.00486523
0.0285198
-0.00449536
0.0281937
-0.00450461
0.0278837
-0.00397901
0.0275444
-0.00388362
0.0272927
-0.00316796
0.0270293
-0.00304332
0.0267864
-0.00216258
0.0266398
-0.00209246
0.0264211
-0.00117916
0.0263178
-0.00104528
0.0261863
-0.000399314
0.0260558
-0.000107437
0.0260473
0.000231606
0.0258491
0.000543123
0.025891
0.000698306
0.0257097
0.000906622
0.0256883
0.00116957
0.0256639
0.00122192
0.0256047
0.00162375
0.0257363
0.00167683
0.0257868
0.00201642
0.0259232
0.00229556
0.0262066
0.002418
0.0264503
0.00283048
0.0268539
0.00288933
0.0273158
0.00283619
0.0277218
0.00289791
0.0282375
0.0020336
0.0285535
0.0016283
0.0290237
0.000466695
0.0291242
-0.000823874
0.0294016
-0.00202479
0.0295323
-0.00358513
0.0295225
-0.00459621
0.0296485
-0.00580982
0.0299642
-0.00663069
0.0300029
-0.00675582
0.0300846
-0.00662991
0.0304049
-0.00688883
0.030791
-0.00652615
0.0312707
-0.0063824
0.0317371
-0.00570531
0.0321488
-0.00516746
0.0324219
-0.00399101
0.0325215
-0.00314996
0.0325809
-0.00200344
0.03252
-0.00141043
-0.000437353
0.0243085
0.00704894
0.0260935
0.00666348
0.0271638
0.00601995
0.0281654
0.00518731
0.0289562
0.00458678
0.029599
0.00384472
0.0300188
0.00335247
0.0303328
0.00279601
0.0305803
0.00254392
0.0308859
0.00223478
0.0311679
0.00213629
0.0315383
0.00207645
0.0320134
0.00215601
0.032567
0.00225909
0.0330972
0.00229826
0.0335564
0.00215604
0.0339591
0.00190763
0.0343049
0.00148122
0.0345639
0.00100955
0.0347133
0.000419315
0.034853
-0.000164214
0.0347493
-0.000831755
0.0345987
-0.00143093
0.0343341
-0.00200814
0.0340287
-0.00249578
0.033602
-0.00300382
0.0331697
-0.00331475
0.0325698
-0.00372908
0.0320067
-0.00384098
0.0312816
-0.00410857
0.0306679
-0.00403051
0.0299115
-0.00410883
0.0293273
-0.0039112
0.0286044
-0.00378173
0.0281494
-0.00352393
0.0275039
-0.00323814
0.0272237
-0.0028878
0.0267132
-0.00253281
0.0265445
-0.00199383
0.0261776
-0.00172557
0.0260352
-0.00103682
0.0258144
-0.000824468
0.0256852
-0.000270054
0.0254893
8.84694e-05
0.0254657
0.000255174
0.0252346
0.00077427
0.0252505
0.000682367
0.0251094
0.00104766
0.0251072
0.00117185
0.0251257
0.00120335
0.0251371
0.00161242
0.0253401
0.00147378
0.025425
0.00193154
0.0257771
0.00194349
0.026073
0.00212205
0.0265684
0.00233506
0.0271703
0.00228744
0.0277419
0.00226462
0.0284694
0.00217043
0.0290391
0.00146385
0.0294482
0.00121923
0.0301219
-0.000206966
0.030048
-0.000749989
0.0303117
-0.00228857
0.0301502
-0.00342358
0.02986
-0.004306
0.0298066
-0.00575645
0.0299154
-0.00673951
0.0297793
-0.00661966
0.0298357
-0.00668634
0.0299225
-0.00697561
0.0301807
-0.0067843
0.0305576
-0.00675933
0.0308548
-0.00600251
0.0310206
-0.00533327
0.0310098
-0.00398023
0.0308289
-0.002969
0.0305456
-0.00172015
0.0301324
-0.000997236
2.73422e-05
0.0233485
0.00513972
0.025197
0.00481498
0.0266786
0.00453828
0.0279108
0.00395514
0.0288889
0.00360869
0.0297079
0.00302574
0.0303802
0.0026802
0.0309406
0.00223552
0.0314742
0.00201033
0.0319516
0.00175743
0.0324288
0.00165912
0.0328947
0.00161046
0.0334115
0.00163922
0.0340093
0.00166137
0.0346172
0.0016903
0.0351836
0.00158963
0.0356761
0.00141512
0.0360712
0.00108617
0.0363661
0.000714625
0.0365283
0.000257133
0.0365865
-0.000222428
0.0364522
-0.000697512
0.0361943
-0.00117296
0.035802
-0.0016159
0.0353192
-0.00201293
0.0347076
-0.00239228
0.0340548
-0.00266185
0.0332765
-0.00295088
0.0325043
-0.00306874
0.0316497
-0.00325392
0.0308695
-0.00325034
0.0300524
-0.0032917
0.0293484
-0.00320726
0.0286367
-0.00306998
0.0280871
-0.00297439
0.0274821
-0.00263311
0.0271148
-0.00252053
0.026609
-0.00202701
0.0264167
-0.0018015
0.0259802
-0.00128909
0.0258632
-0.000919768
0.0256015
-0.000562784
0.0254906
-0.000159174
0.0253682
0.000210852
0.0252679
0.000355461
0.0252334
0.000808758
0.0251706
0.000745245
0.0252019
0.00101629
0.0252284
0.00114543
0.0252558
0.00117596
0.0254254
0.00144276
0.0255289
0.00137027
0.0257117
0.00174877
0.0260716
0.00158359
0.0262602
0.00193341
0.0267569
0.00183835
0.0272367
0.00180764
0.0276283
0.00187302
0.0283983
0.00140047
0.0286698
0.00119233
0.0292326
0.000656487
0.0295338
-0.000508222
0.0295063
-0.000722436
0.0297534
-0.00253568
0.029461
-0.00313122
0.0292985
-0.00414349
0.0293281
-0.00578608
0.0290559
-0.00646722
0.0290211
-0.00658492
0.0291301
-0.00679536
0.0284852
-0.00633073
0.0282548
-0.00655389
0.0279587
-0.00646323
0.0275227
-0.00556646
0.0270906
-0.00490119
0.0263908
-0.0032804
0.0261225
-0.00270073
0.0253898
-0.000987486
0.0247203
-0.000327664
0.000933633
0.0211534
0.00335782
0.0228964
0.003072
0.024535
0.00289965
0.025914
0.00257616
0.0271246
0.0023981
0.0281481
0.00200218
0.0290553
0.00177305
0.0297801
0.0015107
0.0304585
0.00133198
0.0310408
0.00117515
0.0316327
0.00106718
0.0321899
0.00105328
0.0327861
0.00104305
0.0333855
0.00106188
0.0340129
0.00106295
0.0345995
0.00100308
0.0351376
0.00087699
0.0355448
0.000678937
0.0358466
0.00041282
0.0360001
0.00010364
0.0360061
-0.000228427
0.0358645
-0.000555887
0.035572
-0.0008805
0.0351439
-0.00118779
0.0345911
-0.00146007
0.0339307
-0.00173196
0.0331923
-0.00192345
0.0323709
-0.00212943
0.0315307
-0.00222859
0.0306353
-0.00235848
0.0297834
-0.00239847
0.028913
-0.00242124
0.0281233
-0.00241755
0.0273732
-0.00231995
0.026677
-0.00227814
0.026125
-0.00208114
0.025534
-0.00192947
0.0251674
-0.00166047
0.0247354
-0.0013695
0.0244283
-0.000982007
0.024234
-0.000725392
0.0239968
-0.000325664
0.0238793
-4.15847e-05
0.0238826
0.000207537
0.023735
0.000503001
0.0238947
0.000649092
0.0238733
0.000766609
0.0240122
0.000877453
0.0241293
0.00102834
0.0242873
0.00101794
0.024539
0.00119101
0.0246948
0.00121453
0.0251011
0.00134239
0.0253725
0.00131226
0.0257763
0.0015296
0.0262706
0.00134402
0.0266585
0.00141979
0.0271768
0.00135472
0.0277126
0.00086462
0.0279352
0.000969773
0.0285352
5.64237e-05
0.0283327
-0.00030573
0.0285793
-0.000969014
0.0284168
-0.00237321
0.0280823
-0.00279666
0.0282599
-0.0043211
0.0283493
-0.00587547
0.0269828
-0.00510072
0.0261035
-0.00570569
0.025383
-0.00607477
0.0234277
-0.00437546
0.0213549
-0.00448109
0.0190154
-0.0041237
0.0176299
-0.00418104
0.0159172
-0.00318847
0.0148538
-0.00221696
0.0136625
-0.00150946
0.0126496
2.54607e-05
0.0123118
1.01547e-05
0.00185377
0.0201451
0.00167365
0.0217019
0.00151519
0.0232299
0.0013717
0.0245591
0.00124693
0.0258141
0.0011431
0.0268757
0.000940529
0.0278234
0.000825378
0.0286253
0.00070876
0.0293477
0.00060962
0.0299855
0.000537361
0.0305818
0.000470859
0.0311724
0.000462676
0.0317572
0.000458244
0.032351
0.000468064
0.0329484
0.000465565
0.0335229
0.000428573
0.0340299
0.000370034
0.0344319
0.000276883
0.0347109
0.000133887
0.034834
-1.95123e-05
0.0348193
-0.000213757
0.0346368
-0.000373299
0.0343149
-0.000558611
0.0338411
-0.000714068
0.0332462
-0.000865142
0.0325266
-0.00101235
0.0317127
-0.00110951
0.0308208
-0.00123759
0.0298743
-0.00128204
0.0288921
-0.00137628
0.0278896
-0.00139604
0.0268822
-0.00141382
0.0259099
-0.00144519
0.0249465
-0.0013566
0.0240786
-0.00141023
0.0232706
-0.00127319
0.0225288
-0.00118766
0.0219668
-0.00109846
0.0213183
-0.00072094
0.0209677
-0.000631423
0.0206564
-0.000414117
0.0203019
2.88171e-05
0.0202478
1.25843e-05
0.0202869
0.00016836
0.0202494
0.000540593
0.0204983
0.00040019
0.0207681
0.00049678
0.0209167
0.000728886
0.0213304
0.000614598
0.0217544
0.000593954
0.0220591
0.000886344
0.0226156
0.000657977
0.0232274
0.000730604
0.0235789
0.00096079
0.0244292
0.000679247
0.0249346
0.000838623
0.0254872
0.000867182
0.0263361
0.000505819
0.0265158
0.000684904
0.0271654
0.000320231
0.0273487
-0.000126935
0.0270356
7.40842e-06
0.0270954
-0.00102881
0.0262325
-0.00151034
0.0251816
-0.00174575
0.0248175
-0.00395695
0.0240439
-0.00510186
0.0222248
-0.00328163
0.0186266
-0.00210749
0.0134285
-0.000876683
0.00883295
0.00022008
0.00530172
-0.000949863
0.00308026
-0.00190225
0.00127972
-0.0023805
0.000972113
-0.00288087
-8.0808e-05
-0.00116404
-0.000657378
-0.00093289
-0.00117208
0.000540163
-0.00167844
0.000516511
0.00117067
0.0183248
0.01984
0.0212117
0.0224586
0.0236017
0.0245423
0.0253676
0.0260764
0.026686
0.0272234
0.0276942
0.0281569
0.0286152
0.0290832
0.0295488
0.0299774
0.0303474
0.0306243
0.0307582
0.0307387
0.0305249
0.0301516
0.029593
0.0288789
0.0280138
0.0270014
0.0258919
0.0246543
0.0233723
0.021996
0.0206
0.0191862
0.017741
0.0163844
0.0149741
0.0137009
0.0125133
0.0114148
0.0106939
0.0100624
0.00964833
0.00967715
0.00968973
0.00985809
0.0103987
0.0107989
0.0112957
0.0120245
0.0126391
0.0132331
0.0141194
0.0147774
0.015508
0.0164688
0.0171481
0.0179867
0.0188539
0.0193597
0.0200446
0.0203648
0.0202379
0.0202453
0.0192165
0.0177061
0.0159604
0.0120034
0.00690157
0.00361994
0.00151245
0.000635772
0.000855852
-9.40126e-05
-0.00199626
-0.00437676
-0.00725762
-0.00842167
-0.00935456
-0.00881439
-0.00829788
)
;

boundaryField
{
    inlet
    {
        type            calculated;
        value           nonuniform List<scalar> 
20
(
-0.01
-0.01
-0.01
-0.01
-0.01
-0.01
-0.01
-0.01
-0.01
-0.01
-0.01
-0.01
-0.01
-0.01
-0.01
-0.01
-0.01
-0.01
-0.01
-0.01
)
;
    }
    outlet
    {
        type            calculated;
        value           nonuniform List<scalar> 10(0.0192639 0.0269635 0.0316346 0.033195 0.0321922 0.0296677 0.023814 0.0113916 -0.000995336 -0.00712721);
    }
    walls
    {
        type            calculated;
        value           uniform 0;
    }
    frontAndBack
    {
        type            empty;
        value           nonuniform List<scalar> 0();
    }
}


// ************************************************************************* //
