/*--------------------------------*- C++ -*----------------------------------*\
| =========                 |                                                 |
| \\      /  F ield         | OpenFOAM: The Open Source CFD Toolbox           |
|  \\    /   O peration     | Version:  2306                                  |
|   \\  /    A nd           | Website:  www.openfoam.com                      |
|    \\/     M anipulation  |                                                 |
\*---------------------------------------------------------------------------*/
FoamFile
{
    version     2.0;
    format      ascii;
    arch        "LSB;label=32;scalar=64";
    class       volVectorField;
    location    "0.5";
    object      U;
}
// * * * * * * * * * * * * * * * * * * * * * * * * * * * * * * * * * * * * * //

dimensions      [0 1 -1 0 0 0 0];

internalField   nonuniform List<vector> 
4400
(
(9.9018 0.0455075 0)
(9.80627 0.0987228 0)
(9.70012 0.12096 0)
(9.57015 0.125798 0)
(9.41821 0.124483 0)
(9.25215 0.123459 0)
(9.08065 0.124134 0)
(8.90817 0.125688 0)
(8.7373 0.126978 0)
(8.56776 0.127414 0)
(8.40016 0.126862 0)
(8.23329 0.125552 0)
(8.068 0.123755 0)
(7.90319 0.121751 0)
(7.74005 0.119656 0)
(7.57756 0.11754 0)
(7.41703 0.115436 0)
(7.2575 0.113248 0)
(7.10014 0.111085 0)
(6.94407 0.108753 0)
(6.79029 0.106477 0)
(6.63801 0.104016 0)
(6.48809 0.101651 0)
(6.33986 0.0991054 0)
(6.19408 0.0966657 0)
(6.05006 0.094123 0)
(5.90866 0.0916472 0)
(5.76891 0.0891298 0)
(5.63207 0.086656 0)
(5.49657 0.0842222 0)
(5.36437 0.0818371 0)
(5.23309 0.0794952 0)
(5.10545 0.0772622 0)
(4.97817 0.0750509 0)
(4.85471 0.0730313 0)
(4.73106 0.0709832 0)
(4.61121 0.0692731 0)
(4.49059 0.0675069 0)
(4.37347 0.0662253 0)
(4.25497 0.0648909 0)
(4.13942 0.0641797 0)
(4.02172 0.0634842 0)
(3.90633 0.0634678 0)
(3.78771 0.0635917 0)
(3.67072 0.0643646 0)
(3.54899 0.0654617 0)
(3.42812 0.0671481 0)
(3.30059 0.0693486 0)
(3.17292 0.0720962 0)
(3.03639 0.0754958 0)
(2.8984 0.0794636 0)
(2.74912 0.0841212 0)
(2.59673 0.0894337 0)
(2.43049 0.0952888 0)
(2.25924 0.101904 0)
(2.07152 0.108667 0)
(1.87702 0.116149 0)
(1.6636 0.123106 0)
(1.44228 0.130293 0)
(1.20031 0.135876 0)
(0.950782 0.140315 0)
(0.680282 0.140879 0)
(0.4042 0.133439 0)
(0.127886 0.102059 0)
(-0.122698 0.0459539 0)
(-0.368864 -0.0371608 0)
(-0.543094 -0.129798 0)
(-0.657304 -0.239247 0)
(-0.663536 -0.362051 0)
(-0.597604 -0.500086 0)
(-0.394837 -0.622184 0)
(-0.139944 -0.70236 0)
(0.142457 -0.560207 0)
(0.299251 -0.205244 0)
(0.393181 0.485522 0)
(-0.317566 0.908108 0)
(-0.45746 0.301619 0)
(-0.0251974 -0.0902099 0)
(0.295767 -0.106655 0)
(0.106844 -0.219516 0)
(10.0003 0.0611902 0)
(10.0317 0.137459 0)
(10.0698 0.173599 0)
(10.1048 0.18498 0)
(10.1328 0.186127 0)
(10.1498 0.186287 0)
(10.1592 0.188227 0)
(10.1607 0.192024 0)
(10.1594 0.195854 0)
(10.1535 0.199197 0)
(10.1471 0.201014 0)
(10.1364 0.20211 0)
(10.1256 0.202049 0)
(10.1103 0.201897 0)
(10.0945 0.201279 0)
(10.0743 0.200726 0)
(10.0534 0.200103 0)
(10.0287 0.199354 0)
(10.0032 0.19862 0)
(9.97443 0.197652 0)
(9.94467 0.196656 0)
(9.91219 0.195464 0)
(9.87852 0.194229 0)
(9.84243 0.192826 0)
(9.80527 0.191378 0)
(9.76552 0.189901 0)
(9.72527 0.188209 0)
(9.68176 0.186806 0)
(9.63874 0.184833 0)
(9.59145 0.183605 0)
(9.54575 0.181459 0)
(9.49478 0.180415 0)
(9.44623 0.178241 0)
(9.39172 0.177388 0)
(9.33988 0.175403 0)
(9.28202 0.174756 0)
(9.22626 0.173201 0)
(9.16506 0.172857 0)
(9.10471 0.171965 0)
(9.03971 0.172166 0)
(8.9742 0.172073 0)
(8.90428 0.173205 0)
(8.83316 0.174112 0)
(8.75671 0.176617 0)
(8.67928 0.178826 0)
(8.5944 0.183095 0)
(8.5094 0.18705 0)
(8.41394 0.193445 0)
(8.31934 0.199636 0)
(8.21091 0.208573 0)
(8.1039 0.217429 0)
(7.9796 0.229451 0)
(7.85662 0.24125 0)
(7.71289 0.25691 0)
(7.56969 0.271805 0)
(7.40212 0.291347 0)
(7.23382 0.309332 0)
(7.03728 0.332318 0)
(6.83838 0.352822 0)
(6.60756 0.377823 0)
(6.37205 0.398593 0)
(6.10186 0.422347 0)
(5.82409 0.437559 0)
(5.511 0.452247 0)
(5.19431 0.450384 0)
(4.8478 0.445092 0)
(4.47577 0.412647 0)
(4.06775 0.378389 0)
(3.60157 0.318784 0)
(3.0728 0.277372 0)
(2.39581 0.212923 0)
(1.56825 0.220573 0)
(0.526363 0.146941 0)
(-0.141647 -0.00682236 0)
(-0.527469 0.0398856 0)
(-0.4463 -0.0852957 0)
(-0.109786 -0.69329 0)
(-0.417058 -0.796992 0)
(-0.279805 -0.00473236 0)
(-0.234967 0.567774 0)
(10.0001 0.026797 0)
(10.0167 0.069723 0)
(10.0428 0.0999045 0)
(10.0747 0.117517 0)
(10.1083 0.126813 0)
(10.1393 0.131881 0)
(10.1672 0.135874 0)
(10.1909 0.140378 0)
(10.213 0.145291 0)
(10.2329 0.150458 0)
(10.2535 0.154783 0)
(10.273 0.158837 0)
(10.2935 0.16154 0)
(10.3128 0.164272 0)
(10.3326 0.165992 0)
(10.3509 0.167911 0)
(10.3691 0.169446 0)
(10.386 0.170851 0)
(10.4025 0.172434 0)
(10.4179 0.173313 0)
(10.4325 0.17495 0)
(10.4466 0.175235 0)
(10.4592 0.176948 0)
(10.4716 0.176697 0)
(10.4825 0.17836 0)
(10.4926 0.177952 0)
(10.502 0.179269 0)
(10.5093 0.179098 0)
(10.5171 0.179929 0)
(10.5213 0.180091 0)
(10.5274 0.180705 0)
(10.5286 0.181028 0)
(10.5321 0.181831 0)
(10.5308 0.182187 0)
(10.5307 0.183608 0)
(10.5274 0.183935 0)
(10.5226 0.186422 0)
(10.5177 0.186721 0)
(10.5075 0.190704 0)
(10.5006 0.191244 0)
(10.4847 0.196872 0)
(10.475 0.198363 0)
(10.4533 0.205567 0)
(10.4397 0.209067 0)
(10.4122 0.217759 0)
(10.3932 0.224301 0)
(10.3596 0.234718 0)
(10.3337 0.245096 0)
(10.2934 0.257898 0)
(10.259 0.272568 0)
(10.2108 0.288849 0)
(10.1663 0.307946 0)
(10.1083 0.32912 0)
(10.052 0.352559 0)
(9.98137 0.379808 0)
(9.91177 0.407825 0)
(9.82503 0.44104 0)
(9.73903 0.474297 0)
(9.63345 0.511882 0)
(9.5255 0.549574 0)
(9.39818 0.588998 0)
(9.2612 0.626414 0)
(9.10652 0.662851 0)
(8.93191 0.690789 0)
(8.73943 0.715121 0)
(8.51566 0.723326 0)
(8.26273 0.730135 0)
(7.96203 0.720409 0)
(7.6245 0.728706 0)
(7.222 0.736413 0)
(6.7735 0.795672 0)
(6.24447 0.868101 0)
(5.67862 0.988127 0)
(5.01908 0.972769 0)
(4.42198 0.892169 0)
(3.42054 0.70534 0)
(2.70843 0.457509 0)
(1.23619 0.222333 0)
(-0.144662 -0.251506 0)
(-0.337488 -0.401551 0)
(10.0001 0.0188981 0)
(10.01 0.0525836 0)
(10.0279 0.0807309 0)
(10.0508 0.101174 0)
(10.0782 0.114762 0)
(10.1049 0.123102 0)
(10.1321 0.128372 0)
(10.1558 0.132603 0)
(10.18 0.136196 0)
(10.2009 0.140455 0)
(10.2241 0.143761 0)
(10.2448 0.147806 0)
(10.2688 0.150023 0)
(10.2905 0.153087 0)
(10.3151 0.154283 0)
(10.3373 0.156329 0)
(10.3618 0.157268 0)
(10.384 0.158601 0)
(10.408 0.159686 0)
(10.4301 0.160543 0)
(10.4535 0.161802 0)
(10.4756 0.16223 0)
(10.4982 0.163742 0)
(10.5202 0.163607 0)
(10.542 0.165521 0)
(10.5637 0.164956 0)
(10.5844 0.167017 0)
(10.6055 0.166639 0)
(10.6253 0.168217 0)
(10.645 0.168873 0)
(10.6643 0.169435 0)
(10.6817 0.171682 0)
(10.7009 0.171165 0)
(10.7157 0.175085 0)
(10.734 0.174042 0)
(10.747 0.179198 0)
(10.7629 0.178663 0)
(10.7749 0.184454 0)
(10.7875 0.185468 0)
(10.7985 0.191719 0)
(10.8078 0.194865 0)
(10.8168 0.201946 0)
(10.8235 0.207654 0)
(10.8294 0.21596 0)
(10.8334 0.224917 0)
(10.8358 0.234722 0)
(10.8372 0.247758 0)
(10.8352 0.259574 0)
(10.834 0.277347 0)
(10.8269 0.292185 0)
(10.8228 0.314713 0)
(10.8097 0.334718 0)
(10.8036 0.360866 0)
(10.7812 0.388879 0)
(10.7758 0.417974 0)
(10.7408 0.45436 0)
(10.7352 0.488986 0)
(10.6894 0.529998 0)
(10.6769 0.573809 0)
(10.6232 0.615695 0)
(10.5981 0.666856 0)
(10.5314 0.709394 0)
(10.4918 0.759398 0)
(10.3994 0.802335 0)
(10.3375 0.842601 0)
(10.2048 0.884038 0)
(10.102 0.917385 0)
(9.91422 0.965135 0)
(9.75196 1.00949 0)
(9.4963 1.08232 0)
(9.25943 1.16083 0)
(8.9272 1.26875 0)
(8.6053 1.36303 0)
(8.17288 1.44723 0)
(7.73613 1.46394 0)
(7.16391 1.49913 0)
(6.53641 1.46332 0)
(5.80464 1.51015 0)
(4.85269 1.48608 0)
(3.72014 1.24397 0)
(10.0006 0.0134853 0)
(10.0063 0.0382913 0)
(10.0202 0.0606348 0)
(10.0363 0.0776881 0)
(10.0591 0.090711 0)
(10.0809 0.0987359 0)
(10.1064 0.104637 0)
(10.1282 0.108052 0)
(10.1527 0.111522 0)
(10.1728 0.114264 0)
(10.1966 0.117362 0)
(10.2165 0.120414 0)
(10.2408 0.122682 0)
(10.2616 0.125695 0)
(10.2864 0.126692 0)
(10.3082 0.129409 0)
(10.3332 0.129622 0)
(10.3555 0.131944 0)
(10.3802 0.132119 0)
(10.4028 0.133959 0)
(10.4269 0.134515 0)
(10.4501 0.13585 0)
(10.4735 0.136841 0)
(10.497 0.137676 0)
(10.52 0.139206 0)
(10.5431 0.139521 0)
(10.5661 0.141665 0)
(10.5882 0.141572 0)
(10.6113 0.144254 0)
(10.632 0.144178 0)
(10.6556 0.147089 0)
(10.6739 0.147649 0)
(10.6986 0.150377 0)
(10.7137 0.15234 0)
(10.7399 0.154518 0)
(10.7514 0.158394 0)
(10.7784 0.160417 0)
(10.7873 0.16565 0)
(10.8135 0.169265 0)
(10.8211 0.174387 0)
(10.8452 0.181514 0)
(10.8517 0.186087 0)
(10.8743 0.196992 0)
(10.8782 0.202441 0)
(10.9004 0.216306 0)
(10.901 0.224395 0)
(10.9227 0.240783 0)
(10.92 0.253128 0)
(10.9418 0.271763 0)
(10.9347 0.289583 0)
(10.9571 0.312087 0)
(10.947 0.333326 0)
(10.9665 0.364815 0)
(10.958 0.386406 0)
(10.9718 0.42834 0)
(10.9642 0.455032 0)
(10.977 0.499297 0)
(10.9634 0.541149 0)
(10.9795 0.580606 0)
(10.9595 0.637895 0)
(10.9704 0.676971 0)
(10.9511 0.739426 0)
(10.9454 0.783599 0)
(10.9219 0.846668 0)
(10.898 0.893527 0)
(10.8527 0.961169 0)
(10.807 1.01474 0)
(10.7267 1.09264 0)
(10.6497 1.1664 0)
(10.5219 1.2634 0)
(10.4107 1.36586 0)
(10.2167 1.48736 0)
(10.0766 1.6092 0)
(9.78685 1.73236 0)
(9.6152 1.84742 0)
(9.18509 1.93576 0)
(8.94419 2.03628 0)
(8.29789 2.06551 0)
(7.89265 2.14895 0)
(6.9288 2.10494 0)
(10.0005 0.00975177 0)
(10.0048 0.0279436 0)
(10.0155 0.0448679 0)
(10.0284 0.0586893 0)
(10.047 0.0699255 0)
(10.0661 0.0777535 0)
(10.0886 0.0833233 0)
(10.1097 0.0871596 0)
(10.1328 0.0899363 0)
(10.1534 0.09285 0)
(10.1765 0.0947364 0)
(10.1965 0.0981119 0)
(10.2205 0.0991326 0)
(10.2404 0.102992 0)
(10.2658 0.102791 0)
(10.2858 0.106745 0)
(10.3124 0.105638 0)
(10.3321 0.109358 0)
(10.3596 0.108042 0)
(10.3786 0.11139 0)
(10.407 0.110438 0)
(10.4251 0.113199 0)
(10.4542 0.113073 0)
(10.4714 0.114807 0)
(10.5013 0.11618 0)
(10.5171 0.116323 0)
(10.5479 0.11964 0)
(10.5623 0.118181 0)
(10.5936 0.123205 0)
(10.607 0.120996 0)
(10.638 0.12691 0)
(10.6505 0.124951 0)
(10.6813 0.131299 0)
(10.6921 0.13008 0)
(10.7233 0.136826 0)
(10.7318 0.136941 0)
(10.7636 0.143528 0)
(10.7697 0.146399 0)
(10.8013 0.151944 0)
(10.8061 0.158473 0)
(10.8359 0.163676 0)
(10.8408 0.173008 0)
(10.8676 0.179788 0)
(10.873 0.191211 0)
(10.8974 0.20055 0)
(10.9022 0.214285 0)
(10.9246 0.227679 0)
(10.9295 0.242495 0)
(10.9487 0.262474 0)
(10.9551 0.278988 0)
(10.9713 0.302957 0)
(10.978 0.328504 0)
(10.9931 0.349818 0)
(11.0003 0.389479 0)
(11.0123 0.410363 0)
(11.0246 0.45746 0)
(11.0298 0.487923 0)
(11.0475 0.53601 0)
(11.0515 0.576587 0)
(11.0637 0.631175 0)
(11.0759 0.674242 0)
(11.0754 0.738468 0)
(11.0909 0.787291 0)
(11.0824 0.85368 0)
(11.0903 0.91552 0)
(11.0658 0.988195 0)
(11.0739 1.05959 0)
(11.0083 1.15297 0)
(11.0268 1.23746 0)
(10.9027 1.35598 0)
(10.934 1.46489 0)
(10.7393 1.6081 0)
(10.7849 1.74321 0)
(10.5125 1.90151 0)
(10.5506 2.04767 0)
(10.2035 2.20515 0)
(10.1598 2.32725 0)
(9.73751 2.49679 0)
(9.50163 2.56702 0)
(9.02094 2.77983 0)
(9.99999 0.00680451 0)
(10.0045 0.020299 0)
(10.0124 0.0323836 0)
(10.0243 0.043335 0)
(10.0393 0.0520235 0)
(10.0569 0.059068 0)
(10.0768 0.0638135 0)
(10.097 0.0674822 0)
(10.1192 0.0700596 0)
(10.1392 0.0721429 0)
(10.1628 0.0742704 0)
(10.1816 0.076055 0)
(10.2071 0.0779452 0)
(10.2246 0.0800169 0)
(10.2525 0.0810214 0)
(10.2687 0.0834856 0)
(10.2993 0.0834625 0)
(10.3138 0.0860402 0)
(10.3469 0.0856308 0)
(10.3595 0.0880333 0)
(10.3945 0.0878257 0)
(10.4058 0.0899991 0)
(10.4413 0.0901047 0)
(10.4527 0.0921879 0)
(10.4875 0.0927577 0)
(10.4993 0.0944852 0)
(10.5333 0.0960217 0)
(10.5454 0.0969161 0)
(10.5785 0.100003 0)
(10.5909 0.0999533 0)
(10.6224 0.104591 0)
(10.6357 0.104182 0)
(10.6651 0.109793 0)
(10.6788 0.11013 0)
(10.7072 0.115824 0)
(10.7196 0.118195 0)
(10.7485 0.123177 0)
(10.7582 0.128735 0)
(10.7881 0.13255 0)
(10.7952 0.141985 0)
(10.8253 0.145106 0)
(10.831 0.157855 0)
(10.8594 0.16237 0)
(10.866 0.176786 0)
(10.8904 0.184579 0)
(10.9001 0.201376 0)
(10.9191 0.210886 0)
(10.9324 0.233617 0)
(10.9468 0.243655 0)
(10.9627 0.271549 0)
(10.9741 0.287985 0)
(10.9915 0.31429 0)
(11.0019 0.344611 0)
(11.0189 0.366629 0)
(11.031 0.410354 0)
(11.0466 0.432994 0)
(11.0603 0.486099 0)
(11.0769 0.511987 0)
(11.0887 0.575742 0)
(11.1077 0.603748 0)
(11.1208 0.676509 0)
(11.1294 0.715137 0)
(11.1591 0.786543 0)
(11.1402 0.845337 0)
(11.1903 0.918327 0)
(11.1426 0.992364 0)
(11.2063 1.0786 0)
(11.1228 1.1724 0)
(11.2051 1.27145 0)
(11.0756 1.39713 0)
(11.1683 1.51194 0)
(11.007 1.67676 0)
(11.0844 1.79751 0)
(10.9109 2.02012 0)
(10.9437 2.11429 0)
(10.7671 2.40131 0)
(10.7153 2.45811 0)
(10.5298 2.77861 0)
(10.346 2.84342 0)
(10.1358 3.12846 0)
(10 0.00458121 0)
(10.0038 0.0137311 0)
(10.0109 0.022306 0)
(10.0212 0.0296349 0)
(10.0351 0.0365287 0)
(10.0505 0.0410307 0)
(10.0697 0.0456451 0)
(10.0879 0.0475563 0)
(10.1106 0.0507622 0)
(10.1288 0.0511659 0)
(10.1541 0.0540694 0)
(10.1704 0.0539504 0)
(10.1987 0.0568921 0)
(10.2128 0.0568762 0)
(10.2442 0.0593312 0)
(10.2563 0.0597544 0)
(10.2909 0.0612371 0)
(10.301 0.0622521 0)
(10.3384 0.0628097 0)
(10.3465 0.0646063 0)
(10.3859 0.064298 0)
(10.3929 0.0671465 0)
(10.4327 0.0659711 0)
(10.4401 0.0699134 0)
(10.4784 0.0683771 0)
(10.4877 0.0725839 0)
(10.5233 0.0717846 0)
(10.5349 0.0753931 0)
(10.5679 0.0759507 0)
(10.5813 0.0791696 0)
(10.6117 0.0806225 0)
(10.627 0.0841944 0)
(10.6543 0.0865618 0)
(10.6717 0.0900035 0)
(10.6959 0.0947595 0)
(10.7145 0.0968781 0)
(10.7368 0.10497 0)
(10.7554 0.106477 0)
(10.7766 0.11638 0)
(10.7945 0.120205 0)
(10.815 0.12938 0)
(10.8317 0.138301 0)
(10.8523 0.145493 0)
(10.8666 0.160362 0)
(10.8886 0.166987 0)
(10.9002 0.185611 0)
(10.9229 0.196435 0)
(10.934 0.214266 0)
(10.9546 0.234274 0)
(10.9683 0.249718 0)
(10.9856 0.278567 0)
(11.0018 0.29587 0)
(11.0182 0.329907 0)
(11.0344 0.352392 0)
(11.0527 0.392812 0)
(11.0674 0.417577 0)
(11.09 0.46908 0)
(11.0994 0.495249 0)
(11.1327 0.556261 0)
(11.1294 0.588452 0)
(11.1782 0.657976 0)
(11.1587 0.696043 0)
(11.2245 0.777177 0)
(11.1823 0.825431 0)
(11.2701 0.91486 0)
(11.2007 0.981036 0)
(11.3008 1.0828 0)
(11.2158 1.17109 0)
(11.3116 1.28195 0)
(11.2153 1.41876 0)
(11.3033 1.51835 0)
(11.193 1.72463 0)
(11.2671 1.81844 0)
(11.1477 2.07105 0)
(11.1924 2.19249 0)
(11.0681 2.44923 0)
(11.0631 2.62019 0)
(10.9324 2.86534 0)
(10.8452 3.06951 0)
(10.7097 3.30922 0)
(9.99979 0.00279649 0)
(10.0035 0.00775847 0)
(10.01 0.0134042 0)
(10.0194 0.0171932 0)
(10.0326 0.0220494 0)
(10.0467 0.0241249 0)
(10.0654 0.027733 0)
(10.0824 0.0283889 0)
(10.1052 0.031112 0)
(10.1224 0.0308591 0)
(10.1483 0.0332844 0)
(10.1638 0.0327348 0)
(10.1929 0.035045 0)
(10.2061 0.0349398 0)
(10.2383 0.0364584 0)
(10.2496 0.0374705 0)
(10.2845 0.0375437 0)
(10.2944 0.0398726 0)
(10.3317 0.0387049 0)
(10.34 0.0421042 0)
(10.3793 0.0400452 0)
(10.3864 0.0446761 0)
(10.4261 0.0414183 0)
(10.434 0.0480621 0)
(10.4715 0.0431102 0)
(10.4827 0.0517565 0)
(10.5157 0.0460042 0)
(10.5313 0.0551248 0)
(10.5594 0.0507596 0)
(10.5793 0.0584662 0)
(10.6025 0.0569459 0)
(10.6267 0.0629596 0)
(10.6445 0.0639771 0)
(10.6734 0.069326 0)
(10.6856 0.072353 0)
(10.7183 0.0773521 0)
(10.7267 0.0830337 0)
(10.7608 0.0873364 0)
(10.7673 0.0960278 0)
(10.8017 0.100445 0)
(10.8068 0.111612 0)
(10.8411 0.116743 0)
(10.8454 0.13161 0)
(10.8787 0.136078 0)
(10.8839 0.156204 0)
(10.9142 0.161706 0)
(10.9225 0.182974 0)
(10.9486 0.196894 0)
(10.9606 0.213477 0)
(10.9836 0.23888 0)
(10.9974 0.254291 0)
(11.0203 0.284711 0)
(11.0352 0.306827 0)
(11.056 0.339539 0)
(11.0785 0.367212 0)
(11.0894 0.407071 0)
(11.1261 0.439679 0)
(11.1261 0.48228 0)
(11.173 0.530807 0)
(11.1677 0.568497 0)
(11.2218 0.635345 0)
(11.2099 0.676842 0)
(11.2724 0.752497 0)
(11.2526 0.812218 0)
(11.3227 0.886034 0)
(11.2903 0.9828 0)
(11.3713 1.04601 0)
(11.3225 1.18526 0)
(11.4066 1.25828 0)
(11.3496 1.42041 0)
(11.4238 1.53081 0)
(11.364 1.71001 0)
(11.417 1.85956 0)
(11.3601 2.06951 0)
(11.374 2.24351 0)
(11.3341 2.49316 0)
(11.2774 2.68689 0)
(11.2692 2.9627 0)
(11.1094 3.17446 0)
(11.1304 3.46171 0)
(9.99936 0.00118662 0)
(10.0035 0.00224728 0)
(10.0096 0.00498111 0)
(10.0185 0.00549221 0)
(10.0317 0.00812184 0)
(10.0445 0.00780267 0)
(10.0637 0.0102583 0)
(10.0796 0.00936789 0)
(10.1027 0.0117639 0)
(10.1194 0.0104106 0)
(10.1451 0.0128176 0)
(10.1611 0.0113497 0)
(10.1894 0.0136687 0)
(10.2038 0.012682 0)
(10.2344 0.0142824 0)
(10.2479 0.0145235 0)
(10.28 0.014722 0)
(10.2935 0.0167147 0)
(10.3263 0.0153126 0)
(10.34 0.0190677 0)
(10.3732 0.0161806 0)
(10.387 0.0218392 0)
(10.42 0.0173613 0)
(10.4351 0.0253076 0)
(10.4654 0.0191467 0)
(10.4846 0.0289686 0)
(10.5089 0.0223599 0)
(10.535 0.0324314 0)
(10.5515 0.0273403 0)
(10.585 0.0363365 0)
(10.5938 0.033434 0)
(10.6343 0.0417386 0)
(10.6353 0.0405659 0)
(10.6829 0.0485943 0)
(10.6764 0.0498749 0)
(10.7293 0.0563466 0)
(10.7184 0.0621963 0)
(10.7725 0.0656449 0)
(10.7611 0.0769938 0)
(10.8143 0.0785375 0)
(10.8021 0.0929161 0)
(10.8562 0.0972135 0)
(10.8415 0.109893 0)
(10.8967 0.121375 0)
(10.882 0.131458 0)
(10.9344 0.147964 0)
(10.924 0.161466 0)
(10.9705 0.177339 0)
(10.9674 0.198314 0)
(11.0055 0.214707 0)
(11.0132 0.2398 0)
(11.0402 0.261263 0)
(11.06 0.290528 0)
(11.0792 0.313307 0)
(11.1055 0.353979 0)
(11.1231 0.375616 0)
(11.1541 0.424133 0)
(11.168 0.456225 0)
(11.2078 0.503064 0)
(11.2171 0.550254 0)
(11.2628 0.601486 0)
(11.2709 0.658786 0)
(11.3233 0.719102 0)
(11.3237 0.789748 0)
(11.3878 0.86422 0)
(11.3784 0.943477 0)
(11.4508 1.04524 0)
(11.4328 1.13666 0)
(11.5082 1.26149 0)
(11.4871 1.38565 0)
(11.5496 1.52608 0)
(11.5378 1.69486 0)
(11.5692 1.8593 0)
(11.5732 2.06398 0)
(11.5588 2.27146 0)
(11.5791 2.50102 0)
(11.5012 2.74963 0)
(11.541 3.00707 0)
(11.3791 3.27171 0)
(11.4072 3.55652 0)
(9.99937 -0.000429819 0)
(10.0036 -0.00322255 0)
(10.0097 -0.003045 0)
(10.0186 -0.00626364 0)
(10.0315 -0.00526736 0)
(10.0447 -0.00853441 0)
(10.0635 -0.006833 0)
(10.08 -0.00961403 0)
(10.1022 -0.00752353 0)
(10.1203 -0.00999903 0)
(10.1443 -0.00770474 0)
(10.1625 -0.00998075 0)
(10.1882 -0.00779908 0)
(10.2057 -0.00938111 0)
(10.2329 -0.00823358 0)
(10.2502 -0.00797607 0)
(10.2781 -0.0086763 0)
(10.2964 -0.00601974 0)
(10.324 -0.0084038 0)
(10.3438 -0.00421881 0)
(10.3705 -0.00711394 0)
(10.3916 -0.0022966 0)
(10.4172 -0.00528996 0)
(10.4403 0.000776434 0)
(10.4626 -0.00362681 0)
(10.4903 0.00514315 0)
(10.5064 -0.00122129 0)
(10.5412 0.00954485 0)
(10.5496 0.00377492 0)
(10.5916 0.0130744 0)
(10.5929 0.0115171 0)
(10.6412 0.0171458 0)
(10.6355 0.0204324 0)
(10.6906 0.023683 0)
(10.677 0.0301155 0)
(10.7388 0.0325897 0)
(10.7196 0.0417564 0)
(10.7829 0.0438241 0)
(10.7654 0.0552497 0)
(10.8226 0.0589118 0)
(10.8126 0.070477 0)
(10.8616 0.0775988 0)
(10.8575 0.0901265 0)
(10.9022 0.0980417 0)
(10.9008 0.116175 0)
(10.9424 0.12176 0)
(10.9453 0.14689 0)
(10.9818 0.152118 0)
(10.9899 0.181962 0)
(11.0241 0.189268 0)
(11.033 0.223964 0)
(11.0697 0.233465 0)
(11.0788 0.273223 0)
(11.1142 0.287707 0)
(11.1321 0.329691 0)
(11.1585 0.35242 0)
(11.19 0.397679 0)
(11.2079 0.427554 0)
(11.2516 0.478874 0)
(11.2622 0.516031 0)
(11.3176 0.578844 0)
(11.3254 0.616097 0)
(11.3838 0.702284 0)
(11.3985 0.742182 0)
(11.4541 0.838284 0)
(11.4752 0.911958 0)
(11.5304 0.999263 0)
(11.5545 1.1173 0)
(11.6091 1.21515 0)
(11.6352 1.3569 0)
(11.6819 1.50118 0)
(11.715 1.65342 0)
(11.741 1.85045 0)
(11.7817 2.0396 0)
(11.7706 2.26393 0)
(11.8211 2.51765 0)
(11.7592 2.75843 0)
(11.7865 3.06213 0)
(11.7 3.33843 0)
(11.6376 3.64716 0)
(9.99891 -0.00231186 0)
(10.0046 -0.00844293 0)
(10.0095 -0.0116285 0)
(10.0202 -0.0178391 0)
(10.0319 -0.0193534 0)
(10.0473 -0.0246468 0)
(10.0648 -0.0245388 0)
(10.0835 -0.0282268 0)
(10.1041 -0.0274791 0)
(10.1244 -0.0298092 0)
(10.1464 -0.0291049 0)
(10.167 -0.0305168 0)
(10.1903 -0.0302238 0)
(10.2103 -0.0308226 0)
(10.2352 -0.0313025 0)
(10.255 -0.0304535 0)
(10.2807 -0.0319603 0)
(10.3017 -0.0293024 0)
(10.3264 -0.0318295 0)
(10.3497 -0.0278489 0)
(10.3728 -0.0307905 0)
(10.3981 -0.0259632 0)
(10.4199 -0.0290742 0)
(10.4467 -0.0231654 0)
(10.4664 -0.0269561 0)
(10.4963 -0.0194795 0)
(10.5116 -0.0237158 0)
(10.5469 -0.0155414 0)
(10.5565 -0.0183745 0)
(10.5963 -0.0115198 0)
(10.6025 -0.0111278 0)
(10.6442 -0.00618703 0)
(10.6484 -0.00295515 0)
(10.6924 0.0016291 0)
(10.6922 0.00646599 0)
(10.7413 0.0108964 0)
(10.7353 0.0196614 0)
(10.7879 0.0198147 0)
(10.781 0.0377082 0)
(10.8304 0.0304216 0)
(10.829 0.0569952 0)
(10.8714 0.0483474 0)
(10.8754 0.0742074 0)
(10.915 0.0744742 0)
(10.9188 0.0937932 0)
(10.9607 0.102961 0)
(10.9621 0.12254 0)
(11.0056 0.132102 0)
(11.0088 0.158276 0)
(11.0491 0.169279 0)
(11.0591 0.196244 0)
(11.0947 0.215826 0)
(11.1101 0.243167 0)
(11.1454 0.26471 0)
(11.1637 0.305107 0)
(11.1991 0.319926 0)
(11.224 0.375146 0)
(11.2572 0.391889 0)
(11.2886 0.45092 0)
(11.3237 0.484072 0)
(11.3595 0.535294 0)
(11.3958 0.598138 0)
(11.4397 0.64013 0)
(11.4774 0.724261 0)
(11.5257 0.785004 0)
(11.5696 0.866314 0)
(11.622 0.968025 0)
(11.6673 1.05111 0)
(11.7296 1.18291 0)
(11.7705 1.30441 0)
(11.838 1.44199 0)
(11.8853 1.62573 0)
(11.9319 1.78949 0)
(11.9906 2.01124 0)
(12.0212 2.23723 0)
(12.0429 2.4938 0)
(12.0803 2.77776 0)
(12.0302 3.07097 0)
(12.0523 3.42251 0)
(11.9192 3.706 0)
(9.99865 -0.004698 0)
(10.0051 -0.0135028 0)
(10.0103 -0.0212441 0)
(10.0219 -0.029727 0)
(10.0345 -0.0344331 0)
(10.051 -0.0412352 0)
(10.0695 -0.0426328 0)
(10.089 -0.0474632 0)
(10.1099 -0.0470521 0)
(10.131 -0.0506381 0)
(10.1525 -0.0495286 0)
(10.1742 -0.0525303 0)
(10.1964 -0.0515244 0)
(10.2178 -0.053648 0)
(10.2415 -0.053733 0)
(10.2628 -0.0534426 0)
(10.2875 -0.0555717 0)
(10.3098 -0.0521995 0)
(10.3337 -0.0561018 0)
(10.3579 -0.0511954 0)
(10.381 -0.0545853 0)
(10.406 -0.0506241 0)
(10.4294 -0.0516682 0)
(10.4538 -0.0491129 0)
(10.4775 -0.0489504 0)
(10.5027 -0.0453817 0)
(10.5243 -0.0463749 0)
(10.5527 -0.0404117 0)
(10.571 -0.0416778 0)
(10.6015 -0.0362113 0)
(10.6195 -0.0335073 0)
(10.6481 -0.0320764 0)
(10.6686 -0.023528 0)
(10.6952 -0.0252328 0)
(10.7142 -0.0134257 0)
(10.7464 -0.0149139 0)
(10.7552 -0.00195391 0)
(10.7995 -0.00262457 0)
(10.796 0.0128883 0)
(10.8495 0.0111297 0)
(10.8404 0.031138 0)
(10.8955 0.0283981 0)
(10.8873 0.0506279 0)
(10.9403 0.0526367 0)
(10.935 0.0699078 0)
(10.9848 0.0836355 0)
(10.9846 0.0942414 0)
(11.0282 0.115182 0)
(11.0372 0.129695 0)
(11.0735 0.147063 0)
(11.0896 0.172226 0)
(11.1252 0.189369 0)
(11.141 0.214586 0)
(11.1832 0.244238 0)
(11.196 0.264683 0)
(11.2446 0.304444 0)
(11.2589 0.32774 0)
(11.31 0.374893 0)
(11.3297 0.401818 0)
(11.383 0.454855 0)
(11.4097 0.499974 0)
(11.4623 0.540488 0)
(11.5037 0.620119 0)
(11.5515 0.655843 0)
(11.6063 0.746503 0)
(11.6603 0.818463 0)
(11.7165 0.894067 0)
(11.7872 1.01533 0)
(11.8403 1.10322 0)
(11.9247 1.24367 0)
(11.9874 1.38128 0)
(12.058 1.54961 0)
(12.15 1.72767 0)
(12.1897 1.94869 0)
(12.2921 2.18768 0)
(12.3097 2.44316 0)
(12.3804 2.77733 0)
(12.3659 3.06201 0)
(12.3752 3.47106 0)
(12.3268 3.82198 0)
(9.99843 -0.00740113 0)
(10.0061 -0.0190994 0)
(10.0113 -0.0321801 0)
(10.025 -0.0426349 0)
(10.0386 -0.0509672 0)
(10.0575 -0.0584725 0)
(10.0766 -0.0616252 0)
(10.0981 -0.0668199 0)
(10.1186 -0.0670622 0)
(10.1415 -0.0712907 0)
(10.1618 -0.0703927 0)
(10.1853 -0.0743493 0)
(10.2058 -0.0733319 0)
(10.2293 -0.0764772 0)
(10.2514 -0.0762327 0)
(10.2749 -0.0770184 0)
(10.298 -0.0784446 0)
(10.3225 -0.0763787 0)
(10.3447 -0.0791684 0)
(10.3711 -0.0757961 0)
(10.3925 -0.0778065 0)
(10.4193 -0.0754899 0)
(10.442 -0.0750177 0)
(10.4665 -0.0742788 0)
(10.4918 -0.0720856 0)
(10.5149 -0.0710934 0)
(10.5398 -0.0689918 0)
(10.5656 -0.0665516 0)
(10.5864 -0.0642181 0)
(10.6164 -0.0618307 0)
(10.6343 -0.0570591 0)
(10.665 -0.0558467 0)
(10.6838 -0.0493236 0)
(10.713 -0.0457884 0)
(10.7312 -0.0425928 0)
(10.7642 -0.0316107 0)
(10.7743 -0.0339545 0)
(10.8181 -0.0176559 0)
(10.8164 -0.018374 0)
(10.8695 -0.00631146 0)
(10.8628 0.00361319 0)
(10.9159 0.00739549 0)
(10.9129 0.0256642 0)
(10.9618 0.0300824 0)
(10.9608 0.0456259 0)
(11.0133 0.0595752 0)
(11.0056 0.0703848 0)
(11.0657 0.0901325 0)
(11.0574 0.103972 0)
(11.1121 0.123276 0)
(11.1188 0.142407 0)
(11.1593 0.165133 0)
(11.1795 0.184518 0)
(11.2178 0.213542 0)
(11.2408 0.238409 0)
(11.2808 0.262553 0)
(11.3126 0.308294 0)
(11.3484 0.319615 0)
(11.3895 0.38189 0)
(11.4321 0.404341 0)
(11.4693 0.451234 0)
(11.5299 0.51594 0)
(11.5644 0.538532 0)
(11.6355 0.634432 0)
(11.6785 0.669671 0)
(11.7603 0.758499 0)
(11.8072 0.84278 0)
(11.9017 0.923638 0)
(11.9711 1.04167 0)
(12.0545 1.15511 0)
(12.1522 1.29677 0)
(12.2501 1.45399 0)
(12.329 1.64667 0)
(12.4613 1.84137 0)
(12.52 2.11989 0)
(12.6438 2.36924 0)
(12.6662 2.70881 0)
(12.7991 3.08751 0)
(12.6869 3.43526 0)
(12.8111 3.95456 0)
(9.99776 -0.0107515 0)
(10.008 -0.0259452 0)
(10.0126 -0.0454203 0)
(10.0307 -0.0570933 0)
(10.0449 -0.0699078 0)
(10.0678 -0.0761028 0)
(10.0877 -0.0823014 0)
(10.1112 -0.0856727 0)
(10.1321 -0.0878773 0)
(10.1556 -0.0919147 0)
(10.176 -0.0909728 0)
(10.1998 -0.0974728 0)
(10.2205 -0.0936339 0)
(10.2444 -0.101442 0)
(10.2665 -0.0966756 0)
(10.2914 -0.102323 0)
(10.3131 -0.0999494 0)
(10.3408 -0.100986 0)
(10.3592 -0.102066 0)
(10.3911 -0.0998452 0)
(10.4067 -0.101303 0)
(10.4402 -0.0999668 0)
(10.4568 -0.098215 0)
(10.4876 -0.0994265 0)
(10.5076 -0.0953012 0)
(10.5365 -0.0958642 0)
(10.556 -0.093326 0)
(10.589 -0.0900999 0)
(10.6021 -0.0897873 0)
(10.6415 -0.0847475 0)
(10.6509 -0.0825533 0)
(10.6893 -0.0796482 0)
(10.705 -0.0730782 0)
(10.7329 -0.071586 0)
(10.76 -0.064393 0)
(10.7783 -0.0578604 0)
(10.8104 -0.0573023 0)
(10.8288 -0.0395593 0)
(10.8558 -0.0475936 0)
(10.8823 -0.0227526 0)
(10.9005 -0.0280046 0)
(10.9341 -0.01155 0)
(10.9488 0.000456521 0)
(10.9833 0.00269383 0)
(10.998 0.0257382 0)
(11.0362 0.0313379 0)
(11.0448 0.0450231 0)
(11.0925 0.0664468 0)
(11.0959 0.075318 0)
(11.1443 0.0944671 0)
(11.1584 0.120522 0)
(11.1945 0.125558 0)
(11.2226 0.164843 0)
(11.2573 0.174197 0)
(11.2846 0.206068 0)
(11.328 0.236062 0)
(11.3585 0.253082 0)
(11.4007 0.305709 0)
(11.4427 0.316455 0)
(11.4874 0.372226 0)
(11.5353 0.41245 0)
(11.5845 0.432931 0)
(11.6502 0.534664 0)
(11.6906 0.51732 0)
(11.7853 0.655274 0)
(11.8256 0.658622 0)
(11.9227 0.778198 0)
(12.016 0.835417 0)
(12.0679 0.965498 0)
(12.2313 1.02876 0)
(12.2814 1.22144 0)
(12.4499 1.31522 0)
(12.5241 1.52456 0)
(12.7305 1.74003 0)
(12.755 1.95583 0)
(13.0166 2.29538 0)
(12.9888 2.59069 0)
(13.2223 3.02614 0)
(13.153 3.46281 0)
(13.2572 3.93892 0)
(9.99688 -0.0143961 0)
(10.0108 -0.0364463 0)
(10.0153 -0.0614066 0)
(10.0402 -0.0758312 0)
(10.0553 -0.0911294 0)
(10.0846 -0.0965991 0)
(10.1039 -0.104396 0)
(10.1313 -0.106131 0)
(10.1509 -0.110184 0)
(10.1762 -0.113337 0)
(10.196 -0.113826 0)
(10.2201 -0.120632 0)
(10.2418 -0.116713 0)
(10.2649 -0.125816 0)
(10.2893 -0.119563 0)
(10.3126 -0.127224 0)
(10.3365 -0.122787 0)
(10.3631 -0.126145 0)
(10.3825 -0.125092 0)
(10.4149 -0.125154 0)
(10.4296 -0.12467 0)
(10.4651 -0.125331 0)
(10.4799 -0.121888 0)
(10.5128 -0.124857 0)
(10.532 -0.119007 0)
(10.5609 -0.121643 0)
(10.5828 -0.11657 0)
(10.6116 -0.116822 0)
(10.6321 -0.111766 0)
(10.6621 -0.113213 0)
(10.6836 -0.102494 0)
(10.7086 -0.110075 0)
(10.7392 -0.0913198 0)
(10.7522 -0.102868 0)
(10.7944 -0.0823658 0)
(10.7985 -0.0884974 0)
(10.8445 -0.0762269 0)
(10.8502 -0.0686094 0)
(10.8896 -0.0683427 0)
(10.9046 -0.049618 0)
(10.935 -0.0508537 0)
(10.9557 -0.0370889 0)
(10.986 -0.0226954 0)
(11.0029 -0.0245831 0)
(11.0386 0.00503084 0)
(11.0565 8.80976e-05 0)
(11.0818 0.0265531 0)
(11.1233 0.0331148 0)
(11.1231 0.0541006 0)
(11.1868 0.063461 0)
(11.1818 0.0927129 0)
(11.2398 0.0961376 0)
(11.2512 0.133651 0)
(11.302 0.13726 0)
(11.3203 0.184022 0)
(11.37 0.175334 0)
(11.4088 0.252525 0)
(11.4341 0.218382 0)
(11.5095 0.319051 0)
(11.5252 0.293772 0)
(11.5971 0.370099 0)
(11.6552 0.399739 0)
(11.6906 0.433031 0)
(11.7983 0.503175 0)
(11.8258 0.545606 0)
(11.9409 0.606997 0)
(12.0046 0.677866 0)
(12.1193 0.771038 0)
(12.1974 0.818302 0)
(12.3604 0.97612 0)
(12.4304 1.04159 0)
(12.6383 1.21863 0)
(12.7332 1.35322 0)
(12.9553 1.575 0)
(13.0926 1.81586 0)
(13.2866 2.07284 0)
(13.4723 2.51331 0)
(13.5922 2.8554 0)
(13.7474 3.44138 0)
(13.7703 3.96212 0)
(9.99263 -0.0196541 0)
(10.0189 -0.0508486 0)
(10.0187 -0.0820595 0)
(10.0597 -0.0984203 0)
(10.0703 -0.116669 0)
(10.1134 -0.119083 0)
(10.1262 -0.13105 0)
(10.1624 -0.127805 0)
(10.1766 -0.138616 0)
(10.2053 -0.136412 0)
(10.2245 -0.143737 0)
(10.247 -0.146 0)
(10.2731 -0.14619 0)
(10.2908 -0.152937 0)
(10.3222 -0.147842 0)
(10.3384 -0.155152 0)
(10.3693 -0.150767 0)
(10.3893 -0.154005 0)
(10.414 -0.153599 0)
(10.4409 -0.152734 0)
(10.4598 -0.15357 0)
(10.4897 -0.152826 0)
(10.5091 -0.151049 0)
(10.5352 -0.151593 0)
(10.56 -0.149531 0)
(10.581 -0.146033 0)
(10.6084 -0.149609 0)
(10.6293 -0.138578 0)
(10.6546 -0.146207 0)
(10.6765 -0.134592 0)
(10.7037 -0.135199 0)
(10.7172 -0.134343 0)
(10.7586 -0.11923 0)
(10.7528 -0.132534 0)
(10.8134 -0.103978 0)
(10.7918 -0.123332 0)
(10.8597 -0.0945959 0)
(10.8409 -0.102536 0)
(10.8953 -0.0920376 0)
(10.8972 -0.0742729 0)
(10.9292 -0.0853943 0)
(10.9486 -0.0523929 0)
(10.9744 -0.0635 0)
(10.9891 -0.0377796 0)
(11.0269 -0.0364746 0)
(11.0352 -0.0144506 0)
(11.0679 -0.0160934 0)
(11.1003 0.018657 0)
(11.104 0.00740076 0)
(11.1625 0.0493217 0)
(11.1628 0.0415617 0)
(11.2111 0.0804334 0)
(11.2331 0.0794626 0)
(11.2799 0.118352 0)
(11.2897 0.120453 0)
(11.3735 0.16704 0)
(11.355 0.157524 0)
(11.468 0.238959 0)
(11.4465 0.186009 0)
(11.5665 0.324369 0)
(11.5625 0.233163 0)
(11.6731 0.39846 0)
(11.7107 0.318547 0)
(11.7938 0.457207 0)
(11.893 0.445633 0)
(11.9409 0.529744 0)
(12.0967 0.571124 0)
(12.1589 0.665463 0)
(12.3031 0.710107 0)
(12.4394 0.815726 0)
(12.6054 0.936237 0)
(12.7247 0.999117 0)
(12.9978 1.22682 0)
(13.1418 1.31815 0)
(13.4084 1.59835 0)
(13.65 1.85449 0)
(13.8961 2.22023 0)
(14.151 2.68168 0)
(14.2992 3.2692 0)
(14.5042 3.9518 0)
(9.98741 -0.0275861 0)
(10.0311 -0.0685235 0)
(10.0287 -0.100706 0)
(10.0892 -0.115629 0)
(10.0961 -0.127932 0)
(10.1526 -0.129059 0)
(10.1585 -0.13764 0)
(10.2004 -0.136928 0)
(10.2093 -0.146762 0)
(10.2372 -0.14764 0)
(10.2563 -0.154307 0)
(10.2725 -0.157811 0)
(10.3019 -0.158143 0)
(10.3097 -0.164419 0)
(10.3441 -0.160596 0)
(10.3491 -0.167378 0)
(10.3811 -0.163448 0)
(10.3888 -0.168726 0)
(10.4136 -0.165007 0)
(10.4264 -0.170662 0)
(10.4444 -0.163681 0)
(10.4602 -0.172719 0)
(10.4743 -0.161348 0)
(10.491 -0.171689 0)
(10.5016 -0.160867 0)
(10.5199 -0.166308 0)
(10.5269 -0.160691 0)
(10.5441 -0.16065 0)
(10.555 -0.155157 0)
(10.558 -0.159504 0)
(10.5903 -0.141559 0)
(10.5616 -0.161608 0)
(10.6278 -0.123756 0)
(10.5663 -0.161433 0)
(10.6532 -0.106716 0)
(10.5876 -0.154665 0)
(10.6567 -0.094092 0)
(10.6281 -0.137906 0)
(10.6468 -0.0875262 0)
(10.6728 -0.113686 0)
(10.6428 -0.0782434 0)
(10.7075 -0.094038 0)
(10.6532 -0.0566627 0)
(10.7358 -0.0789953 0)
(10.6682 -0.0330878 0)
(10.7749 -0.0538006 0)
(10.6744 -0.0157205 0)
(10.8335 -0.0218258 0)
(10.6789 0.0062856 0)
(10.8979 0.00853483 0)
(10.7028 0.0308584 0)
(10.957 0.0459209 0)
(10.7501 0.0577228 0)
(11.0162 0.0756964 0)
(10.8317 0.115155 0)
(11.0554 0.0728439 0)
(10.9745 0.208412 0)
(11.0747 0.0635717 0)
(11.1405 0.296223 0)
(11.1569 0.0970246 0)
(11.249 0.3352 0)
(11.3597 0.203572 0)
(11.3168 0.343905 0)
(11.6043 0.300445 0)
(11.5003 0.445268 0)
(11.7559 0.321875 0)
(11.8326 0.597649 0)
(11.9541 0.409795 0)
(12.1301 0.686038 0)
(12.3251 0.60888 0)
(12.4585 0.793813 0)
(12.7587 0.817648 0)
(12.9436 1.02008 0)
(13.2818 1.07917 0)
(13.5448 1.34719 0)
(13.9895 1.52178 0)
(14.3084 1.91604 0)
(14.7852 2.34424 0)
(15.0961 3.04031 0)
(15.4526 3.94032 0)
(9.99019 -0.0626073 0)
(10.0432 -0.136145 0)
(10.0576 -0.174561 0)
(10.1169 -0.183644 0)
(10.1214 -0.187057 0)
(10.162 -0.184402 0)
(10.15 -0.189404 0)
(10.1709 -0.189508 0)
(10.1539 -0.197212 0)
(10.1602 -0.196142 0)
(10.1471 -0.202495 0)
(10.1393 -0.198328 0)
(10.1317 -0.203901 0)
(10.1098 -0.196581 0)
(10.1059 -0.203944 0)
(10.0732 -0.193363 0)
(10.069 -0.203391 0)
(10.0298 -0.190593 0)
(10.0221 -0.200868 0)
(9.97959 -0.188816 0)
(9.96788 -0.196092 0)
(9.92258 -0.186561 0)
(9.90791 -0.1911 0)
(9.85998 -0.181619 0)
(9.8427 -0.187457 0)
(9.79292 -0.173809 0)
(9.77447 -0.183712 0)
(9.71942 -0.165458 0)
(9.70877 -0.177329 0)
(9.63527 -0.157769 0)
(9.65131 -0.168485 0)
(9.54008 -0.148494 0)
(9.60119 -0.160242 0)
(9.44248 -0.134727 0)
(9.54891 -0.153807 0)
(9.35694 -0.117616 0)
(9.48417 -0.145661 0)
(9.29332 -0.101693 0)
(9.40612 -0.131961 0)
(9.24996 -0.0884445 0)
(9.3253 -0.114176 0)
(9.21742 -0.0736661 0)
(9.25476 -0.098861 0)
(9.18968 -0.049193 0)
(9.20188 -0.0934601 0)
(9.1667 -0.0121946 0)
(9.16855 -0.0932225 0)
(9.15375 0.025276 0)
(9.15373 -0.0829834 0)
(9.15056 0.0541645 0)
(9.17721 -0.0681951 0)
(9.12789 0.0906134 0)
(9.28377 -0.0599448 0)
(9.0578 0.128195 0)
(9.4733 -0.0316452 0)
(8.98334 0.138583 0)
(9.6894 0.021836 0)
(8.97607 0.149549 0)
(9.8689 0.0636009 0)
(9.11894 0.187343 0)
(9.93874 0.0843302 0)
(9.445 0.273214 0)
(9.98492 0.0591972 0)
(9.73695 0.387976 0)
(10.2719 0.0892058 0)
(9.92116 0.426773 0)
(10.6551 0.165333 0)
(10.2647 0.509251 0)
(11.0099 0.219985 0)
(10.7881 0.597526 0)
(11.4063 0.333212 0)
(11.4434 0.731819 0)
(11.9867 0.445261 0)
(12.2125 0.88903 0)
(12.8114 0.708206 0)
(13.2646 1.11867 0)
(13.9048 1.13943 0)
(14.7462 1.66719 0)
(15.4455 2.14993 0)
(16.3765 3.1378 0)
(9.8987 -0.0456741 0)
(9.80916 -0.0985159 0)
(9.69526 -0.121 0)
(9.57354 -0.125746 0)
(9.41395 -0.124338 0)
(9.25683 -0.123482 0)
(9.07688 -0.123683 0)
(8.91369 -0.12596 0)
(8.7339 -0.126087 0)
(8.57448 -0.128031 0)
(8.39766 -0.125438 0)
(8.24188 -0.12646 0)
(8.06653 -0.12192 0)
(7.91413 -0.122586 0)
(7.7399 -0.117707 0)
(7.59209 -0.117857 0)
(7.41879 -0.113679 0)
(7.27685 -0.112706 0)
(7.10466 -0.109421 0)
(6.9696 -0.107232 0)
(6.79941 -0.10457 0)
(6.67139 -0.101482 0)
(6.50457 -0.0992687 0)
(6.38311 -0.0954318 0)
(6.22144 -0.0934875 0)
(6.10595 -0.0892062 0)
(5.95143 -0.0867434 0)
(5.8411 -0.0834347 0)
(5.6961 -0.0786024 0)
(5.58996 -0.0780754 0)
(5.45695 -0.0695148 0)
(5.35448 -0.0719686 0)
(5.23488 -0.0607796 0)
(5.13697 -0.0638772 0)
(5.03113 -0.0531757 0)
(4.9389 -0.0538432 0)
(4.8484 -0.0460649 0)
(4.76033 -0.0431652 0)
(4.69029 -0.0381111 0)
(4.60126 -0.0331697 0)
(4.55886 -0.0288671 0)
(4.4641 -0.0236444 0)
(4.45485 -0.0192988 0)
(4.34949 -0.0144891 0)
(4.38298 -0.00744599 0)
(4.25332 -0.0109519 0)
(4.34814 0.011031 0)
(4.18124 -0.0126423 0)
(4.33911 0.0273023 0)
(4.14914 -0.00399268 0)
(4.35732 0.0330661 0)
(4.13224 0.00593265 0)
(4.45122 0.057785 0)
(4.09289 -0.0201729 0)
(4.61917 0.117278 0)
(4.09463 -0.043383 0)
(4.7926 0.126858 0)
(4.14328 0.0055556 0)
(5.08467 0.108123 0)
(4.0841 -0.00331696 0)
(5.55434 0.213466 0)
(4.08383 -0.11547 0)
(5.94569 0.365883 0)
(4.33125 -0.209875 0)
(6.23797 0.493335 0)
(4.76987 -0.245439 0)
(6.576 0.52274 0)
(5.19399 -0.211572 0)
(7.21338 0.669235 0)
(5.59699 -0.396764 0)
(7.88726 0.937127 0)
(6.3906 -0.419775 0)
(8.59964 1.01437 0)
(7.31256 -0.410711 0)
(9.74254 1.33171 0)
(8.50457 -0.50025 0)
(11.2867 1.71887 0)
(10.4516 -0.356966 0)
(13.7145 2.39848 0)
(13.6892 0.401293 0)
(0.0014161 -0.214329 0)
(-0.0104514 -0.0667311 0)
(-0.164012 0.0967839 0)
(-0.219667 0.13353 0)
(-0.240893 0.11105 0)
(-0.209542 0.0145299 0)
(-0.111557 -0.0103882 0)
(-0.0360285 -0.00241236 0)
(0.0351962 -0.00953606 0)
(0.127718 -0.0845944 0)
(0.140316 -0.121712 0)
(-0.0538606 0.104964 0)
(-0.791796 0.452186 0)
(-1.76415 0.524557 0)
(-2.24285 0.226571 0)
(-2.09117 -0.0582499 0)
(-1.84322 -0.15809 0)
(-1.40788 -0.254428 0)
(-0.762849 -0.335867 0)
(0.0165998 -0.138343 0)
(-0.133506 0.342455 0)
(0.0735913 0.270528 0)
(-0.0655363 0.0885933 0)
(-0.332324 -0.0753037 0)
(-0.490871 -0.103639 0)
(-0.481279 -0.164299 0)
(-0.320386 -0.173586 0)
(-0.177949 -0.151779 0)
(-0.117904 -0.166428 0)
(-0.222098 -0.0528792 0)
(-0.634031 0.336327 0)
(-1.34433 0.848057 0)
(-1.96567 1.10801 0)
(-2.37957 0.809671 0)
(-2.41345 0.175731 0)
(-2.23671 -0.30165 0)
(-2.11331 -0.540869 0)
(-1.74104 -0.824531 0)
(-1.11874 -1.29172 0)
(-0.0174074 -0.547956 0)
(-0.559295 -0.655137 0)
(-0.724155 -0.192816 0)
(-0.578178 0.535426 0)
(-0.624995 0.579872 0)
(-0.662972 0.357617 0)
(-0.758865 -0.14773 0)
(-0.785619 -0.290597 0)
(-0.718993 -0.192435 0)
(-0.654971 0.0618113 0)
(-0.945457 0.414046 0)
(-1.26095 0.987129 0)
(-1.55338 1.39905 0)
(-1.7873 1.40464 0)
(-1.93437 0.950877 0)
(-1.92051 0.188057 0)
(-1.89596 -0.349211 0)
(-1.89766 -0.677288 0)
(-1.71016 -1.25147 0)
(-1.10456 -2.22773 0)
(-0.376335 -1.2294 0)
(2.35536 0.854678 0)
(0.568637 0.31554 0)
(-0.399074 0.0250713 0)
(-0.88411 -0.093815 0)
(-1.3288 -0.0652946 0)
(-1.28095 -0.107781 0)
(-1.33667 -0.103314 0)
(-1.1398 -0.229585 0)
(-1.02416 0.0492023 0)
(-0.885965 0.619773 0)
(-1.05488 1.02323 0)
(-1.13233 1.31979 0)
(-1.2654 1.37193 0)
(-1.32385 1.0001 0)
(-1.26806 0.261323 0)
(-1.34199 -0.240032 0)
(-1.38694 -0.692255 0)
(-1.37497 -1.46894 0)
(-0.989705 -2.71383 0)
(-0.7355 -2.10684 0)
(6.26377 2.14179 0)
(5.10437 2.11054 0)
(3.94305 1.93217 0)
(2.83246 1.55442 0)
(1.00771 1.06279 0)
(0.0183178 -0.0690331 0)
(-1.23744 -0.766585 0)
(-1.30659 -0.547966 0)
(-1.11511 -0.177433 0)
(-0.740633 0.409147 0)
(-0.542609 1.09668 0)
(-0.374879 1.61765 0)
(-0.252454 1.70617 0)
(-0.0750792 1.11837 0)
(-0.00512889 0.347153 0)
(-0.575346 -0.263538 0)
(-0.860484 -0.948266 0)
(-0.977525 -1.64942 0)
(-0.884453 -2.78308 0)
(-0.807213 -3.06487 0)
(8.48272 2.77578 0)
(7.95753 2.92737 0)
(7.01118 2.82436 0)
(6.32781 2.65921 0)
(5.10511 2.49667 0)
(4.14497 1.82482 0)
(2.89276 1.61629 0)
(1.04663 -0.0847204 0)
(-0.193237 -0.764942 0)
(-0.233197 0.0571393 0)
(0.14847 0.782468 0)
(0.442629 0.971062 0)
(0.641903 0.968416 0)
(0.704527 0.803794 0)
(0.278428 0.829553 0)
(-0.376632 0.614801 0)
(-0.114465 -0.165092 0)
(-0.150729 -0.903187 0)
(-0.54399 -2.52966 0)
(-0.592637 -3.98884 0)
(9.77495 3.22817 0)
(9.49989 3.38496 0)
(8.90347 3.46226 0)
(8.51323 3.43071 0)
(7.60321 3.27941 0)
(7.05857 3.01705 0)
(5.66771 2.35391 0)
(4.78662 1.99114 0)
(3.25145 1.35791 0)
(1.25857 0.0223429 0)
(0.8357 0.314055 0)
(1.11372 1.13566 0)
(1.21207 1.67588 0)
(1.50277 1.38145 0)
(1.11473 1.12573 0)
(1.92542 0.181572 0)
(1.89895 -1.46593 0)
(0.274545 -2.01792 0)
(-0.515298 -2.7345 0)
(-0.288362 -4.61174 0)
(10.4828 3.4949 0)
(10.3506 3.7244 0)
(9.92596 3.79894 0)
(9.73576 3.97633 0)
(9.10132 3.82314 0)
(8.63161 3.80256 0)
(7.82181 3.39152 0)
(6.83336 3.04613 0)
(5.75453 2.47849 0)
(4.53758 2.16312 0)
(2.93856 1.05916 0)
(2.66486 0.269225 0)
(2.41227 0.367443 0)
(3.29852 0.878662 0)
(2.7847 1.09457 0)
(3.61755 0.0340392 0)
(3.6387 1.50774 0)
(1.97169 1.94506 0)
(1.17453 -0.798011 0)
(0.827014 -4.15342 0)
(10.849 3.6608 0)
(10.8579 3.93984 0)
(10.4878 4.08541 0)
(10.3569 4.26319 0)
(9.96885 4.34668 0)
(9.4989 4.24932 0)
(9.03948 4.27504 0)
(8.18435 3.85823 0)
(7.4181 3.59655 0)
(6.27889 3.11358 0)
(5.21051 2.53903 0)
(3.02645 1.88037 0)
(2.19092 1.33773 0)
(1.70139 1.05807 0)
(1.06381 0.197329 0)
(0.795194 -0.692173 0)
(0.200566 -0.244931 0)
(1.45355 -0.500363 0)
(1.90122 -1.68981 0)
(2.07516 -3.92703 0)
(11.1956 3.8213 0)
(11.1143 4.08218 0)
(10.9419 4.34728 0)
(10.6293 4.50157 0)
(10.5037 4.72093 0)
(9.99024 4.76342 0)
(9.65337 4.69875 0)
(9.037 4.80863 0)
(8.22167 4.25208 0)
(7.50516 4.21298 0)
(6.89904 3.38228 0)
(6.34334 2.33779 0)
(5.99934 1.59967 0)
(6.23064 2.0621 0)
(6.30588 2.47547 0)
(5.99419 1.4576 0)
(5.36465 1.46648 0)
(5.00032 0.400608 0)
(5.08574 0.0530106 0)
(5.03654 0.601403 0)
(11.5502 3.96609 0)
(11.3611 4.23077 0)
(11.2339 4.5842 0)
(10.9862 4.7644 0)
(10.6724 5.02645 0)
(10.471 5.22338 0)
(9.82824 5.19071 0)
(9.62574 5.28526 0)
(8.77723 5.18813 0)
(7.76846 4.77119 0)
(6.72779 5.22476 0)
(4.51147 4.28108 0)
(0.907628 1.35659 0)
(0.395253 0.752326 0)
(-0.178367 0.107164 0)
(0.422199 0.00939431 0)
(0.613331 -0.492613 0)
(0.524535 -1.34352 0)
(-0.419341 -0.145379 0)
(1.04839 3.59847 0)
(11.8814 4.13722 0)
(11.6922 4.39586 0)
(11.4907 4.78299 0)
(11.3386 5.11515 0)
(10.8581 5.28748 0)
(10.761 5.63538 0)
(10.1031 5.73685 0)
(9.60185 5.77399 0)
(9.43411 5.96399 0)
(8.64661 5.23669 0)
(8.51241 5.06024 0)
(8.59776 5.30963 0)
(7.87449 4.711 0)
(7.13898 3.74164 0)
(5.43252 2.77984 0)
(4.20518 1.19546 0)
(3.44074 1.58384 0)
(3.19427 1.52158 0)
(0.807597 0.0435075 0)
(0.0267814 2.4662 0)
(12.1745 4.20454 0)
(12.1417 4.68524 0)
(11.7528 4.94436 0)
(11.6853 5.46417 0)
(11.1969 5.67987 0)
(10.8416 5.93933 0)
(10.5675 6.27041 0)
(9.6434 6.17359 0)
(9.06437 6.89228 0)
(8.0114 7.14312 0)
(6.21788 6.78346 0)
(4.63495 6.51692 0)
(4.01626 5.1693 0)
(3.71261 3.75636 0)
(3.33653 2.75999 0)
(2.65023 1.74837 0)
(2.24322 0.876263 0)
(2.11662 1.41426 0)
(0.576163 2.5752 0)
(0.00746502 3.49016 0)
(12.5639 4.327 0)
(12.56 4.85632 0)
(12.2267 5.31811 0)
(11.9429 5.6786 0)
(11.648 6.23708 0)
(10.9767 6.40969 0)
(10.7948 6.80287 0)
(10.3487 6.60013 0)
(10.0933 6.29402 0)
(10.2397 6.52205 0)
(10.314 6.79852 0)
(9.02851 6.83231 0)
(7.10286 5.60758 0)
(5.00461 4.16507 0)
(3.60929 3.22641 0)
(2.65869 2.33772 0)
(1.41819 2.06612 0)
(0.224838 2.52014 0)
(-0.341201 2.8077 0)
(-0.225912 3.34456 0)
(13.1361 4.53837 0)
(12.9766 5.02328 0)
(12.7945 5.63838 0)
(12.3566 6.07835 0)
(12.0226 6.5391 0)
(11.3866 6.92477 0)
(10.5178 7.55308 0)
(9.55341 8.28393 0)
(8.09298 8.55534 0)
(6.06818 8.11358 0)
(6.46806 8.0464 0)
(7.289 8.71331 0)
(6.95998 8.21936 0)
(5.33482 6.60197 0)
(3.81483 4.7347 0)
(2.65537 3.71104 0)
(1.31054 3.53461 0)
(-0.303764 3.59013 0)
(-0.440057 3.159 0)
(-0.583506 2.91354 0)
(13.7727 4.6559 0)
(13.6096 5.31434 0)
(13.3292 6.04525 0)
(12.9416 6.64115 0)
(12.4294 7.17728 0)
(12.0819 7.23975 0)
(11.8248 7.15497 0)
(11.7479 7.25643 0)
(12.0726 8.10798 0)
(10.6121 8.33976 0)
(8.52229 7.42658 0)
(7.28511 7.83855 0)
(7.05879 8.55231 0)
(6.01027 8.00857 0)
(4.15916 6.04832 0)
(2.36588 4.94394 0)
(1.10595 4.80255 0)
(-0.369906 4.1537 0)
(-0.57292 2.93551 0)
(-0.543785 2.08206 0)
(14.4397 4.71167 0)
(14.4005 5.50417 0)
(13.9759 6.3397 0)
(13.568 7.14397 0)
(12.6491 8.10076 0)
(11.4292 9.09635 0)
(9.85029 9.69954 0)
(7.68671 9.28242 0)
(8.09813 9.26919 0)
(9.2428 10.2393 0)
(8.75042 9.8583 0)
(7.27998 8.94836 0)
(6.6351 9.23063 0)
(6.00818 9.14496 0)
(4.26294 7.98714 0)
(2.64518 6.63977 0)
(1.24612 6.12006 0)
(0.378024 5.1257 0)
(-0.321875 3.49454 0)
(-0.220025 1.65654 0)
(15.4697 5.00755 0)
(15.39 6.08601 0)
(14.8469 6.83043 0)
(14.4252 7.27762 0)
(14.3088 7.59698 0)
(14.2259 8.05515 0)
(14.2396 9.16817 0)
(12.4338 9.54997 0)
(9.6872 8.83336 0)
(8.66424 9.35208 0)
(8.7101 10.2533 0)
(7.75867 10.0465 0)
(6.77223 10.0258 0)
(6.09252 10.2394 0)
(4.73037 9.11083 0)
(2.90719 7.83958 0)
(1.72413 7.23295 0)
(0.682924 6.01044 0)
(0.0207633 3.73091 0)
(-0.0396296 1.51064 0)
(16.8975 5.00139 0)
(16.7931 6.83594 0)
(15.9255 8.55284 0)
(13.826 9.58174 0)
(11.7603 10.3039 0)
(9.95061 10.0821 0)
(10.6252 10.4744 0)
(11.9438 11.5695 0)
(10.8993 11.1282 0)
(8.96848 10.3979 0)
(8.32038 10.7445 0)
(7.68595 10.8361 0)
(6.79536 10.9515 0)
(6.2788 11.4131 0)
(5.20693 10.8883 0)
(3.47255 9.62672 0)
(1.98338 8.54584 0)
(0.913437 6.84185 0)
(0.41149 4.24288 0)
(-0.0339275 1.62155 0)
(16.905 4.02007 0)
(18.1 5.75148 0)
(19.2294 7.68369 0)
(19.07 9.32321 0)
(17.5097 10.6189 0)
(14.203 10.7548 0)
(10.7125 10.031 0)
(10.3584 11.1333 0)
(10.8141 12.0591 0)
(9.58734 11.605 0)
(8.39051 11.6235 0)
(7.68053 11.6475 0)
(6.79326 11.5848 0)
(6.42317 12.0049 0)
(5.6806 11.892 0)
(4.18835 11.0254 0)
(2.62607 9.81651 0)
(1.88071 8.01246 0)
(0.882801 4.97099 0)
(0.273104 1.90033 0)
(6.37299 3.33701 0)
(7.23246 5.08093 0)
(11.383 7.70419 0)
(15.0078 10.3359 0)
(17.0797 12.6413 0)
(16.4783 13.755 0)
(13.0219 12.3865 0)
(10.2009 11.4836 0)
(10.188 12.5203 0)
(9.81304 12.7481 0)
(8.7098 12.4939 0)
(7.84209 12.4391 0)
(6.67855 12.4521 0)
(6.26289 12.9092 0)
(5.78809 13.0772 0)
(4.8493 12.3402 0)
(3.67689 10.998 0)
(2.42915 8.95084 0)
(1.49187 5.87287 0)
(0.559875 2.78127 0)
(-1.17545 -5.17333 0)
(0.72216 -1.98972 0)
(5.29975 2.42161 0)
(9.1695 7.1564 0)
(12.7523 10.8263 0)
(15.5888 14.5397 0)
(14.677 15.2193 0)
(11.1065 13.3175 0)
(9.40679 12.7564 0)
(9.35934 13.291 0)
(8.71746 13.5119 0)
(7.99798 13.3002 0)
(6.84981 13.0173 0)
(6.29258 13.1191 0)
(5.89397 13.5154 0)
(5.19217 13.2878 0)
(4.0005 11.9756 0)
(3.00077 9.99546 0)
(2.14151 7.21553 0)
(0.761167 3.85795 0)
(0.964161 1.78008 0)
(-1.13211 -2.41425 0)
(0.14172 -1.5375 0)
(4.50687 3.15789 0)
(7.55705 7.62847 0)
(11.3122 12.2221 0)
(14.0142 15.8891 0)
(12.5517 15.822 0)
(10.0859 14.4473 0)
(9.06916 14.0197 0)
(8.41693 14.1888 0)
(7.96008 14.2275 0)
(6.88287 13.9244 0)
(6.17532 13.7691 0)
(5.66206 14.0467 0)
(5.32164 13.8753 0)
(4.45462 12.9714 0)
(3.42948 11.0927 0)
(2.04002 8.08265 0)
(0.67943 5.23392 0)
(-0.62352 -3.42996 0)
(-0.441022 -0.823343 0)
(-3.45313 -2.88647 0)
(1.4625 1.27798 0)
(1.52963 2.82329 0)
(7.70554 9.9508 0)
(10.7815 14.3507 0)
(11.5734 16.1438 0)
(10.1953 15.6974 0)
(9.12574 15.0305 0)
(8.37767 14.9503 0)
(7.78454 14.9516 0)
(6.78922 14.7689 0)
(6.01824 14.3204 0)
(5.39333 14.4618 0)
(5.11783 14.5929 0)
(4.32751 13.8542 0)
(3.16703 12.1085 0)
(2.06673 9.27031 0)
(0.561833 6.33937 0)
(-1.62317 2.20698 0)
(-1.79265 -1.19939 0)
(-3.66354 -2.73699 0)
(-3.65899 -2.57224 0)
(0.157456 1.41471 0)
(-0.300302 3.28048 0)
(9.04749 13.2678 0)
(10.6718 16.3404 0)
(9.90309 16.4579 0)
(8.96238 15.8183 0)
(8.10624 15.6119 0)
(7.63904 15.6991 0)
(6.74432 15.6145 0)
(5.96483 15.2645 0)
(5.09111 15.0449 0)
(4.69939 14.9716 0)
(4.19664 14.636 0)
(3.57282 13.2981 0)
(2.29641 10.9941 0)
(0.770409 8.02101 0)
(-0.361411 0.80834 0)
(-0.484311 0.755737 0)
(-2.50798 -0.531026 0)
(-2.14043 -1.92688 0)
(-2.50893 -1.18377 0)
(-0.702868 0.276804 0)
(1.74075 5.98931 0)
(9.023 15.2041 0)
(9.70187 17.1769 0)
(8.7383 16.7728 0)
(7.92063 16.3253 0)
(7.42866 16.269 0)
(6.65371 16.2687 0)
(5.8874 15.8495 0)
(5.0761 15.7302 0)
(4.60652 15.6939 0)
(3.95863 15.4411 0)
(3.15763 14.3701 0)
(2.04337 12.2234 0)
(0.487613 9.16385 0)
(-0.401546 2.34699 0)
(0.37743 1.1337 0)
(-0.625066 -1.34033 0)
(1.02346 -2.18221 0)
(0.88902 -1.51861 0)
(2.17487 0.212774 0)
(-0.129132 0.351856 0)
(6.4422 11.2941 0)
(9.18617 16.739 0)
(9.0417 17.5806 0)
(7.80694 17.2315 0)
(7.01984 17.0566 0)
(6.29677 17.0972 0)
(5.61639 16.8225 0)
(4.70315 16.3333 0)
(4.10604 16.1775 0)
(3.58498 15.9456 0)
(2.94739 14.8953 0)
(1.84602 13.0026 0)
(0.632328 10.3447 0)
(0.426313 1.29013 0)
(0.511638 0.788409 0)
(3.00445 -0.908886 0)
(2.51029 -3.48657 0)
(4.70433 -1.40445 0)
(4.42718 0.0568929 0)
(4.82841 2.57311 0)
(2.8953 5.49029 0)
(8.08818 14.9417 0)
(8.99557 17.9998 0)
(7.88306 17.9435 0)
(6.85934 17.6543 0)
(6.01607 17.5992 0)
(5.33187 17.4001 0)
(4.58611 17.1635 0)
(3.96143 16.8367 0)
(3.3403 16.7896 0)
(2.70146 16.2261 0)
(1.76728 14.7975 0)
(0.485273 11.8564 0)
(0.570136 1.08409 0)
(1.25471 -1.16937 0)
(4.46393 -2.4341 0)
(4.61372 -5.19162 0)
(7.18443 -2.26684 0)
(6.3054 -1.28841 0)
(8.22183 3.30646 0)
(5.08094 4.78331 0)
(6.48538 12.0666 0)
(8.70337 17.771 0)
(8.12188 18.9855 0)
(6.76336 18.6115 0)
(5.71941 18.4836 0)
(4.99898 18.2489 0)
(4.18151 17.7851 0)
(3.48175 17.5566 0)
(2.87833 17.2157 0)
(2.27434 16.4512 0)
(1.42865 15.012 0)
(0.402741 12.4137 0)
(0.80447 -0.574553 0)
(2.78072 -3.38904 0)
(4.94093 -4.78973 0)
(5.88798 -6.36478 0)
(8.18169 -3.35984 0)
(8.01313 -1.36243 0)
(9.28422 3.53621 0)
(8.11565 6.68781 0)
(6.10649 10.5144 0)
(7.89248 16.8623 0)
(7.90976 19.5473 0)
(6.68355 19.5775 0)
(5.39869 19.0961 0)
(4.5591 18.8843 0)
(3.91929 18.5979 0)
(3.32691 18.1455 0)
(2.75332 18.0913 0)
(2.13639 17.7207 0)
(1.375 16.6607 0)
(0.402181 13.8072 0)
(0.827552 -2.7124 0)
(2.78497 -5.14662 0)
(4.36058 -6.80928 0)
(6.07171 -7.86098 0)
(7.70786 -5.07737 0)
(8.48213 -1.70558 0)
(8.59696 3.06485 0)
(9.53646 8.32322 0)
(6.28156 10.9257 0)
(6.88001 16.5007 0)
(7.41076 20.0843 0)
(6.37529 20.5859 0)
(5.0972 20.1388 0)
(4.19452 19.6136 0)
(3.53 19.2013 0)
(2.87196 18.9642 0)
(2.22361 18.5458 0)
(1.71169 17.8835 0)
(1.094 16.7302 0)
(0.22354 14.0863 0)
(0.711177 -4.40735 0)
(1.89536 -6.78105 0)
(3.70583 -9.36138 0)
(5.3532 -9.62215 0)
(6.64762 -6.32423 0)
(7.84547 -2.01295 0)
(7.25068 2.83364 0)
(8.89936 9.08246 0)
(6.25574 12.0188 0)
(5.99466 16.4915 0)
(6.4563 20.4962 0)
(5.67586 21.5133 0)
(4.44438 20.9232 0)
(3.58308 20.3794 0)
(3.07356 19.8852 0)
(2.61903 19.3705 0)
(2.09577 19.1922 0)
(1.5148 18.8911 0)
(0.975537 18.0449 0)
(0.256004 15.2044 0)
(0.676114 -4.97934 0)
(1.35138 -7.90487 0)
(2.75269 -10.8406 0)
(3.54944 -10.5932 0)
(4.82156 -6.74926 0)
(5.9288 -2.16444 0)
(5.14656 3.13946 0)
(7.09671 9.72076 0)
(5.38813 13.0511 0)
(4.43196 16.7144 0)
(5.37211 21.0935 0)
(4.81643 22.4108 0)
(3.71304 21.9096 0)
(2.91563 21.0506 0)
(2.54076 20.5053 0)
(2.02225 20.1831 0)
(1.48227 19.7087 0)
(1.19197 19.062 0)
(0.782991 18.0799 0)
(0.0923943 15.3307 0)
(0.577526 -5.95708 0)
(0.691683 -8.93444 0)
(1.51329 -11.8326 0)
(1.85044 -11.5349 0)
(2.97409 -7.7283 0)
(3.70137 -2.60332 0)
(3.05853 3.26731 0)
(4.83002 10.1185 0)
(3.40434 13.5284 0)
(3.24584 17.3281 0)
(3.86297 21.2696 0)
(3.53611 22.9038 0)
(2.72959 22.4309 0)
(2.17035 21.694 0)
(1.84556 20.9891 0)
(1.57669 20.3557 0)
(1.2671 20.05 0)
(0.902747 19.7959 0)
(0.598415 19.0411 0)
(0.0718856 16.1117 0)
(0.32539 -5.9602 0)
(-0.236333 -8.68354 0)
(0.0846882 -11.8779 0)
(-0.0657388 -11.8734 0)
(0.668251 -8.3499 0)
(1.27646 -2.94309 0)
(0.95501 3.10761 0)
(2.14542 9.83972 0)
(1.72572 13.8807 0)
(1.60524 17.514 0)
(2.26377 21.5663 0)
(2.10902 23.3553 0)
(1.73524 23.1007 0)
(1.41991 22.1304 0)
(1.30755 21.3735 0)
(1.00765 20.9504 0)
(0.714228 20.4795 0)
(0.613358 19.856 0)
(0.381084 18.9485 0)
(-0.0405101 16.0743 0)
(0.0962641 -5.59055 0)
(-1.24252 -8.47051 0)
(-1.49961 -11.9507 0)
(-2.13856 -11.8823 0)
(-1.8077 -8.68764 0)
(-1.02118 -2.94984 0)
(-1.21164 2.99403 0)
(-0.203466 9.47993 0)
(-0.336099 13.638 0)
(0.0610836 17.4861 0)
(0.694503 21.3746 0)
(0.658961 23.2304 0)
(0.58348 23.156 0)
(0.553568 22.445 0)
(0.523844 21.5758 0)
(0.510327 20.8346 0)
(0.443987 20.4978 0)
(0.310851 20.278 0)
(0.234984 19.591 0)
(-0.0837465 16.5044 0)
(-0.298151 -4.94748 0)
(-2.00244 -8.14696 0)
(-2.44001 -11.4562 0)
(-3.6004 -11.747 0)
(-3.7474 -8.8414 0)
(-3.01582 -3.09638 0)
(-2.85644 2.90268 0)
(-2.12017 8.98274 0)
(-1.7075 13.0228 0)
(-1.12731 17.1212 0)
(-0.939755 20.9627 0)
(-0.629919 23.2062 0)
(-0.402249 23.2021 0)
(-0.171153 22.2939 0)
(0.000279817 21.5408 0)
(0.0174741 21.1813 0)
(-0.0258422 20.7876 0)
(-0.0113223 20.2129 0)
(-0.040987 19.3038 0)
(-0.166565 16.2421 0)
(0.157936 -3.4988 0)
(-1.60315 -6.16456 0)
(-2.2812 -10.3286 0)
(-4.12569 -10.9697 0)
(-5.0036 -8.90231 0)
(-4.59547 -3.53082 0)
(-4.08662 2.38214 0)
(-3.14727 8.09961 0)
(-2.69648 12.5525 0)
(-2.65185 16.5911 0)
(-2.07849 20.9251 0)
(-1.85993 22.6561 0)
(-1.39086 22.6562 0)
(-1.03881 22.0258 0)
(-0.723376 21.3557 0)
(-0.485118 20.7866 0)
(-0.353956 20.4895 0)
(-0.271671 20.3078 0)
(-0.107574 19.694 0)
(-0.19628 16.3823 0)
(0.0104883 -3.08738 0)
(-2.18514 -5.72204 0)
(-1.95546 -9.1982 0)
(-3.83677 -9.7024 0)
(-5.29782 -8.23617 0)
(-5.80789 -3.91489 0)
(-4.85019 1.93107 0)
(-4.17417 7.58868 0)
(-4.20395 12.0429 0)
(-3.64626 16.8838 0)
(-3.24285 20.428 0)
(-2.91466 22.1869 0)
(-2.3052 22.1826 0)
(-1.67042 21.4826 0)
(-1.12033 21.0377 0)
(-0.843724 20.8513 0)
(-0.685495 20.5631 0)
(-0.48134 20.0821 0)
(-0.370343 19.2249 0)
(-0.305734 15.8879 0)
(0.062363 -2.00382 0)
(-1.81038 -4.49879 0)
(-1.38249 -8.36743 0)
(-2.7554 -8.16798 0)
(-4.51437 -7.21128 0)
(-6.11713 -4.14741 0)
(-5.50304 1.65619 0)
(-5.50239 7.00704 0)
(-5.04636 12.1968 0)
(-4.47582 16.5672 0)
(-4.26214 19.8476 0)
(-3.72974 21.2716 0)
(-2.9032 21.1356 0)
(-2.07203 20.9551 0)
(-1.5787 20.6151 0)
(-1.23436 20.2103 0)
(-0.893677 20.0568 0)
(-0.643948 19.921 0)
(-0.371029 19.3274 0)
(-0.319837 15.7761 0)
(-0.611041 -1.15605 0)
(-0.841896 -3.75249 0)
(-0.342256 -7.41599 0)
(-1.32736 -7.00484 0)
(-3.02101 -5.23883 0)
(-5.38094 -3.1186 0)
(-5.93203 1.56802 0)
(-5.93804 6.7665 0)
(-5.51633 11.8548 0)
(-5.3735 15.847 0)
(-4.83173 19.3021 0)
(-4.17323 20.3001 0)
(-3.08591 20.5255 0)
(-2.29081 20.1783 0)
(-1.77012 19.9489 0)
(-1.31385 20.0799 0)
(-1.03992 20.0148 0)
(-0.781893 19.6683 0)
(-0.600125 18.8864 0)
(-0.371835 15.0922 0)
(-1.82831 -0.900223 0)
(0.864302 -5.13294 0)
(0.55013 -7.01146 0)
(0.135287 -6.02686 0)
(-1.45452 -3.57065 0)
(-3.48573 -1.5238 0)
(-5.58926 1.68882 0)
(-5.48361 6.85478 0)
(-5.90275 11.3792 0)
(-5.47327 15.5439 0)
(-5.01439 18.3697 0)
(-3.96171 19.0559 0)
(-2.88912 19.3354 0)
(-2.29647 19.4536 0)
(-1.79692 19.5965 0)
(-1.37422 19.4957 0)
(-1.04114 19.4511 0)
(-0.77925 19.3729 0)
(-0.52681 18.7619 0)
(-0.415695 14.8668 0)
(-1.70268 -0.292916 0)
(2.11613 -6.60701 0)
(1.60485 -6.90142 0)
(1.14485 -5.23536 0)
(-0.165354 -2.09151 0)
(-1.56839 0.59201 0)
(-4.36804 2.85367 0)
(-4.68035 7.09061 0)
(-5.43677 11.287 0)
(-5.07453 15.198 0)
(-4.49335 17.1953 0)
(-3.41624 18.208 0)
(-2.65583 18.8412 0)
(-2.16401 18.7595 0)
(-1.67065 18.9397 0)
(-1.31637 19.2508 0)
(-1.1527 19.3328 0)
(-0.940376 19.2372 0)
(-0.714237 18.4198 0)
(-0.305784 14.0355 0)
(1.09763 -1.23144 0)
(2.44752 -6.59585 0)
(2.20988 -6.47334 0)
(1.58351 -4.38422 0)
(0.399274 -0.935322 0)
(-0.187554 2.35861 0)
(-2.51457 4.47722 0)
(-3.62064 7.47704 0)
(-4.12766 11.5991 0)
(-4.27389 14.7355 0)
(-3.32742 16.4148 0)
(-2.71801 17.497 0)
(-2.25113 17.8158 0)
(-1.85343 18.3763 0)
(-1.46801 18.8566 0)
(-1.24711 18.8413 0)
(-0.914391 18.923 0)
(-0.655389 18.8981 0)
(-0.478127 18.2132 0)
(-0.328663 13.9423 0)
(1.6737 -4.43942 0)
(1.8798 -7.41398 0)
(1.83152 -6.06927 0)
(1.42292 -3.60331 0)
(0.603658 -0.147807 0)
(0.54596 3.33183 0)
(-0.67171 6.24679 0)
(-2.26054 8.41493 0)
(-2.67183 11.8969 0)
(-3.07372 14.6188 0)
(-2.30039 15.5782 0)
(-1.91896 17.3264 0)
(-1.67946 17.8362 0)
(-1.38319 18.1237 0)
(-1.18591 18.3657 0)
(-1.00813 18.7041 0)
(-0.906949 18.8364 0)
(-0.768208 18.8058 0)
(-0.643853 17.9024 0)
(-0.237029 13.0612 0)
(0.6617 -5.59848 0)
(1.30614 -7.30919 0)
(1.47494 -5.68627 0)
(1.2654 -3.2179 0)
(0.782686 0.123956 0)
(1.03437 3.62496 0)
(0.695312 7.35124 0)
(-0.530873 9.52727 0)
(-1.43542 12.1574 0)
(-1.41806 14.6665 0)
(-1.28743 15.3246 0)
(-1.18508 16.8562 0)
(-1.03201 17.162 0)
(-0.922705 17.8971 0)
(-0.886259 18.4319 0)
(-0.876448 18.4526 0)
(-0.647821 18.5307 0)
(-0.515605 18.5403 0)
(-0.252599 17.7903 0)
(-0.0220191 13.2542 0)
(0.607496 -6.53599 0)
(1.00336 -7.80595 0)
(1.22823 -5.46531 0)
(1.18859 -2.94425 0)
(0.974213 0.26584 0)
(1.40885 3.51927 0)
(1.27169 7.92402 0)
(1.25963 10.7774 0)
(-0.214013 12.7558 0)
(-0.116454 14.8267 0)
(-0.393605 15.3949 0)
(-0.510857 16.9674 0)
(-0.358003 17.6428 0)
(-0.346664 18.0163 0)
(-0.372471 18.2491 0)
(-0.328753 18.5367 0)
(-0.327297 18.6471 0)
(-0.16229 18.5022 0)
(-0.33993 17.6986 0)
(-0.282088 12.6282 0)
(0.406915 -7.17296 0)
(0.84192 -7.86353 0)
(1.08492 -5.42106 0)
(1.27369 -2.95952 0)
(1.28095 0.121437 0)
(1.83402 3.30415 0)
(1.45746 7.67672 0)
(2.66813 11.5366 0)
(1.08811 13.4761 0)
(1.0147 15.0015 0)
(0.622327 15.8479 0)
(0.10474 16.8351 0)
(0.0838023 17.0992 0)
(0.0346207 17.9111 0)
(-0.0676064 18.4892 0)
(-0.269266 18.3869 0)
(-0.308505 18.2901 0)
(-0.444098 18.2566 0)
(-0.115018 17.3014 0)
(0.213112 12.5722 0)
(0.413064 -7.81914 0)
(0.844833 -8.31074 0)
(1.24787 -5.62549 0)
(1.61067 -3.194 0)
(1.85879 -0.110671 0)
(2.4265 3.0574 0)
(1.87319 7.2382 0)
(3.34413 11.5199 0)
(2.34651 14.3322 0)
(1.83059 15.5821 0)
(1.30469 16.3013 0)
(0.783045 17.5128 0)
(0.518595 17.8914 0)
(0.295153 18.1963 0)
(0.194905 18.5101 0)
(0.167157 18.7262 0)
(0.170735 18.7191 0)
(0.445428 18.5153 0)
(0.113169 17.9359 0)
(-0.0722195 13.0079 0)
(0.392714 -8.52065 0)
(0.986786 -8.73305 0)
(1.5639 -6.0982 0)
(2.18165 -3.76768 0)
(2.64751 -0.566249 0)
(3.16799 2.81488 0)
(2.65581 6.8659 0)
(3.48764 10.8426 0)
(3.36916 14.8549 0)
(2.73697 16.2502 0)
(1.90355 16.8585 0)
(1.23924 17.6177 0)
(0.748945 17.6104 0)
(0.523725 18.1828 0)
(0.494518 18.7854 0)
(0.268438 18.6942 0)
(0.0842729 18.4959 0)
(-0.260051 18.2595 0)
(-0.165034 17.0993 0)
(-0.0235754 12.1326 0)
(0.465751 -9.37547 0)
(1.18553 -9.38945 0)
(1.99671 -6.89637 0)
(2.79197 -4.56682 0)
(3.44308 -1.15519 0)
(3.87776 2.6172 0)
(3.58954 6.81766 0)
(3.61614 10.3912 0)
(3.80951 15.1156 0)
(3.258 17.106 0)
(2.2551 17.6748 0)
(1.69237 18.6267 0)
(1.10342 18.75 0)
(0.558902 18.5721 0)
(0.328643 18.7481 0)
(0.263353 18.9424 0)
(0.145111 18.7859 0)
(0.422276 18.5725 0)
(0.339329 18.0511 0)
(0.421362 13.3874 0)
(0.504985 -10.3299 0)
(1.40464 -10.2035 0)
(2.39805 -7.91383 0)
(3.23128 -5.53516 0)
(3.99689 -1.74485 0)
(4.35465 2.46882 0)
(4.26674 7.02492 0)
(3.86905 10.4589 0)
(3.81604 15.0293 0)
(3.68749 17.7194 0)
(2.59325 18.3424 0)
(1.73851 18.676 0)
(1.0584 18.5768 0)
(0.619633 18.7802 0)
(0.533951 19.1281 0)
(0.394907 19.0245 0)
(0.415242 18.8697 0)
(0.128508 18.5267 0)
(-0.0988418 17.5589 0)
(-0.423428 12.5036 0)
(0.546924 -11.4328 0)
(1.53193 -11.1539 0)
(2.58103 -9.03825 0)
(3.42121 -6.46759 0)
(4.1228 -2.36036 0)
(4.46043 2.32398 0)
(4.45223 7.25522 0)
(4.01782 10.9637 0)
(3.38521 15.0867 0)
(3.54415 18.5775 0)
(2.54305 19.46 0)
(1.74061 19.9276 0)
(1.16387 19.9293 0)
(0.541654 19.3508 0)
(0.185924 19.1455 0)
(0.0535015 19.2359 0)
(-0.305048 18.8976 0)
(-0.146267 18.5246 0)
(-0.043257 17.6443 0)
(0.45894 12.8915 0)
(0.524035 -12.5563 0)
(1.52346 -12.182 0)
(2.56793 -10.0431 0)
(3.1724 -7.25373 0)
(3.81364 -2.8077 0)
(4.01135 2.34021 0)
(3.97045 7.52148 0)
(3.83057 11.5532 0)
(2.82329 15.0917 0)
(3.20039 18.8434 0)
(2.36105 20.0098 0)
(1.40214 19.9168 0)
(0.74089 19.6638 0)
(0.278935 19.6381 0)
(0.0554546 19.5592 0)
(-0.0648981 19.1593 0)
(0.234062 19.0025 0)
(0.217254 18.713 0)
(0.169926 18.148 0)
(-0.270766 13.3745 0)
(0.458569 -13.4836 0)
(1.31775 -13.0133 0)
(2.19738 -10.8787 0)
(2.63177 -7.79586 0)
(3.00294 -2.93836 0)
(3.12743 2.29888 0)
(2.98722 7.742 0)
(3.15746 12.2266 0)
(1.98419 15.6891 0)
(2.33008 19.6281 0)
(1.72973 21.1596 0)
(0.971362 21.3556 0)
(0.523331 21.0289 0)
(0.0237372 20.1343 0)
(-0.252094 19.6326 0)
(-0.358043 19.6165 0)
(-0.797416 19.1296 0)
(-0.723415 18.5958 0)
(-0.858018 17.359 0)
(-0.295738 12.0183 0)
(0.318929 -14.2076 0)
(0.889993 -13.6757 0)
(1.51442 -11.4148 0)
(1.80839 -7.92076 0)
(1.85903 -2.94032 0)
(1.88328 2.54782 0)
(1.67642 8.05079 0)
(2.00448 12.533 0)
(0.983448 15.7527 0)
(1.31491 19.6134 0)
(0.968532 21.4338 0)
(0.209116 21.1782 0)
(-0.351938 20.6058 0)
(-0.6083 20.4475 0)
(-0.834805 20.0046 0)
(-1.0121 19.1159 0)
(-0.661346 18.7284 0)
(-0.516662 18.3536 0)
(0.122658 17.7326 0)
(0.10535 13.1991 0)
(0.188542 -14.6784 0)
(0.421195 -14.0319 0)
(0.64313 -11.6618 0)
(0.67896 -7.86842 0)
(0.59698 -2.79311 0)
(0.437673 2.66922 0)
(0.306174 8.28295 0)
(0.591255 13.1381 0)
(-0.151125 16.433 0)
(0.033852 20.2554 0)
(-0.113505 22.4211 0)
(-0.655093 22.5619 0)
(-0.882437 21.9078 0)
(-1.16747 20.7032 0)
(-1.24571 19.9301 0)
(-1.17202 19.842 0)
(-1.3572 19.2878 0)
(-1.06904 18.7336 0)
(-1.52062 17.5964 0)
(-0.904836 11.6719 0)
(0.0596344 -14.8016 0)
(-0.0247299 -14.0239 0)
(-0.225356 -11.692 0)
(-0.469277 -7.65985 0)
(-0.741396 -2.3451 0)
(-1.12512 2.85571 0)
(-1.09514 8.29328 0)
(-0.908972 13.0699 0)
(-1.32865 16.3841 0)
(-1.18812 19.9852 0)
(-1.18016 22.3296 0)
(-1.69843 21.9777 0)
(-2.02552 21.1459 0)
(-2.00187 20.874 0)
(-2.11086 20.3493 0)
(-2.26683 19.1237 0)
(-2.01767 18.373 0)
(-2.0196 17.589 0)
(-0.98161 16.0533 0)
(-0.679816 10.9371 0)
(-0.0569446 -14.6411 0)
(-0.380016 -13.6948 0)
(-0.925947 -11.3169 0)
(-1.4523 -7.22391 0)
(-1.84658 -1.99744 0)
(-2.28862 3.14929 0)
(-2.25697 8.441 0)
(-2.12636 13.337 0)
(-2.51007 16.7607 0)
(-2.51908 20.3621 0)
(-2.35258 22.9389 0)
(-2.75751 23.1198 0)
(-2.72599 22.3632 0)
(-2.89486 20.9073 0)
(-2.73281 19.8061 0)
(-2.53121 19.5463 0)
(-2.53988 18.9701 0)
(-1.78083 18.3953 0)
(-1.53995 17.1596 0)
(-0.183219 10.8238 0)
(-0.178638 -14.2974 0)
(-0.636346 -13.1436 0)
(-1.43887 -10.7519 0)
(-2.14154 -6.74177 0)
(-2.69649 -1.6304 0)
(-3.3539 3.17602 0)
(-3.42157 8.50425 0)
(-3.36397 13.1316 0)
(-3.71055 16.5942 0)
(-3.71218 20.1331 0)
(-3.42039 22.6569 0)
(-3.80496 22.1619 0)
(-3.92975 21.0337 0)
(-3.68301 20.678 0)
(-3.64101 20.363 0)
(-3.67281 19.1839 0)
(-3.27288 18.2834 0)
(-3.49446 17.2452 0)
(-3.2481 15.0638 0)
(-2.92023 7.93595 0)
(-0.320378 -13.8069 0)
(-0.939685 -12.4632 0)
(-1.9339 -9.91212 0)
(-2.80168 -5.89637 0)
(-3.37638 -0.658796 0)
(-4.0743 3.76254 0)
(-4.13539 8.60308 0)
(-4.2057 13.2344 0)
(-4.61435 16.9342 0)
(-4.76843 20.5507 0)
(-4.51257 23.0301 0)
(-4.85038 23.003 0)
(-4.61362 22.261 0)
(-4.77021 20.8211 0)
(-4.4154 19.4052 0)
(-4.07175 18.8173 0)
(-4.36098 18.066 0)
(-3.70262 17.0081 0)
(-2.21879 13.2125 0)
(-1.76472 4.5331 0)
(-0.424993 -13.2034 0)
(-1.26609 -11.7489 0)
(-2.36498 -9.15278 0)
(-3.30414 -5.14329 0)
(-3.97101 -0.48123 0)
(-4.60151 3.99607 0)
(-4.93612 8.95807 0)
(-5.18393 13.3865 0)
(-5.63157 17.0467 0)
(-5.77526 20.5204 0)
(-5.5092 22.7487 0)
(-5.79712 21.9097 0)
(-5.78607 20.433 0)
(-5.3763 20.0034 0)
(-5.20659 19.9964 0)
(-5.32488 18.9548 0)
(-4.60361 17.9226 0)
(-4.37431 16.9132 0)
(-4.64086 15.2601 0)
(2.74515 3.2127 0)
(-0.440882 -12.3402 0)
(-1.50944 -10.9154 0)
(-2.70424 -8.29817 0)
(-3.68257 -4.1389 0)
(-4.32087 0.494699 0)
(-5.10034 4.6348 0)
(-5.4709 9.32559 0)
(-5.87128 13.7168 0)
(-6.35593 17.6299 0)
(-6.58621 21.0803 0)
(-6.47634 22.8725 0)
(-6.68359 22.4177 0)
(-6.25584 21.891 0)
(-6.41902 20.875 0)
(-6.24172 19.323 0)
(-5.72149 18.3914 0)
(-5.53912 17.3433 0)
(-4.31993 15.3762 0)
(-3.20582 9.49922 0)
(4.0981 3.24027 0)
(-0.494443 -11.0394 0)
(-1.78146 -9.66367 0)
(-3.08086 -7.39478 0)
(-4.09911 -3.8896 0)
(-4.6719 0.983189 0)
(-5.50857 4.98685 0)
(-5.97456 9.87233 0)
(-6.64252 14.2336 0)
(-7.25565 17.9778 0)
(-7.47845 21.0718 0)
(-7.29782 22.5858 0)
(-7.35112 21.5119 0)
(-7.30965 19.8865 0)
(-6.8914 19.4353 0)
(-6.60348 19.6801 0)
(-6.93088 18.8217 0)
(-6.38266 17.3546 0)
(-5.91531 14.1949 0)
(0.79961 2.65775 0)
(1.22231 4.57149 0)
(-0.624922 -9.82269 0)
(-2.06741 -7.9568 0)
(-3.46997 -5.61551 0)
(-4.4479 -2.07878 0)
(-5.21506 1.87843 0)
(-6.07499 5.90071 0)
(-6.61577 10.5769 0)
(-7.31448 14.7975 0)
(-7.87597 18.576 0)
(-7.99896 21.5765 0)
(-7.95982 22.4107 0)
(-7.90877 21.4704 0)
(-7.32379 21.4791 0)
(-7.45145 21.3786 0)
(-7.93877 19.7079 0)
(-7.70619 18.116 0)
(-7.41043 15.7401 0)
(-4.2783 10.0016 0)
(0.250815 1.79314 0)
(-1.53234 4.99734 0)
(-0.521513 -8.96256 0)
(-1.77374 -7.45668 0)
(-3.36759 -5.52226 0)
(-4.49346 -1.82323 0)
(-5.4591 2.64928 0)
(-6.41461 6.56284 0)
(-7.09371 11.4018 0)
(-7.85663 15.6671 0)
(-8.45338 19.0553 0)
(-8.56737 21.3656 0)
(-8.27863 21.9886 0)
(-7.95939 21.213 0)
(-8.09746 20.0462 0)
(-8.34271 19.2537 0)
(-8.39018 19.1221 0)
(-8.7624 17.9875 0)
(-6.99124 14.0899 0)
(-1.13736 3.79744 0)
(-0.71573 2.13179 0)
(-1.11759 3.5784 0)
(-0.655323 -7.00852 0)
(-1.96084 -5.30155 0)
(-3.69098 -3.29891 0)
(-4.89637 -0.360312 0)
(-5.77873 3.59583 0)
(-6.78546 7.25104 0)
(-7.5241 12.0001 0)
(-8.22801 16.0687 0)
(-8.74027 19.208 0)
(-8.52453 21.5492 0)
(-8.37172 21.7137 0)
(-8.29726 20.5726 0)
(-8.0807 20.948 0)
(-8.32219 21.6962 0)
(-9.29107 20.2532 0)
(-8.53003 17.2781 0)
(-6.51198 10.8186 0)
(-1.32577 0.973579 0)
(-2.38964 2.23192 0)
(-0.285572 2.36285 0)
(-0.531165 -6.33962 0)
(-1.97633 -4.2537 0)
(-3.53663 -2.4276 0)
(-4.79652 0.61395 0)
(-5.75882 4.77481 0)
(-6.99162 8.29261 0)
(-7.72299 12.7741 0)
(-8.28977 16.7338 0)
(-8.63038 19.5731 0)
(-8.58268 21.1401 0)
(-8.23567 21.0425 0)
(-7.78153 20.9947 0)
(-8.15535 20.9693 0)
(-9.1518 20.0079 0)
(-9.10133 18.8114 0)
(-8.36818 15.2247 0)
(-4.60504 6.76857 0)
(-2.56698 0.151061 0)
(-2.29797 0.79265 0)
(-0.274833 1.13657 0)
(-0.581179 -4.65498 0)
(-1.78815 -2.75651 0)
(-3.38172 -0.970766 0)
(-4.73353 1.69556 0)
(-5.69026 5.65424 0)
(-6.89466 9.10612 0)
(-7.58242 13.2846 0)
(-8.02424 16.9532 0)
(-8.3861 19.3164 0)
(-7.92211 21.003 0)
(-7.5928 21.2104 0)
(-7.76949 20.5862 0)
(-8.13157 21.1279 0)
(-8.22628 21.9973 0)
(-8.7946 19.9517 0)
(-6.76691 13.8931 0)
(-2.9691 3.58626 0)
(-2.53822 -0.234591 0)
(-1.78252 -0.672639 0)
(-0.406874 0.0698441 0)
(-0.498861 -3.65107 0)
(-1.71257 -1.39554 0)
(-3.32208 0.383246 0)
(-4.5935 2.91781 0)
(-5.42098 6.85929 0)
(-6.38196 10.1251 0)
(-7.01626 13.776 0)
(-7.46919 17.277 0)
(-7.47072 19.6534 0)
(-7.35413 20.8177 0)
(-7.16286 20.6103 0)
(-6.91715 21.2814 0)
(-7.1692 22.2292 0)
(-8.16883 20.7603 0)
(-7.41659 17.4592 0)
(-5.72345 11.179 0)
(-2.19608 1.65404 0)
(-2.54092 -0.881959 0)
(-1.3502 -1.70027 0)
(-0.42508 -0.910121 0)
(-0.508717 -2.38573 0)
(-1.61808 0.0468032 0)
(-3.08453 1.8751 0)
(-4.22789 3.81769 0)
(-4.90749 7.57766 0)
(-5.73505 10.7269 0)
(-6.383 14.1279 0)
(-6.55812 17.3879 0)
(-6.74567 19.1901 0)
(-6.35591 20.3882 0)
(-5.98505 21.1789 0)
(-6.3119 21.2327 0)
(-6.85666 21.4111 0)
(-6.32252 21.3518 0)
(-6.09142 18.2584 0)
(-3.80948 10.4155 0)
(-1.88307 0.549307 0)
(-1.99967 -1.60317 0)
(-0.982304 -2.70626 0)
(-0.349221 -1.70872 0)
(-0.40756 -1.44645 0)
(-1.32354 0.977739 0)
(-2.57997 2.72319 0)
(-3.80544 4.66984 0)
(-4.48295 8.33031 0)
(-5.07333 11.6311 0)
(-5.40124 14.583 0)
(-5.68895 17.4085 0)
(-5.50642 19.4845 0)
(-5.37071 20.5266 0)
(-5.4388 20.5174 0)
(-5.3446 21.4389 0)
(-5.04041 22.5288 0)
(-5.51251 20.3587 0)
(-4.18973 14.9542 0)
(-2.18372 6.74739 0)
(-1.00965 -0.178426 0)
(-1.38925 -2.27318 0)
(-0.711544 -3.14526 0)
(-0.363655 -2.26394 0)
(-0.356879 -0.52162 0)
(-1.12366 2.22884 0)
(-2.34332 4.21443 0)
(-3.51861 5.66262 0)
(-3.96818 8.82656 0)
(-4.21631 11.8489 0)
(-4.62362 14.6442 0)
(-4.64554 17.5396 0)
(-4.71819 19.0194 0)
(-4.48072 19.9192 0)
(-4.02889 21.0966 0)
(-4.1971 21.5296 0)
(-4.5919 20.9635 0)
(-3.42961 19.6693 0)
(-2.58201 15.7382 0)
(-0.149365 7.90037 0)
(-0.297724 0.445196 0)
(-0.323443 -2.2009 0)
(-0.714785 -3.28971 0)
(-0.29409 -2.7286 0)
(-0.291762 0.151526 0)
(-0.87069 2.9618 0)
(-1.80488 5.15428 0)
(-2.94057 6.36692 0)
(-3.42811 9.06856 0)
(-3.73219 12.3016 0)
(-3.79807 15.0177 0)
(-3.91898 17.3281 0)
(-3.5602 19.1695 0)
(-3.37719 20.3402 0)
(-3.55328 20.3957 0)
(-3.39638 21.1198 0)
(-2.44913 21.6975 0)
(-2.3712 18.9324 0)
(-1.11588 12.598 0)
(-0.00398572 4.37213 0)
(0.203043 -0.338239 0)
(-0.564866 -2.18086 0)
(-0.853133 -3.25403 0)
(-0.273104 -3.35613 0)
(-0.210049 0.697753 0)
(-0.595444 3.59865 0)
(-1.2844 6.14837 0)
(-2.43823 7.22104 0)
(-3.02705 9.54202 0)
(-3.10606 12.3347 0)
(-3.11542 14.6901 0)
(-2.95741 17.3434 0)
(-2.93977 18.7101 0)
(-2.7688 19.5403 0)
(-2.17045 20.8002 0)
(-2.03308 21.2223 0)
(-2.29116 19.9188 0)
(-0.74061 17.5431 0)
(0.311129 13.0458 0)
(1.91397 6.53066 0)
(0.830318 1.2045 0)
(-0.285666 -1.18619 0)
(-0.916249 -3.27966 0)
(-0.312458 -3.82456 0)
(-0.13574 1.09767 0)
(-0.431202 4.1273 0)
(-0.780992 7.04026 0)
(-1.82377 8.15821 0)
(-2.35275 9.73405 0)
(-2.52974 12.448 0)
(-2.47814 14.9704 0)
(-2.47245 16.9716 0)
(-1.97989 18.7627 0)
(-1.65543 20.0271 0)
(-1.8502 20.0227 0)
(-1.50323 20.3126 0)
(-0.242611 20.2857 0)
(-0.0419281 17.1469 0)
(1.05193 10.4474 0)
(0.973754 4.37728 0)
(0.327837 1.76432 0)
(-0.608419 -0.560101 0)
(-0.87923 -3.23412 0)
(-0.602077 -4.69835 0)
(-0.0524315 1.3045 0)
(-0.198711 4.15222 0)
(-0.200743 7.49392 0)
(-1.04056 8.85044 0)
(-1.71249 10.312 0)
(-1.96089 12.4809 0)
(-1.90015 14.5067 0)
(-1.49132 16.8693 0)
(-1.51365 18.1899 0)
(-1.25708 19.0278 0)
(-0.506336 20.1992 0)
(-0.0700337 20.3064 0)
(-0.273553 18.4381 0)
(1.20533 15.6695 0)
(2.14508 11.511 0)
(2.42243 6.45197 0)
(1.12797 1.6828 0)
(-0.696342 -0.387622 0)
(-1.13996 -3.39349 0)
(-0.185302 -5.78645 0)
(0.0365534 1.43519 0)
(-0.0403565 4.2987 0)
(0.249778 7.86067 0)
(-0.247793 9.75859 0)
(-0.981985 10.6368 0)
(-1.10194 12.5585 0)
(-1.13264 14.7412 0)
(-1.14207 16.3828 0)
(-0.514225 18.207 0)
(-0.0143773 19.3866 0)
(-0.190627 19.2879 0)
(0.419097 19.2875 0)
(1.79106 18.8763 0)
(1.82046 15.521 0)
(2.329 9.65668 0)
(2.05852 6.29626 0)
(0.785547 5.77271 0)
(0.0992046 2.26968 0)
(-0.160148 -3.24364 0)
(-0.0264659 -6.16284 0)
(0.15601 1.34916 0)
(0.159411 3.99018 0)
(0.67082 7.68509 0)
(0.577385 10.1219 0)
(0.000810443 11.2993 0)
(-0.40367 12.6725 0)
(-0.429742 14.3109 0)
(0.114164 16.3124 0)
(0.0319482 17.4295 0)
(0.452767 18.3193 0)
(1.38905 19.3375 0)
(1.86254 19.108 0)
(1.59287 17.0431 0)
(2.97654 14.5448 0)
(3.22098 11.4301 0)
(2.42066 7.03172 0)
(0.394994 2.4852 0)
(-0.0668168 -0.457611 0)
(-0.579029 -3.54557 0)
(-0.406031 -6.06715 0)
(0.31846 1.15234 0)
(0.34971 3.86616 0)
(0.91037 7.32018 0)
(1.30612 10.5966 0)
(0.746123 11.6251 0)
(0.655127 12.8745 0)
(0.635849 14.5559 0)
(0.528498 15.8024 0)
(1.30691 17.544 0)
(1.81444 18.4798 0)
(1.6484 18.2202 0)
(2.46094 18.1519 0)
(3.70745 17.8042 0)
(3.47275 14.7165 0)
(3.32269 10.1834 0)
(2.9216 8.90317 0)
(3.03845 8.23317 0)
(0.553593 4.78595 0)
(0.590566 -2.43064 0)
(-0.520922 -6.65723 0)
(0.41889 0.721719 0)
(0.559686 3.4244 0)
(1.15065 6.57977 0)
(1.85819 10.1849 0)
(1.82349 12.035 0)
(1.46167 12.9575 0)
(1.46074 14.1191 0)
(2.04886 15.7494 0)
(1.8588 16.4917 0)
(2.43454 17.4691 0)
(3.48167 18.376 0)
(3.68678 17.8624 0)
(3.42241 16.0573 0)
(4.66067 14.5693 0)
(4.60418 12.3864 0)
(3.1428 8.30136 0)
(0.992382 5.78639 0)
(1.2104 0.777372 0)
(-0.0810325 -3.4978 0)
(-0.344612 -6.9101 0)
(0.519293 0.220734 0)
(0.695997 3.24631 0)
(1.17621 5.96452 0)
(2.17803 9.78125 0)
(2.422 11.9924 0)
(2.55003 13.22 0)
(2.51976 14.3215 0)
(2.44614 15.2457 0)
(3.40789 16.772 0)
(3.64775 17.3649 0)
(3.57226 17.1228 0)
(4.60271 17.3695 0)
(5.49547 17.2025 0)
(4.76243 14.559 0)
(4.45075 11.4404 0)
(4.38882 10.8769 0)
(3.57829 8.89068 0)
(3.66639 5.26294 0)
(1.67954 0.427179 0)
(0.410328 -5.87236 0)
(0.360465 -0.551925 0)
(0.846826 2.89026 0)
(1.25198 5.24989 0)
(2.24248 8.67291 0)
(3.18163 11.7882 0)
(3.17023 13.0311 0)
(3.34868 13.9423 0)
(3.86715 15.086 0)
(3.6481 15.5266 0)
(4.55365 16.6694 0)
(5.43885 17.4475 0)
(5.23641 16.7144 0)
(5.17575 15.5343 0)
(6.2803 15.208 0)
(5.92907 13.5333 0)
(4.22584 9.93454 0)
(3.24437 8.42567 0)
(2.90964 5.35647 0)
(1.29432 -0.234434 0)
(0.96646 -5.71048 0)
(-0.472362 -1.15337 0)
(0.94425 2.34868 0)
(1.34757 4.44555 0)
(2.30147 7.49571 0)
(3.3408 10.8735 0)
(4.11108 13.0862 0)
(4.14079 14.0026 0)
(4.23831 14.7593 0)
(5.25324 15.9229 0)
(5.11469 16.1315 0)
(5.41 16.1946 0)
(6.57915 16.8942 0)
(6.99238 16.7327 0)
(5.80719 14.586 0)
(6.05387 12.9683 0)
(5.89455 12.8726 0)
(3.99195 9.34811 0)
(2.37324 4.46897 0)
(0.569497 1.5505 0)
(1.03082 -4.45784 0)
(-1.01708 -0.990061 0)
(0.850964 1.54623 0)
(1.3645 3.82148 0)
(2.28995 6.45376 0)
(3.72967 9.99108 0)
(4.25519 12.1535 0)
(4.97168 13.622 0)
(5.23756 14.3473 0)
(5.14646 14.6758 0)
(6.42894 15.9194 0)
(6.78574 16.385 0)
(6.40154 15.5915 0)
(7.00268 15.3838 0)
(7.88465 15.9528 0)
(6.98927 14.169 0)
(5.4065 11.4863 0)
(5.41519 11.5157 0)
(6.27449 9.09968 0)
(2.49592 2.85184 0)
(2.49595 -3.10565 0)
(-0.914978 -0.814952 0)
(0.460263 -0.0915616 0)
(1.63709 3.16026 0)
(2.4891 5.60191 0)
(3.37271 8.5242 0)
(4.88993 11.8282 0)
(5.11647 13.2025 0)
(5.80925 14.3209 0)
(6.44883 14.9794 0)
(6.08045 14.8224 0)
(7.1424 15.4841 0)
(8.0775 16.437 0)
(7.97352 15.9074 0)
(6.93045 14.5415 0)
(8.01852 14.7056 0)
(8.02509 14.5342 0)
(5.07705 10.7154 0)
(5.0029 9.25539 0)
(5.46214 6.09177 0)
(2.46131 -0.0656007 0)
(-0.437649 -0.563946 0)
(0.0258462 -1.59508 0)
(1.63522 2.1053 0)
(2.20602 4.47614 0)
(3.58633 7.51886 0)
(4.45657 10.1482 0)
(5.95428 12.5931 0)
(5.97204 13.3983 0)
(6.53267 14.128 0)
(7.60912 15.0882 0)
(7.38415 14.9216 0)
(7.5123 14.5559 0)
(8.84472 15.4915 0)
(9.39336 16.1885 0)
(7.74121 14.1985 0)
(7.6552 13.7946 0)
(8.2438 13.4588 0)
(5.60983 9.64186 0)
(2.20157 4.51858 0)
(4.47626 4.47837 0)
(0.17684 -0.407501 0)
(0.240352 -2.08905 0)
(1.14244 0.988032 0)
(2.18988 3.9593 0)
(2.96101 6.32677 0)
(4.63482 9.61923 0)
(5.23164 11.6545 0)
(6.87122 13.4821 0)
(6.85613 13.7733 0)
(7.01748 13.8557 0)
(8.52829 14.9967 0)
(8.87775 15.4498 0)
(8.42846 14.3801 0)
(8.74692 14.7896 0)
(10.4905 15.8222 0)
(8.96957 15.1863 0)
(6.66649 13.0276 0)
(7.94311 12.1755 0)
(4.38258 8.97055 0)
(-1.73297 3.78582 0)
(0.612763 -0.904836 0)
(1.10938 -2.10458 0)
(0.999878 -0.20527 0)
(2.2499 3.11217 0)
(2.85211 5.20297 0)
(3.93457 7.51885 0)
(5.72602 10.3997 0)
(5.93566 11.9264 0)
(7.70364 13.5443 0)
(7.90918 13.8343 0)
(7.67103 13.3381 0)
(8.88157 14.0967 0)
(10.4528 15.1569 0)
(9.79758 14.9286 0)
(8.95978 13.7699 0)
(11.1704 15.4403 0)
(10.4751 15.8214 0)
(7.46168 13.4092 0)
(7.33218 11.1176 0)
(6.66046 11.1409 0)
(0.49844 -2.15491 0)
(1.47207 -2.36419 0)
(1.53426 -0.654419 0)
(2.19507 2.08256 0)
(2.92242 4.44964 0)
(3.82719 6.86476 0)
(4.83117 9.29093 0)
(6.72039 11.3565 0)
(6.5623 12.0495 0)
(8.2938 13.3143 0)
(9.18502 14.0981 0)
(8.62582 13.5245 0)
(9.17725 13.0009 0)
(11.2857 15.0422 0)
(11.727 15.3236 0)
(9.81744 14.2347 0)
(11.4515 15.1769 0)
(12.5632 16.4131 0)
(6.46422 14.2735 0)
(2.34551 12.3642 0)
(0.440871 -3.19448 0)
(1.25548 -3.0824 0)
(1.72033 -1.08289 0)
(2.08194 1.38134 0)
(3.04766 3.67644 0)
(3.45641 5.45636 0)
(4.64548 7.46463 0)
(5.63199 10.0167 0)
(7.72668 11.8493 0)
(7.2648 11.7503 0)
(8.70903 12.3674 0)
(10.2111 13.8093 0)
(10.4307 13.183 0)
(9.62129 12.5936 0)
(12.2224 14.04 0)
(14.1598 15.5668 0)
(11.5149 15.2258 0)
(13.7784 15.7389 0)
(16.7823 16.3276 0)
(9.24808 19.8804 0)
(0.45672 -4.02125 0)
(0.928618 -3.58746 0)
(1.36188 -1.62553 0)
(1.87444 1.07375 0)
(2.28232 3.44508 0)
(3.03343 5.47564 0)
(3.68896 7.04685 0)
(5.17998 8.2942 0)
(6.24134 10.3422 0)
(8.63882 12.0662 0)
(8.29732 11.6941 0)
(8.79658 11.9416 0)
(11.2676 12.9176 0)
(12.1682 13.4672 0)
(10.4949 12.481 0)
(13.4683 13.2905 0)
(16.1784 14.8504 0)
(12.9185 16.8554 0)
(19.2141 13.5731 0)
(19.5725 19.3062 0)
(0.215225 -4.60315 0)
(0.483218 -4.12972 0)
(0.888388 -1.8354 0)
(1.15772 0.469848 0)
(1.4045 2.33613 0)
(2.31741 4.09545 0)
(3.0519 5.70019 0)
(4.03906 7.47609 0)
(5.56237 8.68185 0)
(6.59453 9.83184 0)
(9.65419 11.2377 0)
(9.55358 11.5142 0)
(9.52702 10.7429 0)
(12.3913 11.8567 0)
(14.2094 12.7798 0)
(12.2585 13.2513 0)
(17.1917 11.1493 0)
(17.1996 16.3768 0)
(18.2771 13.9202 0)
(22.6325 14.944 0)
(0.103263 -4.72622 0)
(0.0198971 -4.18426 0)
(0.0452562 -1.95319 0)
(0.218093 0.770373 0)
(0.533814 2.70348 0)
(0.936445 3.71117 0)
(2.17287 5.38771 0)
(3.13075 5.9388 0)
(4.64514 7.27639 0)
(5.69949 8.63097 0)
(6.83886 9.05707 0)
(10.3575 10.8539 0)
(11.0545 10.8846 0)
(10.1959 10.6259 0)
(14.114 9.58408 0)
(14.1263 13.4588 0)
(15.3679 9.86442 0)
(17.8802 11.837 0)
(19.4839 12.3495 0)
(20.315 11.0658 0)
(-0.0392494 -4.61709 0)
(-0.501329 -4.09665 0)
(-0.562703 -2.21747 0)
(-0.617574 -0.182501 0)
(-0.320544 1.30337 0)
(0.482097 2.3757 0)
(0.814442 3.53945 0)
(1.74422 5.62873 0)
(3.0708 5.99042 0)
(5.51958 7.27844 0)
(6.11471 6.6919 0)
(7.08737 8.56701 0)
(11.7947 8.62968 0)
(12.1461 11.4099 0)
(13.6164 8.15894 0)
(14.6799 11.0227 0)
(16.8435 10.9302 0)
(16.8169 10.0749 0)
(20.8567 10.4624 0)
(20.1393 9.76531 0)
(-0.379754 -4.06979 0)
(-1.12137 -3.3699 0)
(-1.43411 -1.26512 0)
(-1.69693 0.709861 0)
(-1.3556 1.95138 0)
(-1.10872 2.63589 0)
(0.384673 4.13899 0)
(0.143573 4.0318 0)
(1.03434 1.76037 0)
(3.37856 7.8864 0)
(5.94922 4.60175 0)
(6.80191 8.50883 0)
(6.50223 3.31967 0)
(11.1444 9.24485 0)
(14.1935 8.12022 0)
(13.1775 7.50483 0)
(17.2473 8.22962 0)
(16.7767 8.26979 0)
(20.3812 8.32342 0)
(21.5879 8.4899 0)
(-0.436537 -3.40683 0)
(-1.17271 -3.27809 0)
(-1.50222 -1.83437 0)
(-1.51359 -0.326081 0)
(-1.42583 0.30489 0)
(-0.852101 0.337602 0)
(-0.410918 1.48752 0)
(0.0114315 5.94941 0)
(-0.110289 1.61479 0)
(3.32614 5.75076 0)
(0.254767 0.427063 0)
(7.62119 9.3133 0)
(2.67237 0.218107 0)
(6.15954 5.39353 0)
(12.4533 7.06991 0)
(11.1958 6.57695 0)
(14.9635 6.15396 0)
(16.0249 6.34185 0)
(18.0377 6.16143 0)
(20.5819 6.2934 0)
(-0.522161 -2.43396 0)
(-1.58783 -2.0945 0)
(-2.06791 -0.658139 0)
(-2.36516 0.700344 0)
(-2.68976 1.70526 0)
(-1.49873 1.77528 0)
(-1.50999 3.94785 0)
(-3.32298 2.96324 0)
(0.729097 -3.31183 0)
(3.05828 7.50334 0)
(-0.88884 -3.083 0)
(7.58722 8.50662 0)
(6.92156 4.86504 0)
(4.31967 1.93634 0)
(9.35254 2.71481 0)
(10.0898 4.46978 0)
(12.8127 4.26986 0)
(15.3071 4.88432 0)
(16.4888 4.67594 0)
(18.3746 4.37651 0)
(-0.42657 -1.696 0)
(-1.50155 -1.82696 0)
(-1.8431 -0.913013 0)
(-1.70594 -0.141771 0)
(-1.73587 -0.135652 0)
(0.461344 -2.01853 0)
(-1.33968 3.40328 0)
(3.14401 3.9563 0)
(-0.702922 -4.40683 0)
(4.16712 5.78612 0)
(2.00787 -2.21442 0)
(3.27447 4.50627 0)
(6.12533 3.20916 0)
(6.62157 1.30856 0)
(8.09202 0.652083 0)
(9.79514 1.8274 0)
(11.3299 1.85951 0)
(14.3966 2.52143 0)
(15.7412 2.55759 0)
(17.4594 2.5383 0)
(-0.318878 -0.47193 0)
(-2.054 -0.680048 0)
(-2.93245 -0.117603 0)
(-3.01305 0.183965 0)
(-2.98471 0.184379 0)
(-2.31294 1.35811 0)
(-5.5312 2.91884 0)
(5.13962 0.448292 0)
(-2.93469 0.222482 0)
(1.48156 5.21791 0)
(4.13065 0.801313 0)
(2.04303 0.728387 0)
(6.80333 1.08529 0)
(8.83085 0.803085 0)
(8.96322 -0.0233635 0)
(9.38945 0.165539 0)
(10.2805 0.709141 0)
(12.4074 0.818583 0)
(13.7805 0.89975 0)
(15.9004 1.11191 0)
(12.7404 12.017 0)
(-12.5124 -8.82594 0)
(6.20931 -12.912 0)
(-6.734 -2.51709 0)
(5.88631 -7.51795 0)
(2.87359 2.62696 0)
(-7.02957 6.34259 0)
(-3.65341 -0.919451 0)
(-8.64919 1.90477 0)
(-4.48446 -1.26983 0)
(-8.51457 0.0266324 0)
(-5.50533 -0.616321 0)
(-8.98671 0.365521 0)
(-7.9914 0.366617 0)
(-10.8725 0.764528 0)
(-11.031 0.79643 0)
(-13.3698 1.08035 0)
(-13.9397 0.859335 0)
(-15.9568 0.929867 0)
(-16.3362 0.585825 0)
(-16.8402 0.158438 0)
(-16.8422 -0.166945 0)
(-16.6595 -0.249417 0)
(-15.8944 -0.566972 0)
(-15.1967 -0.336751 0)
(-14.5138 -0.294351 0)
(-12.935 -0.434889 0)
(-12.6706 -0.52477 0)
(-10.0999 -1.03533 0)
(-10.0035 -1.11297 0)
(-5.30539 -0.801807 0)
(-7.28912 -0.214058 0)
(-2.66787 -1.27981 0)
(-2.30743 -0.445612 0)
(-0.236624 -0.761275 0)
(1.49772 -0.667249 0)
(2.79962 -0.498841 0)
(4.22614 -0.455316 0)
(5.36047 -0.393503 0)
(6.14482 -0.219862 0)
(6.86859 -0.231854 0)
(7.25936 -0.186523 0)
(7.55832 -0.0384979 0)
(7.44574 0.238382 0)
(7.22433 0.18972 0)
(7.02522 -0.118332 0)
(6.81152 -0.49291 0)
(6.96271 -0.78759 0)
(7.18719 -0.835067 0)
(7.32271 -0.452321 0)
(7.36973 -0.220153 0)
(7.13112 0.08743 0)
(6.48303 0.363433 0)
(5.56214 0.202449 0)
(4.50061 0.510028 0)
(2.90488 0.4305 0)
(1.51688 0.664941 0)
(-0.470523 0.696957 0)
(-2.07065 0.72498 0)
(-3.52225 0.549186 0)
(-4.98958 0.540117 0)
(-5.21341 0.3864 0)
(-6.476 -0.168707 0)
(-4.77328 -0.23716 0)
(-5.54509 -0.250497 0)
(-3.33609 -1.24108 0)
(-1.82341 -0.876536 0)
(-0.242127 -1.03887 0)
(2.45543 -0.833902 0)
(4.117 -0.917337 0)
(7.41913 -0.835225 0)
(8.32496 -1.13675 0)
(11.8793 -0.866274 0)
(12.5371 -0.422268 0)
(15.2888 -0.646002 0)
(16.1519 -0.331594 0)
(17.7472 -0.190251 0)
(18.3022 -0.0730753 0)
(19.0124 -0.025937 0)
(19.2533 0.0958452 0)
(16.9722 15.6872 0)
(21.0753 10.5057 0)
(10.386 11.0397 0)
(-0.00119638 0.874443 0)
(-6.91853 0.0747866 0)
(-6.17413 4.97283 0)
(-3.56515 -0.411762 0)
(-2.29812 1.42477 0)
(-2.19738 -0.227864 0)
(1.05932 -0.11062 0)
(0.00698322 0.834296 0)
(2.21426 1.60518 0)
(0.915751 1.85186 0)
(-0.283204 2.09716 0)
(-2.75453 2.31469 0)
(-4.54784 2.01574 0)
(-6.41168 1.94867 0)
(-6.68904 1.4853 0)
(-7.50236 0.93477 0)
(-8.90125 0.795808 0)
(-7.0091 -0.0422917 0)
(-7.99191 -0.546714 0)
(-7.96717 -0.522481 0)
(-6.70632 -1.07027 0)
(-5.63748 -1.65121 0)
(-6.14454 -1.68125 0)
(-3.21996 -2.13912 0)
(-3.47958 -2.30723 0)
(-1.16186 -2.64285 0)
(-0.239862 -2.84513 0)
(1.31137 -2.88577 0)
(3.03447 -2.7101 0)
(4.22468 -2.92117 0)
(6.4541 -2.69854 0)
(7.45754 -2.57074 0)
(9.24379 -2.42258 0)
(10.1669 -2.08132 0)
(11.7343 -1.82293 0)
(12.6299 -1.35954 0)
(13.3846 -1.11449 0)
(14.5497 -0.717732 0)
(14.4944 -0.389894 0)
(15.3791 -0.113604 0)
(15.0323 0.132137 0)
(15.6903 0.419048 0)
(15.5005 0.45576 0)
(15.519 0.581296 0)
(14.9025 0.479265 0)
(14.1213 0.441981 0)
(13.2351 0.418982 0)
(12.4575 0.449499 0)
(11.8743 0.879314 0)
(11.0963 1.08625 0)
(11.0023 1.63007 0)
(9.72819 1.97715 0)
(9.97209 2.39306 0)
(7.48258 2.49214 0)
(8.08049 2.38856 0)
(4.62122 2.35291 0)
(5.77478 1.59814 0)
(3.08251 1.5418 0)
(3.88353 0.44438 0)
(3.57749 0.0397721 0)
(3.25576 -0.988231 0)
(5.18531 -1.6359 0)
(5.67759 -2.737 0)
(8.12534 -3.13487 0)
(8.21392 -3.32717 0)
(11.9404 -3.97742 0)
(12.8758 -3.71854 0)
(15.9536 -3.79855 0)
(17.0152 -3.26287 0)
(19.6982 -3.24904 0)
(20.745 -2.73351 0)
(22.7443 -2.50361 0)
(23.9308 -1.92741 0)
(25.1258 -1.58734 0)
(25.8648 -1.05685 0)
(26.4216 -0.833982 0)
(26.926 -0.455783 0)
(22.8165 15.3695 0)
(22.5849 10.686 0)
(23.9763 7.77247 0)
(17.5321 7.72381 0)
(19.7871 5.19901 0)
(14.0158 2.72507 0)
(13.3659 1.7359 0)
(11.1797 0.149075 0)
(8.31723 -0.603878 0)
(7.35526 -1.85526 0)
(3.27528 -1.47743 0)
(3.14186 -0.737229 0)
(2.0313 1.24081 0)
(3.08044 2.3987 0)
(2.76606 3.16178 0)
(4.44694 3.34309 0)
(3.8816 3.16957 0)
(5.26869 2.61642 0)
(5.0119 2.02393 0)
(5.35276 1.10345 0)
(5.53805 0.25333 0)
(5.46096 -0.382095 0)
(6.32841 -1.00299 0)
(5.93366 -1.70007 0)
(7.43644 -2.02144 0)
(7.4597 -2.52764 0)
(8.69804 -2.86215 0)
(9.63107 -3.32327 0)
(10.4357 -3.62978 0)
(11.6157 -3.98861 0)
(12.4154 -4.00719 0)
(13.8429 -4.27761 0)
(14.4481 -4.20276 0)
(15.9481 -4.18754 0)
(16.383 -4.05291 0)
(17.9296 -3.75217 0)
(17.8714 -3.36622 0)
(19.3841 -2.96676 0)
(19.2313 -2.54207 0)
(20.4663 -1.93853 0)
(20.1353 -1.62175 0)
(21.0968 -0.98914 0)
(20.6798 -0.729807 0)
(21.5212 -0.112098 0)
(21.0163 -0.00630469 0)
(21.8572 0.314685 0)
(20.9125 0.333522 0)
(21.5315 0.39667 0)
(20.2609 0.683523 0)
(20.9634 0.790507 0)
(19.6467 1.20858 0)
(19.9323 1.23701 0)
(18.5707 1.63686 0)
(18.6831 1.59676 0)
(16.9391 2.15099 0)
(17.4026 2.21066 0)
(15.8745 3.07099 0)
(16.2907 2.9927 0)
(15.332 3.12019 0)
(15.2028 2.52695 0)
(14.7487 1.85999 0)
(14.4539 0.966735 0)
(15.1405 -0.415798 0)
(14.4116 -1.09403 0)
(16.1687 -2.74359 0)
(16.4032 -3.69219 0)
(18.4905 -4.71398 0)
(18.6414 -5.03403 0)
(20.974 -5.81586 0)
(21.9119 -5.57837 0)
(23.8469 -5.50787 0)
(24.6316 -5.03338 0)
(26.3296 -4.88372 0)
(27.2375 -4.28644 0)
(28.7359 -3.86875 0)
(29.5448 -3.02809 0)
(30.5238 -2.52098 0)
(30.9951 -1.65139 0)
(31.3779 -1.29579 0)
(31.6194 -0.718547 0)
(24.458 11.5471 0)
(23.6675 10.3653 0)
(26.5753 8.15324 0)
(25.8202 7.67315 0)
(25.9364 6.19028 0)
(25.959 5.09092 0)
(24.4862 4.03027 0)
(24.8362 3.36354 0)
(23.1426 3.00224 0)
(23.3746 2.97081 0)
(21.5667 3.21082 0)
(20.7544 3.19809 0)
(18.9707 3.07925 0)
(17.9902 2.84352 0)
(17.2321 2.6359 0)
(16.8631 2.45057 0)
(17.2503 2.10683 0)
(16.727 1.72926 0)
(17.7529 1.03153 0)
(17.1157 0.514261 0)
(17.8135 -0.275323 0)
(17.5568 -0.921956 0)
(18.0687 -1.60557 0)
(18.0469 -2.25181 0)
(18.9246 -2.75868 0)
(19.0192 -3.27359 0)
(19.9078 -3.6453 0)
(20.3898 -4.19132 0)
(20.9257 -4.37958 0)
(21.7033 -4.8215 0)
(21.8847 -4.77033 0)
(22.8718 -5.02965 0)
(22.7584 -4.83238 0)
(23.8305 -4.8374 0)
(23.4488 -4.40107 0)
(24.586 -4.28944 0)
(23.8672 -3.5518 0)
(25.0138 -3.37252 0)
(24.2702 -2.52366 0)
(25.2927 -2.29583 0)
(24.4722 -1.50435 0)
(25.4328 -1.15425 0)
(24.5881 -0.533915 0)
(25.4275 -0.219375 0)
(24.6186 0.252773 0)
(25.4323 0.282395 0)
(24.5454 0.722597 0)
(25.1677 0.670272 0)
(24.2119 1.10112 0)
(24.7319 1.16774 0)
(23.8886 1.40701 0)
(24.0727 1.6951 0)
(23.4848 1.90376 0)
(23.4721 2.33002 0)
(23.0714 2.7267 0)
(22.912 3.13453 0)
(22.8658 3.4955 0)
(22.7418 3.58048 0)
(23.0856 3.61225 0)
(23.0436 2.90737 0)
(23.7422 2.31519 0)
(23.2918 1.27317 0)
(24.3747 -0.426192 0)
(24.0402 -1.3018 0)
(24.8886 -2.95096 0)
(25.159 -4.08327 0)
(26.0494 -5.22567 0)
(26.1269 -5.99115 0)
(27.3496 -6.6387 0)
(27.8064 -6.5542 0)
(28.9106 -6.49415 0)
(29.0419 -6.00786 0)
(30.0947 -5.7652 0)
(30.5487 -5.07656 0)
(31.6787 -4.62877 0)
(32.1804 -3.63244 0)
(32.9304 -2.97661 0)
(33.082 -1.91275 0)
(33.3234 -1.52325 0)
(33.2077 -0.86498 0)
(23.4099 9.02978 0)
(24.3575 8.75612 0)
(25.8549 7.59208 0)
(27.5076 6.80941 0)
(27.5318 5.89679 0)
(28.8364 5.03249 0)
(28.3992 4.22758 0)
(29.1546 3.54194 0)
(28.635 2.98551 0)
(28.8044 2.52443 0)
(28.3286 2.25703 0)
(28.0193 2.23399 0)
(27.9858 2.41289 0)
(27.5044 2.63705 0)
(28.1258 2.8136 0)
(27.7415 2.75219 0)
(28.8127 2.5407 0)
(28.326 2.09096 0)
(29.5073 1.5524 0)
(28.8648 0.810287 0)
(29.882 0.150262 0)
(29.0097 -0.665019 0)
(30.018 -1.29659 0)
(29.0895 -1.99308 0)
(30.1343 -2.50725 0)
(29.1534 -3.18024 0)
(30.1578 -3.47877 0)
(29.0832 -4.17301 0)
(30.0473 -4.22712 0)
(28.8053 -4.84317 0)
(29.6599 -4.63102 0)
(28.3678 -5.07773 0)
(29.0069 -4.68439 0)
(27.9483 -4.8782 0)
(28.1921 -4.25927 0)
(27.5434 -4.30439 0)
(27.3823 -3.44308 0)
(27.1276 -3.41635 0)
(26.7761 -2.44306 0)
(26.778 -2.39373 0)
(26.414 -1.44188 0)
(26.4409 -1.28038 0)
(26.1508 -0.603707 0)
(26.1565 -0.316521 0)
(25.9632 0.122916 0)
(25.9935 0.307616 0)
(25.8945 0.663742 0)
(25.7572 0.726044 0)
(25.7111 1.0882 0)
(25.56 1.13754 0)
(25.7197 1.50408 0)
(25.4527 1.72335 0)
(25.8394 2.01837 0)
(25.567 2.44824 0)
(26.1066 2.61032 0)
(26.0262 3.11237 0)
(26.6239 3.25362 0)
(26.904 3.28195 0)
(27.5537 3.36048 0)
(27.9561 2.57931 0)
(28.7342 1.97124 0)
(28.7553 0.861105 0)
(29.4016 -0.653883 0)
(29.5459 -1.75435 0)
(29.6578 -3.32314 0)
(29.6253 -4.4479 0)
(29.7258 -5.56203 0)
(29.398 -6.40583 0)
(29.8901 -6.98253 0)
(30.0186 -6.92285 0)
(30.5132 -7.00152 0)
(30.2342 -6.54938 0)
(30.8831 -6.26302 0)
(30.9679 -5.57892 0)
(31.9705 -5.08324 0)
(32.2293 -3.97221 0)
(32.9387 -3.1725 0)
(32.6681 -1.9116 0)
(32.7319 -1.38468 0)
(32.2588 -0.681847 0)
(23.1288 7.91359 0)
(25.2247 7.52759 0)
(26.0289 6.82539 0)
(27.9511 5.94414 0)
(28.3364 5.20807 0)
(29.5674 4.35778 0)
(29.8738 3.74909 0)
(30.4554 3.05532 0)
(30.8145 2.63972 0)
(30.8736 2.25511 0)
(31.3566 2.15044 0)
(31.1271 2.1911 0)
(31.903 2.34387 0)
(31.6749 2.55432 0)
(32.7435 2.65244 0)
(32.6559 2.5807 0)
(33.8833 2.32364 0)
(33.7519 1.85721 0)
(34.8723 1.3008 0)
(34.4932 0.570454 0)
(35.3685 -0.107511 0)
(34.641 -0.852388 0)
(35.3629 -1.47356 0)
(34.3166 -2.11689 0)
(34.8705 -2.63885 0)
(33.5837 -3.21812 0)
(34.0272 -3.57413 0)
(32.4849 -4.06243 0)
(32.9141 -4.22505 0)
(31.0755 -4.58097 0)
(31.6044 -4.52632 0)
(29.511 -4.69395 0)
(30.2471 -4.43162 0)
(28.1786 -4.35457 0)
(28.957 -3.92139 0)
(27.1566 -3.67736 0)
(27.8166 -3.06089 0)
(26.4184 -2.8174 0)
(26.9633 -1.99207 0)
(25.9677 -1.85517 0)
(26.4146 -0.989763 0)
(25.5688 -0.852522 0)
(26.0235 -0.239887 0)
(25.2659 0.0805 0)
(25.7055 0.300256 0)
(25.0629 0.787771 0)
(25.554 0.708511 0)
(24.8308 1.0711 0)
(25.3705 1.19579 0)
(24.7389 1.24465 0)
(25.4844 1.70972 0)
(24.7521 1.62452 0)
(25.7522 2.05482 0)
(25.0744 2.24309 0)
(26.206 2.34766 0)
(25.9033 2.69426 0)
(27.0673 2.74377 0)
(27.1787 2.62808 0)
(28.3954 2.73603 0)
(28.5131 1.82464 0)
(29.7579 1.52652 0)
(29.6535 0.185852 0)
(30.3733 -0.757068 0)
(30.5367 -1.99348 0)
(30.2007 -3.53905 0)
(30.3113 -4.46014 0)
(29.745 -5.59693 0)
(29.5122 -6.48109 0)
(29.6446 -6.71467 0)
(29.9926 -6.81748 0)
(29.9422 -7.24451 0)
(29.9234 -6.89037 0)
(30.1364 -6.77509 0)
(30.0805 -6.06692 0)
(30.8634 -5.54288 0)
(30.9391 -4.30675 0)
(31.4751 -3.34396 0)
(30.8889 -1.98628 0)
(30.5689 -1.1981 0)
(29.7004 -0.101988 0)
(21.9046 6.11307 0)
(24.3278 5.87561 0)
(25.5636 5.54836 0)
(27.2765 4.84439 0)
(28.3225 4.34854 0)
(29.3643 3.62992 0)
(30.2166 3.19301 0)
(30.7154 2.6101 0)
(31.4816 2.33069 0)
(31.6783 2.02936 0)
(32.4112 1.97976 0)
(32.4601 1.95306 0)
(33.247 2.05114 0)
(33.3672 2.09572 0)
(34.2321 2.14785 0)
(34.478 2.01415 0)
(35.3642 1.80194 0)
(35.6327 1.39034 0)
(36.3704 0.931141 0)
(36.4692 0.376336 0)
(36.8983 -0.177626 0)
(36.6651 -0.702658 0)
(36.7413 -1.22573 0)
(36.159 -1.71357 0)
(35.931 -2.15385 0)
(35.0862 -2.59607 0)
(34.6796 -2.89895 0)
(33.606 -3.25698 0)
(33.134 -3.39819 0)
(31.8508 -3.63373 0)
(31.5012 -3.63441 0)
(30.0293 -3.65707 0)
(30.0467 -3.54255 0)
(28.4316 -3.32958 0)
(28.804 -3.23092 0)
(27.1679 -2.8205 0)
(27.7435 -2.71096 0)
(26.2851 -2.19092 0)
(26.9251 -1.88274 0)
(25.6845 -1.4863 0)
(26.3811 -0.98216 0)
(25.1853 -0.690906 0)
(26.0385 -0.260318 0)
(24.8156 0.125181 0)
(25.8943 0.221529 0)
(24.5973 0.796437 0)
(25.8044 0.614878 0)
(24.5353 1.04321 0)
(25.7559 1.16766 0)
(24.602 1.17497 0)
(25.9939 1.65498 0)
(24.6733 1.41585 0)
(26.4003 1.93908 0)
(25.0214 1.84313 0)
(26.8441 2.04655 0)
(25.8064 2.17375 0)
(27.5546 2.02985 0)
(26.8792 2.02328 0)
(28.6643 1.75333 0)
(27.9137 1.07999 0)
(29.8501 0.934646 0)
(28.8306 -0.602166 0)
(30.2925 -0.744268 0)
(29.4984 -2.52647 0)
(29.6556 -3.56264 0)
(29.5763 -4.50188 0)
(29.0547 -5.88154 0)
(29.0295 -6.66919 0)
(29.2919 -6.27927 0)
(29.1759 -6.69413 0)
(28.3941 -7.17475 0)
(28.8162 -7.22883 0)
(27.4854 -7.14845 0)
(27.4595 -6.41038 0)
(26.7861 -5.62477 0)
(26.9091 -4.23273 0)
(26.5732 -3.14688 0)
(25.7166 -1.96696 0)
(25.4473 -1.20404 0)
(24.1243 0.0390532 0)
(20.0398 4.19495 0)
(21.8767 3.93469 0)
(23.6273 3.76001 0)
(24.9673 3.31559 0)
(26.5491 3.08297 0)
(27.499 2.60764 0)
(28.7016 2.31774 0)
(29.3125 1.95907 0)
(30.2881 1.77022 0)
(30.7322 1.60398 0)
(31.5023 1.51264 0)
(31.8597 1.48244 0)
(32.5231 1.48232 0)
(32.947 1.47519 0)
(33.577 1.44586 0)
(34.0959 1.32609 0)
(34.6766 1.15866 0)
(35.2178 0.873752 0)
(35.659 0.557737 0)
(36.0481 0.166471 0)
(36.1917 -0.226261 0)
(36.2526 -0.618412 0)
(35.9882 -1.00845 0)
(35.6689 -1.3763 0)
(35.0554 -1.72688 0)
(34.4973 -2.03995 0)
(33.6453 -2.30568 0)
(32.9448 -2.54294 0)
(31.9095 -2.67789 0)
(31.1582 -2.83275 0)
(30.0773 -2.83598 0)
(29.3687 -2.86282 0)
(28.4019 -2.77913 0)
(27.6869 -2.69517 0)
(26.9595 -2.63837 0)
(26.2143 -2.41759 0)
(25.8623 -2.38335 0)
(25.1494 -1.90452 0)
(25.0251 -1.80015 0)
(24.4014 -1.18569 0)
(24.499 -0.923276 0)
(23.8073 -0.482926 0)
(24.2317 -0.0610353 0)
(23.4517 0.239576 0)
(24.2024 0.443656 0)
(23.3386 0.748789 0)
(24.2673 0.826155 0)
(23.4642 0.988663 0)
(24.4795 1.13591 0)
(23.6728 1.2232 0)
(24.9182 1.32774 0)
(23.9655 1.3692 0)
(25.5224 1.67954 0)
(24.5036 1.40801 0)
(26.221 1.92933 0)
(25.3503 1.62293 0)
(27.0873 1.64368 0)
(26.3686 1.782 0)
(28.1322 1.01008 0)
(27.2361 1.17757 0)
(29.2448 0.368353 0)
(27.7071 -0.501938 0)
(29.7863 -0.614354 0)
(27.6642 -2.55715 0)
(29.0737 -2.97067 0)
(27.7011 -4.0997 0)
(27.8685 -6.13112 0)
(27.2163 -6.34017 0)
(28.3975 -6.11264 0)
(25.1506 -6.03381 0)
(24.0532 -6.05145 0)
(22.664 -6.63778 0)
(19.4047 -6.28132 0)
(18.7352 -5.32768 0)
(15.3603 -4.19522 0)
(16.5469 -2.25529 0)
(13.5263 -1.77736 0)
(13.5201 0.34664 0)
(12.2748 0.598099 0)
(12.0468 1.9043 0)
(19.2221 2.39851 0)
(20.6969 2.06107 0)
(22.4064 1.83154 0)
(23.6697 1.60404 0)
(25.1979 1.50733 0)
(26.1584 1.2271 0)
(27.3512 1.05407 0)
(28.1268 0.906564 0)
(29.0843 0.805418 0)
(29.6694 0.765229 0)
(30.3983 0.67543 0)
(30.8846 0.688171 0)
(31.5116 0.669085 0)
(31.9775 0.697861 0)
(32.5606 0.661606 0)
(33.0533 0.619275 0)
(33.6143 0.512541 0)
(34.0975 0.403008 0)
(34.5388 0.206622 0)
(34.8628 0.015928 0)
(35.0327 -0.238574 0)
(35.0108 -0.473574 0)
(34.7769 -0.714181 0)
(34.3437 -0.965453 0)
(33.7748 -1.14746 0)
(33.057 -1.39285 0)
(32.2625 -1.51096 0)
(31.3706 -1.69813 0)
(30.3722 -1.75919 0)
(29.424 -1.83845 0)
(28.2987 -1.88862 0)
(27.434 -1.86852 0)
(26.2381 -1.92742 0)
(25.4678 -1.84573 0)
(24.2961 -1.85202 0)
(23.6467 -1.78891 0)
(22.7168 -1.58961 0)
(22.2884 -1.56284 0)
(21.4102 -1.15266 0)
(21.413 -0.965867 0)
(20.4427 -0.65705 0)
(20.66 -0.294402 0)
(20.2425 -0.0632538 0)
(20.1931 0.155631 0)
(20.1182 0.464268 0)
(20.6306 0.442943 0)
(20.2418 0.781495 0)
(21.0301 0.670093 0)
(21.0435 0.916702 0)
(21.4435 0.918435 0)
(21.8499 0.913913 0)
(22.4652 1.13105 0)
(22.6193 1.03535 0)
(23.5655 1.10123 0)
(23.9174 1.25862 0)
(24.55 1.02159 0)
(25.3662 1.15846 0)
(25.8698 1.04881 0)
(26.4443 0.583722 0)
(27.1306 0.86025 0)
(27.3339 -0.203345 0)
(27.3472 -0.130074 0)
(28.0608 -1.00338 0)
(26.0201 -1.93181 0)
(27.3011 -2.24494 0)
(24.5632 -3.64026 0)
(23.3667 -5.79425 0)
(21.7998 -5.00772 0)
(23.6543 -6.8395 0)
(16.2568 -5.52681 0)
(11.6552 -1.0456 0)
(4.77032 -0.650622 0)
(4.66921 -1.77075 0)
(2.19594 -2.66236 0)
(-0.226971 -2.89594 0)
(2.54644 -2.41662 0)
(-2.77973 -1.74213 0)
(1.38447 -0.45482 0)
(-3.27771 -0.520202 0)
(-0.691954 1.52557 0)
(17.3098 1.01445 0)
(18.885 0.913572 0)
(20.4067 0.751351 0)
(21.8059 0.724105 0)
(22.9799 0.683678 0)
(23.8983 0.561919 0)
(24.9009 0.500634 0)
(25.6692 0.429235 0)
(26.4573 0.4029 0)
(26.9555 0.357064 0)
(27.5245 0.322786 0)
(27.9528 0.28214 0)
(28.4373 0.281827 0)
(28.8117 0.246338 0)
(29.2204 0.241209 0)
(29.6192 0.180587 0)
(30.0194 0.156833 0)
(30.3884 0.0913724 0)
(30.6456 0.0278323 0)
(30.817 -0.0511766 0)
(30.8008 -0.166325 0)
(30.5969 -0.23824 0)
(30.1621 -0.369281 0)
(29.4783 -0.419034 0)
(28.6772 -0.535769 0)
(27.6387 -0.589777 0)
(26.6222 -0.65595 0)
(25.3394 -0.723616 0)
(24.1197 -0.706438 0)
(22.6799 -0.769632 0)
(21.2716 -0.729032 0)
(19.8875 -0.769562 0)
(18.3742 -0.805811 0)
(17.0791 -0.714959 0)
(15.5222 -0.847417 0)
(14.2556 -0.647629 0)
(13.0721 -0.608519 0)
(11.7356 -0.496699 0)
(11.115 -0.130863 0)
(10.2787 -0.117748 0)
(9.65727 -0.100584 0)
(9.80563 0.396932 0)
(9.61203 0.120055 0)
(9.52675 0.152586 0)
(10.3835 0.714802 0)
(10.4367 0.473153 0)
(10.9405 0.163002 0)
(11.6856 0.892542 0)
(12.4996 0.431661 0)
(12.451 0.230496 0)
(14.0593 0.989267 0)
(14.2694 0.304435 0)
(14.9599 0.422097 0)
(16.1489 1.00385 0)
(16.776 0.106128 0)
(17.2348 0.692807 0)
(18.9126 0.745779 0)
(18.7664 -0.110107 0)
(19.8896 0.904006 0)
(20.616 -0.121067 0)
(20.0135 -0.1353 0)
(21.0186 0.188936 0)
(20.0431 -1.11547 0)
(18.6829 -0.940679 0)
(18.0053 -0.62779 0)
(14.7028 -3.73844 0)
(8.24262 -3.57001 0)
(4.63326 -0.23716 0)
(1.97559 3.75917 0)
(0.829329 3.3685 0)
(0.875295 1.04978 0)
(1.14116 -2.05246 0)
(-1.50775 -1.69981 0)
(-2.62813 -1.4175 0)
(-6.60765 -1.69881 0)
(-7.8924 0.696378 0)
(-9.73999 0.464503 0)
(-8.0449 2.02756 0)
(-9.38425 1.73181 0)
(-6.69362 1.27805 0)
)
;

boundaryField
{
    inlet
    {
        type            fixedValue;
        value           uniform (10 0 0);
    }
    outlet
    {
        type            zeroGradient;
    }
    walls
    {
        type            fixedValue;
        value           uniform (0 0 0);
    }
    frontAndBack
    {
        type            empty;
    }
}


// ************************************************************************* //
