/*--------------------------------*- C++ -*----------------------------------*\
| =========                 |                                                 |
| \\      /  F ield         | OpenFOAM: The Open Source CFD Toolbox           |
|  \\    /   O peration     | Version:  2306                                  |
|   \\  /    A nd           | Website:  www.openfoam.com                      |
|    \\/     M anipulation  |                                                 |
\*---------------------------------------------------------------------------*/
FoamFile
{
    version     2.0;
    format      ascii;
    arch        "LSB;label=32;scalar=64";
    class       surfaceScalarField;
    location    "0.45";
    object      phi;
}
// * * * * * * * * * * * * * * * * * * * * * * * * * * * * * * * * * * * * * //

dimensions      [0 3 -1 0 0 0 0];

oriented        oriented;

internalField   nonuniform List<scalar> 
8520
(
0.00992784
7.21557e-05
0.00978962
0.000138227
0.00962952
0.000160102
0.00946826
0.000161258
0.00930944
0.000158818
0.00914914
0.000160297
0.00898638
0.000162766
0.00882095
0.000165429
0.00865369
0.000167253
0.00848561
0.000168086
0.0083179
0.000167711
0.00815107
0.000166829
0.00798557
0.000165502
0.00782133
0.000164242
0.00765851
0.000162812
0.00749709
0.000161426
0.00733716
0.000159923
0.00717884
0.00015832
0.00702217
0.000156679
0.00686733
0.000154834
0.00671426
0.000153067
0.00656326
0.000151003
0.00641414
0.000149121
0.00626721
0.000146932
0.0061223
0.000144913
0.00597959
0.000142706
0.00583908
0.000140512
0.00570071
0.00013837
0.00556465
0.000136053
0.00543069
0.000133967
0.00529912
0.00013157
0.00516952
0.000129593
0.00504222
0.000127302
0.00491671
0.000125516
0.00479329
0.000123419
0.00467143
0.000121855
0.00455126
0.000120168
0.00443235
0.00011891
0.00431455
0.000117804
0.00419749
0.000117063
0.00408086
0.00011663
0.00396423
0.000116631
0.00384726
0.00011697
0.00372929
0.000117968
0.00361001
0.000119279
0.00348842
0.000121589
0.00336433
0.000124094
0.00323631
0.000128022
0.00310428
0.000132022
0.0029665
0.000137787
0.00282285
0.000143647
0.0026714
0.00015145
0.00251198
0.000159419
0.00234252
0.00016946
0.00216292
0.000179604
0.00197102
0.000191897
0.00176705
0.000203972
0.00154894
0.000218111
0.00131769
0.000231249
0.0010716
0.000246088
0.000813369
0.000258231
0.000542604
0.000270765
0.000267379
0.000275225
-1.7071e-06
0.000269086
-0.000245779
0.000244072
-0.000455458
0.000209679
-0.00060445
0.000148992
-0.000678805
7.43549e-05
-0.000656076
-2.27292e-05
-0.000532308
-0.000123768
-0.000300089
-0.000232219
-2.0879e-05
-0.00027921
0.000215991
-0.00023687
0.000315973
-9.99817e-05
2.11993e-05
0.000294774
-0.000443549
0.000464749
-0.000287187
-0.000156362
0.000107403
-0.00039459
0.000152317
-4.49138e-05
0.000169092
-1.67751e-05
0.0100357
3.64818e-05
0.0100798
9.40643e-05
0.0101108
0.000129139
0.0101272
0.000144853
0.0101357
0.000150279
0.0101431
0.00015297
0.0101493
0.000156487
0.0101532
0.000161623
0.0101537
0.000166741
0.0101502
0.000171584
0.0101431
0.000174829
0.0101323
0.000177569
0.0101189
0.00017892
0.0101027
0.00018044
0.0100844
0.000181098
0.0100637
0.000182179
0.0100409
0.000182662
0.0100159
0.000183377
0.00998881
0.000183726
0.00995969
0.000183961
0.00992854
0.000184212
0.00989564
0.000183901
0.00986064
0.000184124
0.0098242
0.000183375
0.00978561
0.000183502
0.00974574
0.00018258
0.00970381
0.00018244
0.00966057
0.000181608
0.00961547
0.000181155
0.00956894
0.000180493
0.00952068
0.000179828
0.00947083
0.000179443
0.00941938
0.000178751
0.00936617
0.000178734
0.0093113
0.000178281
0.0092546
0.000178562
0.0091959
0.000178868
0.00913543
0.000179372
0.00907238
0.000180855
0.00900754
0.000181907
0.00893934
0.000184833
0.00886917
0.000186795
0.00879495
0.000191195
0.00871826
0.000194651
0.00863674
0.000200803
0.00855185
0.000206479
0.00846137
0.000214574
0.00836614
0.000223246
0.00826444
0.000233728
0.00815633
0.000245896
0.00804039
0.000259584
0.00791626
0.000275581
0.00778244
0.000293238
0.00763838
0.000313516
0.00748238
0.000335608
0.00731382
0.000360454
0.00713071
0.000387083
0.00693271
0.000416114
0.00671746
0.000446501
0.00648556
0.000477981
0.00623451
0.000509288
0.00596681
0.000538467
0.00567851
0.000563522
0.00536917
0.000578428
0.00503882
0.000574421
0.00468089
0.000567601
0.00427994
0.000549943
0.00382813
0.000526165
0.00330282
0.000502587
0.00268197
0.000497077
0.00191786
0.000531889
0.0010471
0.000591552
0.000199688
0.000610544
-0.000367181
0.000466887
-0.000503628
0.000431222
-0.000315908
0.000277028
-0.000322986
-0.000149284
-0.000375276
-0.0003423
-0.000289345
-0.000130844
0.000151039
-0.000271292
0.0100141
2.23586e-05
0.0100441
6.41286e-05
0.0100777
9.54697e-05
0.0101074
0.000115226
0.0101313
0.000126324
0.0101522
0.000132046
0.010173
0.000135736
0.010195
0.000139591
0.0102179
0.000143858
0.0102408
0.000148661
0.0102631
0.00015256
0.0102842
0.000156415
0.0103045
0.00015871
0.0103236
0.00016126
0.0103423
0.000162466
0.0103601
0.000164344
0.0103775
0.000165264
0.0103941
0.00016676
0.0104101
0.00016775
0.0104253
0.000168753
0.0104396
0.00016994
0.0104532
0.000170281
0.0104656
0.000171758
0.0104774
0.000171521
0.0104878
0.000173147
0.0104976
0.000172709
0.0105059
0.000174198
0.0105135
0.000173961
0.0105195
0.000175146
0.0105247
0.000175317
0.0105283
0.000176225
0.0105307
0.00017705
0.0105318
0.000177684
0.0105311
0.000179426
0.0105294
0.000179962
0.0105254
0.000182612
0.0105205
0.000183713
0.0105129
0.000187007
0.0105043
0.000189448
0.0104928
0.000193362
0.01048
0.000197686
0.0104644
0.000202408
0.0104464
0.000209107
0.0104261
0.000215015
0.0104024
0.000224519
0.0103763
0.000232526
0.010346
0.000244852
0.010313
0.000256245
0.0102752
0.000271612
0.0102338
0.000287239
0.0101868
0.000306606
0.0101355
0.000326899
0.0100774
0.000351284
0.0100141
0.000376889
0.0099427
0.000406965
0.00986479
0.000438369
0.00977742
0.000474448
0.00968196
0.000511579
0.00957576
0.000552696
0.00945912
0.000594622
0.00933071
0.000637696
0.00918826
0.000680923
0.00903127
0.000720511
0.00885273
0.00075696
0.00864195
0.000785201
0.00839718
0.000812376
0.00810814
0.00083898
0.00777052
0.000863792
0.00737654
0.000896564
0.00693198
0.000941637
0.00645311
0.00101076
0.00595927
0.00108539
0.00540677
0.00116305
0.00468048
0.00119317
0.00391654
0.00119516
0.00303706
0.00115651
0.00185102
0.00103676
0.000539186
0.000969537
-0.000279245
0.000687587
0.000417234
-0.00054544
0.0100069
1.54536e-05
0.0100268
4.42679e-05
0.0100518
7.04189e-05
0.010077
9.00383e-05
0.0101003
0.000103071
0.0101223
0.000109995
0.010143
0.000115
0.0101643
0.000118374
0.0101863
0.000121817
0.0102095
0.000125438
0.0102331
0.000128938
0.0102569
0.000132675
0.0102805
0.000135076
0.0103037
0.00013806
0.010327
0.000139141
0.0103498
0.000141555
0.0103732
0.000141945
0.0103958
0.000144115
0.0104191
0.000144397
0.0104416
0.000146288
0.0104647
0.000146806
0.0104869
0.000148107
0.0105095
0.000149184
0.0105313
0.000149704
0.0105531
0.000151409
0.0105744
0.00015138
0.0105951
0.000153448
0.0106157
0.00015339
0.0106354
0.000155454
0.0106549
0.000155821
0.0106734
0.000157729
0.0106915
0.000158941
0.0107087
0.000160509
0.0107251
0.000163038
0.0107408
0.000164219
0.0107551
0.000168272
0.0107692
0.000169665
0.0107813
0.000174881
0.0107933
0.000177479
0.0108031
0.000183595
0.0108127
0.000188071
0.0108198
0.000195239
0.0108266
0.000202293
0.0108311
0.00021055
0.0108345
0.000221175
0.0108361
0.000230837
0.0108356
0.000245431
0.0108339
0.000257889
0.0108293
0.000276202
0.0108236
0.000292951
0.0108147
0.000315561
0.0108045
0.000337114
0.0107905
0.000365222
0.0107751
0.000392277
0.0107559
0.00042622
0.0107343
0.000459933
0.010709
0.000499755
0.0106806
0.000539986
0.0106474
0.000585889
0.0106106
0.000631403
0.0105667
0.000681654
0.0105161
0.000731508
0.010455
0.000781621
0.0103761
0.000835809
0.0102787
0.000882602
0.0101495
0.000941588
0.0100002
0.000988272
0.00980873
0.00105527
0.00958979
0.0011155
0.00933192
0.00119951
0.00905545
0.00128723
0.00874308
0.00139776
0.0083887
0.00151743
0.00794445
0.00163743
0.00743025
0.00170935
0.00681998
0.00176678
0.00611227
0.00174446
0.00533976
0.00174205
0.00425337
0.00177398
0.00172995
0.00294065
0.0100044
1.10954e-05
0.0100166
3.20307e-05
0.010035
5.19987e-05
0.0100563
6.87992e-05
0.010078
8.12987e-05
0.0100989
8.91711e-05
0.0101192
9.46212e-05
0.0101396
9.79767e-05
0.0101606
0.000100802
0.0101825
0.000103593
0.010205
0.000106384
0.010228
0.0001097
0.0102515
0.000111639
0.0102746
0.000114934
0.0102982
0.000115517
0.0103211
0.000118659
0.0103449
0.000118143
0.0103678
0.000121257
0.0103918
0.000120361
0.0104147
0.000123377
0.0104388
0.000122675
0.0104617
0.000125217
0.0104857
0.000125238
0.0105085
0.000126856
0.0105319
0.000128
0.0105548
0.000128524
0.0105773
0.000130898
0.0106002
0.000130545
0.0106217
0.000133943
0.0106443
0.000133173
0.0106647
0.000137384
0.0106869
0.000136733
0.010706
0.000141393
0.0107274
0.000141619
0.0107454
0.00014622
0.0107655
0.000148202
0.0107826
0.000152581
0.0108009
0.000156577
0.010817
0.000161374
0.0108335
0.000167109
0.0108483
0.000173237
0.0108629
0.00018067
0.0108763
0.000188844
0.0108888
0.000198056
0.0109006
0.000209415
0.0109113
0.000220097
0.0109208
0.000235965
0.0109301
0.000248615
0.0109373
0.000268922
0.0109445
0.000285745
0.0109505
0.000309635
0.0109552
0.00033236
0.0109598
0.000360646
0.0109629
0.00038922
0.0109657
0.000423385
0.0109673
0.000458305
0.0109692
0.000497896
0.0109682
0.000540948
0.0109697
0.000584408
0.0109646
0.000636557
0.010963
0.000683215
0.010951
0.000743534
0.010938
0.000794589
0.0109122
0.000861568
0.0108771
0.000917693
0.0108258
0.00099293
0.0107596
0.00105444
0.0106696
0.00114528
0.0105648
0.00122029
0.0104317
0.00133266
0.010285
0.00143392
0.0101056
0.00157717
0.0099137
0.00170932
0.00968591
0.00186522
0.00940611
0.00198915
0.00905746
0.00211543
0.00859754
0.00220438
0.00800776
0.00233183
0.00734503
0.0024367
0.00254552
0.00652947
0.0100031
7.95954e-06
0.0100118
2.33737e-05
0.0100256
3.81434e-05
0.0100431
5.1352e-05
0.0100625
6.18712e-05
0.0100824
6.9341e-05
0.0101024
7.45763e-05
0.0101224
7.79602e-05
0.0101427
8.05257e-05
0.0101637
8.26227e-05
0.0101852
8.47975e-05
0.0102077
8.72078e-05
0.0102303
8.9117e-05
0.0102535
9.17308e-05
0.0102763
9.26502e-05
0.0102997
9.53064e-05
0.0103227
9.50911e-05
0.0103461
9.79061e-05
0.0103694
9.70403e-05
0.0103927
0.000100041
0.0104163
9.90929e-05
0.0104395
0.000102016
0.0104632
0.000101549
0.0104862
0.00010389
0.0105097
0.000104455
0.0105325
0.000105794
0.0105556
0.000107796
0.0105781
0.000107991
0.0106005
0.000111565
0.0106228
0.000110827
0.0106443
0.000115951
0.0106663
0.000114706
0.0106867
0.000121021
0.0107082
0.000120112
0.0107275
0.000126921
0.0107481
0.000127589
0.0107665
0.000134137
0.0107857
0.000137377
0.0108036
0.000143467
0.010821
0.000149776
0.0108385
0.000155719
0.0108537
0.000165454
0.0108709
0.000171655
0.0108838
0.000185125
0.0109007
0.000192535
0.0109115
0.000209256
0.0109276
0.000219907
0.0109374
0.00023884
0.0109517
0.000254641
0.0109614
0.000276019
0.0109739
0.000297111
0.0109834
0.00032283
0.0109953
0.00034877
0.0110045
0.00038002
0.011016
0.000411886
0.0110262
0.000448155
0.0110363
0.000487727
0.0110489
0.00052839
0.0110564
0.000576908
0.011071
0.000621954
0.0110746
0.000679644
0.0110869
0.000731176
0.0110846
0.000796895
0.0110896
0.000856609
0.0110755
0.000931769
0.0110677
0.00100069
0.0110344
0.00108779
0.0110044
0.00117521
0.0109506
0.00127409
0.0108906
0.00139276
0.0108155
0.00150894
0.0107284
0.00166432
0.0106373
0.00180042
0.0105137
0.00198877
0.0103831
0.0021198
0.0101557
0.00234278
0.00991846
0.00244165
0.00954653
0.00270376
0.00922016
0.00276307
0.00301209
0.00875359
0.0100025
5.45555e-06
0.0100093
1.65947e-05
0.0100205
2.69739e-05
0.0100353
3.65439e-05
0.0100524
4.47259e-05
0.0100711
5.06842e-05
0.0100903
5.53431e-05
0.0101102
5.80842e-05
0.01013
6.06828e-05
0.0101508
6.18795e-05
0.0101715
6.40228e-05
0.0101937
6.49932e-05
0.0102154
6.7415e-05
0.0102386
6.85322e-05
0.0102609
7.04467e-05
0.0102845
7.16738e-05
0.010307
7.25597e-05
0.0103307
7.42528e-05
0.0103536
7.41447e-05
0.0103771
7.65218e-05
0.0104004
7.57969e-05
0.0104236
7.87871e-05
0.0104473
7.78872e-05
0.01047
8.11681e-05
0.010494
8.04838e-05
0.010516
8.37704e-05
0.0105402
8.36232e-05
0.0105614
8.66996e-05
0.0105855
8.74915e-05
0.0106062
9.01283e-05
0.0106297
9.24612e-05
0.0106501
9.43295e-05
0.0106725
9.85671e-05
0.0106927
9.99344e-05
0.0107139
0.000105734
0.0107338
0.000107736
0.0107537
0.000114231
0.010773
0.000118017
0.0107916
0.000124862
0.0108103
0.000131058
0.0108277
0.000138323
0.0108455
0.000147724
0.0108621
0.000155034
0.0108783
0.000168916
0.0108947
0.000176171
0.0109091
0.000194816
0.0109254
0.000203632
0.0109384
0.000225782
0.0109542
0.000238836
0.0109671
0.000263205
0.0109815
0.000282622
0.0109957
0.000308717
0.0110082
0.000336241
0.0110247
0.000363482
0.0110353
0.000401288
0.0110548
0.000428659
0.0110639
0.000478691
0.0110858
0.000506399
0.0110939
0.000568834
0.0111168
0.000599066
0.0111231
0.000673324
0.0111454
0.000708957
0.0111487
0.000793504
0.0111655
0.000839821
0.0111651
0.000932246
0.0111711
0.000994621
0.0111601
0.00109879
0.0111543
0.001181
0.0111282
0.00130019
0.0111043
0.00141665
0.0110718
0.00154152
0.011022
0.00171407
0.0109899
0.00183253
0.0109107
0.00206796
0.0108455
0.002185
0.0107278
0.00246049
0.0105839
0.00258554
0.0104244
0.00286331
0.0101951
0.00299234
0.00325127
0.00995593
0.010002
3.44962e-06
0.0100079
1.06795e-05
0.0100174
1.75039e-05
0.0100306
2.33576e-05
0.0100459
2.94067e-05
0.0100636
3.29643e-05
0.0100819
3.7055e-05
0.0101017
3.83256e-05
0.0101212
4.11483e-05
0.0101419
4.11803e-05
0.0101624
4.35509e-05
0.0101841
4.32614e-05
0.0102056
4.59231e-05
0.0102283
4.58107e-05
0.0102505
4.82523e-05
0.0102738
4.8358e-05
0.0102965
4.99048e-05
0.0103199
5.0822e-05
0.010343
5.10378e-05
0.0103662
5.33273e-05
0.0103899
5.21258e-05
0.0104126
5.60435e-05
0.0104368
5.36829e-05
0.010459
5.89986e-05
0.0104836
5.58807e-05
0.0105051
6.22705e-05
0.01053
5.87469e-05
0.0105507
6.59304e-05
0.0105757
6.25857e-05
0.0105958
6.99995e-05
0.0106203
6.79678e-05
0.0106401
7.4493e-05
0.0106636
7.50665e-05
0.0106835
8.00479e-05
0.0107056
8.36614e-05
0.0107256
8.77166e-05
0.0107462
9.36718e-05
0.0107662
9.79966e-05
0.0107852
0.000105851
0.0108052
0.000110996
0.0108225
0.000121105
0.0108428
0.000127418
0.0108582
0.000139624
0.0108785
0.000148628
0.0108928
0.000161853
0.0109123
0.00017528
0.0109265
0.00018948
0.0109449
0.000207338
0.0109594
0.000224397
0.0109769
0.000245622
0.010992
0.000267542
0.0110089
0.000291814
0.0110253
0.000319812
0.0110414
0.0003474
0.0110603
0.000382447
0.0110753
0.000413608
0.0110967
0.000457311
0.0111116
0.000491544
0.0111341
0.000546307
0.0111491
0.000584031
0.0111721
0.000650389
0.0111864
0.000694633
0.0112078
0.000772104
0.0112206
0.00082696
0.0112381
0.000914772
0.0112438
0.000988958
0.0112594
0.00108318
0.0112508
0.00118964
0.0112621
0.00128882
0.0112434
0.00143535
0.0112386
0.00154636
0.0112207
0.00173193
0.0111893
0.00186391
0.0111678
0.00208946
0.0111087
0.0022441
0.0110624
0.00250684
0.0109712
0.00267672
0.010886
0.00294852
0.0107362
0.00314215
0.00339867
0.0105888
0.0100016
1.8188e-06
0.0100072
5.078e-06
0.0100157
9.02515e-06
0.0100278
1.12193e-05
0.010042
1.52095e-05
0.010059
1.59939e-05
0.0100767
1.93726e-05
0.0100962
1.88489e-05
0.0101156
2.17182e-05
0.0101362
2.05952e-05
0.0101567
2.30671e-05
0.010178
2.1915e-05
0.0101995
2.44083e-05
0.0102217
2.36096e-05
0.0102442
2.57994e-05
0.010267
2.55633e-05
0.0102901
2.67964e-05
0.010313
2.78735e-05
0.0103367
2.74241e-05
0.0103595
3.05085e-05
0.0103835
2.81082e-05
0.0104061
3.33922e-05
0.0104303
2.94825e-05
0.0104529
3.644e-05
0.010477
3.17401e-05
0.0104995
3.98383e-05
0.0105235
3.4704e-05
0.0105456
4.3898e-05
0.0105695
3.85896e-05
0.010591
4.85706e-05
0.0106148
4.41885e-05
0.0106358
5.34454e-05
0.0106588
5.20538e-05
0.0106799
5.89838e-05
0.0107017
6.18767e-05
0.0107228
6.65345e-05
0.0107434
7.3098e-05
0.0107644
7.69985e-05
0.0107841
8.62172e-05
0.0108046
9.04702e-05
0.0108234
0.000102301
0.0108435
0.000107279
0.0108613
0.000121808
0.0108814
0.000128561
0.0108982
0.000145072
0.0109182
0.000155229
0.0109345
0.000173167
0.0109541
0.000187743
0.010971
0.000207492
0.0109897
0.000227016
0.0110082
0.000248982
0.0110257
0.000274333
0.0110463
0.000299165
0.0110636
0.000330188
0.0110858
0.000360183
0.0111038
0.000395652
0.0111276
0.000433469
0.0111465
0.000472699
0.0111713
0.000521442
0.0111923
0.000563092
0.0112166
0.000626033
0.0112388
0.000672427
0.0112643
0.000746669
0.0112832
0.000808047
0.0113094
0.000888552
0.0113257
0.000972692
0.0113445
0.0010643
0.0113632
0.00117093
0.0113682
0.00128386
0.0113871
0.00141644
0.0113811
0.00155241
0.01139
0.001723
0.0113729
0.00188095
0.0113702
0.00209224
0.0113293
0.00228498
0.0113166
0.00251951
0.0112463
0.00274703
0.0111888
0.00300607
0.0110919
0.00323905
0.00352681
0.0109637
0.0100016
2.00728e-07
0.0100068
-1.07892e-07
0.0100151
6.98667e-07
0.0100265
-1.9347e-07
0.0100404
1.36179e-06
0.0100568
-3.78182e-07
0.0100743
1.85065e-06
0.0100935
-3.32811e-07
0.0101129
2.24823e-06
0.0101334
1.39824e-07
0.010154
2.43606e-06
0.0101751
8.5201e-07
0.0101968
2.70812e-06
0.0102186
1.78027e-06
0.0102413
3.13541e-06
0.0102639
2.96785e-06
0.0102871
3.6189e-06
0.0103101
4.79507e-06
0.0103336
3.97749e-06
0.0103568
7.26187e-06
0.0103805
4.46083e-06
0.0104038
1.01006e-05
0.0104274
5.8231e-06
0.0104509
1.29782e-05
0.0104742
8.40079e-06
0.010498
1.60713e-05
0.0105208
1.18478e-05
0.0105447
2.00941e-05
0.0105673
1.59827e-05
0.0105906
2.52715e-05
0.0106132
2.15064e-05
0.0106358
3.08543e-05
0.0106583
2.96229e-05
0.0106806
3.66636e-05
0.0107021
4.03569e-05
0.0107245
4.41086e-05
0.010745
5.25897e-05
0.0107672
5.48206e-05
0.0107872
6.62325e-05
0.0108087
6.90002e-05
0.0108284
8.26174e-05
0.0108492
8.64463e-05
0.0108686
0.000102372
0.0108888
0.000108418
0.0109084
0.00012544
0.0109278
0.000135817
0.0109476
0.000153354
0.0109674
0.000167979
0.0109863
0.000188598
0.0110083
0.000204975
0.0110253
0.000232
0.0110506
0.00024907
0.0110664
0.000283347
0.0110942
0.000302363
0.0111105
0.000343921
0.0111402
0.000365965
0.0111581
0.000415551
0.0111885
0.000442264
0.0112105
0.000499439
0.0112396
0.000534008
0.0112661
0.000599491
0.0112962
0.000642401
0.011322
0.000720857
0.0113568
0.00077323
0.0113795
0.000865799
0.0114148
0.00093739
0.0114401
0.00103909
0.0114677
0.0011433
0.0114954
0.00125611
0.0115189
0.00139297
0.0115348
0.0015365
0.011561
0.00169682
0.0115581
0.00188389
0.0115712
0.00207909
0.0115609
0.00229526
0.0115444
0.00253606
0.0115076
0.0027838
0.0114625
0.00305121
0.0113655
0.00333606
0.00361723
0.011275
0.0100017
-1.51256e-06
0.0100067
-5.12141e-06
0.0100152
-7.7885e-06
0.0100265
-1.14535e-05
0.0100405
-1.26886e-05
0.0100568
-1.66078e-05
0.0100744
-1.57888e-05
0.0100935
-1.94509e-05
0.0101131
-1.73083e-05
0.0101335
-2.03045e-05
0.0101542
-1.82461e-05
0.0101752
-2.01936e-05
0.010197
-1.9082e-05
0.0102188
-2.00093e-05
0.0102416
-1.96294e-05
0.0102642
-1.96504e-05
0.0102874
-1.96019e-05
0.0103107
-1.8454e-05
0.0103341
-1.94193e-05
0.0103576
-1.62577e-05
0.0103812
-1.91578e-05
0.0104047
-1.34213e-05
0.0104285
-1.79631e-05
0.0104521
-1.06051e-05
0.0104757
-1.52075e-05
0.0104996
-7.84465e-06
0.0105227
-1.12114e-05
0.0105469
-4.09825e-06
0.0105695
-6.66101e-06
0.0105934
1.37128e-06
0.0106163
-1.32647e-06
0.0106392
7.88389e-06
0.0106624
6.45317e-06
0.0106845
1.45312e-05
0.0107075
1.73944e-05
0.0107294
2.22194e-05
0.0107515
3.04257e-05
0.0107735
3.29094e-05
0.0107949
4.47792e-05
0.0108166
4.73543e-05
0.0108375
6.16272e-05
0.0108592
6.48273e-05
0.0108792
8.23182e-05
0.0109016
8.60043e-05
0.0109205
0.000106569
0.0109438
0.00011253
0.0109624
0.000134726
0.0109858
0.000144632
0.0110054
0.000168921
0.0110287
0.000181761
0.0110498
0.000210877
0.0110735
0.000225326
0.0110962
0.000260639
0.0111209
0.000277719
0.0111463
0.000318529
0.0111711
0.000341134
0.0112005
0.00038619
0.0112263
0.000416453
0.0112581
0.000467597
0.0112876
0.000504543
0.0113214
0.000565635
0.0113525
0.000611282
0.0113925
0.000680887
0.0114217
0.000744033
0.0114676
0.00081995
0.0114992
0.000905712
0.0115423
0.000996016
0.0115823
0.0011033
0.0116204
0.001218
0.0116598
0.0013536
0.0117002
0.00149611
0.0117293
0.00166774
0.011761
0.00185217
0.0117867
0.00205339
0.0117917
0.00229023
0.0117939
0.00253384
0.0117806
0.00279716
0.0117281
0.0031037
0.0116646
0.0033995
0.00371597
0.0115659
0.0100019
-3.36359e-06
0.010007
-1.02644e-05
0.010016
-1.68205e-05
0.0100275
-2.29577e-05
0.0100425
-2.76988e-05
0.0100589
-3.29261e-05
0.0100772
-3.4102e-05
0.0100962
-3.85115e-05
0.0101161
-3.7139e-05
0.0101365
-4.07531e-05
0.0101572
-3.89722e-05
0.0101785
-4.14108e-05
0.0102003
-4.09485e-05
0.0102223
-4.19744e-05
0.0102452
-4.25308e-05
0.0102679
-4.2357e-05
0.0102912
-4.29375e-05
0.0103146
-4.18648e-05
0.010338
-4.27921e-05
0.0103619
-4.01655e-05
0.0103854
-4.26061e-05
0.0104094
-3.74758e-05
0.0104331
-4.15982e-05
0.0104572
-3.471e-05
0.0104807
-3.87475e-05
0.0105052
-3.2346e-05
0.010528
-3.40288e-05
0.0105533
-2.93273e-05
0.0105752
-2.8577e-05
0.0106007
-2.42106e-05
0.0106224
-2.29736e-05
0.0106474
-1.71155e-05
0.0106695
-1.56012e-05
0.0106935
-9.51743e-06
0.0107157
-4.82678e-06
0.0107394
-1.41396e-06
0.010761
8.82003e-06
0.0107848
9.06129e-06
0.0108055
2.40502e-05
0.0108295
2.3378e-05
0.0108499
4.12769e-05
0.0108738
4.09249e-05
0.0108937
6.23803e-05
0.010918
6.17051e-05
0.0109377
8.68909e-05
0.0109619
8.82649e-05
0.0109831
0.000113533
0.0110056
0.000122214
0.0110306
0.000143867
0.0110504
0.000161938
0.0110794
0.000181872
0.0110987
0.000206094
0.0111298
0.000229496
0.0111514
0.000256143
0.0111829
0.000287013
0.0112089
0.000315151
0.0112414
0.000353682
0.0112702
0.000387642
0.0113078
0.000429998
0.0113373
0.000475027
0.0113799
0.000523039
0.0114154
0.0005758
0.0114565
0.000639748
0.0115037
0.000696884
0.0115435
0.000780139
0.0115973
0.000851914
0.0116443
0.000949001
0.0116978
0.00104979
0.0117518
0.00116403
0.0118091
0.00129629
0.0118617
0.0014435
0.0119159
0.00161358
0.0119748
0.00179321
0.012005
0.00202325
0.0120496
0.00224556
0.0120742
0.00250929
0.012054
0.00281739
0.0120512
0.00310649
0.011982
0.00346868
0.00381831
0.0118797
0.0100021
-5.46414e-06
0.0100076
-1.57285e-05
0.0100178
-2.70226e-05
0.0100302
-3.53704e-05
0.0100467
-4.4208e-05
0.0100634
-4.96197e-05
0.0100828
-5.35442e-05
0.0101017
-5.73928e-05
0.0101221
-5.75662e-05
0.0101424
-6.0991e-05
0.0101634
-6.00209e-05
0.0101849
-6.28807e-05
0.0102069
-6.29529e-05
0.0102294
-6.45261e-05
0.0102522
-6.52444e-05
0.0102755
-6.57127e-05
0.0102985
-6.5913e-05
0.0103226
-6.59522e-05
0.0103455
-6.57602e-05
0.0103702
-6.48042e-05
0.0103932
-6.56309e-05
0.0104181
-6.23581e-05
0.0104413
-6.48206e-05
0.0104662
-5.96354e-05
0.0104895
-6.20445e-05
0.0105147
-5.74614e-05
0.0105375
-5.6883e-05
0.0105632
-5.50614e-05
0.0105852
-5.05786e-05
0.0106116
-5.05475e-05
0.0106331
-4.44865e-05
0.0106592
-4.318e-05
0.0106811
-3.75443e-05
0.0107061
-3.44785e-05
0.0107286
-2.74115e-05
0.0107527
-2.54822e-05
0.0107756
-1.40482e-05
0.0107989
-1.42332e-05
0.0108223
5.97116e-07
0.0108441
1.63025e-06
0.0108695
1.5806e-05
0.0108886
2.18308e-05
0.0109163
3.47128e-05
0.0109344
4.35878e-05
0.010962
5.93195e-05
0.0109821
6.81158e-05
0.0110075
8.81478e-05
0.0110312
9.85317e-05
0.0110553
0.000119756
0.011081
0.000136277
0.0111064
0.000156459
0.0111333
0.000179202
0.0111605
0.000202272
0.0111898
0.000226821
0.0112191
0.000257789
0.0112512
0.000283027
0.0112834
0.000321456
0.0113194
0.000351618
0.0113545
0.000394962
0.0113958
0.000433681
0.0114353
0.000483543
0.0114804
0.000530721
0.0115283
0.000591806
0.0115766
0.000648657
0.0116322
0.00072453
0.0116893
0.000794803
0.0117497
0.000888599
0.0118151
0.000984379
0.011888
0.00109114
0.0119539
0.00123037
0.0120335
0.00136393
0.012116
0.00153104
0.0121738
0.00173546
0.0122647
0.00193235
0.0123194
0.00219084
0.012355
0.00247365
0.0124021
0.00277032
0.0123859
0.0031227
0.0123483
0.00350629
0.003903
0.0122636
0.0100023
-7.75986e-06
0.010009
-2.24691e-05
0.0100206
-3.85867e-05
0.0100351
-4.98568e-05
0.0100531
-6.21953e-05
0.0100711
-6.76156e-05
0.0100912
-7.36891e-05
0.0101105
-7.66437e-05
0.0101311
-7.81866e-05
0.0101515
-8.13971e-05
0.0101729
-8.141e-05
0.0101949
-8.49414e-05
0.0102172
-8.5228e-05
0.0102405
-8.77925e-05
0.0102631
-8.78297e-05
0.0102873
-8.98985e-05
0.0103098
-8.84325e-05
0.0103348
-9.09324e-05
0.0103572
-8.82092e-05
0.0103827
-9.03395e-05
0.0104054
-8.82431e-05
0.010431
-8.80054e-05
0.0104541
-8.79332e-05
0.0104794
-8.49478e-05
0.0105032
-8.5799e-05
0.010528
-8.22977e-05
0.0105522
-8.10353e-05
0.0105768
-7.97198e-05
0.010601
-7.47627e-05
0.0106256
-7.51207e-05
0.01065
-6.89142e-05
0.0106738
-6.69352e-05
0.0106993
-6.30955e-05
0.0107212
-5.64088e-05
0.0107485
-5.47057e-05
0.0107685
-4.53976e-05
0.0107972
-4.27449e-05
0.0108157
-3.28021e-05
0.0108451
-2.87928e-05
0.0108631
-1.63908e-05
0.0108926
-1.36782e-05
0.0109106
3.89297e-06
0.0109404
4.90748e-06
0.0109587
2.52484e-05
0.0109876
3.03839e-05
0.0110091
4.66546e-05
0.0110346
6.26874e-05
0.011062
7.11367e-05
0.011084
9.77494e-05
0.0111145
0.000105705
0.0111395
0.000131517
0.0111677
0.000150944
0.0111995
0.000170522
0.0112272
0.000199097
0.0112615
0.000223507
0.011295
0.000249546
0.0113298
0.000286667
0.0113683
0.000313087
0.0114095
0.000353736
0.0114489
0.000394252
0.0114999
0.000432621
0.0115438
0.000486793
0.0116001
0.000535451
0.011656
0.000592829
0.0117153
0.000665159
0.0117875
0.00072264
0.0118487
0.000827401
0.0119435
0.000889545
0.0120063
0.00102841
0.0121169
0.00111976
0.0122037
0.00127712
0.0122994
0.00143537
0.0124173
0.0016175
0.0125099
0.00183973
0.0126
0.00210079
0.0127064
0.00236724
0.0127437
0.00273298
0.012787
0.00307944
0.0127765
0.00351682
0.00398137
0.0126981
0.0100028
-1.05243e-05
0.0100119
-3.16127e-05
0.0100256
-5.22846e-05
0.0100432
-6.74879e-05
0.0100629
-8.18129e-05
0.0100827
-8.74207e-05
0.0101031
-9.41046e-05
0.010123
-9.65252e-05
0.0101437
-9.89622e-05
0.0101645
-0.000102179
0.0101868
-0.000103745
0.0102091
-0.000107232
0.0102325
-0.000108579
0.0102558
-0.000111077
0.0102791
-0.00011118
0.0103033
-0.000114103
0.0103262
-0.000111334
0.0103514
-0.000116081
0.0103741
-0.000110965
0.0103998
-0.000116037
0.0104229
-0.000111361
0.0104486
-0.000113626
0.0104724
-0.000111807
0.0104975
-0.000110026
0.0105222
-0.000110511
0.0105467
-0.000106803
0.0105719
-0.000106241
0.0105963
-0.000104111
0.0106215
-9.99248e-05
0.0106461
-9.97271e-05
0.0106711
-9.38866e-05
0.0106957
-9.1571e-05
0.0107206
-8.79527e-05
0.0107453
-8.11031e-05
0.0107696
-7.90486e-05
0.0107949
-7.07244e-05
0.0108181
-6.58604e-05
0.0108447
-5.94401e-05
0.0108661
-5.01995e-05
0.0108943
-4.46293e-05
0.0109146
-3.39503e-05
0.0109428
-2.43349e-05
0.0109655
-1.77351e-05
0.0109896
1.11032e-06
0.0110184
1.60996e-06
0.0110381
2.69811e-05
0.0110705
3.0245e-05
0.0110921
4.959e-05
0.011121
6.88103e-05
0.0111504
7.63329e-05
0.0111752
0.000106647
0.0112096
0.000116587
0.0112373
0.00014276
0.0112716
0.000164815
0.011305
0.000190102
0.0113426
0.000211989
0.0113771
0.000252139
0.0114243
0.000265868
0.0114586
0.000319513
0.0115152
0.000337569
0.0115555
0.000392361
0.0116165
0.000425764
0.0116698
0.000482183
0.0117356
0.000527029
0.011802
0.000598782
0.0118779
0.000646735
0.0119614
0.000743862
0.0120437
0.00080727
0.0121556
0.000916517
0.0122528
0.00102255
0.012367
0.0011629
0.0125192
0.00128321
0.0126215
0.00151519
0.0127823
0.00167889
0.0129218
0.00196128
0.0130406
0.00224852
0.0131583
0.00261521
0.0132445
0.00299327
0.0132686
0.00349272
0.00402327
0.0132267
0.0100042
-1.47351e-05
0.0100168
-4.41749e-05
0.0100352
-7.0685e-05
0.0100564
-8.87594e-05
0.0100785
-0.000103834
0.0100992
-0.00010813
0.0101201
-0.000115043
0.0101402
-0.00011661
0.0101621
-0.000120815
0.0101833
-0.00012345
0.0102072
-0.000127672
0.0102294
-0.000129367
0.0102545
-0.000133705
0.010277
-0.000133527
0.010302
-0.000136208
0.0103251
-0.000137186
0.0103495
-0.000135777
0.0103737
-0.000140265
0.0103978
-0.000135095
0.0104228
-0.000140996
0.0104471
-0.000135662
0.0104722
-0.00013874
0.010497
-0.000136585
0.0105219
-0.000134936
0.0105471
-0.000135728
0.0105719
-0.000131566
0.0105972
-0.000131537
0.0106222
-0.000129144
0.010647
-0.000124771
0.0106728
-0.000125432
0.0106967
-0.000117853
0.0107233
-0.000118194
0.010746
-0.000110599
0.010774
-0.000109072
0.0107949
-0.000100028
0.0108242
-9.99445e-05
0.0108442
-8.58634e-05
0.0108735
-8.88282e-05
0.0108936
-7.02628e-05
0.0109229
-7.39508e-05
0.0109427
-5.37215e-05
0.0109725
-5.41536e-05
0.0109932
-3.83677e-05
0.0110207
-2.64755e-05
0.011047
-2.46961e-05
0.0110693
4.74724e-06
0.0111021
-2.5506e-06
0.0111227
2.89963e-05
0.0111554
3.60625e-05
0.0111824
4.93647e-05
0.0112115
7.75091e-05
0.0112447
8.34494e-05
0.011276
0.000111422
0.0113091
0.000131713
0.0113486
0.000150571
0.0113819
0.000178721
0.0114273
0.000206753
0.0114675
0.000225637
0.0115155
0.000271573
0.0115636
0.000289376
0.0116237
0.000332288
0.0116671
0.00038238
0.0117567
0.000392626
0.0117896
0.000494129
0.0119037
0.000484655
0.0119566
0.000593857
0.012061
0.000639399
0.012168
0.000700271
0.0122674
0.000817185
0.0123952
0.000894674
0.0125519
0.0010062
0.0126755
0.00115968
0.0128728
0.00131783
0.0130426
0.00150908
0.0132436
0.00176033
0.0134237
0.00206843
0.0136054
0.00243349
0.0137551
0.00284356
0.0138587
0.00338914
0.00399833
0.0138836
0.0100073
-2.20384e-05
0.0100269
-6.37618e-05
0.0100522
-9.60317e-05
0.0100772
-0.000113743
0.0101007
-0.000127314
0.0101228
-0.000130253
0.0101438
-0.000136048
0.0101652
-0.000137957
0.0101877
-0.000143342
0.0102109
-0.000146609
0.0102354
-0.000152252
0.0102589
-0.000152832
0.0102838
-0.000158569
0.0103069
-0.000156689
0.0103312
-0.000160455
0.0103548
-0.000160826
0.0103783
-0.000159278
0.010403
-0.000164953
0.010426
-0.000158041
0.0104514
-0.00016642
0.010474
-0.000158261
0.0104998
-0.000164519
0.010522
-0.000158808
0.0105481
-0.000161034
0.0105698
-0.000157417
0.0105961
-0.000157871
0.0106174
-0.000152861
0.0106434
-0.000155191
0.0106648
-0.000146124
0.0106902
-0.000150805
0.0107116
-0.000139259
0.0107365
-0.000143097
0.0107572
-0.000131354
0.0107827
-0.000134547
0.0108018
-0.000119096
0.0108287
-0.000126842
0.0108457
-0.000102883
0.0108744
-0.000117489
0.0108889
-8.4783e-05
0.0109209
-0.000106007
0.010931
-6.37752e-05
0.0109685
-9.17095e-05
0.0109746
-4.44142e-05
0.0110145
-6.64174e-05
0.0110236
-3.37887e-05
0.0110582
-2.98695e-05
0.0110779
-2.21804e-05
0.0111047
2.15506e-06
0.0111329
7.85294e-06
0.0111596
2.26594e-05
0.0111892
4.79502e-05
0.0112215
5.11671e-05
0.0112538
7.90567e-05
0.0112872
9.83107e-05
0.0113298
0.000107965
0.0113624
0.000146198
0.0114138
0.000155293
0.0114561
0.000183407
0.0115023
0.000225284
0.0115762
0.00021552
0.0116003
0.000308215
0.0117156
0.000267084
0.0117303
0.000377902
0.0118581
0.000366312
0.0119105
0.000432306
0.012016
0.000488298
0.0121285
0.000526952
0.0122329
0.000595861
0.0123672
0.000682874
0.0125196
0.000742248
0.0126629
0.000862899
0.0128726
0.000950033
0.0130527
0.00113767
0.0133181
0.00124368
0.0135498
0.00152869
0.0138637
0.00175452
0.01411
0.00218716
0.0143295
0.00262411
0.0145606
0.00315804
0.00391875
0.0146401
0.010015
-3.70641e-05
0.010044
-9.27555e-05
0.0100783
-0.000130349
0.0101077
-0.000143114
0.0101319
-0.000151516
0.0101529
-0.000151241
0.0101739
-0.000157068
0.010196
-0.00016006
0.0102195
-0.000166861
0.0102424
-0.000169457
0.0102656
-0.000175436
0.0102867
-0.000173998
0.010308
-0.000179835
0.0103273
-0.000175972
0.0103475
-0.000180699
0.010365
-0.000178266
0.0103853
-0.000179612
0.0104005
-0.000180172
0.010421
-0.00017856
0.0104341
-0.000179502
0.0104539
-0.000178087
0.0104659
-0.000176454
0.0104838
-0.00017677
0.0104956
-0.000172805
0.0105113
-0.000173111
0.0105226
-0.000169148
0.0105372
-0.000167488
0.0105463
-0.000164302
0.0105616
-0.000161409
0.0105675
-0.000156709
0.0105837
-0.000155481
0.0105871
-0.000146461
0.0106037
-0.000147946
0.0106054
-0.00013623
0.0106222
-0.000135961
0.0106228
-0.000127376
0.0106399
-0.000120038
0.0106397
-0.000117258
0.0106583
-0.000103425
0.010656
-0.000103707
0.010679
-8.67549e-05
0.0106738
-8.64616e-05
0.0107007
-7.13612e-05
0.0106965
-6.22418e-05
0.0107234
-6.0685e-05
0.0107242
-3.06741e-05
0.0107518
-4.96938e-05
0.0107549
-1.0065e-06
0.0107936
-3.08148e-05
0.0107887
2.75619e-05
0.010846
-9.38984e-06
0.0108345
6.26395e-05
0.010904
9.63228e-06
0.0108992
0.000103063
0.0109723
3.48847e-05
0.0109808
0.000137711
0.0110599
7.61618e-05
0.0110806
0.000162776
0.0111643
0.000141497
0.0112113
0.000168553
0.0112876
0.000231964
0.0113629
0.000191697
0.0114589
0.000281979
0.01153
0.000295167
0.011666
0.000296325
0.0117646
0.000389678
0.0119038
0.000387783
0.0120457
0.000453924
0.0122375
0.000491101
0.0123732
0.000606498
0.012627
0.000609165
0.0128324
0.000744566
0.0131079
0.000862181
0.0134033
0.000948324
0.0137985
0.00113351
0.0141965
0.00135651
0.0146914
0.00169222
0.0151466
0.0021689
0.0154482
0.00285644
0.00362154
0.0157454
0.0100358
-7.29011e-05
0.0100801
-0.000137031
0.0101108
-0.000161064
0.0101278
-0.000160126
0.0101359
-0.000159573
0.0101439
-0.000159257
0.01015
-0.000163155
0.0101544
-0.000164481
0.010155
-0.000167447
0.0101523
-0.000166791
0.0101451
-0.000168189
0.0101358
-0.000164727
0.0101221
-0.00016615
0.0101077
-0.000161563
0.01009
-0.000162939
0.0100703
-0.000158607
0.01005
-0.000159266
0.0100248
-0.000155055
0.010002
-0.000155759
0.00997247
-0.000149926
0.00994666
-0.000152275
0.0099141
-0.0001439
0.00988512
-0.000147782
0.00985044
-0.000138131
0.00981884
-0.000141508
0.00978234
-0.000132652
0.00974897
-0.000134118
0.00971096
-0.000126291
0.00967647
-0.000126915
0.00963761
-0.000117849
0.00960245
-0.000120321
0.00956344
-0.000107456
0.00952888
-0.000113377
0.00948928
-9.66331e-05
0.00945777
-0.000104451
0.00941694
-8.65494e-05
0.00938998
-9.30707e-05
0.00934928
-7.65666e-05
0.00932672
-8.08637e-05
0.00928765
-6.46297e-05
0.00927132
-7.04326e-05
0.00923349
-4.86292e-05
0.00922517
-6.30397e-05
0.009191
-2.80746e-05
0.00918753
-5.72098e-05
0.00916525
-8.39597e-06
0.0091602
-4.46424e-05
0.00915569
3.49938e-06
0.00914873
-2.38534e-05
0.00916167
1.46219e-05
0.00915993
-7.65346e-06
0.00918703
3.55399e-05
0.00919363
3.03343e-06
0.0092404
5.62995e-05
0.00924694
2.83376e-05
0.00932657
5.8085e-05
0.00933162
7.11123e-05
0.00943217
6.22279e-05
0.00947085
0.000102818
0.00955778
8.16148e-05
0.00965328
0.000136464
0.00974509
9.9888e-05
0.00984665
0.000180424
0.010031
0.000110769
0.0100424
0.000284977
0.0103953
3.68108e-05
0.010343
0.000440057
0.0107433
5.36401e-05
0.0108037
0.000430698
0.0112082
0.000201981
0.011325
0.000492372
0.0118677
0.000201814
0.0119676
0.000762318
0.0127273
0.000188635
0.0128061
0.00105472
0.0139314
0.000231227
0.0140549
0.00156872
0.0156166
0.000607206
0.0158895
0.00258354
0.00219825
0.0173128
0.0099271
0.00979007
0.009629
0.00946888
0.00930931
0.00915005
0.00898689
0.00882241
0.00865497
0.00848818
0.00831999
0.00815526
0.00798911
0.00782755
0.00766461
0.007506
0.00734673
0.00719168
0.00703592
0.00688599
0.00673372
0.00658982
0.00644204
0.00630391
0.0061624
0.00602975
0.00589563
0.00576934
0.00564242
0.00552457
0.00540425
0.0052968
0.00518342
0.00508678
0.00498233
0.00489578
0.00480271
0.00472615
0.00464528
0.00458065
0.00451022
0.00446159
0.00439855
0.00437048
0.00431327
0.00430487
0.00426023
0.00426373
0.00423987
0.0042545
0.00424684
0.00428238
0.00428542
0.00434172
0.00437005
0.00442814
0.00449925
0.00456148
0.0046643
0.00474591
0.00488238
0.00498226
0.00516269
0.00527346
0.00555843
0.00559524
0.0060353
0.00608894
0.00651964
0.00672162
0.00721399
0.00741581
0.00817813
0.00836676
0.00942148
0.0096527
0.0112214
0.0118286
0.0144122
0.0166104
-8.33271e-05
6.6552e-05
-0.000188007
0.00010468
-0.000299204
0.000111198
-0.000338172
3.89672e-05
-0.000335876
-2.29597e-06
-0.000251418
-8.44578e-05
-0.000139051
-0.000112367
-4.59912e-05
-9.30597e-05
5.64727e-05
-0.000102464
0.000138336
-8.1863e-05
4.35634e-05
9.47724e-05
-0.000426945
0.000470508
-0.00123991
0.000812964
-0.00197628
0.000736368
-0.00223264
0.000256359
-0.00206936
-0.000163271
-0.00170742
-0.000361945
-0.00119315
-0.000514273
-0.000442994
-0.000750152
-0.000442994
-0.000118674
-8.60663e-05
-0.000102564
8.85701e-05
-0.000314268
0.000322901
-0.000511697
0.000236397
-0.00061293
9.89369e-05
-0.000490447
-0.00020694
-0.000316299
-0.000286515
-0.000194226
-0.000215132
-0.000211479
-8.52107e-05
-0.000456719
0.000163377
-0.00103079
0.000668839
-0.00170759
0.00114731
-0.00220495
0.00131032
-0.00244267
0.000974093
-0.00241825
0.000231934
-0.00225495
-0.000326573
-0.00197289
-0.000644003
-0.00149889
-0.000988273
-0.000590686
-0.00165835
-0.00103368
-0.000753316
0.00012181
-0.000755975
9.1229e-05
-0.000727881
0.000294807
-0.000775819
0.000284335
-0.000822211
0.000145329
-0.00086399
-0.000165161
-0.000837277
-0.000313227
-0.000753464
-0.000298946
-0.000864189
2.55149e-05
-0.00118451
0.000483701
-0.00149063
0.000974959
-0.00173299
0.00138967
-0.00189448
0.00147181
-0.0019836
0.00106321
-0.00198941
0.000237751
-0.00193041
-0.000385577
-0.00175134
-0.00082307
-0.00142679
-0.00131282
-0.00073585
-0.0023493
-0.00176953
0.00140816
0.00165431
0.000104293
0.00139509
-0.000696958
0.00109606
-0.00112414
0.000711518
-0.00143625
0.000457434
-0.00144056
-0.000160846
-0.00127452
-0.000479265
-0.00115076
-0.000422712
-0.00100487
-0.000120374
-0.00101693
0.000495761
-0.0011288
0.00108683
-0.00122418
0.00148505
-0.00130803
0.00155567
-0.00132507
0.00108024
-0.00135795
0.00027063
-0.00136679
-0.000376735
-0.00127651
-0.000913347
-0.00115722
-0.00143212
-0.000819059
-0.00268745
-0.00258859
0.00570371
0.00248006
0.00462492
0.00247389
0.00340715
0.00231382
0.00201843
0.00210025
0.00060859
0.00186727
-0.000486488
0.000934232
-0.00130458
0.000338832
-0.00127664
-0.000450654
-0.000904032
-0.000492985
-0.00062483
0.000216558
-0.000449598
0.0009116
-0.000287518
0.00132297
-0.000144279
0.00141243
-2.78964e-05
0.000963861
-0.000286217
0.000528951
-0.000701754
3.88015e-05
-0.00083694
-0.00077816
-0.000907474
-0.00136158
-0.00083273
-0.0027622
-0.00342132
0.00821868
0.00301498
0.00752252
0.00317005
0.0066607
0.00317564
0.00573588
0.00302507
0.00483413
0.00276902
0.00351357
0.0022548
0.00198202
0.00187038
0.000532104
0.00099926
-0.000178791
0.00021791
1.12173e-05
2.65495e-05
0.00034249
0.000580328
0.000616859
0.0010486
0.0007228
0.00130649
0.000477433
0.00120923
-5.52759e-05
0.00106166
-0.000229544
0.000213069
-0.000148194
-0.00085951
-0.000314978
-0.0011948
-0.000661764
-0.00241541
-0.00408308
0.00959511
0.00337579
0.00918232
0.00358284
0.00870814
0.00364982
0.00806947
0.00366374
0.00735568
0.0034828
0.00623256
0.00337792
0.00529093
0.00281201
0.00390607
0.00238412
0.00219467
0.00192931
0.0011278
0.00109342
0.0009807
0.000727431
0.0012246
0.000804698
0.00137589
0.00115519
0.00139545
0.00118967
0.00159739
0.00085972
0.00180962
8.44258e-07
0.000886075
6.40331e-05
-0.000228532
-8.01937e-05
-0.000575435
-0.00206851
-0.00465852
0.0103649
0.00359963
0.0101035
0.00384425
0.00980534
0.00394801
0.00935154
0.00411753
0.00876414
0.0040702
0.00812494
0.00401712
0.00716288
0.00377407
0.00612211
0.00342489
0.0050734
0.00297802
0.00362299
0.00254382
0.00271423
0.0016362
0.00264821
0.00087072
0.00300359
0.000799812
0.00316418
0.00102908
0.0033758
0.000648098
0.00341141
-3.47659e-05
0.00234993
0.00112552
0.00147498
0.000794753
0.000720742
-0.00131427
-0.00393778
0.0108049
0.00375843
0.0106376
0.00401162
0.0103433
0.00424228
0.0100809
0.00437992
0.00960194
0.00454916
0.00910845
0.00451061
0.00843087
0.00445165
0.00757666
0.0042791
0.00671672
0.00383796
0.00548644
0.00377411
0.00396753
0.0031551
0.00260018
0.00223807
0.00185652
0.00154347
0.00129469
0.00159091
0.000785905
0.00115688
0.000402043
0.000349096
0.000997498
0.000530064
0.00204637
-0.000254122
0.00185403
-0.00112193
-0.00208375
0.0111223
0.00391113
0.0109513
0.00418264
0.0107268
0.0044668
0.0104491
0.00465763
0.0101141
0.00488419
0.00964394
0.00498074
0.00911706
0.00497854
0.00836398
0.00503218
0.00757711
0.00462483
0.00710346
0.00424775
0.00629859
0.00395998
0.00571277
0.00282389
0.00601978
0.00123645
0.00605561
0.00155509
0.00586499
0.00134749
0.00538348
0.000830607
0.00540682
0.000506733
0.00567751
-0.000524818
0.00462109
-6.55015e-05
0.00253734
0.0114125
0.00406455
0.0112435
0.00435164
0.0110207
0.00468955
0.0107134
0.00496493
0.0104277
0.00516995
0.00999002
0.00541838
0.00953887
0.00542969
0.0090848
0.00548624
0.00799206
0.00571757
0.00694568
0.00529414
0.00532921
0.00557645
0.00295979
0.0051933
0.000994405
0.00320184
0.000371039
0.00217845
0.000362358
0.00135618
0.000703174
0.000489791
0.000771632
0.000438274
0.000220144
2.66699e-05
9.71491e-05
5.7493e-05
0.00263449
0.0117515
0.00419275
0.0115362
0.00456687
0.0113133
0.00491249
0.0110016
0.00527659
0.0106395
0.00553212
0.0102181
0.00583976
0.00961702
0.00603075
0.00919657
0.00590669
0.00877372
0.00614042
0.0082356
0.00583226
0.00822891
0.00558313
0.00799453
0.00542768
0.0067466
0.00444978
0.00536825
0.0035568
0.00430184
0.00242258
0.00375842
0.00103321
0.00347457
0.00072213
0.00218977
0.00131147
0.000461627
0.00178563
0.00309612
0.012116
0.00434028
0.0118982
0.00478474
0.0116271
0.00518357
0.0112868
0.00561689
0.0108708
0.00594811
0.0104908
0.00621972
0.00980721
0.00671439
0.00901217
0.00670173
0.00816488
0.0069877
0.00693107
0.00706608
0.00550393
0.00701027
0.00446932
0.00646229
0.00380402
0.00511508
0.00344625
0.00391458
0.00314378
0.00272504
0.00227568
0.00190131
0.00167248
0.00132533
0.0011765
0.00180745
0.000404743
0.00255739
0.00350086
0.0125617
0.00447673
0.012346
0.00500039
0.0119946
0.00553501
0.0116148
0.00599672
0.0110724
0.00649043
0.0106719
0.00662022
0.010438
0.00694829
0.010104
0.00703574
0.00993901
0.00715272
0.00984874
0.00715635
0.0091633
0.00769571
0.00762787
0.00799772
0.00559542
0.00714754
0.00414481
0.00536518
0.00301853
0.00385132
0.00178145
0.00313839
0.00042721
0.00267957
-0.000244556
0.00247922
-2.83828e-05
0.00234122
0.00347248
0.0130756
0.00462779
0.0128639
0.00521208
0.0125117
0.0058872
0.0120691
0.00643935
0.011408
0.00715155
0.0105194
0.00750879
0.00958239
0.00788531
0.00838513
0.008233
0.00693655
0.0086013
0.00608404
0.00800885
0.00641973
0.00736003
0.00663169
0.00778576
0.00563966
0.00813956
0.00412498
0.00687987
0.00256344
0.00541286
0.00108328
0.00461855
-9.29457e-05
0.00385579
-0.000586396
0.00297267
-0.000525658
0.00228048
0.00294682
0.0137352
0.00477622
0.0134262
0.00552106
0.0129874
0.00632604
0.0124714
0.00695533
0.0121503
0.00747267
0.011814
0.00784508
0.0115988
0.00810056
0.0116164
0.00821538
0.0110552
0.00916246
0.00928805
0.00977602
0.0076352
0.00901288
0.0067493
0.00867166
0.00583103
0.00905782
0.00428096
0.00842994
0.00261505
0.00707877
0.00134338
0.00589023
7.44599e-05
0.00512471
-0.000878836
0.00392596
-0.000985481
0.00238712
0.00196134
0.0146143
0.00480204
0.0142681
0.00586728
0.0135369
0.00705722
0.0125952
0.00789709
0.0114084
0.00865943
0.0100503
0.00920313
0.00849116
0.00965973
0.0076004
0.00910615
0.00815978
0.00860307
0.00849684
0.00943896
0.00779125
0.00971847
0.00695884
0.00950407
0.00609232
0.00992435
0.00466333
0.00985892
0.00301138
0.00873073
0.00174468
0.00715693
0.000690167
0.00617922
-0.000151818
0.00476795
-0.000588492
0.0028238
0.00137285
0.0156968
0.00485064
0.0151512
0.00641293
0.0144814
0.00772701
0.0141999
0.00817856
0.0141134
0.00874597
0.0137885
0.00952797
0.0129624
0.0104858
0.0107965
0.0112721
0.00893428
0.0104653
0.00820407
0.0101692
0.00754288
0.0103797
0.00684269
0.0102043
0.00630455
0.0104625
0.00529099
0.0108725
0.00372087
0.0103008
0.0021331
0.0087447
0.000895408
0.00741691
6.15061e-05
0.00560185
-0.00029565
0.00318096
0.00107719
0.0172312
0.0049322
0.0158798
0.0077643
0.0140657
0.00954117
0.0119555
0.0102887
0.0105656
0.0101359
0.0101974
0.0098962
0.0107805
0.0099027
0.0109055
0.0111471
0.00968411
0.0116867
0.00859294
0.0112603
0.00767131
0.0113013
0.00671911
0.0111565
0.00616229
0.0110193
0.0055961
0.0114387
0.00445954
0.0114374
0.00301363
0.0101906
0.0017592
0.00867134
0.000817329
0.00654372
0.000191866
0.00380642
0.00126906
0.0175816
0.00396096
0.0184545
0.00689143
0.0185856
0.00941013
0.0175973
0.011277
0.0147957
0.0129375
0.0117768
0.0129151
0.0102413
0.0114381
0.0101033
0.0112851
0.00950293
0.012287
0.00863903
0.0121242
0.00800706
0.0119333
0.00722
0.0119435
0.00643558
0.0118037
0.00591572
0.0119585
0.00519538
0.0121577
0.00401337
0.0113726
0.00274003
0.00994468
0.00164554
0.0076382
0.000654883
0.00479708
0.00192394
0.00727285
-0.00331189
0.0111783
0.00298598
0.0143239
0.00626452
0.0158366
0.00976432
0.0162107
0.0125634
0.0139612
0.0151645
0.0110833
0.0143161
0.00992392
0.0124445
0.00953387
0.0126771
0.0084806
0.0131775
0.00751224
0.0129016
0.00680071
0.012655
0.00617714
0.0124273
0.00572992
0.0124058
0.00524216
0.0126455
0.00445727
0.0121575
0.00342448
0.0109775
0.00216937
0.00889331
0.000944971
0.00602148
0.00286891
-0.000255508
-0.00305638
0.00332868
-0.00059821
0.00781071
0.00178249
0.0109817
0.00659333
0.013264
0.0102811
0.0145104
0.0139181
0.0124178
0.0164087
0.0097771
0.0150852
0.00896937
0.0134848
0.00865879
0.0134881
0.00794985
0.0136106
0.00715519
0.0134497
0.00640668
0.0131758
0.00583098
0.0129815
0.00530199
0.0131745
0.00453127
0.0129282
0.00355986
0.0119489
0.00240701
0.0100462
0.00117798
0.0072505
0.0040469
-1.25123e-05
-0.00304387
0.00133561
-0.00194634
0.00356912
-0.000451016
0.00667645
0.00348599
0.00983953
0.00711805
0.0118234
0.0119343
0.0123683
0.0158637
0.0107333
0.0167202
0.00874272
0.0154754
0.00788737
0.0143434
0.00736735
0.0141306
0.00679024
0.0140268
0.00615134
0.0138147
0.0056116
0.0135212
0.00519656
0.0135895
0.00463409
0.0134907
0.00376716
0.0128158
0.00262117
0.0111922
0.00132123
0.00855044
0.00536813
0.000503096
-0.00354696
0.00182865
-0.00327189
0.00242137
-0.00104374
0.00355114
0.00235623
0.0062542
0.00441499
0.0100255
0.00816304
0.0110298
0.0148594
0.00997255
0.0177775
0.00872863
0.0167193
0.00777466
0.0152974
0.00719366
0.0147116
0.00667201
0.0145485
0.00608583
0.0144009
0.00549993
0.0141071
0.00500496
0.0140845
0.0044707
0.014025
0.00374438
0.0135421
0.00270916
0.0122274
0.00138479
0.0098748
0.00675292
-0.00149224
-0.00205473
-0.00173447
-0.00302965
-0.00116237
-0.00161584
0.000153831
0.00104002
0.00228604
0.00228278
0.00599069
0.00445839
0.0084239
0.0124262
0.00985449
0.0163469
0.00872905
0.0178447
0.00739912
0.0166273
0.00664609
0.0154646
0.00619578
0.0149988
0.00575629
0.0148404
0.00527625
0.0145872
0.00482137
0.0145394
0.00428692
0.0145594
0.00355631
0.0142727
0.00258072
0.013203
0.00135095
0.0111046
0.00810388
-0.00171423
-0.000340498
-0.00404418
-0.000699698
-0.00485957
-0.000800454
-0.00440809
0.000588547
-0.00208516
-4.01521e-05
0.00298954
-0.000616312
0.00647207
0.00894367
0.00680967
0.0160093
0.00771096
0.0169434
0.00750429
0.016834
0.00675057
0.0162183
0.00607315
0.0156762
0.00553537
0.0153782
0.00505572
0.0150668
0.00460263
0.0149925
0.004115
0.0150471
0.00346629
0.0149214
0.00253982
0.0141294
0.00132694
0.0123175
0.00943082
-0.00211387
0.00177337
-0.00382629
0.00101272
-0.00560982
0.000983075
-0.00599288
0.000971605
-0.00503287
-0.00100016
-0.00287846
-0.00277072
0.00324071
0.0028245
0.00598473
0.0132653
0.00639851
0.0165297
0.00639156
0.016841
0.00628737
0.0163225
0.00591171
0.0160519
0.00537021
0.0159197
0.00480094
0.0156361
0.00431538
0.015478
0.00384296
0.0155195
0.00324359
0.0155208
0.00240995
0.0149631
0.00127195
0.0134554
0.0107028
-0.00143007
0.00320344
-0.00287014
0.0024528
-0.00384568
0.00195862
-0.00425979
0.00138571
-0.00521199
-4.79679e-05
-0.00548935
-0.00249335
-0.00149848
-0.00116637
0.00423322
0.00753356
0.00506616
0.0156967
0.00580808
0.016099
0.00583622
0.0162944
0.00566876
0.0162193
0.00531422
0.0162742
0.00477671
0.0161736
0.00421483
0.0160399
0.00368213
0.0160522
0.00307607
0.0161269
0.00226475
0.0157744
0.00118151
0.0145387
0.0118843
-0.00114194
0.00434538
-0.00236719
0.00367805
-0.00306159
0.00265301
-0.0032302
0.00155432
-0.00345608
0.000177911
-0.00449633
-0.0014531
-0.00480509
-0.000857611
0.00121306
0.0015154
0.00577313
0.0111366
0.00554365
0.0163285
0.00545698
0.016381
0.00540933
0.016267
0.0051371
0.0165464
0.00464421
0.0166665
0.00406179
0.0166223
0.00349696
0.016617
0.00289009
0.0167337
0.00212262
0.0165419
0.00110735
0.015554
0.0129916
-0.000575411
0.00492079
-0.00126976
0.00437241
-0.0017643
0.00314755
-0.00218465
0.00197467
-0.00244893
0.000442192
-0.00268593
-0.0012161
-0.00313223
-0.000411319
-0.00235621
0.000739386
0.00326731
0.00551313
0.00568297
0.0139129
0.00592641
0.0161376
0.00557142
0.016622
0.00518034
0.0169375
0.00466973
0.0171771
0.00405794
0.0172341
0.00343145
0.0172435
0.00277847
0.0173867
0.002004
0.0173163
0.00102217
0.0165358
0.0140138
6.24633e-05
0.00485832
-1.19643e-05
0.00444684
1.02608e-06
0.00313456
0.000289332
0.00168637
0.000132485
0.000599039
-0.000287363
-0.000796248
-0.000219968
-0.000478714
-0.00114761
0.00166702
0.00159137
0.00277416
0.00595064
0.00955359
0.00651478
0.0155735
0.00603005
0.0171067
0.00541175
0.0175558
0.00473824
0.0178506
0.00401147
0.0179609
0.00331949
0.0179355
0.00265167
0.0180545
0.00190722
0.0180608
0.000978265
0.0174647
0.0149921
0.000691024
0.0041673
0.00113618
0.00400168
0.00119262
0.00307811
0.00241456
0.000464431
0.00334138
-0.000327784
0.00316928
-0.000624142
0.00340435
-0.000713788
0.0027906
0.00228077
0.00162501
0.00393975
0.00460705
0.00657155
0.0066657
0.0135148
0.00663022
0.0171422
0.00587013
0.0183159
0.00503013
0.0186906
0.00417385
0.0188172
0.00334834
0.018761
0.00259169
0.0188112
0.00182177
0.0188307
0.000909223
0.0183773
0.0159013
0.000474575
0.00369273
0.00122211
0.00325414
0.00275384
0.00154638
0.00478467
-0.0015664
0.00629057
-0.00183368
0.00659668
-0.000930252
0.00638468
-0.000501782
0.00622551
0.00243994
0.00425895
0.00590632
0.00463102
0.00619947
0.00666672
0.0114791
0.00695377
0.0168551
0.00619217
0.0190775
0.00522177
0.019661
0.00425529
0.0197837
0.0033511
0.0196652
0.00253635
0.0196259
0.00173469
0.0196324
0.000850745
0.0192612
0.016752
-0.000186501
0.00387923
0.00237431
0.000693332
0.00555566
-0.00163496
0.00761478
-0.00362552
0.00879748
-0.00301638
0.00918594
-0.00131872
0.00870498
-2.08163e-05
0.00839299
0.00275193
0.00722721
0.00707209
0.0058034
0.00762329
0.0067271
0.0105554
0.00712903
0.0164532
0.00644731
0.0197592
0.00540684
0.0207014
0.00435199
0.0208385
0.003352
0.0206652
0.00246666
0.0205113
0.0016782
0.0204208
0.000825449
0.020114
0.0175775
0.000816105
0.00306312
0.00459486
-0.00308542
0.00775802
-0.00479812
0.00934248
-0.00520998
0.0100727
-0.00374663
0.0103121
-0.00155805
0.0097972
0.000494035
0.00917409
0.00337504
0.00835806
0.00788812
0.00685709
0.00912426
0.00679608
0.0106164
0.00706103
0.0161882
0.00645704
0.0203632
0.00538453
0.021774
0.00428247
0.0219406
0.00327512
0.0216725
0.00238463
0.0214018
0.00154995
0.0212555
0.000711158
0.0209528
0.0182887
0.0034419
-0.00037878
0.00637476
-0.00601828
0.00851502
-0.00693838
0.00964273
-0.0063377
0.0101087
-0.00421264
0.0101949
-0.00164417
0.00967661
0.0010123
0.00896422
0.00408743
0.00842185
0.00843049
0.00738975
0.0101564
0.00684629
0.0111599
0.00679772
0.0162368
0.00621189
0.020949
0.00519893
0.0227869
0.00409105
0.0230485
0.00304492
0.0227186
0.0021438
0.0223029
0.00140521
0.0219941
0.00068726
0.0216707
0.0189759
0.00397701
-0.00435579
0.00635843
-0.00839969
0.00808692
-0.00866688
0.00907833
-0.00732911
0.00949821
-0.00463252
0.0095212
-0.00166716
0.00907075
0.00146275
0.00834284
0.00481535
0.00800704
0.00876629
0.00742476
0.0107386
0.00673417
0.0118505
0.00635459
0.0166164
0.00568316
0.0216205
0.00468799
0.0237821
0.00366757
0.0240689
0.0027532
0.023633
0.00195205
0.023104
0.00120186
0.0227443
0.000490428
0.0223821
0.0194663
0.00346828
-0.00782407
0.00587628
-0.0108077
0.0073974
-0.010188
0.00817364
-0.00810536
0.00843278
-0.00489166
0.00838809
-0.00162247
0.00803211
0.00181873
0.00749095
0.00535651
0.0073826
0.00887463
0.00711908
0.0110022
0.00637724
0.0125923
0.00570983
0.0172838
0.00494916
0.0223811
0.00403741
0.0246938
0.00310272
0.0250036
0.00222031
0.0245154
0.001464
0.0238604
0.000896202
0.0233121
0.000410543
0.0228678
0.0198769
0.00291119
-0.0107353
0.00496048
-0.012857
0.00622673
-0.0114542
0.00685262
-0.00873125
0.00708662
-0.00512566
0.00705075
-0.0015866
0.00680489
0.0020646
0.00653838
0.00562301
0.00665332
0.0087597
0.0065626
0.0110929
0.00573349
0.0134214
0.00478268
0.0182346
0.00388507
0.0232788
0.00301402
0.0255649
0.00224966
0.0257679
0.00162971
0.0251354
0.00111963
0.0243704
0.000624441
0.0238073
0.000168488
0.0233238
0.0200454
0.00240013
-0.0131354
0.00411286
-0.0145697
0.00513955
-0.0124809
0.00558919
-0.0091809
0.00572873
-0.00526519
0.00568124
-0.00153912
0.00553699
0.00220885
0.00553232
0.00562768
0.0057614
0.00853062
0.00564699
0.0112073
0.0047129
0.0143555
0.00353957
0.0194079
0.0025883
0.02423
0.00188415
0.026269
0.00132879
0.0263233
0.000846
0.0256182
0.000425867
0.0247906
0.000154439
0.0240787
-1.52857e-05
0.0234935
0.0200301
0.00184672
-0.0149821
0.00312638
-0.0158494
0.00385428
-0.0132088
0.00416262
-0.00948924
0.00425247
-0.00535505
0.00419184
-0.00147848
0.00415011
0.00225059
0.00435476
0.00542302
0.00458879
0.00829659
0.00426902
0.0115271
0.00314336
0.0154812
0.00186544
0.0206859
0.000970494
0.025125
0.000420748
0.0268188
0.000152904
0.0265911
1.93159e-06
0.0257691
-8.46116e-05
0.0248771
-0.000169365
0.0241635
-0.000215699
0.0235398
0.0198144
0.00139904
-0.0163812
0.00234384
-0.0167942
0.00282616
-0.0136911
0.00293235
-0.00959543
0.00286773
-0.00529043
0.00274208
-0.00135283
0.00273237
0.00226029
0.0029166
0.00523879
0.00294299
0.0082702
0.00232446
0.0121456
0.00104593
0.0167597
-0.000233202
0.021965
-0.000934728
0.0258265
-0.00101988
0.0269039
-0.000905842
0.0264771
-0.00081986
0.0256831
-0.000773252
0.0248305
-0.000714759
0.024105
-0.000528999
0.0233541
0.0192854
0.000917847
-0.017299
0.00145367
-0.01733
0.00165823
-0.0138957
0.001626
-0.0095632
0.0014825
-0.00514693
0.00126012
-0.00113045
0.00119506
0.00232535
0.00114105
0.0052928
0.000773992
0.00863726
-0.00016875
0.0130883
-0.0015483
0.0181392
-0.00262858
0.0230453
-0.00291907
0.026117
-0.00259672
0.0265816
-0.00215342
0.0260338
-0.00176674
0.0252965
-0.0014016
0.0244654
-0.00104067
0.023744
-0.000617573
0.022931
0.0186678
0.000574374
-0.0178734
0.000825932
-0.0175816
0.000767607
-0.0138374
0.00049801
-0.0092936
0.000166394
-0.00481532
-0.000213491
-0.000750564
-0.000513928
0.00262579
-0.000864682
0.00564356
-0.00165015
0.00942273
-0.00293039
0.0143686
-0.00420522
0.0194141
-0.00485921
0.0236993
-0.0045802
0.025838
-0.00381377
0.0258151
-0.00307357
0.0252936
-0.00244502
0.0246679
-0.00194662
0.023967
-0.0015363
0.0233337
-0.000994367
0.022389
0.0176734
0.000154835
-0.0180282
4.43922e-05
-0.0174711
-0.000183767
-0.0136092
-0.000568402
-0.00890896
-0.00110159
-0.00428213
-0.00170978
-0.000142374
-0.0022781
0.00319411
-0.00303042
0.00639587
-0.00419987
0.0105922
-0.00553461
0.0157033
-0.00649275
0.0203722
-0.00658154
0.0237881
-0.00579004
0.0250465
-0.00476453
0.0247896
-0.00389593
0.024425
-0.0031863
0.0239583
-0.00252616
0.0233068
-0.00183891
0.0226465
-0.00100471
0.0215548
0.0166687
-7.71374e-05
-0.0179511
-0.000368646
-0.0171796
-0.000848446
-0.0131294
-0.00147523
-0.00828218
-0.00222546
-0.0035319
-0.00305309
0.000685258
-0.00397974
0.00412076
-0.00507984
0.00749598
-0.00644221
0.0119545
-0.00763203
0.0168931
-0.00811745
0.0208576
-0.00768048
0.0233511
-0.00652738
0.0238934
-0.0053709
0.0236332
-0.00441099
0.0234651
-0.00355222
0.0230995
-0.00279494
0.0225495
-0.00212349
0.021975
-0.00133878
0.0207701
0.01533
-0.000375314
-0.0175758
-0.00090786
-0.0166471
-0.0015302
-0.0125071
-0.00228879
-0.0075236
-0.00318958
-0.0026311
-0.00423394
0.00172962
-0.00541889
0.0053057
-0.00672844
0.00880553
-0.00806816
0.0132943
-0.00895332
0.0177783
-0.00894482
0.0208491
-0.00808496
0.0224912
-0.00682057
0.022629
-0.00569913
0.0225117
-0.00477475
0.0225407
-0.00399788
0.0223227
-0.00325215
0.0218038
-0.00243663
0.0211595
-0.00133809
0.0196716
0.0139919
-0.000525481
-0.0170503
-0.00123653
-0.015936
-0.00204198
-0.0117016
-0.00292746
-0.00663812
-0.00396656
-0.00159201
-0.00516621
0.00292928
-0.00648183
0.00662132
-0.00783172
0.0101554
-0.0089784
0.014441
-0.00951195
0.0183118
-0.00912141
0.0204586
-0.00808377
0.0214536
-0.00691149
0.0214567
-0.0059222
0.0215224
-0.00508155
0.0217001
-0.00423073
0.0214718
-0.0033784
0.0209515
-0.00251242
0.0202935
-0.00150404
0.0186632
0.0124878
-0.000761645
-0.0162886
-0.00162908
-0.0150686
-0.00252487
-0.0108058
-0.00348747
-0.00567552
-0.00456471
-0.000514764
-0.0057934
0.00415796
-0.00711256
0.00794049
-0.00836839
0.0114112
-0.00926912
0.0153417
-0.0094964
0.0185391
-0.0088947
0.0198569
-0.00787039
0.0204293
-0.00685836
0.0204447
-0.00595696
0.020621
-0.00515436
0.0208975
-0.00441827
0.0207357
-0.00370646
0.0202397
-0.00290408
0.0194911
-0.00164847
0.0174076
0.0108394
-0.000872529
-0.0154161
-0.00186847
-0.0140726
-0.00286939
-0.00980492
-0.00390204
-0.00464287
-0.00500454
0.00058774
-0.0062095
0.00536292
-0.00745052
0.0091815
-0.0084956
0.0124563
-0.00910362
0.0159497
-0.00909488
0.0185304
-0.00844485
0.0192069
-0.00757937
0.0195638
-0.00672631
0.0195916
-0.00599529
0.01989
-0.00534543
0.0202476
-0.00463306
0.0200234
-0.00388132
0.0194879
-0.00288864
0.0184985
-0.00157495
0.0160939
0.00926441
-0.00103538
-0.0143807
-0.00213125
-0.0129768
-0.00318797
-0.0087482
-0.00424814
-0.0035827
-0.00532774
0.00166734
-0.006433
0.00646818
-0.00749886
0.0102474
-0.00833854
0.013296
-0.00870978
0.016321
-0.00855025
0.0183709
-0.00794455
0.0186012
-0.0072611
0.0188803
-0.00660017
0.0189307
-0.00599197
0.0192818
-0.00530499
0.0195606
-0.00463176
0.0193501
-0.00403351
0.0188897
-0.00332594
0.0177909
-0.00211169
0.0148796
0.00715272
-0.00111239
-0.0132683
-0.00229332
-0.0117958
-0.00339848
-0.00764303
-0.00445449
-0.00252669
-0.0054884
0.00270124
-0.00650112
0.0074809
-0.0073748
0.011121
-0.00801463
0.0139358
-0.00819527
0.0165016
-0.00794201
0.0181176
-0.00746219
0.0181213
-0.00695669
0.0183748
-0.00639303
0.018367
-0.00590724
0.018796
-0.00538648
0.0190399
-0.00487555
0.0188392
-0.00436264
0.0183768
-0.00347218
0.0169004
-0.0018294
0.0132369
0.00532332
-0.00121171
-0.0120566
-0.00244315
-0.0105644
-0.00357319
-0.00651299
-0.0046143
-0.00148558
-0.00556868
0.00365562
-0.0064673
0.00837951
-0.00716747
0.0118212
-0.00761032
0.0143787
-0.0076546
0.0165459
-0.00738607
0.0178491
-0.00701702
0.0177523
-0.00660589
0.0179637
-0.0062117
0.0179728
-0.00589317
0.0184775
-0.00541988
0.0185666
-0.0049012
0.0183205
-0.00424938
0.0177249
-0.00386076
0.0165118
-0.00314941
0.0125255
0.00217391
-0.00126982
-0.0107868
-0.00255843
-0.00927579
-0.00369246
-0.00537895
-0.00470148
-0.000476565
-0.00555663
0.00451077
-0.00631352
0.0091364
-0.00686674
0.0123744
-0.00719257
0.0147045
-0.00717336
0.0165267
-0.00690334
0.017579
-0.00662933
0.0174783
-0.0063477
0.0176821
-0.00607458
0.0176997
-0.0057786
0.0181815
-0.0054558
0.0182438
-0.00520534
0.0180701
-0.0049083
0.0174279
-0.00414768
0.0157512
-0.00291086
0.0112887
-0.000736951
-0.00133226
-0.00945454
-0.00264282
-0.00796522
-0.00380014
-0.00422164
-0.00477671
0.000500007
-0.00552665
0.00526071
-0.00615933
0.00976908
-0.00657024
0.0127854
-0.00677471
0.014909
-0.00670775
0.0164597
-0.00648407
0.0173554
-0.00629084
0.0172851
-0.00606695
0.0174582
-0.00589473
0.0175275
-0.00567806
0.0179649
-0.00551148
0.0180772
-0.0053929
0.0179515
-0.00490189
0.0169369
-0.00349198
0.0143413
-0.00132068
0.0091174
-0.00205763
-0.00136142
-0.00809312
-0.00269872
-0.00662792
-0.00385382
-0.00306653
-0.00478233
0.00142852
-0.00546234
0.00594073
-0.00599553
0.0103023
-0.00629326
0.0130831
-0.00641659
0.0150323
-0.00635112
0.0163942
-0.00612508
0.0171293
-0.00595973
0.0171197
-0.00582622
0.0173247
-0.00576164
0.0174629
-0.00557511
0.0177783
-0.00542399
0.0179261
-0.00513972
0.0176672
-0.00482356
0.0166207
-0.0038474
0.0133651
-0.000678962
0.00594896
-0.00273659
-0.0013523
-0.00674083
-0.00269697
-0.00528325
-0.00383852
-0.00192498
-0.00475732
0.00234732
-0.0053718
0.0065552
-0.00582004
0.0107505
-0.00604766
0.0133107
-0.00607919
0.0150638
-0.00600811
0.0163232
-0.005788
0.0169092
-0.00569784
0.0170295
-0.00558234
0.0172092
-0.00555711
0.0174377
-0.00539996
0.0176212
-0.00529211
0.0178182
-0.00506162
0.0174367
-0.0045895
0.0161486
-0.00378281
0.0125584
-0.000264587
0.00243074
-0.00300118
-0.00134476
-0.00539606
-0.00266371
-0.0039643
-0.00377376
-0.000814927
-0.00469314
0.0032667
-0.00525475
0.00711682
-0.00558451
0.0110803
-0.00576401
0.0134902
-0.00568136
0.0149812
-0.00563337
0.0162752
-0.00542067
0.0166965
-0.00533948
0.0169483
-0.00525213
0.0171218
-0.00526401
0.0174496
-0.00520377
0.0175609
-0.0052519
0.0178664
-0.00505211
0.0172369
-0.00442574
0.0155222
-0.00263864
0.0107713
0.000189885
-0.000397785
-0.0028113
-0.00131258
-0.00408348
-0.00258736
-0.00268953
-0.00363076
0.000228468
-0.00453483
0.00417077
-0.00506071
0.0076427
-0.00524934
0.0112689
-0.00540531
0.0136462
-0.00529415
0.01487
-0.00522606
0.0162071
-0.00506057
0.016531
-0.00500885
0.0168966
-0.00495922
0.0170722
-0.00499105
0.0174814
-0.00498759
0.0175575
-0.00498192
0.0178607
-0.00488019
0.0171352
-0.00424321
0.0148853
-0.00241789
0.00894601
-0.000591542
-0.00222413
-0.00340284
-0.00124518
-0.0028383
-0.00244455
-0.00149015
-0.00341832
0.00120224
-0.00426464
0.00501708
-0.00481539
0.00819345
-0.00489673
0.0113502
-0.00497959
0.013729
-0.00485523
0.0147457
-0.00479522
0.0161471
-0.00471789
0.0164537
-0.00464618
0.0168249
-0.00459655
0.0170226
-0.00460289
0.0174877
-0.00462927
0.0175839
-0.0046521
0.0178835
-0.00450495
0.0169881
-0.00389986
0.0142802
-0.00207964
0.00712578
-0.00102795
-0.00327582
-0.00443078
-0.00115931
-0.00167899
-0.0022805
-0.000368959
-0.00314814
0.00206988
-0.00388997
0.0057589
-0.00446335
0.00876683
-0.00453349
0.0114204
-0.00453699
0.0137325
-0.00446413
0.0146728
-0.00435576
0.0160387
-0.00431518
0.0164131
-0.00420943
0.0167192
-0.00416142
0.0169746
-0.00420116
0.0175275
-0.00426717
0.0176499
-0.00414241
0.0177588
-0.00394902
0.0167947
-0.00319237
0.0135235
-0.00133341
0.00526682
-0.00101672
-0.00359251
-0.00544751
-0.00107719
-0.000601801
-0.00213594
0.000689791
-0.00288378
0.00281773
-0.00344291
0.00631803
-0.00398363
0.00930755
-0.0041136
0.0115503
-0.00407638
0.0136953
-0.00404861
0.014645
-0.00393765
0.0159278
-0.00394656
0.016422
-0.00383485
0.0166075
-0.00375987
0.0168996
-0.00375789
0.0175255
-0.0037642
0.0176562
-0.00358669
0.0175813
-0.00306614
0.0162741
-0.0020635
0.0125209
-0.000555944
0.00375927
-0.000434964
-0.00371349
-0.00588247
-0.00101706
0.000415263
-0.00200716
0.00167989
-0.00265795
0.00346852
-0.00303491
0.00669499
-0.00343003
0.00970267
-0.00361302
0.0117333
-0.00356326
0.0136456
-0.00357779
0.0146596
-0.00349907
0.015849
-0.00352311
0.0164461
-0.00339699
0.0164813
-0.00328802
0.0167906
-0.00323595
0.0174734
-0.00316138
0.0175816
-0.00275564
0.0171755
-0.00226548
0.015784
-0.00130108
0.0115565
-0.000182299
0.00264049
-0.00022971
-0.00366608
-0.00611218
-0.000958248
0.00137351
-0.00190483
0.00262647
-0.00250979
0.00407347
-0.00274111
0.00692631
-0.00294869
0.00991025
-0.00311208
0.0118967
-0.00310119
0.0136347
-0.00311885
0.0146772
-0.00307415
0.0158043
-0.00308113
0.016453
-0.00300248
0.0164027
-0.00281124
0.0165994
-0.0026305
0.0172927
-0.00241332
0.0173644
-0.00205887
0.0168211
-0.001477
0.0152021
-0.000622156
0.0107016
4.90293e-05
0.00196931
-0.000194133
-0.00342291
-0.00630631
-0.000909135
0.00228265
-0.00183183
0.00354916
-0.0024404
0.00468205
-0.0026349
0.0071208
-0.0026787
0.00995406
-0.00271945
0.0119375
-0.00273476
0.01365
-0.0027654
0.0147079
-0.00277989
0.0158188
-0.00276927
0.0164424
-0.00264044
0.0162739
-0.00237953
0.0163385
-0.00209462
0.0170078
-0.00183046
0.0171003
-0.00127108
0.0162617
-0.000712942
0.0146439
9.53858e-05
0.00989331
0.000537108
0.00152759
0.000318557
-0.00320436
-0.00598776
-0.000861331
0.00314398
-0.00178405
0.00447188
-0.00243786
0.00533586
-0.00264915
0.0073321
-0.00264137
0.00994627
-0.00259988
0.011896
-0.00255463
0.0136047
-0.00257295
0.0147262
-0.0025726
0.0158185
-0.00250083
0.0163707
-0.00233977
0.0161128
-0.00194786
0.0159466
-0.00153809
0.016598
-0.00114938
0.0167116
-0.000640375
0.0157527
8.43408e-05
0.0139192
0.000892283
0.00908537
0.000871053
0.00154882
0.000664349
-0.00299766
-0.00532341
-0.000814881
0.00395886
-0.00172696
0.00538396
-0.00243916
0.00604806
-0.00273435
0.00762729
-0.00274595
0.00995788
-0.00267204
0.0118221
-0.00259986
0.0135326
-0.00256446
0.0146908
-0.00246186
0.0157159
-0.00228803
0.0161968
-0.00196324
0.015788
-0.00152128
0.0155046
-0.00101337
0.0160901
-0.000603293
0.0163015
6.49354e-05
0.0150844
0.000757196
0.013227
0.00129438
0.00854818
0.000979396
0.0018638
0.000283071
-0.00230133
-0.00504034
-0.000741037
0.00469989
-0.00162855
0.00627147
-0.00240051
0.00682002
-0.00278435
0.00801112
-0.00284907
0.0100226
-0.0028145
0.0117875
-0.00269139
0.0134094
-0.00260126
0.0146006
-0.00238731
0.0155019
-0.00206496
0.0158745
-0.00167535
0.0153984
-0.00113668
0.0149659
-0.000589489
0.0155429
-0.000117581
0.0158296
0.00045257
0.0145143
0.00121613
0.0124634
0.00190048
0.00786383
0.00174091
0.00202338
0.000990591
-0.00155102
-0.00404975
-0.000651947
0.00535184
-0.0014689
0.00708842
-0.0022567
0.00760783
-0.00273559
0.00849001
-0.00287738
0.0101644
-0.00283191
0.011742
-0.00267537
0.0132529
-0.00249577
0.014421
-0.00218403
0.0151902
-0.00175752
0.015448
-0.0012922
0.0149331
-0.000775425
0.0144491
-0.000189249
0.0149567
0.00031795
0.0153224
0.000968332
0.0138639
0.001586
0.0118457
0.00180825
0.00764158
0.0011574
0.00267422
0.000363356
-0.000756972
-0.00368639
-0.000548271
0.00590011
-0.00127304
0.00781319
-0.00202549
0.00836028
-0.00253123
0.00899574
-0.0027442
0.0103774
-0.00275243
0.0117503
-0.00255394
0.0130544
-0.0022452
0.0141123
-0.00184634
0.0147913
-0.00130382
0.0149054
-0.000881771
0.014511
-0.000420897
0.0139883
0.000174415
0.0143614
0.000731755
0.014765
0.00122105
0.0133746
0.00190732
0.0111595
0.0022598
0.00728911
0.00203463
0.00289939
0.00116918
0.000108482
-0.00251721
-0.000443153
0.00634326
-0.00105376
0.0084238
-0.00172418
0.00903069
-0.00221157
0.00948314
-0.00243595
0.0106017
-0.00246296
0.0117773
-0.00228799
0.0128794
-0.00195501
0.0137793
-0.00149557
0.0143319
-0.000982301
0.0143922
-0.000495466
0.0140242
-9.86429e-05
0.0135915
0.000394878
0.0138679
0.000946172
0.0142137
0.00154365
0.0127771
0.00196805
0.0107351
0.00214045
0.0071167
0.00149981
0.00354004
0.000895177
0.00071311
-0.00162204
-0.000335367
0.00667863
-0.000834334
0.00892277
-0.00140962
0.00960598
-0.00183591
0.00990943
-0.00200741
0.0107732
-0.00202305
0.0117929
-0.00185397
0.0127103
-0.00149602
0.0134214
-0.0010858
0.0139217
-0.000599968
0.0139063
-0.000204189
0.0136284
0.000151157
0.0132361
0.000698184
0.0133209
0.00125127
0.0136607
0.00170479
0.0123236
0.00225166
0.0101882
0.00216573
0.00720263
0.00167122
0.00403456
0.000883846
0.00150048
-0.000738189
-0.000220392
0.00689902
-0.00060187
0.00930425
-0.00110458
0.0101087
-0.00149849
0.0103033
-0.00160743
0.0108822
-0.00156039
0.0117459
-0.00133793
0.0124879
-0.00103135
0.0131148
-0.000546513
0.0134368
-0.000153832
0.0135136
0.000189546
0.0132851
0.000504372
0.0129213
0.000950229
0.012875
0.00150086
0.01311
0.00207002
0.0117545
0.00230589
0.00995233
0.00231486
0.00719366
0.00150592
0.00484349
0.000580331
0.00242607
-0.000157858
-0.000119167
0.00701819
-0.00039908
0.00958416
-0.000808739
0.0105183
-0.00116223
0.0106568
-0.00126929
0.0109892
-0.00117411
0.0116507
-0.000977869
0.0122916
-0.000619425
0.0127564
-0.000204916
0.0130223
0.000202522
0.0131062
0.000545568
0.012942
0.000765217
0.0127016
0.00111716
0.0125231
0.00172125
0.0125059
0.00203462
0.0114411
0.002209
0.00977795
0.00173423
0.00766842
0.00154062
0.00503711
0.000968336
0.00299836
0.000810478
-7.58866e-06
0.00702578
-0.000189333
0.0097659
-0.000487411
0.0108164
-0.000815731
0.0109851
-0.000911032
0.0110845
-0.000805659
0.0115453
-0.000556856
0.0120428
-0.000325653
0.0125252
4.04739e-05
0.0126562
0.000432586
0.0127141
0.000748706
0.0126259
0.000985438
0.0124649
0.00133066
0.0121778
0.00159935
0.0122372
0.00193492
0.0111055
0.00213828
0.0095746
0.00213113
0.00767557
0.00135622
0.00581202
0.000648136
0.00370644
0.00145861
6.20022e-05
0.00696378
-1.86765e-05
0.00984658
-0.000172444
0.0109702
-0.000423822
0.0112365
-0.000522171
0.0111829
-0.000357858
0.011381
-9.68072e-05
0.0117818
0.000195405
0.0122329
0.000472149
0.0123795
0.000698749
0.0124875
0.00102324
0.0123014
0.0013532
0.0121349
0.00159332
0.0119377
0.00203239
0.0117982
0.00223344
0.0109045
0.00214837
0.00965967
0.00180254
0.0080214
0.00177908
0.00583548
0.000922902
0.00456262
0.00238152
0.000109868
0.00685391
6.41274e-05
0.00989232
-1.03029e-06
0.0110354
-0.000167093
0.0114026
-0.000182151
0.0111979
-6.77642e-06
0.0112056
0.00031047
0.0114645
0.000692707
0.0118507
0.000880853
0.0121913
0.00112873
0.0122396
0.00137868
0.0120514
0.00164308
0.0118705
0.00220958
0.0113712
0.00241235
0.0115954
0.0025227
0.0107941
0.00261743
0.00956494
0.00236788
0.00827094
0.00118967
0.00701369
0.000497062
0.00525523
0.00287858
0.000171543
0.00668236
9.81642e-05
0.0099657
6.8144e-05
0.0110654
-1.54952e-05
0.0114862
-5.24785e-05
0.0112349
6.4195e-05
0.011089
0.000435142
0.0110936
0.000803611
0.0114822
0.00118696
0.011808
0.00133933
0.0120873
0.00146152
0.0119293
0.00184069
0.0114914
0.00212507
0.0110868
0.00249131
0.0112292
0.00261169
0.0106737
0.00241688
0.00975975
0.00174911
0.00893871
0.00173332
0.00702948
0.000823475
0.00616507
0.00370205
0.000243768
0.0064386
0.000112951
0.0100965
0.000117045
0.0110613
3.94851e-05
0.0115638
-3.1316e-05
0.0113057
4.09462e-05
0.0110167
0.000254348
0.0108802
0.000772906
0.0109637
0.00109176
0.0114891
0.00134239
0.0118366
0.00153428
0.0117374
0.00157116
0.0114545
0.00194323
0.0107148
0.00216717
0.0110052
0.00222349
0.0106174
0.00203971
0.00994354
0.00215566
0.00882275
0.00111889
0.00806626
0.000899586
0.00638438
0.00460164
0.000225357
0.00621324
0.000108211
0.0102137
0.000130592
0.0110389
7.63237e-05
0.0116181
3.86806e-05
0.0113434
5.65582e-05
0.0109988
0.00039231
0.0105444
0.000724918
0.0106311
0.00118106
0.011033
0.00153141
0.0114863
0.00149846
0.0117703
0.00163241
0.0113205
0.00181823
0.0105289
0.00203918
0.0107843
0.00187398
0.0107826
0.00182716
0.00999035
0.000973387
0.00967653
0.000728756
0.00831089
3.13702e-05
0.00708176
0.00463301
0.00016032
0.00605292
0.000181285
0.0101927
0.00024931
0.0109709
0.00028541
0.011582
0.000315531
0.0113133
0.000521479
0.0107929
0.000706349
0.0103596
0.00110946
0.010228
0.0015252
0.0106172
0.00171364
0.0112978
0.00185618
0.0116278
0.00182425
0.0113525
0.00190533
0.0104479
0.00210963
0.01058
0.002298
0.0105943
0.00191514
0.0103732
0.00182334
0.00976833
0.00136909
0.00876514
0.00135457
0.00709628
0.00598758
0.000176359
0.00587656
0.000345925
0.0100231
0.000485324
0.0108315
0.000667985
0.0113993
0.000873649
0.0111076
0.00105159
0.0106149
0.00134264
0.0100685
0.00157714
0.00999345
0.00177129
0.0104231
0.00202198
0.0110471
0.00206251
0.0115872
0.00204275
0.0113722
0.00217234
0.0103183
0.00253971
0.0102126
0.00243503
0.0106989
0.00227309
0.0105352
0.00171361
0.0103278
0.00132915
0.00914959
-3.6431e-05
0.00846186
0.00595115
0.000201604
0.00567496
0.000391795
0.00983294
0.000621969
0.0106013
0.000952411
0.0110689
0.00125884
0.0108012
0.00153678
0.010337
0.00167767
0.00992763
0.00177489
0.00989623
0.00188242
0.0103155
0.00193022
0.0109994
0.00198817
0.0115293
0.00208795
0.0112724
0.00216588
0.0102403
0.00221288
0.0101656
0.00246907
0.0104428
0.00259372
0.0104105
0.00232607
0.0105955
0.00126737
0.0102083
0.0016639
0.00806533
0.00761505
1.44295e-05
0.00566053
0.000403513
0.00944386
0.000712545
0.0102923
0.00110458
0.0106768
0.00139791
0.0105078
0.00164242
0.0100925
0.00175342
0.00981662
0.00167638
0.00997327
0.00173845
0.0102535
0.00161286
0.0111249
0.00165711
0.0114851
0.00168462
0.0112449
0.00161253
0.0103124
0.00176916
0.0100089
0.00204386
0.0101681
0.00205924
0.0103951
0.00171576
0.0109389
0.00194315
0.0099809
0.000124795
0.00988369
0.00773985
-0.000229866
0.00589039
0.000369764
0.00884423
0.000862785
0.00979925
0.00121248
0.0103271
0.00149495
0.0102254
0.00160753
0.00997989
0.00150885
0.0099153
0.00156129
0.00992083
0.00125066
0.0105641
0.00124096
0.0111346
0.00126695
0.0114591
0.00126417
0.0112477
0.00112131
0.0104553
0.00119244
0.00993781
0.00110743
0.0102531
0.00138437
0.0101182
0.00173741
0.0105859
0.00131023
0.0104081
0.00164275
0.00955118
0.00938259
0.00013918
0.00575121
0.000492981
0.00849043
0.000729545
0.00956268
0.00120484
0.00985182
0.00126124
0.010169
0.00125518
0.00998595
0.00128662
0.00988386
0.000869857
0.0103376
0.000981706
0.0104523
0.000877653
0.0112387
0.000945645
0.0113911
0.000957342
0.011236
0.00101294
0.0103997
0.000748985
0.0102018
0.000933609
0.0100684
0.00103561
0.0100162
0.00102716
0.0105944
0.00115703
0.0102782
-0.00030843
0.0110166
0.00907416
0.001077
0.00467421
0.000805567
0.00876186
0.000706616
0.00966163
0.00074373
0.00981471
0.000971519
0.00994118
0.00102749
0.00992998
0.000783878
0.0101275
0.000978069
0.0101434
0.0007459
0.0106844
0.00092396
0.0110606
0.00112398
0.011191
0.00132316
0.0110368
0.00111334
0.0106095
0.0012666
0.0100485
0.00134261
0.00999243
0.00141372
0.00994507
0.00142717
0.0105809
0.0010017
0.0107037
0.00208866
0.00992967
0.0111628
0.00142424
0.00324997
0.00121233
0.00897377
0.000986168
0.0098878
0.00121446
0.00958642
0.00130352
0.00985212
0.00136512
0.00986838
0.00152043
0.00997216
0.00125755
0.0104063
0.00138267
0.0105593
0.00148883
0.0109545
0.00157034
0.0111095
0.00173063
0.0108765
0.00187856
0.0104616
0.00193117
0.0099959
0.00211611
0.0098075
0.00218322
0.00987795
0.00245128
0.0103129
0.00232753
0.0108274
6.79901e-05
0.0121892
0.0112308
0.00108105
0.00216892
0.00153882
0.008516
0.00187163
0.00955499
0.00201972
0.00943832
0.00239347
0.00947837
0.00255336
0.00970849
0.00245957
0.010066
0.00252268
0.0103432
0.0023336
0.0107484
0.00231525
0.0109728
0.0025388
0.010886
0.00254491
0.0108704
0.00272623
0.0102803
0.00283957
0.00988257
0.00303407
0.00961299
0.00361561
0.00929641
0.0036192
0.0103093
0.00339368
0.0110529
0.00430787
0.011275
0.0155387
0.000429761
0.00173916
0.00149683
0.00744893
0.00215858
0.00889324
0.0027673
0.0088296
0.00311659
0.00912907
0.00349475
0.00933033
0.00364791
0.00991279
0.003596
0.0103951
0.0037721
0.0105723
0.00390998
0.0108349
0.00394389
0.0108521
0.00462349
0.0101908
0.00466351
0.0102403
0.00524103
0.00930505
0.00565058
0.00920344
0.00521287
0.00973412
0.00633777
0.00918436
0.00555145
0.0118393
0.00428319
0.0125433
0.0198219
-0.000187599
0.00192676
0.000933312
0.00632802
0.00201606
0.00781049
0.00276346
0.0080822
0.00361309
0.00827945
0.00399981
0.00894361
0.00457592
0.00933668
0.00510917
0.00986184
0.00536758
0.0103139
0.00595762
0.0102449
0.0066207
0.010189
0.00681999
0.00999153
0.00791245
0.0091478
0.00799159
0.00922591
0.00916923
0.0080258
0.00945482
0.00944853
0.0103475
0.00829172
0.0105243
0.0116624
0.0117749
0.0112927
0.0148805
0.0167163
-0.000386905
0.00231367
0.000761496
0.00517962
0.00190317
0.00666882
0.0031507
0.00683468
0.0040134
0.00741675
0.00517906
0.00777795
0.005878
0.00863774
0.00676904
0.00897079
0.00772673
0.00935619
0.00832385
0.00964779
0.00937772
0.00913513
0.00970009
0.00966916
0.010989
0.00785889
0.0112262
0.00898867
0.0121238
0.00712825
0.0119089
0.00966339
0.0135469
0.00665369
0.0144288
0.0107805
0.0177423
0.00797922
0.0127336
0.0198892
0.000108174
0.00220549
0.00154927
0.00373853
0.00257266
0.00564543
0.00376346
0.00564387
0.00495221
0.006228
0.00579816
0.006932
0.00748305
0.00695285
0.00805341
0.00840043
0.0101142
0.00729541
0.0102817
0.00948027
0.0125589
0.00685789
0.0125963
0.00963177
0.0147957
0.00565952
0.0147346
0.00904975
0.0160535
0.00580939
0.0166998
0.00901712
0.0162137
0.00713978
0.0184019
0.00859229
0.0182601
0.00812105
0.0101614
0.0208323
0.000986948
0.00121854
0.002509
0.00221647
0.00374493
0.0044095
0.00468992
0.00469889
0.00581222
0.00510569
0.00679131
0.00595292
0.00813241
0.00561175
0.00920198
0.00733086
0.0110224
0.00547496
0.0115521
0.00895059
0.0148355
0.00357448
0.0139061
0.0105612
0.0173385
0.00222712
0.0175051
0.00888315
0.0175503
0.00576416
0.0194669
0.00710047
0.01895
0.00765675
0.0207836
0.00675868
0.0216478
0.0072568
0.00802327
0.023786
0.00205548
-0.000836939
0.00375449
0.000517467
0.00542665
0.00273734
0.00669022
0.00343531
0.00770954
0.00408637
0.00886228
0.00480017
0.0101381
0.0043359
0.0108124
0.00665656
0.0135104
0.00277698
0.012431
0.01003
0.0158377
0.000167855
0.0150764
0.0113225
0.0163183
0.000985197
0.0178064
0.00739512
0.0177862
0.00578434
0.0199665
0.00492018
0.020065
0.00755827
0.0192108
0.00761286
0.0209897
0.00547793
0.0055229
0.02349
0.00250224
-0.00333917
0.00467249
-0.00165278
0.00685536
0.000554464
0.00831673
0.00197395
0.00936477
0.00303833
0.010508
0.00365692
0.0115492
0.00329475
0.011697
0.00650876
0.0134429
0.00103099
0.0123016
0.0111714
0.0138187
-0.0013493
0.013764
0.0113772
0.0137486
0.00100056
0.0142894
0.00685433
0.0148448
0.00522894
0.0171179
0.00264713
0.0198204
0.00485573
0.0195228
0.00791046
0.018805
0.00619577
0.00387218
0.0204557
0.00163378
-0.00497296
0.00325719
-0.00327619
0.00477046
-0.000958798
0.00595243
0.000791973
0.00706569
0.00192507
0.00804361
0.002679
0.00858097
0.0027574
0.0105818
0.00450788
0.0103576
0.00125519
0.011559
0.00996996
0.0123384
-0.00212871
0.010494
0.0132216
0.0114412
5.33397e-05
0.0135374
0.00475818
0.0132561
0.00551018
0.012586
0.00331722
0.0155857
0.00185604
0.0183694
0.00512675
0.0185075
0.00605768
0.00298499
0.0193947
-0.000391439
-0.00458152
-6.92081e-05
-0.00359842
0.000564272
-0.00159228
0.00164661
-0.000290366
0.00273811
0.000833562
0.00383867
0.00157845
0.00463059
0.00196548
0.00747987
0.0016586
0.0069392
0.00179586
0.00934612
0.00756304
0.010825
-0.00360761
0.0114223
0.0126244
0.00709414
0.0043815
0.0103338
0.00151856
0.0124247
0.00341927
0.0124786
0.00326333
0.0136324
0.000702217
0.0155908
0.00316829
0.0170163
0.0046322
0.00192231
0.018079
-0.0018615
-0.00272003
-0.00305763
-0.00240228
-0.00320899
-0.00144092
-0.00297611
-0.000523247
-0.00218241
3.98609e-05
-0.00127204
0.000668079
0.000512078
0.000181364
0.000427943
0.00174273
0.00328869
-0.00106489
0.00857359
0.00227815
0.00582993
-0.000863951
0.0124408
0.00601346
0.0137432
0.00307915
0.0122903
0.00297148
0.0134651
0.0022444
0.0144353
0.00229321
0.013677
0.00146048
0.0146391
0.00220614
0.016758
0.00251333
0.000741973
0.0179383
-0.00272003
-0.00512231
-0.00656323
-0.00708648
-0.00704662
-0.00637854
-0.00619718
-0.00445445
-0.00551934
-0.00324119
-0.00410514
0.00190832
0.00498747
0.00795895
0.0102033
0.0124966
0.013957
0.0161632
0.0186765
0.0194185
0.00328783
0.0134284
-0.00144801
0.00473585
0.000619286
-0.0020673
0.0011663
-0.000547014
-0.00176048
0.00292678
-0.00120013
-0.000560343
0.000611563
-0.0018117
0.00153917
-0.000927607
0.00106499
0.000474178
-0.000995288
0.00206028
-0.00294885
0.00195356
-0.00464456
0.00169571
-0.00626364
0.00161909
-0.00817385
0.00191021
-0.0105786
0.00240478
-0.0136814
0.00310273
-0.0172415
0.0035602
-0.0208915
0.00364995
-0.024284
0.00339249
-0.027169
0.00288504
-0.0294409
0.0022719
-0.0310426
0.00160168
-0.0319312
0.000888638
-0.03229
0.000358778
-0.0323375
4.75251e-05
-0.0321109
-0.00022662
-0.0317369
-0.000374043
-0.0313101
-0.000426828
-0.0308556
-0.000454494
-0.0302698
-0.000585728
-0.029666
-0.000603858
-0.0290503
-0.00061572
-0.0283908
-0.000659448
-0.0275582
-0.000832605
-0.0267112
-0.000846993
-0.0254822
-0.00122903
-0.0239424
-0.00153976
-0.0217777
-0.00216474
-0.0189681
-0.0028096
-0.0157139
-0.00325419
-0.0118953
-0.00381862
-0.00763438
-0.00426088
-0.00295995
-0.00467442
0.000589591
-0.00354954
0.00432538
-0.00373579
0.00748193
-0.00315655
0.0100727
-0.0025908
0.0120861
-0.00201333
0.0136809
-0.00159479
0.015035
-0.00135415
0.0162139
-0.00117889
0.0172071
-0.00099324
0.017899
-0.000691824
0.0178123
8.66543e-05
0.0167893
0.00102304
0.0151263
0.00166298
0.0134255
0.00170079
0.0117571
0.00166837
0.00975044
0.00200669
0.00740851
0.00234193
0.00500194
0.00240657
0.00284911
0.00215283
0.001142
0.00170711
2.50476e-05
0.00111695
-0.000470356
0.000495403
-0.00044225
-2.81058e-05
3.70471e-05
-0.000479297
0.000849771
-0.000812724
0.00198106
-0.00113129
0.00321989
-0.00123883
0.00452416
-0.00130428
0.00572761
-0.00120345
0.0067859
-0.00105829
0.00766815
-0.000882244
0.00836514
-0.000696998
0.00896002
-0.000594877
0.009445
-0.000484983
0.00994098
-0.000495978
0.0104125
-0.000471477
-0.000613519
0.0223424
0.0109752
0.0153146
0.0117636
0.00729415
0.00595319
0.00188622
0.00486091
0.00156242
0.00325058
-0.000308742
0.00131082
-0.000124155
-0.00199628
0.0051485
-0.00620027
0.0101388
-0.00451613
0.0119185
0.000280609
0.011479
0.00239301
0.00974477
0.00342998
0.00726999
0.00409386
0.00368479
0.00549541
-0.000781421
0.00687099
-0.00553579
0.00785709
-0.0100451
0.00806952
-0.0140179
0.0076227
-0.0172492
0.00662381
-0.0197788
0.00541468
-0.0215188
0.00401186
-0.0225009
0.00258377
-0.022851
0.00123874
-0.0227418
0.000249586
-0.0224819
-0.0002124
-0.022165
-0.000543457
-0.021752
-0.000787058
-0.021121
-0.00105788
-0.0204748
-0.00110063
-0.0199195
-0.00114104
-0.019258
-0.00126538
-0.018393
-0.0014807
-0.0178973
-0.00115519
-0.0171253
-0.00160453
-0.0160847
-0.00188768
-0.0151781
-0.00213559
-0.0137536
-0.00296429
-0.0114993
-0.00441897
-0.00874059
-0.00556835
-0.00545996
-0.00653482
-0.00146942
-0.00780917
0.00273583
-0.00846612
0.00676095
-0.00869954
0.0112924
-0.00808102
0.0149373
-0.00738069
0.0181882
-0.00640739
0.0208218
-0.00522447
0.0228167
-0.00400819
0.0243195
-0.0030976
0.0254863
-0.00252097
0.0264645
-0.00215705
0.0270879
-0.00161664
0.0272296
-0.000833547
0.0268414
0.000474802
0.0257726
0.00209188
0.0239074
0.00352823
0.0212517
0.00435648
0.0182441
0.00467596
0.0154806
0.00477014
0.0130567
0.00476583
0.0108582
0.00460505
0.00885227
0.00415881
0.00728857
0.00327081
0.00627154
0.00213398
0.00592389
0.000843053
0.00610248
-0.000206702
0.00670831
-0.00108513
0.00767892
-0.00178333
0.00887201
-0.00232438
0.0102751
-0.00264197
0.0116591
-0.00268827
0.0130347
-0.00257904
0.0142449
-0.00226844
0.0153095
-0.00194684
0.0161835
-0.00157101
0.0169222
-0.00133354
0.017495
-0.00105782
0.0180576
-0.00105862
0.0185338
-0.000947604
-0.00111006
0.0223398
0.00946764
0.024285
0.00981844
0.0230852
0.00715295
0.0212388
0.00670738
0.0163337
0.00815563
0.0119682
0.00567633
0.00840226
0.00156967
0.00415786
-0.00195587
0.00626704
-0.00662531
0.0078104
-0.00126275
0.00778826
0.00241515
0.00589172
0.00532651
0.00363782
0.00634776
0.00110944
0.00802378
-0.00142487
0.0094053
-0.00364601
0.0100782
-0.0055856
0.0100091
-0.00703111
0.00906821
-0.0080128
0.00760551
-0.00862151
0.0060234
-0.00894194
0.00433229
-0.00889815
0.00253999
-0.00862541
0.000965996
-0.00840505
2.92283e-05
-0.00791321
-0.000704247
-0.00738941
-0.00106725
-0.00682417
-0.0013523
-0.00642928
-0.00145277
-0.00592482
-0.00160509
-0.0053839
-0.00168196
-0.00482169
-0.00182758
-0.00464598
-0.00165641
-0.00404519
-0.00175598
-0.0034549
-0.00219482
-0.00293134
-0.00241124
-0.00212476
-0.00294217
-0.00082976
-0.00425929
0.00063343
-0.00588216
0.00260104
-0.00753595
0.00557527
-0.00950905
0.00885372
-0.0110876
0.0125984
-0.0122108
0.0164452
-0.0125463
0.0201428
-0.0117787
0.0234612
-0.010699
0.0263389
-0.00928508
0.0287373
-0.00762292
0.0305769
-0.00584777
0.0319892
-0.00450989
0.0330895
-0.00362124
0.0340229
-0.00309049
0.0348324
-0.00242612
0.0354532
-0.00145433
0.0357851
0.000142924
0.0352694
0.00260756
0.0334787
0.00531892
0.030616
0.00721917
0.0272071
0.00808489
0.0238051
0.00817207
0.0206093
0.00796172
0.0178239
0.00739043
0.0155866
0.00639606
0.0140737
0.00478371
0.0133062
0.00290153
0.0130683
0.00108091
0.0133783
-0.000516679
0.0140431
-0.00174991
0.0150253
-0.00276553
0.0161332
-0.00343232
0.0173121
-0.00382088
0.018495
-0.00387113
0.0195862
-0.00367024
0.0205679
-0.00325018
0.0213947
-0.00277359
0.0220437
-0.00222005
0.022574
-0.0018638
0.0229736
-0.00145748
0.0233363
-0.0014213
0.023648
-0.00125929
-0.00148229
0.0246762
0.00857745
0.0269141
0.00758051
0.0257959
0.0082712
0.0265003
0.00600301
0.0274271
0.0072288
0.026112
0.00699137
0.0232952
0.0043865
0.0133228
0.00801655
0.00172444
0.00497305
-0.00283405
0.00329574
-0.00349581
0.00307691
-0.00157314
0.00340384
0.000645164
0.00412946
0.00274086
0.00592809
0.0047912
0.00735496
0.00685392
0.00801552
0.0086024
0.00826063
0.00980615
0.00786446
0.0105285
0.00688315
0.0108829
0.00566896
0.0109448
0.00427045
0.0106404
0.00284438
0.0101813
0.00142507
0.00997686
0.000233677
0.00990633
-0.000633718
0.00992645
-0.00108737
0.01012
-0.0015459
0.0102443
-0.00157706
0.0103949
-0.00175561
0.0103395
-0.00162656
0.0103243
-0.00181245
0.0105912
-0.00192324
0.0106765
-0.00184129
0.0108749
-0.00239328
0.0112666
-0.0028029
0.0117564
-0.00343198
0.0124847
-0.0049876
0.0135193
-0.0069168
0.0152261
-0.00924272
0.0173467
-0.0116297
0.0198485
-0.0135894
0.0225492
-0.0149115
0.0252451
-0.0152422
0.0277263
-0.01426
0.0298564
-0.0128291
0.0314975
-0.0109261
0.0328861
-0.00901159
0.0339812
-0.00694282
0.0347965
-0.00532522
0.0353523
-0.00417702
0.0359921
-0.00373029
0.0368669
-0.00330095
0.0378167
-0.00240408
0.038653
-0.000693426
0.0389691
0.00229154
0.0385816
0.00570643
0.0369614
0.00883931
0.0341463
0.0109
0.0308794
0.011439
0.0279455
0.0108957
0.0256377
0.00969822
0.0240847
0.007949
0.0230346
0.0058339
0.0224372
0.00349892
0.0221992
0.0013189
0.0224096
-0.00072704
0.023003
-0.00234332
0.0237903
-0.00355287
0.024695
-0.00433697
0.0255908
-0.00471674
0.0264162
-0.00469649
0.0271154
-0.00436946
0.027617
-0.00375181
0.0279884
-0.003145
0.0281588
-0.00239045
0.0282661
-0.0019711
0.0282598
-0.00145111
0.0282689
-0.00143044
0.0282469
-0.00123729
-0.00144915
0.0251127
0.00695477
0.0273187
0.00537447
0.0289071
0.00668289
0.0289513
0.00595873
0.0308628
0.00531732
0.0305529
0.00730127
0.0285787
0.00636075
0.0302617
0.00633355
0.0283358
0.00689894
0.024496
0.0071355
0.0207522
0.0068207
0.0177045
0.00645157
0.0155019
0.00633206
0.0145119
0.00691809
0.0144689
0.00739797
0.0151028
0.00738161
0.0162366
0.00712681
0.0175893
0.00651181
0.0189089
0.00556355
0.0201118
0.00446606
0.0210376
0.00334465
0.0217275
0.0021545
0.0219778
0.00117469
0.0218368
0.000374719
0.0217851
-0.000582037
0.0219115
-0.00121372
0.0221404
-0.00177483
0.022538
-0.00197468
0.0230722
-0.00228975
0.0235592
-0.00211359
0.024022
-0.00227526
0.0242039
-0.00210513
0.0244146
-0.00205201
0.0243426
-0.00232121
0.0242814
-0.00274171
0.0244783
-0.00362895
0.02482
-0.00532925
0.0256049
-0.00770171
0.0266032
-0.010241
0.0280499
-0.0130764
0.0295666
-0.0151062
0.03088
-0.0162249
0.0319124
-0.0162745
0.0325402
-0.0148878
0.032939
-0.0132279
0.0329603
-0.0109475
0.0326632
-0.00871448
0.0323688
-0.00664842
0.0319372
-0.00489362
0.0312214
-0.00346121
0.0311381
-0.00364695
0.0318002
-0.00396311
0.0331538
-0.00375766
0.0346942
-0.00223382
0.0363136
0.000672147
0.0376143
0.00440573
0.0381358
0.00831778
0.0376765
0.0113594
0.0362916
0.0128238
0.0345318
0.0126555
0.0328248
0.0114052
0.0315343
0.00923952
0.0306693
0.00669886
0.0301909
0.00397735
0.0300423
0.00146756
0.0302436
-0.000928426
0.0306513
-0.00275102
0.0311696
-0.00407109
0.0316608
-0.00482818
0.0321295
-0.00518545
0.0324771
-0.00504408
0.0327727
-0.00466514
0.0329241
-0.00390318
0.0330079
-0.00322876
0.032966
-0.00234855
0.0328792
-0.00188434
0.0327098
-0.00128172
0.0324914
-0.00121198
0.032224
-0.000969909
-0.00116692
0.0222032
0.00520727
0.0235193
0.00405832
0.0258686
0.00433358
0.0270906
0.00473673
0.0286386
0.00376934
0.0307237
0.00521612
0.0317294
0.00535508
0.0327206
0.00534236
0.0332763
0.00634325
0.0332543
0.00715745
0.0328797
0.00719535
0.0324012
0.00693008
0.0318943
0.0068389
0.0317888
0.00702366
0.0321037
0.00708307
0.0326448
0.00684051
0.0333241
0.0064475
0.034156
0.00567992
0.0349892
0.00473028
0.035842
0.00361329
0.0364854
0.00270128
0.036977
0.00166291
0.0372155
0.000936107
0.0373764
0.000213831
0.0372829
-0.000488502
0.0371437
-0.00107454
0.0368668
-0.00149794
0.0363199
-0.00142773
0.0356413
-0.00161115
0.0348698
-0.00134215
0.0339742
-0.00137959
0.0331373
-0.00126827
0.0327071
-0.00162182
0.0324226
-0.00203673
0.032629
-0.00294805
0.0332515
-0.00425147
0.0338846
-0.00596234
0.0347358
-0.00855289
0.0352771
-0.0107823
0.0356298
-0.013429
0.0355165
-0.0149929
0.0348483
-0.0155568
0.0336964
-0.0151226
0.0317672
-0.0129586
0.0300182
-0.0114789
0.0287103
-0.00963958
0.0264626
-0.00646677
0.0232867
-0.00347259
0.0200186
-0.00162553
0.0180063
-0.00144883
0.0181835
-0.00382424
0.0199419
-0.00572149
0.0223654
-0.00618114
0.0247989
-0.00466733
0.0272336
-0.00176259
0.0296522
0.00198714
0.0318593
0.00611075
0.0336437
0.00957497
0.0346893
0.0117781
0.0350904
0.0122545
0.0351201
0.0113755
0.0350118
0.00934779
0.0349495
0.00676118
0.0349303
0.00399658
0.0349385
0.00145936
0.0349859
-0.000975819
0.0349863
-0.00275148
0.0349106
-0.0039954
0.0346836
-0.00460118
0.0343971
-0.00489894
0.0339981
-0.00464504
0.0335966
-0.00426363
0.0331353
-0.00344186
0.0326849
-0.00277842
0.0322246
-0.00188826
0.0318191
-0.0014788
0.0314719
-0.00093448
0.0312125
-0.000952583
0.0310592
-0.000816668
-0.00101692
0.0208514
0.00375065
0.0211262
0.00378344
0.0224164
0.00304344
0.0240259
0.00312725
0.0255071
0.0022881
0.0281535
0.0025697
0.0303788
0.00312976
0.0319178
0.00380345
0.0336478
0.00461323
0.0354986
0.00530663
0.0370145
0.00567939
0.0379957
0.00594898
0.0389708
0.00586374
0.0400989
0.00589556
0.0413993
0.00578273
0.04273
0.00550976
0.0439848
0.0051927
0.045178
0.00448673
0.0461302
0.00377811
0.0469023
0.00284118
0.0474553
0.00214825
0.0477685
0.00134973
0.0478881
0.000816524
0.0479823
0.000119619
0.0478397
-0.000345915
0.0474589
-0.000693735
0.046943
-0.000982043
0.0466452
-0.00112998
0.0462849
-0.00125085
0.0460064
-0.0010636
0.0458621
-0.00123534
0.0455725
-0.000978641
0.0454776
-0.00152695
0.0452094
-0.00176844
0.0449983
-0.00273702
0.0448379
-0.00409103
0.0443642
-0.00548862
0.0436367
-0.00782543
0.0423598
-0.0095054
0.0404996
-0.0115688
0.0379908
-0.0124842
0.0349874
-0.0125533
0.0311548
-0.0112899
0.0271349
-0.00893869
0.0236705
-0.00801462
0.0197007
-0.00566975
0.0145741
-0.00134018
0.0106508
0.000450764
0.0102055
-0.00118021
0.012123
-0.00336636
0.0145145
-0.00621577
0.0164072
-0.00761417
0.017479
-0.00725292
0.0181911
-0.00537946
0.01919
-0.00276148
0.0205926
0.000584535
0.0228011
0.00390221
0.0252244
0.00715171
0.0276603
0.00934218
0.0296642
0.0102506
0.031362
0.00967773
0.0325657
0.00814406
0.0335136
0.00581331
0.0340783
0.00343187
0.0344183
0.00111931
0.0343139
-0.000871385
0.0339503
-0.00238789
0.0332579
-0.003303
0.0324428
-0.00378603
0.0314755
-0.00393161
0.0305463
-0.00371592
0.0296116
-0.00332885
0.0287903
-0.0026206
0.0280487
-0.0020368
0.0274555
-0.00129512
0.0269402
-0.000963498
0.0264365
-0.000430751
0.0261548
-0.000670903
0.0259365
-0.000598315
-0.000850542
0.020277
0.0015526
0.0213222
0.00273833
0.0215068
0.00285877
0.021981
0.00265305
0.0225656
0.00170356
0.0240577
0.00107756
0.0260078
0.00117971
0.0280599
0.00175135
0.0302926
0.00238049
0.0327223
0.00287698
0.0350406
0.00336106
0.0371481
0.00384149
0.0391015
0.00391035
0.0410455
0.0039515
0.0430033
0.00382492
0.0448336
0.00367953
0.0466244
0.00340188
0.0480472
0.00306389
0.0493194
0.00250589
0.0501199
0.00204075
0.0508825
0.00138558
0.0513059
0.000926333
0.0515597
0.00056279
0.051631
4.82645e-05
0.0512698
1.52807e-05
0.051009
-0.000432925
0.0503967
-0.000369734
0.0500374
-0.00077072
0.0495369
-0.00075032
0.0490923
-0.000618959
0.0486809
-0.000823936
0.0483474
-0.000645149
0.0479742
-0.00115376
0.0476096
-0.00140383
0.0469754
-0.00210285
0.0460562
-0.00317183
0.0447188
-0.00415125
0.0425808
-0.00568738
0.0399708
-0.00689538
0.0364657
-0.00806376
0.0326311
-0.00864963
0.0285795
-0.00850172
0.0241782
-0.0068885
0.0212598
-0.00602028
0.018919
-0.00567385
0.0170434
-0.00379415
0.0168062
-0.00110299
0.0180837
-0.000826742
0.0194287
-0.00252523
0.0195195
-0.00345717
0.0179763
-0.00467252
0.0156967
-0.00533458
0.013256
-0.00481221
0.0114195
-0.00354294
0.0105202
-0.00186225
0.0106371
0.000467685
0.0121096
0.00242964
0.014402
0.00485935
0.0173632
0.00638098
0.0202581
0.00735569
0.0229718
0.00696396
0.0251956
0.00592025
0.0268675
0.00414146
0.0279766
0.00232274
0.0286698
0.000426157
0.0286563
-0.000857936
0.028152
-0.00188353
0.0271953
-0.00234635
0.0259878
-0.00257857
0.0244417
-0.00238548
0.0229945
-0.00226871
0.0214885
-0.00182285
0.0203602
-0.00149228
0.0193654
-0.00104203
0.0188199
-0.000749589
0.0183585
-0.00050212
0.0184162
-0.000488513
0.0186771
-0.000931776
0.0186948
-0.00061602
-0.00100644
0.019457
3.39467e-05
0.0212457
0.000949585
0.0227496
0.00135488
0.0239687
0.00143395
0.0245282
0.00114409
0.0249061
0.000699618
0.0255329
0.000552963
0.0265522
0.000732093
0.02797
0.000962616
0.029686
0.001161
0.0316885
0.00135854
0.033797
0.00173298
0.0359149
0.00179246
0.0381379
0.00172855
0.0402377
0.00172514
0.0423265
0.00159072
0.0441662
0.00156216
0.0458319
0.00139821
0.0471922
0.0011456
0.0482805
0.00095244
0.0491022
0.000563821
0.0495967
0.000431833
0.0499843
0.000175238
0.049968
6.45619e-05
0.0500142
-3.09606e-05
0.0497175
-0.00013616
0.0495551
-0.000207397
0.0490979
-0.000313524
0.0486928
-0.000345172
0.0483836
-0.000309771
0.0478948
-0.000335175
0.0476706
-0.000420898
0.0470475
-0.000530695
0.0464782
-0.000834453
0.0455393
-0.00116401
0.0439906
-0.00162309
0.04216
-0.00232072
0.0394239
-0.00295126
0.036489
-0.00396041
0.0328444
-0.00441916
0.0290533
-0.00485852
0.024632
-0.0040805
0.0212855
-0.003542
0.0215698
-0.00630461
0.0220433
-0.00614732
0.0218615
-0.0036123
0.0222891
-0.00153065
0.0224896
-0.00102722
0.0204641
-0.000499717
0.0157685
0.00123838
0.00999943
0.0010966
0.00521213
-0.000547277
0.00224835
-0.00184844
0.000380315
-0.0016749
-0.000371079
-0.00111085
-8.63895e-05
0.000182997
0.00116338
0.00117987
0.00353775
0.00248498
0.00672645
0.00319228
0.0103719
0.0037102
0.0139294
0.00340649
0.0171694
0.00268022
0.0197109
0.00159996
0.0215307
0.000502965
0.0222941
-0.000337258
0.0222836
-0.00084737
0.0214407
-0.00104068
0.0200462
-0.000951806
0.0182507
-0.000783114
0.0164465
-0.00058122
0.0147772
-0.000599483
0.0134562
-0.000501814
0.0123011
-0.00033717
0.0117814
-0.000522321
0.0112579
-0.000226123
0.0106524
0.000103408
0.011108
-0.000944114
0.0115461
-0.00136985
0.0116321
-0.000702019
-0.000340908
0.0194524
0.020402
0.0217569
0.0231908
0.0243349
0.0250346
0.0255875
0.0263196
0.0272822
0.0284432
0.0298018
0.0315347
0.0333272
0.0350557
0.0367809
0.0383716
0.0399338
0.041332
0.0424776
0.04343
0.0439938
0.0444257
0.0446009
0.0446655
0.0446345
0.0444984
0.044291
0.0439774
0.0436323
0.0433225
0.0429873
0.0425664
0.0420357
0.0412013
0.0400373
0.0384142
0.0360934
0.0331422
0.0291818
0.0247626
0.0199041
0.0158236
0.0122816
0.00597699
-0.000170328
-0.00378263
-0.00531328
-0.0063405
-0.00684021
-0.00560184
-0.00450524
-0.00505251
-0.00690095
-0.00857585
-0.0096867
-0.0095037
-0.00832383
-0.00583885
-0.00264657
0.00106363
0.00447012
0.00715034
0.00875031
0.00925327
0.00891601
0.00806864
0.00702796
0.00607615
0.00529304
0.00471182
0.00411234
0.00361052
0.00327335
0.00275103
0.00252491
0.00262832
0.0016842
0.000314352
-0.000387667
)
;

boundaryField
{
    inlet
    {
        type            calculated;
        value           nonuniform List<scalar> 
20
(
-0.01
-0.01
-0.01
-0.01
-0.01
-0.01
-0.01
-0.01
-0.01
-0.01
-0.01
-0.01
-0.01
-0.01
-0.01
-0.01
-0.01
-0.01
-0.01
-0.01
)
;
    }
    outlet
    {
        type            calculated;
        value           nonuniform List<scalar> 10(0.011026 0.0190303 0.0240202 0.0282138 0.0319417 0.0309092 0.0257701 0.0188507 0.0109665 -0.000728575);
    }
    walls
    {
        type            calculated;
        value           uniform 0;
    }
    frontAndBack
    {
        type            empty;
        value           nonuniform List<scalar> 0();
    }
}


// ************************************************************************* //
