/*--------------------------------*- C++ -*----------------------------------*\
| =========                 |                                                 |
| \\      /  F ield         | OpenFOAM: The Open Source CFD Toolbox           |
|  \\    /   O peration     | Version:  2306                                  |
|   \\  /    A nd           | Website:  www.openfoam.com                      |
|    \\/     M anipulation  |                                                 |
\*---------------------------------------------------------------------------*/
FoamFile
{
    version     2.0;
    format      ascii;
    arch        "LSB;label=32;scalar=64";
    class       volVectorField;
    location    "0.45";
    object      U;
}
// * * * * * * * * * * * * * * * * * * * * * * * * * * * * * * * * * * * * * //

dimensions      [0 1 -1 0 0 0 0];

internalField   nonuniform List<vector> 
4400
(
(9.9018 0.0455 0)
(9.80627 0.098738 0)
(9.7001 0.120949 0)
(9.57015 0.125812 0)
(9.41821 0.124473 0)
(9.25215 0.12347 0)
(9.08064 0.12412 0)
(8.90818 0.1257 0)
(8.7373 0.126968 0)
(8.56777 0.127423 0)
(8.40015 0.126852 0)
(8.23331 0.125562 0)
(8.068 0.123752 0)
(7.90319 0.121759 0)
(7.74005 0.119648 0)
(7.57756 0.117549 0)
(7.41703 0.115427 0)
(7.25747 0.113259 0)
(7.10015 0.11107 0)
(6.94407 0.108759 0)
(6.79029 0.106474 0)
(6.638 0.104019 0)
(6.48808 0.101645 0)
(6.33989 0.099102 0)
(6.19405 0.09668 0)
(6.0501 0.0941104 0)
(5.9086 0.0916507 0)
(5.76899 0.0891205 0)
(5.63198 0.0866714 0)
(5.49668 0.0842156 0)
(5.36425 0.0818274 0)
(5.23323 0.0795032 0)
(5.10532 0.0772507 0)
(4.97831 0.0750679 0)
(4.85457 0.073006 0)
(4.73121 0.0710019 0)
(4.61106 0.0692558 0)
(4.49075 0.0675169 0)
(4.37332 0.0662078 0)
(4.25514 0.0648972 0)
(4.13925 0.0641688 0)
(4.0219 0.0634811 0)
(3.90612 0.0634607 0)
(3.78791 0.0635795 0)
(3.67047 0.0643731 0)
(3.5492 0.0654475 0)
(3.42782 0.0671583 0)
(3.30077 0.0693305 0)
(3.17258 0.0721159 0)
(3.03649 0.0754757 0)
(2.898 0.0795027 0)
(2.7491 0.0841037 0)
(2.59623 0.0894786 0)
(2.43027 0.0953062 0)
(2.25857 0.101943 0)
(2.07104 0.108738 0)
(1.87605 0.116217 0)
(1.6627 0.123214 0)
(1.44084 0.130472 0)
(1.19878 0.136029 0)
(0.948618 0.140677 0)
(0.677757 0.141181 0)
(0.400915 0.134115 0)
(0.123715 0.102823 0)
(-0.127989 0.0470938 0)
(-0.375629 -0.0359557 0)
(-0.551558 -0.127951 0)
(-0.668302 -0.237169 0)
(-0.676804 -0.359686 0)
(-0.614116 -0.498056 0)
(-0.413595 -0.620516 0)
(-0.160248 -0.702763 0)
(0.121504 -0.562528 0)
(0.275964 -0.209525 0)
(0.372351 0.480793 0)
(-0.340379 0.909047 0)
(-0.49194 0.30834 0)
(-0.0601676 -0.0820902 0)
(0.251764 -0.0965594 0)
(0.0522211 -0.208177 0)
(10.0003 0.061198 0)
(10.0317 0.137445 0)
(10.0698 0.173615 0)
(10.1047 0.184958 0)
(10.1328 0.186153 0)
(10.1497 0.186263 0)
(10.1593 0.188239 0)
(10.1606 0.192008 0)
(10.1595 0.195875 0)
(10.1534 0.199165 0)
(10.1471 0.201038 0)
(10.1364 0.20208 0)
(10.1257 0.202079 0)
(10.1102 0.201885 0)
(10.0946 0.201275 0)
(10.0741 0.200748 0)
(10.0535 0.200085 0)
(10.0285 0.199373 0)
(10.0033 0.198617 0)
(9.97432 0.197629 0)
(9.94474 0.196701 0)
(9.91213 0.195408 0)
(9.87852 0.194275 0)
(9.84246 0.192785 0)
(9.8052 0.191405 0)
(9.76561 0.189891 0)
(9.72513 0.188212 0)
(9.68194 0.186782 0)
(9.63853 0.184889 0)
(9.59168 0.183531 0)
(9.54549 0.181552 0)
(9.49503 0.180307 0)
(9.44598 0.178344 0)
(9.39193 0.177312 0)
(9.33967 0.175465 0)
(9.28217 0.174709 0)
(9.2261 0.173241 0)
(9.16515 0.172834 0)
(9.10459 0.171998 0)
(9.03976 0.172143 0)
(8.97406 0.172122 0)
(8.90436 0.173163 0)
(8.8329 0.174208 0)
(8.75688 0.176525 0)
(8.67887 0.178959 0)
(8.59461 0.183026 0)
(8.50889 0.187139 0)
(8.4141 0.193481 0)
(8.31878 0.199647 0)
(8.21095 0.208698 0)
(8.10326 0.217452 0)
(7.97947 0.229589 0)
(7.85586 0.241379 0)
(7.71252 0.25701 0)
(7.56873 0.272088 0)
(7.40144 0.291484 0)
(7.23251 0.30969 0)
(7.03623 0.332719 0)
(6.83652 0.353089 0)
(6.60596 0.378708 0)
(6.36945 0.398837 0)
(6.09947 0.423676 0)
(5.82051 0.438191 0)
(5.50745 0.45399 0)
(5.1895 0.451573 0)
(4.84251 0.447299 0)
(4.46947 0.414668 0)
(4.06077 0.38141 0)
(3.59378 0.321355 0)
(3.06459 0.281143 0)
(2.38654 0.215428 0)
(1.55925 0.224515 0)
(0.513276 0.151754 0)
(-0.161626 -0.00075622 0)
(-0.555614 0.0466159 0)
(-0.479925 -0.0758041 0)
(-0.144968 -0.686314 0)
(-0.450762 -0.794756 0)
(-0.317646 -0.000315339 0)
(-0.292072 0.586286 0)
(10 0.0268043 0)
(10.0167 0.0697288 0)
(10.0429 0.0998902 0)
(10.0746 0.117538 0)
(10.1084 0.126777 0)
(10.1392 0.131924 0)
(10.1674 0.135793 0)
(10.1908 0.140472 0)
(10.2132 0.145191 0)
(10.2328 0.150552 0)
(10.2537 0.154683 0)
(10.2728 0.158939 0)
(10.2938 0.161455 0)
(10.3125 0.164382 0)
(10.3329 0.16586 0)
(10.3506 0.168088 0)
(10.3695 0.169254 0)
(10.3856 0.171065 0)
(10.4028 0.172213 0)
(10.4176 0.173517 0)
(10.4328 0.174772 0)
(10.4462 0.175371 0)
(10.4595 0.176834 0)
(10.4713 0.176767 0)
(10.4827 0.178331 0)
(10.4925 0.177937 0)
(10.5019 0.179321 0)
(10.5095 0.179008 0)
(10.5169 0.180042 0)
(10.5216 0.180013 0)
(10.5271 0.180721 0)
(10.5289 0.181104 0)
(10.5319 0.181658 0)
(10.5308 0.182465 0)
(10.5307 0.183297 0)
(10.5272 0.184257 0)
(10.5228 0.186141 0)
(10.5174 0.186991 0)
(10.5077 0.190487 0)
(10.5003 0.191485 0)
(10.4847 0.196673 0)
(10.4749 0.198589 0)
(10.4531 0.205465 0)
(10.4397 0.209149 0)
(10.4119 0.217851 0)
(10.3931 0.224238 0)
(10.3592 0.23497 0)
(10.3336 0.244949 0)
(10.2927 0.258296 0)
(10.259 0.272334 0)
(10.2095 0.289409 0)
(10.1664 0.307768 0)
(10.1065 0.329607 0)
(10.0521 0.352775 0)
(9.9793 0.380053 0)
(9.91114 0.40838 0)
(9.82298 0.441582 0)
(9.73741 0.474515 0)
(9.63099 0.513516 0)
(9.52323 0.549118 0)
(9.39454 0.591814 0)
(9.2583 0.62592 0)
(9.10155 0.666212 0)
(8.92766 0.691284 0)
(8.7333 0.718544 0)
(8.50925 0.725347 0)
(8.25572 0.733741 0)
(7.95209 0.724095 0)
(7.61664 0.732547 0)
(7.20799 0.740675 0)
(6.76319 0.800475 0)
(6.22529 0.872242 0)
(5.66413 0.995189 0)
(4.9928 0.980385 0)
(4.40218 0.901014 0)
(3.38827 0.717594 0)
(2.67343 0.464646 0)
(1.20263 0.232973 0)
(-0.203045 -0.220691 0)
(-0.407346 -0.33985 0)
(10.0001 0.0189354 0)
(10.0099 0.0525276 0)
(10.028 0.080775 0)
(10.0507 0.101106 0)
(10.0784 0.114824 0)
(10.1047 0.123005 0)
(10.1324 0.128454 0)
(10.1556 0.132506 0)
(10.1802 0.136314 0)
(10.2006 0.140305 0)
(10.2243 0.143933 0)
(10.2446 0.147639 0)
(10.2691 0.150217 0)
(10.2902 0.152928 0)
(10.3154 0.154411 0)
(10.3369 0.156282 0)
(10.3621 0.157293 0)
(10.3835 0.158605 0)
(10.4083 0.1597 0)
(10.4297 0.160494 0)
(10.4538 0.161905 0)
(10.4752 0.162083 0)
(10.4985 0.163859 0)
(10.5198 0.163561 0)
(10.5425 0.165456 0)
(10.563 0.165112 0)
(10.5851 0.166802 0)
(10.6047 0.166821 0)
(10.6259 0.168189 0)
(10.6444 0.168707 0)
(10.6646 0.169826 0)
(10.6816 0.171117 0)
(10.7007 0.17186 0)
(10.716 0.174407 0)
(10.7336 0.174675 0)
(10.7472 0.178727 0)
(10.7627 0.178998 0)
(10.7747 0.184349 0)
(10.7877 0.185477 0)
(10.798 0.191855 0)
(10.8079 0.194827 0)
(10.8168 0.201959 0)
(10.8227 0.207926 0)
(10.8301 0.215669 0)
(10.8321 0.225394 0)
(10.8367 0.234569 0)
(10.8358 0.247859 0)
(10.8358 0.260108 0)
(10.8327 0.276813 0)
(10.8271 0.293284 0)
(10.8215 0.314178 0)
(10.8095 0.335462 0)
(10.8017 0.361458 0)
(10.7819 0.388386 0)
(10.7715 0.420086 0)
(10.7433 0.453338 0)
(10.7289 0.490892 0)
(10.6913 0.531213 0)
(10.6716 0.572859 0)
(10.6213 0.62101 0)
(10.5952 0.663261 0)
(10.5258 0.716952 0)
(10.4892 0.756809 0)
(10.3923 0.808575 0)
(10.3325 0.844153 0)
(10.1972 0.887907 0)
(10.0937 0.922551 0)
(9.90499 0.968995 0)
(9.74087 1.01555 0)
(9.48299 1.08892 0)
(9.2466 1.16595 0)
(8.90686 1.27989 0)
(8.58982 1.36867 0)
(8.14587 1.46245 0)
(7.71482 1.47366 0)
(7.13176 1.51485 0)
(6.50431 1.47921 0)
(5.7653 1.53033 0)
(4.80953 1.51292 0)
(3.66764 1.28546 0)
(10.0006 0.01354 0)
(10.0063 0.0382259 0)
(10.0203 0.0606652 0)
(10.0362 0.0776524 0)
(10.0592 0.0907143 0)
(10.0807 0.0987191 0)
(10.1066 0.10461 0)
(10.128 0.108115 0)
(10.1528 0.111428 0)
(10.1727 0.114379 0)
(10.1968 0.11725 0)
(10.2164 0.120558 0)
(10.241 0.122576 0)
(10.2613 0.1258 0)
(10.2867 0.126587 0)
(10.3079 0.129586 0)
(10.3335 0.129362 0)
(10.3551 0.132308 0)
(10.3805 0.131636 0)
(10.4025 0.134517 0)
(10.4273 0.133939 0)
(10.4498 0.136324 0)
(10.4738 0.136493 0)
(10.4968 0.137859 0)
(10.5201 0.139151 0)
(10.5431 0.139484 0)
(10.5659 0.141692 0)
(10.5885 0.141632 0)
(10.611 0.14411 0)
(10.6323 0.144435 0)
(10.6553 0.146748 0)
(10.6743 0.148082 0)
(10.6982 0.149951 0)
(10.7143 0.152788 0)
(10.739 0.154182 0)
(10.7523 0.158655 0)
(10.7773 0.160324 0)
(10.7882 0.165811 0)
(10.8126 0.169011 0)
(10.8214 0.175085 0)
(10.8449 0.180494 0)
(10.8516 0.187598 0)
(10.874 0.195522 0)
(10.8783 0.203936 0)
(10.8998 0.215421 0)
(10.901 0.225095 0)
(10.9225 0.240878 0)
(10.9192 0.253032 0)
(10.9419 0.272675 0)
(10.9336 0.289102 0)
(10.9571 0.313022 0)
(10.9453 0.334049 0)
(10.9674 0.363781 0)
(10.9541 0.389947 0)
(10.9741 0.425664 0)
(10.9591 0.458497 0)
(10.9778 0.500402 0)
(10.9605 0.538789 0)
(10.9763 0.589441 0)
(10.9582 0.630019 0)
(10.966 0.689426 0)
(10.9472 0.732901 0)
(10.9423 0.793333 0)
(10.9145 0.846461 0)
(10.8945 0.898578 0)
(10.8434 0.967383 0)
(10.8007 1.01757 0)
(10.7169 1.10142 0)
(10.6372 1.17275 0)
(10.5132 1.2698 0)
(10.3907 1.3797 0)
(10.2065 1.49126 0)
(10.0507 1.62937 0)
(9.77104 1.73863 0)
(9.58642 1.86953 0)
(9.15761 1.95046 0)
(8.92052 2.05589 0)
(8.25167 2.09297 0)
(7.88184 2.17209 0)
(6.87287 2.14019 0)
(10.0006 0.00973457 0)
(10.0048 0.0279397 0)
(10.0156 0.044836 0)
(10.0283 0.0587288 0)
(10.0471 0.0698708 0)
(10.0659 0.0777763 0)
(10.0888 0.0833358 0)
(10.1094 0.0871325 0)
(10.133 0.0900212 0)
(10.1531 0.0927221 0)
(10.1767 0.0949483 0)
(10.1963 0.0978958 0)
(10.2206 0.0993913 0)
(10.2403 0.102734 0)
(10.266 0.103043 0)
(10.2856 0.106562 0)
(10.3127 0.105761 0)
(10.3318 0.109274 0)
(10.36 0.108097 0)
(10.3783 0.11135 0)
(10.4072 0.110471 0)
(10.4249 0.113156 0)
(10.4544 0.113092 0)
(10.4712 0.114857 0)
(10.5014 0.116024 0)
(10.5171 0.116566 0)
(10.5479 0.119338 0)
(10.5624 0.118499 0)
(10.5936 0.123018 0)
(10.6067 0.120967 0)
(10.6386 0.127224 0)
(10.6496 0.124431 0)
(10.6823 0.132002 0)
(10.691 0.129435 0)
(10.7244 0.137377 0)
(10.7307 0.136612 0)
(10.7646 0.143872 0)
(10.7684 0.14604 0)
(10.8027 0.152639 0)
(10.8042 0.157649 0)
(10.8379 0.164768 0)
(10.8383 0.172083 0)
(10.8698 0.180864 0)
(10.8708 0.190283 0)
(10.8987 0.202013 0)
(10.901 0.212923 0)
(10.9249 0.229427 0)
(10.9288 0.241738 0)
(10.949 0.263078 0)
(10.9536 0.279644 0)
(10.9722 0.303509 0)
(10.9758 0.327611 0)
(10.9938 0.354007 0)
(10.9981 0.385101 0)
(11.0124 0.416858 0)
(11.022 0.454561 0)
(11.0294 0.490485 0)
(11.0455 0.539711 0)
(11.0474 0.573724 0)
(11.0659 0.639901 0)
(11.0654 0.669776 0)
(11.0812 0.748776 0)
(11.0776 0.784476 0)
(11.086 0.862984 0)
(11.0778 0.917763 0)
(11.0658 0.994623 0)
(11.0607 1.06662 0)
(11.0051 1.1612 0)
(11.0116 1.24339 0)
(10.8968 1.37185 0)
(10.9141 1.46761 0)
(10.7308 1.6328 0)
(10.7611 1.74361 0)
(10.4959 1.93425 0)
(10.5264 2.05126 0)
(10.179 2.23759 0)
(10.1286 2.34412 0)
(9.71743 2.52394 0)
(9.45622 2.58851 0)
(9.00974 2.81796 0)
(10.0002 0.00684164 0)
(10.0044 0.020185 0)
(10.0125 0.032519 0)
(10.0242 0.0431891 0)
(10.0393 0.0521644 0)
(10.0569 0.058915 0)
(10.0768 0.0639735 0)
(10.097 0.0673705 0)
(10.1191 0.0701226 0)
(10.1393 0.0721148 0)
(10.1627 0.0743035 0)
(10.1817 0.0760098 0)
(10.2068 0.0780278 0)
(10.2248 0.0798309 0)
(10.2524 0.0812841 0)
(10.2688 0.0832005 0)
(10.2992 0.0836763 0)
(10.3139 0.0859529 0)
(10.3468 0.0855287 0)
(10.3596 0.0883356 0)
(10.3945 0.0873675 0)
(10.4056 0.0905153 0)
(10.4419 0.0896437 0)
(10.4517 0.0925433 0)
(10.4887 0.092514 0)
(10.498 0.0946251 0)
(10.5345 0.0959379 0)
(10.5444 0.0970415 0)
(10.5791 0.0998401 0)
(10.5904 0.100148 0)
(10.6228 0.104421 0)
(10.6351 0.104357 0)
(10.6658 0.109753 0)
(10.678 0.110099 0)
(10.7076 0.116062 0)
(10.7195 0.117846 0)
(10.748 0.123819 0)
(10.7588 0.127999 0)
(10.7872 0.133495 0)
(10.7958 0.141242 0)
(10.8247 0.145625 0)
(10.8311 0.158241 0)
(10.8594 0.161153 0)
(10.8656 0.179371 0)
(10.891 0.181563 0)
(10.899 0.204841 0)
(10.9198 0.208733 0)
(10.9317 0.234951 0)
(10.9461 0.244391 0)
(10.9639 0.271131 0)
(10.971 0.288746 0)
(10.9944 0.316629 0)
(10.9973 0.341325 0)
(11.0224 0.373737 0)
(11.0257 0.404289 0)
(11.0497 0.441266 0)
(11.0556 0.482132 0)
(11.0772 0.517287 0)
(11.0869 0.577369 0)
(11.1047 0.603585 0)
(11.1185 0.686179 0)
(11.1289 0.709055 0)
(11.1501 0.802257 0)
(11.1444 0.839327 0)
(11.1763 0.933342 0)
(11.1468 0.991568 0)
(11.1908 1.09334 0)
(11.1232 1.174 0)
(11.192 1.28928 0)
(11.0645 1.40126 0)
(11.1627 1.53413 0)
(10.9847 1.67924 0)
(11.0752 1.83306 0)
(10.8905 2.01689 0)
(10.922 2.15687 0)
(10.7446 2.41216 0)
(10.6957 2.48284 0)
(10.4864 2.81651 0)
(10.3383 2.85661 0)
(10.0837 3.15561 0)
(9.99988 0.00444098 0)
(10.004 0.0139108 0)
(10.0107 0.0221913 0)
(10.0215 0.0297992 0)
(10.0346 0.0363419 0)
(10.051 0.0412402 0)
(10.0691 0.0454703 0)
(10.0884 0.0477461 0)
(10.11 0.0505668 0)
(10.1294 0.0513468 0)
(10.1535 0.0539336 0)
(10.1711 0.0540363 0)
(10.198 0.0568146 0)
(10.2135 0.0568812 0)
(10.2438 0.0593572 0)
(10.2566 0.0597203 0)
(10.2909 0.0612318 0)
(10.3008 0.0623154 0)
(10.3387 0.0627349 0)
(10.3462 0.0646907 0)
(10.3862 0.0642881 0)
(10.3926 0.0670798 0)
(10.433 0.0661526 0)
(10.4396 0.0697207 0)
(10.479 0.0684429 0)
(10.4869 0.0727666 0)
(10.524 0.0713206 0)
(10.5344 0.0761341 0)
(10.5678 0.0751386 0)
(10.5817 0.0798142 0)
(10.611 0.080426 0)
(10.6277 0.0839876 0)
(10.6536 0.0871659 0)
(10.672 0.0894565 0)
(10.6956 0.0950196 0)
(10.7149 0.0972892 0)
(10.7362 0.104115 0)
(10.7561 0.107644 0)
(10.7759 0.115575 0)
(10.7948 0.120449 0)
(10.8149 0.130206 0)
(10.8313 0.136769 0)
(10.8528 0.147904 0)
(10.866 0.157991 0)
(10.889 0.169542 0)
(10.8996 0.184256 0)
(10.9235 0.197066 0)
(10.9325 0.216003 0)
(10.9561 0.23163 0)
(10.9661 0.254524 0)
(10.9867 0.274893 0)
(11.0006 0.299653 0)
(11.0175 0.330185 0)
(11.0347 0.351273 0)
(11.0505 0.398704 0)
(11.0684 0.412954 0)
(11.0866 0.477399 0)
(11.1014 0.491419 0)
(11.1274 0.563134 0)
(11.1319 0.589352 0)
(11.172 0.661088 0)
(11.1609 0.702018 0)
(11.2161 0.780204 0)
(11.1863 0.831599 0)
(11.2585 0.921996 0)
(11.2033 0.987511 0)
(11.29 1.09338 0)
(11.215 1.17677 0)
(11.2978 1.30223 0)
(11.215 1.42022 0)
(11.2864 1.54349 0)
(11.1832 1.74021 0)
(11.2606 1.82706 0)
(11.1161 2.11361 0)
(11.1952 2.19434 0)
(11.0284 2.4876 0)
(11.0485 2.65279 0)
(10.9074 2.8761 0)
(10.807 3.11482 0)
(10.6782 3.33521 0)
(9.99956 0.00264636 0)
(10.0037 0.00796314 0)
(10.0098 0.0133542 0)
(10.0195 0.0172023 0)
(10.0324 0.022102 0)
(10.0469 0.0240341 0)
(10.0651 0.0279018 0)
(10.0826 0.0282031 0)
(10.1048 0.0312324 0)
(10.1229 0.0307778 0)
(10.1477 0.0333112 0)
(10.1645 0.0326714 0)
(10.1921 0.0351425 0)
(10.207 0.0346602 0)
(10.2375 0.0369587 0)
(10.2503 0.0367606 0)
(10.2839 0.0383728 0)
(10.2949 0.0391198 0)
(10.3311 0.0392969 0)
(10.3408 0.0418469 0)
(10.3783 0.0400417 0)
(10.3875 0.0448945 0)
(10.425 0.0412084 0)
(10.4348 0.0481474 0)
(10.4712 0.0431583 0)
(10.4824 0.0517057 0)
(10.5163 0.0458829 0)
(10.5306 0.0556928 0)
(10.5597 0.04965 0)
(10.5794 0.0601161 0)
(10.602 0.055107 0)
(10.6273 0.0648277 0)
(10.644 0.0625615 0)
(10.6734 0.0703318 0)
(10.6859 0.0718743 0)
(10.7179 0.0777302 0)
(10.7267 0.0827621 0)
(10.7612 0.0878036 0)
(10.7666 0.0956694 0)
(10.8024 0.100797 0)
(10.8062 0.111582 0)
(10.8414 0.117115 0)
(10.845 0.130888 0)
(10.8794 0.13816 0)
(10.8825 0.153643 0)
(10.9159 0.164959 0)
(10.9204 0.181432 0)
(10.9501 0.197004 0)
(10.9594 0.216817 0)
(10.9837 0.234815 0)
(10.9974 0.259882 0)
(11.0199 0.281988 0)
(11.0339 0.309083 0)
(11.0586 0.341843 0)
(11.0722 0.365467 0)
(11.0977 0.413512 0)
(11.1138 0.435447 0)
(11.1383 0.491778 0)
(11.1587 0.526228 0)
(11.1788 0.577983 0)
(11.2102 0.634659 0)
(11.2156 0.683746 0)
(11.2658 0.757216 0)
(11.2537 0.815728 0)
(11.3155 0.899381 0)
(11.2943 0.981804 0)
(11.3584 1.06331 0)
(11.326 1.19483 0)
(11.3968 1.26351 0)
(11.3432 1.44735 0)
(11.4184 1.53821 0)
(11.3528 1.72642 0)
(11.4042 1.89837 0)
(11.3527 2.06658 0)
(11.3521 2.29214 0)
(11.3158 2.51932 0)
(11.2624 2.69689 0)
(11.2317 3.02765 0)
(11.0838 3.18539 0)
(11.1003 3.48697 0)
(9.99922 0.00112045 0)
(10.0038 0.00237642 0)
(10.0092 0.00496668 0)
(10.0187 0.00540999 0)
(10.0313 0.00826785 0)
(10.0449 0.00766118 0)
(10.0634 0.0104569 0)
(10.0798 0.00914959 0)
(10.1024 0.0118785 0)
(10.1198 0.0103087 0)
(10.1447 0.0128246 0)
(10.1618 0.0112851 0)
(10.1885 0.0137035 0)
(10.2049 0.0125433 0)
(10.2334 0.0145024 0)
(10.2487 0.0142253 0)
(10.2795 0.0150439 0)
(10.2935 0.0165052 0)
(10.3265 0.0154145 0)
(10.3395 0.019151 0)
(10.3737 0.0160502 0)
(10.3866 0.0218951 0)
(10.4205 0.0175526 0)
(10.4343 0.0247252 0)
(10.4668 0.0200426 0)
(10.4823 0.0279863 0)
(10.5121 0.0231655 0)
(10.5311 0.0321347 0)
(10.5556 0.0270993 0)
(10.5812 0.0370663 0)
(10.5971 0.0328101 0)
(10.6315 0.0420601 0)
(10.6378 0.0410458 0)
(10.6803 0.0475573 0)
(10.6788 0.0513301 0)
(10.7273 0.0552043 0)
(10.7195 0.0628577 0)
(10.7728 0.0659162 0)
(10.7596 0.0762248 0)
(10.8163 0.0796344 0)
(10.8005 0.0925349 0)
(10.8566 0.0967188 0)
(10.8422 0.112262 0)
(10.8956 0.118017 0)
(10.8824 0.136061 0)
(10.9353 0.144305 0)
(10.9212 0.164452 0)
(10.9745 0.177229 0)
(10.9623 0.197417 0)
(11.0109 0.218382 0)
(11.0071 0.236492 0)
(11.0462 0.266788 0)
(11.0542 0.286555 0)
(11.0834 0.319517 0)
(11.1028 0.351588 0)
(11.1235 0.378797 0)
(11.1543 0.428215 0)
(11.1665 0.453461 0)
(11.2086 0.513125 0)
(11.2151 0.546014 0)
(11.2633 0.612815 0)
(11.2695 0.656716 0)
(11.322 0.729756 0)
(11.3216 0.794167 0)
(11.3902 0.869408 0)
(11.3686 0.955884 0)
(11.4578 1.0559 0)
(11.4233 1.13735 0)
(11.5052 1.29679 0)
(11.4883 1.3748 0)
(11.5354 1.56306 0)
(11.5383 1.71411 0)
(11.5584 1.86274 0)
(11.5614 2.11963 0)
(11.5459 2.28136 0)
(11.566 2.52523 0)
(11.4801 2.81767 0)
(11.504 3.00442 0)
(11.3781 3.33089 0)
(11.3219 3.60286 0)
(9.99918 -0.000715475 0)
(10.004 -0.00257667 0)
(10.009 -0.00360631 0)
(10.0191 -0.0057968 0)
(10.0309 -0.0055521 0)
(10.0453 -0.00839931 0)
(10.063 -0.00679766 0)
(10.0803 -0.0098436 0)
(10.1021 -0.00742085 0)
(10.1205 -0.0100446 0)
(10.1442 -0.00794204 0)
(10.1628 -0.0096229 0)
(10.1878 -0.00826619 0)
(10.2063 -0.00902983 0)
(10.2324 -0.00825647 0)
(10.2504 -0.00831964 0)
(10.2782 -0.00790002 0)
(10.2959 -0.00690598 0)
(10.3248 -0.00757373 0)
(10.3428 -0.00460967 0)
(10.3712 -0.00722302 0)
(10.3913 -0.00177873 0)
(10.4171 -0.00593854 0)
(10.4405 0.00104101 0)
(10.4628 -0.00317973 0)
(10.4894 0.00388942 0)
(10.5083 0.000613867 0)
(10.5385 0.00774292 0)
(10.5526 0.00494558 0)
(10.5889 0.0131711 0)
(10.5949 0.0103161 0)
(10.64 0.0192819 0)
(10.6362 0.0183081 0)
(10.6898 0.0252884 0)
(10.6783 0.029514 0)
(10.7373 0.0324274 0)
(10.7208 0.0424774 0)
(10.7831 0.0430487 0)
(10.7632 0.0563427 0)
(10.827 0.0575884 0)
(10.8069 0.0726471 0)
(10.8673 0.0754238 0)
(10.8531 0.09211 0)
(10.9046 0.0983392 0)
(10.9 0.113838 0)
(10.9423 0.12736 0)
(10.945 0.140603 0)
(10.9824 0.15904 0)
(10.9894 0.178048 0)
(11.0232 0.191446 0)
(11.0359 0.226417 0)
(11.0646 0.230125 0)
(11.0851 0.280134 0)
(11.1078 0.28273 0)
(11.1376 0.336861 0)
(11.1546 0.349911 0)
(11.192 0.402889 0)
(11.2083 0.427653 0)
(11.2486 0.484073 0)
(11.2667 0.518024 0)
(11.3132 0.582648 0)
(11.3276 0.622776 0)
(11.3827 0.707036 0)
(11.3994 0.744677 0)
(11.4495 0.856186 0)
(11.4813 0.908882 0)
(11.5229 1.01463 0)
(11.5565 1.13911 0)
(11.6089 1.20465 0)
(11.6285 1.40339 0)
(11.6831 1.50026 0)
(11.71 1.67071 0)
(11.7353 1.9047 0)
(11.7672 2.02976 0)
(11.7847 2.3186 0)
(11.7691 2.55937 0)
(11.7798 2.76901 0)
(11.7451 3.13537 0)
(11.6607 3.37511 0)
(11.6279 3.67587 0)
(9.99942 -0.00243177 0)
(10.0039 -0.00791459 0)
(10.0095 -0.0122103 0)
(10.0201 -0.017336 0)
(10.0319 -0.0196789 0)
(10.0474 -0.0245558 0)
(10.0648 -0.0244062 0)
(10.0834 -0.028751 0)
(10.1046 -0.0269443 0)
(10.1241 -0.0304533 0)
(10.1469 -0.0286479 0)
(10.1668 -0.0308592 0)
(10.1901 -0.0300215 0)
(10.211 -0.0309798 0)
(10.2341 -0.0309745 0)
(10.2561 -0.0309147 0)
(10.2797 -0.0312242 0)
(10.3022 -0.0300094 0)
(10.3263 -0.0312349 0)
(10.3496 -0.0279953 0)
(10.3727 -0.0311664 0)
(10.3987 -0.0251704 0)
(10.4185 -0.0301141 0)
(10.4489 -0.022307 0)
(10.4641 -0.0273587 0)
(10.4985 -0.0196126 0)
(10.5103 -0.023201 0)
(10.5473 -0.015959 0)
(10.5565 -0.0184531 0)
(10.5966 -0.0104294 0)
(10.6014 -0.0130388 0)
(10.6463 -0.00359993 0)
(10.6457 -0.00546608 0)
(10.6948 0.00365137 0)
(10.6911 0.00517385 0)
(10.7409 0.0119134 0)
(10.7371 0.01803 0)
(10.7864 0.0230252 0)
(10.7811 0.0324381 0)
(10.833 0.0376678 0)
(10.8239 0.0495627 0)
(10.8778 0.0546819 0)
(10.8696 0.0714751 0)
(10.9186 0.0737706 0)
(10.9181 0.098469 0)
(10.9587 0.0973024 0)
(10.9653 0.128526 0)
(11.0029 0.128912 0)
(11.01 0.160287 0)
(11.0507 0.16994 0)
(11.0554 0.196099 0)
(11.1008 0.218445 0)
(11.1032 0.241133 0)
(11.1539 0.271172 0)
(11.1555 0.299399 0)
(11.208 0.330391 0)
(11.2171 0.368487 0)
(11.2631 0.402052 0)
(11.285 0.449393 0)
(11.3285 0.487134 0)
(11.3536 0.544909 0)
(11.4055 0.595636 0)
(11.4305 0.647938 0)
(11.486 0.739388 0)
(11.5223 0.773427 0)
(11.5712 0.897136 0)
(11.6237 0.966294 0)
(11.6667 1.05673 0)
(11.7324 1.22322 0)
(11.7643 1.28771 0)
(11.8533 1.48338 0)
(11.8604 1.65417 0)
(11.9515 1.78413 0)
(11.9859 2.07849 0)
(11.9865 2.25477 0)
(12.0818 2.52008 0)
(12.0266 2.8526 0)
(12.027 3.09662 0)
(12.0306 3.47319 0)
(11.8702 3.80353 0)
(9.9994 -0.00443431 0)
(10.0041 -0.0131798 0)
(10.0106 -0.0219875 0)
(10.0216 -0.0289061 0)
(10.0348 -0.035326 0)
(10.0511 -0.0406517 0)
(10.0695 -0.0430844 0)
(10.0889 -0.0475744 0)
(10.1106 -0.046885 0)
(10.1306 -0.050878 0)
(10.1532 -0.0495089 0)
(10.1738 -0.0521865 0)
(10.1965 -0.0520526 0)
(10.2182 -0.0529913 0)
(10.2407 -0.0539584 0)
(10.2635 -0.0537133 0)
(10.2871 -0.0544793 0)
(10.3093 -0.0537536 0)
(10.335 -0.0543585 0)
(10.3559 -0.0524886 0)
(10.3829 -0.0542484 0)
(10.4046 -0.0499134 0)
(10.4297 -0.0533369 0)
(10.4545 -0.0471816 0)
(10.4763 -0.0503683 0)
(10.5037 -0.0451777 0)
(10.5244 -0.0450485 0)
(10.5513 -0.0428407 0)
(10.5736 -0.0388617 0)
(10.5986 -0.0380867 0)
(10.6219 -0.0331308 0)
(10.647 -0.030578 0)
(10.6685 -0.026141 0)
(10.6957 -0.0224691 0)
(10.7151 -0.0151459 0)
(10.7429 -0.0147201 0)
(10.762 -0.000607948 0)
(10.7903 -0.0048837 0)
(10.8062 0.0155262 0)
(10.8409 0.00888864 0)
(10.8462 0.0334249 0)
(10.8933 0.0262972 0)
(10.8866 0.0541453 0)
(10.9431 0.0482907 0)
(10.9314 0.0762319 0)
(10.9888 0.0779207 0)
(10.9807 0.0988668 0)
(11.0332 0.115058 0)
(11.0319 0.126523 0)
(11.0797 0.154414 0)
(11.085 0.165906 0)
(11.1284 0.194357 0)
(11.1422 0.215857 0)
(11.1793 0.241535 0)
(11.2041 0.271847 0)
(11.2366 0.300684 0)
(11.2679 0.334827 0)
(11.304 0.373659 0)
(11.3364 0.406203 0)
(11.3777 0.461211 0)
(11.4182 0.497342 0)
(11.4553 0.550976 0)
(11.5134 0.628446 0)
(11.5458 0.644986 0)
(11.616 0.784316 0)
(11.6529 0.794343 0)
(11.7319 0.924715 0)
(11.7751 1.03289 0)
(11.8545 1.08792 0)
(11.9296 1.29746 0)
(11.9696 1.38429 0)
(12.0934 1.55641 0)
(12.1263 1.79531 0)
(12.1929 1.94437 0)
(12.311 2.237 0)
(12.2847 2.50155 0)
(12.3717 2.79389 0)
(12.3847 3.15727 0)
(12.3124 3.50549 0)
(12.3181 3.8947 0)
(9.99915 -0.00687007 0)
(10.0048 -0.0191115 0)
(10.0119 -0.0328628 0)
(10.0247 -0.0417261 0)
(10.039 -0.0522309 0)
(10.0575 -0.0573975 0)
(10.0769 -0.0627789 0)
(10.0977 -0.0661831 0)
(10.12 -0.0675694 0)
(10.14 -0.0709049 0)
(10.1638 -0.0707586 0)
(10.1834 -0.073718 0)
(10.2073 -0.0739385 0)
(10.2285 -0.075778 0)
(10.2515 -0.0764127 0)
(10.275 -0.0773141 0)
(10.298 -0.0773185 0)
(10.3217 -0.0779707 0)
(10.3464 -0.0773625 0)
(10.3684 -0.0772785 0)
(10.3954 -0.0772465 0)
(10.4167 -0.0751014 0)
(10.4436 -0.0764307 0)
(10.4663 -0.0724458 0)
(10.4912 -0.0737878 0)
(10.5155 -0.0701954 0)
(10.5403 -0.0687346 0)
(10.5634 -0.0678015 0)
(10.5906 -0.0622652 0)
(10.6112 -0.0635596 0)
(10.6393 -0.0557927 0)
(10.6614 -0.0564087 0)
(10.6852 -0.0487369 0)
(10.7133 -0.0473257 0)
(10.7308 -0.0391027 0)
(10.7633 -0.0372894 0)
(10.778 -0.0268278 0)
(10.8118 -0.0242648 0)
(10.8244 -0.0143741 0)
(10.8624 -0.005438 0)
(10.8671 -0.00224867 0)
(10.9163 0.0177612 0)
(10.9086 0.0145085 0)
(10.9688 0.0396969 0)
(10.9547 0.0412174 0)
(11.0162 0.0591994 0)
(11.008 0.0759235 0)
(11.0598 0.083116 0)
(11.0658 0.111383 0)
(11.1053 0.118859 0)
(11.1238 0.14598 0)
(11.1585 0.163693 0)
(11.1799 0.188424 0)
(11.2195 0.210523 0)
(11.2412 0.243776 0)
(11.2813 0.262651 0)
(11.3152 0.308332 0)
(11.3463 0.325806 0)
(11.3953 0.383566 0)
(11.4284 0.401951 0)
(11.4753 0.467527 0)
(11.5298 0.507195 0)
(11.5647 0.548326 0)
(11.6461 0.651681 0)
(11.6671 0.651593 0)
(11.7846 0.794911 0)
(11.787 0.839351 0)
(11.931 0.923874 0)
(11.9601 1.08817 0)
(12.0587 1.13955 0)
(12.1809 1.33089 0)
(12.2263 1.48923 0)
(12.3504 1.64459 0)
(12.4846 1.91339 0)
(12.4835 2.1224 0)
(12.6819 2.43811 0)
(12.6698 2.76503 0)
(12.754 3.11967 0)
(12.7254 3.56126 0)
(12.7512 3.99169 0)
(9.99898 -0.00936659 0)
(10.0062 -0.0271617 0)
(10.0138 -0.0452605 0)
(10.0301 -0.0571907 0)
(10.0457 -0.0705039 0)
(10.0677 -0.0759161 0)
(10.0881 -0.0827562 0)
(10.1108 -0.0856836 0)
(10.1337 -0.0879049 0)
(10.1539 -0.0914903 0)
(10.1784 -0.09182 0)
(10.1976 -0.095653 0)
(10.222 -0.0958242 0)
(10.2438 -0.0989193 0)
(10.2661 -0.098422 0)
(10.2922 -0.101647 0)
(10.3124 -0.0989128 0)
(10.3404 -0.103412 0)
(10.3609 -0.0987236 0)
(10.388 -0.103232 0)
(10.4102 -0.0990213 0)
(10.4372 -0.100759 0)
(10.4582 -0.0992704 0)
(10.4884 -0.0972505 0)
(10.505 -0.0978112 0)
(10.5401 -0.0941828 0)
(10.553 -0.0934759 0)
(10.5902 -0.0914389 0)
(10.6031 -0.0874494 0)
(10.6393 -0.0865555 0)
(10.6527 -0.0822385 0)
(10.6901 -0.0773889 0)
(10.7001 -0.0777216 0)
(10.7422 -0.0653216 0)
(10.748 -0.0707868 0)
(10.7909 -0.0530451 0)
(10.8003 -0.0594471 0)
(10.8349 -0.0406409 0)
(10.8552 -0.0441205 0)
(10.8787 -0.0267097 0)
(10.9073 -0.0255968 0)
(10.9272 -0.00998575 0)
(10.9544 -0.0046835 0)
(10.9808 0.0103835 0)
(10.9984 0.0196209 0)
(11.0382 0.0330608 0)
(11.0425 0.0498544 0)
(11.0964 0.0578683 0)
(11.0914 0.0841748 0)
(11.1528 0.0914527 0)
(11.1475 0.116676 0)
(11.2094 0.13724 0)
(11.2089 0.152171 0)
(11.2707 0.186695 0)
(11.276 0.201767 0)
(11.3368 0.236386 0)
(11.3524 0.261052 0)
(11.4098 0.302016 0)
(11.4366 0.317931 0)
(11.4969 0.388143 0)
(11.5292 0.391842 0)
(11.5967 0.464624 0)
(11.6431 0.519904 0)
(11.7026 0.524877 0)
(11.7873 0.679928 0)
(11.8225 0.637062 0)
(11.9492 0.809483 0)
(11.9973 0.849755 0)
(12.089 0.945587 0)
(12.2574 1.09404 0)
(12.2482 1.20078 0)
(12.4955 1.353 0)
(12.542 1.5703 0)
(12.6927 1.73142 0)
(12.8294 2.05047 0)
(12.9819 2.28527 0)
(13.0248 2.6976 0)
(13.2121 3.07051 0)
(13.1707 3.54239 0)
(13.2372 4.06004 0)
(9.99811 -0.0127341 0)
(10.0093 -0.0381811 0)
(10.0168 -0.060737 0)
(10.04 -0.0765882 0)
(10.0558 -0.0911363 0)
(10.085 -0.0971509 0)
(10.1036 -0.104126 0)
(10.1317 -0.106726 0)
(10.1515 -0.109728 0)
(10.1754 -0.112956 0)
(10.1974 -0.114938 0)
(10.2187 -0.118082 0)
(10.2427 -0.119883 0)
(10.2649 -0.122119 0)
(10.2884 -0.122442 0)
(10.3137 -0.125517 0)
(10.3358 -0.122591 0)
(10.3627 -0.127873 0)
(10.3844 -0.122348 0)
(10.4115 -0.127999 0)
(10.4334 -0.122879 0)
(10.462 -0.125662 0)
(10.481 -0.123455 0)
(10.5143 -0.122093 0)
(10.5281 -0.122357 0)
(10.5663 -0.118788 0)
(10.5775 -0.118281 0)
(10.6155 -0.116152 0)
(10.6304 -0.11182 0)
(10.6621 -0.112265 0)
(10.6841 -0.105138 0)
(10.7094 -0.105014 0)
(10.7357 -0.0981213 0)
(10.7588 -0.0958474 0)
(10.7862 -0.0876322 0)
(10.8068 -0.0872357 0)
(10.839 -0.0726165 0)
(10.852 -0.0774913 0)
(10.8927 -0.0560524 0)
(10.8987 -0.062489 0)
(10.9423 -0.041408 0)
(10.9508 -0.0390866 0)
(10.987 -0.0299501 0)
(11.0079 -0.00815037 0)
(11.0297 -0.0159959 0)
(11.0671 0.0206627 0)
(11.0759 0.012138 0)
(11.1225 0.03992 0)
(11.1335 0.0546416 0)
(11.1719 0.0606153 0)
(11.198 0.0954742 0)
(11.2297 0.0969785 0)
(11.257 0.13111 0)
(11.3026 0.143381 0)
(11.3193 0.178015 0)
(11.3752 0.184638 0)
(11.4051 0.24601 0)
(11.4405 0.223331 0)
(11.512 0.326458 0)
(11.5169 0.278416 0)
(11.6238 0.399821 0)
(11.624 0.377756 0)
(11.7318 0.448393 0)
(11.7778 0.524493 0)
(11.8321 0.51321 0)
(11.9723 0.653679 0)
(11.9782 0.672693 0)
(12.1456 0.751635 0)
(12.2263 0.8879 0)
(12.3249 0.929188 0)
(12.4965 1.11056 0)
(12.621 1.19409 0)
(12.7581 1.4247 0)
(12.9759 1.58385 0)
(13.1027 1.84237 0)
(13.3279 2.15897 0)
(13.4662 2.53166 0)
(13.6454 2.96604 0)
(13.7273 3.49962 0)
(13.8293 4.10615 0)
(9.99618 -0.0182796 0)
(10.0153 -0.0524315 0)
(10.0221 -0.0812912 0)
(10.0575 -0.0996382 0)
(10.0721 -0.115929 0)
(10.1119 -0.120871 0)
(10.1268 -0.129019 0)
(10.1618 -0.130348 0)
(10.177 -0.136038 0)
(10.2053 -0.1377 0)
(10.2239 -0.14378 0)
(10.2483 -0.14346 0)
(10.2709 -0.1503 0)
(10.2939 -0.147466 0)
(10.3188 -0.152846 0)
(10.3414 -0.151461 0)
(10.368 -0.151965 0)
(10.3885 -0.155167 0)
(10.4174 -0.150684 0)
(10.4356 -0.156235 0)
(10.4657 -0.150995 0)
(10.4847 -0.153834 0)
(10.5119 -0.152067 0)
(10.5352 -0.149652 0)
(10.5576 -0.151288 0)
(10.5841 -0.14614 0)
(10.6064 -0.146774 0)
(10.6286 -0.143921 0)
(10.6587 -0.139492 0)
(10.67 -0.140335 0)
(10.7106 -0.132296 0)
(10.7129 -0.132979 0)
(10.7582 -0.124915 0)
(10.7591 -0.123715 0)
(10.8028 -0.114351 0)
(10.8046 -0.11399 0)
(10.8492 -0.100977 0)
(10.8462 -0.101558 0)
(10.8985 -0.0862245 0)
(10.8857 -0.086809 0)
(10.9481 -0.0680277 0)
(10.9266 -0.0702353 0)
(10.9956 -0.0491313 0)
(10.9733 -0.0452213 0)
(11.0364 -0.0352681 0)
(11.0312 -0.0115984 0)
(11.0715 -0.017618 0)
(11.0942 0.0161098 0)
(11.1159 0.0166136 0)
(11.1482 0.0352844 0)
(11.1767 0.0585724 0)
(11.2027 0.066176 0)
(11.239 0.089553 0)
(11.2776 0.115932 0)
(11.2965 0.119552 0)
(11.3656 0.169325 0)
(11.3692 0.160808 0)
(11.4578 0.229051 0)
(11.4564 0.203079 0)
(11.5725 0.30816 0)
(11.5523 0.248726 0)
(11.7004 0.392498 0)
(11.6937 0.326745 0)
(11.8155 0.459762 0)
(11.8885 0.453658 0)
(11.9575 0.523432 0)
(12.0956 0.601183 0)
(12.178 0.646609 0)
(12.3071 0.723577 0)
(12.4825 0.863649 0)
(12.5637 0.881745 0)
(12.8183 1.09911 0)
(12.9683 1.1782 0)
(13.1866 1.40447 0)
(13.4158 1.5958 0)
(13.7137 1.9243 0)
(13.9138 2.27342 0)
(14.1756 2.72862 0)
(14.3792 3.4173 0)
(14.5013 4.01617 0)
(9.99417 -0.0266497 0)
(10.0246 -0.0691204 0)
(10.0351 -0.100579 0)
(10.0838 -0.116124 0)
(10.1003 -0.127641 0)
(10.1484 -0.130458 0)
(10.16 -0.135888 0)
(10.1993 -0.13935 0)
(10.2077 -0.144466 0)
(10.2402 -0.149068 0)
(10.2508 -0.154206 0)
(10.2792 -0.156076 0)
(10.2942 -0.161004 0)
(10.3176 -0.160927 0)
(10.3373 -0.163194 0)
(10.3542 -0.166258 0)
(10.3789 -0.162327 0)
(10.3886 -0.171416 0)
(10.4164 -0.161554 0)
(10.4228 -0.173612 0)
(10.448 -0.162232 0)
(10.4586 -0.172553 0)
(10.4737 -0.162848 0)
(10.4937 -0.170231 0)
(10.4976 -0.161239 0)
(10.5236 -0.168001 0)
(10.5238 -0.156921 0)
(10.5466 -0.165473 0)
(10.551 -0.15093 0)
(10.566 -0.160985 0)
(10.5756 -0.144355 0)
(10.5845 -0.153949 0)
(10.5975 -0.135662 0)
(10.601 -0.147078 0)
(10.6201 -0.12169 0)
(10.6127 -0.141755 0)
(10.6459 -0.103191 0)
(10.621 -0.13512 0)
(10.6712 -0.0825591 0)
(10.6353 -0.126638 0)
(10.6856 -0.0591134 0)
(10.6674 -0.114834 0)
(10.6833 -0.0390862 0)
(10.7195 -0.0888849 0)
(10.6709 -0.0319576 0)
(10.7822 -0.0473766 0)
(10.6649 -0.0259481 0)
(10.838 -0.0115343 0)
(10.6865 0.000214647 0)
(10.8777 0.0079391 0)
(10.7348 0.0396198 0)
(10.9233 0.0340369 0)
(10.7794 0.067434 0)
(11.0054 0.0795007 0)
(10.8197 0.0916441 0)
(11.1011 0.12014 0)
(10.9 0.146505 0)
(11.1757 0.128438 0)
(11.0465 0.248663 0)
(11.231 0.111002 0)
(11.2374 0.366811 0)
(11.3279 0.133963 0)
(11.3962 0.420073 0)
(11.5506 0.268227 0)
(11.5059 0.407925 0)
(11.8398 0.430808 0)
(11.7348 0.483618 0)
(12.0408 0.502079 0)
(12.1378 0.670577 0)
(12.3206 0.593928 0)
(12.4884 0.843798 0)
(12.802 0.779202 0)
(12.9616 1.11009 0)
(13.2935 1.00728 0)
(13.6234 1.48282 0)
(14.0198 1.47351 0)
(14.3438 2.04163 0)
(14.8757 2.40024 0)
(15.1529 3.10559 0)
(15.5713 4.16931 0)
(9.99558 -0.0626395 0)
(10.0376 -0.135314 0)
(10.0634 -0.175395 0)
(10.1119 -0.182779 0)
(10.1259 -0.187772 0)
(10.1577 -0.184239 0)
(10.1525 -0.189316 0)
(10.169 -0.19003 0)
(10.1537 -0.196841 0)
(10.1617 -0.196417 0)
(10.1432 -0.202801 0)
(10.1445 -0.197776 0)
(10.1248 -0.204504 0)
(10.1175 -0.196417 0)
(10.0981 -0.203251 0)
(10.0803 -0.194934 0)
(10.0633 -0.200987 0)
(10.034 -0.192976 0)
(10.0195 -0.19915 0)
(9.98157 -0.189107 0)
(9.96589 -0.197447 0)
(9.92586 -0.183926 0)
(9.90306 -0.194333 0)
(9.86667 -0.178931 0)
(9.83448 -0.188885 0)
(9.80202 -0.173941 0)
(9.76434 -0.182284 0)
(9.73081 -0.167078 0)
(9.69443 -0.176445 0)
(9.65438 -0.156892 0)
(9.62526 -0.171448 0)
(9.57423 -0.143976 0)
(9.5593 -0.165263 0)
(9.48967 -0.130857 0)
(9.5005 -0.155449 0)
(9.40057 -0.118828 0)
(9.4503 -0.142369 0)
(9.31199 -0.105377 0)
(9.404 -0.12987 0)
(9.23481 -0.0868766 0)
(9.35344 -0.119751 0)
(9.18006 -0.0642888 0)
(9.29474 -0.109096 0)
(9.15136 -0.0410585 0)
(9.23405 -0.095736 0)
(9.14223 -0.0177089 0)
(9.18581 -0.0805967 0)
(9.1399 0.00865353 0)
(9.17017 -0.0672212 0)
(9.12776 0.0424173 0)
(9.20433 -0.0606643 0)
(9.10867 0.0837329 0)
(9.277 -0.050694 0)
(9.10643 0.118305 0)
(9.38114 -0.0269039 0)
(9.11396 0.146484 0)
(9.54917 0.000269085 0)
(9.10022 0.182934 0)
(9.80727 0.0300475 0)
(9.08638 0.212686 0)
(10.0804 0.0810459 0)
(9.22147 0.244554 0)
(10.2375 0.116311 0)
(9.5467 0.324113 0)
(10.3942 0.143984 0)
(9.88928 0.382551 0)
(10.6593 0.238771 0)
(10.304 0.432379 0)
(10.9387 0.27295 0)
(10.8897 0.601672 0)
(11.3504 0.322132 0)
(11.5121 0.702562 0)
(12.0237 0.513908 0)
(12.2395 0.923807 0)
(12.8659 0.629187 0)
(13.3019 1.25606 0)
(14.0439 1.09671 0)
(14.7048 1.73715 0)
(15.687 2.16642 0)
(16.3937 3.19169 0)
(9.89911 -0.0453918 0)
(9.8088 -0.0986215 0)
(9.69646 -0.120954 0)
(9.57359 -0.125772 0)
(9.4147 -0.124423 0)
(9.25658 -0.123463 0)
(9.07705 -0.123851 0)
(8.91391 -0.125798 0)
(8.73373 -0.126443 0)
(8.57486 -0.127584 0)
(8.39693 -0.126126 0)
(8.24244 -0.125648 0)
(8.0656 -0.122747 0)
(7.9148 -0.121805 0)
(7.73897 -0.118267 0)
(7.59269 -0.117488 0)
(7.4184 -0.113727 0)
(7.27683 -0.112811 0)
(7.1051 -0.109281 0)
(6.96867 -0.107344 0)
(6.80082 -0.104581 0)
(6.66964 -0.101456 0)
(6.50659 -0.0991784 0)
(6.38078 -0.0957427 0)
(6.22376 -0.0927348 0)
(6.10368 -0.0902896 0)
(5.95336 -0.0853932 0)
(5.84012 -0.0846376 0)
(5.69572 -0.0779036 0)
(5.59255 -0.0779563 0)
(5.45177 -0.0707599 0)
(5.36255 -0.0696338 0)
(5.22435 -0.0639058 0)
(5.14899 -0.0604991 0)
(5.01915 -0.0560804 0)
(4.94898 -0.0521981 0)
(4.84166 -0.0455881 0)
(4.76304 -0.0461403 0)
(4.69092 -0.0323656 0)
(4.59999 -0.0406545 0)
(4.55806 -0.0204684 0)
(4.47131 -0.0303685 0)
(4.43964 -0.0151457 0)
(4.37332 -0.0135252 0)
(4.35427 -0.0136153 0)
(4.28273 0.000571933 0)
(4.32549 -0.00294319 0)
(4.19175 -0.000298444 0)
(4.34567 0.0222178 0)
(4.1268 -0.00942802 0)
(4.38956 0.0457633 0)
(4.10247 -0.00776194 0)
(4.46849 0.0582553 0)
(4.09205 -0.00203989 0)
(4.619 0.0880995 0)
(4.08268 -0.0262384 0)
(4.82458 0.145283 0)
(4.12158 -0.0480815 0)
(5.06748 0.174724 0)
(4.17716 -0.0431031 0)
(5.43174 0.210939 0)
(4.19675 -0.0569141 0)
(5.92044 0.272359 0)
(4.24866 -0.118064 0)
(6.46109 0.464158 0)
(4.50354 -0.320702 0)
(6.81236 0.691066 0)
(5.19496 -0.318986 0)
(7.04382 0.627704 0)
(5.9167 -0.183652 0)
(7.74766 0.725038 0)
(6.38261 -0.329267 0)
(8.84649 1.10653 0)
(7.12257 -0.588096 0)
(10.0688 1.62367 0)
(8.39257 -0.851372 0)
(11.5015 2.21885 0)
(10.6489 -0.660396 0)
(13.7707 2.65211 0)
(14.1725 0.444584 0)
(-0.0774379 -0.203152 0)
(-0.104756 -0.0590567 0)
(-0.265292 0.0998346 0)
(-0.334473 0.135857 0)
(-0.353263 0.109607 0)
(-0.309019 0.0081636 0)
(-0.189206 -0.0214313 0)
(-0.0910575 -0.0122046 0)
(0.00354675 -0.0204601 0)
(0.109792 -0.101449 0)
(0.147646 -0.13434 0)
(-0.050128 0.0943701 0)
(-0.763315 0.435827 0)
(-1.75764 0.545894 0)
(-2.30531 0.266037 0)
(-2.16992 -0.0377709 0)
(-1.90153 -0.167357 0)
(-1.43935 -0.246632 0)
(-0.88151 -0.299666 0)
(-0.0564529 -0.194848 0)
(-0.217179 0.364656 0)
(-0.040556 0.293004 0)
(-0.178942 0.112231 0)
(-0.449671 -0.0685383 0)
(-0.607571 -0.118157 0)
(-0.583831 -0.193584 0)
(-0.400603 -0.216943 0)
(-0.231238 -0.18753 0)
(-0.152284 -0.201973 0)
(-0.259455 -0.0744606 0)
(-0.654431 0.32697 0)
(-1.37415 0.838675 0)
(-2.02202 1.12704 0)
(-2.46955 0.863772 0)
(-2.51497 0.215151 0)
(-2.30801 -0.308491 0)
(-2.13341 -0.587905 0)
(-1.74474 -0.811761 0)
(-1.18207 -1.22925 0)
(-0.0174683 -0.701049 0)
(-0.630996 -0.589378 0)
(-0.828883 -0.162834 0)
(-0.70492 0.548002 0)
(-0.762152 0.588441 0)
(-0.796678 0.353657 0)
(-0.865719 -0.175405 0)
(-0.870601 -0.33986 0)
(-0.776298 -0.231555 0)
(-0.697314 0.0391781 0)
(-1.00963 0.385535 0)
(-1.32325 0.972517 0)
(-1.62326 1.41701 0)
(-1.87245 1.45889 0)
(-2.03496 1.0177 0)
(-1.99947 0.208366 0)
(-1.92865 -0.393042 0)
(-1.84713 -0.762241 0)
(-1.65779 -1.23278 0)
(-1.1159 -2.14628 0)
(-0.305034 -1.402 0)
(2.36136 0.918815 0)
(0.582216 0.42028 0)
(-0.429225 0.0969336 0)
(-0.917672 -0.079227 0)
(-1.41549 -0.120574 0)
(-1.36912 -0.204007 0)
(-1.41904 -0.220298 0)
(-1.20027 -0.315803 0)
(-1.05001 0.0146566 0)
(-0.90745 0.611807 0)
(-1.08838 1.02772 0)
(-1.18376 1.32921 0)
(-1.32761 1.40005 0)
(-1.39449 1.02743 0)
(-1.2972 0.232288 0)
(-1.341 -0.355118 0)
(-1.31417 -0.836671 0)
(-1.31738 -1.42075 0)
(-0.937032 -2.64089 0)
(-0.603384 -2.19534 0)
(6.26162 2.17265 0)
(5.07339 2.12525 0)
(3.97472 1.97807 0)
(2.91413 1.5814 0)
(1.15043 1.13267 0)
(0.121941 -0.0664268 0)
(-1.18522 -0.86692 0)
(-1.31607 -0.645231 0)
(-1.10006 -0.241798 0)
(-0.737835 0.390633 0)
(-0.534331 1.10235 0)
(-0.359844 1.66025 0)
(-0.250386 1.77698 0)
(-0.0682647 1.19362 0)
(0.0128967 0.34257 0)
(-0.571935 -0.414693 0)
(-0.776442 -1.1079 0)
(-0.958454 -1.59807 0)
(-0.801964 -2.76156 0)
(-0.749503 -3.02578 0)
(8.43718 2.77358 0)
(7.95133 2.97953 0)
(7.00995 2.7983 0)
(6.35078 2.67412 0)
(5.1659 2.45395 0)
(4.19068 1.77525 0)
(3.04011 1.61338 0)
(1.11194 -0.12467 0)
(-0.138886 -0.789722 0)
(-0.173642 0.0542571 0)
(0.186822 0.789724 0)
(0.478055 0.972569 0)
(0.691743 1.01734 0)
(0.731304 0.805906 0)
(0.184771 0.774558 0)
(-0.329308 0.480418 0)
(-0.0522528 -0.295418 0)
(-0.215865 -0.86182 0)
(-0.51971 -2.5433 0)
(-0.654659 -3.91925 0)
(9.75503 3.26474 0)
(9.4714 3.37127 0)
(8.87427 3.49155 0)
(8.49435 3.3909 0)
(7.58563 3.2351 0)
(7.04919 2.98019 0)
(5.63004 2.24147 0)
(4.82308 1.99136 0)
(3.18926 1.26691 0)
(1.25905 0.0147471 0)
(0.882373 0.348457 0)
(1.162 1.20191 0)
(1.23462 1.7063 0)
(1.44558 1.53594 0)
(1.19574 1.17477 0)
(2.07915 -0.121419 0)
(1.69787 -1.64655 0)
(-0.00552555 -1.86475 0)
(-0.55905 -2.68484 0)
(-0.372385 -4.58182 0)
(10.4559 3.49793 0)
(10.29 3.76718 0)
(9.89582 3.77544 0)
(9.68031 3.96864 0)
(9.02552 3.79303 0)
(8.57687 3.72943 0)
(7.74064 3.37016 0)
(6.70462 2.93183 0)
(5.71871 2.52228 0)
(4.41714 2.06503 0)
(2.81111 1.0178 0)
(2.59562 0.2768 0)
(2.59207 0.468544 0)
(3.28458 0.938845 0)
(3.04187 0.77434 0)
(3.81404 0.163141 0)
(3.1339 1.85899 0)
(1.58294 1.80195 0)
(1.02179 -1.07744 0)
(0.696638 -4.3015 0)
(10.7881 3.71621 0)
(10.8214 3.92838 0)
(10.4254 4.10897 0)
(10.2621 4.26136 0)
(9.91575 4.31345 0)
(9.35409 4.23907 0)
(8.94239 4.19139 0)
(8.04811 3.86762 0)
(7.2211 3.48901 0)
(6.16638 3.1641 0)
(5.04463 2.48352 0)
(2.91172 1.67409 0)
(2.12222 1.27131 0)
(1.60822 1.13919 0)
(0.829718 0.309057 0)
(0.679409 -0.300536 0)
(0.240071 -0.0315786 0)
(1.65052 -0.550951 0)
(2.11704 -1.82286 0)
(2.08562 -4.11448 0)
(11.1937 3.83236 0)
(11.0308 4.1232 0)
(10.8551 4.38993 0)
(10.5877 4.47612 0)
(10.3386 4.75228 0)
(9.92118 4.73403 0)
(9.4474 4.69831 0)
(8.91526 4.74942 0)
(8.0223 4.22516 0)
(7.32106 4.1946 0)
(6.64149 3.38414 0)
(6.0155 2.32101 0)
(5.68624 1.62215 0)
(5.89259 2.10315 0)
(6.2797 2.23775 0)
(5.78753 1.22368 0)
(5.38494 1.40354 0)
(5.11121 0.253872 0)
(5.26803 -0.0587797 0)
(5.08879 0.67125 0)
(11.4652 4.0409 0)
(11.3182 4.27495 0)
(11.1539 4.58349 0)
(10.8764 4.86221 0)
(10.5541 5.00707 0)
(10.3485 5.22458 0)
(9.65597 5.20499 0)
(9.41017 5.27905 0)
(8.58263 5.19146 0)
(7.56833 4.73544 0)
(6.62473 5.24226 0)
(4.55735 4.08345 0)
(0.972049 1.18341 0)
(0.776109 0.813449 0)
(0.0972299 0.275388 0)
(0.611744 0.203808 0)
(0.948057 -0.582591 0)
(0.630791 -1.53676 0)
(-0.371606 -0.177355 0)
(0.693034 3.55497 0)
(11.8385 4.14118 0)
(11.6284 4.50269 0)
(11.399 4.84489 0)
(11.2237 5.12242 0)
(10.7764 5.39154 0)
(10.5101 5.65517 0)
(10.0167 5.7421 0)
(9.42277 5.75083 0)
(9.19009 5.93885 0)
(8.43194 5.23094 0)
(8.18166 4.99875 0)
(8.05209 5.21867 0)
(7.46409 4.51295 0)
(6.39713 3.54368 0)
(4.56049 2.39167 0)
(3.94008 0.73405 0)
(3.38893 1.35251 0)
(3.39936 1.61467 0)
(1.12431 0.407847 0)
(-0.132182 2.32956 0)
(12.1389 4.32111 0)
(12.0286 4.70503 0)
(11.7357 5.08701 0)
(11.5081 5.51895 0)
(11.0865 5.72373 0)
(10.7131 6.02509 0)
(10.2637 6.31495 0)
(9.45299 6.30267 0)
(8.79834 6.8437 0)
(7.72878 7.12488 0)
(6.19258 6.92475 0)
(4.66317 6.43944 0)
(4.09273 5.08482 0)
(3.64268 3.94959 0)
(3.49151 2.72377 0)
(2.68176 1.5023 0)
(1.7656 0.260551 0)
(1.60725 1.17017 0)
(0.5866 2.72338 0)
(0.323536 3.45239 0)
(12.5449 4.44797 0)
(12.4985 4.97114 0)
(12.12 5.38656 0)
(11.8529 5.85264 0)
(11.4458 6.3261 0)
(10.866 6.45968 0)
(10.6065 6.77677 0)
(10.1716 6.55712 0)
(9.90969 6.41956 0)
(9.9515 6.31246 0)
(9.94382 6.65644 0)
(8.63143 6.57968 0)
(6.66996 5.46434 0)
(4.67151 4.17698 0)
(3.62027 2.80818 0)
(2.34006 2.2681 0)
(1.09964 2.27389 0)
(-0.286365 2.23818 0)
(-0.273479 2.40007 0)
(0.252594 3.69872 0)
(13.1038 4.63655 0)
(12.9436 5.17219 0)
(12.6894 5.77827 0)
(12.2752 6.17091 0)
(11.7984 6.71239 0)
(11.1132 7.13849 0)
(10.2202 7.76511 0)
(9.17906 8.30073 0)
(7.74191 8.65796 0)
(5.84146 8.40114 0)
(6.06427 8.15329 0)
(7.03835 8.67535 0)
(6.49294 8.21754 0)
(5.01592 6.16123 0)
(3.20631 4.64458 0)
(1.77682 3.83899 0)
(0.409575 3.19791 0)
(-0.652912 2.84992 0)
(-0.534181 2.44384 0)
(-0.419623 3.40404 0)
(13.7347 4.78418 0)
(13.5786 5.4847 0)
(13.2473 6.29164 0)
(12.8174 6.84198 0)
(12.3276 7.22721 0)
(11.9566 7.23345 0)
(11.6495 7.16222 0)
(11.6381 7.35431 0)
(11.8374 8.02535 0)
(10.48 8.12771 0)
(8.16803 7.34246 0)
(6.96049 7.62096 0)
(6.48604 8.49192 0)
(5.40433 7.71951 0)
(3.27238 6.17543 0)
(1.93005 5.4031 0)
(0.722957 4.45052 0)
(-0.612657 3.05112 0)
(-1.17138 2.05902 0)
(-0.661171 2.46645 0)
(14.5011 4.91476 0)
(14.3945 5.67589 0)
(13.9181 6.52846 0)
(13.3681 7.54926 0)
(12.2466 8.47264 0)
(10.9096 9.35879 0)
(9.39228 9.88184 0)
(7.21296 9.38596 0)
(7.67992 9.54476 0)
(8.93579 10.5536 0)
(8.42695 9.95277 0)
(7.23536 9.22159 0)
(6.56867 9.52214 0)
(5.74405 9.20408 0)
(3.70386 7.95282 0)
(2.33735 6.17916 0)
(1.05508 5.56525 0)
(0.200655 4.56882 0)
(-0.532058 2.54585 0)
(-0.535531 1.33223 0)
(15.4987 5.16231 0)
(15.4616 6.47788 0)
(14.8575 7.14204 0)
(14.3642 7.40346 0)
(14.3658 7.88265 0)
(14.0266 8.1979 0)
(13.9765 9.17205 0)
(12.2158 9.65419 0)
(9.35416 8.6386 0)
(8.24623 9.10817 0)
(8.06705 9.88788 0)
(7.18646 9.70287 0)
(6.56723 10.1224 0)
(6.16934 10.3721 0)
(4.56539 9.50908 0)
(2.88145 8.13568 0)
(1.20621 6.7158 0)
(0.449628 4.98978 0)
(-0.317107 3.1521 0)
(-0.206566 1.36126 0)
(17.2884 5.23075 0)
(16.7893 7.16669 0)
(15.8386 9.31044 0)
(13.0381 10.0254 0)
(11.0064 10.4083 0)
(9.66091 10.4565 0)
(10.3871 10.7236 0)
(11.6364 11.7756 0)
(10.6426 11.4973 0)
(8.84893 10.9312 0)
(8.0604 11.1042 0)
(7.14667 10.8602 0)
(6.27077 10.7404 0)
(6.15771 11.2651 0)
(5.16486 11.0183 0)
(3.79693 9.43184 0)
(2.06235 8.26128 0)
(1.30998 6.20666 0)
(0.352417 3.04144 0)
(0.0990145 0.694116 0)
(17.0288 3.98365 0)
(19.1292 6.87399 0)
(19.2897 8.42317 0)
(18.739 10.0931 0)
(16.7252 10.9293 0)
(13.0674 10.5477 0)
(10.1847 10.1653 0)
(10.02 11.2453 0)
(10.3086 11.7353 0)
(9.02405 11.0643 0)
(8.18092 11.1306 0)
(7.71434 11.4245 0)
(6.61927 11.3725 0)
(6.20088 11.5873 0)
(5.66597 11.7868 0)
(4.80463 10.9348 0)
(3.1938 9.17655 0)
(2.16693 7.08139 0)
(1.08948 4.71736 0)
(0.351137 1.944 0)
(6.46156 2.27562 0)
(8.95682 6.04191 0)
(13.0811 9.40781 0)
(14.604 10.8862 0)
(17.1176 13.1908 0)
(16.3269 14.1815 0)
(12.2198 12.3067 0)
(9.58193 11.7712 0)
(9.84953 13.3283 0)
(9.20092 13.4379 0)
(7.80192 12.6461 0)
(7.15195 12.2899 0)
(6.36176 12.1349 0)
(5.92837 12.3402 0)
(5.46897 12.5804 0)
(5.10099 11.9384 0)
(3.88278 10.8825 0)
(2.862 8.40677 0)
(1.56235 5.16943 0)
(0.456434 2.08778 0)
(-3.33481 -7.43832 0)
(2.6291 0.555287 0)
(4.7259 3.82974 0)
(9.99835 9.33448 0)
(11.756 11.4275 0)
(15.3136 14.8154 0)
(14.9019 15.4947 0)
(10.3713 12.8054 0)
(8.64791 11.9204 0)
(8.97401 12.9485 0)
(8.30117 13.2603 0)
(7.57333 13.1319 0)
(6.65382 12.835 0)
(6.10109 12.6458 0)
(5.4882 12.9416 0)
(5.10125 12.561 0)
(4.07171 11.2596 0)
(3.08194 9.57367 0)
(1.86127 6.87369 0)
(0.59398 3.57043 0)
(-0.333862 0.678728 0)
(0.397503 -1.3405 0)
(1.89978 0.289017 0)
(4.64476 4.39554 0)
(9.10725 9.80937 0)
(10.8831 13.5187 0)
(13.3544 16.5341 0)
(12.2885 16.5681 0)
(9.13971 14.7841 0)
(7.90345 13.823 0)
(7.56435 13.7269 0)
(7.18222 13.613 0)
(6.35829 13.4394 0)
(5.85523 13.2174 0)
(5.27619 13.2904 0)
(5.08402 13.1877 0)
(4.29444 12.4685 0)
(3.33749 10.3416 0)
(2.05385 7.5665 0)
(0.700932 4.63044 0)
(-0.586481 -6.36398 0)
(1.71813 -3.19564 0)
(1.42284 -1.47258 0)
(3.67229 2.48489 0)
(3.81478 4.26523 0)
(8.22323 9.92698 0)
(11.8476 15.7028 0)
(11.2306 16.8192 0)
(9.22966 15.7467 0)
(7.8673 14.7981 0)
(7.26644 14.5658 0)
(7.01229 14.4429 0)
(6.31672 14.1889 0)
(5.79782 13.8532 0)
(5.08557 13.8629 0)
(4.83346 13.712 0)
(4.24191 13.1332 0)
(3.39576 12.0204 0)
(2.17519 9.46495 0)
(0.70232 6.04769 0)
(-0.399971 -1.23701 0)
(-2.46465 -3.6191 0)
(-1.54579 -0.832458 0)
(-0.751332 1.73738 0)
(1.14949 4.19392 0)
(3.62041 7.22019 0)
(7.1095 12.6331 0)
(11.0544 17.7615 0)
(9.58006 17.6075 0)
(7.59922 15.8794 0)
(6.66865 14.8986 0)
(6.43644 14.6378 0)
(5.91866 14.5652 0)
(5.5531 14.3098 0)
(4.92364 14.2972 0)
(4.63441 14.3221 0)
(4.04278 13.8323 0)
(3.22453 12.2764 0)
(2.09838 10.1597 0)
(0.695189 7.32708 0)
(-0.0850212 -2.30064 0)
(-3.58114 -1.79236 0)
(-5.15869 -1.87422 0)
(-4.85474 0.78796 0)
(-2.84134 1.22903 0)
(-2.14077 1.3828 0)
(7.55295 12.9546 0)
(6.3186 15.1154 0)
(7.96884 17.3443 0)
(7.74768 16.9258 0)
(6.88767 16.0173 0)
(6.37202 15.4444 0)
(5.69198 15.1165 0)
(5.32302 14.7861 0)
(4.72594 14.6667 0)
(4.42455 14.7144 0)
(3.91221 14.6732 0)
(3.14234 14.002 0)
(2.08731 11.8488 0)
(0.66821 8.71757 0)
(-1.02928 1.45802 0)
(-3.21166 0.275331 0)
(-4.88526 0.239989 0)
(-6.2449 0.224996 0)
(-5.68697 -1.43202 0)
(-4.80418 -2.53825 0)
(-0.993639 5.2436 0)
(6.84212 15.7917 0)
(6.43198 17.1211 0)
(6.18637 16.8838 0)
(6.29212 16.2167 0)
(6.25202 15.837 0)
(5.61332 15.7007 0)
(5.07801 15.4125 0)
(4.43932 15.264 0)
(4.1247 15.1987 0)
(3.64216 14.9323 0)
(2.96763 14.0718 0)
(2.003 12.6631 0)
(0.634985 10.0208 0)
(-0.730197 2.36108 0)
(-2.31207 1.69058 0)
(-3.64782 1.6022 0)
(-4.0404 1.58184 0)
(-4.77269 -0.417999 0)
(-5.53475 -2.87838 0)
(-6.1379 -0.0329278 0)
(3.75758 12.6022 0)
(4.51116 15.8334 0)
(5.69259 16.8507 0)
(5.72122 16.6389 0)
(5.92952 16.3071 0)
(5.55587 16.0848 0)
(5.09427 15.8357 0)
(4.40887 15.7198 0)
(3.96533 15.8743 0)
(3.45923 16.0992 0)
(2.79359 15.7382 0)
(1.88373 14.0809 0)
(0.567307 11.236 0)
(-0.560786 3.78456 0)
(-1.8676 3.04807 0)
(-3.081 2.14942 0)
(-3.20257 1.15276 0)
(-3.54727 0.369102 0)
(-3.2289 -1.73135 0)
(-5.44144 -1.75676 0)
(-3.9743 2.23046 0)
(6.11031 15.8576 0)
(5.36128 16.3534 0)
(5.43886 16.3008 0)
(5.6206 16.3575 0)
(5.35343 16.546 0)
(4.97869 16.4511 0)
(4.30852 16.2616 0)
(3.81041 16.1347 0)
(3.24709 16.0862 0)
(2.61543 15.7738 0)
(1.76318 14.9439 0)
(0.518191 12.4451 0)
(-0.109355 4.57509 0)
(-1.12845 3.97719 0)
(-1.58947 2.88121 0)
(-2.00172 1.7335 0)
(-2.65974 -0.0913222 0)
(-2.0508 -1.28238 0)
(-2.93966 -0.242195 0)
(-3.77819 0.523153 0)
(-0.0968788 7.92365 0)
(5.77221 15.7078 0)
(6.04982 16.6191 0)
(5.85173 16.5275 0)
(5.39899 16.7546 0)
(5.00387 16.929 0)
(4.37375 16.9489 0)
(3.79872 17.0634 0)
(3.13326 17.3336 0)
(2.47076 17.2112 0)
(1.65206 16.0543 0)
(0.444122 13.4512 0)
(0.0366776 5.39567 0)
(0.0887432 4.90258 0)
(-0.164885 3.43836 0)
(0.219284 2.26833 0)
(0.141449 0.838824 0)
(0.180984 -1.19467 0)
(-0.593217 -0.381095 0)
(0.0776145 1.15612 0)
(-2.04364 2.4011 0)
(4.96945 12.6517 0)
(6.46406 16.0044 0)
(6.50188 16.7938 0)
(5.80061 17.2077 0)
(5.12959 17.5095 0)
(4.36826 17.5274 0)
(3.71113 17.3483 0)
(2.99199 17.3381 0)
(2.3426 17.3464 0)
(1.56487 16.9405 0)
(0.43761 14.5047 0)
(-0.0101037 4.48022 0)
(1.41209 3.94888 0)
(0.6738 3.13351 0)
(1.70047 1.26579 0)
(2.75556 0.507736 0)
(3.81089 -0.436231 0)
(3.31363 -0.686426 0)
(3.27467 2.39665 0)
(1.8252 3.22584 0)
(2.0068 7.2452 0)
(6.2565 14.8154 0)
(7.16292 17.1264 0)
(6.44436 17.7693 0)
(5.50498 18.1373 0)
(4.57406 18.3691 0)
(3.80272 18.4839 0)
(2.933 18.6962 0)
(2.23799 18.6476 0)
(1.4902 17.8746 0)
(0.370524 15.3929 0)
(0.76694 4.17801 0)
(0.310316 4.40384 0)
(1.84702 3.12006 0)
(3.77826 -0.259045 0)
(5.49445 -1.00487 0)
(6.73576 -0.575847 0)
(7.16173 -0.70815 0)
(6.02633 2.32931 0)
(5.9153 4.99849 0)
(3.16997 5.25548 0)
(5.52098 12.3406 0)
(7.32491 17.108 0)
(6.93006 18.6705 0)
(5.79258 19.0491 0)
(4.69122 19.11 0)
(3.8273 18.9238 0)
(2.88581 18.839 0)
(2.14483 18.9455 0)
(1.38922 18.7793 0)
(0.349162 16.2985 0)
(-0.430554 2.96095 0)
(0.175851 2.44624 0)
(4.20339 0.193285 0)
(6.55243 -2.72404 0)
(8.29725 -2.78247 0)
(9.12635 -1.38238 0)
(9.64498 -0.394675 0)
(8.31732 2.18293 0)
(8.42025 6.31315 0)
(6.12108 6.71227 0)
(5.40817 10.4232 0)
(7.33484 16.4615 0)
(7.26798 19.3373 0)
(6.04342 20.1013 0)
(4.81559 20.2845 0)
(3.8668 20.2493 0)
(2.81144 20.2525 0)
(2.05786 20.15 0)
(1.35705 19.6107 0)
(0.323111 17.1181 0)
(-1.46602 4.44689 0)
(3.01618 -1.23357 0)
(6.57441 -3.57488 0)
(8.29945 -4.69038 0)
(9.84222 -3.5432 0)
(10.2999 -1.50602 0)
(10.5041 0.291096 0)
(9.44028 2.96566 0)
(9.1719 7.42112 0)
(7.60076 8.30996 0)
(5.86051 10.1595 0)
(7.15807 16.0716 0)
(7.32067 19.9442 0)
(6.06337 21.1374 0)
(4.72766 21.235 0)
(3.76883 20.9108 0)
(2.73691 20.6253 0)
(1.96968 20.5999 0)
(1.18844 20.516 0)
(0.225867 17.9057 0)
(1.36945 2.295 0)
(4.97965 -4.41105 0)
(7.71415 -6.01745 0)
(8.75232 -6.02683 0)
(10.0723 -4.21022 0)
(10.2855 -1.79918 0)
(10.1733 0.632084 0)
(9.40526 3.56305 0)
(8.88999 8.09741 0)
(8.00428 9.68104 0)
(6.34187 10.732 0)
(6.9325 16.0134 0)
(7.06881 20.5498 0)
(5.86035 22.2174 0)
(4.53458 22.479 0)
(3.55003 22.2761 0)
(2.48012 22.0069 0)
(1.73227 21.7125 0)
(1.12915 21.207 0)
(0.245638 18.5618 0)
(2.37566 -2.91113 0)
(4.96209 -7.60273 0)
(7.2837 -8.14904 0)
(8.37799 -7.04898 0)
(9.52963 -4.54057 0)
(9.65046 -1.6923 0)
(9.50271 1.27202 0)
(8.85405 4.46331 0)
(8.18635 8.57321 0)
(7.78487 10.3867 0)
(6.56474 11.3437 0)
(6.59626 16.221 0)
(6.56337 21.1325 0)
(5.32053 23.162 0)
(4.03556 23.4207 0)
(3.19177 22.9879 0)
(2.24714 22.4621 0)
(1.59418 22.202 0)
(0.87624 22.0853 0)
(0.0635505 19.2699 0)
(1.85869 -6.4072 0)
(4.54268 -9.85748 0)
(6.62929 -9.65382 0)
(7.6455 -7.95178 0)
(8.53887 -4.98917 0)
(8.45229 -1.83286 0)
(8.41618 1.48425 0)
(7.94501 4.98734 0)
(7.32783 8.79362 0)
(7.26805 10.8625 0)
(6.43632 12.0789 0)
(6.10728 16.7093 0)
(5.78917 21.8294 0)
(4.60152 24.1507 0)
(3.45801 24.5388 0)
(2.64571 24.166 0)
(1.73983 23.6472 0)
(1.12205 23.128 0)
(0.701502 22.4883 0)
(0.0948289 19.5568 0)
(1.59627 -9.83181 0)
(3.80434 -12.3403 0)
(5.55095 -11.1804 0)
(6.39935 -8.62162 0)
(7.17092 -5.05161 0)
(7.10519 -1.54654 0)
(7.0955 2.02713 0)
(6.82368 5.50588 0)
(6.41637 8.68875 0)
(6.62271 10.8435 0)
(5.98157 12.7944 0)
(5.32835 17.5122 0)
(4.72364 22.6527 0)
(3.50324 25.0342 0)
(2.48173 25.2768 0)
(1.9383 24.6853 0)
(1.28838 23.9317 0)
(0.878639 23.4208 0)
(0.408586 23.2344 0)
(-0.083599 20.1331 0)
(1.2858 -12.1918 0)
(3.16472 -13.9536 0)
(4.55289 -12.1736 0)
(5.28343 -9.15469 0)
(5.74864 -5.41941 0)
(5.74918 -1.76314 0)
(5.76577 2.00587 0)
(5.61291 5.61907 0)
(5.44014 8.63077 0)
(5.74009 11.0544 0)
(5.09982 13.7388 0)
(4.2069 18.6681 0)
(3.33201 23.6465 0)
(2.20815 25.8712 0)
(1.50556 26.1134 0)
(1.12214 25.5337 0)
(0.565447 24.7868 0)
(0.229333 24.1097 0)
(0.101604 23.2927 0)
(-0.149664 19.8799 0)
(1.00078 -14.4445 0)
(2.41722 -15.5535 0)
(3.40722 -13.0902 0)
(3.94752 -9.41131 0)
(4.24774 -5.23949 0)
(4.25381 -1.39783 0)
(4.27842 2.27965 0)
(4.27319 5.47621 0)
(4.31 8.27779 0)
(4.53387 11.2446 0)
(3.67964 14.8527 0)
(2.51038 19.9913 0)
(1.51737 24.6177 0)
(0.616286 26.5318 0)
(0.207107 26.4578 0)
(0.0861436 25.5972 0)
(-0.112814 24.6587 0)
(-0.113607 24.0164 0)
(-0.190244 23.6962 0)
(-0.230747 20.2008 0)
(0.772409 -15.749 0)
(1.8023 -16.3982 0)
(2.53722 -13.5406 0)
(2.82824 -9.7106 0)
(2.92594 -5.5097 0)
(2.83663 -1.52131 0)
(2.78469 2.27102 0)
(2.82218 5.37897 0)
(2.84382 8.25842 0)
(2.80569 11.8214 0)
(1.69182 16.1825 0)
(0.371306 21.468 0)
(-0.552242 25.6498 0)
(-1.03738 27.0583 0)
(-1.03502 26.7051 0)
(-0.867286 25.9304 0)
(-0.833723 25.1452 0)
(-0.774227 24.3824 0)
(-0.602267 23.4258 0)
(-0.480878 19.3713 0)
(0.516937 -17.0263 0)
(1.15814 -17.2004 0)
(1.49453 -13.8343 0)
(1.61901 -9.49317 0)
(1.55336 -5.09694 0)
(1.38515 -1.23201 0)
(1.20807 2.21857 0)
(1.24256 5.15203 0)
(0.953308 8.34503 0)
(0.502364 12.5904 0)
(-0.789779 17.5766 0)
(-1.99705 22.757 0)
(-2.70654 26.3103 0)
(-2.85078 27.0281 0)
(-2.42861 26.3758 0)
(-1.91771 25.4983 0)
(-1.65808 24.5294 0)
(-1.2152 23.768 0)
(-0.810742 23.2301 0)
(-0.370825 19.2765 0)
(0.352035 -17.4965 0)
(0.680689 -17.3832 0)
(0.786128 -13.8841 0)
(0.632237 -9.54161 0)
(0.326768 -5.06115 0)
(0.0066469 -0.963418 0)
(-0.351418 2.53428 0)
(-0.626919 5.487 0)
(-1.38604 9.06626 0)
(-2.1905 13.8482 0)
(-3.48769 19.0297 0)
(-4.41081 23.6982 0)
(-4.7382 26.2989 0)
(-4.29851 26.4133 0)
(-3.42791 25.8771 0)
(-2.71264 25.2584 0)
(-2.19977 24.5723 0)
(-1.72545 23.9238 0)
(-1.21968 22.8328 0)
(-0.790465 18.0619 0)
(0.143667 -18.0186 0)
(0.117113 -17.5522 0)
(-0.06069 -13.6466 0)
(-0.373976 -8.95574 0)
(-0.820687 -4.46707 0)
(-1.3484 -0.50956 0)
(-1.91803 2.88037 0)
(-2.63826 5.99798 0)
(-3.82735 10.0653 0)
(-4.79681 15.2 0)
(-5.97715 20.1509 0)
(-6.45695 24.0113 0)
(-6.23702 25.6651 0)
(-5.32965 25.4661 0)
(-4.26089 24.9861 0)
(-3.47589 24.3582 0)
(-2.91617 23.5585 0)
(-2.15279 22.8186 0)
(-1.40636 21.9198 0)
(-0.529604 17.4145 0)
(0.0301734 -17.8392 0)
(-0.223215 -17.2146 0)
(-0.642107 -13.3871 0)
(-1.16505 -8.65652 0)
(-1.86129 -3.90555 0)
(-2.57315 0.252768 0)
(-3.41878 3.67983 0)
(-4.51765 7.04179 0)
(-5.99951 11.4489 0)
(-6.98382 16.5534 0)
(-7.91195 20.8978 0)
(-7.88253 23.8241 0)
(-7.16555 24.5996 0)
(-5.92029 24.2535 0)
(-4.82279 24.0204 0)
(-3.96051 23.6891 0)
(-3.13315 23.2275 0)
(-2.41566 22.7379 0)
(-1.66028 21.5252 0)
(-0.984499 16.0624 0)
(-0.130521 -17.8091 0)
(-0.700003 -16.8986 0)
(-1.28693 -12.6774 0)
(-1.91518 -7.77955 0)
(-2.75757 -3.05769 0)
(-3.62569 1.21346 0)
(-4.70306 4.73401 0)
(-6.08016 8.21109 0)
(-7.62981 12.7644 0)
(-8.47476 17.5379 0)
(-9.06991 21.0548 0)
(-8.53987 23.0507 0)
(-7.44966 23.332 0)
(-6.22549 23.1826 0)
(-5.17029 23.1162 0)
(-4.31834 22.7831 0)
(-3.63025 22.15 0)
(-2.80607 21.384 0)
(-1.91163 19.9809 0)
(-0.690452 14.6675 0)
(-0.215444 -17.1438 0)
(-0.927004 -16.1752 0)
(-1.7244 -12.1187 0)
(-2.50587 -7.08852 0)
(-3.48027 -2.10611 0)
(-4.49046 2.33102 0)
(-5.6596 5.9973 0)
(-7.20418 9.5796 0)
(-8.61854 14.0315 0)
(-9.23588 18.2268 0)
(-9.49686 20.806 0)
(-8.59573 22.0856 0)
(-7.46145 22.106 0)
(-6.38737 22.0502 0)
(-5.48686 22.1497 0)
(-4.64793 21.983 0)
(-3.7545 21.5684 0)
(-2.91869 21.0985 0)
(-1.90482 19.6639 0)
(-1.00012 13.5728 0)
(-0.337846 -16.6864 0)
(-1.28704 -15.4495 0)
(-2.16251 -11.1026 0)
(-3.03468 -6.04583 0)
(-4.07793 -0.995157 0)
(-5.13536 3.59778 0)
(-6.26051 7.31923 0)
(-7.80368 10.8479 0)
(-9.01101 14.9923 0)
(-9.39364 18.541 0)
(-9.40353 20.2448 0)
(-8.33128 20.9515 0)
(-7.30448 20.9656 0)
(-6.465 21.1455 0)
(-5.53614 21.4061 0)
(-4.73447 21.2175 0)
(-4.04572 20.68 0)
(-3.21843 19.8618 0)
(-2.33197 17.7907 0)
(-0.925689 11.3803 0)
(-0.395274 -15.6738 0)
(-1.45003 -14.4611 0)
(-2.47835 -10.3135 0)
(-3.42045 -5.16861 0)
(-4.51491 0.0197872 0)
(-5.58978 4.8028 0)
(-6.6656 8.63255 0)
(-8.03804 12.0322 0)
(-8.95134 15.7717 0)
(-9.11406 18.6296 0)
(-8.96496 19.5749 0)
(-7.92384 20.0392 0)
(-7.12566 20.0899 0)
(-6.40517 20.2891 0)
(-5.67651 20.5893 0)
(-5.03621 20.4005 0)
(-4.24504 19.9297 0)
(-3.39818 19.227 0)
(-2.11078 17.2474 0)
(-0.865964 10.6947 0)
(-0.483912 -14.8922 0)
(-1.68815 -13.4384 0)
(-2.77068 -9.11687 0)
(-3.77307 -4.01835 0)
(-4.86418 1.17626 0)
(-5.8739 5.98945 0)
(-6.83732 9.83958 0)
(-7.9744 12.9845 0)
(-8.65291 16.2301 0)
(-8.62388 18.5314 0)
(-8.41615 18.956 0)
(-7.4839 19.2315 0)
(-6.91483 19.2516 0)
(-6.41767 19.5987 0)
(-5.657 19.957 0)
(-5.02473 19.7296 0)
(-4.35137 19.2502 0)
(-3.52095 18.284 0)
(-2.74912 15.5043 0)
(-1.37398 7.80635 0)
(-0.518629 -13.6636 0)
(-1.80528 -12.2959 0)
(-2.97534 -8.18129 0)
(-3.99011 -3.0111 0)
(-5.07031 2.21392 0)
(-5.99611 7.04688 0)
(-6.84545 10.7845 0)
(-7.74096 13.7409 0)
(-8.21325 16.5384 0)
(-8.04965 18.3216 0)
(-7.81409 18.3474 0)
(-7.09137 18.6194 0)
(-6.74588 18.6781 0)
(-6.18202 19.074 0)
(-5.63521 19.336 0)
(-5.23179 19.1333 0)
(-4.66251 18.6192 0)
(-4.07016 17.3728 0)
(-2.58334 14.2619 0)
(-0.755231 6.96113 0)
(-0.581792 -12.639 0)
(-1.94141 -11.0827 0)
(-3.13889 -6.95179 0)
(-4.17744 -1.96114 0)
(-5.21487 3.22365 0)
(-6.01237 8.02432 0)
(-6.7612 11.6045 0)
(-7.42063 14.2982 0)
(-7.73075 16.6089 0)
(-7.48658 18.026 0)
(-7.30162 17.9846 0)
(-6.69258 18.2139 0)
(-6.46079 18.1466 0)
(-6.0645 18.6059 0)
(-5.6633 18.8039 0)
(-5.28409 18.5216 0)
(-4.7556 17.9331 0)
(-3.94045 16.649 0)
(-3.299 13.2274 0)
(-2.59428 4.27368 0)
(-0.602673 -11.2954 0)
(-2.03154 -9.85856 0)
(-3.27252 -5.90948 0)
(-4.28853 -0.943825 0)
(-5.28936 4.13915 0)
(-5.92163 8.85501 0)
(-6.53699 12.2013 0)
(-7.053 14.6312 0)
(-7.27521 16.6331 0)
(-7.02859 17.8019 0)
(-6.81677 17.6292 0)
(-6.3754 17.8033 0)
(-6.31518 17.8174 0)
(-5.86895 18.3276 0)
(-5.65163 18.3284 0)
(-5.30307 18.1961 0)
(-4.90833 17.6733 0)
(-4.82196 15.9876 0)
(-3.80669 10.9833 0)
(-1.49505 -0.314551 0)
(-0.642474 -10.0817 0)
(-2.10471 -8.51475 0)
(-3.37035 -4.72119 0)
(-4.38731 0.0343546 0)
(-5.34128 4.97003 0)
(-5.83518 9.54689 0)
(-6.31654 12.6929 0)
(-6.68958 14.9221 0)
(-6.82701 16.5531 0)
(-6.58573 17.464 0)
(-6.41463 17.4092 0)
(-6.0871 17.6158 0)
(-6.03828 17.6109 0)
(-5.74289 17.9962 0)
(-5.63157 18.0536 0)
(-5.3432 17.853 0)
(-5.12158 16.8899 0)
(-4.27829 14.7916 0)
(-3.4552 10.2147 0)
(1.30881 -1.39848 0)
(-0.630023 -8.71436 0)
(-2.153 -7.26594 0)
(-3.42147 -3.58531 0)
(-4.41834 0.981269 0)
(-5.32971 5.67136 0)
(-5.73243 10.1337 0)
(-6.09504 13.0199 0)
(-6.38001 14.997 0)
(-6.46227 16.4425 0)
(-6.25488 17.3045 0)
(-5.99274 17.2187 0)
(-5.81009 17.359 0)
(-5.86004 17.4303 0)
(-5.61568 17.8306 0)
(-5.62537 17.8485 0)
(-5.34989 17.6416 0)
(-4.90218 16.7609 0)
(-4.32315 14.5568 0)
(-3.54471 8.88319 0)
(2.064 -2.74649 0)
(-0.632255 -7.37049 0)
(-2.12659 -5.88837 0)
(-3.41745 -2.45486 0)
(-4.38575 1.91853 0)
(-5.28537 6.30634 0)
(-5.5982 10.5783 0)
(-5.91684 13.227 0)
(-6.0774 15.116 0)
(-6.15095 16.3722 0)
(-5.86168 16.9865 0)
(-5.67134 17.0348 0)
(-5.59927 17.2375 0)
(-5.6073 17.4236 0)
(-5.49396 17.6004 0)
(-5.44487 17.8192 0)
(-5.2134 17.5406 0)
(-5.17738 16.2291 0)
(-4.21915 12.558 0)
(-2.39938 3.91492 0)
(1.5725 -2.68991 0)
(-0.619946 -6.07313 0)
(-2.108 -4.62026 0)
(-3.35568 -1.35177 0)
(-4.29798 2.8168 0)
(-5.21102 6.85139 0)
(-5.43521 10.9507 0)
(-5.67161 13.4088 0)
(-5.75607 15.0102 0)
(-5.72072 16.2454 0)
(-5.52883 16.7935 0)
(-5.23307 16.9685 0)
(-5.32451 17.1012 0)
(-5.2589 17.3364 0)
(-5.27365 17.5687 0)
(-5.2282 17.8686 0)
(-5.27893 17.3704 0)
(-4.99222 15.8975 0)
(-4.56494 11.653 0)
(0.261129 1.05016 0)
(-0.128876 -2.82821 0)
(-0.595167 -4.73167 0)
(-2.05353 -3.30744 0)
(-3.24116 -0.274629 0)
(-4.11978 3.69715 0)
(-5.03488 7.34943 0)
(-5.19244 11.1749 0)
(-5.32795 13.4998 0)
(-5.39055 14.8751 0)
(-5.30778 16.2405 0)
(-5.13836 16.542 0)
(-4.87804 16.8631 0)
(-5.04706 17.0478 0)
(-4.92176 17.505 0)
(-5.07384 17.5423 0)
(-4.97214 17.8532 0)
(-4.98245 17.2009 0)
(-4.93161 15.2712 0)
(-4.13624 10.0438 0)
(-0.0408661 -2.03379 0)
(-1.38726 -3.04381 0)
(-0.563624 -3.45831 0)
(-1.93037 -2.1008 0)
(-3.08121 0.730563 0)
(-3.83943 4.57638 0)
(-4.75161 7.85168 0)
(-4.96639 11.2587 0)
(-4.89119 13.6801 0)
(-4.99679 14.7642 0)
(-4.78493 16.0938 0)
(-4.83543 16.4408 0)
(-4.47347 16.8605 0)
(-4.74601 17.0588 0)
(-4.47665 17.4384 0)
(-4.71659 17.5663 0)
(-4.55396 17.916 0)
(-4.85593 17.064 0)
(-4.32685 14.7141 0)
(-3.76049 8.04341 0)
(-0.546036 -2.71003 0)
(-1.20503 -4.04481 0)
(-0.502832 -2.27187 0)
(-1.80545 -0.930023 0)
(-2.8801 1.62171 0)
(-3.50301 5.35486 0)
(-4.32921 8.40482 0)
(-4.65399 11.3207 0)
(-4.47786 13.6734 0)
(-4.56658 14.6253 0)
(-4.37895 16.1183 0)
(-4.39657 16.4084 0)
(-4.10338 16.7497 0)
(-4.24467 16.9655 0)
(-4.07325 17.554 0)
(-4.27111 17.6328 0)
(-4.20474 17.7811 0)
(-4.26549 16.7531 0)
(-3.95279 13.536 0)
(-2.21141 5.99467 0)
(-0.761078 -3.82203 0)
(-0.876486 -5.12201 0)
(-0.458069 -1.13893 0)
(-1.68761 0.155928 0)
(-2.70698 2.42646 0)
(-3.16425 6.02962 0)
(-3.75957 8.99001 0)
(-4.25719 11.3801 0)
(-4.01929 13.6653 0)
(-4.12146 14.622 0)
(-3.94397 15.9034 0)
(-4.02849 16.3675 0)
(-3.73258 16.6581 0)
(-3.87532 16.9579 0)
(-3.62991 17.4762 0)
(-3.80466 17.6096 0)
(-3.6024 17.6499 0)
(-3.8235 16.4875 0)
(-2.77637 13.0405 0)
(-0.960609 4.52058 0)
(-0.337098 -3.20793 0)
(-0.300277 -5.59037 0)
(-0.425042 -0.095626 0)
(-1.5865 1.17078 0)
(-2.54621 3.12168 0)
(-2.8975 6.49146 0)
(-3.20869 9.48822 0)
(-3.68926 11.5837 0)
(-3.55 13.6153 0)
(-3.57153 14.5646 0)
(-3.54235 15.8541 0)
(-3.55127 16.411 0)
(-3.39082 16.4851 0)
(-3.32033 16.7776 0)
(-3.27066 17.4885 0)
(-3.13469 17.6291 0)
(-3.08141 17.4235 0)
(-2.6563 16.1921 0)
(-2.35989 12.0729 0)
(0.10175 3.07903 0)
(-0.453641 -3.87083 0)
(0.0832311 -6.02523 0)
(-0.390114 0.884773 0)
(-1.49132 2.12316 0)
(-2.42671 3.73386 0)
(-2.74314 6.79756 0)
(-2.77755 9.81661 0)
(-3.14543 11.7845 0)
(-3.08691 13.5713 0)
(-3.08298 14.6645 0)
(-3.12749 15.7643 0)
(-3.11945 16.397 0)
(-2.95891 16.4286 0)
(-2.95897 16.7487 0)
(-2.68924 17.4122 0)
(-2.53014 17.5246 0)
(-2.22774 17.058 0)
(-2.07706 15.5649 0)
(-1.25227 11.3826 0)
(0.19128 2.17914 0)
(-0.0377717 -3.40272 0)
(-0.340265 -6.19963 0)
(-0.35964 1.81182 0)
(-1.41619 3.06453 0)
(-2.33768 4.34898 0)
(-2.70305 6.99641 0)
(-2.62468 9.93193 0)
(-2.73823 11.9333 0)
(-2.70703 13.6356 0)
(-2.69969 14.6446 0)
(-2.83401 15.7838 0)
(-2.80517 16.4813 0)
(-2.72288 16.338 0)
(-2.42797 16.509 0)
(-2.3454 17.2541 0)
(-1.84361 17.2983 0)
(-1.82334 16.6575 0)
(-0.825892 15.1004 0)
(-0.834984 10.2039 0)
(1.04413 1.57052 0)
(0.242926 -3.76383 0)
(0.450856 -6.62178 0)
(-0.328358 2.70108 0)
(-1.34469 3.98074 0)
(-2.29718 4.97018 0)
(-2.7311 7.20571 0)
(-2.6444 9.94357 0)
(-2.62607 11.919 0)
(-2.58833 13.6246 0)
(-2.46124 14.7326 0)
(-2.66085 15.8551 0)
(-2.59379 16.388 0)
(-2.40273 16.2594 0)
(-2.16773 16.2038 0)
(-1.68401 16.8905 0)
(-1.39751 17.0429 0)
(-0.960679 16.0388 0)
(-0.389688 14.1801 0)
(0.472237 9.73121 0)
(1.25343 1.72838 0)
(0.777514 -2.26784 0)
(0.585005 -4.87133 0)
(-0.296668 3.54553 0)
(-1.28251 4.91483 0)
(-2.22577 5.66524 0)
(-2.78184 7.44365 0)
(-2.78144 9.93369 0)
(-2.69815 11.856 0)
(-2.63843 13.5859 0)
(-2.52531 14.7196 0)
(-2.58615 15.7744 0)
(-2.42505 16.3873 0)
(-2.19942 15.9692 0)
(-1.61724 15.7549 0)
(-1.37123 16.3639 0)
(-0.652044 16.4978 0)
(-0.632155 15.5207 0)
(0.732954 13.8257 0)
(0.671631 8.70545 0)
(1.78702 1.47799 0)
(0.436237 -3.71399 0)
(0.0885484 -6.06631 0)
(-0.259287 4.32736 0)
(-1.17279 5.813 0)
(-2.13001 6.40111 0)
(-2.76633 7.79472 0)
(-2.89699 9.97681 0)
(-2.80565 11.7915 0)
(-2.78787 13.4864 0)
(-2.60358 14.6449 0)
(-2.55694 15.6708 0)
(-2.31972 16 0)
(-1.85482 15.6513 0)
(-1.41496 15.2466 0)
(-0.796273 15.8547 0)
(-0.392031 16.1292 0)
(0.119141 14.7746 0)
(0.700697 12.7435 0)
(1.77243 8.50402 0)
(1.93807 2.20082 0)
(1.75928 -0.984705 0)
(0.361017 -3.81643 0)
(-0.209625 5.03786 0)
(-1.04872 6.68966 0)
(-1.92957 7.20064 0)
(-2.64758 8.21209 0)
(-2.90375 10.0584 0)
(-2.87297 11.7683 0)
(-2.74407 13.3257 0)
(-2.59259 14.5791 0)
(-2.42257 15.3074 0)
(-1.99842 15.7584 0)
(-1.59408 15.1292 0)
(-0.912285 14.7301 0)
(-0.587701 15.2526 0)
(0.195916 15.6206 0)
(0.361236 14.3129 0)
(1.51626 12.3585 0)
(1.58392 7.30807 0)
(2.04496 2.08909 0)
(0.447302 -1.88958 0)
(0.259077 -4.09865 0)
(-0.159322 5.64015 0)
(-0.89331 7.46567 0)
(-1.70046 7.97733 0)
(-2.3937 8.73657 0)
(-2.72151 10.2543 0)
(-2.79474 11.7116 0)
(-2.66836 13.177 0)
(-2.4247 14.242 0)
(-2.09094 15.0866 0)
(-1.63826 15.1338 0)
(-1.04992 14.7539 0)
(-0.656873 14.1749 0)
(-0.135587 14.7027 0)
(0.448546 15.0079 0)
(0.959875 13.5735 0)
(1.38633 11.2634 0)
(2.48922 7.84082 0)
(2.09788 2.91681 0)
(1.88251 0.157882 0)
(0.651249 -3.61164 0)
(-0.0977929 6.1413 0)
(-0.746207 8.14046 0)
(-1.40871 8.71247 0)
(-2.07731 9.23785 0)
(-2.38397 10.4827 0)
(-2.49779 11.7825 0)
(-2.41169 12.9137 0)
(-2.12839 13.9976 0)
(-1.82692 14.4894 0)
(-1.22203 14.6769 0)
(-0.780792 14.2751 0)
(-0.206827 13.8227 0)
(0.0333637 14.0024 0)
(0.726115 14.6034 0)
(1.06896 13.0532 0)
(1.95333 11.1011 0)
(1.94098 6.80215 0)
(2.42717 3.23573 0)
(0.75662 0.195346 0)
(1.02096 -1.0516 0)
(-0.0386765 6.53837 0)
(-0.595358 8.70072 0)
(-1.11593 9.32156 0)
(-1.73709 9.709 0)
(-1.96134 10.711 0)
(-2.05931 11.7689 0)
(-1.97085 12.8499 0)
(-1.71725 13.5389 0)
(-1.29912 14.1754 0)
(-0.902024 14.1279 0)
(-0.354052 13.7786 0)
(-0.0394819 13.3638 0)
(0.381419 13.7942 0)
(0.938131 13.7619 0)
(1.5076 12.622 0)
(1.80299 10.3287 0)
(2.75061 7.46504 0)
(1.62946 3.65731 0)
(1.84221 1.00728 0)
(-0.119283 -2.41951 0)
(0.010726 6.81352 0)
(-0.420703 9.14535 0)
(-0.820494 9.86835 0)
(-1.41685 10.1003 0)
(-1.60672 10.8282 0)
(-1.60481 11.8172 0)
(-1.49385 12.57 0)
(-1.19931 13.3076 0)
(-0.833029 13.6839 0)
(-0.324856 13.6588 0)
(0.0231247 13.5224 0)
(0.348417 13.1396 0)
(0.66608 12.8104 0)
(1.24987 13.6704 0)
(1.63917 11.9342 0)
(2.50713 10.135 0)
(2.15452 6.98614 0)
(2.55119 4.53056 0)
(0.472524 2.00965 0)
(0.742111 1.03779 0)
(0.0691532 6.99116 0)
(-0.282517 9.4738 0)
(-0.552404 10.326 0)
(-1.07889 10.4881 0)
(-1.27426 10.9378 0)
(-1.2576 11.6873 0)
(-1.07681 12.4131 0)
(-0.85903 12.9277 0)
(-0.410541 13.1553 0)
(-0.00530591 13.4301 0)
(0.386925 13.0262 0)
(0.715289 12.6823 0)
(0.864223 13.0001 0)
(1.30421 12.4382 0)
(2.09101 11.6765 0)
(1.95056 9.70215 0)
(2.54079 7.34952 0)
(0.998423 4.97983 0)
(2.07109 2.68968 0)
(-0.0843909 -1.38405 0)
(0.135619 7.04513 0)
(-0.145891 9.69712 0)
(-0.260508 10.6998 0)
(-0.717551 10.8106 0)
(-0.944589 11.0344 0)
(-0.878709 11.6071 0)
(-0.692612 12.1886 0)
(-0.459476 12.5725 0)
(-0.167196 12.9465 0)
(0.225755 12.7058 0)
(0.657337 12.8636 0)
(0.842978 12.7574 0)
(1.11712 11.9721 0)
(1.56415 12.6688 0)
(1.52171 11.0538 0)
(2.40227 9.7837 0)
(1.81538 7.7497 0)
(2.56902 5.08532 0)
(0.0797948 3.31647 0)
(1.32253 3.13435 0)
(0.17967 7.01454 0)
(-0.0498877 9.83515 0)
(0.00711091 10.9259 0)
(-0.356196 11.1316 0)
(-0.521575 11.1248 0)
(-0.500532 11.4955 0)
(-0.230328 11.8565 0)
(0.0397685 12.5276 0)
(0.310042 12.2996 0)
(0.633568 12.7926 0)
(0.747927 12.3979 0)
(1.27891 12.1359 0)
(1.5031 12.4799 0)
(1.59287 11.6949 0)
(2.44006 11.2374 0)
(2.01397 9.37437 0)
(2.32426 7.82855 0)
(1.30284 6.62604 0)
(2.42855 4.45506 0)
(-0.676103 -0.273949 0)
(0.168695 6.92672 0)
(0.0489928 9.89459 0)
(0.074948 11.0359 0)
(-0.0770561 11.3323 0)
(-0.265897 11.2379 0)
(-0.108789 11.2345 0)
(0.0981959 11.7557 0)
(0.510433 11.8745 0)
(0.861721 12.5423 0)
(0.869519 12.1608 0)
(1.35808 12.2085 0)
(1.41908 12.1808 0)
(1.85311 11.316 0)
(2.53524 12.0207 0)
(2.27083 10.5789 0)
(2.76626 10.0301 0)
(2.44077 8.14191 0)
(2.51106 5.18213 0)
(-0.286414 4.28036 0)
(1.36338 5.06747 0)
(0.230557 6.78944 0)
(0.107642 9.90882 0)
(0.080576 11.0686 0)
(0.0537499 11.4597 0)
(-0.0786836 11.1629 0)
(-0.0422231 11.1921 0)
(0.177344 11.103 0)
(0.685791 11.8896 0)
(0.911532 11.7932 0)
(1.42191 12.3537 0)
(1.2488 11.9066 0)
(1.65195 11.5469 0)
(2.03657 11.4838 0)
(2.18718 11.0934 0)
(2.76957 11.0715 0)
(2.4871 9.0891 0)
(2.3541 8.44297 0)
(1.07768 8.49026 0)
(2.48092 6.48825 0)
(-0.866749 0.495995 0)
(0.308284 6.5786 0)
(0.153465 10.0135 0)
(0.0815874 11.0655 0)
(0.141599 11.5208 0)
(-0.0616418 11.2983 0)
(-0.0127583 10.946 0)
(0.0923103 11.1218 0)
(0.44399 11.0239 0)
(1.05263 11.8664 0)
(1.15006 11.8124 0)
(1.47078 11.9761 0)
(1.60712 11.4528 0)
(1.55906 10.651 0)
(2.27459 11.4036 0)
(2.08132 10.1382 0)
(2.32416 10.3188 0)
(1.67013 9.24752 0)
(2.79844 5.94733 0)
(-0.585345 5.66904 0)
(2.40379 7.25743 0)
(0.247683 6.33059 0)
(0.155288 10.2199 0)
(0.0947921 11.09 0)
(0.134771 11.644 0)
(0.0378292 11.3312 0)
(0.0196119 11.079 0)
(0.119671 10.5978 0)
(0.635867 10.9182 0)
(0.842235 11.0887 0)
(1.46497 11.8995 0)
(1.5879 11.5035 0)
(1.43826 11.4575 0)
(1.7788 10.801 0)
(1.90002 10.539 0)
(2.10447 11.1604 0)
(1.66317 9.63292 0)
(2.11465 8.69006 0)
(-0.334589 9.75996 0)
(1.99896 7.42507 0)
(-1.98017 1.46198 0)
(-0.00526303 6.14322 0)
(0.283396 10.3023 0)
(0.131318 11.0393 0)
(0.321158 11.6712 0)
(0.261937 11.3652 0)
(0.340898 10.9438 0)
(0.684525 10.4783 0)
(0.774043 10.306 0)
(1.41156 10.9822 0)
(1.60185 11.0214 0)
(1.83269 12.0485 0)
(1.89826 11.2289 0)
(1.73388 10.2684 0)
(2.0572 11.1125 0)
(2.12961 10.3762 0)
(2.56102 10.3095 0)
(1.12378 10.2623 0)
(2.68585 7.1489 0)
(-0.132643 6.09511 0)
(3.06081 8.25348 0)
(-0.111635 5.99346 0)
(0.436847 10.1274 0)
(0.307202 10.9707 0)
(0.607715 11.5295 0)
(0.762973 11.3394 0)
(0.923645 10.6429 0)
(1.2148 10.2376 0)
(1.47617 10.1444 0)
(1.60694 10.1815 0)
(1.97122 11.6096 0)
(2.01939 11.1859 0)
(2.16336 11.4743 0)
(1.90107 10.6757 0)
(2.39425 9.98395 0)
(2.62033 10.8149 0)
(2.30926 10.5521 0)
(2.30792 9.71907 0)
(0.946623 10.1907 0)
(1.9234 8.87926 0)
(-2.02698 3.30874 0)
(-0.104761 5.7794 0)
(0.487316 9.94687 0)
(0.346859 10.7372 0)
(0.850816 11.3461 0)
(1.05565 10.8929 0)
(1.44584 10.6413 0)
(1.61923 9.89012 0)
(1.6943 9.80318 0)
(1.89097 10.7277 0)
(1.78108 10.3607 0)
(2.12206 12.0153 0)
(1.89507 11.3177 0)
(2.22835 9.92501 0)
(2.04529 10.4823 0)
(2.41607 10.6378 0)
(2.48939 10.4383 0)
(2.64628 10.639 0)
(2.22273 8.4253 0)
(0.035167 7.20603 0)
(3.61907 9.07089 0)
(-0.374369 5.63453 0)
(0.400646 9.796 0)
(0.44839 10.5482 0)
(0.921833 10.8297 0)
(1.33062 10.8019 0)
(1.4077 10.0026 0)
(1.89498 9.98656 0)
(1.63379 10.014 0)
(1.65529 9.73338 0)
(1.8288 11.7378 0)
(1.41688 10.9725 0)
(1.91785 11.133 0)
(1.44378 10.5761 0)
(1.7592 9.82137 0)
(1.71804 10.1489 0)
(2.40246 10.491 0)
(1.66688 10.7693 0)
(1.82027 11.6674 0)
(2.16748 9.77502 0)
(-1.95111 5.5833 0)
(-0.686855 5.8345 0)
(0.256427 9.2742 0)
(0.443147 10.1247 0)
(1.31155 10.6482 0)
(1.07723 10.1602 0)
(1.946 10.2992 0)
(1.26222 9.61919 0)
(1.75401 9.85918 0)
(1.34313 10.9192 0)
(1.18179 10.3561 0)
(1.26071 11.9371 0)
(1.33162 11.3953 0)
(1.173 9.95522 0)
(1.00474 10.1222 0)
(1.38627 10.339 0)
(0.860371 10.2271 0)
(1.83457 10.9981 0)
(1.85198 8.65742 0)
(0.465225 9.00137 0)
(3.18377 10.569 0)
(0.0496603 6.1051 0)
(0.296211 8.59733 0)
(0.571881 9.62716 0)
(0.930799 9.97834 0)
(1.53346 10.4958 0)
(0.892339 9.54751 0)
(1.71392 10.304 0)
(0.758866 10.0494 0)
(1.04797 10.0485 0)
(0.823049 11.9652 0)
(1.01056 11.035 0)
(0.811985 10.9262 0)
(1.11235 10.9289 0)
(0.935694 9.8534 0)
(0.637017 10.0875 0)
(1.1915 10.022 0)
(0.869058 10.2104 0)
(1.10532 11.8322 0)
(1.36329 11.2833 0)
(-2.09494 7.53132 0)
(1.31837 5.36394 0)
(0.861361 8.29716 0)
(0.545664 9.4301 0)
(1.01741 9.94898 0)
(0.3603 9.71114 0)
(1.69595 10.714 0)
(0.24217 9.40259 0)
(1.38502 10.671 0)
(0.48432 10.9831 0)
(1.04228 10.505 0)
(0.739762 11.5886 0)
(1.52789 11.6359 0)
(1.15105 9.91429 0)
(1.17383 10.4846 0)
(1.31768 9.92753 0)
(1.50204 10.0893 0)
(1.28624 11.1748 0)
(1.84923 9.02827 0)
(-0.270746 9.24085 0)
(4.96328 11.289 0)
(1.22983 3.76204 0)
(1.38091 8.76349 0)
(1.18906 9.89423 0)
(0.769946 9.53654 0)
(1.67363 10.4484 0)
(0.780545 8.93602 0)
(2.07608 11.1561 0)
(0.843004 9.63907 0)
(1.59525 10.349 0)
(1.14322 11.5852 0)
(1.75319 10.8196 0)
(1.47055 10.3204 0)
(2.01141 11.1482 0)
(1.84076 9.45922 0)
(2.1788 10.3168 0)
(2.2592 9.97366 0)
(2.02769 9.84576 0)
(2.78833 12.4235 0)
(2.18391 12.1938 0)
(-2.12299 11.1624 0)
(-0.0509549 2.49083 0)
(1.91124 9.08904 0)
(1.52102 9.96138 0)
(2.07319 9.87328 0)
(1.74747 9.10799 0)
(3.22317 11.1509 0)
(1.7731 8.72247 0)
(2.96711 11.2732 0)
(2.10905 10.9703 0)
(2.31389 10.2051 0)
(2.40648 11.3297 0)
(2.65502 11.2012 0)
(2.53303 9.65693 0)
(3.1541 10.5524 0)
(2.72594 8.97148 0)
(3.37844 9.38945 0)
(4.32756 11.2851 0)
(3.29396 9.59504 0)
(3.00018 10.5064 0)
(4.61219 12.1473 0)
(-0.959238 1.88332 0)
(1.6741 8.33296 0)
(1.68544 9.52326 0)
(2.32333 9.09369 0)
(3.3271 10.2339 0)
(2.87366 8.30692 0)
(3.99756 11.6704 0)
(3.34744 9.77938 0)
(3.49809 10.4972 0)
(4.15852 12.0341 0)
(3.42843 10.4435 0)
(4.67364 10.7286 0)
(4.63993 10.7865 0)
(4.88727 8.97721 0)
(5.91072 10.4719 0)
(5.93562 9.77073 0)
(4.43969 8.60309 0)
(8.73116 13.0778 0)
(3.66623 13.212 0)
(2.88009 18.4946 0)
(-1.22721 1.81318 0)
(0.905322 6.92151 0)
(1.13314 8.37762 0)
(2.6281 8.89923 0)
(3.01763 8.23914 0)
(4.06928 10.6182 0)
(4.03465 8.4935 0)
(4.72574 10.9346 0)
(5.62185 11.0501 0)
(4.87094 9.65633 0)
(7.08917 11.4451 0)
(6.09456 9.44309 0)
(7.83628 9.65282 0)
(8.22593 9.76748 0)
(8.04245 7.38839 0)
(10.2773 9.32025 0)
(10.0943 9.70129 0)
(8.92643 9.26093 0)
(15.4526 11.5651 0)
(6.29272 16.3934 0)
(-1.06033 2.18259 0)
(0.435372 5.84532 0)
(0.947775 7.34668 0)
(2.83817 7.52273 0)
(3.45541 8.55873 0)
(4.68846 7.70236 0)
(5.24994 10.1072 0)
(6.63691 9.33673 0)
(6.6557 9.62155 0)
(8.62162 11.1752 0)
(8.11405 8.98974 0)
(10.6533 11.1931 0)
(9.32393 8.35497 0)
(11.9275 8.81989 0)
(11.9643 9.08074 0)
(10.5577 9.06 0)
(15.4046 7.5745 0)
(10.1313 13.3597 0)
(20.2652 8.98015 0)
(15.59 16.8653 0)
(-0.559703 2.47393 0)
(0.884863 4.53991 0)
(1.91044 6.16649 0)
(3.17495 6.28664 0)
(4.5561 6.59313 0)
(4.94342 7.61181 0)
(7.00182 7.65223 0)
(7.49681 8.41625 0)
(8.94226 9.05453 0)
(10.7581 8.37912 0)
(10.7664 9.1988 0)
(12.7517 7.89593 0)
(14.4021 8.27031 0)
(13.1848 9.0659 0)
(17.7287 5.4846 0)
(13.5951 10.5086 0)
(20.1341 4.89392 0)
(14.0154 9.24772 0)
(20.1325 7.63589 0)
(18.8316 10.2684 0)
(0.415771 1.92705 0)
(1.80014 2.91469 0)
(2.86696 5.19217 0)
(4.548 5.18105 0)
(4.60746 5.59332 0)
(7.09429 6.48328 0)
(6.51872 5.92934 0)
(9.17187 8.37918 0)
(10.4501 5.97823 0)
(9.62344 9.97142 0)
(15.9638 5.44777 0)
(10.9085 10.8041 0)
(19.226 3.22516 0)
(13.3975 9.33501 0)
(22.5557 5.77282 0)
(13.5589 7.78841 0)
(23.2357 9.47695 0)
(17.1005 8.42916 0)
(22.4206 10.0347 0)
(22.3945 9.11748 0)
(1.29812 0.758198 0)
(2.72046 1.82922 0)
(4.55733 4.06582 0)
(5.88953 4.50229 0)
(7.40293 4.94331 0)
(7.67946 5.30757 0)
(10.6357 5.32895 0)
(8.73923 6.15154 0)
(14.1852 4.70071 0)
(11.0875 8.37631 0)
(15.7603 1.39296 0)
(13.9553 11.2709 0)
(17.5902 0.854915 0)
(13.6724 8.14594 0)
(22.4776 5.26462 0)
(15.0815 5.37046 0)
(22.3719 5.89561 0)
(19.2682 4.58486 0)
(19.3186 5.15431 0)
(21.6947 6.84236 0)
(1.14002 -2.28511 0)
(3.48119 -0.703959 0)
(5.84114 1.48047 0)
(7.37642 2.24975 0)
(9.22107 2.97221 0)
(9.68189 3.86557 0)
(11.6473 3.14355 0)
(11.4856 6.56453 0)
(12.1539 1.09649 0)
(14.1491 10.8763 0)
(11.1894 -1.33962 0)
(15.5566 10.5241 0)
(13.8664 1.01994 0)
(11.4202 5.40757 0)
(18.6872 6.67725 0)
(12.3485 5.31108 0)
(18.9709 8.89707 0)
(22.4774 10.51 0)
(16.8303 5.24679 0)
(19.3114 3.5372 0)
(0.35006 -5.16407 0)
(2.48478 -3.16599 0)
(4.0228 -0.631664 0)
(5.31986 1.25952 0)
(6.36461 2.54437 0)
(8.68209 3.15305 0)
(6.05003 2.78634 0)
(13.1169 6.59389 0)
(5.72518 0.533535 0)
(16.5323 10.3955 0)
(6.79523 -0.653221 0)
(15.2728 12.9041 0)
(8.64866 1.33195 0)
(11.5507 8.32163 0)
(17.4705 3.60617 0)
(9.28408 -0.705178 0)
(13.8786 1.24752 0)
(18.6441 5.69123 0)
(17.7367 6.99929 0)
(18.7784 4.64853 0)
(-0.790238 -4.8511 0)
(-0.216158 -3.39698 0)
(0.0644205 -1.21181 0)
(1.0363 0.263411 0)
(2.24024 1.43297 0)
(3.9176 2.27825 0)
(2.47968 2.95574 0)
(8.77415 1.9862 0)
(3.23807 2.39753 0)
(13.4977 10.8552 0)
(2.60783 -4.35218 0)
(18.3405 11.3947 0)
(7.17792 -1.46735 0)
(6.06921 0.835307 0)
(15.2158 7.13562 0)
(10.3296 7.77832 0)
(13.1213 3.09238 0)
(14.6838 5.03388 0)
(16.5374 5.77723 0)
(17.2314 1.93278 0)
(-1.41854 -4.75789 0)
(-2.7339 -3.85037 0)
(-3.64341 -1.79626 0)
(-3.07596 -0.7548 0)
(-2.56482 0.435056 0)
(-1.24334 1.12347 0)
(-2.21117 1.01911 0)
(4.07724 2.05168 0)
(-4.40772 0.337617 0)
(13.8075 4.28375 0)
(-0.257745 -2.71842 0)
(12.9421 11.6619 0)
(15.0442 10.5884 0)
(10.4151 2.61977 0)
(14.5972 0.132765 0)
(12.7875 -0.888052 0)
(14.2868 -1.91526 0)
(13.8512 0.997924 0)
(15.5791 3.05623 0)
(17.6691 1.47931 0)
(-1.75079 0.0784437 0)
(-4.24862 -0.339021 0)
(-6.52786 -0.687379 0)
(-6.78609 -0.0765977 0)
(-7.11357 -0.338995 0)
(-6.79965 0.123534 0)
(-6.15016 -0.479482 0)
(-4.55831 0.616384 0)
(-7.09574 -1.78256 0)
(-0.0238624 0.821335 0)
(-9.70991 0.805978 0)
(4.47112 3.06129 0)
(-0.31912 -2.8841 0)
(8.19611 4.14773 0)
(9.37873 5.21176 0)
(10.272 5.88236 0)
(13.4407 5.06637 0)
(15.4339 3.60956 0)
(17.479 2.21218 0)
(19.3327 0.141314 0)
(20.147 19.9601 0)
(-10.3808 -5.92704 0)
(5.7201 -3.58032 0)
(-3.0292 2.1822 0)
(3.80385 5.56981 0)
(-6.40494 -2.01271 0)
(3.74048 -1.35174 0)
(-1.91927 1.84182 0)
(4.47462 3.07195 0)
(-2.45462 3.31723 0)
(0.044957 2.30255 0)
(-5.32987 1.0343 0)
(-4.0159 0.0362765 0)
(-7.93822 -0.551226 0)
(-8.48262 -0.663764 0)
(-12.8278 -0.320721 0)
(-15.3804 0.276216 0)
(-20.0715 0.808513 0)
(-22.9002 1.0411 0)
(-26.6941 1.00025 0)
(-28.5217 0.765968 0)
(-30.8471 0.501088 0)
(-31.3123 0.234462 0)
(-32.4037 0.0769538 0)
(-31.914 -0.00739537 0)
(-32.3642 -0.0732169 0)
(-31.5223 -0.135591 0)
(-31.7497 -0.168284 0)
(-30.5646 -0.226402 0)
(-30.7117 -0.263613 0)
(-29.5124 -0.307361 0)
(-29.6266 -0.373481 0)
(-28.2649 -0.472351 0)
(-28.2875 -0.548688 0)
(-26.583 -0.695662 0)
(-26.4208 -0.833254 0)
(-24.3079 -0.871315 0)
(-22.7738 -1.21407 0)
(-19.6148 -1.3255 0)
(-18.1395 -1.46475 0)
(-12.0861 -1.86556 0)
(-11.7791 -1.98533 0)
(-3.4155 -2.52251 0)
(-2.19551 -1.21391 0)
(2.94383 -1.62439 0)
(5.8074 -1.32765 0)
(8.62016 -1.09734 0)
(10.9427 -0.921947 0)
(12.7587 -0.783503 0)
(14.294 -0.700458 0)
(15.5881 -0.640671 0)
(16.8175 -0.641519 0)
(17.7533 -0.473641 0)
(18.1751 0.136941 0)
(17.5391 1.05703 0)
(16.0308 1.31111 0)
(14.2603 1.0175 0)
(12.5774 0.947592 0)
(10.7105 1.19478 0)
(8.4432 1.29239 0)
(6.01999 1.14515 0)
(3.70902 0.931017 0)
(1.84691 0.71934 0)
(0.367943 0.45811 0)
(-0.28736 0.254807 0)
(-0.604217 -0.00598774 0)
(-0.233107 -0.172748 0)
(0.407192 -0.319816 0)
(1.40058 -0.468216 0)
(2.65352 -0.426358 0)
(3.73221 -0.510501 0)
(5.34228 -0.399486 0)
(5.97482 -0.353274 0)
(7.55988 -0.298321 0)
(7.68476 -0.266088 0)
(9.02767 -0.288919 0)
(8.85355 -0.306604 0)
(10.0547 -0.31023 0)
(9.81587 -0.366684 0)
(11.0134 -0.440671 0)
(20.8368 11.6424 0)
(22.2212 14.9991 0)
(12.9326 1.45678 0)
(1.03733 -2.793 0)
(1.40855 -0.793811 0)
(1.50825 0.202417 0)
(-1.87672 -2.12298 0)
(1.7968 -3.402 0)
(8.47899 -1.69352 0)
(10.7383 0.610819 0)
(13.1162 0.987894 0)
(10.4961 1.64536 0)
(9.57668 2.53135 0)
(5.53737 4.07074 0)
(2.0039 5.92575 0)
(-3.66583 7.35719 0)
(-8.07047 7.86964 0)
(-13.0423 7.49891 0)
(-16.1631 6.56655 0)
(-19.3336 5.33506 0)
(-20.9409 4.04161 0)
(-22.3311 2.77466 0)
(-22.4965 1.64425 0)
(-22.8398 0.774042 0)
(-22.3391 0.15415 0)
(-22.4509 -0.302851 0)
(-21.6667 -0.567535 0)
(-21.6323 -0.777021 0)
(-20.4377 -0.790729 0)
(-20.2829 -0.98758 0)
(-19.1337 -1.02919 0)
(-19.2124 -1.0725 0)
(-17.9772 -1.03927 0)
(-17.5523 -1.39057 0)
(-16.6213 -1.32879 0)
(-15.3259 -1.96926 0)
(-15.0116 -2.68169 0)
(-11.9628 -3.71852 0)
(-9.91288 -4.72604 0)
(-7.02832 -5.07173 0)
(-3.52077 -6.10505 0)
(0.813094 -6.29703 0)
(4.74035 -6.3823 0)
(8.6947 -5.62089 0)
(13.052 -5.23292 0)
(16.3128 -4.43352 0)
(19.4253 -3.55067 0)
(21.5151 -2.63698 0)
(23.5334 -2.02314 0)
(24.7711 -1.66364 0)
(26.0455 -1.37568 0)
(26.917 -1.02437 0)
(27.4666 -0.632287 0)
(27.1849 0.244239 0)
(26.4661 1.59682 0)
(25.1487 2.52176 0)
(22.8852 2.81472 0)
(19.5892 2.87122 0)
(16.5468 3.00355 0)
(14.0271 3.15887 0)
(11.8575 3.29022 0)
(9.71853 3.0165 0)
(8.00508 2.41183 0)
(6.75686 1.58727 0)
(5.96764 0.616831 0)
(6.22935 -0.11123 0)
(6.09786 -0.923462 0)
(7.59464 -1.38923 0)
(7.87315 -1.78377 0)
(9.97693 -1.99034 0)
(10.5494 -1.98021 0)
(12.7015 -1.90615 0)
(13.2763 -1.65846 0)
(15.1254 -1.39381 0)
(15.4283 -1.10399 0)
(16.9268 -0.90511 0)
(16.8988 -0.693457 0)
(18.1087 -0.721674 0)
(17.9853 -0.625931 0)
(19.0531 -0.81789 0)
(20.5341 9.08827 0)
(23.5804 11.2128 0)
(22.6014 7.70258 0)
(25.3473 10.1654 0)
(18.1288 8.14029 0)
(13.0157 3.24722 0)
(10.513 -2.22268 0)
(6.30829 -11.4307 0)
(3.30647 -9.66404 0)
(7.48784 -0.715516 0)
(8.56831 3.35932 0)
(7.46163 5.40579 0)
(4.91003 5.99148 0)
(2.51437 6.92925 0)
(-0.11934 7.38974 0)
(-2.92562 7.36892 0)
(-5.01085 6.74576 0)
(-7.09865 5.86207 0)
(-7.77848 4.71159 0)
(-9.00347 3.58239 0)
(-8.41902 2.32703 0)
(-9.15482 1.08769 0)
(-8.00761 -0.0160618 0)
(-8.80901 -0.621112 0)
(-7.81391 -0.875241 0)
(-7.79744 -1.15399 0)
(-7.0738 -1.34162 0)
(-6.58818 -1.61638 0)
(-5.93162 -1.66232 0)
(-6.36906 -1.63294 0)
(-4.5702 -1.72373 0)
(-4.48996 -1.72993 0)
(-5.64287 -1.57864 0)
(-2.80728 -2.17907 0)
(-3.6048 -2.70053 0)
(-2.85581 -2.95763 0)
(-1.81177 -4.09162 0)
(0.177619 -6.13375 0)
(1.40389 -7.41235 0)
(4.26153 -9.03921 0)
(7.43882 -10.3043 0)
(10.8475 -11.301 0)
(14.4081 -11.4146 0)
(17.9755 -10.5143 0)
(21.4563 -9.48947 0)
(24.596 -8.23416 0)
(27.4165 -6.73776 0)
(29.419 -5.25588 0)
(31.2188 -4.05904 0)
(32.3793 -3.28383 0)
(33.6532 -2.78315 0)
(34.3939 -1.99211 0)
(35.1752 -0.933717 0)
(35.739 0.459675 0)
(36.1492 2.67489 0)
(34.8579 4.98777 0)
(32.2191 6.02567 0)
(28.7513 6.07541 0)
(25.351 5.9955 0)
(21.9941 6.00777 0)
(18.8666 5.60699 0)
(16.6395 4.89377 0)
(14.4887 3.64644 0)
(13.9872 2.25337 0)
(12.8687 0.836967 0)
(13.6082 -0.542599 0)
(13.3992 -1.59408 0)
(14.8921 -2.47188 0)
(15.3041 -2.9864 0)
(17.0058 -3.2876 0)
(17.6278 -3.30105 0)
(19.288 -3.10844 0)
(19.8045 -2.7674 0)
(21.2559 -2.39746 0)
(21.4519 -1.97676 0)
(22.6207 -1.72798 0)
(22.5098 -1.40166 0)
(23.4169 -1.38718 0)
(23.2603 -1.22185 0)
(24.0214 -1.3681 0)
(24.4238 7.95228 0)
(24.7692 8.06343 0)
(26.8415 8.48641 0)
(25.7532 5.39076 0)
(28.779 8.02751 0)
(23.4381 7.0759 0)
(25.4882 4.47461 0)
(25.8756 8.98428 0)
(3.31311 0.246468 0)
(-1.03483 -0.921925 0)
(-3.84519 1.81198 0)
(-2.36583 4.761 0)
(-0.0543922 6.48909 0)
(1.2393 8.54423 0)
(4.06785 10.0855 0)
(5.36641 11.1859 0)
(7.57667 11.925 0)
(8.64277 11.8132 0)
(10.1159 10.8693 0)
(10.4011 9.35472 0)
(10.9922 7.34414 0)
(11.3275 4.90921 0)
(10.587 2.55616 0)
(10.2544 0.879563 0)
(9.77294 -0.0549581 0)
(9.89575 -0.489282 0)
(9.93053 -0.923824 0)
(10.2935 -0.888007 0)
(10.3167 -1.13483 0)
(10.4138 -1.2522 0)
(10.1755 -1.67398 0)
(10.5821 -1.84602 0)
(10.238 -1.98692 0)
(10.6694 -2.53534 0)
(11.1136 -2.77904 0)
(11.4418 -3.59508 0)
(12.1378 -5.28731 0)
(13.3645 -6.87029 0)
(14.8079 -9.31458 0)
(16.6793 -11.6859 0)
(18.7731 -13.5176 0)
(21.1947 -14.7475 0)
(23.7055 -15.2089 0)
(26.1857 -14.3221 0)
(28.2771 -12.9919 0)
(30.2288 -11.2917 0)
(32.1355 -9.3495 0)
(33.3073 -7.22599 0)
(34.2904 -5.75792 0)
(34.8668 -4.7355 0)
(35.6091 -4.20958 0)
(36.3152 -3.61595 0)
(37.3009 -2.44273 0)
(38.2716 -0.389064 0)
(39.366 2.10337 0)
(39.3885 5.17859 0)
(38.148 8.09113 0)
(35.7214 9.88246 0)
(32.2066 9.9769 0)
(29.1353 9.20678 0)
(26.2081 8.19604 0)
(24.9488 6.89285 0)
(23.2831 5.14794 0)
(23.0562 3.0519 0)
(22.1363 1.11466 0)
(22.5371 -0.732408 0)
(22.5449 -2.20198 0)
(23.6075 -3.30821 0)
(24.1106 -4.05123 0)
(25.3143 -4.42091 0)
(25.8485 -4.4509 0)
(26.9265 -4.15646 0)
(27.213 -3.61532 0)
(27.9789 -3.02494 0)
(27.9452 -2.35404 0)
(28.3738 -1.94012 0)
(28.1527 -1.51767 0)
(28.3331 -1.50983 0)
(28.1771 -1.39859 0)
(28.2443 -1.64316 0)
(25.2274 8.70404 0)
(24.9058 7.22737 0)
(28.8586 9.03004 0)
(27.318 7.11904 0)
(31.5467 6.66457 0)
(29.3791 8.16826 0)
(31.324 6.11805 0)
(29.5905 5.54613 0)
(28.5435 7.18357 0)
(26.0942 6.83084 0)
(24.2968 5.32379 0)
(18.9917 3.60285 0)
(16.7212 3.17777 0)
(14.1932 4.37209 0)
(14.7625 5.62625 0)
(13.84 6.01376 0)
(15.382 5.91102 0)
(16.1889 5.32582 0)
(18.19 4.35092 0)
(18.9923 3.25853 0)
(20.6799 2.10869 0)
(21.4412 0.912592 0)
(22.139 -0.0101153 0)
(21.9088 -0.558799 0)
(21.8964 -1.54874 0)
(21.8294 -2.09656 0)
(22.0821 -2.54816 0)
(22.1775 -2.70358 0)
(23.4449 -2.83237 0)
(22.7906 -2.47161 0)
(24.5069 -2.4694 0)
(23.8215 -2.22616 0)
(24.4103 -2.01149 0)
(24.4902 -2.46897 0)
(24.2418 -2.74154 0)
(24.6222 -3.46164 0)
(24.7182 -5.052 0)
(25.8759 -7.21845 0)
(26.5344 -9.64233 0)
(27.8054 -12.431 0)
(29.0652 -14.7316 0)
(30.1325 -16.2204 0)
(31.0009 -16.6623 0)
(32.0221 -15.7566 0)
(31.952 -14.2222 0)
(32.4789 -12.1762 0)
(32.797 -10.1517 0)
(32.8663 -7.66616 0)
(32.012 -5.68206 0)
(31.4161 -4.47365 0)
(30.7283 -4.02449 0)
(31.023 -3.7458 0)
(32.1795 -3.14857 0)
(34.0574 -1.32655 0)
(35.9061 1.26777 0)
(37.6744 4.53861 0)
(38.3042 8.0965 0)
(38.3379 11.0562 0)
(36.7241 12.4914 0)
(35.3215 12.4027 0)
(33.1928 11.263 0)
(32.198 9.21506 0)
(30.8153 6.71525 0)
(30.5848 4.04339 0)
(30.0429 1.55066 0)
(30.3011 -0.612004 0)
(30.3971 -2.36056 0)
(31.033 -3.67376 0)
(31.4003 -4.54394 0)
(31.9444 -4.9892 0)
(32.2803 -4.97392 0)
(32.6356 -4.67694 0)
(32.8645 -3.9989 0)
(32.959 -3.38899 0)
(33.0613 -2.53135 0)
(32.9069 -2.08685 0)
(32.8993 -1.42077 0)
(32.4973 -1.34497 0)
(32.4577 -1.02761 0)
(31.9288 -1.22972 0)
(22.5937 5.46016 0)
(21.3188 3.70283 0)
(25.3662 4.7965 0)
(25.0034 5.66355 0)
(29.2325 4.69352 0)
(29.3055 6.35409 0)
(31.7428 6.11775 0)
(31.9683 6.3266 0)
(33.6575 7.5463 0)
(33.3466 7.9559 0)
(33.5079 7.83198 0)
(32.5412 7.67854 0)
(32.4541 7.71579 0)
(31.8815 8.0444 0)
(31.8981 8.23334 0)
(31.9439 7.99817 0)
(32.4189 7.6739 0)
(33.2955 7.00275 0)
(33.9027 5.9237 0)
(35.3989 4.84031 0)
(35.5765 3.80262 0)
(37.2889 2.75396 0)
(36.8252 1.94044 0)
(37.7896 1.05494 0)
(37.047 0.388815 0)
(37.2415 -0.225185 0)
(37.277 -0.777927 0)
(36.5666 -0.8272 0)
(36.6172 -1.25915 0)
(35.0445 -1.18017 0)
(34.8994 -1.40817 0)
(33.398 -1.48033 0)
(32.9796 -1.71445 0)
(32.624 -2.08745 0)
(32.4065 -2.80075 0)
(33.4958 -3.81971 0)
(33.7154 -5.47557 0)
(35.1982 -7.88833 0)
(35.6271 -10.2357 0)
(35.9732 -12.9824 0)
(35.8441 -14.8599 0)
(34.7591 -15.9068 0)
(33.9884 -15.8331 0)
(32.3595 -14.3484 0)
(30.0869 -12.8158 0)
(29.0081 -10.5053 0)
(27.1857 -8.56049 0)
(25.9593 -6.48898 0)
(21.7976 -3.43778 0)
(18.5521 -1.25101 0)
(16.8053 -2.19521 0)
(18.467 -3.59313 0)
(20.7476 -4.11068 0)
(23.8478 -2.96248 0)
(26.2833 -0.345566 0)
(29.1248 3.23717 0)
(31.1845 7.20239 0)
(33.3042 10.617 0)
(34.0954 12.8573 0)
(34.9415 13.3503 0)
(34.7616 12.4033 0)
(34.9098 10.1744 0)
(34.7549 7.41292 0)
(34.9701 4.42401 0)
(34.9722 1.63525 0)
(35.0862 -0.827401 0)
(35.0784 -2.63468 0)
(35.015 -4.06531 0)
(34.866 -4.92328 0)
(34.5377 -5.40975 0)
(34.2683 -5.28565 0)
(33.7735 -4.91111 0)
(33.4814 -4.08119 0)
(32.8626 -3.32185 0)
(32.5934 -2.36363 0)
(31.9679 -1.80017 0)
(31.7468 -1.18657 0)
(31.2543 -1.09073 0)
(31.1444 -0.900205 0)
(30.8652 -1.11925 0)
(21.0031 5.5292 0)
(19.8651 4.31302 0)
(22.2956 3.27565 0)
(22.4645 3.802 0)
(25.0223 3.00486 0)
(26.5401 3.54516 0)
(29.0926 4.18446 0)
(31.1339 5.04628 0)
(33.4989 5.68162 0)
(34.9764 6.06794 0)
(36.3176 6.33995 0)
(37.3294 6.40252 0)
(38.6176 6.39112 0)
(39.7612 6.39996 0)
(40.7549 6.25281 0)
(41.95 6.04841 0)
(42.9252 5.69125 0)
(44.3042 5.00358 0)
(44.8747 4.25435 0)
(46.4674 3.04533 0)
(46.768 2.30411 0)
(47.9682 1.21571 0)
(47.832 0.494668 0)
(48.0036 -0.333164 0)
(47.7996 -1.02489 0)
(47.2542 -1.41621 0)
(47.621 -1.94695 0)
(46.6986 -1.97503 0)
(47.0852 -2.06803 0)
(46.1225 -1.77377 0)
(46.4289 -1.7044 0)
(45.8094 -1.41419 0)
(45.6164 -1.70892 0)
(45.6569 -1.94296 0)
(45.1831 -2.75393 0)
(45.6998 -4.01964 0)
(44.9797 -5.44805 0)
(45.0047 -7.84295 0)
(43.6933 -9.72993 0)
(41.9193 -12.0909 0)
(39.3552 -13.2994 0)
(35.9281 -13.5713 0)
(33.1204 -12.9477 0)
(28.1137 -10.3675 0)
(25.0894 -9.20166 0)
(23.0824 -7.3919 0)
(16.1969 -2.63544 0)
(11.6846 0.0533628 0)
(9.90898 -0.619494 0)
(11.6508 -2.72259 0)
(12.6438 -5.93326 0)
(15.4099 -7.4707 0)
(16.3752 -7.56609 0)
(17.9864 -5.88107 0)
(18.7248 -2.95299 0)
(20.3566 0.966852 0)
(22.0165 5.20302 0)
(24.5571 8.89461 0)
(26.5389 11.4427 0)
(28.6806 12.2546 0)
(30.2305 11.5996 0)
(31.7298 9.75553 0)
(32.8863 7.24386 0)
(33.7028 4.46011 0)
(34.3314 1.74027 0)
(34.4672 -0.562127 0)
(34.356 -2.25421 0)
(33.6388 -3.51207 0)
(32.9459 -4.19627 0)
(31.9441 -4.54226 0)
(31.1006 -4.29765 0)
(30.0902 -3.93498 0)
(29.3109 -3.11388 0)
(28.4643 -2.49808 0)
(27.8665 -1.59651 0)
(27.2083 -1.20444 0)
(26.7362 -0.634984 0)
(26.2446 -0.680994 0)
(25.9441 -0.535215 0)
(25.6843 -0.841898 0)
(19.3315 1.84287 0)
(20.4163 2.86305 0)
(22.1957 2.41062 0)
(21.5005 1.98562 0)
(21.77 1.10549 0)
(22.882 1.1182 0)
(24.8698 2.05164 0)
(27.0829 3.14371 0)
(29.4614 4.23019 0)
(31.8106 4.96167 0)
(34.0619 5.44287 0)
(35.9186 6.13609 0)
(38.3312 6.11665 0)
(40.0226 6.13432 0)
(42.2323 5.92342 0)
(43.8067 5.55768 0)
(45.5739 5.3214 0)
(46.9527 4.56558 0)
(48.1035 3.96348 0)
(49.4844 3.15104 0)
(50.3455 2.34757 0)
(51.2739 1.6861 0)
(51.413 1.0335 0)
(51.5276 0.498045 0)
(51.3361 0.225126 0)
(50.9413 -0.163079 0)
(50.862 -0.160893 0)
(50.2799 -0.481104 0)
(50.2217 -0.449373 0)
(49.4565 -0.287258 0)
(49.3313 -0.570021 0)
(48.7665 -0.252309 0)
(48.3647 -0.910085 0)
(48.2754 -1.0008 0)
(47.4896 -1.8106 0)
(47.3811 -2.96161 0)
(45.8285 -4.00089 0)
(44.5504 -6.1109 0)
(41.8813 -7.58323 0)
(38.509 -9.54845 0)
(34.8252 -10.4315 0)
(30.6918 -10.3302 0)
(26.0579 -8.62251 0)
(21.6825 -6.67192 0)
(19.1063 -5.6405 0)
(18.327 -3.02995 0)
(16.8679 0.501202 0)
(16.9213 1.34799 0)
(18.662 -0.641583 0)
(20.5594 -4.65655 0)
(18.5841 -7.80716 0)
(16.7289 -8.0979 0)
(13.3577 -6.76817 0)
(12.449 -4.69061 0)
(10.4449 -2.464 0)
(10.9852 0.615614 0)
(11.3858 3.4647 0)
(13.7434 6.49227 0)
(15.9339 8.33929 0)
(18.7987 9.22917 0)
(21.3639 8.60353 0)
(23.8539 7.28362 0)
(25.9527 5.01139 0)
(27.239 2.83939 0)
(28.46 0.736767 0)
(28.7284 -0.873733 0)
(28.7601 -2.22088 0)
(27.6701 -2.88977 0)
(26.8626 -3.22411 0)
(25.1182 -3.20752 0)
(23.9926 -2.96183 0)
(22.0608 -2.55915 0)
(21.2471 -1.94649 0)
(19.744 -1.44131 0)
(19.4558 -0.864911 0)
(18.5172 -0.681088 0)
(18.6203 -0.30878 0)
(18.2333 -0.737405 0)
(18.3355 -0.524348 0)
(18.831 -0.78173 0)
(18.6307 0.747422 0)
(19.9247 2.28276 0)
(22.4687 3.08318 0)
(23.6993 3.04835 0)
(23.8783 2.13449 0)
(24.3826 0.912698 0)
(25.2218 0.131071 0)
(25.9648 0.114774 0)
(27.1853 0.429056 0)
(28.7845 0.69888 0)
(30.7231 1.11791 0)
(32.9565 1.60574 0)
(34.7904 1.91034 0)
(37.1248 1.99935 0)
(39.3389 1.98758 0)
(41.1694 1.9777 0)
(43.3599 1.58563 0)
(44.4044 1.65537 0)
(46.2853 1.11978 0)
(47.1969 1.15588 0)
(48.5949 0.602311 0)
(49.3539 0.242624 0)
(49.7866 0.0998666 0)
(50.0742 -0.400043 0)
(49.9009 -0.150849 0)
(49.8016 -0.657721 0)
(49.5768 -0.492479 0)
(49.2568 -0.811168 0)
(49.2814 -0.943583 0)
(48.7416 -0.760471 0)
(48.6228 -1.09108 0)
(48.1545 -0.896782 0)
(47.5864 -1.28923 0)
(47.3973 -1.63039 0)
(46.1916 -2.08096 0)
(45.6495 -3.15976 0)
(43.6404 -4.04024 0)
(41.4039 -5.37479 0)
(38.5037 -6.61058 0)
(34.0951 -7.53783 0)
(31.4083 -8.35608 0)
(26.4767 -8.23718 0)
(23.0887 -6.71277 0)
(20.8996 -6.72786 0)
(19.8665 -7.44634 0)
(21.7577 -6.33593 0)
(22.597 -3.8487 0)
(23.3737 -4.11245 0)
(23.3064 -3.94952 0)
(19.2818 -0.20117 0)
(11.7591 1.20228 0)
(6.65467 -0.665243 0)
(2.84372 -2.06754 0)
(1.39416 -1.86908 0)
(-0.78835 -0.984072 0)
(0.0257289 0.722093 0)
(-0.162375 2.32641 0)
(2.92176 4.20798 0)
(4.8981 5.05964 0)
(8.58271 5.63212 0)
(11.8766 5.13623 0)
(15.3723 4.16609 0)
(18.3063 2.76262 0)
(20.5928 1.33731 0)
(22.0312 -0.0411447 0)
(22.4511 -1.27843 0)
(22.1376 -2.02113 0)
(20.8873 -2.04385 0)
(19.3158 -1.84181 0)
(17.2135 -1.32631 0)
(15.8373 -1.28229 0)
(13.6925 -0.822687 0)
(13.4543 -0.816071 0)
(11.5716 -0.437852 0)
(11.9866 -0.448918 0)
(10.6704 -0.219387 0)
(11.7773 -0.446871 0)
(10.0663 -0.930726 0)
(11.674 -1.00911 0)
(11.3989 -1.51631 0)
(19.3899 -0.632709 0)
(19.6309 -0.153283 0)
(21.1383 -0.0310389 0)
(22.8677 0.0825434 0)
(23.4829 0.304597 0)
(24.4454 0.626983 0)
(25.406 1.02893 0)
(26.1323 1.32816 0)
(26.5441 1.49333 0)
(27.6798 1.56275 0)
(29.1424 1.4629 0)
(30.8644 1.60906 0)
(32.4589 1.47614 0)
(34.235 1.49701 0)
(35.9972 1.545 0)
(37.5397 1.13584 0)
(39.1119 1.26428 0)
(40.4743 0.812394 0)
(41.4579 1.01803 0)
(42.7054 0.765432 0)
(43.2308 0.616491 0)
(44.3369 0.584824 0)
(44.5027 0.181641 0)
(44.8015 0.523674 0)
(44.7219 0.0664179 0)
(44.2798 0.424076 0)
(44.336 0.0820168 0)
(43.9282 0.169213 0)
(44.1334 0.255084 0)
(43.8395 0.032183 0)
(43.5211 0.479409 0)
(43.319 0.0692482 0)
(42.4654 0.379654 0)
(42.2272 0.12037 0)
(40.9404 -0.129053 0)
(39.8163 -0.042682 0)
(37.8867 -0.925611 0)
(35.2058 -0.511053 0)
(31.854 -1.04163 0)
(26.6213 -0.456727 0)
(22.4216 0.0510379 0)
(16.9779 1.41 0)
(15.761 1.19301 0)
(9.47352 -3.85104 0)
(1.49015 -2.77058 0)
(-2.25757 0.801668 0)
(-4.96487 1.9992 0)
(-6.1803 2.89446 0)
(-6.42077 2.60492 0)
(-5.68045 1.37706 0)
(-5.03223 -0.115383 0)
(-4.86352 -1.12477 0)
(-6.31063 -1.31249 0)
(-7.87279 -0.966009 0)
(-9.38898 -0.717701 0)
(-9.28086 -0.0391717 0)
(-9.14683 0.499062 0)
(-6.54191 0.989124 0)
(-4.43664 1.1019 0)
(-0.594764 1.25996 0)
(2.66368 1.00996 0)
(5.8559 0.550825 0)
(7.9427 -0.00101772 0)
(9.09219 -0.490886 0)
(9.08279 -0.55777 0)
(8.61301 -0.330647 0)
(7.45355 -0.0512136 0)
(6.59743 0.0475117 0)
(5.61571 0.106386 0)
(5.12523 0.0104815 0)
(4.33964 -0.0450995 0)
(3.89695 -0.220641 0)
(3.47615 0.182209 0)
(3.26677 -0.626579 0)
(1.9855 -0.0442716 0)
(3.4078 0.477645 0)
(2.29341 -1.67516 0)
(0.795094 -2.04704 0)
(-0.244307 -0.0930235 0)
(-0.634744 1.02136 0)
)
;

boundaryField
{
    inlet
    {
        type            fixedValue;
        value           uniform (10 0 0);
    }
    outlet
    {
        type            zeroGradient;
    }
    walls
    {
        type            fixedValue;
        value           uniform (0 0 0);
    }
    frontAndBack
    {
        type            empty;
    }
}


// ************************************************************************* //
