/*--------------------------------*- C++ -*----------------------------------*\
| =========                 |                                                 |
| \\      /  F ield         | OpenFOAM: The Open Source CFD Toolbox           |
|  \\    /   O peration     | Version:  2306                                  |
|   \\  /    A nd           | Website:  www.openfoam.com                      |
|    \\/     M anipulation  |                                                 |
\*---------------------------------------------------------------------------*/
FoamFile
{
    version     2.0;
    format      ascii;
    arch        "LSB;label=32;scalar=64";
    class       surfaceScalarField;
    location    "0.225";
    object      phi;
}
// * * * * * * * * * * * * * * * * * * * * * * * * * * * * * * * * * * * * * //

dimensions      [0 3 -1 0 0 0 0];

oriented        oriented;

internalField   nonuniform List<scalar> 
8520
(
0.00992782
7.21788e-05
0.00978959
0.000138227
0.00962948
0.000160116
0.00946824
0.000161239
0.00930941
0.000158824
0.00914913
0.000160284
0.00898634
0.000162794
0.00882094
0.000165397
0.00865366
0.000167276
0.00848561
0.000168051
0.00831786
0.000167753
0.00815108
0.000166783
0.00798554
0.00016554
0.00782134
0.000164195
0.0076585
0.000162842
0.0074971
0.000161402
0.00733717
0.000159929
0.00717883
0.000158336
0.00702218
0.000156655
0.00686729
0.000154886
0.00671429
0.000153005
0.0065632
0.000151089
0.00641415
0.000149048
0.00626714
0.00014701
0.00612228
0.00014486
0.00597954
0.000142739
0.00583901
0.000140535
0.00570069
0.000138316
0.00556455
0.000136143
0.0054307
0.000133845
0.00529897
0.000131736
0.00516955
0.000129413
0.00504203
0.000127522
0.00491674
0.000125292
0.00479307
0.000123666
0.00467142
0.000121655
0.00455104
0.00012038
0.00443227
0.000118769
0.0043143
0.000117968
0.00419732
0.000116976
0.00408055
0.000116777
0.00396397
0.000116582
0.00384685
0.000117118
0.00372891
0.000117937
0.00360944
0.000119472
0.0034879
0.00012154
0.00336351
0.00012439
0.00323557
0.000127937
0.00310315
0.000132421
0.00296541
0.000137738
0.00282133
0.000144084
0.0026698
0.000151526
0.00250995
0.000159857
0.0023402
0.000169742
0.00216018
0.000180021
0.00196774
0.000192445
0.00176339
0.000204349
0.00154447
0.000218924
0.00131285
0.000231615
0.00106577
0.000247078
0.000807036
0.000258736
0.000534762
0.000272274
0.000257127
0.000277635
-1.64832e-05
0.00027361
-0.00026341
0.000246927
-0.000476405
0.000212995
-0.000626308
0.000149902
-0.000701066
7.47584e-05
-0.00067203
-2.90359e-05
-0.000542051
-0.000129979
-0.000296474
-0.000245578
-9.00821e-06
-0.000287465
0.000243444
-0.000252452
0.000338562
-9.51184e-05
-6.34765e-05
0.000402039
-0.000549754
0.000486277
-0.000349596
-0.000200158
-1.63836e-05
-0.000333213
1.01479e-05
-2.65315e-05
7.55199e-05
-6.53719e-05
0.0100356
3.65334e-05
0.0100798
9.4044e-05
0.0101108
0.000129189
0.0101272
0.00014478
0.0101357
0.000150341
0.0101431
0.000152902
0.0101493
0.000156585
0.0101532
0.000161496
0.0101536
0.000166859
0.0101502
0.000171441
0.010143
0.000174998
0.0101324
0.000177376
0.0101188
0.000179108
0.0101028
0.000180223
0.0100843
0.000181287
0.0100637
0.000182
0.0100409
0.000182797
0.0100159
0.000183305
0.00998882
0.00018374
0.00995967
0.000184035
0.0099286
0.000184076
0.00989554
0.000184144
0.00986074
0.000183848
0.00982404
0.000183716
0.00978572
0.000183178
0.00974556
0.000182899
0.00970387
0.00018222
0.00966043
0.000181764
0.00961546
0.000181106
0.00956884
0.000180467
0.0095206
0.000179977
0.00947076
0.000179249
0.00941924
0.000179043
0.00936611
0.000178429
0.00931115
0.000178627
0.00925447
0.000178331
0.00919579
0.000179064
0.00913516
0.000179391
0.00907233
0.000180802
0.00900711
0.000182197
0.00893933
0.000184555
0.00886856
0.000187358
0.00879493
0.000190746
0.00871747
0.000195399
0.00863659
0.000200346
0.00855092
0.000207214
0.00846093
0.000214382
0.00836512
0.000223748
0.00826355
0.000233983
0.00815511
0.000246178
0.00803897
0.000260231
0.0079147
0.000275797
0.00778033
0.000294226
0.00763628
0.000313792
0.00747938
0.000336921
0.00731088
0.000360947
0.00712657
0.000388658
0.00692842
0.000417069
0.00671156
0.000448475
0.00647904
0.000479599
0.00622562
0.000512156
0.00595689
0.000541003
0.00566658
0.000567943
0.00535762
0.000582577
0.00502488
0.000579669
0.00466793
0.000569942
0.00426406
0.000553773
0.00381455
0.000524263
0.00328302
0.0005025
0.0026628
0.000490239
0.00188908
0.00052814
0.00101694
0.000584676
0.000161796
0.00060269
-0.000390472
0.00045715
-0.000473734
0.000485301
-0.000300376
0.000312919
-0.000406737
-9.37962e-05
-0.000530192
-0.000209758
-0.000469574
-8.71498e-05
-8.41599e-05
-0.000309894
0.0100141
2.24392e-05
0.0100441
6.40778e-05
0.0100777
9.555e-05
0.0101074
0.000115127
0.0101313
0.000126426
0.0101522
0.000131939
0.0101729
0.000135867
0.010195
0.000139414
0.0102178
0.000144048
0.0102408
0.000148438
0.010263
0.000152829
0.0102843
0.000156078
0.0103044
0.000159056
0.0103237
0.000160836
0.0103422
0.000162881
0.0103603
0.000163904
0.0103774
0.00016567
0.0103943
0.000166421
0.01041
0.000168001
0.0104254
0.000168647
0.0104395
0.000169924
0.0104532
0.000170518
0.0104656
0.000171399
0.0104773
0.00017206
0.0104879
0.000172563
0.0104974
0.000173375
0.010506
0.000173612
0.0105133
0.0001745
0.0105196
0.00017476
0.0105245
0.000175592
0.0105283
0.000176185
0.0105306
0.000176935
0.0105316
0.000178065
0.0105311
0.000178884
0.010529
0.000180735
0.0105255
0.000181832
0.01052
0.000184591
0.0105131
0.00018631
0.0105037
0.00019015
0.0104929
0.000192982
0.0104794
0.000198087
0.0104643
0.000202438
0.0104459
0.000209182
0.0104259
0.000215408
0.0104017
0.000224526
0.0103761
0.000232853
0.010345
0.000245428
0.0103129
0.000255885
0.0102736
0.000273294
0.0102337
0.000286009
0.0101846
0.000309383
0.0101353
0.000325067
0.0100746
0.000354961
0.0100136
0.0003748
0.00993914
0.000411353
0.00986365
0.000436435
0.00977296
0.000479354
0.00967979
0.000510242
0.00956999
0.000558272
0.00945551
0.000594076
0.00932344
0.000644226
0.00918301
0.000681434
0.00902332
0.000727638
0.00884669
0.000759204
0.00863514
0.000791221
0.00838977
0.000815315
0.00809988
0.000843663
0.00775951
0.000864627
0.00736397
0.000898043
0.00691655
0.000937656
0.00643435
0.00101034
0.0059408
0.00107823
0.00537301
0.00117048
0.00463842
0.00119174
0.00391406
0.00120966
0.00307224
0.00115474
0.00194824
0.0010302
0.00072535
0.00101313
-3.38531e-05
0.000672053
0.000226097
-0.00034411
0.0100069
1.54978e-05
0.0100268
4.42641e-05
0.0100519
7.04498e-05
0.010077
8.99939e-05
0.0101003
0.000103133
0.0101223
0.000109923
0.0101431
0.000115096
0.0101642
0.000118234
0.0101863
0.00012201
0.0102095
0.000125195
0.0102331
0.000129257
0.010257
0.000132223
0.0102804
0.00013559
0.0103039
0.000137395
0.0103269
0.000139873
0.0103501
0.00014071
0.0103729
0.00014285
0.0103961
0.000143195
0.0104188
0.000145312
0.010442
0.000145488
0.0104644
0.000147522
0.0104872
0.000147661
0.0105092
0.00014946
0.0105315
0.000149723
0.0105528
0.000151258
0.0105744
0.000151742
0.010595
0.000153092
0.0106157
0.00015375
0.0106352
0.000155269
0.0106549
0.000155849
0.010673
0.000158075
0.0106917
0.000158253
0.0107081
0.000161717
0.0107256
0.000161393
0.0107399
0.000166409
0.0107559
0.00016582
0.0107681
0.000172434
0.0107822
0.000172172
0.0107921
0.000180298
0.0108039
0.00018111
0.0108114
0.000190596
0.0108205
0.000193323
0.0108256
0.000204119
0.0108313
0.000209704
0.0108339
0.000221933
0.0108356
0.00023119
0.0108355
0.000245467
0.0108326
0.000258751
0.0108295
0.000276477
0.0108219
0.000293532
0.0108146
0.00031668
0.0108025
0.000337199
0.0107901
0.000367394
0.010773
0.000391865
0.0107548
0.000429608
0.0107319
0.000459275
0.0107072
0.000504053
0.0106775
0.000539943
0.0106453
0.00059051
0.0106068
0.000632591
0.0105644
0.000686619
0.0105124
0.000733447
0.010452
0.000787963
0.0103743
0.000836893
0.0102744
0.000891131
0.0101486
0.000941186
0.00999494
0.000997291
0.00980594
0.00105363
0.00958241
0.00112158
0.00932331
0.00119675
0.00904374
0.00128991
0.00872594
0.00139603
0.00838001
0.00151642
0.00793392
0.00163783
0.00744813
0.00169545
0.00683686
0.001766
0.0061756
0.00169147
0.00549198
0.00169675
0.00453829
0.00162574
0.00148764
0.00327675
0.0100044
1.11364e-05
0.0100166
3.20307e-05
0.010035
5.20271e-05
0.0100563
6.87308e-05
0.010078
8.13981e-05
0.0100989
8.90425e-05
0.0101192
9.47828e-05
0.0101397
9.77901e-05
0.0101606
0.000101053
0.0101825
0.000103295
0.010205
0.000106741
0.0102281
0.000109173
0.0102514
0.000112265
0.0102747
0.000114098
0.0102981
0.000116498
0.0103213
0.00011749
0.0103447
0.000119473
0.010368
0.000119828
0.0103914
0.000121901
0.0104151
0.000121878
0.0104384
0.000124216
0.0104621
0.000123877
0.0104851
0.000126487
0.0105089
0.0001259
0.0105314
0.000128818
0.0105551
0.000128015
0.0105769
0.000131273
0.0106003
0.000130365
0.0106215
0.000134091
0.0106442
0.000133124
0.0106647
0.000137557
0.0106865
0.000136452
0.0107063
0.000142003
0.010727
0.000140689
0.0107457
0.000147688
0.0107651
0.000146408
0.0107827
0.000154801
0.0108005
0.000154375
0.0108171
0.00016368
0.0108329
0.000165326
0.0108487
0.000174851
0.0108619
0.000180039
0.010877
0.000189061
0.0108873
0.000199417
0.0109019
0.00020737
0.0109088
0.000224227
0.0109229
0.000231363
0.0109265
0.000255171
0.01094
0.000262943
0.0109405
0.0002931
0.010953
0.000304131
0.0109512
0.000339035
0.0109617
0.000356885
0.0109592
0.00039436
0.0109664
0.000422386
0.0109646
0.000461084
0.010968
0.000500688
0.0109672
0.000540694
0.0109661
0.000591673
0.0109658
0.000632859
0.0109575
0.000694906
0.0109538
0.000737179
0.0109325
0.000809247
0.0109152
0.000854135
0.0108722
0.000934197
0.0108293
0.000984078
0.0107545
0.00107213
0.0106728
0.00113532
0.0105588
0.00123554
0.0104308
0.00132471
0.0102787
0.00144204
0.0101035
0.00157124
0.00991147
0.00170844
0.00969087
0.00185843
0.00941115
0.00197518
0.00908251
0.00209465
0.0086212
0.00215277
0.00807516
0.00224279
0.00739234
0.00230856
0.00229772
0.00658227
0.010003
8.15425e-06
0.0100118
2.31889e-05
0.0100255
3.83074e-05
0.0100431
5.11384e-05
0.0100624
6.21101e-05
0.0100824
6.90707e-05
0.0101023
7.48627e-05
0.0101224
7.76877e-05
0.0101427
8.08142e-05
0.0101636
8.23362e-05
0.0101853
8.5026e-05
0.0102076
8.68807e-05
0.0102304
8.94746e-05
0.0102533
9.12144e-05
0.0102765
9.33274e-05
0.0102995
9.44201e-05
0.0103228
9.62259e-05
0.010346
9.65759e-05
0.0103693
9.86127e-05
0.0103928
9.8407e-05
0.0104161
0.000100893
0.0104397
0.000100318
0.0104629
0.000103225
0.0104864
0.000102485
0.0105095
0.000105702
0.0105325
0.000104945
0.0105555
0.000108334
0.0105779
0.000107901
0.0106007
0.000111305
0.0106223
0.000111576
0.0106449
0.000114894
0.0106653
0.00011607
0.0106877
0.000119584
0.0107069
0.000121563
0.0107288
0.000125787
0.0107467
0.000128491
0.0107677
0.00013374
0.0107845
0.000137601
0.0108045
0.000143738
0.0108202
0.000149586
0.0108386
0.000156406
0.0108536
0.00016508
0.0108702
0.000172516
0.0108845
0.000185081
0.0108991
0.000192721
0.0109126
0.00021076
0.0109258
0.000218182
0.0109381
0.000242856
0.0109502
0.000250845
0.0109614
0.000281894
0.0109728
0.000292733
0.0109829
0.00032889
0.0109943
0.000345556
0.0110037
0.000384973
0.011015
0.000411035
0.0110249
0.000451155
0.0110356
0.00049001
0.0110469
0.000529401
0.0110569
0.000581636
0.0110677
0.000622081
0.0110766
0.000686026
0.0110831
0.000730647
0.0110875
0.000804902
0.0110854
0.000856239
0.0110803
0.000939243
0.0110624
0.00100199
0.0110403
0.00109422
0.0109999
0.00117576
0.0109538
0.00128166
0.0108893
0.00138914
0.0108141
0.00151724
0.0107314
0.001654
0.0106311
0.00180874
0.0105239
0.00196563
0.0103697
0.00212932
0.0101778
0.00228655
0.00989007
0.00244053
0.00955303
0.00257983
0.00914993
0.00271166
0.00279876
0.00864888
0.0100022
5.93884e-06
0.0100094
1.60372e-05
0.0100203
2.73969e-05
0.0100353
3.61163e-05
0.0100523
4.51448e-05
0.0100711
5.02496e-05
0.0100902
5.57672e-05
0.0101102
5.76914e-05
0.0101299
6.10516e-05
0.0101507
6.15379e-05
0.0101715
6.42158e-05
0.0101936
6.48007e-05
0.0102156
6.75527e-05
0.0102384
6.83583e-05
0.010261
7.07488e-05
0.0102842
7.12058e-05
0.0103071
7.33084e-05
0.0103304
7.32541e-05
0.0103536
7.54723e-05
0.0103769
7.50593e-05
0.0104003
7.7495e-05
0.0104235
7.71054e-05
0.0104472
7.96062e-05
0.01047
7.96555e-05
0.0104938
8.18855e-05
0.010516
8.2702e-05
0.01054
8.43737e-05
0.0105615
8.6427e-05
0.0105855
8.72926e-05
0.0106061
9.0993e-05
0.01063
9.09823e-05
0.0106496
9.64175e-05
0.0106732
9.60694e-05
0.010692
0.000102674
0.0107146
0.000103228
0.0107332
0.0001099
0.010754
0.000112897
0.0107729
0.000118748
0.0107914
0.000125237
0.0108108
0.000130141
0.0108267
0.000140582
0.0108469
0.00014487
0.0108598
0.000159623
0.010881
0.000163886
0.0108909
0.000182776
0.0109129
0.000188794
0.0109207
0.000210353
0.0109424
0.00022114
0.0109498
0.00024349
0.01097
0.000261692
0.0109785
0.000284188
0.0109964
0.000311048
0.0110077
0.000334252
0.0110222
0.000370437
0.0110383
0.000394912
0.0110484
0.000441088
0.0110705
0.000467859
0.0110764
0.000523553
0.0111031
0.00055497
0.0111057
0.000619453
0.0111341
0.000657652
0.0111331
0.000731558
0.0111601
0.000777945
0.011155
0.000861342
0.0111743
0.000919912
0.0111638
0.00101256
0.0111675
0.00109044
0.0111498
0.00119347
0.0111327
0.00129878
0.011105
0.00141687
0.0110686
0.00155366
0.0110292
0.00169338
0.0109766
0.00186127
0.0109177
0.00202456
0.0108273
0.00221977
0.010715
0.00239878
0.0105541
0.00260146
0.0103503
0.00278366
0.0100933
0.00296868
0.00316014
0.00973188
0.0100019
4.06204e-06
0.0100079
9.97692e-06
0.0100174
1.79632e-05
0.0100305
2.29454e-05
0.0100459
2.97734e-05
0.0100635
3.26355e-05
0.0100819
3.73856e-05
0.0101016
3.80242e-05
0.0101212
4.14663e-05
0.0101419
4.08393e-05
0.0101623
4.37694e-05
0.010184
4.30713e-05
0.0102056
4.60296e-05
0.0102281
4.57844e-05
0.0102505
4.83493e-05
0.0102736
4.81868e-05
0.0102965
5.03345e-05
0.0103196
5.01354e-05
0.010343
5.21555e-05
0.0103661
5.19564e-05
0.0103897
5.3903e-05
0.0104127
5.41009e-05
0.0104364
5.58623e-05
0.0104592
5.68256e-05
0.010483
5.81424e-05
0.0105056
6.00791e-05
0.0105291
6.08295e-05
0.0105515
6.40859e-05
0.0105747
6.40783e-05
0.0105966
6.90542e-05
0.0106194
6.81797e-05
0.0106408
7.50198e-05
0.0106631
7.38295e-05
0.010684
8.1793e-05
0.0107053
8.18751e-05
0.0107259
8.92849e-05
0.0107459
9.29556e-05
0.0107666
9.79825e-05
0.0107846
0.000107234
0.0108059
0.000108888
0.0108217
0.000124781
0.0108435
0.000123041
0.0108571
0.000146011
0.0108795
0.000141521
0.0108912
0.000171078
0.0109138
0.000166209
0.0109244
0.000199712
0.0109464
0.000199171
0.0109575
0.000232418
0.0109777
0.000241463
0.010991
0.000270913
0.0110084
0.000293632
0.0110255
0.000317096
0.0110396
0.000356372
0.0110615
0.000373006
0.0110726
0.000429994
0.0110989
0.000441559
0.0111082
0.000514303
0.0111368
0.000526301
0.0111462
0.000610057
0.0111739
0.000629983
0.0111851
0.000720388
0.0112091
0.000753936
0.0112203
0.000850065
0.0112387
0.000901585
0.0112459
0.00100531
0.011257
0.0010794
0.0112557
0.00119476
0.0112576
0.00129681
0.0112465
0.00142799
0.0112364
0.0015638
0.0112144
0.00171533
0.0111901
0.00188557
0.0111478
0.00206685
0.0111009
0.0022667
0.0110229
0.00247684
0.0109311
0.00269321
0.0107915
0.00292325
0.010615
0.0031452
0.00340326
0.0103719
0.0100018
2.3104e-06
0.0100071
4.63265e-06
0.0100159
9.18916e-06
0.0100277
1.1115e-05
0.0100423
1.51546e-05
0.0100588
1.61371e-05
0.010077
1.92211e-05
0.010096
1.90311e-05
0.0101158
2.16243e-05
0.0101361
2.05722e-05
0.0101568
2.30921e-05
0.010178
2.18663e-05
0.0101995
2.44739e-05
0.0102217
2.36526e-05
0.0102441
2.58565e-05
0.0102669
2.54603e-05
0.01029
2.72079e-05
0.010313
2.71669e-05
0.0103364
2.86959e-05
0.0103595
2.8891e-05
0.0103832
3.02368e-05
0.0104062
3.10687e-05
0.01043
3.20711e-05
0.0104529
3.38673e-05
0.0104767
3.44146e-05
0.0104997
3.70941e-05
0.0105229
3.75507e-05
0.0105461
4.09227e-05
0.0105686
4.15663e-05
0.0105919
4.57153e-05
0.0106136
4.64925e-05
0.0106369
5.17639e-05
0.0106579
5.28696e-05
0.0106807
5.88935e-05
0.010701
6.16194e-05
0.0107235
6.67792e-05
0.0107429
7.35971e-05
0.0107651
7.57606e-05
0.0107834
8.8911e-05
0.0108053
8.7036e-05
0.0108228
0.000107241
0.0108439
0.000101918
0.0108611
0.000128855
0.0108814
0.000121188
0.0108982
0.000154346
0.0109181
0.000146298
0.0109346
0.000183209
0.0109538
0.000179979
0.0109712
0.000214979
0.0109891
0.000223517
0.011008
0.000252025
0.0110259
0.000275788
0.011045
0.000297933
0.0110648
0.000336576
0.0110836
0.000354278
0.0111058
0.000407729
0.0111247
0.000422661
0.011149
0.000490048
0.0111685
0.000506771
0.0111942
0.000584343
0.0112146
0.000609592
0.0112407
0.000694313
0.0112618
0.000732868
0.0112861
0.000825721
0.0113065
0.000881146
0.0113275
0.00098437
0.0113445
0.00106235
0.0113598
0.00117951
0.0113732
0.00128339
0.0113771
0.00142413
0.0113868
0.0015541
0.011375
0.0017271
0.0113732
0.00188735
0.0113435
0.00209659
0.0113226
0.00228762
0.0112634
0.00253599
0.0112071
0.00274948
0.0110995
0.00303089
0.010969
0.00327566
0.0035694
0.0108029
0.0100017
6.06528e-07
0.0100068
-4.2531e-07
0.0100152
7.21133e-07
0.0100265
-1.06303e-07
0.0100407
8.7438e-07
0.0100567
2.00277e-07
0.0100747
1.15639e-06
0.0100934
3.85778e-07
0.0101133
1.69284e-06
0.0101334
4.62407e-07
0.0101542
2.35828e-06
0.0101752
7.99372e-07
0.0101967
2.98851e-06
0.0102187
1.63122e-06
0.0102412
3.38168e-06
0.0102638
2.82512e-06
0.0102871
3.97655e-06
0.01031
4.27309e-06
0.0103336
5.06161e-06
0.0103567
5.80805e-06
0.0103804
6.48906e-06
0.0104036
7.88087e-06
0.0104274
8.25623e-06
0.0104506
1.07146e-05
0.0104745
1.05332e-05
0.0104975
1.40448e-05
0.0105212
1.38964e-05
0.0105443
1.77698e-05
0.0105673
1.86275e-05
0.0105908
2.21735e-05
0.0106127
2.46374e-05
0.0106366
2.78039e-05
0.0106574
3.21068e-05
0.0106814
3.48454e-05
0.0107014
4.16508e-05
0.0107251
4.30515e-05
0.0107445
5.41702e-05
0.0107677
5.26424e-05
0.0107868
6.97447e-05
0.0108089
6.49761e-05
0.0108285
8.76405e-05
0.0108486
8.1783e-05
0.0108697
0.00010777
0.0108873
0.000103609
0.0109102
0.000131454
0.0109259
0.000130549
0.0109496
0.000159546
0.0109653
0.000164273
0.0109887
0.000191589
0.0110054
0.000206829
0.0110287
0.000228684
0.0110468
0.0002577
0.01107
0.000274769
0.011091
0.00031555
0.0111131
0.00033217
0.0111379
0.000382955
0.0111601
0.000400439
0.0111869
0.00046321
0.0112115
0.000482164
0.0112393
0.00055655
0.0112665
0.0005824
0.0112954
0.000665403
0.0113245
0.000703849
0.0113532
0.000796983
0.0113848
0.000849584
0.0114098
0.000959341
0.011444
0.00102819
0.0114649
0.00115859
0.0114953
0.00125293
0.0115144
0.00140509
0.0115358
0.00153272
0.0115462
0.00171669
0.0115562
0.00187734
0.0115515
0.00210128
0.0115361
0.00230297
0.0115158
0.00255634
0.011455
0.00281026
0.011395
0.00309088
0.0112768
0.00339389
0.00369973
0.0111464
0.0100017
-1.13402e-06
0.0100068
-5.51215e-06
0.0100153
-7.74361e-06
0.0100266
-1.14355e-05
0.0100408
-1.33304e-05
0.0100569
-1.58244e-05
0.0100748
-1.68412e-05
0.0100935
-1.82907e-05
0.0101135
-1.82723e-05
0.0101335
-1.95796e-05
0.0101544
-1.84748e-05
0.0101753
-2.01813e-05
0.010197
-1.86659e-05
0.010219
-2.03336e-05
0.0102416
-1.92752e-05
0.0102642
-1.97326e-05
0.0102877
-1.9516e-05
0.0103104
-1.84966e-05
0.0103344
-1.88996e-05
0.0103574
-1.7201e-05
0.0103813
-1.74334e-05
0.0104048
-1.55659e-05
0.0104284
-1.53399e-05
0.0104523
-1.31763e-05
0.0104756
-1.27853e-05
0.0104996
-9.97352e-06
0.0105228
-9.27567e-06
0.0105467
-6.12215e-06
0.0105696
-4.34738e-06
0.0105934
-1.60286e-06
0.010616
2.09722e-06
0.0106397
4.08565e-06
0.0106617
1.00756e-05
0.0106851
1.14802e-05
0.010707
1.97377e-05
0.0107295
2.05085e-05
0.0107516
3.2121e-05
0.0107731
3.10734e-05
0.0107954
4.75299e-05
0.0108159
4.44641e-05
0.0108386
6.48716e-05
0.0108576
6.28555e-05
0.0108816
8.37347e-05
0.0108987
8.65054e-05
0.010924
0.000106176
0.0109404
0.000114152
0.0109657
0.000134258
0.0109831
0.000146814
0.0110078
0.000166961
0.0110269
0.000187733
0.0110515
0.000204014
0.0110721
0.000237104
0.0110975
0.000249413
0.0111206
0.000292458
0.0111457
0.000307076
0.0111734
0.00035523
0.0111975
0.000376299
0.0112301
0.00043062
0.0112552
0.000457125
0.011291
0.000520668
0.0113185
0.000554897
0.0113576
0.000626378
0.0113869
0.000674506
0.0114301
0.000753749
0.0114595
0.000820231
0.0115079
0.000910963
0.0115361
0.000999949
0.0115867
0.00110795
0.0116153
0.0012244
0.0116643
0.00135602
0.0116864
0.00151064
0.0117371
0.00166602
0.01174
0.00187447
0.0117828
0.00205848
0.0117687
0.00231705
0.0117754
0.00254965
0.011738
0.00284761
0.0116874
0.0031415
0.0116101
0.00347117
0.00383251
0.0114774
0.0100018
-2.9218e-06
0.0100073
-1.09794e-05
0.010016
-1.64805e-05
0.0100279
-2.33587e-05
0.0100426
-2.80079e-05
0.010059
-3.22444e-05
0.0100774
-3.52359e-05
0.0100961
-3.70282e-05
0.0101164
-3.85317e-05
0.0101363
-3.95049e-05
0.0101574
-3.95299e-05
0.0101785
-4.12776e-05
0.0102002
-4.0411e-05
0.0102227
-4.27673e-05
0.0102451
-4.16799e-05
0.0102683
-4.29807e-05
0.0102913
-4.25348e-05
0.0103148
-4.19873e-05
0.0103384
-4.24692e-05
0.0103619
-4.07423e-05
0.0103857
-4.12068e-05
0.0104095
-3.94064e-05
0.0104331
-3.8868e-05
0.0104575
-3.76063e-05
0.0104805
-3.58093e-05
0.0105054
-3.48681e-05
0.0105281
-3.19515e-05
0.010553
-3.09993e-05
0.0105757
-2.70624e-05
0.0106001
-2.5985e-05
0.0106231
-2.08869e-05
0.0106466
-1.94938e-05
0.0106701
-1.33795e-05
0.0106926
-1.10395e-05
0.0107167
-4.3062e-06
0.010738
-7.87092e-07
0.0107625
7.55487e-06
0.010783
1.05807e-05
0.0108072
2.33325e-05
0.0108281
2.35731e-05
0.0108511
4.18524e-05
0.0108725
4.14618e-05
0.0108954
6.08445e-05
0.0109159
6.60478e-05
0.0109403
8.17836e-05
0.0109596
9.47708e-05
0.0109847
0.000109234
0.0110055
0.000125972
0.0110292
0.000143281
0.0110531
0.000163773
0.0110761
0.00018108
0.0111023
0.000210833
0.0111262
0.000225528
0.0111551
0.000263593
0.0111794
0.000282787
0.0112129
0.00032171
0.0112372
0.000351968
0.0112758
0.000392013
0.0113019
0.000431103
0.0113449
0.000477604
0.0113734
0.000526467
0.0114224
0.000577346
0.0114523
0.000644602
0.0115077
0.000698319
0.0115421
0.00078588
0.0116005
0.000852572
0.0116409
0.000959521
0.0117037
0.00104512
0.0117458
0.00118228
0.0118115
0.00129042
0.0118606
0.00146152
0.0119103
0.00161625
0.0119706
0.00181426
0.0119989
0.0020301
0.0120428
0.00227316
0.0120455
0.00254696
0.0120593
0.00283381
0.0120109
0.00318993
0.0119593
0.00352274
0.00393268
0.0118591
0.0100019
-4.83091e-06
0.010008
-1.71029e-05
0.0100175
-2.59712e-05
0.0100307
-3.65165e-05
0.0100463
-4.36128e-05
0.0100636
-4.95624e-05
0.0100826
-5.42442e-05
0.0101017
-5.60757e-05
0.0101222
-5.90456e-05
0.0101422
-5.94871e-05
0.0101635
-6.08582e-05
0.0101849
-6.26559e-05
0.0102069
-6.24348e-05
0.0102298
-6.57002e-05
0.0102521
-6.3981e-05
0.0102761
-6.69147e-05
0.0102986
-6.50899e-05
0.0103229
-6.62796e-05
0.010346
-6.55675e-05
0.0103701
-6.48386e-05
0.0103939
-6.50579e-05
0.0104177
-6.31198e-05
0.0104422
-6.33758e-05
0.0104657
-6.11139e-05
0.0104904
-6.04954e-05
0.010514
-5.85194e-05
0.0105384
-5.63333e-05
0.0105624
-5.49831e-05
0.0105864
-5.10404e-05
0.0106104
-5.00692e-05
0.0106343
-4.47546e-05
0.010658
-4.31526e-05
0.0106822
-3.76284e-05
0.0107049
-3.37051e-05
0.01073
-2.93869e-05
0.0107512
-2.20294e-05
0.0107772
-1.83949e-05
0.0107974
-9.69196e-06
0.0108234
-2.59e-06
0.010844
2.92672e-06
0.0108688
1.70562e-05
0.0108903
1.99599e-05
0.0109146
3.65433e-05
0.010936
4.46732e-05
0.0109614
5.63541e-05
0.0109819
7.42264e-05
0.0110086
8.26272e-05
0.0110303
0.00010418
0.0110559
0.000117733
0.0110814
0.000138295
0.0111059
0.000156549
0.0111338
0.00018291
0.0111611
0.000198239
0.011189
0.000235716
0.0112208
0.000250992
0.0112504
0.000292065
0.0112847
0.000317712
0.0113191
0.000357583
0.0113566
0.000393571
0.0113941
0.000440187
0.0114395
0.000481027
0.0114781
0.000538794
0.0115316
0.000591103
0.0115764
0.000653461
0.0116347
0.000727624
0.0116867
0.000800532
0.0117577
0.000888499
0.011807
0.000995815
0.011897
0.00109229
0.0119479
0.00123957
0.0120408
0.00136858
0.0121017
0.00155539
0.0121937
0.00172219
0.012243
0.00198086
0.0123258
0.00219036
0.0123591
0.00251365
0.0123868
0.00280606
0.0123969
0.00317992
0.012345
0.00357464
0.00399783
0.0122798
0.0100021
-6.93594e-06
0.0100096
-2.46077e-05
0.0100202
-3.66052e-05
0.0100357
-5.19823e-05
0.0100525
-6.0369e-05
0.0100715
-6.85965e-05
0.0100909
-7.36439e-05
0.0101105
-7.57261e-05
0.0101312
-7.97364e-05
0.0101512
-7.94547e-05
0.0101734
-8.3006e-05
0.0101946
-8.38972e-05
0.0102178
-8.56563e-05
0.0102403
-8.81917e-05
0.0102637
-8.73274e-05
0.0102872
-9.04857e-05
0.0103103
-8.81506e-05
0.0103347
-9.074e-05
0.0103577
-8.85077e-05
0.0103826
-8.97136e-05
0.0104059
-8.84337e-05
0.0104305
-8.77182e-05
0.0104549
-8.77245e-05
0.0104788
-8.49909e-05
0.010504
-8.57032e-05
0.0105274
-8.19864e-05
0.0105527
-8.16009e-05
0.0105766
-7.88915e-05
0.010601
-7.5469e-05
0.010626
-7.5017e-05
0.0106492
-6.79968e-05
0.010675
-6.89316e-05
0.0106977
-6.03386e-05
0.0107231
-5.9039e-05
0.0107468
-5.31673e-05
0.0107699
-4.51272e-05
0.0107961
-4.4576e-05
0.0108167
-3.02402e-05
0.0108442
-3.01664e-05
0.0108646
-1.74431e-05
0.0108906
-8.89402e-06
0.0109137
-3.18248e-06
0.0109368
1.34585e-05
0.0109623
1.91893e-05
0.0109852
3.3431e-05
0.0110101
4.92814e-05
0.0110355
5.72413e-05
0.01106
7.97126e-05
0.0110863
9.14472e-05
0.0111137
0.00011088
0.011139
0.000131198
0.0111702
0.000151779
0.0111974
0.000171003
0.011229
0.000204121
0.0112623
0.000217651
0.0112937
0.000260704
0.0113327
0.000278687
0.0113674
0.000322881
0.0114107
0.000350275
0.0114505
0.000400463
0.0115003
0.000431195
0.0115446
0.000494523
0.0116027
0.000532934
0.0116545
0.000601682
0.01172
0.000662173
0.011784
0.000736458
0.0118564
0.000816155
0.0119355
0.000916675
0.0120193
0.0010085
0.0121087
0.00115021
0.0122079
0.00126931
0.0123093
0.00145406
0.0124068
0.00162466
0.0125263
0.00186138
0.0126016
0.00211501
0.012714
0.00240129
0.0127575
0.00276255
0.0128113
0.00312609
0.0127985
0.00358742
0.0040474
0.012749
0.0100029
-9.84691e-06
0.0100123
-3.40218e-05
0.0100255
-4.97484e-05
0.0100439
-7.0369e-05
0.0100626
-7.90687e-05
0.0100833
-8.93169e-05
0.010103
-9.33759e-05
0.0101233
-9.60054e-05
0.010144
-0.000100442
0.0101646
-0.000100017
0.0101873
-0.000105784
0.010209
-0.000105599
0.0102331
-0.000109726
0.0102556
-0.000110647
0.0102798
-0.000111571
0.0103031
-0.000113752
0.0103268
-0.000111834
0.0103513
-0.000115315
0.0103741
-0.000111324
0.0104002
-0.000115771
0.0104224
-0.000110634
0.0104493
-0.000114566
0.0104717
-0.000110178
0.0104981
-0.000111435
0.0105217
-0.000109258
0.0105471
-0.000107336
0.0105718
-0.000106302
0.0105964
-0.000103561
0.0106213
-0.000100372
0.0106465
-0.000100176
0.0106703
-9.1784e-05
0.0106969
-9.55169e-05
0.0107192
-8.2656e-05
0.0107465
-8.63165e-05
0.010769
-7.56893e-05
0.0107945
-7.06849e-05
0.0108196
-6.9656e-05
0.0108421
-5.26922e-05
0.0108694
-5.74989e-05
0.0108911
-3.91671e-05
0.010917
-3.47968e-05
0.0109423
-2.84883e-05
0.010964
-8.26037e-06
0.0109931
-9.82341e-06
0.0110142
1.23164e-05
0.0110423
2.1132e-05
0.0110678
3.17918e-05
0.0110935
5.39796e-05
0.0111216
6.33743e-05
0.0111497
8.27254e-05
0.0111763
0.000104674
0.0112111
0.00011697
0.0112355
0.000146569
0.0112761
0.000163509
0.0113022
0.000191552
0.0113468
0.000216105
0.0113759
0.00024961
0.0114274
0.000271418
0.0114586
0.000319049
0.0115175
0.000341525
0.0115569
0.000391771
0.011618
0.00043346
0.0116715
0.000479482
0.0117388
0.000534382
0.0118019
0.000599068
0.0118821
0.000656264
0.0119612
0.000736977
0.0120516
0.000826295
0.0121473
0.000912807
0.0122687
0.00102882
0.0123634
0.00117461
0.0125207
0.00129671
0.0126366
0.00150884
0.0127868
0.00171113
0.0129325
0.00196928
0.0130623
0.00227154
0.0131826
0.0026422
0.0132758
0.00303291
0.0133289
0.00353433
0.00409002
0.0132863
0.0100046
-1.44869e-05
0.0100169
-4.62779e-05
0.0100352
-6.80559e-05
0.010057
-9.21414e-05
0.0100783
-0.000100393
0.0100999
-0.000110962
0.0101198
-0.000113231
0.0101409
-0.000117127
0.0101617
-0.000121176
0.010184
-0.000122381
0.0102068
-0.000128601
0.01023
-0.000128766
0.0102543
-0.000133976
0.0102772
-0.00013357
0.0103022
-0.000136625
0.0103247
-0.000136223
0.0103502
-0.000137327
0.0103731
-0.000138253
0.0103983
-0.000136463
0.0104227
-0.000140201
0.0104468
-0.000134748
0.0104727
-0.00014049
0.0104963
-0.000133735
0.0105224
-0.000137586
0.0105468
-0.000133616
0.0105717
-0.000132223
0.0105978
-0.000132414
0.0106211
-0.000126856
0.0106484
-0.000127632
0.0106714
-0.000123245
0.0106977
-0.000118044
0.0107228
-0.000120642
0.0107461
-0.000105925
0.010774
-0.000114238
0.0107952
-9.68592e-05
0.0108232
-9.86713e-05
0.0108463
-9.27593e-05
0.0108701
-7.65755e-05
0.0108983
-8.56712e-05
0.0109173
-5.81617e-05
0.0109488
-6.63101e-05
0.0109671
-4.67144e-05
0.0109975
-3.87511e-05
0.0110191
-3.1377e-05
0.0110469
-1.54861e-05
0.0110718
-3.77775e-06
0.0110994
4.1767e-06
0.0111252
2.81713e-05
0.0111556
3.2957e-05
0.0111815
5.69231e-05
0.0112145
7.1606e-05
0.0112443
8.7225e-05
0.0112756
0.000115232
0.011314
0.000125114
0.0113443
0.000161211
0.0113888
0.000171689
0.0114246
0.000213809
0.0114705
0.000225447
0.0115181
0.000271446
0.0115611
0.000298533
0.0116308
0.000322071
0.0116645
0.000399821
0.0117573
0.000386685
0.0118029
0.000488692
0.0118869
0.000515073
0.0119783
0.000564868
0.0120524
0.000662923
0.0121689
0.000709778
0.0122797
0.000802051
0.0123943
0.000914199
0.0125491
0.00101984
0.0126977
0.00114803
0.0128718
0.00133477
0.0130571
0.00152585
0.0132634
0.00176293
0.0134482
0.00208671
0.0136427
0.00244774
0.0137926
0.00288299
0.0139398
0.00338714
0.00407182
0.013958
0.0100073
-2.17431e-05
0.0100266
-6.56261e-05
0.0100521
-9.35776e-05
0.0100769
-0.000116953
0.0101007
-0.000124133
0.0101227
-0.000133034
0.0101436
-0.000134041
0.0101653
-0.000138849
0.0101871
-0.000142983
0.0102112
-0.000146534
0.0102346
-0.000151985
0.0102593
-0.000153467
0.0102831
-0.000157781
0.0103069
-0.000157292
0.0103313
-0.000161047
0.0103539
-0.000158881
0.0103793
-0.000162673
0.0104016
-0.000160621
0.0104272
-0.000161978
0.0104503
-0.000163343
0.0104748
-0.000159228
0.0104993
-0.000165027
0.0105224
-0.000156796
0.0105479
-0.000163148
0.0105702
-0.000155835
0.0105958
-0.000157859
0.010618
-0.000154608
0.010643
-0.000151905
0.0106653
-0.000149907
0.0106901
-0.000148028
0.0107114
-0.000139323
0.0107374
-0.000146686
0.0107559
-0.000124389
0.0107846
-0.000142984
0.0107999
-0.000112091
0.0108304
-0.000129193
0.0108448
-0.000107213
0.0108741
-0.000105887
0.0108908
-0.000102339
0.0109174
-8.47647e-05
0.0109365
-8.53752e-05
0.0109622
-7.24742e-05
0.0109815
-5.80122e-05
0.0110096
-5.9484e-05
0.0110266
-3.24575e-05
0.0110604
-3.7592e-05
0.0110732
-8.60549e-06
0.0111121
-1.07612e-05
0.0111268
1.82326e-05
0.0111652
1.85798e-05
0.0111885
4.8312e-05
0.0112227
5.2953e-05
0.0112553
8.2673e-05
0.011289
9.13848e-05
0.0113289
0.000121371
0.0113685
0.000132043
0.0114077
0.000174651
0.0114697
0.000163433
0.0114899
0.000251223
0.0115895
0.000198968
0.0115971
0.00031444
0.0117103
0.000286637
0.0117481
0.000348833
0.0118443
0.000392574
0.0119211
0.00043825
0.0120243
0.000461668
0.0121184
0.000568801
0.0122476
0.000580614
0.0123686
0.000681065
0.0125202
0.000762583
0.0126746
0.000865455
0.0128743
0.000948278
0.0130713
0.00113778
0.0133231
0.00127408
0.0135883
0.00149772
0.0138705
0.00180448
0.0141646
0.00215372
0.0143789
0.00266867
0.0146285
0.00313748
0.00395609
0.0147443
0.0100147
-3.64747e-05
0.0100429
-9.38263e-05
0.0100786
-0.000129267
0.010106
-0.000144346
0.0101327
-0.000150777
0.0101512
-0.000151614
0.0101745
-0.000157313
0.0101949
-0.000159267
0.0102197
-0.000167712
0.0102419
-0.000168744
0.0102653
-0.000175459
0.0102865
-0.000174622
0.0103076
-0.000178855
0.0103272
-0.000176926
0.0103468
-0.000180678
0.0103652
-0.000177232
0.0103844
-0.000181897
0.010401
-0.00017721
0.0104203
-0.000181285
0.0104345
-0.000177501
0.0104539
-0.000178634
0.0104657
-0.000176846
0.0104846
-0.000175676
0.010495
-0.000173578
0.0105122
-0.000173014
0.0105224
-0.000168127
0.0105371
-0.000169265
0.0105475
-0.000162274
0.0105604
-0.00016282
0.0105691
-0.000156724
0.0105831
-0.000153337
0.0105872
-0.000150836
0.0106049
-0.000142021
0.0106041
-0.000142198
0.0106238
-0.000131749
0.0106226
-0.000128024
0.0106389
-0.000123523
0.0106431
-0.000110136
0.0106534
-0.000112604
0.0106629
-9.42732e-05
0.0106724
-9.48095e-05
0.01068
-8.01083e-05
0.0106977
-7.57456e-05
0.0106975
-5.92443e-05
0.0107261
-6.10629e-05
0.0107212
-3.27195e-05
0.0107558
-4.32101e-05
0.0107549
-9.83272e-06
0.0107929
-1.97991e-05
0.010793
1.84759e-05
0.0108439
-2.57207e-06
0.0108378
5.90494e-05
0.0109063
1.42139e-05
0.0108993
9.83973e-05
0.0109763
4.43082e-05
0.0109844
0.000123958
0.0110569
0.000102177
0.011093
0.000127314
0.0111564
0.000187809
0.0112192
0.000136134
0.0112914
0.000242306
0.0113523
0.000225754
0.0114817
0.000219384
0.0115183
0.000355981
0.0116829
0.000273702
0.0117627
0.000381809
0.0119249
0.000406591
0.012033
0.000472517
0.0122618
0.000452248
0.0123722
0.000652247
0.0126457
0.000591908
0.0128329
0.000761138
0.0131399
0.000830729
0.0134208
0.000993132
0.0138171
0.00110142
0.0142247
0.00139692
0.0147424
0.00163604
0.0152001
0.002211
0.0155254
0.00281213
0.00365451
0.015827
0.0100358
-7.22737e-05
0.0100795
-0.000137497
0.0101111
-0.000160882
0.0101269
-0.000160194
0.0101362
-0.000160081
0.0101432
-0.000158539
0.0101501
-0.000164274
0.010154
-0.000163158
0.010155
-0.000168706
0.010152
-0.000165777
0.0101453
-0.000168725
0.0101354
-0.000164685
0.0101224
-0.000165894
0.0101075
-0.000161983
0.0100896
-0.000162797
0.0100709
-0.000158516
0.0100487
-0.000159703
0.0100261
-0.000154623
0.0100006
-0.000155814
0.00997351
-0.000150399
0.00994597
-0.000151089
0.00991451
-0.000145388
0.0098851
-0.000146265
0.00985061
-0.000139087
0.00981884
-0.000141243
0.00978283
-0.000132118
0.00974865
-0.000135089
0.00971165
-0.000125275
0.00967627
-0.000127437
0.00963771
-0.000118168
0.00960338
-0.000119004
0.00956221
-0.000109661
0.00953109
-0.000110907
0.0094875
-9.86037e-05
0.00945961
-0.000103863
0.00941662
-8.50334e-05
0.00938979
-9.66866e-05
0.00935118
-7.15275e-05
0.00932456
-8.5986e-05
0.00929167
-6.13851e-05
0.00926722
-7.03537e-05
0.00923921
-5.2101e-05
0.00922022
-5.67623e-05
0.00919612
-3.51415e-05
0.00918665
-5.15922e-05
0.00916383
-9.89416e-06
0.00916694
-4.63226e-05
0.00914905
8.05552e-06
0.0091576
-2.83445e-05
0.00915955
1.65256e-05
0.00916112
-4.14163e-06
0.00919296
2.72052e-05
0.00918817
1.90018e-05
0.00924802
3.85442e-05
0.00925026
4.20739e-05
0.00931578
5.84371e-05
0.00936263
5.53258e-05
0.00940219
8.77522e-05
0.0095098
8.02025e-05
0.00955471
9.12209e-05
0.00964556
0.000151457
0.00979123
8.00875e-05
0.00980956
0.000201054
0.0100658
9.97382e-05
0.0100567
0.000282827
0.0103737
6.47433e-05
0.0103944
0.000385936
0.0107483
0.000118645
0.0108071
0.000393393
0.0112643
0.000195096
0.0113182
0.000538019
0.011909
0.000170348
0.01198
0.000759711
0.0127731
0.00020001
0.0128479
0.00102665
0.0139324
0.000312403
0.0141871
0.00138136
0.015607
0.000791039
0.0160541
0.00236501
0.00232586
0.0173828
0.00992773
0.00979023
0.00962935
0.00946915
0.00930907
0.00915053
0.00898626
0.0088231
0.0086544
0.00848862
0.00831989
0.00815521
0.00798931
0.00782733
0.00766453
0.00750602
0.00734632
0.00719169
0.00703588
0.00688548
0.00673439
0.006589
0.00644274
0.00630365
0.00616241
0.00603029
0.0058952
0.00576993
0.00564249
0.00552432
0.00540532
0.00529565
0.00518475
0.00508614
0.00498228
0.00489725
0.00480056
0.00472903
0.00464305
0.00458166
0.00451131
0.00445921
0.00440245
0.0043673
0.00431571
0.00430582
0.0042595
0.00426755
0.00423921
0.00425573
0.00425159
0.0042788
0.0042978
0.00433634
0.00437842
0.00443685
0.00449218
0.00457993
0.00466013
0.00475135
0.00490281
0.0049829
0.00518395
0.00528369
0.00556652
0.00563126
0.0060172
0.00613584
0.00652924
0.00672433
0.00726235
0.0074327
0.00819241
0.00839242
0.00941907
0.00973147
0.0111128
0.0119039
0.0142689
0.0165947
8.57733e-05
-0.000151145
0.000284605
-0.000198832
0.000416079
-0.000131474
0.000593329
-0.00017725
0.000796627
-0.000203298
0.00101044
-0.000213811
0.00108359
-7.31502e-05
0.000976488
0.0001071
0.000715652
0.000260836
0.000501139
0.000214514
0.000149566
0.000351572
-0.000627494
0.000777061
-0.00167563
0.00104813
-0.00266485
0.000989222
-0.0033836
0.00071875
-0.00350017
0.000116572
-0.003083
-0.000417171
-0.00214554
-0.000937464
-0.000967486
-0.00117805
-0.000967487
4.44385e-05
-0.000505478
0.000360039
-0.000514432
0.000450738
-0.000222172
0.000507698
-0.000234211
0.000650746
-0.000346346
0.000857329
-0.000420394
0.000981957
-0.000197779
0.000925027
0.00016403
0.000664467
0.000521396
4.71876e-05
0.000831793
-0.00102693
0.00142569
-0.00208613
0.00183626
-0.00283927
0.00180128
-0.00342217
0.00157212
-0.00363325
0.000929826
-0.00349714
-1.95447e-05
-0.00301
-0.000904306
-0.00225171
-0.00169575
-0.0012165
-0.00221326
-0.00218399
-0.000600092
-0.000249495
-0.000379226
-0.000735299
-1.09531e-05
-0.000590445
0.000224751
-0.000469914
0.000288855
-0.000410451
0.000230812
-0.000362351
0.000156002
-0.000122969
2.20459e-05
0.000297987
-0.000443477
0.000986919
-0.00125496
0.00164327
-0.00193427
0.00210499
-0.00239931
0.00230131
-0.00277364
0.0021756
-0.00296301
0.00176149
-0.00290603
0.000872849
-0.00271363
-0.000211949
-0.00223036
-0.00138758
-0.00168394
-0.00224217
-0.000965213
-0.00293199
-0.0031492
0.00165409
0.00137316
0.00019299
0.000725802
-0.000526663
0.000129207
-0.000654901
-0.000341676
-0.000490145
-0.000575207
-0.000423749
-0.000428747
-0.000521161
-2.55566e-05
-0.000789337
0.000566163
-0.00108887
0.00128645
-0.00138903
0.00194344
-0.00177889
0.00249485
-0.0020865
0.00260893
-0.00223071
0.00231981
-0.00214786
0.00167865
-0.00198263
0.000707618
-0.00175474
-0.000439842
-0.00137508
-0.00176723
-0.00103795
-0.0025793
-0.000621043
-0.0033489
-0.00377024
0.00579847
0.00215696
0.00446923
0.00205503
0.00259835
0.00200009
0.000739846
0.00151683
-0.000569486
0.000734126
-0.00113857
0.000140334
-0.00102938
-0.000134748
-0.000851503
0.000388289
-0.00117464
0.00160959
-0.00147272
0.00224152
-0.00156511
0.00258723
-0.00155374
0.00259756
-0.00140362
0.00216969
-0.00118537
0.00146039
-0.00107036
0.000592607
-0.000929976
-0.000580223
-0.000698694
-0.00199852
-0.000574504
-0.00270349
-0.000434704
-0.0034887
-0.00420495
0.00793395
0.00287189
0.007028
0.00296099
0.00607138
0.00295671
0.00476901
0.00281919
0.00285082
0.00265232
0.000758004
0.00223315
-0.00061319
0.00123645
-0.00087637
0.00065147
-0.000429976
0.00116319
-0.000416346
0.00222789
-0.000585147
0.00275603
-0.000515368
0.00252778
-0.000362841
0.00201716
-0.000165822
0.00126338
1.57308e-05
0.000411054
0.000188613
-0.000753104
0.000147769
-0.00195767
-7.52059e-05
-0.00248051
-0.000104186
-0.00345972
-0.00430913
0.00927316
0.0033306
0.00871345
0.00352071
0.00805773
0.00361243
0.00713764
0.00373929
0.00599442
0.00379554
0.00458372
0.00364384
0.00260178
0.00321839
0.000657278
0.00259597
-9.94648e-05
0.00191994
0.000303461
0.00182496
0.000747107
0.00231239
0.000927226
0.00234766
0.00117278
0.0017716
0.00143177
0.00100438
0.00157173
0.000271094
0.0014127
-0.000594072
0.00091429
-0.00145926
0.000461927
-0.00202815
0.000209279
-0.00320707
-0.00409985
0.0100757
0.00362676
0.00971702
0.0038794
0.00922486
0.00410458
0.00864425
0.0043199
0.00790438
0.00453541
0.00697316
0.00457506
0.00565706
0.0045345
0.00406497
0.00418806
0.00235544
0.00362947
0.0012858
0.00289461
0.00122149
0.0023767
0.00164343
0.00192572
0.00190167
0.00151337
0.00202317
0.000882881
0.00203905
0.000255224
0.00187273
-0.000427757
0.00156886
-0.00115539
0.00137941
-0.0018387
0.000880309
-0.00270797
-0.00321954
0.0105753
0.00385442
0.0103171
0.00413754
0.00997068
0.00445101
0.00955255
0.00473803
0.00908705
0.00500091
0.00841927
0.00524284
0.00764533
0.00530844
0.00660484
0.00522854
0.00537487
0.00485944
0.00394409
0.00432539
0.00272574
0.00359504
0.00222027
0.0024312
0.00264167
0.00109196
0.00315673
0.000367828
0.00313033
0.000281622
0.00276403
-6.14592e-05
0.0024191
-0.000810463
0.0021401
-0.0015597
0.00135629
-0.00192416
-0.00186326
0.010971
0.00402983
0.0107332
0.00437534
0.0104902
0.004694
0.0101599
0.00506835
0.00980239
0.00535843
0.00938533
0.00565989
0.008815
0.00587877
0.00813518
0.00590836
0.00726458
0.00573004
0.00649009
0.00509989
0.00585943
0.0042257
0.00525814
0.00303248
0.00552392
0.000826179
0.00571488
0.000176868
0.00530046
0.000696044
0.00516349
7.55139e-05
0.0046299
-0.000276881
0.00381949
-0.00074928
0.00252036
-0.00062503
0.000657101
0.0113337
0.00417352
0.0111304
0.00457863
0.0108838
0.00494057
0.0106342
0.00531802
0.0102925
0.00570007
0.0099828
0.00596961
0.00960721
0.00625436
0.00915574
0.00635983
0.00837168
0.0065141
0.00690984
0.00656173
0.00489883
0.0062367
0.00179483
0.00613648
-0.00162946
0.00425047
-0.00380011
0.00234752
-0.00440854
0.00130447
-0.00410081
-0.00023222
-0.00301848
-0.00135921
-0.00208663
-0.00168113
-0.000908445
-0.00180322
-0.000251344
0.0116997
0.004333
0.011531
0.00474724
0.0112826
0.00518905
0.0110233
0.00557726
0.0107239
0.00599949
0.0103381
0.00635545
0.0099365
0.00665591
0.00948205
0.00681428
0.00911596
0.00688019
0.00868169
0.00699599
0.00837775
0.00654065
0.00838734
0.00612689
0.00733397
0.00530384
0.00557332
0.00410817
0.00422718
0.00265062
0.00329941
0.000695544
0.00249936
-0.000559157
0.0017205
-0.000902265
0.000586481
-0.000669198
0.000335137
0.0121323
0.00448048
0.0119442
0.00493534
0.0116942
0.00543905
0.0114033
0.00586817
0.0110796
0.0063232
0.0107301
0.00670491
0.0102576
0.00712846
0.00959511
0.00747677
0.00897415
0.00750115
0.0081723
0.00779784
0.00688133
0.00783162
0.00565356
0.00735466
0.00450356
0.00645384
0.0035133
0.00509843
0.00269858
0.00346534
0.00175254
0.00164158
0.000823595
0.000369788
0.000478436
-0.000557106
0.000402689
-0.000593452
0.000737826
0.0126254
0.00460407
0.0124365
0.00512425
0.0121581
0.0057174
0.011766
0.00626025
0.0113769
0.00671233
0.0109714
0.00711041
0.0108384
0.00726152
0.0106568
0.00765834
0.010534
0.0076239
0.0107216
0.0076103
0.0105277
0.00802553
0.00964827
0.00823407
0.00806136
0.00804075
0.00628072
0.00687907
0.00461257
0.00513348
0.00304729
0.00320686
0.00139777
0.00201931
-2.75301e-05
0.000868192
-0.000368365
-0.000252617
0.000369461
0.0131946
0.00469574
0.0129744
0.00534449
0.0127332
0.00595855
0.0123009
0.00669263
0.0117617
0.00725146
0.0109935
0.00787859
0.0101854
0.00806965
0.0093435
0.00850025
0.0080596
0.0089078
0.00720324
0.00846666
0.00726516
0.0079636
0.00771665
0.00778259
0.00792002
0.00783738
0.0071223
0.00767678
0.00553492
0.00672087
0.00377044
0.00497134
0.00237748
0.00341227
0.00139077
0.0018549
0.000357673
0.000780481
0.000727134
0.01389
0.00476373
0.0135917
0.00564281
0.0132124
0.00633791
0.0127596
0.00714541
0.0124013
0.00760976
0.0122397
0.00804012
0.0120059
0.0083035
0.0121586
0.00834753
0.0119454
0.00912099
0.0106897
0.0097224
0.00918536
0.00946793
0.00810707
0.00886088
0.00764967
0.00829479
0.00720584
0.00812061
0.0061268
0.00779992
0.00451452
0.00658362
0.00303341
0.00489338
0.00192753
0.00296078
0.000906253
0.00180176
0.00163339
0.0147365
0.00477149
0.0145024
0.00587694
0.013815
0.0070253
0.0129726
0.00798777
0.0118466
0.00873581
0.0105607
0.00932602
0.00918489
0.00967929
0.00832065
0.00921177
0.0087372
0.00870444
0.00939982
0.00905977
0.00924953
0.00961822
0.00847298
0.00963743
0.00763294
0.00913482
0.00700798
0.00874556
0.00634979
0.00845811
0.00507138
0.00786203
0.00339532
0.00656944
0.00195923
0.00439687
0.000869827
0.00289116
0.00250321
0.015861
0.00473753
0.0153857
0.00635223
0.0147814
0.00762962
0.0144499
0.00831927
0.0144
0.00878566
0.0141878
0.00953818
0.0134977
0.0103695
0.0115883
0.0111211
0.00963543
0.0106573
0.00885517
0.00984003
0.00859787
0.00987553
0.00811331
0.010122
0.00741696
0.00983117
0.00674806
0.00941447
0.00610473
0.00910144
0.00520892
0.00875783
0.00412713
0.00765123
0.00272057
0.00580343
0.00125324
0.0043585
0.00375645
0.0174611
0.0046592
0.0163495
0.00746388
0.0144016
0.00957747
0.0122963
0.0104246
0.0108017
0.0102802
0.0104595
0.00988042
0.0112375
0.00959142
0.0117373
0.0106213
0.0106888
0.0117059
0.00932401
0.0112048
0.0085626
0.0106369
0.00800489
0.0106797
0.00722951
0.0106065
0.00648386
0.0101601
0.00581328
0.00977202
0.00500618
0.00956494
0.00393389
0.00872352
0.00258585
0.00715147
0.00120673
0.00573761
0.00496318
0.0178324
0.00342158
0.018896
0.00640019
0.0190088
0.00946469
0.0177419
0.0116915
0.0151378
0.0128843
0.0121219
0.0128964
0.0102819
0.0114314
0.0103616
0.0105416
0.0104267
0.0116408
0.00949349
0.012138
0.00846154
0.0116689
0.00779727
0.011344
0.00706362
0.0113402
0.00622604
0.0109977
0.00543622
0.0105618
0.00468335
0.0103178
0.00382843
0.00957844
0.00264773
0.00833217
0.00130889
0.00707646
0.00627206
0.00660395
-0.00318237
0.0110005
0.00200361
0.0143412
0.00612399
0.0159667
0.0100661
0.0159906
0.0128604
0.0144241
0.0144629
0.0117664
0.0140891
0.00999137
0.0123167
0.00975529
0.0118769
0.00935458
0.0125387
0.00842954
0.0125939
0.00752347
0.01225
0.00676582
0.0120978
0.00603475
0.0117288
0.00526402
0.0113326
0.00443662
0.0111452
0.00337568
0.0106394
0.00215866
0.0095492
0.00101095
0.00822417
0.00728301
-0.000957307
-0.00222506
0.00395958
-0.00291328
0.00801568
0.00206789
0.0107739
0.00730781
0.0134311
0.0102033
0.0144959
0.0133981
0.013084
0.0155009
0.0107468
0.0146538
0.00941722
0.0132065
0.00890731
0.0130486
0.00826911
0.0132321
0.0074899
0.0130292
0.00663048
0.0129573
0.00574749
0.0126118
0.00489387
0.0121862
0.00403541
0.0120037
0.00305086
0.0116239
0.0020093
0.0105908
0.000960832
0.00927264
0.00824384
-0.00224538
2.0311e-05
-0.00202551
-0.00313315
0.00178794
-0.00174557
0.00537332
0.00372244
0.00911052
0.00646608
0.012369
0.0101396
0.0129631
0.0149068
0.0114773
0.0161396
0.00970964
0.0149742
0.00869907
0.0140592
0.00796575
0.0139654
0.00716464
0.0138304
0.00636655
0.0137554
0.00544715
0.0135312
0.00455438
0.013079
0.00377126
0.0127868
0.00288613
0.0125091
0.00184211
0.0116348
0.000817658
0.0102971
0.0090615
-8.76423e-05
0.000107953
-0.00249713
-0.000723657
-0.00215895
-0.00208375
0.000939368
0.000624118
0.00360861
0.00379684
0.00859276
0.00515546
0.0112114
0.0122882
0.0114001
0.0159509
0.0100964
0.0162778
0.00871362
0.015442
0.00770503
0.014974
0.00684943
0.014686
0.00603581
0.014569
0.00523563
0.0143314
0.00438276
0.0139318
0.0034566
0.0137129
0.00247816
0.0134875
0.00160223
0.0125107
0.000748456
0.0111509
0.00980996
-0.00125102
0.00135897
-0.00217564
0.000200959
-0.00332009
-0.000939298
-0.00173745
-0.000958521
-0.000165755
0.00222514
0.00341749
0.00157221
0.00906407
0.00664158
0.0106246
0.0143904
0.00994073
0.0169617
0.0087038
0.0166789
0.00755953
0.0161183
0.00664457
0.0156009
0.00583736
0.0153762
0.00495272
0.015216
0.00409454
0.01479
0.00330543
0.014502
0.00252523
0.0142677
0.00168283
0.0133531
0.000761889
0.0120718
0.0105718
-0.000217816
0.00157679
-0.000666761
0.000649905
3.39396e-05
-0.00164
0.000438691
-0.00136327
0.00167654
0.000987292
0.00149662
0.00175214
0.00572643
0.00241176
0.00911358
0.0110033
0.00964428
0.016431
0.00867125
0.0176519
0.00747431
0.0173153
0.00637433
0.0167009
0.00549125
0.0162593
0.00474834
0.0159589
0.00398727
0.0155511
0.00319091
0.0152984
0.00234447
0.0151141
0.00146124
0.0142363
0.000574936
0.0129581
0.0111468
0.000536739
0.00104005
0.00112427
6.23688e-05
0.00288258
-0.00339831
0.00265873
-0.00113941
0.004253
-0.000606984
0.00314203
0.00286311
0.00354086
0.00201293
0.00727937
0.00726476
0.00874139
0.014969
0.00822636
0.018167
0.00710856
0.018433
0.00608321
0.0177262
0.00519512
0.0171474
0.00434241
0.0168116
0.00356119
0.0163323
0.0028074
0.0160522
0.00209322
0.0158283
0.00138781
0.0149417
0.000631123
0.0137148
0.0117779
0.00145218
-0.00041213
0.00380898
-0.00229443
0.00545421
-0.00504355
0.0061673
-0.00185251
0.00714524
-0.00158492
0.00746416
0.0025442
0.0050304
0.00444669
0.0062611
0.00603406
0.0077105
0.0135196
0.00766143
0.018216
0.0067289
0.0193656
0.00561247
0.0188427
0.00471495
0.0180449
0.00398709
0.0175395
0.0032893
0.0170301
0.00264182
0.0166997
0.00197134
0.0164988
0.00122139
0.0156917
0.000446465
0.0144897
0.0122244
0.0022965
-0.00270863
0.00514813
-0.00514605
0.00632429
-0.00621971
0.0080269
-0.00355511
0.00818495
-0.00174297
0.00891335
0.0018158
0.00699102
0.00636902
0.00614532
0.00687975
0.00702953
0.0126354
0.00698052
0.0182651
0.00619263
0.0201535
0.0052383
0.019797
0.00428938
0.0189938
0.00346663
0.0183622
0.00281025
0.0176865
0.00218071
0.0173292
0.00158055
0.017099
0.000997677
0.0162746
0.000409696
0.0150777
0.0126341
0.0027107
-0.00541933
0.00533343
-0.00776878
0.00670803
-0.00759431
0.00822668
-0.00507377
0.00859881
-0.0021151
0.00894278
0.00147183
0.007892
0.0074198
0.00625709
0.00851466
0.00622247
0.01267
0.00601674
0.0184708
0.00536807
0.0208021
0.00450841
0.0206567
0.00371567
0.0197865
0.00302421
0.0190537
0.00238788
0.0183228
0.00186647
0.0178506
0.00136998
0.0175955
0.000834992
0.0168096
0.000315151
0.0155975
0.0129492
0.00267992
-0.00809925
0.00520764
-0.0102965
0.00669823
-0.0090849
0.00780185
-0.00617738
0.00816262
-0.00247588
0.00798823
0.00164622
0.00733817
0.00806987
0.00588868
0.00996416
0.00527253
0.0132861
0.00492279
0.0188205
0.00431428
0.0214106
0.00364972
0.0213212
0.00297084
0.0204654
0.00238206
0.0196424
0.00191134
0.0187935
0.00143394
0.018328
0.000975288
0.0180541
0.000544106
0.0172407
0.000129228
0.0160124
0.0130784
0.00256332
-0.0106626
0.00453199
-0.0122652
0.00583094
-0.0103838
0.00668367
-0.00703011
0.00688983
-0.00268204
0.00633703
0.00219902
0.00591156
0.00849534
0.00491295
0.0109628
0.00397418
0.0142249
0.00354626
0.0192484
0.00309517
0.0218617
0.00255175
0.0218646
0.00206857
0.0209486
0.00165241
0.0200586
0.00123041
0.0192155
0.000897266
0.0186611
0.000619102
0.0183323
0.000345363
0.0175145
0.000123982
0.0162338
0.0132024
0.0019795
-0.0126421
0.00336465
-0.0136503
0.00423934
-0.0112585
0.00467035
-0.00746112
0.00456317
-0.00257486
0.00394202
0.00282017
0.00367043
0.00876694
0.00309797
0.0115352
0.00233546
0.0149874
0.0019811
0.0196028
0.00166454
0.0221783
0.00136592
0.0221633
0.00104677
0.0212678
0.000828795
0.0202766
0.000709214
0.0193351
0.000509769
0.0188606
0.000272164
0.0185699
4.81302e-05
0.0177385
-0.000135079
0.016417
0.0130673
0.00123788
-0.0138799
0.00199508
-0.0144075
0.00236084
-0.0116243
0.00231571
-0.00741599
0.00184649
-0.00210564
0.00135467
0.00331199
0.00121839
0.00890321
0.000910822
0.0118428
0.000512178
0.0153861
0.000251821
0.0198632
7.26831e-05
0.0223574
6.45695e-05
0.0221714
0.000150675
0.0211817
9.81059e-05
0.0203292
-2.53458e-05
0.0194586
-8.0603e-05
0.0189159
-0.000130168
0.0186194
-0.000158634
0.017767
-0.00012053
0.0163789
0.0129468
0.000314902
-0.0141949
0.000347903
-0.0144405
7.94964e-05
-0.0113559
-0.00026147
-0.00707502
-0.000715072
-0.00165204
-0.00103878
0.0036357
-0.00100952
0.00887396
-0.00112261
0.0119559
-0.00166397
0.0159274
-0.00185645
0.0200556
-0.00148687
0.0219878
-0.00111932
0.0218038
-0.000906794
0.0209691
-0.000672403
0.0200948
-0.000473585
0.0192598
-0.000413818
0.0188561
-0.000406972
0.0186126
-0.000410057
0.0177701
-0.000352233
0.0163211
0.0125946
-0.000499066
-0.0136958
-0.00107132
-0.0138683
-0.00169034
-0.0107369
-0.00243949
-0.00632587
-0.0030056
-0.00108593
-0.00329868
0.00392877
-0.00313828
0.00871356
-0.00329131
0.0121089
-0.00372073
0.0163568
-0.00365438
0.0199893
-0.00304237
0.0213758
-0.00230535
0.0210668
-0.00167565
0.0203394
-0.00129422
0.0197133
-0.00106766
0.0190332
-0.000944726
0.0187331
-0.000797028
0.0184649
-0.000606085
0.0175791
-0.000370664
0.0160857
0.0122239
-0.0011733
-0.0125225
-0.00243326
-0.0126083
-0.00347428
-0.00969585
-0.00434969
-0.00545047
-0.00494924
-0.000486381
-0.00523202
0.00421155
-0.00518194
0.00866348
-0.00547462
0.0124016
-0.00565996
0.0165422
-0.00524145
0.0195708
-0.00434426
0.0204786
-0.00333205
0.0200546
-0.0026494
0.0196568
-0.00207353
0.0191375
-0.00158191
0.0185416
-0.00122168
0.0183729
-0.000969257
0.0182125
-0.000757944
0.0173678
-0.000512534
0.0158403
0.0117114
-0.00175221
-0.0107703
-0.00346548
-0.010895
-0.0049298
-0.00823153
-0.00600263
-0.00437764
-0.00666656
0.000177548
-0.00702784
0.00457284
-0.00717018
0.00880582
-0.0074657
0.0126971
-0.00733226
0.0164087
-0.00651539
0.0187539
-0.00517753
0.0191408
-0.00398048
0.0188576
-0.00305999
0.0187363
-0.00228924
0.0183667
-0.001798
0.0180503
-0.00147115
0.0180461
-0.00119351
0.0179348
-0.000909744
0.017084
-0.00056972
0.0155002
0.0111417
-0.00249536
-0.00827491
-0.00470758
-0.00868283
-0.00641284
-0.00652627
-0.00765945
-0.00313103
-0.00843204
0.000950142
-0.0089893
0.0051301
-0.00909483
0.00891135
-0.00913592
0.0127382
-0.00844748
0.0157203
-0.00712919
0.0174356
-0.0055282
0.0175398
-0.00436982
0.0176992
-0.00343264
0.0177991
-0.00273041
0.0176645
-0.00211633
0.0174363
-0.00166362
0.0175934
-0.00125113
0.0175223
-0.000899028
0.0167319
-0.000562603
0.0151638
0.0105791
-0.00293548
-0.00533942
-0.00556752
-0.00605079
-0.00767538
-0.00441841
-0.00926688
-0.00153953
-0.00994701
0.00163028
-0.0105547
0.0057378
-0.0105867
0.00894335
-0.0101345
0.012286
-0.00895996
0.0145457
-0.00715156
0.0156272
-0.0055599
0.0159481
-0.00436151
0.0165008
-0.00335206
0.0167897
-0.00249466
0.0168071
-0.00191874
0.0168603
-0.00153101
0.0172056
-0.00121481
0.0172061
-0.000962385
0.0164795
-0.000632207
0.0148336
0.00994686
-0.00326583
-0.0020736
-0.0060377
-0.00327892
-0.00824286
-0.00221325
-0.0101212
0.000338794
-0.0109092
0.00241832
-0.0111646
0.00599315
-0.0110005
0.00877931
-0.0100343
0.0113198
-0.00854854
0.0130599
-0.00674423
0.0138229
-0.00528014
0.014484
-0.00410744
0.0153281
-0.00330062
0.0159828
-0.00260404
0.0161105
-0.00204876
0.0163051
-0.00160459
0.0167615
-0.00118877
0.0167903
-0.000801127
0.0160919
-0.000418159
0.0144507
0.0095287
-0.00341391
0.00134032
-0.00635001
-0.00034282
-0.00817526
-0.000388002
-0.00975551
0.00191904
-0.0107376
0.00340042
-0.0106697
0.00592524
-0.0101898
0.00829945
-0.00900506
0.010135
-0.00753612
0.011591
-0.0058797
0.0121665
-0.00473476
0.0133391
-0.00385721
0.0144506
-0.00293001
0.0150556
-0.00213841
0.0153189
-0.00161558
0.0157822
-0.0012047
0.0163506
-0.000883199
0.0164688
-0.000666812
0.0158755
-0.000445346
0.0142292
0.00908335
-0.00335062
0.00469094
-0.00646507
0.00277163
-0.00810829
0.00125522
-0.00884827
0.00265902
-0.00945877
0.00401091
-0.00923717
0.00570364
-0.00858482
0.0076471
-0.00747177
0.00902199
-0.00625574
0.010375
-0.00491665
0.0108274
-0.00393961
0.012362
-0.00316189
0.0136728
-0.00242205
0.0143158
-0.00190469
0.0148015
-0.00139545
0.015273
-0.00101445
0.0159696
-0.000711941
0.0161663
-0.000398283
0.0155618
-0.000125288
0.0139562
0.00895806
-0.00309892
0.00778986
-0.00583166
0.00550437
-0.00757997
0.00300353
-0.00809841
0.00317746
-0.00822757
0.00414007
-0.00770278
0.00517885
-0.00683841
0.00678273
-0.00574566
0.00792923
-0.00478342
0.00941273
-0.0039501
0.00999408
-0.00317511
0.0115871
-0.00239414
0.0128919
-0.00174701
0.0136687
-0.0012139
0.0142684
-0.000862738
0.0149218
-0.000531464
0.0156383
-0.00024857
0.0158834
-0.000109836
0.0154231
-3.08423e-05
0.0138772
0.00892722
-0.00224963
0.0100395
-0.0041067
0.00736145
-0.00568072
0.00457756
-0.00667921
0.00417595
-0.00708047
0.00454133
-0.00661713
0.00471551
-0.0056494
0.005815
-0.00447533
0.00675516
-0.00341029
0.00834769
-0.00278682
0.00937061
-0.00235077
0.011151
-0.00144359
0.0119847
-0.000943084
0.0131682
-0.000629571
0.0139549
-0.000242969
0.0145352
2.49787e-06
0.0153928
0.00014345
0.0157425
0.000211396
0.0153551
0.000185188
0.0139034
0.00911241
-0.000488824
0.0105283
-0.00136475
0.00823738
-0.00254271
0.00575551
-0.0040516
0.00568484
-0.00500724
0.00549697
-0.00510773
0.004816
-0.00454033
0.0052476
-0.00357685
0.00579168
-0.00245757
0.0072284
-0.00158268
0.00849572
-0.00119497
0.0107633
-0.000653504
0.0114432
-0.000165449
0.0126801
0.000233159
0.0135563
0.000357328
0.0144111
0.000469735
0.0152804
0.000567303
0.0156449
0.000568516
0.0153539
0.000399064
0.0140729
0.00951147
0.00134795
0.00918035
0.00112268
0.00846265
7.07468e-05
0.00680745
-0.001405
0.00716058
-0.00219063
0.0062826
-0.00252794
0.00515332
-0.0024337
0.00515337
-0.00207145
0.00542943
-0.00139466
0.00655161
-0.000576642
0.0076777
7.67153e-05
0.0101099
0.00051593
0.011004
0.000727662
0.0124684
0.000832509
0.0134515
0.00106505
0.0141785
0.00116884
0.0151766
0.0011093
0.0157044
0.000882751
0.0155805
0.000501543
0.0144541
0.010013
0.00179949
0.00738086
0.00161652
0.00864562
0.000814194
0.00760977
0.000379224
0.00759555
0.000483954
0.00617787
0.000606664
0.00503061
0.000699755
0.00506027
0.000648425
0.00548076
0.000613687
0.00658635
0.000792237
0.00749915
0.00136777
0.00953441
0.00165625
0.0107155
0.0018613
0.0122633
0.00188534
0.0134274
0.00173703
0.0143268
0.00163243
0.0152812
0.00145958
0.0158773
0.00122606
0.015814
0.000770035
0.0149101
0.0107831
0.000774247
0.00660662
0.00051362
0.00890625
0.000948716
0.00717468
0.00227437
0.0062699
0.00351964
0.0049326
0.0042653
0.00428495
0.004583
0.00474258
0.00440405
0.00565971
0.00391581
0.00707458
0.00322085
0.00819411
0.00302576
0.0097295
0.00294623
0.0107951
0.00285484
0.0123547
0.00254577
0.0137365
0.00233977
0.0145328
0.0021978
0.0154232
0.00193975
0.0161353
0.00145723
0.0162965
0.000750115
0.0156172
0.0115332
-0.000511845
0.00711846
0.000404921
0.00798948
0.00268315
0.00489645
0.00528102
0.00367203
0.00727167
0.00294195
0.0084047
0.00315191
0.00881793
0.00432935
0.00862559
0.00585206
0.00798437
0.0077158
0.00683328
0.0093452
0.00566978
0.010893
0.00464317
0.0118217
0.00417539
0.0128225
0.00380837
0.0141035
0.00321837
0.0151228
0.0027268
0.0159148
0.00224294
0.0166192
0.00174007
0.0167994
0.0010645
0.0162928
0.0125977
-0.000472295
0.00759076
0.00268191
0.00483528
0.00599012
0.00158824
0.00890043
0.000761718
0.0108537
0.000988681
0.0118768
0.00212878
0.0122023
0.00400387
0.0119812
0.00607314
0.0113335
0.00836351
0.0101959
0.0104828
0.00866862
0.0124203
0.00696034
0.0135299
0.00553353
0.0142493
0.00451554
0.0151215
0.003779
0.0158594
0.00317529
0.0165185
0.00266104
0.0171334
0.00194891
0.0175115
0.000961485
0.0172802
0.0135592
0.00161534
0.00597541
0.00576917
0.000681445
0.00897257
-0.00161516
0.0111882
-0.00145387
0.0125257
-0.000348808
0.013124
0.00153043
0.01332
0.00380784
0.0132409
0.00615226
0.012835
0.00876939
0.0119961
0.0113217
0.0107134
0.0137031
0.00893503
0.0153083
0.00726597
0.0159183
0.00593428
0.0164532
0.00470688
0.0170868
0.00372812
0.0174972
0.00282165
0.0180399
0.00202675
0.0183064
0.00114051
0.0181664
0.0146997
0.00382244
0.00215298
0.00740238
-0.0028985
0.00972129
-0.00393407
0.0111159
-0.00284845
0.0118576
-0.00109051
0.0122259
0.0011621
0.0124985
0.00353526
0.0126436
0.00600712
0.0126153
0.00879772
0.0122707
0.0116664
0.0115057
0.014468
0.0100735
0.0167405
0.00815153
0.0178404
0.00646925
0.0181355
0.00517144
0.0183846
0.00399351
0.0186752
0.00312622
0.0189072
0.00226225
0.0191704
0.00118119
0.0192475
0.0158809
0.00413934
-0.00198636
0.00702155
-0.00578071
0.00867998
-0.00559251
0.00962096
-0.00378943
0.0101406
-0.00161016
0.0104884
0.000814256
0.0108784
0.00314535
0.0112126
0.0056729
0.0114536
0.00855673
0.0114718
0.0116481
0.0111297
0.0148101
0.0102743
0.0175959
0.00891485
0.0191998
0.0072461
0.0198042
0.00567475
0.0199559
0.00443969
0.0199102
0.00328212
0.0200648
0.00221253
0.02024
0.00115726
0.0203028
0.0170381
0.00348493
-0.00547129
0.00588281
-0.00817858
0.007149
-0.0068587
0.00781794
-0.00445837
0.0082459
-0.00203812
0.00864906
0.000411098
0.00908644
0.00270796
0.00949493
0.00526441
0.00989757
0.00815409
0.0101804
0.0113653
0.0102069
0.0147835
0.00965787
0.018145
0.00849648
0.0203612
0.00716319
0.0211375
0.00576531
0.0213538
0.00426829
0.0214073
0.00309648
0.0212366
0.00214277
0.0211937
0.00104311
0.0214024
0.0180812
0.00278768
-0.00825897
0.00467516
-0.0100661
0.00565151
-0.00783505
0.00619566
-0.00500252
0.00671371
-0.00255617
0.00731755
-0.000192739
0.00784349
0.00218202
0.00818375
0.00492415
0.00850158
0.00783627
0.00881451
0.0110523
0.00895933
0.0146387
0.00880388
0.0183005
0.00809166
0.0210734
0.00680948
0.0224197
0.00546272
0.0227006
0.00436712
0.0225029
0.00324139
0.0223623
0.00219292
0.0222422
0.00122732
0.022368
0.0193085
0.00217653
-0.0104355
0.00365299
-0.0115425
0.00447638
-0.00865844
0.00506835
-0.00559449
0.00579497
-0.00328278
0.00660786
-0.00100563
0.00717697
0.0016129
0.00738695
0.00471418
0.00744246
0.00778075
0.0076009
0.0108939
0.00771722
0.0145224
0.00755873
0.018459
0.00703091
0.0216012
0.00629039
0.0231602
0.00523366
0.0237573
0.00389605
0.0238405
0.00279378
0.0234646
0.00178138
0.0232546
0.000704586
0.0234448
0.0200131
0.00170588
-0.0121414
0.00287533
-0.012712
0.00360548
-0.00938859
0.00439411
-0.00638312
0.00540934
-0.00429802
0.00631846
-0.00191474
0.00684148
0.00108988
0.00690468
0.00465098
0.00667916
0.00800626
0.00654878
0.0110243
0.00653907
0.0145321
0.00650965
0.0184884
0.006113
0.0219978
0.00521255
0.0240607
0.0042316
0.0247382
0.00336412
0.0247079
0.00238001
0.0244487
0.00162262
0.0240119
0.000953754
0.0241137
0.0209669
0.00136077
-0.0135021
0.00230297
-0.0136542
0.00308001
-0.0101656
0.00402319
-0.0073263
0.00515345
-0.00542828
0.00601794
-0.00277923
0.00645441
0.000653404
0.00640687
0.00469852
0.0059857
0.00842743
0.00560551
0.0114045
0.00539291
0.0147447
0.00514865
0.0187326
0.00483999
0.0223065
0.0044745
0.0244262
0.00381789
0.0253949
0.00292611
0.0255997
0.0022128
0.025162
0.00137236
0.0248524
0.000519531
0.0249665
0.0214864
0.00109644
-0.0145986
0.00189956
-0.0144573
0.00261465
-0.0108807
0.00370451
-0.00841616
0.00482991
-0.00655368
0.00556744
-0.00351675
0.00582325
0.000397595
0.00569375
0.00482802
0.00522274
0.00889844
0.00465504
0.0119722
0.00429956
0.0151002
0.00412577
0.0189064
0.00379342
0.0226388
0.00317048
0.0250491
0.00254525
0.0260201
0.00194169
0.0262033
0.00114765
0.025956
0.000628172
0.0253719
0.000222122
0.0253726
0.0217085
0.000871192
-0.0154698
0.00153087
-0.015117
0.00226363
-0.0116135
0.00325506
-0.00940759
0.00423207
-0.0075307
0.00476714
-0.00405182
0.00486256
0.000302179
0.00460281
0.00508776
0.00413099
0.00937027
0.00355194
0.0125512
0.00303917
0.0156129
0.00259885
0.0193467
0.00231315
0.0229245
0.0021395
0.0252228
0.00176374
0.0263958
0.00124301
0.026724
0.00098221
0.0262168
0.000653351
0.0257007
0.000388379
0.0256375
0.0220969
0.000674079
-0.0161438
0.00115504
-0.015598
0.00177267
-0.0122311
0.00267444
-0.0103094
0.00339646
-0.00825272
0.00370844
-0.0043638
0.00363182
0.000378797
0.00336664
0.00535294
0.00287691
0.00986
0.00228746
0.0131407
0.0017713
0.0161291
0.00148061
0.0196374
0.00121472
0.0231904
0.000843249
0.0255942
0.000601599
0.0266375
0.000422612
0.026903
-4.91928e-05
0.0266887
-0.000392395
0.0260439
-0.000636505
0.0258816
0.0214604
0.000456664
-0.0166005
0.000799107
-0.0159404
0.0012155
-0.0126475
0.00185125
-0.0109451
0.0023467
-0.00874817
0.00240618
-0.00442328
0.00216971
0.00061526
0.00188092
0.00564173
0.0015092
0.0102317
0.00094971
0.0137002
0.000349694
0.0167291
-0.000154863
0.020142
-0.000398154
0.0234337
-0.00041204
0.0256081
-0.000631815
0.0268573
-0.00100117
0.0272724
-0.000983445
0.0266709
-0.000765643
0.0258261
-0.000251033
0.025367
0.0212094
0.000244662
-0.0168452
0.000383407
-0.0160791
0.000665168
-0.0129293
0.000961041
-0.011241
0.00109709
-0.00888421
0.000976268
-0.00430246
0.00067886
0.000912668
0.000329672
0.00599092
-0.00010192
0.0106633
-0.000666392
0.0142646
-0.00116407
0.0172268
-0.00145481
0.0204327
-0.00165843
0.0236374
-0.00182886
0.0257786
-0.00175064
0.026779
-0.0015032
0.0270249
-0.00149047
0.0266582
-0.00141661
0.0257523
-0.00112864
0.0250791
0.0200807
-1.07041e-06
-0.0168441
-5.79664e-05
-0.0160223
-9.23787e-05
-0.0128948
-3.36814e-05
-0.0112997
-0.00010464
-0.00881326
-0.000415645
-0.00399145
-0.000808255
0.00130528
-0.00114522
0.00632788
-0.00151227
0.0110304
-0.00197745
0.0147298
-0.00250367
0.017753
-0.00292975
0.0208588
-0.00303781
0.0237454
-0.00288655
0.0256273
-0.0029035
0.026796
-0.00313393
0.0272554
-0.00309582
0.0266201
-0.00288656
0.025543
-0.00206522
0.0242577
0.0180155
-0.00021059
-0.0166335
-0.000465811
-0.015767
-0.000690393
-0.0126703
-0.000892614
-0.0110975
-0.00121696
-0.00848891
-0.00167915
-0.00352926
-0.00217246
0.00179859
-0.00264897
0.0068044
-0.00309531
0.0114767
-0.00354368
0.0151782
-0.00392731
0.0181367
-0.00414005
0.0210715
-0.0042788
0.0238842
-0.00443284
0.0257814
-0.00433134
0.0266945
-0.00392718
0.0268512
-0.00364218
0.0263351
-0.00306818
0.024969
-0.00153583
0.0227254
0.0164797
-0.000373055
-0.0162605
-0.000911673
-0.0152284
-0.00135907
-0.0122229
-0.00179897
-0.0106576
-0.00225825
-0.00802963
-0.00282169
-0.00296582
-0.00333447
0.00231137
-0.00379253
0.00726246
-0.00420481
0.011889
-0.00461449
0.0155878
-0.00503542
0.0185576
-0.00538518
0.0214213
-0.00548142
0.0239804
-0.00527755
0.0255775
-0.00515767
0.0265746
-0.00514977
0.0268433
-0.00492862
0.026114
-0.00504368
0.0250841
-0.00437335
0.0220551
0.0121063
-0.000587592
-0.0156729
-0.00123738
-0.0145786
-0.00202593
-0.0114343
-0.00264733
-0.0100362
-0.00325984
-0.00741712
-0.00388695
-0.00233871
-0.00444257
0.002867
-0.00492132
0.00774121
-0.00537274
0.0123404
-0.00578071
0.0159958
-0.00609137
0.0188683
-0.00624851
0.0215784
-0.00637123
0.0241031
-0.0066441
0.0258504
-0.00684358
0.0267741
-0.00672646
0.0267262
-0.00656865
0.0259561
-0.00618678
0.0247022
-0.00549703
0.0213653
0.0066093
-0.00082325
-0.0148496
-0.0015919
-0.01381
-0.00241411
-0.0106121
-0.00334047
-0.0091098
-0.00410648
-0.00665111
-0.00478754
-0.00165765
-0.00539224
0.0034717
-0.00589413
0.0082431
-0.00625271
0.012699
-0.00653424
0.0162773
-0.00687081
0.0192048
-0.0072471
0.0219547
-0.00747269
0.0243287
-0.00744198
0.0258196
-0.007519
0.0268511
-0.00787731
0.0270845
-0.0077888
0.0258676
-0.00640845
0.0233218
-0.00371862
0.0186755
0.00289068
-0.000843136
-0.0140065
-0.0018519
-0.0128012
-0.00283806
-0.00962595
-0.00389821
-0.00804965
-0.00476727
-0.00578205
-0.00546948
-0.000955449
-0.00606594
0.00406816
-0.00653355
0.00871071
-0.00690957
0.013075
-0.00728779
0.0166556
-0.00764466
0.0195617
-0.00783072
0.0221408
-0.00795924
0.0244572
-0.00830702
0.0261674
-0.00862835
0.0271724
-0.00848247
0.0269386
-0.00853129
0.0259165
-0.00810836
0.0228989
-0.0022923
0.0128594
0.000598379
-0.00103235
-0.0129741
-0.00198604
-0.0118475
-0.00312525
-0.00848674
-0.00435894
-0.00681596
-0.00539115
-0.00474984
-0.00611939
-0.000227212
-0.00673549
0.00468425
-0.00724329
0.00921851
-0.00758412
0.0134158
-0.00777608
0.0168475
-0.00803445
0.0198201
-0.0084124
0.0225187
-0.00877462
0.0248195
-0.00885406
0.0262469
-0.00876894
0.0270873
-0.00887343
0.0270431
-0.00843127
0.0254743
-0.00657595
0.0210436
-0.000143414
0.00642688
0.000454965
-0.0010464
-0.0119277
-0.00224594
-0.010648
-0.00348048
-0.0072522
-0.00484955
-0.00544689
-0.00589289
-0.0037065
-0.00656417
0.00044407
-0.00708298
0.00520307
-0.00747761
0.00961314
-0.00776776
0.013706
-0.00808028
0.01716
-0.00845167
0.0201915
-0.00860941
0.0226765
-0.00862971
0.0248398
-0.00891956
0.0265367
-0.00943211
0.0275999
-0.00940594
0.0270169
-0.00840752
0.0244759
-0.00504582
0.0176819
0.000218004
0.00116306
0.000672969
-0.00130341
-0.0106243
-0.00240927
-0.00954211
-0.00359757
-0.0060639
-0.00498536
-0.0040591
-0.00609843
-0.00259343
-0.00673277
0.00107842
-0.00722135
0.00569164
-0.00764422
0.010036
-0.00799262
0.0140544
-0.00817632
0.0173437
-0.0083059
0.020321
-0.00853204
0.0229026
-0.00895808
0.0252658
-0.00923419
0.0268128
-0.00913647
0.0275022
-0.00915994
0.0270404
-0.0081912
0.0235071
-0.00400614
0.0134968
-0.00170154
-0.00114155
-0.00102857
-0.00103521
-0.00958912
-0.0021403
-0.00843702
-0.00339131
-0.00481289
-0.00487176
-0.00257864
-0.00613258
-0.00133261
-0.0069072
0.00185303
-0.00743056
0.006215
-0.00773392
0.0103394
-0.00788118
0.0142016
-0.00802054
0.0174831
-0.00831823
0.0206187
-0.00853045
0.0231148
-0.00853977
0.0252751
-0.00860972
0.0268828
-0.00887338
0.0277658
-0.00821933
0.0263863
-0.00621895
0.0215068
-0.00257777
0.00985564
-0.00206481
-0.00165451
-0.00309338
-0.00117288
-0.00841624
-0.00221135
-0.00739854
-0.00321555
-0.00380869
-0.00466767
-0.00112653
-0.00606338
6.30956e-05
-0.00685531
0.00264497
-0.0072551
0.00661478
-0.0074725
0.0105568
-0.007713
0.0144421
-0.00788756
0.0176577
-0.00791854
0.0206497
-0.00791906
0.0231154
-0.00819714
0.0255532
-0.00835558
0.0270412
-0.00769141
0.0271016
-0.00646648
0.0251614
-0.00419936
0.0192396
-0.00130045
0.00695673
-0.00117561
-0.00177935
-0.00426899
-0.00104172
-0.00737452
-0.00198043
-0.00645984
-0.00292765
-0.00286146
-0.00428837
0.000234187
-0.00575778
0.00153251
-0.0066583
0.0035455
-0.00716076
0.00711724
-0.00741836
0.0108144
-0.00746301
0.0144868
-0.00740932
0.017604
-0.00748622
0.0207266
-0.00757727
0.0232064
-0.00733096
0.0253069
-0.0067648
0.0264751
-0.00635346
0.0266903
-0.00493462
0.0237426
-0.0024404
0.0167454
-0.00071898
0.0052353
-0.000614775
-0.00188355
-0.00488377
-0.000920382
-0.00645413
-0.00180642
-0.0055738
-0.00258663
-0.00208126
-0.00372137
0.00136893
-0.00521579
0.00302692
-0.0062899
0.00461961
-0.00683062
0.00765795
-0.00697451
0.0109583
-0.00699163
0.0145039
-0.00704396
0.0176563
-0.00687393
0.0205566
-0.00650632
0.0228388
-0.00622325
0.0250238
-0.00588515
0.026137
-0.004469
0.0252741
-0.00269288
0.0219664
-0.000533694
0.0145862
0.000474311
0.0042273
0.000141609
-0.00155085
-0.00474216
-0.000870037
-0.0055841
-0.00160011
-0.00484373
-0.002181
-0.00150036
-0.0030259
0.00221383
-0.00447129
0.00447232
-0.00557687
0.00572519
-0.00618772
0.00826881
-0.00653615
0.0113067
-0.00654484
0.0145126
-0.00632965
0.0174411
-0.00601792
0.0202449
-0.00580728
0.0226281
-0.00504802
0.0242645
-0.00370418
0.0247931
-0.00252013
0.0240901
-0.000930513
0.0203768
0.000645464
0.0130103
0.000743668
0.0041291
0.000331911
-0.00113909
-0.00441025
-0.000722049
-0.00486205
-0.00136704
-0.00419873
-0.00179603
-0.00107137
-0.00228977
0.00270756
-0.00354438
0.00572693
-0.00472106
0.00690187
-0.00544931
0.00899706
-0.0057507
0.0116081
-0.00564003
0.0144019
-0.00551391
0.017315
-0.00507506
0.019806
-0.00427283
0.0218259
-0.00341741
0.0234091
-0.00265032
0.024026
-0.000912041
0.0223518
0.00100615
0.0184586
0.00254362
0.0114728
0.00201607
0.00465665
0.000797894
7.90839e-05
-0.00361235
-0.000652837
-0.00420921
-0.00114785
-0.00370372
-0.00141647
-0.000802756
-0.00155852
0.00284961
-0.00247462
0.00664302
-0.00360872
0.00803597
-0.00428149
0.00966983
-0.00465965
0.0119862
-0.00471
0.0144523
-0.00433361
0.0169386
-0.00373132
0.0192037
-0.00316807
0.0212627
-0.00206764
0.0223087
-0.000288072
0.0222465
0.00102438
0.0210394
0.00192532
0.0175577
0.00213138
0.0112667
0.00167933
0.0051087
0.001035
0.000723412
-0.00257735
-0.000535101
-0.00367411
-0.000929805
-0.00330901
-0.00105457
-0.000677988
-0.000987855
0.00278289
-0.00145887
0.00711404
-0.00239377
0.00897086
-0.00308391
0.01036
-0.00340072
0.0123031
-0.00331311
0.0143647
-0.00303293
0.0166584
-0.00246223
0.018633
-0.00131445
0.0201149
-0.000187517
0.0211818
0.000644727
0.0214142
0.00219163
0.0194925
0.00377796
0.0159714
0.00372339
0.0113213
0.00273997
0.00609212
0.00116338
0.0023
-0.00141397
-0.000455841
-0.00321827
-0.00074184
-0.00302301
-0.00075461
-0.000665218
-0.000538503
0.00256679
-0.000527568
0.00710311
-0.0011538
0.00959709
-0.00170069
0.0109069
-0.00195549
0.0125579
-0.00195789
0.0143671
-0.00145501
0.0161555
-0.000749394
0.0179274
-0.000137239
0.0195027
0.00103382
0.0200107
0.00286519
0.0195828
0.00353802
0.0188196
0.00369612
0.0158133
0.00376482
0.0112526
0.00292874
0.0069282
0.00159613
0.00363261
0.000182159
-0.000382838
-0.00283543
-0.000590447
-0.0028154
-0.00052238
-0.000733286
-0.000293168
0.00233758
0.000182799
0.00662714
-4.63828e-06
0.00978453
-0.000429059
0.0113313
-0.000552617
0.0126814
-0.000406874
0.0142213
-0.0001092
0.0158579
0.000564462
0.0172537
0.00176131
0.0183059
0.00263956
0.0191325
0.00314283
0.0190796
0.00428259
0.0176799
0.00514784
0.014948
0.00365307
0.0127474
0.00169497
0.0088863
0.000665847
0.00466174
0.000848006
-0.000366318
-0.00246911
-0.000569733
-0.00261199
-0.000482311
-0.000820708
-0.0001763
0.00203157
0.000629762
0.00582108
0.000932493
0.0094818
0.00082212
0.0114416
0.000716121
0.0127874
0.000855461
0.014082
0.00143633
0.015277
0.00208336
0.0166067
0.0026165
0.0177727
0.00366529
0.0180837
0.00518523
0.0175596
0.00494745
0.0179177
0.00449719
0.0153983
0.00488896
0.0123556
0.00427037
0.00950489
0.00146485
0.00746726
0.00231286
-0.000395537
-0.00207358
-0.000680129
-0.00232739
-0.000539582
-0.000961255
-0.000245935
0.00173792
0.000799485
0.00477566
0.00164832
0.00863297
0.00179615
0.0112938
0.00195194
0.0126316
0.00217206
0.0138619
0.00240471
0.0150443
0.00309996
0.0159115
0.0042455
0.0166272
0.00462316
0.017706
0.00479056
0.0173922
0.00599131
0.0167169
0.00599609
0.0153935
0.00414688
0.0142048
0.00250455
0.0111472
0.0013409
0.00863091
0.00365375
-0.000474974
-0.0015986
-0.000819723
-0.00198265
-0.000571395
-0.00120958
-9.64651e-05
0.00126299
0.000856173
0.00382302
0.00203758
0.00745156
0.00268567
0.0106457
0.00284012
0.0124772
0.00311675
0.0135853
0.00373633
0.0144248
0.00415685
0.0154909
0.00455082
0.0162332
0.00570243
0.0165544
0.00661785
0.0164768
0.00590263
0.0174321
0.00540697
0.0158892
0.00500744
0.0146043
0.00279717
0.0133575
0.000597847
0.0108302
0.0042516
-0.000529044
-0.00106956
-0.000816226
-0.00169547
-0.000506205
-0.0015196
6.95504e-05
0.000687233
0.000865133
0.00302744
0.00229025
0.00602645
0.00319551
0.00974046
0.00380632
0.0118664
0.00408675
0.0133048
0.00426109
0.0142504
0.0050061
0.0147459
0.0058904
0.0153489
0.00588326
0.0165615
0.00620119
0.0161589
0.00754058
0.0160927
0.00684452
0.0165852
0.00562553
0.0158233
0.00559732
0.0133857
0.00396374
0.0124638
0.00821534
-0.000408614
-0.000660944
-0.000630791
-0.00147329
-0.000597329
-0.00155306
9.6531e-06
8.02513e-05
0.000786107
0.00225099
0.0023089
0.00450365
0.00355814
0.00849122
0.00418877
0.0112357
0.00477105
0.0127225
0.00541264
0.0136088
0.00553658
0.014622
0.00604068
0.0148448
0.00742347
0.0151787
0.00750613
0.0160762
0.00703828
0.0165606
0.0076167
0.0160068
0.0069332
0.0165068
0.00446556
0.0158533
0.00230306
0.0146263
0.0105184
-0.000207188
-0.000453756
-0.000217038
-0.00146344
-0.000441892
-0.00132821
0.000105024
-0.000466664
0.00106558
0.00129043
0.00226152
0.00330772
0.00357191
0.00718083
0.00473222
0.0100754
0.00524326
0.0122115
0.00561247
0.0132396
0.00654208
0.0136924
0.00688376
0.0145032
0.00687305
0.0151894
0.00811108
0.0148382
0.00907783
0.0155938
0.008383
0.0167016
0.00770788
0.0171819
0.00700463
0.0165566
0.0055364
0.0160946
0.0160548
2.27356e-05
-0.000476492
0.000236532
-0.00167723
0.000272185
-0.00136386
0.000457128
-0.000651607
0.00114229
0.000605272
0.00200864
0.00244136
0.00346757
0.00572189
0.00455796
0.00898504
0.00568502
0.0110844
0.00636494
0.0125597
0.00654747
0.0135099
0.00761557
0.0134351
0.00860979
0.0141952
0.00822012
0.0152279
0.00872611
0.0150879
0.00993042
0.0154973
0.00951138
0.017601
0.0073811
0.0186869
0.0051897
0.018286
0.0212445
0.000363535
-0.000840026
0.000666739
-0.00198044
0.0010603
-0.00175743
0.00107191
-0.000663213
0.00129232
0.000384859
0.00177518
0.0019585
0.00296193
0.00453515
0.00456922
0.00737775
0.00549482
0.0101588
0.00644026
0.0116143
0.00740216
0.012548
0.00745
0.0133872
0.0083575
0.0132877
0.0100843
0.0135011
0.0101424
0.0150297
0.0102107
0.015429
0.0121851
0.0156266
0.0122379
0.0186341
0.0118293
0.0186945
0.0205061
0.0125677
0.000621371
-0.0014614
0.00107331
-0.00243238
0.00138006
-0.00206418
0.00156481
-0.000847958
0.0013125
0.000637163
0.00147922
0.00179178
0.00220671
0.00380767
0.00357346
0.006011
0.00546759
0.00826471
0.00639386
0.010688
0.00730806
0.0116338
0.00887492
0.0118204
0.00879251
0.0133701
0.00938276
0.0129108
0.0115312
0.0128813
0.0119297
0.0150304
0.0127577
0.0147986
0.0144368
0.016955
0.0179742
0.0151571
0.0194057
0.0190747
0.000695204
-0.0021566
0.00113745
-0.00287462
0.00127569
-0.00220242
0.00148888
-0.00106115
0.00134189
0.00078416
0.00134539
0.00178828
0.00197195
0.0031811
0.00292464
0.00505831
0.00439646
0.00679289
0.00634218
0.00874226
0.00697099
0.0110049
0.00817037
0.010621
0.0104954
0.0110452
0.0106089
0.0127972
0.0116771
0.0118132
0.0137061
0.0130015
0.0160506
0.0124541
0.0173056
0.0157001
0.0195965
0.0128662
0.0154913
0.0235109
0.000619338
-0.00277594
0.000876043
-0.00313133
0.00092552
-0.0022519
0.00102544
-0.00116107
0.00103024
0.000779353
0.00104851
0.00177001
0.00160034
0.00262928
0.00239645
0.0042622
0.00353141
0.00565793
0.00540896
0.00686471
0.00794182
0.00847209
0.00805063
0.0105122
0.00932782
0.00976796
0.0113123
0.0108128
0.0124116
0.0107138
0.0128231
0.01259
0.0154225
0.00985462
0.0181415
0.0129811
0.0194979
0.0115098
0.01236
0.0226291
0.00041911
-0.00319505
0.000415692
-0.00312791
0.000414422
-0.00225063
0.000410266
-0.00115691
0.000514574
0.000675045
0.000660446
0.00162414
0.00128732
0.0020024
0.00194512
0.0036044
0.00274933
0.00485373
0.00339523
0.00621881
0.00689149
0.00497582
0.00871017
0.00869349
0.0102988
0.00817938
0.0109199
0.0101917
0.0139007
0.007733
0.0152997
0.011191
0.0158434
0.00931092
0.0184146
0.0104099
0.0198829
0.0100415
0.0102851
0.0219578
9.07484e-05
-0.0032858
-0.000144989
-0.00289217
-0.000371127
-0.00202449
-0.000505541
-0.0010225
-0.000291516
0.000461021
-7.8075e-05
0.0014107
0.000792948
0.00113138
0.00130988
0.00308747
0.00164979
0.00451382
0.00189983
0.00596877
0.00477704
0.00209861
0.00680463
0.00666591
0.0113218
0.00366221
0.0100493
0.0114641
0.011515
0.00626733
0.0149023
0.00780372
0.0166223
0.0075909
0.0186055
0.00842674
0.0205962
0.00805078
0.00821603
0.0226653
-0.000201098
-0.0030847
-0.000475471
-0.0026178
-0.000571061
-0.0019289
-0.000566786
-0.00102677
-0.000320839
0.000215074
0.000147838
0.000942018
0.000185633
0.00109359
0.000828055
0.00244504
0.00115526
0.00418662
0.000373621
0.0067504
0.0038067
-0.00133446
0.00162579
0.00884681
0.00522703
6.0978e-05
0.00918032
0.00751084
0.00999165
0.00545601
0.0124753
0.00532003
0.0149112
0.00515501
0.0172568
0.00608116
0.0194269
0.00588063
0.00579861
0.0218444
-0.000658873
-0.00242583
-0.00118383
-0.00209284
-0.00145914
-0.00165359
-0.00162312
-0.00086279
-0.00153577
0.000127724
-0.00144942
0.000855664
-0.00153457
0.00117874
-0.000617492
0.00152797
-0.00140836
0.00497749
-0.00102831
0.00637036
0.00275884
-0.00512162
0.00511676
0.00648889
0.00408313
0.00109461
0.00820156
0.00339242
0.00977493
0.00388263
0.0113584
0.00373658
0.0133647
0.00314873
0.015609
0.00383681
0.0175181
0.00397153
0.00366364
0.0196531
-0.000866011
-0.00155981
-0.00165542
-0.00130343
-0.00207413
-0.00123489
-0.00224726
-0.000689657
-0.00211331
-6.22705e-06
-0.00158302
0.000325371
-0.000755902
0.000351616
0.000435993
0.000336075
0.00202611
0.00338737
0.00370844
0.00468803
0.0025132
-0.00392638
0.00543273
0.00356935
0.00417122
0.00235613
0.0063996
0.00116403
0.00887822
0.00140401
0.0109826
0.00163215
0.0128267
0.00130464
0.0149418
0.00172173
0.0170348
0.00187852
0.00182495
0.0188735
-0.00155981
-0.00286324
-0.00409813
-0.00478779
-0.00479401
-0.00446864
-0.00411703
-0.00378095
-0.000393579
0.00429445
0.000368067
0.00393742
0.00629355
0.00745758
0.00886159
0.0104937
0.0117984
0.0135201
0.0153986
0.0172236
-0.00192713
0.0144948
-0.00280851
0.000881376
-0.000621458
-0.00218705
0.000392804
-0.00101426
0.00242242
-0.00202961
-0.00354206
0.00596448
-0.0052178
0.00167574
-0.00264079
-0.00257702
-0.00163162
-0.00100917
-0.00146661
-0.000165012
-0.00253139
0.00106479
-0.00364289
0.00111149
-0.00430138
0.000658492
-0.00469293
0.000391548
-0.00527472
0.000581788
-0.00635214
0.00107743
-0.00790628
0.00155414
-0.00988773
0.00198145
-0.0119249
0.00203713
-0.0138587
0.00193389
-0.0155042
0.00164545
-0.016862
0.00135779
-0.0178221
0.000960142
-0.0182481
0.000425945
-0.01818
-6.81231e-05
-0.0178927
-0.000287288
-0.0172486
-0.000644023
-0.016324
-0.000924593
-0.0152287
-0.00109538
-0.014105
-0.00112365
-0.0126371
-0.00146789
-0.0112992
-0.00133796
-0.00994212
-0.00135705
-0.00851117
-0.00143094
-0.0069597
-0.00155148
-0.00556828
-0.00139141
-0.00416569
-0.00140259
-0.00265362
-0.00151207
-0.00122634
-0.00142728
0.00010688
-0.00133322
0.00132814
-0.00122126
0.00241458
-0.00108644
0.00333385
-0.000919273
0.00406801
-0.000734162
0.00462527
-0.000557256
0.00502067
-0.000395399
0.00529501
-0.000274342
0.00547363
-0.000178621
0.00558683
-0.000113202
0.00567727
-9.04312e-05
0.00577126
-9.39913e-05
0.00588781
-0.000116548
0.00605948
-0.000171676
0.00628215
-0.000222666
0.00656741
-0.000285267
0.00687248
-0.000305066
0.00719288
-0.000320397
0.00745733
-0.000264453
0.00769966
-0.00024233
0.00792232
-0.000222662
0.00815512
-0.000232798
0.00832088
-0.00016576
0.0084196
-9.87212e-05
0.00843101
-1.14058e-05
0.00842407
6.93245e-06
0.00839209
3.19814e-05
0.00837546
1.66303e-05
0.00831798
5.74854e-05
0.00827926
3.87189e-05
0.00818997
8.92865e-05
0.00828122
-9.12429e-05
0.00846108
-0.000179867
0.00885827
-0.000397185
0.0093861
-0.000527837
0.0100441
-0.000657974
0.0108292
-0.000785151
0.0116763
-0.000847066
0.0126182
-0.000941907
0.0136103
-0.000992079
-0.00105045
0.0191937
0.0143757
0.0101528
0.00992231
-0.000474962
0.00844072
-0.00520608
0.00371685
-0.0086443
0.00140861
-0.00507965
0.00239982
-0.00159778
-0.00180613
-0.000893287
-0.00328151
0.00148216
-0.00338462
0.0032723
-0.00195514
0.00417941
0.000157675
0.00458085
0.000710056
0.00431157
0.000927771
0.00346195
0.00124117
0.00181426
0.00222948
-0.000230722
0.00312241
-0.00228905
0.00361246
-0.00408664
0.00377904
-0.00571999
0.00367048
-0.00709025
0.00330414
-0.0082601
0.0028153
-0.00904656
0.00214425
-0.00951754
0.00143112
-0.00963287
0.000541276
-0.00950914
-0.000191852
-0.00897415
-0.000822274
-0.0080449
-0.00157328
-0.00705949
-0.00191001
-0.00593744
-0.00221743
-0.00460686
-0.00245423
-0.00334557
-0.00272918
-0.00210955
-0.00257399
-0.000722004
-0.00274459
0.000569159
-0.00272211
0.0018133
-0.00279561
0.00311057
-0.00268868
0.00449609
-0.00278811
0.00574736
-0.00276334
0.00704124
-0.00272116
0.00828961
-0.00258159
0.00949107
-0.00242272
0.0105706
-0.002166
0.0115688
-0.00191745
0.0124079
-0.0015733
0.0131294
-0.00127876
0.0136686
-0.000934547
0.0140723
-0.000678078
0.0143192
-0.000425466
0.0144863
-0.000280358
0.0145645
-0.000168641
0.0146348
-0.000164285
0.0146876
-0.0001693
0.0147904
-0.000274467
0.0148992
-0.000331528
0.0150735
-0.000459517
0.0152329
-0.000464516
0.0154644
-0.000551899
0.0156685
-0.000468538
0.0159187
-0.000492493
0.0160919
-0.000395855
0.0162403
-0.000381185
0.0163122
-0.000237694
0.0164153
-0.000201837
0.0164657
-6.18081e-05
0.0165433
-7.06854e-05
0.0165387
3.6633e-05
0.0165904
-3.50678e-05
0.0166304
1.75104e-05
0.01676
-9.09176e-05
0.0169958
-0.000146531
0.0172568
-0.000352236
0.0176181
-0.000541155
0.017971
-0.000750036
0.0184672
-0.00102405
0.0189944
-0.00118516
0.0196243
-0.00141506
0.02032
-0.00154277
0.0210856
-0.00170752
0.0218876
-0.00179405
-0.00191593
0.0229955
0.0148911
0.0207746
0.0121432
0.0206798
0.00853553
0.0179901
0.00640657
0.0145933
0.00480539
0.0142436
0.0027495
0.0118353
0.000602259
0.00817321
0.000380538
0.00421985
0.000568731
0.00202234
0.000242366
0.00173009
0.000449931
0.00218945
0.000250698
0.00278351
0.000333708
0.00341253
0.000612143
0.00432636
0.00131566
0.00521453
0.00223423
0.00558315
0.00324384
0.00538709
0.00397511
0.00480473
0.00425284
0.00407063
0.00403824
0.00342984
0.00345609
0.00297452
0.00259958
0.00274222
0.00166342
0.00281279
0.00047071
0.00313942
-0.000518488
0.00379017
-0.00147302
0.00462267
-0.00240578
0.00560602
-0.00289335
0.00681995
-0.00343137
0.00795057
-0.00358484
0.00909353
-0.00387214
0.0102734
-0.00375386
0.0113754
-0.00384655
0.0123312
-0.00367796
0.0132733
-0.00373774
0.014206
-0.00362139
0.0150693
-0.00365134
0.0158396
-0.00353365
0.0166021
-0.00348367
0.0173059
-0.00328543
0.0179677
-0.00308452
0.0185803
-0.00277859
0.0191565
-0.00249364
0.0196739
-0.00209067
0.0201887
-0.0017936
0.0206233
-0.00136911
0.0210845
-0.00113931
0.0214507
-0.000791697
0.0218347
-0.000664349
0.0221168
-0.000450753
0.0224122
-0.00045966
0.0226152
-0.000372242
0.0228313
-0.000490636
0.0229727
-0.000472933
0.0231126
-0.000599374
0.0232041
-0.000556003
0.0232785
-0.000626304
0.0233297
-0.000519716
0.0233545
-0.000517328
0.0233515
-0.000392895
0.023341
-0.000370653
0.0233062
-0.000202929
0.0233078
-0.000203446
0.0232797
-3.36432e-05
0.0232874
-7.83684e-05
0.0232977
2.63197e-05
0.023296
-3.33668e-05
0.023361
-4.75376e-05
0.0234027
-0.000132643
0.0235504
-0.000294192
0.0236574
-0.000459241
0.0238792
-0.000762974
0.0241056
-0.000976424
0.0243906
-0.00130899
0.0247509
-0.0015455
0.0251793
-0.00184345
0.0256828
-0.00204627
0.0262765
-0.00230122
0.0269241
-0.0024417
-0.00254619
0.0250056
0.0125145
0.0260499
0.011099
0.0263551
0.00823033
0.0258958
0.00686589
0.0255549
0.00514627
0.0249467
0.0033577
0.0234074
0.00214155
0.0227532
0.00103474
0.0222801
0.00104184
0.0213176
0.00120489
0.0204838
0.0012837
0.0192716
0.00146289
0.0178005
0.00180485
0.0163459
0.00206674
0.0150472
0.00261435
0.0140026
0.00327889
0.0133943
0.00385212
0.0132377
0.00413164
0.0132546
0.00423598
0.013343
0.00394987
0.0134343
0.00336475
0.0135182
0.00251567
0.0137397
0.00144193
0.0140445
0.000165929
0.0146078
-0.00108184
0.0152354
-0.0021006
0.0160136
-0.00318398
0.0168838
-0.00376353
0.0178817
-0.00442927
0.0188309
-0.00453408
0.0197726
-0.00481376
0.0206669
-0.00464823
0.0214985
-0.00467812
0.0222694
-0.00444881
0.0229209
-0.0043893
0.023505
-0.00420545
0.0239807
-0.00412707
0.0243877
-0.0039406
0.0246934
-0.00378941
0.0249577
-0.00354976
0.0251583
-0.00328508
0.0253418
-0.00296207
0.0254789
-0.0026308
0.0256248
-0.00223654
0.0257295
-0.00189827
0.0258506
-0.00149024
0.0259545
-0.00124321
0.0260602
-0.000897409
0.0261751
-0.000779243
0.0262727
-0.000548351
0.0263876
-0.00057459
0.0264671
-0.000451692
0.0265577
-0.000581289
0.02659
-0.000505199
0.0266359
-0.000645287
0.0266305
-0.000550564
0.0266312
-0.000627038
0.0265871
-0.000475566
0.026552
-0.000482313
0.0264565
-0.000297341
0.0263993
-0.000313506
0.0263275
-0.000131117
0.0262592
-0.00013514
0.0262243
1.25052e-06
0.0261782
-3.22274e-05
0.0262008
3.69316e-06
0.0262129
-4.54472e-05
0.0262939
-0.000128558
0.0263739
-0.000212599
0.0265032
-0.00042352
0.0266577
-0.00061369
0.0268145
-0.000919792
0.027024
-0.00118597
0.0272361
-0.00152108
0.0275115
-0.0018209
0.0278478
-0.00217974
0.028251
-0.00244947
0.028722
-0.00277225
0.0292237
-0.00294342
-0.00304967
0.024619
0.00985332
0.0266373
0.00908068
0.0273852
0.00748245
0.0281763
0.00607482
0.0285609
0.00476168
0.0283421
0.00357648
0.0279697
0.00251396
0.0273893
0.00161507
0.026988
0.00144317
0.0267633
0.0014296
0.0265876
0.00145941
0.0263675
0.00168301
0.0261296
0.00204272
0.0258335
0.00236284
0.0256083
0.00283954
0.025417
0.00347015
0.0252968
0.00397237
0.0252629
0.00416549
0.0253938
0.00410512
0.02562
0.00372365
0.0259525
0.00303224
0.026315
0.00215318
0.0266927
0.0010643
0.0270116
-0.000153038
0.02744
-0.0015102
0.027852
-0.00251259
0.0282113
-0.00354334
0.0285958
-0.00414794
0.0288821
-0.00471563
0.0291683
-0.00482025
0.0293367
-0.00498215
0.0294933
-0.00480484
0.0295671
-0.00475197
0.0296146
-0.00449625
0.029572
-0.00434675
0.0294836
-0.00411705
0.0293153
-0.00395877
0.0291224
-0.00374771
0.0288831
-0.00355004
0.0286421
-0.00330879
0.0284061
-0.00304909
0.0282118
-0.00276777
0.0280372
-0.00245619
0.0279399
-0.00213929
0.0278512
-0.00180951
0.0278276
-0.00146663
0.0278039
-0.00121951
0.0278049
-0.000898427
0.0278329
-0.000807263
0.027842
-0.000557434
0.0278953
-0.000627932
0.0278973
-0.000453715
0.0279419
-0.000625822
0.0279186
-0.000481884
0.0279298
-0.000656488
0.0278509
-0.000471738
0.0278041
-0.000580209
0.0276722
-0.000343701
0.02758
-0.000390047
0.0273866
-0.000103976
0.027231
-0.000157874
0.0270543
4.55213e-05
0.026883
3.61856e-05
0.0267581
0.000126199
0.0266155
0.000110333
0.0265428
7.64306e-05
0.0264635
3.38429e-05
0.0264269
-9.20006e-05
0.0264422
-0.000227906
0.0264852
-0.000466459
0.0265602
-0.00068869
0.0266629
-0.00102251
0.026816
-0.00133907
0.0269837
-0.00168879
0.0272112
-0.00204835
0.0274984
-0.00246701
0.027916
-0.00286708
0.0283819
-0.00323812
0.0288669
-0.00342843
-0.00350602
0.0247121
0.00780655
0.0266596
0.00713316
0.0279149
0.00622712
0.0288228
0.00516688
0.0294529
0.00413157
0.0298212
0.00320821
0.029895
0.00244019
0.0297146
0.00179542
0.029703
0.0014548
0.0297708
0.00136186
0.0298465
0.00138369
0.0299636
0.00156591
0.0301615
0.00184479
0.0303139
0.00221044
0.0306245
0.00252892
0.0311473
0.0029474
0.0318389
0.00328075
0.0325355
0.00346885
0.0332514
0.00338919
0.033916
0.00305912
0.0344937
0.00245455
0.0349892
0.00165762
0.0353208
0.000732722
0.0355374
-0.000369648
0.03553
-0.00150276
0.0354565
-0.00243916
0.0351607
-0.00324749
0.0348044
-0.0037917
0.0342939
-0.00420511
0.0337938
-0.00432015
0.0332139
-0.00440223
0.0326627
-0.00425367
0.0320875
-0.00417671
0.0315303
-0.00393911
0.0309879
-0.00380432
0.0304496
-0.00357878
0.0299212
-0.00343037
0.0294075
-0.00323398
0.0289449
-0.00308748
0.0285087
-0.00287257
0.0281489
-0.00268922
0.0278393
-0.00245824
0.0276056
-0.00222244
0.0274472
-0.00198095
0.0273335
-0.00169579
0.0272879
-0.00142096
0.0272549
-0.00118651
0.0272542
-0.000897817
0.0272654
-0.000818427
0.0272697
-0.000561676
0.0272945
-0.00065281
0.0273033
-0.000462482
0.0273233
-0.000645831
0.02733
-0.000488536
0.0273416
-0.000668145
0.0272959
-0.000425991
0.0272522
-0.000536552
0.0271357
-0.000227222
0.027008
-0.00026228
0.0268945
9.50311e-06
0.0267484
-1.17454e-05
0.0265677
0.000226182
0.0264491
0.000154797
0.0263191
0.000256169
0.0262369
0.000192552
0.0261363
0.000177072
0.0261028
6.72917e-05
0.0260629
-5.21168e-05
0.0260805
-0.000245446
0.0260861
-0.000472098
0.0261347
-0.000737294
0.0262315
-0.00111928
0.0263549
-0.00146246
0.0265423
-0.00187628
0.0267609
-0.00226692
0.0269927
-0.00269883
0.0274143
-0.00328864
0.0279041
-0.00372798
0.0283008
-0.0038251
-0.0037226
0.0239907
0.00566024
0.0259284
0.00519541
0.0275091
0.00464641
0.0287398
0.00393626
0.0296099
0.00326142
0.0302652
0.00255296
0.0306974
0.00200796
0.030935
0.00155781
0.0311464
0.00124341
0.03136
0.00114822
0.0315978
0.00114592
0.0318513
0.00131238
0.0322228
0.00147336
0.0326163
0.00181691
0.033137
0.00200821
0.0337933
0.00229106
0.0346362
0.00243787
0.0355126
0.00259248
0.0364008
0.00250101
0.0371998
0.00226008
0.0378675
0.00178688
0.0383696
0.00115556
0.0386863
0.000416003
0.038731
-0.000414379
0.0384752
-0.00124696
0.0380575
-0.00202147
0.0374049
-0.00259488
0.036679
-0.00306581
0.035807
-0.00333306
0.0349889
-0.00350205
0.0341022
-0.0035155
0.033316
-0.0034675
0.0324985
-0.00335925
0.0317818
-0.00322242
0.031072
-0.00309453
0.0304299
-0.00293664
0.0298194
-0.0028199
0.0292512
-0.00266571
0.0287391
-0.00257544
0.0282683
-0.00240175
0.0278781
-0.00229898
0.0275221
-0.00210224
0.0272537
-0.00195409
0.027022
-0.00174928
0.0268574
-0.00153117
0.0267422
-0.0013057
0.0266415
-0.00108588
0.0265871
-0.000843374
0.0265319
-0.000763186
0.0265215
-0.000551282
0.0264951
-0.000626425
0.026536
-0.000503453
0.0265399
-0.000649713
0.0265956
-0.000544248
0.0266383
-0.000710819
0.0267037
-0.000491363
0.0267364
-0.000569228
0.0266832
-0.000174073
0.0266379
-0.000217005
0.0265466
0.000100889
0.0264074
0.000127429
0.0262901
0.000343509
0.0261627
0.000282128
0.0260266
0.000392314
0.0259436
0.000275556
0.0257963
0.000324383
0.0257266
0.000136961
0.0256098
6.46995e-05
0.0255536
-0.000189297
0.0254256
-0.000344071
0.0253637
-0.000675438
0.0252885
-0.00104406
0.0252307
-0.00140464
0.0252894
-0.00193495
0.025447
-0.00242453
0.0255283
-0.00278017
0.0257676
-0.00352797
0.0260213
-0.00398167
0.0260677
-0.00387145
-0.00360602
0.0217359
0.00357743
0.0236108
0.00332048
0.0252459
0.00301131
0.0266547
0.00252745
0.027748
0.00216819
0.0286321
0.00166886
0.0292858
0.00135424
0.0298015
0.0010421
0.0301944
0.000850525
0.0305941
0.000748471
0.0309807
0.00075935
0.0314379
0.000855143
0.0319373
0.00097397
0.0325548
0.00119945
0.0332149
0.00134806
0.0339832
0.00152284
0.0348342
0.0015868
0.0357318
0.00169489
0.0366384
0.00159447
0.0374288
0.0014696
0.0381114
0.00110427
0.0385635
0.000703454
0.0388284
0.000151126
0.038775
-0.000361
0.038474
-0.000945976
0.0379147
-0.00146216
0.037203
-0.00188312
0.0363585
-0.00222136
0.0354325
-0.00240706
0.0344942
-0.00256372
0.0335298
-0.00255108
0.0326382
-0.00257596
0.0317172
-0.00243818
0.0309142
-0.00241946
0.0300819
-0.00226229
0.0293632
-0.00221791
0.0286366
-0.00209329
0.0280034
-0.00203255
0.0273733
-0.00194525
0.0268445
-0.001873
0.0263681
-0.00182254
0.0259641
-0.00169823
0.0256409
-0.00163089
0.0253611
-0.00146957
0.0251348
-0.00130482
0.024924
-0.00109486
0.0247214
-0.000883367
0.0245597
-0.00068168
0.024384
-0.000587397
0.0242615
-0.000428824
0.024144
-0.000508956
0.0240709
-0.000430346
0.0239937
-0.000572477
0.0240278
-0.000578373
0.023978
-0.000661047
0.0240127
-0.000525983
0.0239421
-0.00049867
0.0239962
-0.000228147
0.023925
-0.000145803
0.023839
0.000186863
0.0237809
0.000185564
0.0237764
0.000347941
0.0237242
0.000334332
0.0236693
0.000447279
0.0235873
0.00035757
0.0235463
0.000365357
0.0234593
0.000223941
0.023394
0.000129979
0.0231749
2.97947e-05
0.0230444
-0.000213591
0.0227932
-0.000424224
0.0224879
-0.000738747
0.0220631
-0.000979782
0.0218311
-0.00170301
0.0214119
-0.00200533
0.0217705
-0.00313872
0.0218158
-0.00357327
0.0212336
-0.00339945
0.020717
-0.00335492
-0.0031717
0.0207578
0.0016932
0.022458
0.00162018
0.02402
0.00144937
0.0253385
0.00120899
0.0264555
0.00105115
0.0273419
0.000782426
0.0280391
0.000657121
0.0286193
0.0004618
0.0290528
0.000417074
0.0294979
0.000303337
0.0298953
0.000362002
0.0304057
0.00034471
0.0309221
0.000457585
0.0316093
0.000512271
0.0323163
0.000641051
0.0331393
0.000699833
0.0339766
0.000749462
0.0348879
0.000783603
0.0357597
0.000722718
0.0365531
0.000676157
0.037208
0.00044945
0.0376236
0.000287816
0.0378259
-5.11751e-05
0.037727
-0.00026207
0.037399
-0.000618018
0.0367732
-0.000836353
0.0360208
-0.00113072
0.0350512
-0.00125176
0.0340541
-0.00140993
0.0329404
-0.00145002
0.0318793
-0.00149003
0.0307809
-0.00147756
0.0297545
-0.00141174
0.028751
-0.00141595
0.027769
-0.00128027
0.0268711
-0.00132006
0.0259453
-0.00116747
0.0251471
-0.00123435
0.0243007
-0.00109886
0.0235945
-0.00116686
0.0228768
-0.00110479
0.022258
-0.00107946
0.0217425
-0.00111535
0.021208
-0.000935098
0.0208221
-0.000918946
0.0203831
-0.000655813
0.0199684
-0.000468688
0.0196567
-0.000369951
0.0192151
-0.000145868
0.0189374
-0.000151065
0.0186548
-0.000226354
0.0183769
-0.00015247
0.0182232
-0.000418811
0.0181484
-0.000503493
0.0179902
-0.000502929
0.0179423
-0.000478022
0.0179264
-0.000482829
0.0178666
-0.000168294
0.0176267
9.41027e-05
0.0175159
0.000297663
0.0173842
0.000317275
0.017378
0.00035414
0.0172781
0.000434246
0.0172458
0.00047949
0.0171882
0.000415219
0.0172266
0.000326926
0.0171461
0.000304456
0.0170852
0.000190895
0.0169059
0.000209052
0.0167603
-6.79486e-05
0.0165863
-0.000250226
0.0159472
-9.96431e-05
0.0154867
-0.000519239
0.0148563
-0.00107265
0.0135532
-0.000702222
0.0139003
-0.00348579
0.013698
-0.00337098
0.0125275
-0.00222896
0.010927
-0.00175441
-0.00119145
0.0189168
0.020537
0.0219863
0.0231953
0.0242465
0.0250289
0.025686
0.0261478
0.0265649
0.0268682
0.0272302
0.0275749
0.0280325
0.0285448
0.0291858
0.0298857
0.0306351
0.0314187
0.0321415
0.0328176
0.0332671
0.0335549
0.0335037
0.0332416
0.0326236
0.0317873
0.0306565
0.0294048
0.0279949
0.0265448
0.0250548
0.0235772
0.0221655
0.0207496
0.0194693
0.0181492
0.0169818
0.0157474
0.0146486
0.0134817
0.0123769
0.0112974
0.0101821
0.009247
0.00832806
0.00767224
0.00720356
0.0068336
0.00668774
0.00653667
0.00631032
0.00615785
0.00573904
0.00523554
0.00473261
0.00425459
0.00377176
0.00360347
0.00369757
0.00399524
0.00431251
0.00466665
0.0051009
0.00558039
0.00599561
0.00632253
0.00662699
0.00681788
0.00702694
0.00695899
0.00670876
0.00660912
0.00608988
0.00501723
0.004315
0.000829213
-0.00254177
-0.00477073
-0.00652514
)
;

boundaryField
{
    inlet
    {
        type            calculated;
        value           nonuniform List<scalar> 
20
(
-0.01
-0.01
-0.01
-0.01
-0.01
-0.01
-0.01
-0.01
-0.01
-0.01
-0.01
-0.01
-0.01
-0.01
-0.01
-0.01
-0.01
-0.01
-0.01
-0.01
)
;
    }
    outlet
    {
        type            calculated;
        value           nonuniform List<scalar> 10(0.0146607 0.022753 0.0275544 0.0297272 0.0293233 0.0285174 0.0259511 0.0202827 0.00894674 -0.00771659);
    }
    walls
    {
        type            calculated;
        value           uniform 0;
    }
    frontAndBack
    {
        type            empty;
        value           nonuniform List<scalar> 0();
    }
}


// ************************************************************************* //
