/*--------------------------------*- C++ -*----------------------------------*\
| =========                 |                                                 |
| \\      /  F ield         | OpenFOAM: The Open Source CFD Toolbox           |
|  \\    /   O peration     | Version:  2306                                  |
|   \\  /    A nd           | Website:  www.openfoam.com                      |
|    \\/     M anipulation  |                                                 |
\*---------------------------------------------------------------------------*/
FoamFile
{
    version     2.0;
    format      ascii;
    arch        "LSB;label=32;scalar=64";
    class       volVectorField;
    location    "0.225";
    object      U;
}
// * * * * * * * * * * * * * * * * * * * * * * * * * * * * * * * * * * * * * //

dimensions      [0 1 -1 0 0 0 0];

internalField   nonuniform List<vector> 
4400
(
(9.90175 0.045522 0)
(9.80631 0.0987226 0)
(9.70001 0.120958 0)
(9.57017 0.125794 0)
(9.41809 0.124472 0)
(9.25221 0.123465 0)
(9.08055 0.124126 0)
(8.90825 0.125695 0)
(8.73716 0.126968 0)
(8.56785 0.12742 0)
(8.40002 0.126858 0)
(8.23344 0.125556 0)
(8.06786 0.123754 0)
(7.90333 0.121753 0)
(7.73989 0.119646 0)
(7.57769 0.117557 0)
(7.41691 0.115413 0)
(7.25761 0.113284 0)
(7.10004 0.111042 0)
(6.94413 0.108804 0)
(6.79022 0.106424 0)
(6.63802 0.104077 0)
(6.48805 0.101598 0)
(6.33983 0.0991518 0)
(6.19406 0.0966341 0)
(6.05002 0.09415 0)
(5.90859 0.0916259 0)
(5.76892 0.0891402 0)
(5.63189 0.0866488 0)
(5.49672 0.08423 0)
(5.36402 0.081817 0)
(5.23342 0.0795283 0)
(5.10489 0.0772223 0)
(4.97866 0.0751064 0)
(4.85396 0.0729695 0)
(4.73168 0.0710766 0)
(4.61028 0.0691779 0)
(4.49129 0.0676298 0)
(4.3724 0.0661039 0)
(4.25569 0.0650429 0)
(4.13821 0.0640422 0)
(4.0224 0.0636455 0)
(3.90496 0.06334 0)
(3.78832 0.0637427 0)
(3.66914 0.0642831 0)
(3.54949 0.0655838 0)
(3.42624 0.0671401 0)
(3.30089 0.0694413 0)
(3.17068 0.072183 0)
(3.03633 0.0755708 0)
(2.89569 0.0796526 0)
(2.74851 0.0842127 0)
(2.59344 0.0897204 0)
(2.42903 0.0954383 0)
(2.25519 0.102289 0)
(2.06885 0.108921 0)
(1.8719 0.116665 0)
(1.65931 0.123434 0)
(1.43571 0.13096 0)
(1.19406 0.136164 0)
(0.9425 0.141228 0)
(0.671958 0.141514 0)
(0.394591 0.13765 0)
(0.108627 0.107821 0)
(-0.144115 0.0511117 0)
(-0.396326 -0.0362764 0)
(-0.57257 -0.127542 0)
(-0.69493 -0.242857 0)
(-0.690925 -0.366112 0)
(-0.633576 -0.513072 0)
(-0.41155 -0.63352 0)
(-0.154109 -0.725053 0)
(0.137837 -0.571653 0)
(0.312568 -0.217661 0)
(0.383657 0.593207 0)
(-0.529365 0.881576 0)
(-0.511232 0.158926 0)
(-0.162063 -0.0713325 0)
(0.11829 -0.12857 0)
(-0.0911172 -0.291303 0)
(10 0.0612172 0)
(10.032 0.137464 0)
(10.0694 0.17363 0)
(10.1051 0.184939 0)
(10.1323 0.186163 0)
(10.1501 0.186241 0)
(10.1588 0.188285 0)
(10.1611 0.191951 0)
(10.159 0.195922 0)
(10.1539 0.199098 0)
(10.1466 0.201114 0)
(10.1369 0.201996 0)
(10.1252 0.202153 0)
(10.1106 0.201796 0)
(10.0942 0.201342 0)
(10.0745 0.200686 0)
(10.0533 0.200126 0)
(10.0287 0.199356 0)
(10.0033 0.198624 0)
(9.97419 0.197656 0)
(9.94502 0.196667 0)
(9.91172 0.195476 0)
(9.87904 0.194223 0)
(9.84182 0.19285 0)
(9.80583 0.191381 0)
(9.76495 0.189884 0)
(9.72565 0.188305 0)
(9.68142 0.18664 0)
(9.63878 0.185112 0)
(9.59146 0.183247 0)
(9.54541 0.181923 0)
(9.49506 0.179894 0)
(9.44566 0.178844 0)
(9.39207 0.176773 0)
(9.33935 0.176072 0)
(9.2821 0.174132 0)
(9.22609 0.173865 0)
(9.16454 0.1723 0)
(9.10517 0.172576 0)
(9.03836 0.1717 0)
(8.97536 0.172654 0)
(8.90207 0.172809 0)
(8.83491 0.174688 0)
(8.75371 0.176268 0)
(8.68144 0.179435 0)
(8.59068 0.182815 0)
(8.51175 0.187709 0)
(8.40953 0.193254 0)
(8.32171 0.200342 0)
(8.20574 0.208555 0)
(8.10612 0.218164 0)
(7.97351 0.229695 0)
(7.85854 0.242013 0)
(7.70562 0.257539 0)
(7.57106 0.272584 0)
(7.39334 0.292527 0)
(7.2343 0.310063 0)
(7.0266 0.334299 0)
(6.83743 0.353518 0)
(6.59443 0.380835 0)
(6.36901 0.399599 0)
(6.08566 0.42673 0)
(5.81798 0.439663 0)
(5.48984 0.458931 0)
(5.18157 0.452954 0)
(4.82194 0.453505 0)
(4.459 0.413989 0)
(4.03947 0.386136 0)
(3.57944 0.31524 0)
(3.04359 0.284135 0)
(2.36699 0.202966 0)
(1.52647 0.231854 0)
(0.471315 0.130769 0)
(-0.190939 0.0162174 0)
(-0.555583 0.144033 0)
(-0.438989 -0.00443081 0)
(-0.141529 -0.629232 0)
(-0.62011 -0.674901 0)
(-0.486766 0.067951 0)
(-0.430026 0.471973 0)
(9.99955 0.0268949 0)
(10.0173 0.0696639 0)
(10.0422 0.0999888 0)
(10.0753 0.117416 0)
(10.1077 0.126893 0)
(10.14 0.131802 0)
(10.1665 0.135951 0)
(10.1917 0.140279 0)
(10.2122 0.145383 0)
(10.2337 0.150322 0)
(10.2527 0.154949 0)
(10.2738 0.158629 0)
(10.2927 0.161766 0)
(10.3136 0.164026 0)
(10.3319 0.166183 0)
(10.3515 0.167778 0)
(10.3686 0.169494 0)
(10.3864 0.170925 0)
(10.4022 0.172251 0)
(10.418 0.173628 0)
(10.4325 0.174543 0)
(10.4464 0.175783 0)
(10.4594 0.17634 0)
(10.4715 0.177383 0)
(10.4824 0.177714 0)
(10.493 0.178569 0)
(10.5011 0.178804 0)
(10.5105 0.179457 0)
(10.5152 0.179731 0)
(10.5236 0.180239 0)
(10.5245 0.180638 0)
(10.5317 0.181152 0)
(10.5284 0.181705 0)
(10.5345 0.182458 0)
(10.5265 0.183282 0)
(10.5314 0.184505 0)
(10.5182 0.185738 0)
(10.5217 0.187781 0)
(10.503 0.189518 0)
(10.5046 0.192859 0)
(10.4799 0.19528 0)
(10.4791 0.200341 0)
(10.4481 0.20387 0)
(10.4441 0.211065 0)
(10.4063 0.216333 0)
(10.3981 0.226027 0)
(10.3527 0.233909 0)
(10.3392 0.246276 0)
(10.2851 0.25799 0)
(10.265 0.273115 0)
(10.2011 0.289895 0)
(10.1727 0.308077 0)
(10.0972 0.330922 0)
(10.0582 0.352678 0)
(9.96928 0.382237 0)
(9.91672 0.408124 0)
(9.81241 0.444405 0)
(9.74197 0.474625 0)
(9.61995 0.516885 0)
(9.52638 0.54991 0)
(9.38289 0.596268 0)
(9.25999 0.627247 0)
(9.08858 0.67285 0)
(8.92823 0.692304 0)
(8.71753 0.727979 0)
(8.50995 0.724039 0)
(8.23581 0.744162 0)
(7.95396 0.716837 0)
(7.59117 0.740633 0)
(7.20967 0.72599 0)
(6.73232 0.806578 0)
(6.22267 0.851524 0)
(5.6279 1.00488 0)
(4.97015 0.950924 0)
(4.37789 0.914386 0)
(3.339 0.717707 0)
(2.8221 0.497561 0)
(1.25764 0.348393 0)
(0.0961548 -0.207014 0)
(-0.182441 -0.684969 0)
(9.99918 0.0190168 0)
(10.0111 0.0524906 0)
(10.0266 0.0808282 0)
(10.0522 0.101027 0)
(10.0767 0.114905 0)
(10.1065 0.122923 0)
(10.1304 0.128564 0)
(10.1576 0.13235 0)
(10.178 0.136488 0)
(10.203 0.140095 0)
(10.2218 0.144191 0)
(10.2473 0.147301 0)
(10.2663 0.15057 0)
(10.2932 0.152478 0)
(10.3122 0.154867 0)
(10.3403 0.15577 0)
(10.3586 0.157792 0)
(10.3873 0.158152 0)
(10.4044 0.16008 0)
(10.4338 0.160254 0)
(10.4495 0.162017 0)
(10.4796 0.162223 0)
(10.4939 0.163571 0)
(10.5246 0.164077 0)
(10.5373 0.164857 0)
(10.5685 0.165846 0)
(10.579 0.166125 0)
(10.6111 0.167473 0)
(10.6188 0.167694 0)
(10.652 0.16907 0)
(10.6562 0.169766 0)
(10.6904 0.170931 0)
(10.6913 0.172466 0)
(10.7256 0.173459 0)
(10.7235 0.176096 0)
(10.7571 0.177055 0)
(10.7525 0.181046 0)
(10.7846 0.182252 0)
(10.7777 0.1878 0)
(10.8075 0.189733 0)
(10.7985 0.197054 0)
(10.8252 0.200196 0)
(10.8144 0.209773 0)
(10.8373 0.214389 0)
(10.8246 0.227102 0)
(10.8432 0.23319 0)
(10.8282 0.250333 0)
(10.8426 0.257747 0)
(10.8242 0.280756 0)
(10.8346 0.289769 0)
(10.8117 0.319404 0)
(10.8182 0.331357 0)
(10.7898 0.367442 0)
(10.7923 0.384332 0)
(10.7572 0.426413 0)
(10.7556 0.449841 0)
(10.7116 0.497514 0)
(10.7063 0.528324 0)
(10.6504 0.580387 0)
(10.6398 0.618559 0)
(10.5695 0.67183 0)
(10.548 0.716013 0)
(10.4598 0.764539 0)
(10.4159 0.811686 0)
(10.3033 0.847967 0)
(10.2171 0.895802 0)
(10.07 0.921023 0)
(9.91513 0.978047 0)
(9.72613 1.01025 0)
(9.47888 1.09435 0)
(9.24295 1.16 0)
(8.8829 1.28088 0)
(8.60253 1.36439 0)
(8.09802 1.46489 0)
(7.75285 1.47237 0)
(7.08684 1.52163 0)
(6.58471 1.44561 0)
(5.83116 1.49434 0)
(4.95779 1.43292 0)
(4.09071 1.18666 0)
(9.99923 0.013544 0)
(10.008 0.0382763 0)
(10.0183 0.0606446 0)
(10.0383 0.0776549 0)
(10.0569 0.0907358 0)
(10.0833 0.0986753 0)
(10.1039 0.104675 0)
(10.1309 0.107987 0)
(10.1498 0.111632 0)
(10.1759 0.114105 0)
(10.1933 0.117634 0)
(10.2201 0.119992 0)
(10.237 0.123255 0)
(10.2655 0.124909 0)
(10.2823 0.127611 0)
(10.3124 0.128382 0)
(10.3288 0.130715 0)
(10.36 0.130878 0)
(10.3755 0.133141 0)
(10.4075 0.13309 0)
(10.4223 0.135325 0)
(10.4546 0.135235 0)
(10.4691 0.137386 0)
(10.5011 0.137338 0)
(10.5159 0.139474 0)
(10.5469 0.139462 0)
(10.5622 0.141675 0)
(10.5919 0.141672 0)
(10.6075 0.144274 0)
(10.6358 0.144047 0)
(10.6514 0.147628 0)
(10.6783 0.146718 0)
(10.6935 0.152001 0)
(10.7191 0.150142 0)
(10.7336 0.157516 0)
(10.7578 0.154991 0)
(10.7713 0.164331 0)
(10.794 0.161932 0)
(10.8064 0.172915 0)
(10.8274 0.171642 0)
(10.8385 0.183877 0)
(10.8576 0.184975 0)
(10.8675 0.197874 0)
(10.8842 0.202984 0)
(10.893 0.215779 0)
(10.9075 0.22664 0)
(10.9143 0.23899 0)
(10.9275 0.256661 0)
(10.9312 0.269644 0)
(10.9445 0.293526 0)
(10.9432 0.310147 0)
(10.959 0.338313 0)
(10.9505 0.361997 0)
(10.9701 0.393397 0)
(10.9551 0.425591 0)
(10.9763 0.461222 0)
(10.9579 0.501349 0)
(10.9771 0.542611 0)
(10.9581 0.589565 0)
(10.971 0.636526 0)
(10.9536 0.688883 0)
(10.9526 0.739765 0)
(10.9384 0.796791 0)
(10.9122 0.847166 0)
(10.8975 0.911448 0)
(10.8351 0.95856 0)
(10.81 1.03712 0)
(10.701 1.08841 0)
(10.6537 1.18966 0)
(10.49 1.25971 0)
(10.4076 1.38784 0)
(10.187 1.48785 0)
(10.053 1.62677 0)
(9.77721 1.74329 0)
(9.55471 1.84961 0)
(9.2224 1.95422 0)
(8.84199 1.99212 0)
(8.42118 2.05218 0)
(7.77228 2.00414 0)
(7.12368 1.93002 0)
(9.99932 0.00981006 0)
(10.0061 0.0278901 0)
(10.0139 0.0449396 0)
(10.0299 0.0586243 0)
(10.0452 0.0700641 0)
(10.0678 0.0775549 0)
(10.0867 0.0835827 0)
(10.1116 0.08685 0)
(10.1307 0.090354 0)
(10.1556 0.0923552 0)
(10.174 0.0953457 0)
(10.1992 0.0973304 0)
(10.2174 0.100042 0)
(10.2437 0.101859 0)
(10.2624 0.104069 0)
(10.2894 0.105334 0)
(10.3087 0.107168 0)
(10.3358 0.107763 0)
(10.3558 0.10974 0)
(10.3824 0.109727 0)
(10.4031 0.1122 0)
(10.4288 0.111555 0)
(10.4505 0.114695 0)
(10.4747 0.113465 0)
(10.498 0.117341 0)
(10.52 0.11557 0)
(10.545 0.120121 0)
(10.5649 0.118068 0)
(10.591 0.123187 0)
(10.6094 0.121204 0)
(10.6354 0.126768 0)
(10.6532 0.125147 0)
(10.6778 0.131262 0)
(10.6962 0.130134 0)
(10.7181 0.137063 0)
(10.738 0.136634 0)
(10.756 0.144363 0)
(10.7781 0.145492 0)
(10.7916 0.153332 0)
(10.8161 0.157619 0)
(10.825 0.164417 0)
(10.8512 0.1738 0)
(10.8568 0.17843 0)
(10.8827 0.194722 0)
(10.8871 0.196656 0)
(10.9108 0.220782 0)
(10.9154 0.220932 0)
(10.9361 0.252517 0)
(10.9418 0.252981 0)
(10.9585 0.291075 0)
(10.9669 0.294458 0)
(10.9786 0.337448 0)
(10.9908 0.34782 0)
(10.9974 0.392082 0)
(11.0142 0.415116 0)
(11.0145 0.456769 0)
(11.0396 0.495961 0)
(11.0286 0.53413 0)
(11.0666 0.589668 0)
(11.0416 0.624354 0)
(11.0901 0.695974 0)
(11.054 0.727563 0)
(11.1035 0.812228 0)
(11.0604 0.84648 0)
(11.0993 0.938275 0)
(11.0501 0.985543 0)
(11.0674 1.08173 0)
(11.0088 1.15439 0)
(10.9965 1.25572 0)
(10.9226 1.36633 0)
(10.8751 1.47523 0)
(10.7812 1.62837 0)
(10.6931 1.74646 0)
(10.5757 1.92267 0)
(10.4286 2.04918 0)
(10.2772 2.19842 0)
(10.023 2.32635 0)
(9.79076 2.4098 0)
(9.36855 2.51806 0)
(8.95192 2.54491 0)
(9.99977 0.00714152 0)
(10.0045 0.0198533 0)
(10.012 0.0327866 0)
(10.0244 0.0429202 0)
(10.0389 0.0524794 0)
(10.0572 0.058594 0)
(10.0763 0.0642856 0)
(10.0974 0.0670911 0)
(10.1185 0.0703704 0)
(10.14 0.0719228 0)
(10.1617 0.0743691 0)
(10.1829 0.0759345 0)
(10.2052 0.078076 0)
(10.2267 0.0796866 0)
(10.2499 0.0815771 0)
(10.2717 0.0826893 0)
(10.2957 0.0844981 0)
(10.3176 0.084849 0)
(10.3425 0.0869823 0)
(10.3642 0.0867253 0)
(10.3894 0.0892271 0)
(10.4108 0.0887014 0)
(10.4363 0.0914299 0)
(10.4572 0.0910632 0)
(10.4831 0.0937745 0)
(10.5033 0.0938478 0)
(10.5294 0.0962953 0)
(10.5491 0.0972366 0)
(10.5745 0.0991808 0)
(10.5949 0.101418 0)
(10.6181 0.10273 0)
(10.6403 0.106456 0)
(10.6597 0.10748 0)
(10.6852 0.112503 0)
(10.6993 0.113845 0)
(10.7291 0.119971 0)
(10.7369 0.122121 0)
(10.7716 0.129495 0)
(10.7727 0.132806 0)
(10.8118 0.141472 0)
(10.8073 0.146814 0)
(10.8488 0.156291 0)
(10.8418 0.164911 0)
(10.8814 0.175226 0)
(10.8771 0.187077 0)
(10.909 0.200216 0)
(10.9136 0.213768 0)
(10.932 0.232222 0)
(10.9508 0.247133 0)
(10.9519 0.271216 0)
(10.9882 0.28954 0)
(10.9704 0.318343 0)
(11.0248 0.341948 0)
(10.9899 0.375537 0)
(11.0593 0.405883 0)
(11.0135 0.443092 0)
(11.0904 0.48371 0)
(11.0423 0.52199 0)
(11.1188 0.574526 0)
(11.0737 0.615907 0)
(11.1462 0.676778 0)
(11.1041 0.726138 0)
(11.17 0.793315 0)
(11.1301 0.85353 0)
(11.1849 0.928497 0)
(11.1458 1.00337 0)
(11.1838 1.08993 0)
(11.143 1.183 0)
(11.1591 1.29057 0)
(11.1125 1.40083 0)
(11.1034 1.54483 0)
(11.0489 1.66482 0)
(11.0089 1.85194 0)
(10.9431 1.9829 0)
(10.8672 2.18295 0)
(10.7651 2.339 0)
(10.6446 2.50988 0)
(10.4567 2.68447 0)
(10.2585 2.82892 0)
(9.93114 2.99204 0)
(10.0013 0.00514164 0)
(10.0023 0.0130815 0)
(10.0122 0.0227466 0)
(10.0198 0.029178 0)
(10.0363 0.0368664 0)
(10.0493 0.0407139 0)
(10.0707 0.0459754 0)
(10.087 0.0472891 0)
(10.1112 0.0509924 0)
(10.1284 0.0509438 0)
(10.1539 0.0541674 0)
(10.1711 0.053844 0)
(10.1973 0.0569366 0)
(10.2148 0.0567732 0)
(10.2416 0.059584 0)
(10.2594 0.0593601 0)
(10.287 0.0618555 0)
(10.3053 0.0614615 0)
(10.3333 0.0638958 0)
(10.352 0.0634345 0)
(10.3796 0.0657654 0)
(10.3994 0.0656114 0)
(10.4256 0.0676874 0)
(10.447 0.0683273 0)
(10.4714 0.0698203 0)
(10.494 0.0716099 0)
(10.5171 0.0722224 0)
(10.5405 0.0756547 0)
(10.5622 0.0751084 0)
(10.5867 0.0805885 0)
(10.606 0.0788498 0)
(10.6327 0.0863365 0)
(10.6482 0.0842303 0)
(10.6782 0.0926827 0)
(10.6888 0.0921525 0)
(10.7225 0.0994938 0)
(10.7278 0.103208 0)
(10.7654 0.107474 0)
(10.7657 0.117272 0)
(10.8059 0.118045 0)
(10.8032 0.134043 0)
(10.8428 0.13243 0)
(10.8419 0.15405 0)
(10.8749 0.151304 0)
(10.8825 0.178147 0)
(10.9021 0.175909 0)
(10.9248 0.206542 0)
(10.9256 0.208383 0)
(10.9682 0.239325 0)
(10.947 0.250378 0)
(11.0117 0.278138 0)
(10.9687 0.301997 0)
(11.0534 0.325794 0)
(10.9944 0.363639 0)
(11.0917 0.383462 0)
(11.0257 0.437484 0)
(11.1277 0.451963 0)
(11.0617 0.523935 0)
(11.1626 0.534785 0)
(11.1011 0.622119 0)
(11.1971 0.634639 0)
(11.1409 0.734458 0)
(11.2311 0.753948 0)
(11.1779 0.863432 0)
(11.2603 0.899817 0)
(11.2098 1.01263 0)
(11.2775 1.07965 0)
(11.2338 1.19286 0)
(11.2743 1.29803 0)
(11.2441 1.42254 0)
(11.2483 1.55671 0)
(11.2277 1.71516 0)
(11.1976 1.86699 0)
(11.177 2.05659 0)
(11.1065 2.24028 0)
(11.0779 2.42936 0)
(10.9494 2.65174 0)
(10.8925 2.8413 0)
(10.6788 3.06373 0)
(10.5623 3.28353 0)
(10.0026 0.00322041 0)
(10.0006 0.00737489 0)
(10.0128 0.0136588 0)
(10.0168 0.0168841 0)
(10.0352 0.022272 0)
(10.0443 0.0238994 0)
(10.0677 0.0280874 0)
(10.0803 0.0280557 0)
(10.107 0.0314698 0)
(10.1209 0.0304521 0)
(10.1493 0.0335555 0)
(10.1634 0.0324421 0)
(10.1927 0.0352766 0)
(10.2069 0.0346764 0)
(10.2368 0.0369513 0)
(10.2514 0.036776 0)
(10.282 0.038579 0)
(10.2971 0.0386271 0)
(10.3283 0.0403154 0)
(10.3436 0.0404384 0)
(10.3748 0.0420337 0)
(10.391 0.0425541 0)
(10.4209 0.0439614 0)
(10.4391 0.0452466 0)
(10.4663 0.0462859 0)
(10.4872 0.0484742 0)
(10.5113 0.0491358 0)
(10.5349 0.0524897 0)
(10.556 0.0526237 0)
(10.5821 0.0575225 0)
(10.5999 0.0570009 0)
(10.6289 0.0636147 0)
(10.6426 0.0629229 0)
(10.6749 0.0706321 0)
(10.6845 0.0711861 0)
(10.719 0.0785551 0)
(10.7263 0.0823775 0)
(10.7607 0.0877543 0)
(10.7681 0.0969005 0)
(10.7999 0.0988686 0)
(10.8098 0.115179 0)
(10.8363 0.112703 0)
(10.8522 0.137508 0)
(10.8691 0.130713 0)
(10.8962 0.163301 0)
(10.8982 0.155524 0)
(10.9416 0.191841 0)
(10.9253 0.189032 0)
(10.9869 0.224245 0)
(10.9528 0.231557 0)
(11.0314 0.262339 0)
(10.9813 0.284271 0)
(11.0765 0.306885 0)
(11.0111 0.348596 0)
(11.1226 0.360472 0)
(11.0445 0.42302 0)
(11.1676 0.428146 0)
(11.0845 0.50596 0)
(11.2099 0.513545 0)
(11.1321 0.59825 0)
(11.2488 0.619489 0)
(11.187 0.703278 0)
(11.2835 0.746954 0)
(11.2461 0.829793 0)
(11.3147 0.895581 0)
(11.3024 0.988662 0)
(11.3431 1.07025 0)
(11.3488 1.18726 0)
(11.3639 1.28689 0)
(11.3836 1.42556 0)
(11.3664 1.5659 0)
(11.4024 1.71176 0)
(11.3444 1.90402 0)
(11.3902 2.07269 0)
(11.2891 2.28426 0)
(11.3339 2.5097 0)
(11.1744 2.71821 0)
(11.2078 2.98882 0)
(10.9762 3.21594 0)
(10.949 3.49817 0)
(10.0025 0.00150138 0)
(10.0005 0.00209887 0)
(10.0125 0.00499556 0)
(10.016 0.00547727 0)
(10.0343 0.00793187 0)
(10.0425 0.00807245 0)
(10.066 0.0100214 0)
(10.0775 0.00965145 0)
(10.1049 0.0115011 0)
(10.1174 0.010552 0)
(10.1473 0.0126388 0)
(10.1595 0.0114025 0)
(10.191 0.0136939 0)
(10.2029 0.012632 0)
(10.2351 0.0146318 0)
(10.2474 0.0140092 0)
(10.2801 0.015672 0)
(10.2932 0.0155391 0)
(10.3265 0.016997 0)
(10.3395 0.0172442 0)
(10.3735 0.0183882 0)
(10.3866 0.0194978 0)
(10.4202 0.0200625 0)
(10.4348 0.0223714 0)
(10.4656 0.0223905 0)
(10.4838 0.02551 0)
(10.5102 0.0258574 0)
(10.5326 0.029031 0)
(10.5549 0.0304647 0)
(10.5803 0.0335058 0)
(10.5997 0.0359132 0)
(10.627 0.0395392 0)
(10.6439 0.0425488 0)
(10.6728 0.0468477 0)
(10.6878 0.0515748 0)
(10.7167 0.0547834 0)
(10.7319 0.0641619 0)
(10.7583 0.0635479 0)
(10.7763 0.0801636 0)
(10.7978 0.0748286 0)
(10.8205 0.0986089 0)
(10.8354 0.0904552 0)
(10.865 0.119712 0)
(10.8706 0.110581 0)
(10.9106 0.145051 0)
(10.9034 0.135646 0)
(10.9572 0.174313 0)
(10.9351 0.169262 0)
(11.0044 0.205425 0)
(10.9669 0.213798 0)
(11.0521 0.241198 0)
(11.0007 0.265826 0)
(11.0994 0.288072 0)
(11.0389 0.32333 0)
(11.1456 0.347046 0)
(11.0835 0.390818 0)
(11.19 0.416483 0)
(11.1365 0.471136 0)
(11.2323 0.499172 0)
(11.1982 0.565599 0)
(11.2736 0.597274 0)
(11.2675 0.679054 0)
(11.3144 0.713897 0)
(11.3424 0.814145 0)
(11.3551 0.859733 0)
(11.4189 0.970673 0)
(11.396 1.0471 0)
(11.4905 1.16027 0)
(11.4379 1.27311 0)
(11.5479 1.4131 0)
(11.4765 1.53537 0)
(11.5885 1.73829 0)
(11.4936 1.86502 0)
(11.6075 2.11774 0)
(11.4799 2.28786 0)
(11.5682 2.55979 0)
(11.439 2.78501 0)
(11.4364 3.08046 0)
(11.3275 3.34655 0)
(11.2028 3.65823 0)
(10.0017 -0.000262521 0)
(10.0014 -0.00294719 0)
(10.0119 -0.00359219 0)
(10.0168 -0.00568078 0)
(10.0338 -0.00622169 0)
(10.0432 -0.00765501 0)
(10.0657 -0.00775986 0)
(10.0782 -0.00887579 0)
(10.1046 -0.00814427 0)
(10.118 -0.00962689 0)
(10.1471 -0.0079402 0)
(10.1599 -0.00986054 0)
(10.1911 -0.00770014 0)
(10.2032 -0.00942801 0)
(10.2353 -0.00783639 0)
(10.2479 -0.00844238 0)
(10.2803 -0.00772503 0)
(10.2943 -0.00707321 0)
(10.3264 -0.00688855 0)
(10.3411 -0.00569874 0)
(10.3736 -0.00545939 0)
(10.3881 -0.00381885 0)
(10.4214 -0.00362161 0)
(10.4353 -0.001038 0)
(10.4686 -0.00141541 0)
(10.483 0.00245634 0)
(10.5152 0.00183436 0)
(10.5309 0.00637521 0)
(10.5615 0.00668459 0)
(10.5782 0.0106958 0)
(10.6075 0.0132474 0)
(10.6251 0.015933 0)
(10.6528 0.0214905 0)
(10.6718 0.0226224 0)
(10.6972 0.0315424 0)
(10.7172 0.0309678 0)
(10.742 0.0440162 0)
(10.7603 0.0412571 0)
(10.7875 0.0590964 0)
(10.8015 0.054523 0)
(10.8329 0.0763113 0)
(10.8419 0.0724176 0)
(10.8777 0.0953456 0)
(10.8809 0.0959177 0)
(10.924 0.117216 0)
(10.917 0.124772 0)
(10.9731 0.143767 0)
(10.9517 0.158912 0)
(11.0222 0.176234 0)
(10.9899 0.199681 0)
(11.0687 0.214535 0)
(11.0336 0.249091 0)
(11.1137 0.260078 0)
(11.0828 0.30674 0)
(11.1584 0.315822 0)
(11.1392 0.373859 0)
(11.2023 0.381976 0)
(11.2044 0.453682 0)
(11.2468 0.461592 0)
(11.2765 0.544479 0)
(11.2964 0.563167 0)
(11.3528 0.646619 0)
(11.3527 0.688234 0)
(11.4341 0.773106 0)
(11.4147 0.831164 0)
(11.518 0.941334 0)
(11.4845 0.996537 0)
(11.6015 1.15192 0)
(11.5558 1.21722 0)
(11.6862 1.39095 0)
(11.6255 1.51884 0)
(11.7485 1.68514 0)
(11.7079 1.88222 0)
(11.7628 2.08011 0)
(11.7732 2.3119 0)
(11.7497 2.56564 0)
(11.757 2.84508 0)
(11.6944 3.12753 0)
(11.6351 3.47126 0)
(11.557 3.78086 0)
(10.0013 -0.00212113 0)
(10.0019 -0.0083128 0)
(10.0118 -0.0121357 0)
(10.0181 -0.0173439 0)
(10.0343 -0.0203192 0)
(10.0457 -0.0237498 0)
(10.0669 -0.0255772 0)
(10.0818 -0.0274131 0)
(10.1062 -0.0280932 0)
(10.1223 -0.0294513 0)
(10.149 -0.0290796 0)
(10.1644 -0.0306433 0)
(10.1933 -0.0297619 0)
(10.2076 -0.0311948 0)
(10.2379 -0.0307571 0)
(10.2526 -0.0308594 0)
(10.2832 -0.0313392 0)
(10.2994 -0.0298201 0)
(10.3294 -0.0309551 0)
(10.3466 -0.0287718 0)
(10.3769 -0.0294615 0)
(10.3937 -0.0274411 0)
(10.4255 -0.0271374 0)
(10.4406 -0.0253544 0)
(10.4738 -0.0243425 0)
(10.4879 -0.0223323 0)
(10.5215 -0.0206365 0)
(10.5356 -0.0185457 0)
(10.569 -0.015514 0)
(10.5829 -0.0139981 0)
(10.6164 -0.00895111 0)
(10.6299 -0.00800338 0)
(10.663 -0.00120018 0)
(10.677 2.14027e-05 0)
(10.7086 0.00811121 0)
(10.7235 0.00965907 0)
(10.7545 0.0203697 0)
(10.7676 0.0205057 0)
(10.8021 0.0358708 0)
(10.809 0.0342091 0)
(10.8505 0.0528372 0)
(10.8499 0.0534071 0)
(10.8976 0.0709864 0)
(10.8919 0.0773575 0)
(10.9434 0.0938654 0)
(10.9343 0.103635 0)
(10.9906 0.123493 0)
(10.9758 0.134567 0)
(11.0396 0.156552 0)
(11.0192 0.175321 0)
(11.0879 0.19238 0)
(11.0683 0.224362 0)
(11.1356 0.237559 0)
(11.1219 0.277112 0)
(11.187 0.296696 0)
(11.1795 0.335232 0)
(11.2413 0.368297 0)
(11.2461 0.405403 0)
(11.2966 0.449239 0)
(11.3225 0.494136 0)
(11.358 0.541055 0)
(11.4043 0.603509 0)
(11.4306 0.652636 0)
(11.4913 0.730379 0)
(11.5138 0.800765 0)
(11.5851 0.871216 0)
(11.611 0.996997 0)
(11.6763 1.04827 0)
(11.7314 1.22538 0)
(11.7591 1.30523 0)
(11.8574 1.48923 0)
(11.8599 1.63716 0)
(11.9425 1.85067 0)
(11.9807 2.02779 0)
(11.9929 2.32316 0)
(12.0555 2.5343 0)
(12.0043 2.87576 0)
(12.0661 3.18233 0)
(11.9126 3.51525 0)
(11.9593 3.93891 0)
(10.0009 -0.00391239 0)
(10.0026 -0.0142131 0)
(10.0124 -0.0212553 0)
(10.02 -0.0296177 0)
(10.0367 -0.0352777 0)
(10.0495 -0.040155 0)
(10.0711 -0.0441781 0)
(10.0875 -0.0459648 0)
(10.1114 -0.0485023 0)
(10.1292 -0.049369 0)
(10.1547 -0.050222 0)
(10.1718 -0.0520978 0)
(10.1993 -0.0513038 0)
(10.2149 -0.0542725 0)
(10.2448 -0.0526122 0)
(10.2598 -0.0548744 0)
(10.291 -0.0537291 0)
(10.3067 -0.0540141 0)
(10.3374 -0.0541415 0)
(10.3546 -0.0527861 0)
(10.3847 -0.0531483 0)
(10.4029 -0.0515808 0)
(10.4326 -0.0506742 0)
(10.4513 -0.0501722 0)
(10.4802 -0.0472072 0)
(10.5002 -0.0478159 0)
(10.5277 -0.0431007 0)
(10.5489 -0.0439012 0)
(10.5758 -0.0384118 0)
(10.5963 -0.0383787 0)
(10.6251 -0.0326538 0)
(10.6424 -0.0312694 0)
(10.6745 -0.0255115 0)
(10.6887 -0.0222283 0)
(10.7224 -0.016875 0)
(10.7355 -0.0111314 0)
(10.7699 -0.00554113 0)
(10.7808 0.000793018 0)
(10.819 0.0104678 0)
(10.8233 0.0131413 0)
(10.8692 0.0305513 0)
(10.8659 0.0293748 0)
(10.9171 0.0506713 0)
(10.9117 0.0539614 0)
(10.9624 0.0699737 0)
(10.9593 0.0847755 0)
(11.0092 0.09527 0)
(11.0052 0.116239 0)
(11.0603 0.129856 0)
(11.0518 0.151409 0)
(11.1116 0.169139 0)
(11.1055 0.196319 0)
(11.1607 0.212983 0)
(11.1663 0.248239 0)
(11.2139 0.26842 0)
(11.2296 0.305576 0)
(11.2753 0.334664 0)
(11.2979 0.375507 0)
(11.3426 0.411414 0)
(11.3754 0.455935 0)
(11.4193 0.5113 0)
(11.4584 0.541996 0)
(11.5125 0.637288 0)
(11.5457 0.654481 0)
(11.6228 0.76851 0)
(11.6458 0.824435 0)
(11.7391 0.910319 0)
(11.7772 1.03527 0)
(11.8473 1.1214 0)
(11.9413 1.26384 0)
(11.9634 1.41993 0)
(12.0991 1.57185 0)
(12.1089 1.77012 0)
(12.24 2.01103 0)
(12.2318 2.21577 0)
(12.376 2.56492 0)
(12.296 2.8079 0)
(12.4309 3.23241 0)
(12.2945 3.57656 0)
(12.3429 3.99084 0)
(9.9999 -0.0061404 0)
(10.004 -0.0208344 0)
(10.0131 -0.0314438 0)
(10.0236 -0.0432641 0)
(10.0404 -0.0511246 0)
(10.0566 -0.0577405 0)
(10.0775 -0.0631015 0)
(10.0977 -0.06514 0)
(10.119 -0.0689198 0)
(10.1414 -0.0694691 0)
(10.1622 -0.0715847 0)
(10.1849 -0.0735181 0)
(10.2068 -0.0733942 0)
(10.2283 -0.0771521 0)
(10.253 -0.0749547 0)
(10.2734 -0.0788338 0)
(10.3002 -0.0761999 0)
(10.3205 -0.0785289 0)
(10.3473 -0.0771203 0)
(10.3686 -0.0770508 0)
(10.3952 -0.0772398 0)
(10.4171 -0.0748986 0)
(10.4438 -0.0762766 0)
(10.4656 -0.0723691 0)
(10.4921 -0.0739292 0)
(10.5152 -0.069522 0)
(10.5397 -0.0698292 0)
(10.5655 -0.0662022 0)
(10.5874 -0.0641562 0)
(10.6147 -0.0616906 0)
(10.6369 -0.057488 0)
(10.6619 -0.0548469 0)
(10.6875 -0.0504081 0)
(10.7087 -0.045007 0)
(10.7366 -0.0424132 0)
(10.7575 -0.0329428 0)
(10.7833 -0.0313838 0)
(10.8066 -0.0206111 0)
(10.8312 -0.0153569 0)
(10.8521 -0.00769896 0)
(10.8833 0.00379828 0)
(10.8943 0.0101741 0)
(10.9355 0.0221169 0)
(10.9403 0.0357276 0)
(10.9815 0.0415836 0)
(10.9943 0.0641779 0)
(11.0246 0.0690277 0)
(11.0484 0.0920483 0)
(11.0741 0.105022 0)
(11.0998 0.124725 0)
(11.1279 0.143037 0)
(11.1574 0.169274 0)
(11.1787 0.182208 0)
(11.2245 0.22216 0)
(11.2345 0.233422 0)
(11.2909 0.275031 0)
(11.3058 0.30193 0)
(11.3576 0.334696 0)
(11.3865 0.376301 0)
(11.4373 0.420429 0)
(11.471 0.44707 0)
(11.5345 0.535247 0)
(11.5625 0.534438 0)
(11.653 0.655107 0)
(11.6601 0.674185 0)
(11.7955 0.772237 0)
(11.7809 0.860742 0)
(11.9379 0.938432 0)
(11.9539 1.05746 0)
(12.0813 1.19613 0)
(12.1457 1.29574 0)
(12.2745 1.52655 0)
(12.3223 1.64337 0)
(12.4872 1.93652 0)
(12.5255 2.14404 0)
(12.6448 2.45968 0)
(12.7146 2.81233 0)
(12.7553 3.16753 0)
(12.7737 3.62894 0)
(12.7425 4.07823 0)
(9.99929 -0.00840227 0)
(10.0058 -0.0297621 0)
(10.0149 -0.042825 0)
(10.0295 -0.0600082 0)
(10.0467 -0.0679738 0)
(10.0675 -0.0774861 0)
(10.0879 -0.0823019 0)
(10.1124 -0.0849507 0)
(10.1309 -0.0896697 0)
(10.1582 -0.0891258 0)
(10.1738 -0.0940691 0)
(10.2027 -0.0938113 0)
(10.2181 -0.0971283 0)
(10.2469 -0.0984451 0)
(10.2649 -0.0988129 0)
(10.2926 -0.101339 0)
(10.3133 -0.0994723 0)
(10.3396 -0.102395 0)
(10.362 -0.0997195 0)
(10.3871 -0.101942 0)
(10.4119 -0.0997352 0)
(10.4343 -0.100025 0)
(10.463 -0.0994174 0)
(10.4814 -0.0970645 0)
(10.5137 -0.0978056 0)
(10.5304 -0.0939663 0)
(10.5626 -0.093724 0)
(10.5816 -0.0912379 0)
(10.6102 -0.0870977 0)
(10.6331 -0.0881726 0)
(10.6589 -0.078744 0)
(10.6826 -0.083035 0)
(10.7095 -0.0703445 0)
(10.7308 -0.0733069 0)
(10.7596 -0.0637512 0)
(10.781 -0.0577445 0)
(10.8065 -0.0574931 0)
(10.8332 -0.0402104 0)
(10.8531 -0.0449574 0)
(10.8822 -0.0270453 0)
(10.9055 -0.0220733 0)
(10.925 -0.0163204 0)
(10.9617 0.00398663 0)
(10.9701 0.00298985 0)
(11.0108 0.0246365 0)
(11.0269 0.0341635 0)
(11.0519 0.0452638 0)
(11.0891 0.0663884 0)
(11.0988 0.0779307 0)
(11.145 0.0956249 0)
(11.1572 0.119207 0)
(11.2004 0.133148 0)
(11.2173 0.158438 0)
(11.267 0.186294 0)
(11.2774 0.19789 0)
(11.3412 0.249402 0)
(11.3459 0.248046 0)
(11.4227 0.316301 0)
(11.4215 0.315499 0)
(11.5189 0.384373 0)
(11.5062 0.409655 0)
(11.6244 0.450223 0)
(11.6195 0.532597 0)
(11.7259 0.536638 0)
(11.7704 0.652421 0)
(11.8445 0.691763 0)
(11.926 0.760609 0)
(12.0258 0.892959 0)
(12.0811 0.940403 0)
(12.2344 1.09038 0)
(12.3192 1.22607 0)
(12.4145 1.35132 0)
(12.6215 1.58164 0)
(12.6492 1.75409 0)
(12.8949 2.05828 0)
(12.9183 2.32069 0)
(13.1543 2.72371 0)
(13.1241 3.10863 0)
(13.3342 3.61182 0)
(13.1854 4.11262 0)
(10.0008 -0.0122726 0)
(10.0064 -0.0404425 0)
(10.021 -0.058251 0)
(10.0367 -0.079603 0)
(10.0599 -0.0881951 0)
(10.0818 -0.0992272 0)
(10.1063 -0.103204 0)
(10.1308 -0.106308 0)
(10.151 -0.111206 0)
(10.1781 -0.110708 0)
(10.1935 -0.117077 0)
(10.2239 -0.1163 0)
(10.2374 -0.121158 0)
(10.2698 -0.121549 0)
(10.2844 -0.122925 0)
(10.3171 -0.125146 0)
(10.3331 -0.122885 0)
(10.3651 -0.127591 0)
(10.3823 -0.121769 0)
(10.4131 -0.129039 0)
(10.433 -0.1205 0)
(10.4603 -0.128426 0)
(10.4854 -0.120032 0)
(10.507 -0.125125 0)
(10.5378 -0.119802 0)
(10.5553 -0.120284 0)
(10.5885 -0.117791 0)
(10.6058 -0.115796 0)
(10.6379 -0.112452 0)
(10.6567 -0.112238 0)
(10.6881 -0.103811 0)
(10.7056 -0.107903 0)
(10.7405 -0.0943251 0)
(10.7526 -0.0989052 0)
(10.7927 -0.0873647 0)
(10.8019 -0.0829515 0)
(10.8399 -0.081662 0)
(10.8564 -0.0646416 0)
(10.8833 -0.0695177 0)
(10.9106 -0.0514158 0)
(10.9318 -0.0462646 0)
(10.9565 -0.0415143 0)
(10.9889 -0.0194947 0)
(10.9992 -0.0230652 0)
(11.0438 0.000638868 0)
(11.0522 0.00858574 0)
(11.089 0.0189717 0)
(11.1146 0.0421802 0)
(11.1373 0.0487628 0)
(11.1724 0.0698304 0)
(11.1987 0.0898603 0)
(11.228 0.100903 0)
(11.2637 0.133516 0)
(11.2949 0.141073 0)
(11.3307 0.184492 0)
(11.3655 0.179686 0)
(11.4184 0.255818 0)
(11.4285 0.217532 0)
(11.5273 0.331948 0)
(11.507 0.288636 0)
(11.6294 0.380385 0)
(11.6327 0.4118 0)
(11.7179 0.423487 0)
(11.7919 0.534612 0)
(11.8416 0.535863 0)
(11.9409 0.621214 0)
(12.033 0.708196 0)
(12.0989 0.748295 0)
(12.2577 0.879063 0)
(12.3249 0.954438 0)
(12.5013 1.10147 0)
(12.6074 1.22042 0)
(12.8112 1.40452 0)
(12.9337 1.62179 0)
(13.1774 1.84605 0)
(13.2805 2.1788 0)
(13.5744 2.54429 0)
(13.6156 3.01204 0)
(13.8424 3.52688 0)
(13.8565 4.17376 0)
(10.0052 -0.0182818 0)
(10.0048 -0.0543854 0)
(10.0333 -0.0785279 0)
(10.0467 -0.103274 0)
(10.0821 -0.112013 0)
(10.1029 -0.124368 0)
(10.1333 -0.126348 0)
(10.1575 -0.131817 0)
(10.1781 -0.135288 0)
(10.2069 -0.137786 0)
(10.2193 -0.143472 0)
(10.2548 -0.144054 0)
(10.2622 -0.149519 0)
(10.3033 -0.148202 0)
(10.3083 -0.153064 0)
(10.3525 -0.150106 0)
(10.3557 -0.15452 0)
(10.4014 -0.151711 0)
(10.4036 -0.153679 0)
(10.4491 -0.153906 0)
(10.4535 -0.151292 0)
(10.4946 -0.154811 0)
(10.5055 -0.149626 0)
(10.5381 -0.152025 0)
(10.558 -0.149652 0)
(10.582 -0.14581 0)
(10.6093 -0.149376 0)
(10.6268 -0.139193 0)
(10.6593 -0.145238 0)
(10.6709 -0.135302 0)
(10.7098 -0.134666 0)
(10.7128 -0.134367 0)
(10.761 -0.119842 0)
(10.7539 -0.130524 0)
(10.8092 -0.108647 0)
(10.7999 -0.115295 0)
(10.8491 -0.106023 0)
(10.8536 -0.0895755 0)
(10.8837 -0.103576 0)
(10.9058 -0.0664779 0)
(10.9273 -0.0875793 0)
(10.9436 -0.0538084 0)
(10.9869 -0.0593526 0)
(10.973 -0.0406777 0)
(11.0462 -0.0333868 0)
(11.0166 -0.0159434 0)
(11.0896 -0.0119396 0)
(11.0779 0.0142372 0)
(11.1311 0.0154584 0)
(11.1356 0.0418865 0)
(11.1925 0.0528303 0)
(11.1853 0.068875 0)
(11.2646 0.0960069 0)
(11.2487 0.105217 0)
(11.3306 0.133382 0)
(11.3356 0.163855 0)
(11.399 0.161022 0)
(11.433 0.239597 0)
(11.4891 0.196195 0)
(11.532 0.315379 0)
(11.6087 0.25368 0)
(11.6389 0.385748 0)
(11.7566 0.346734 0)
(11.7654 0.4365 0)
(11.9335 0.487139 0)
(11.9268 0.506754 0)
(12.1261 0.605064 0)
(12.1615 0.669905 0)
(12.328 0.711623 0)
(12.459 0.859951 0)
(12.6257 0.926581 0)
(12.7496 1.05411 0)
(13.0441 1.21884 0)
(13.1652 1.40088 0)
(13.4582 1.60804 0)
(13.7034 1.92184 0)
(13.9867 2.28918 0)
(14.2 2.76923 0)
(14.44 3.36894 0)
(14.6027 4.12023 0)
(10.0074 -0.0260565 0)
(10.0092 -0.0708995 0)
(10.05 -0.0984424 0)
(10.0689 -0.118792 0)
(10.1123 -0.125226 0)
(10.1378 -0.132531 0)
(10.1665 -0.13456 0)
(10.1953 -0.139731 0)
(10.2075 -0.144452 0)
(10.2433 -0.148807 0)
(10.244 -0.154064 0)
(10.2883 -0.15662 0)
(10.2819 -0.160439 0)
(10.3313 -0.161092 0)
(10.3213 -0.164523 0)
(10.3712 -0.163304 0)
(10.3603 -0.166998 0)
(10.4072 -0.165811 0)
(10.3977 -0.166684 0)
(10.4396 -0.169699 0)
(10.434 -0.163759 0)
(10.4686 -0.172861 0)
(10.4684 -0.160903 0)
(10.4951 -0.172424 0)
(10.4999 -0.159499 0)
(10.5197 -0.168436 0)
(10.5294 -0.157803 0)
(10.5402 -0.163641 0)
(10.5601 -0.152706 0)
(10.5537 -0.160568 0)
(10.5928 -0.141984 0)
(10.5638 -0.159767 0)
(10.6207 -0.126848 0)
(10.5799 -0.156891 0)
(10.6352 -0.113705 0)
(10.609 -0.144611 0)
(10.6358 -0.107414 0)
(10.6457 -0.123052 0)
(10.636 -0.101504 0)
(10.675 -0.102948 0)
(10.6511 -0.0846196 0)
(10.6898 -0.0908005 0)
(10.6794 -0.0575855 0)
(10.7058 -0.0788897 0)
(10.7011 -0.0301169 0)
(10.7431 -0.0600483 0)
(10.7086 -0.00371913 0)
(10.7988 -0.0362507 0)
(10.7193 0.0221536 0)
(10.8587 -0.00380073 0)
(10.744 0.0445464 0)
(10.9245 0.0358196 0)
(10.7814 0.0702083 0)
(10.9989 0.0717862 0)
(10.8451 0.110944 0)
(11.0611 0.0929191 0)
(10.9672 0.187743 0)
(11.0931 0.0809159 0)
(11.1454 0.302925 0)
(11.1435 0.0760345 0)
(11.2989 0.373476 0)
(11.32 0.179875 0)
(11.3635 0.355161 0)
(11.6022 0.32878 0)
(11.5072 0.40627 0)
(11.7819 0.384815 0)
(11.8469 0.558522 0)
(11.9692 0.463295 0)
(12.151 0.663415 0)
(12.3858 0.647774 0)
(12.4415 0.81265 0)
(12.8362 0.800223 0)
(12.971 1.09558 0)
(13.3456 1.07528 0)
(13.588 1.39393 0)
(14.0929 1.57923 0)
(14.3711 1.9503 0)
(14.9173 2.44541 0)
(15.226 3.0765 0)
(15.6368 4.10945 0)
(10.0032 -0.0619576 0)
(10.0284 -0.135777 0)
(10.0731 -0.175325 0)
(10.102 -0.182606 0)
(10.1347 -0.188774 0)
(10.1494 -0.182906 0)
(10.1586 -0.19118 0)
(10.1643 -0.18797 0)
(10.156 -0.198599 0)
(10.1614 -0.195244 0)
(10.1413 -0.202945 0)
(10.1483 -0.198607 0)
(10.1188 -0.202983 0)
(10.125 -0.198256 0)
(10.0888 -0.201871 0)
(10.0909 -0.195735 0)
(10.0514 -0.201067 0)
(10.046 -0.192458 0)
(10.0076 -0.199665 0)
(9.99164 -0.188877 0)
(9.95857 -0.197077 0)
(9.9294 -0.184394 0)
(9.90398 -0.194018 0)
(9.86159 -0.178449 0)
(9.84366 -0.190199 0)
(9.78996 -0.171825 0)
(9.77949 -0.1846 0)
(9.71308 -0.165295 0)
(9.71609 -0.177113 0)
(9.62834 -0.157679 0)
(9.65729 -0.169189 0)
(9.53704 -0.147192 0)
(9.60107 -0.161971 0)
(9.44726 -0.133149 0)
(9.54022 -0.155003 0)
(9.36946 -0.117032 0)
(9.46985 -0.145543 0)
(9.30753 -0.102483 0)
(9.39507 -0.130197 0)
(9.25514 -0.0907419 0)
(9.32892 -0.11153 0)
(9.20391 -0.0749171 0)
(9.27976 -0.0995765 0)
(9.15485 -0.0457793 0)
(9.24771 -0.0972293 0)
(9.11292 -0.0107652 0)
(9.23286 -0.088362 0)
(9.08322 0.0140889 0)
(9.23245 -0.0664854 0)
(9.07498 0.0374342 0)
(9.2488 -0.0509975 0)
(9.07758 0.0766111 0)
(9.31088 -0.0449294 0)
(9.06545 0.117266 0)
(9.44373 -0.0259718 0)
(9.03431 0.142358 0)
(9.65145 0.0139542 0)
(9.0008 0.159823 0)
(9.8938 0.0600649 0)
(9.06735 0.1931 0)
(10.0414 0.0815048 0)
(9.35164 0.285797 0)
(10.0827 0.0564495 0)
(9.69221 0.389174 0)
(10.3291 0.110322 0)
(9.90796 0.400278 0)
(10.6754 0.207432 0)
(10.3534 0.499797 0)
(10.8898 0.196191 0)
(10.9878 0.65675 0)
(11.3271 0.313358 0)
(11.5349 0.733187 0)
(12.0651 0.466859 0)
(12.2716 0.953701 0)
(12.8614 0.664296 0)
(13.4003 1.20769 0)
(14.0051 1.10194 0)
(14.8835 1.74616 0)
(15.6341 2.14583 0)
(16.633 3.24123 0)
(9.89955 -0.0449816 0)
(9.80879 -0.0989908 0)
(9.69759 -0.120679 0)
(9.57314 -0.126047 0)
(9.41541 -0.124389 0)
(9.25609 -0.12342 0)
(9.07745 -0.124122 0)
(8.91355 -0.12534 0)
(8.73389 -0.127056 0)
(8.575 -0.126873 0)
(8.39697 -0.126926 0)
(8.24255 -0.124855 0)
(8.06543 -0.123624 0)
(7.91481 -0.120986 0)
(7.73902 -0.119092 0)
(7.59238 -0.116804 0)
(7.41859 -0.114175 0)
(7.27623 -0.112728 0)
(7.10537 -0.108791 0)
(6.96825 -0.108349 0)
(6.8009 -0.102979 0)
(6.66972 -0.103301 0)
(6.50609 -0.0973091 0)
(6.38188 -0.0972856 0)
(6.22226 -0.0917411 0)
(6.10599 -0.0905684 0)
(5.95083 -0.0858681 0)
(5.84293 -0.083774 0)
(5.69383 -0.0789828 0)
(5.59337 -0.0770949 0)
(5.45345 -0.0709668 0)
(5.35847 -0.0702718 0)
(5.23125 -0.0624398 0)
(5.14051 -0.0622433 0)
(5.0282 -0.0546597 0)
(4.94154 -0.0522115 0)
(4.84671 -0.0477277 0)
(4.76122 -0.0415595 0)
(4.69151 -0.0389281 0)
(4.59815 -0.0337297 0)
(4.56496 -0.026016 0)
(4.4574 -0.0286742 0)
(4.46113 -0.012708 0)
(4.34886 -0.0203246 0)
(4.37772 -0.00560342 0)
(4.26583 -0.00660195 0)
(4.33918 -0.000812069 0)
(4.17999 0.00322205 0)
(4.36826 0.0148802 0)
(4.09213 -0.00234606 0)
(4.44216 0.0441597 0)
(4.04363 -0.0181632 0)
(4.52897 0.0843812 0)
(4.05996 -0.0341003 0)
(4.6181 0.110325 0)
(4.13587 -0.0163179 0)
(4.76318 0.096096 0)
(4.16155 0.0237898 0)
(5.11489 0.113984 0)
(4.0558 -0.0239486 0)
(5.60112 0.248637 0)
(4.08224 -0.13655 0)
(5.968 0.367551 0)
(4.34187 -0.1807 0)
(6.30864 0.480883 0)
(4.71332 -0.279919 0)
(6.68102 0.613752 0)
(5.24931 -0.269125 0)
(7.13658 0.639497 0)
(5.79269 -0.272336 0)
(7.88195 0.820726 0)
(6.37351 -0.411174 0)
(8.83234 1.14864 0)
(7.24942 -0.593978 0)
(9.90311 1.52608 0)
(8.69091 -0.626319 0)
(11.2565 1.80165 0)
(10.8407 -0.295917 0)
(13.6676 2.24278 0)
(14.1517 0.648636 0)
(-0.0315531 -0.301519 0)
(0.2029 -0.166226 0)
(0.357037 -0.0255789 0)
(0.495124 -0.00178842 0)
(0.679177 -0.0427379 0)
(0.899319 -0.0762773 0)
(1.07407 -0.0114915 0)
(1.08334 0.104654 0)
(0.857172 0.26002 0)
(0.608912 0.185486 0)
(0.364359 -0.0897201 0)
(-0.0429455 0.208098 0)
(-1.1837 0.622404 0)
(-2.23567 0.57477 0)
(-3.24388 0.543101 0)
(-3.63552 0.165861 0)
(-3.34063 -0.161058 0)
(-2.62284 -0.517259 0)
(-1.54051 -0.631752 0)
(-0.415837 -0.362643 0)
(-0.154736 0.0502055 0)
(0.227715 -0.214338 0)
(0.481865 -0.259694 0)
(0.454815 -0.372628 0)
(0.564886 -0.37387 0)
(0.718545 -0.355759 0)
(0.945783 -0.147477 0)
(0.985915 0.090673 0)
(0.849362 0.241437 0)
(0.528716 0.276425 0)
(-0.428251 0.85238 0)
(-1.61775 1.40651 0)
(-2.53826 1.48051 0)
(-3.26122 1.33062 0)
(-3.72384 0.830529 0)
(-3.64229 0.0381856 0)
(-3.28025 -0.728063 0)
(-2.5729 -1.45286 0)
(-1.79283 -1.80895 0)
(-0.568745 -1.60232 0)
(-0.48757 -1.20952 0)
(-0.625068 -0.907421 0)
(-0.142725 -0.146357 0)
(0.117961 -0.0651775 0)
(0.313639 -0.354257 0)
(0.246478 -0.532339 0)
(0.196786 -0.270464 0)
(0.103758 0.218826 0)
(-0.055865 0.760621 0)
(-0.799898 1.29638 0)
(-1.66045 1.86798 0)
(-2.20337 2.14169 0)
(-2.66135 2.00127 0)
(-3.007 1.68807 0)
(-3.05658 0.912576 0)
(-2.85459 -0.0923891 0)
(-2.44566 -1.19087 0)
(-1.89195 -2.09807 0)
(-1.37967 -2.80149 0)
(-0.448552 -2.93096 0)
(2.70908 0.823609 0)
(0.657201 -0.398517 0)
(-0.334555 -1.12211 0)
(-0.647072 -0.976515 0)
(-0.590608 -0.435524 0)
(-0.442532 -0.13781 0)
(-0.456225 0.0293064 0)
(-0.605659 0.343584 0)
(-0.917286 1.17231 0)
(-1.18996 2.05608 0)
(-1.60947 2.38246 0)
(-2.00553 2.38742 0)
(-2.24845 2.26026 0)
(-2.29489 1.76521 0)
(-2.11169 0.800331 0)
(-1.93152 -0.321856 0)
(-1.48574 -1.63005 0)
(-1.13444 -2.44809 0)
(-0.934236 -3.15821 0)
(-0.219468 -3.49642 0)
(6.1526 1.78139 0)
(5.2159 1.7184 0)
(3.87627 1.43845 0)
(1.58212 0.433096 0)
(-0.232915 -0.637317 0)
(-0.978665 -0.798305 0)
(-1.23457 -0.0825117 0)
(-0.766976 0.876684 0)
(-0.883309 1.50241 0)
(-1.43836 1.86452 0)
(-1.55637 2.54387 0)
(-1.63656 2.7781 0)
(-1.54874 2.36752 0)
(-1.28026 1.58392 0)
(-1.16355 0.594026 0)
(-1.05055 -0.601008 0)
(-0.738762 -1.97092 0)
(-0.542191 -2.68766 0)
(-0.677042 -3.49926 0)
(-0.112069 -4.15844 0)
(8.33342 2.5932 0)
(7.59911 2.56772 0)
(6.65946 2.47559 0)
(5.41223 2.37706 0)
(3.97321 2.10027 0)
(1.85456 1.16028 0)
(-0.335483 -0.131545 0)
(-0.996234 -0.161052 0)
(-0.625563 1.65279 0)
(-0.228701 2.72734 0)
(-0.624225 2.7411 0)
(-0.607095 2.34138 0)
(-0.477914 1.83048 0)
(-0.2367 1.22842 0)
(-0.127992 0.53069 0)
(0.157412 -0.547316 0)
(0.243926 -1.9669 0)
(0.114666 -2.63091 0)
(-0.306539 -3.642 0)
(0.151992 -4.43788 0)
(9.58296 3.11166 0)
(9.05159 3.23797 0)
(8.43459 3.2996 0)
(7.64693 3.38867 0)
(6.62471 3.29031 0)
(5.32987 3.11233 0)
(3.65859 2.47465 0)
(1.64962 1.59956 0)
(-0.276395 0.811142 0)
(0.0436537 1.72672 0)
(0.590171 2.71823 0)
(0.852503 2.81251 0)
(0.942261 2.29537 0)
(1.37166 1.23795 0)
(1.45312 0.221901 0)
(1.63283 -1.09225 0)
(1.23097 -2.1788 0)
(0.732169 -2.58179 0)
(0.0977164 -3.47778 0)
(0.410726 -4.22452 0)
(10.2081 3.47424 0)
(9.99095 3.71271 0)
(9.45002 3.87265 0)
(9.0241 4.06152 0)
(8.28485 4.18832 0)
(7.49449 4.13646 0)
(6.39234 4.07884 0)
(5.01337 3.42994 0)
(3.17525 2.86999 0)
(1.5837 1.93852 0)
(0.912905 1.88033 0)
(1.44669 1.81669 0)
(1.78058 1.38929 0)
(2.04679 0.98769 0)
(1.99266 0.462579 0)
(2.12025 0.147374 0)
(1.62423 -0.361308 0)
(1.62732 -1.06512 0)
(1.00987 -2.46135 0)
(0.934351 -3.50378 0)
(10.6656 3.75333 0)
(10.4915 4.02312 0)
(10.1598 4.31753 0)
(9.80466 4.51433 0)
(9.34687 4.80312 0)
(8.80664 4.9256 0)
(8.08495 4.92697 0)
(7.26604 4.86257 0)
(5.99182 4.3211 0)
(4.76683 3.67662 0)
(3.05793 2.79194 0)
(2.48343 2.09294 0)
(2.05511 1.40284 0)
(3.01023 0.492242 0)
(3.17499 -0.137514 0)
(3.13842 -1.29109 0)
(2.40601 -2.40832 0)
(2.57303 -3.1331 0)
(1.59374 -3.51402 0)
(1.37098 -3.51956 0)
(11.0757 3.97555 0)
(10.8582 4.27302 0)
(10.6285 4.60923 0)
(10.3636 4.94315 0)
(9.97827 5.15352 0)
(9.66319 5.51123 0)
(9.07227 5.59101 0)
(8.62327 5.62147 0)
(7.72357 5.49913 0)
(6.94813 4.84387 0)
(5.90884 3.98231 0)
(5.48671 2.30432 0)
(5.49197 0.780524 0)
(5.17898 0.508693 0)
(5.85552 0.979404 0)
(5.27234 1.34877 0)
(4.75453 1.25967 0)
(4.36669 0.56741 0)
(2.9769 0.205885 0)
(2.50174 0.3523 0)
(11.3661 4.13492 0)
(11.2893 4.53097 0)
(10.9539 4.81873 0)
(10.8429 5.24553 0)
(10.4008 5.56995 0)
(10.2274 5.79338 0)
(9.7111 6.13822 0)
(9.39932 6.15674 0)
(8.68588 6.17319 0)
(7.90026 5.92084 0)
(6.24875 5.38097 0)
(4.09368 4.79386 0)
(-0.181519 1.34078 0)
(-3.64459 -0.321483 0)
(-4.04999 -0.0893221 0)
(-4.48461 -1.41454 0)
(-3.12295 -2.08189 0)
(-3.01285 -2.41387 0)
(-1.4335 -1.75151 0)
(-0.170937 0.651886 0)
(11.7087 4.27022 0)
(11.6745 4.7031 0)
(11.3476 5.13016 0)
(11.2178 5.44651 0)
(10.8172 5.89897 0)
(10.5963 6.19922 0)
(10.1304 6.47741 0)
(9.83147 6.68201 0)
(9.35944 6.6793 0)
(9.05741 6.55484 0)
(8.55134 5.94535 0)
(8.38627 5.88128 0)
(7.73575 5.74066 0)
(6.62879 4.52769 0)
(4.89954 3.11106 0)
(3.56523 1.15856 0)
(3.29985 -0.272034 0)
(1.8778 -0.540497 0)
(1.62786 -1.35115 0)
(-0.481988 -0.980228 0)
(12.1383 4.47095 0)
(12.0813 4.87184 0)
(11.7705 5.35593 0)
(11.596 5.80005 0)
(11.2292 6.16127 0)
(10.9275 6.51683 0)
(10.5061 6.82728 0)
(10.0905 7.12786 0)
(9.30993 7.39838 0)
(8.80824 7.95088 0)
(7.52356 7.89721 0)
(6.09776 7.42706 0)
(4.91305 6.07775 0)
(4.01622 4.57724 0)
(3.24619 2.75212 0)
(2.27746 0.480401 0)
(1.30511 -0.69525 0)
(0.278449 -1.46387 0)
(0.637342 -0.276634 0)
(0.179658 1.43284 0)
(12.673 4.58743 0)
(12.4825 5.1005 0)
(12.3287 5.62796 0)
(11.9469 6.08432 0)
(11.6576 6.64696 0)
(11.2336 6.96656 0)
(10.8458 7.16259 0)
(10.7567 7.33602 0)
(10.4503 6.99733 0)
(10.6676 7.05555 0)
(10.832 7.35824 0)
(10.374 7.38732 0)
(9.08883 6.93263 0)
(7.11949 5.28516 0)
(5.36776 3.71014 0)
(3.73654 2.42314 0)
(2.39648 1.287 0)
(0.486713 0.405365 0)
(-0.548269 -0.727249 0)
(-0.172249 0.300106 0)
(13.2885 4.74693 0)
(12.9825 5.29439 0)
(12.8859 5.92292 0)
(12.4842 6.45298 0)
(12.0494 6.83093 0)
(11.6035 7.56395 0)
(10.6204 7.88696 0)
(10.0035 8.67724 0)
(8.72472 8.95659 0)
(7.20743 8.66016 0)
(6.93533 8.33708 0)
(7.63206 8.422 0)
(8.13884 8.49188 0)
(7.65532 7.91558 0)
(6.52084 6.27013 0)
(4.65496 4.19107 0)
(2.97421 2.94559 0)
(1.84916 1.35014 0)
(0.831045 0.146121 0)
(-0.0606562 0.322753 0)
(13.8722 4.8099 0)
(13.7451 5.62689 0)
(13.3824 6.28363 0)
(13.1529 7.13224 0)
(12.5015 7.35236 0)
(12.3668 7.61432 0)
(12.0864 7.54324 0)
(12.051 7.62403 0)
(12.4218 8.38588 0)
(11.617 8.65166 0)
(9.91201 8.26102 0)
(8.33421 7.83022 0)
(7.80182 7.68875 0)
(7.49474 7.83074 0)
(6.96097 7.47566 0)
(5.49609 5.92684 0)
(3.65001 4.01307 0)
(2.43607 2.50948 0)
(1.3926 1.576 0)
(0.377055 1.28755 0)
(14.597 4.86199 0)
(14.56 5.79781 0)
(14.1616 6.54892 0)
(13.6945 7.59019 0)
(12.6818 8.56267 0)
(11.3567 9.28737 0)
(9.94979 9.79019 0)
(8.12788 9.34803 0)
(8.16391 9.14884 0)
(9.45257 9.93738 0)
(9.73381 9.96151 0)
(8.89545 9.42209 0)
(7.9274 8.71194 0)
(7.16436 8.41061 0)
(6.88554 8.18393 0)
(6.07724 7.36017 0)
(4.14146 5.8559 0)
(2.60646 3.43845 0)
(1.23683 1.92793 0)
(0.453853 1.85706 0)
(15.6448 5.16253 0)
(15.6062 6.38154 0)
(15.0626 7.18793 0)
(14.7115 7.61487 0)
(14.6172 7.99844 0)
(14.4716 8.59305 0)
(14.31 9.43766 0)
(12.8682 9.87694 0)
(10.2308 9.21662 0)
(8.76517 9.0214 0)
(8.88025 9.77374 0)
(8.47274 9.86072 0)
(7.87782 9.43707 0)
(6.90606 9.07324 0)
(6.58317 8.70105 0)
(5.84278 8.27167 0)
(4.68774 7.18656 0)
(3.52295 5.26349 0)
(1.8139 3.8531 0)
(0.684604 3.28777 0)
(17.1947 4.94012 0)
(17.2997 7.19968 0)
(16.0031 9.05284 0)
(13.5947 10.0538 0)
(11.2806 10.3021 0)
(9.95652 9.92125 0)
(10.6298 10.2444 0)
(12.164 11.2919 0)
(11.7261 11.2983 0)
(9.72391 10.2667 0)
(8.68571 10.1762 0)
(8.30539 10.6279 0)
(7.7687 10.2862 0)
(6.7629 9.73743 0)
(6.15438 9.41729 0)
(5.63777 9.15472 0)
(4.54561 8.13945 0)
(3.37038 6.49548 0)
(1.72318 5.02349 0)
(0.619229 4.25083 0)
(17.114 3.71395 0)
(19.1154 6.31235 0)
(20.0636 8.83646 0)
(19.0992 10.3373 0)
(16.8983 11.2139 0)
(13.6195 11.0295 0)
(10.1764 10.0095 0)
(9.88648 10.648 0)
(10.9927 11.9898 0)
(10.235 11.7148 0)
(8.79968 10.7973 0)
(7.96734 10.6406 0)
(7.58158 10.8904 0)
(6.58701 10.4754 0)
(5.80298 10.0398 0)
(5.15675 9.85887 0)
(4.38128 9.15229 0)
(3.40214 7.73085 0)
(1.82495 6.41925 0)
(0.677543 5.62397 0)
(3.8673 1.74453 0)
(8.99781 5.27406 0)
(12.9881 8.74135 0)
(15.738 11.4366 0)
(16.6838 12.9229 0)
(16.1323 13.5916 0)
(13.0861 12.4283 0)
(9.86686 10.95 0)
(9.70388 11.8239 0)
(9.9414 12.7383 0)
(8.9773 12.4669 0)
(7.80646 11.9346 0)
(7.16708 11.6886 0)
(6.3892 11.4125 0)
(5.57235 10.929 0)
(5.02725 10.6569 0)
(4.05895 9.96871 0)
(2.78054 8.80761 0)
(1.4089 7.49073 0)
(0.538028 6.70642 0)
(-4.31623 -6.76852 0)
(1.99616 -0.547739 0)
(6.04467 4.27744 0)
(9.81593 9.03981 0)
(12.555 12.086 0)
(14.7628 14.3148 0)
(14.7363 14.9229 0)
(11.7117 13.2445 0)
(9.38534 11.9536 0)
(9.16836 12.4407 0)
(8.73466 12.7248 0)
(7.80607 12.5841 0)
(7.11893 12.5421 0)
(6.15972 12.0691 0)
(5.23992 11.7573 0)
(4.60583 11.5636 0)
(3.62284 11.1021 0)
(2.55504 10.0866 0)
(1.39394 8.90131 0)
(0.486526 7.85743 0)
(-1.29713 1.65712 0)
(-3.27626 -5.02241 0)
(-1.21962 0.0893326 0)
(4.63172 5.88188 0)
(7.03289 9.0328 0)
(10.6548 12.6226 0)
(13.6282 15.4797 0)
(13.0115 15.5892 0)
(10.2873 14.2893 0)
(8.8183 13.7328 0)
(8.36242 13.7007 0)
(7.48014 13.3403 0)
(6.8326 13.2776 0)
(5.96531 13.1071 0)
(4.81756 12.5209 0)
(4.26453 12.3408 0)
(3.42388 12.1473 0)
(2.45293 11.2007 0)
(1.23592 9.77968 0)
(0.300183 8.60965 0)
(0.127159 -1.50737 0)
(-0.393319 -0.846319 0)
(-4.85509 -3.13617 0)
(0.739474 2.36723 0)
(1.46293 4.663 0)
(5.55257 8.56367 0)
(10.6646 13.8981 0)
(12.5499 16.0852 0)
(11.0087 15.3537 0)
(9.062 14.4569 0)
(8.05814 14.3237 0)
(7.17214 14.2606 0)
(6.46203 14.0671 0)
(5.68339 13.8016 0)
(4.7185 13.6062 0)
(4.00547 13.2573 0)
(3.04876 12.8481 0)
(1.99604 11.9184 0)
(1.13322 10.5247 0)
(0.292911 9.34304 0)
(-0.77201 1.5983 0)
(-1.84799 -0.478104 0)
(-2.80204 -1.14084 0)
(-3.51746 -0.954231 0)
(0.463466 2.97342 0)
(-0.895016 2.00823 0)
(7.2645 10.6935 0)
(11.0856 15.9614 0)
(11.027 17.0568 0)
(9.23052 16.209 0)
(7.99184 15.5265 0)
(6.94152 15.0632 0)
(6.25039 15.0127 0)
(5.45701 14.7495 0)
(4.37517 14.0996 0)
(3.76335 14.0028 0)
(2.93948 13.9434 0)
(2.20825 13.0198 0)
(1.14094 11.8801 0)
(0.331341 10.3598 0)
(-0.118445 1.25014 0)
(-0.464097 0.758106 0)
(-0.615554 -0.701899 0)
(0.569652 -1.2315 0)
(0.726522 1.92165 0)
(1.83864 0.922085 0)
(1.6992 3.49692 0)
(8.7084 12.9604 0)
(10.4728 16.7127 0)
(9.38546 17.0695 0)
(8.0751 16.5867 0)
(6.79819 16.0531 0)
(5.84991 15.6616 0)
(5.12399 15.5867 0)
(4.24814 15.3483 0)
(3.64185 14.8558 0)
(2.85778 14.5181 0)
(1.92793 13.6296 0)
(1.00016 12.1831 0)
(0.0564406 10.636 0)
(-0.41715 1.75509 0)
(1.23983 0.493316 0)
(1.38104 -2.44246 0)
(3.84113 -1.21598 0)
(2.24866 0.0924159 0)
(5.38156 2.97067 0)
(1.12001 0.958248 0)
(5.60964 9.63792 0)
(9.06778 16.1649 0)
(9.05419 18.0345 0)
(7.80632 17.7896 0)
(6.50302 17.0963 0)
(5.58842 16.6799 0)
(4.76712 16.2546 0)
(3.79247 15.7543 0)
(3.22936 15.7318 0)
(2.48288 15.6074 0)
(1.80084 14.6706 0)
(0.909775 13.5217 0)
(0.29442 11.5636 0)
(-0.297676 0.517517 0)
(3.03808 -0.326155 0)
(4.32211 -4.20588 0)
(6.56411 -0.89496 0)
(6.20799 -1.4694 0)
(7.74076 2.99126 0)
(6.5753 3.45057 0)
(4.04695 5.74178 0)
(7.6299 14.318 0)
(8.33321 18.1974 0)
(7.5817 18.854 0)
(6.14696 18.1681 0)
(5.00802 17.4423 0)
(4.33061 17.1844 0)
(3.50886 16.7346 0)
(2.96616 16.2195 0)
(2.38652 15.9472 0)
(1.64397 15.1771 0)
(0.78663 13.982 0)
(0.0488742 11.976 0)
(1.06082 -1.19399 0)
(3.85643 -3.87318 0)
(5.6965 -5.72771 0)
(7.39308 -2.89009 0)
(8.1706 -1.72943 0)
(8.42448 1.90483 0)
(9.3187 5.32701 0)
(5.19268 5.78038 0)
(6.51508 12.6928 0)
(7.63857 18.0991 0)
(6.98961 19.6946 0)
(5.7398 19.3293 0)
(4.64911 18.5052 0)
(3.80053 17.7884 0)
(2.99533 17.2168 0)
(2.52248 17.0715 0)
(1.89156 16.9049 0)
(1.3329 16.0031 0)
(0.634396 14.76 0)
(0.125451 12.3048 0)
(1.82956 -4.39933 0)
(3.82309 -6.85059 0)
(6.14314 -7.07925 0)
(7.23304 -4.58778 0)
(8.78837 -1.99383 0)
(8.06177 1.39545 0)
(10.0365 6.71289 0)
(6.43769 7.36184 0)
(5.64588 12.04 0)
(6.55564 17.9871 0)
(6.15734 20.273 0)
(4.95135 20.0679 0)
(3.91495 19.2786 0)
(3.35075 18.6996 0)
(2.57367 17.9556 0)
(2.09017 17.3999 0)
(1.68254 17.1701 0)
(1.12928 16.5104 0)
(0.501471 15.4139 0)
(0.104441 12.9661 0)
(1.41064 -6.92705 0)
(3.80502 -9.33982 0)
(6.05188 -8.66301 0)
(6.778 -6.04372 0)
(8.51189 -2.55097 0)
(7.13835 1.25928 0)
(9.21324 7.51823 0)
(6.37498 9.11207 0)
(4.83013 12.5531 0)
(5.53385 18.2764 0)
(5.01492 20.8782 0)
(3.92351 20.9199 0)
(3.16918 20.0707 0)
(2.61474 19.2623 0)
(2.03272 18.5606 0)
(1.69074 18.2183 0)
(1.19793 17.9251 0)
(0.80709 16.9981 0)
(0.289065 15.707 0)
(-0.0658851 12.816 0)
(1.45742 -9.88706 0)
(3.40569 -11.901 0)
(5.15579 -10.2148 0)
(5.83418 -6.95832 0)
(7.25183 -2.86699 0)
(5.74518 1.65219 0)
(7.45573 7.9902 0)
(5.32745 10.2686 0)
(3.80251 13.3422 0)
(4.10469 18.6885 0)
(3.65919 21.4986 0)
(2.76231 21.4497 0)
(2.11506 20.6409 0)
(1.89446 19.8983 0)
(1.34213 19.0127 0)
(1.00936 18.3954 0)
(0.797476 18.1568 0)
(0.496541 17.4709 0)
(0.16047 16.248 0)
(0.0687592 13.355 0)
(1.01508 -12.0013 0)
(2.66374 -13.1906 0)
(3.63073 -11.0144 0)
(4.22551 -7.50522 0)
(4.91832 -2.80533 0)
(3.49837 2.42591 0)
(4.92765 8.63242 0)
(3.18609 11.1976 0)
(2.34187 14.5256 0)
(2.46633 19.4594 0)
(2.03334 22.0032 0)
(1.43008 22.062 0)
(1.10016 21.1448 0)
(0.925392 20.2278 0)
(0.682215 19.3884 0)
(0.639901 18.9284 0)
(0.383134 18.529 0)
(0.193205 17.5645 0)
(-0.104494 16.2884 0)
(-0.193408 13.0331 0)
(0.659631 -13.5629 0)
(1.60492 -14.2816 0)
(1.99924 -11.6439 0)
(2.27845 -7.46655 0)
(2.2098 -2.3506 0)
(1.07984 3.27529 0)
(1.96849 8.98933 0)
(0.848383 11.803 0)
(0.627993 15.389 0)
(0.472948 19.7847 0)
(0.1879 22.2373 0)
(-0.017688 22.194 0)
(0.117051 21.3217 0)
(0.198731 20.3704 0)
(-0.0209134 19.3736 0)
(-0.0588817 18.8195 0)
(-0.0901652 18.651 0)
(-0.15059 17.9461 0)
(-0.184124 16.4943 0)
(-0.0711783 13.148 0)
(0.224049 -14.0436 0)
(0.292642 -14.2897 0)
(0.247878 -11.388 0)
(-0.141979 -7.22298 0)
(-0.480878 -1.81655 0)
(-1.19376 3.60331 0)
(-0.511062 9.10545 0)
(-1.31627 12.13 0)
(-1.31938 15.9466 0)
(-1.62997 20.2186 0)
(-1.63611 22.5037 0)
(-1.30114 22.2717 0)
(-1.0899 21.3142 0)
(-0.782405 20.4051 0)
(-0.653636 19.582 0)
(-0.390318 19.1432 0)
(-0.41045 18.691 0)
(-0.386304 17.6905 0)
(-0.46206 16.4175 0)
(-0.26496 12.8102 0)
(-0.140282 -13.9105 0)
(-1.02017 -14.153 0)
(-1.45857 -10.9191 0)
(-2.30141 -6.52365 0)
(-2.90982 -1.30162 0)
(-3.14014 3.95528 0)
(-2.92953 9.0001 0)
(-3.45814 12.1879 0)
(-3.36581 16.332 0)
(-3.50801 20.3701 0)
(-3.2987 21.9978 0)
(-2.80114 21.7551 0)
(-1.97534 20.8966 0)
(-1.4708 20.0068 0)
(-1.24574 19.1716 0)
(-1.00085 18.7486 0)
(-0.875578 18.6666 0)
(-0.732592 17.9145 0)
(-0.489205 16.2347 0)
(-0.269561 12.4273 0)
(-0.436647 -12.9226 0)
(-2.16887 -13.0332 0)
(-3.2083 -10.0258 0)
(-4.26991 -5.72659 0)
(-4.79264 -0.666064 0)
(-4.91465 4.28556 0)
(-5.0786 8.88758 0)
(-5.51441 12.5238 0)
(-5.21176 16.9172 0)
(-5.32737 20.3237 0)
(-4.84754 21.4046 0)
(-3.88405 20.9722 0)
(-3.01818 20.2176 0)
(-2.36187 19.7244 0)
(-1.91781 19.079 0)
(-1.33204 18.8899 0)
(-1.12695 18.4093 0)
(-0.82273 17.3932 0)
(-0.710079 16.102 0)
(-0.323273 12.1425 0)
(-0.801607 -11.5114 0)
(-3.02521 -11.5101 0)
(-4.52671 -8.83366 0)
(-5.911 -4.81425 0)
(-6.48241 -0.251134 0)
(-6.54874 4.3976 0)
(-7.16869 8.79362 0)
(-7.28837 12.7756 0)
(-7.00506 16.9043 0)
(-6.95437 19.4739 0)
(-5.89818 20.1626 0)
(-4.66625 19.5457 0)
(-3.51613 19.355 0)
(-2.60617 18.78 0)
(-2.06955 18.2631 0)
(-1.61482 18.0357 0)
(-1.32951 18.1567 0)
(-1.07789 17.4565 0)
(-0.736302 15.6332 0)
(-0.431134 11.3176 0)
(-1.15493 -9.33518 0)
(-4.2728 -9.64001 0)
(-5.82114 -7.08946 0)
(-7.5785 -3.61375 0)
(-8.0766 0.671233 0)
(-8.49792 5.03613 0)
(-9.1976 9.26642 0)
(-8.79604 13.252 0)
(-8.60364 16.6045 0)
(-7.91377 18.5523 0)
(-6.30975 18.5213 0)
(-5.07608 18.4617 0)
(-3.75978 18.4587 0)
(-3.06755 18.269 0)
(-2.50249 18.0221 0)
(-1.8118 18.1985 0)
(-1.48294 17.8358 0)
(-1.03911 16.8 0)
(-0.80263 15.4577 0)
(-0.286115 11.0843 0)
(-1.44766 -6.71233 0)
(-4.92327 -7.14328 0)
(-6.91612 -5.39495 0)
(-8.89313 -2.22264 0)
(-9.75824 1.47801 0)
(-9.94588 5.75528 0)
(-10.8267 9.26285 0)
(-9.92589 12.9771 0)
(-9.61674 15.3684 0)
(-8.15305 16.6568 0)
(-6.29444 16.7333 0)
(-5.03946 17.1797 0)
(-3.73839 17.2983 0)
(-2.9215 17.1942 0)
(-2.20286 17.0129 0)
(-1.65487 17.1391 0)
(-1.35527 17.3693 0)
(-1.13356 16.7997 0)
(-0.818474 14.9765 0)
(-0.434971 10.0829 0)
(-1.66517 -3.63078 0)
(-5.41554 -4.57722 0)
(-7.37179 -3.10299 0)
(-9.47499 -0.584786 0)
(-10.7259 2.1116 0)
(-10.8608 6.23649 0)
(-11.1826 9.17326 0)
(-10.2593 12.0257 0)
(-9.50887 13.9027 0)
(-7.57728 14.7153 0)
(-6.0213 15.2888 0)
(-4.63518 15.9731 0)
(-3.62388 16.4737 0)
(-2.98428 16.5815 0)
(-2.34208 16.7987 0)
(-1.71622 17.3972 0)
(-1.48625 17.111 0)
(-0.968202 16.1657 0)
(-0.678137 14.6518 0)
(-0.115506 9.88163 0)
(-1.72442 -0.403337 0)
(-5.65474 -1.79779 0)
(-7.63356 -1.19309 0)
(-9.12997 1.22219 0)
(-10.2385 2.71833 0)
(-10.9069 5.81546 0)
(-10.3346 8.42154 0)
(-9.41563 10.6005 0)
(-8.66799 12.1202 0)
(-6.51973 12.8355 0)
(-5.17078 13.7151 0)
(-4.4053 14.7649 0)
(-3.36035 15.4838 0)
(-2.53122 15.6297 0)
(-1.79111 15.9301 0)
(-1.41189 16.1986 0)
(-1.03005 16.5403 0)
(-0.777816 16.1336 0)
(-0.602208 14.4151 0)
(-0.246641 9.21207 0)
(-1.81489 2.87219 0)
(-5.42904 1.11587 0)
(-7.56396 0.392232 0)
(-8.96489 2.36126 0)
(-8.75217 3.75512 0)
(-9.74198 5.66982 0)
(-8.78843 7.74472 0)
(-7.74461 9.28689 0)
(-7.34388 10.76 0)
(-5.35116 11.3366 0)
(-4.33893 12.9421 0)
(-3.69125 14.1252 0)
(-2.68065 14.7126 0)
(-2.19812 15.1174 0)
(-1.63676 15.6458 0)
(-1.12205 16.5527 0)
(-0.945098 16.4576 0)
(-0.508173 15.6308 0)
(-0.332411 13.9776 0)
(0.0998099 8.98636 0)
(-2.0417 5.9438 0)
(-4.74226 3.96246 0)
(-6.55222 1.87471 0)
(-8.68733 2.70737 0)
(-7.77397 3.96507 0)
(-8.22284 5.3971 0)
(-7.21551 7.15168 0)
(-5.94446 8.36528 0)
(-5.54263 9.76113 0)
(-4.18914 10.2177 0)
(-3.64347 11.7164 0)
(-2.79013 13.3013 0)
(-2.07824 13.9348 0)
(-1.44356 14.4898 0)
(-0.968814 15.0074 0)
(-0.75305 15.4264 0)
(-0.347874 15.885 0)
(-0.152391 15.5549 0)
(-0.0888358 14.0605 0)
(0.0385947 9.043 0)
(-1.44661 9.14104 0)
(-3.59121 6.57401 0)
(-4.15517 3.79742 0)
(-7.05801 3.45076 0)
(-6.74942 4.05748 0)
(-6.99667 4.70571 0)
(-6.141 6.23749 0)
(-4.81153 7.38081 0)
(-4.05293 8.96375 0)
(-2.78289 9.74575 0)
(-2.86795 11.4107 0)
(-1.85947 12.3924 0)
(-1.07575 13.4534 0)
(-0.844411 14.109 0)
(-0.438766 14.7524 0)
(-0.0349411 15.8779 0)
(0.0142685 15.9765 0)
(0.249655 15.3638 0)
(0.131303 13.7333 0)
(0.268581 8.77729 0)
(0.389913 11.169 0)
(-1.54948 8.37449 0)
(-0.949689 5.43529 0)
(-3.96929 4.88779 0)
(-4.58264 4.84833 0)
(-5.11378 4.56473 0)
(-4.94281 5.35025 0)
(-3.91217 6.17733 0)
(-3.16249 7.84942 0)
(-1.68888 9.10561 0)
(-1.58548 10.9606 0)
(-0.837771 11.6274 0)
(-0.473289 12.7893 0)
(0.128484 13.7274 0)
(0.382249 14.4139 0)
(0.33548 14.8899 0)
(0.562049 15.4407 0)
(0.532531 15.27 0)
(0.536299 14.0274 0)
(0.33361 9.54449 0)
(1.42704 10.3002 0)
(0.931008 8.59382 0)
(1.52087 6.3922 0)
(-1.27398 6.59265 0)
(-1.81802 6.09619 0)
(-2.38366 5.06957 0)
(-2.58341 5.21102 0)
(-2.14916 5.58422 0)
(-1.94111 6.79791 0)
(-0.787259 8.05591 0)
(-0.407933 10.7207 0)
(0.478664 11.261 0)
(0.640428 12.6431 0)
(0.692653 13.3824 0)
(0.96078 14.2233 0)
(1.22537 15.5947 0)
(1.07779 15.8398 0)
(1.10923 15.4956 0)
(0.619263 14.1981 0)
(0.438928 9.40953 0)
(1.23956 8.00164 0)
(2.09119 8.24916 0)
(1.36876 7.46431 0)
(0.201704 7.90715 0)
(0.31446 6.70086 0)
(0.783982 5.43378 0)
(0.630541 5.34814 0)
(1.00332 5.55363 0)
(0.459076 6.58222 0)
(0.891142 7.51104 0)
(0.714218 9.67557 0)
(1.756 10.8786 0)
(1.62647 12.2884 0)
(1.93165 13.4966 0)
(1.86806 14.199 0)
(1.66097 14.7011 0)
(1.61193 15.505 0)
(1.27188 15.5401 0)
(1.12332 14.5786 0)
(0.506851 10.6641 0)
(0.513376 6.59719 0)
(0.888793 8.85723 0)
(0.313859 8.0047 0)
(1.35006 7.61302 0)
(2.79837 6.09577 0)
(4.08747 5.05184 0)
(4.64907 5.14782 0)
(4.91181 5.71729 0)
(4.2434 6.84081 0)
(3.84127 7.7159 0)
(2.72626 9.54151 0)
(2.97858 10.645 0)
(2.93648 12.3255 0)
(2.62894 13.3767 0)
(2.4297 14.3413 0)
(2.3362 15.7783 0)
(2.03398 16.133 0)
(1.85378 16.0562 0)
(1.04159 15.2436 0)
(0.540625 10.7711 0)
(-0.928959 6.61256 0)
(-0.168403 9.19327 0)
(1.17755 6.60086 0)
(3.87701 5.4104 0)
(6.12114 4.19955 0)
(8.08728 3.85434 0)
(8.76536 4.52331 0)
(9.26525 5.6083 0)
(8.44569 7.24048 0)
(7.85365 8.55761 0)
(6.1138 9.86052 0)
(5.02932 10.9647 0)
(4.16098 12.2804 0)
(4.07273 13.942 0)
(3.56866 14.6775 0)
(2.94195 15.0045 0)
(2.53932 16.1328 0)
(1.90809 16.4363 0)
(1.53492 15.8433 0)
(0.701784 12.3001 0)
(-2.0616 7.81351 0)
(1.15899 7.00808 0)
(4.15003 3.47599 0)
(7.39482 2.20454 0)
(9.80217 1.86534 0)
(11.5188 2.38088 0)
(12.2581 3.85044 0)
(12.5146 5.66215 0)
(11.9005 7.68536 0)
(11.1556 9.67252 0)
(9.60303 11.481 0)
(7.85284 12.3118 0)
(6.151 13.184 0)
(4.86495 14.1327 0)
(4.13729 15.3741 0)
(3.49581 16.6459 0)
(2.82873 16.8864 0)
(2.48142 17.0304 0)
(1.43282 16.6966 0)
(0.564951 12.7286 0)
(-0.827599 8.04125 0)
(3.87004 2.92689 0)
(7.26167 -0.24445 0)
(10.0949 -0.701954 0)
(11.8229 0.0178485 0)
(12.9502 1.55705 0)
(13.412 3.64472 0)
(13.5719 5.88393 0)
(13.1906 8.35491 0)
(12.7326 10.543 0)
(11.7168 12.7246 0)
(10.0128 14.2021 0)
(8.01649 14.7878 0)
(6.59539 15.7131 0)
(5.31621 16.1064 0)
(4.12054 16.1976 0)
(3.32932 17.2777 0)
(2.27473 17.8281 0)
(1.7138 17.5782 0)
(0.682689 14.255 0)
(1.56946 4.62416 0)
(5.64114 -1.42826 0)
(8.41871 -3.20788 0)
(10.5018 -2.52523 0)
(11.4374 -0.93414 0)
(12.1866 1.20379 0)
(12.5302 3.5962 0)
(12.643 6.01569 0)
(12.7252 8.74927 0)
(12.5955 11.5552 0)
(12.2126 13.9921 0)
(11.2391 15.825 0)
(9.27563 16.6421 0)
(7.18699 16.8281 0)
(5.81089 17.7385 0)
(4.5763 18.554 0)
(3.34155 18.4954 0)
(2.8786 18.5528 0)
(1.67105 18.6696 0)
(0.783435 14.9895 0)
(2.3146 -0.307915 0)
(5.43966 -4.78859 0)
(7.74988 -5.12091 0)
(9.21003 -3.49347 0)
(9.8734 -1.41067 0)
(10.4604 0.986202 0)
(10.8038 3.37414 0)
(10.9292 5.93641 0)
(11.3112 8.71476 0)
(11.537 11.6052 0)
(11.531 14.6779 0)
(11.1062 17.1715 0)
(9.93258 18.5448 0)
(8.21652 19.0761 0)
(6.38389 18.7204 0)
(4.9606 18.4734 0)
(3.92573 19.1741 0)
(2.57889 19.6274 0)
(1.81915 19.5897 0)
(0.552082 16.564 0)
(1.94301 -4.20176 0)
(4.54396 -7.38547 0)
(6.44777 -6.41756 0)
(7.53783 -4.09637 0)
(8.06926 -1.73143 0)
(8.59877 0.676512 0)
(8.83879 3.08524 0)
(9.18591 5.66333 0)
(9.57704 8.67568 0)
(10.0172 11.796 0)
(10.3081 14.8679 0)
(10.4076 17.8772 0)
(9.46306 19.619 0)
(7.936 20.2381 0)
(6.56351 20.9947 0)
(5.03449 21.2454 0)
(3.46258 20.6904 0)
(2.6928 20.5757 0)
(1.55661 20.724 0)
(0.640426 17.2474 0)
(1.52923 -7.18572 0)
(3.62544 -9.32687 0)
(5.09324 -7.36191 0)
(5.97926 -4.66749 0)
(6.5033 -2.13239 0)
(7.08745 0.211742 0)
(7.50901 2.57532 0)
(7.92209 5.17015 0)
(8.26338 7.97427 0)
(8.52957 11.3044 0)
(8.93135 14.9908 0)
(9.19669 18.5023 0)
(8.94478 21.0437 0)
(7.71104 21.9035 0)
(6.11384 21.4536 0)
(4.88832 21.2206 0)
(3.87353 21.6364 0)
(2.59113 21.7159 0)
(1.76896 22.0132 0)
(0.749473 18.8339 0)
(1.1851 -9.49308 0)
(2.81578 -10.8794 0)
(4.00046 -8.26688 0)
(4.82413 -5.19858 0)
(5.45437 -2.8104 0)
(6.19151 -0.500842 0)
(6.81917 1.97457 0)
(7.27786 4.93759 0)
(7.37408 7.94306 0)
(7.34845 10.9994 0)
(7.61899 14.4802 0)
(7.97971 18.311 0)
(7.61975 21.2278 0)
(6.87186 22.9101 0)
(5.94411 23.968 0)
(4.67799 23.9026 0)
(3.18715 23.0662 0)
(2.34822 22.6833 0)
(1.21954 22.6148 0)
(0.210681 19.5496 0)
(0.921359 -11.346 0)
(2.20945 -12.1435 0)
(3.17793 -8.97942 0)
(4.0434 -5.95266 0)
(4.86234 -3.76227 0)
(5.8177 -1.52683 0)
(6.5213 1.26169 0)
(6.91719 4.44133 0)
(6.89531 7.62511 0)
(6.4526 10.9111 0)
(6.4341 14.691 0)
(6.69005 18.6443 0)
(6.73133 22.0233 0)
(5.91891 23.5196 0)
(4.75558 23.5405 0)
(3.85028 23.6163 0)
(2.97718 23.7922 0)
(1.77179 23.6642 0)
(1.39007 23.9708 0)
(0.65566 20.3522 0)
(0.738262 -12.8428 0)
(1.758 -13.1708 0)
(2.59793 -9.80547 0)
(3.60151 -6.95266 0)
(4.53842 -5.00961 0)
(5.51742 -2.43536 0)
(6.17564 0.849693 0)
(6.52712 4.66109 0)
(6.38367 8.08038 0)
(5.7012 10.8284 0)
(5.38114 14.2331 0)
(5.41857 18.3832 0)
(5.17736 22.025 0)
(4.85762 24.5768 0)
(4.32767 25.997 0)
(3.4688 25.9572 0)
(2.46095 25.1867 0)
(1.97986 24.6353 0)
(0.79465 24.6706 0)
(0.256329 21.702 0)
(0.589698 -14.0526 0)
(1.41912 -14.084 0)
(2.2138 -10.5744 0)
(3.13071 -7.86998 0)
(4.17921 -6.12263 0)
(5.13742 -3.37754 0)
(5.65079 0.341459 0)
(5.8338 4.44271 0)
(5.76346 8.53613 0)
(4.86672 11.7615 0)
(4.31912 14.9905 0)
(4.23408 18.8454 0)
(4.23174 22.5322 0)
(3.67359 24.4344 0)
(2.88071 24.9514 0)
(2.34733 25.3547 0)
(1.65075 25.4084 0)
(0.58506 25.0299 0)
(0.665702 24.988 0)
(-0.190418 21.1095 0)
(0.468943 -15.0346 0)
(1.13535 -14.7623 0)
(1.81051 -11.2747 0)
(2.80111 -9.12632 0)
(3.6079 -7.19132 0)
(4.43802 -3.91302 0)
(4.81941 0.376552 0)
(4.7491 4.90053 0)
(4.66047 8.86177 0)
(3.86445 11.8985 0)
(3.14193 15.1162 0)
(2.82856 19.0077 0)
(2.5082 22.7303 0)
(2.36062 25.5798 0)
(2.08068 27.1272 0)
(1.54304 27.1412 0)
(1.01464 26.4686 0)
(0.981376 25.9411 0)
(0.238969 26.0302 0)
(0.655504 22.5844 0)
(0.368557 -15.7849 0)
(0.856961 -15.3644 0)
(1.40705 -11.9633 0)
(2.21991 -9.86155 0)
(2.9228 -8.07266 0)
(3.50535 -4.3943 0)
(3.65077 0.150826 0)
(3.54251 5.18264 0)
(3.35921 9.82021 0)
(2.63395 13.0905 0)
(1.90006 16.0377 0)
(1.52848 19.6255 0)
(1.49189 23.1892 0)
(1.11073 25.1097 0)
(0.64476 25.8675 0)
(0.582755 26.5139 0)
(0.312801 26.521 0)
(-0.422437 25.9531 0)
(-0.232403 25.7719 0)
(-1.09416 21.7833 0)
(0.237218 -16.3588 0)
(0.57856 -15.7608 0)
(1.01087 -12.4517 0)
(1.4987 -10.6762 0)
(1.99251 -8.49365 0)
(2.38157 -4.34767 0)
(2.26056 0.529858 0)
(2.01297 5.32456 0)
(1.88877 9.82653 0)
(1.28661 13.2381 0)
(0.595762 16.3396 0)
(0.0594393 19.8808 0)
(-0.307788 23.3741 0)
(-0.321698 26.0877 0)
(-0.382619 27.6385 0)
(-0.773401 27.6416 0)
(-1.10694 26.8485 0)
(-0.77934 26.1573 0)
(-0.752629 25.7043 0)
(0.339287 21.3994 0)
(0.129878 -16.6688 0)
(0.292749 -15.9426 0)
(0.48061 -12.7498 0)
(0.885612 -11.2072 0)
(0.878324 -8.896 0)
(1.09855 -4.4989 0)
(0.838355 0.770537 0)
(0.46628 6.12785 0)
(0.230964 10.8478 0)
(-0.331633 14.3527 0)
(-0.946006 17.2228 0)
(-1.363 20.4949 0)
(-1.41741 23.7365 0)
(-1.68498 25.4401 0)
(-1.89629 26.1544 0)
(-1.57616 26.8352 0)
(-1.30873 26.9094 0)
(-1.55099 26.3018 0)
(-1.03488 26.2309 0)
(-0.986075 21.7695 0)
(0.00614129 -16.7583 0)
(-0.0309593 -15.9651 0)
(-0.0554088 -12.8386 0)
(-0.0430468 -11.0052 0)
(-0.110879 -8.74443 0)
(-0.205294 -4.08287 0)
(-0.683556 0.966941 0)
(-1.0244 5.94407 0)
(-1.18875 10.6293 0)
(-1.62353 14.3713 0)
(-2.19332 17.5339 0)
(-2.73983 20.7285 0)
(-2.98026 23.7865 0)
(-2.88503 26.2646 0)
(-2.74255 27.8375 0)
(-2.99502 27.858 0)
(-3.3153 26.7914 0)
(-2.8412 25.6873 0)
(-2.49008 24.1852 0)
(-1.49173 18.7144 0)
(-0.142983 -16.7133 0)
(-0.376331 -15.85 0)
(-0.485407 -12.7895 0)
(-0.781151 -11.3955 0)
(-1.24976 -8.60326 0)
(-1.47591 -3.6207 0)
(-1.99122 1.79704 0)
(-2.50432 6.94767 0)
(-2.74181 11.7105 0)
(-3.19708 15.3929 0)
(-3.70852 18.236 0)
(-4.06386 21.202 0)
(-4.03022 24.0644 0)
(-4.27861 25.4617 0)
(-4.50381 25.9081 0)
(-4.1723 26.3288 0)
(-3.76237 26.2214 0)
(-3.71079 25.3341 0)
(-2.16823 24.6369 0)
(-0.277604 18.5821 0)
(-0.232964 -16.3678 0)
(-0.626377 -15.3927 0)
(-1.08268 -12.255 0)
(-1.57709 -10.7079 0)
(-2.32748 -8.24506 0)
(-2.55813 -3.37065 0)
(-3.19341 1.90896 0)
(-3.66827 6.90432 0)
(-3.89706 11.5408 0)
(-4.25781 15.2757 0)
(-4.74994 18.3817 0)
(-5.23496 21.2753 0)
(-5.38768 23.8696 0)
(-5.33507 26.0132 0)
(-5.03803 27.687 0)
(-5.13511 27.8951 0)
(-5.43671 26.6961 0)
(-4.70339 25.4437 0)
(-4.57949 22.9898 0)
(-3.36616 15.7797 0)
(-0.372382 -15.8017 0)
(-0.915613 -14.7768 0)
(-1.4836 -11.9313 0)
(-2.41064 -10.2247 0)
(-3.25081 -7.56065 0)
(-3.66904 -2.42126 0)
(-4.29412 2.75018 0)
(-4.77408 7.76287 0)
(-5.03666 12.4847 0)
(-5.44049 16.2041 0)
(-5.92662 18.9771 0)
(-6.20624 21.7055 0)
(-6.12332 24.3267 0)
(-6.3799 25.5983 0)
(-6.71569 25.8131 0)
(-6.66927 25.7783 0)
(-6.55428 25.3279 0)
(-7.05472 23.606 0)
(-5.52755 19.8603 0)
(-4.43882 8.6254 0)
(-0.482987 -15.2771 0)
(-1.2469 -14.0513 0)
(-1.84705 -10.7236 0)
(-2.89478 -9.65733 0)
(-4.09083 -6.96886 0)
(-4.54758 -2.03511 0)
(-5.24546 3.23118 0)
(-5.74748 8.05314 0)
(-6.01659 12.5127 0)
(-6.2668 16.029 0)
(-6.59442 19.0019 0)
(-7.04139 21.7045 0)
(-7.31364 23.9137 0)
(-7.51379 25.6563 0)
(-7.21256 27.2315 0)
(-7.37669 27.4602 0)
(-8.12201 26.108 0)
(-7.38484 24.6823 0)
(-6.78607 20.0066 0)
(0.79664 3.73264 0)
(-0.500806 -14.3705 0)
(-1.2765 -13.4285 0)
(-2.24925 -10.1605 0)
(-3.36289 -8.26699 0)
(-4.70995 -6.12656 0)
(-5.23832 -1.18934 0)
(-5.9384 3.83534 0)
(-6.40294 8.6092 0)
(-6.63187 13.125 0)
(-6.96 16.8235 0)
(-7.46811 19.6139 0)
(-7.74791 22.2061 0)
(-7.72939 24.7259 0)
(-8.02223 26.1678 0)
(-8.56794 26.3784 0)
(-8.82725 25.9239 0)
(-8.2398 25.3341 0)
(-8.35674 23.282 0)
(-7.75761 18.4066 0)
(3.15104 1.00186 0)
(-0.615727 -13.3047 0)
(-1.51977 -11.9592 0)
(-2.34595 -9.06361 0)
(-3.7176 -7.62542 0)
(-5.24382 -5.2491 0)
(-5.92823 -0.638255 0)
(-6.56658 4.47982 0)
(-7.06316 9.07737 0)
(-7.41559 13.2692 0)
(-7.64962 16.594 0)
(-7.77439 19.6133 0)
(-8.11548 22.3315 0)
(-8.53972 24.3761 0)
(-9.05162 25.893 0)
(-8.81379 27.4579 0)
(-8.83317 27.9796 0)
(-9.50239 26.2893 0)
(-7.97953 22.4544 0)
(-3.28685 9.92762 0)
(2.61686 0.390474 0)
(-0.500727 -12.7397 0)
(-1.61431 -11.6882 0)
(-2.71692 -7.80158 0)
(-4.0992 -5.9756 0)
(-5.73209 -4.14687 0)
(-6.38483 0.247096 0)
(-6.98647 5.06672 0)
(-7.3563 9.49281 0)
(-7.62498 13.6649 0)
(-7.78915 17.3178 0)
(-8.25465 20.2447 0)
(-8.56991 22.7093 0)
(-8.55626 25.2023 0)
(-8.62175 27.0415 0)
(-9.21136 27.501 0)
(-9.97858 26.5737 0)
(-9.35925 24.9288 0)
(-8.47436 18.8585 0)
(0.159865 2.09837 0)
(-0.048721 0.82007 0)
(-0.850921 -10.9247 0)
(-1.80358 -9.53254 0)
(-2.84875 -6.55604 0)
(-4.16207 -4.69232 0)
(-5.86219 -3.09988 0)
(-6.59716 0.698669 0)
(-7.13118 5.37816 0)
(-7.44983 9.796 0)
(-7.81944 13.8854 0)
(-8.16095 17.0418 0)
(-8.17523 20.1079 0)
(-8.26556 22.8819 0)
(-8.62911 24.9562 0)
(-9.34097 26.2222 0)
(-9.36943 27.3894 0)
(-9.22765 27.7056 0)
(-9.57386 24.5655 0)
(-6.89516 16.7409 0)
(-1.10162 -0.453934 0)
(-1.86358 0.289832 0)
(-0.4766 -10.2505 0)
(-1.53106 -9.36408 0)
(-2.62332 -5.47265 0)
(-3.96548 -3.35511 0)
(-5.76329 -2.02006 0)
(-6.70355 1.52406 0)
(-7.32902 6.12102 0)
(-7.6452 10.3792 0)
(-7.89448 14.1748 0)
(-7.84447 17.6456 0)
(-8.08891 20.6818 0)
(-8.459 22.9466 0)
(-8.55776 25.2815 0)
(-8.44274 27.3488 0)
(-8.81392 27.9403 0)
(-9.53651 25.9674 0)
(-7.64774 21.5924 0)
(-4.10219 10.2303 0)
(-1.60027 -1.53136 0)
(-1.77299 -2.43553 0)
(-0.640268 -9.02078 0)
(-1.68395 -7.68146 0)
(-2.56444 -4.21209 0)
(-3.69903 -1.81577 0)
(-5.5822 -0.643644 0)
(-6.64079 2.17543 0)
(-7.25274 6.28289 0)
(-7.39452 10.2383 0)
(-7.50855 14.2875 0)
(-7.88472 17.3714 0)
(-7.93112 20.3596 0)
(-7.79644 23.1383 0)
(-7.89214 25.4443 0)
(-8.48737 26.533 0)
(-8.49842 27.0007 0)
(-7.45007 26.3876 0)
(-6.41547 20.9767 0)
(-1.28527 8.97034 0)
(-1.26659 -1.42288 0)
(-0.676918 -3.8077 0)
(-0.561294 -7.83356 0)
(-1.46438 -7.06465 0)
(-2.35791 -3.36539 0)
(-3.31942 -0.406537 0)
(-5.17884 0.774554 0)
(-6.39832 3.03955 0)
(-7.0633 6.84291 0)
(-7.32828 10.8439 0)
(-7.52274 14.4963 0)
(-7.40764 17.8412 0)
(-7.31629 21.0355 0)
(-7.5753 23.2278 0)
(-7.63136 25.335 0)
(-7.10019 27.2213 0)
(-6.60103 27.6701 0)
(-6.66239 24.3343 0)
(-4.07423 17.5491 0)
(-0.464737 4.68776 0)
(-0.69389 -2.40604 0)
(-0.41453 -4.70876 0)
(-0.447465 -6.9851 0)
(-1.34411 -5.97011 0)
(-2.15367 -2.42389 0)
(-2.83582 0.828117 0)
(-4.55004 2.2297 0)
(-5.892 4.02761 0)
(-6.72577 7.40568 0)
(-7.05158 10.7014 0)
(-6.88855 14.4107 0)
(-6.99463 17.4 0)
(-7.08268 20.2595 0)
(-6.67649 22.9572 0)
(-6.31248 25.3928 0)
(-6.27067 26.0913 0)
(-5.81586 25.357 0)
(-3.62202 23.2729 0)
(-2.19847 16.9083 0)
(1.05692 6.14722 0)
(0.335211 -0.972662 0)
(-0.191396 -4.63289 0)
(-0.432321 -5.98348 0)
(-1.24692 -5.21742 0)
(-1.87853 -1.77198 0)
(-2.29478 1.83139 0)
(-3.73906 3.70289 0)
(-5.16441 5.07594 0)
(-6.0048 7.74887 0)
(-6.43216 11.1023 0)
(-6.60746 14.4556 0)
(-6.50727 17.6735 0)
(-6.04633 20.7941 0)
(-5.96082 22.9454 0)
(-5.72779 24.4946 0)
(-4.62525 25.7841 0)
(-3.02643 25.582 0)
(-2.41345 21.0799 0)
(0.389673 12.6505 0)
(0.982232 2.96729 0)
(0.915855 -2.39341 0)
(-0.173649 -4.85396 0)
(-0.314043 -5.3027 0)
(-1.0817 -4.58264 0)
(-1.61719 -1.27921 0)
(-1.77584 2.5422 0)
(-2.82632 5.13506 0)
(-4.24349 6.21604 0)
(-5.17851 8.64702 0)
(-5.73737 11.3453 0)
(-5.71774 14.4439 0)
(-5.52073 17.2163 0)
(-5.46285 19.5272 0)
(-4.77517 21.9867 0)
(-3.79867 24.047 0)
(-3.20994 24.3596 0)
(-2.39298 22.3916 0)
(0.343153 19.4894 0)
(1.85332 13.5318 0)
(3.21041 5.06681 0)
(1.35329 0.328313 0)
(0.214044 -3.62399 0)
(-0.291262 -4.4831 0)
(-0.977333 -3.90081 0)
(-1.30939 -0.913936 0)
(-1.33753 2.75559 0)
(-1.80399 6.15177 0)
(-3.12948 7.45346 0)
(-4.01964 9.18027 0)
(-4.56842 11.7014 0)
(-4.70487 14.1897 0)
(-4.69734 17.0958 0)
(-3.93994 19.8868 0)
(-3.55525 21.8264 0)
(-2.88284 22.5468 0)
(-1.404 23.2159 0)
(0.754256 22.7364 0)
(1.01319 17.9001 0)
(2.75931 9.55101 0)
(1.81843 4.73927 0)
(1.67321 -0.104473 0)
(0.523819 -3.46485 0)
(-0.214164 -4.02849 0)
(-0.844492 -3.57333 0)
(-0.978155 -0.72598 0)
(-0.979798 2.87689 0)
(-0.986447 7.00261 0)
(-1.91247 8.43287 0)
(-2.83018 9.96899 0)
(-3.32423 12.0539 0)
(-3.45639 14.4941 0)
(-3.11449 16.7923 0)
(-2.95103 18.4063 0)
(-2.02224 20.3173 0)
(-0.669869 21.9805 0)
(0.261222 21.7799 0)
(0.883825 19.1945 0)
(3.22545 16.9578 0)
(4.18084 12.8039 0)
(3.76167 4.95471 0)
(1.41196 1.15699 0)
(1.24137 -1.97101 0)
(-0.187732 -3.4004 0)
(-0.75555 -3.14501 0)
(-0.667056 -0.672877 0)
(-0.756589 2.57085 0)
(-0.262679 7.11924 0)
(-0.806902 9.37574 0)
(-1.46787 10.6216 0)
(-1.90954 12.4595 0)
(-2.01385 14.1575 0)
(-1.8794 16.2501 0)
(-1.03375 18.7037 0)
(-0.466683 20.1516 0)
(0.16553 20.2251 0)
(1.68201 20.5104 0)
(3.85577 19.9916 0)
(3.25167 15.2198 0)
(3.75254 9.80112 0)
(4.23164 7.90721 0)
(2.00864 4.26023 0)
(0.954137 -0.426634 0)
(-0.152573 -3.05685 0)
(-0.658569 -2.96152 0)
(-0.454114 -0.71083 0)
(-0.603166 2.46931 0)
(0.0852321 6.98195 0)
(0.283227 9.7399 0)
(-0.309771 11.0966 0)
(-0.545607 12.4976 0)
(-0.581194 14.4311 0)
(-0.201967 16.1322 0)
(-0.0278237 17.0437 0)
(1.07458 18.4446 0)
(2.37381 19.8132 0)
(2.80869 19.112 0)
(3.10413 17.2072 0)
(5.55601 16.0305 0)
(4.83359 12.9969 0)
(2.74733 5.71555 0)
(0.625737 2.33339 0)
(0.541725 0.563892 0)
(-0.165795 -2.6493 0)
(-0.622395 -2.71994 0)
(-0.432453 -0.776548 0)
(-0.605044 2.1054 0)
(0.326151 6.27992 0)
(0.913269 9.8121 0)
(0.887267 11.5022 0)
(0.733994 12.8391 0)
(0.663877 13.9702 0)
(1.02167 15.3427 0)
(1.87946 17.4688 0)
(2.29321 18.3665 0)
(2.76452 18.1334 0)
(4.37371 18.508 0)
(5.68755 18.5201 0)
(4.31348 13.8371 0)
(4.55297 11.7938 0)
(4.99932 11.2707 0)
(3.64443 6.76808 0)
(-0.516467 1.29519 0)
(-0.215231 -2.29917 0)
(-0.63306 -2.46654 0)
(-0.633323 -0.826576 0)
(-0.537441 2.0068 0)
(0.139295 5.4075 0)
(1.47642 9.19515 0)
(1.72773 11.4241 0)
(1.80497 12.6795 0)
(2.06276 14.1639 0)
(2.28305 15.3295 0)
(2.51178 15.5967 0)
(3.66002 16.8999 0)
(4.8003 18.2975 0)
(4.50159 16.9456 0)
(4.67609 16.7536 0)
(7.15863 16.6001 0)
(4.94174 13.4108 0)
(3.38845 8.72022 0)
(1.85556 9.43322 0)
(0.712803 4.13443 0)
(-0.296054 -1.84134 0)
(-0.697645 -2.13652 0)
(-0.882091 -1.09361 0)
(-0.325662 1.50931 0)
(0.179201 4.26383 0)
(1.53912 8.10485 0)
(2.50928 11.2448 0)
(2.81662 12.7287 0)
(2.77158 13.5849 0)
(3.3988 14.6097 0)
(4.17348 16.3909 0)
(4.21174 16.5522 0)
(4.69415 16.724 0)
(6.69371 17.4985 0)
(6.48047 17.1551 0)
(5.0333 14.283 0)
(5.94135 14.5629 0)
(4.24814 12.784 0)
(1.08258 6.68858 0)
(-0.0697516 1.90956 0)
(-0.339424 -1.31542 0)
(-0.707718 -1.8062 0)
(-0.999218 -1.40724 0)
(0.0626556 0.9716 0)
(0.104931 3.22926 0)
(1.74374 6.73079 0)
(2.87932 10.1063 0)
(3.43131 12.1966 0)
(4.10873 13.6844 0)
(4.02747 14.3858 0)
(4.42622 14.3572 0)
(5.67987 15.7793 0)
(6.22223 16.7902 0)
(5.46494 15.6362 0)
(6.74642 17.0737 0)
(8.05315 17.2931 0)
(5.56492 14.6319 0)
(5.57655 13.6851 0)
(4.4009 14.3847 0)
(4.75109 7.82385 0)
(-0.294637 -0.848527 0)
(-0.535384 -1.60477 0)
(-0.805699 -1.60571 0)
(-0.251061 0.48228 0)
(0.247969 2.75822 0)
(1.48483 5.40549 0)
(3.10928 9.43562 0)
(4.06997 11.6948 0)
(4.21936 12.9237 0)
(5.20615 14.0683 0)
(5.72443 15.4024 0)
(5.42107 14.9052 0)
(6.60061 15.8503 0)
(8.34978 16.673 0)
(6.9063 15.6074 0)
(6.75436 15.6976 0)
(7.92562 16.9052 0)
(6.26112 14.3156 0)
(2.57177 12.7491 0)
(1.95468 8.35564 0)
(-0.221338 -0.514758 0)
(-0.219897 -1.38761 0)
(-0.181074 -1.40731 0)
(-0.628594 -0.333705 0)
(0.802877 1.80515 0)
(1.46963 3.7616 0)
(3.01859 7.55115 0)
(4.20392 10.7382 0)
(5.35254 12.6855 0)
(5.02964 13.2085 0)
(6.03455 13.5171 0)
(7.25837 14.9101 0)
(6.73077 14.9412 0)
(6.88697 15.2516 0)
(9.38255 17.0871 0)
(8.96596 16.8457 0)
(7.29008 16.5042 0)
(8.14007 16.2827 0)
(5.01847 14.9448 0)
(5.66795 14.1282 0)
(-0.15269 -0.414213 0)
(0.187826 -1.56329 0)
(0.345268 -1.20232 0)
(0.146361 -0.662368 0)
(0.875287 0.900137 0)
(1.25445 2.6604 0)
(2.88792 6.73055 0)
(4.21382 9.53336 0)
(4.94632 11.7045 0)
(6.40462 13.4582 0)
(6.37114 14.189 0)
(6.58862 13.7541 0)
(8.80349 15.0566 0)
(8.69829 14.8202 0)
(7.73436 14.3066 0)
(9.9281 16.0908 0)
(9.97557 17.6381 0)
(9.23985 17.2983 0)
(5.62481 16.4762 0)
(2.69437 15.8001 0)
(0.0391423 -0.524067 0)
(0.675052 -1.73495 0)
(0.70564 -1.57708 0)
(1.47844 -0.574599 0)
(0.752139 0.221675 0)
(1.67316 2.16804 0)
(2.02749 4.74421 0)
(3.88125 8.31342 0)
(5.48169 10.5744 0)
(5.40794 11.4893 0)
(7.44936 12.7136 0)
(7.60203 13.5539 0)
(7.17107 13.4685 0)
(9.7402 15.1772 0)
(10.7525 15.8593 0)
(10.1415 15.18 0)
(10.7123 16.5149 0)
(13.3378 18.8361 0)
(13.716 19.2 0)
(8.25657 22.0655 0)
(0.471306 -1.1095 0)
(0.780536 -2.16817 0)
(1.28851 -1.99538 0)
(1.59625 -0.748063 0)
(1.41269 0.557946 0)
(1.28526 1.9288 0)
(1.70147 4.46999 0)
(2.69145 6.55894 0)
(4.65007 9.7683 0)
(6.4794 12.0006 0)
(6.25186 12.2921 0)
(8.46269 12.7472 0)
(9.52197 13.2318 0)
(8.35199 12.2242 0)
(10.3615 13.8041 0)
(12.8573 15.5893 0)
(12.2723 15.4882 0)
(12.1351 17.265 0)
(18.4829 16.6715 0)
(17.567 22.4066 0)
(0.526182 -1.86158 0)
(0.813383 -2.78919 0)
(1.40396 -2.20031 0)
(1.17841 -1.02419 0)
(1.70073 0.65989 0)
(1.08593 1.53298 0)
(1.64715 3.0561 0)
(2.17591 5.28343 0)
(3.8488 6.6868 0)
(5.18359 9.21802 0)
(7.61194 11.2286 0)
(6.67383 11.4185 0)
(9.31981 13.029 0)
(11.657 13.791 0)
(10.2478 12.2053 0)
(12.2669 13.7218 0)
(16.592 14.3556 0)
(15.0159 17.8845 0)
(18.1966 14.6185 0)
(22.2817 18.642 0)
(0.419608 -2.53734 0)
(0.750438 -3.08439 0)
(1.01399 -2.30294 0)
(0.722361 -1.18044 0)
(1.40053 0.908341 0)
(0.752662 2.0157 0)
(1.29515 3.26185 0)
(1.93775 5.05609 0)
(2.74669 6.94404 0)
(4.63583 8.43629 0)
(6.361 10.0987 0)
(9.28471 10.1883 0)
(7.30145 9.50846 0)
(10.5662 11.9395 0)
(13.1221 12.0402 0)
(10.8454 12.7223 0)
(14.9652 9.87031 0)
(16.7488 14.4523 0)
(18.2412 12.8534 0)
(20.9652 13.8865 0)
(0.389219 -3.1115 0)
(0.399126 -3.22768 0)
(0.426313 -2.29726 0)
(0.311636 -1.25643 0)
(0.558361 0.527455 0)
(0.532945 1.33104 0)
(0.867954 1.87123 0)
(1.55233 3.10255 0)
(2.22865 3.96725 0)
(3.20254 5.60629 0)
(4.36941 7.6371 0)
(8.20156 10.7351 0)
(10.4053 10.0664 0)
(8.94998 10.2018 0)
(13.8242 9.62205 0)
(14.0681 13.1905 0)
(15.6343 10.3852 0)
(16.8505 11.5076 0)
(19.6549 10.73 0)
(20.098 10.9909 0)
(0.173005 -3.32413 0)
(-0.0201508 -3.02682 0)
(-0.286982 -2.07666 0)
(-0.522589 -0.882316 0)
(-0.506713 0.976265 0)
(-0.00502434 2.18008 0)
(-0.176634 2.3703 0)
(1.72547 4.49497 0)
(1.06046 6.21592 0)
(1.77831 6.23124 0)
(2.92128 1.96273 0)
(5.06672 6.70422 0)
(10.2417 7.50993 0)
(10.4622 10.7234 0)
(10.7201 5.53333 0)
(13.1403 9.13454 0)
(16.2735 9.09421 0)
(16.8368 9.81362 0)
(20.2224 8.99777 0)
(21.2055 9.1765 0)
(-0.0216513 -3.23742 0)
(-0.423306 -2.8301 0)
(-0.570798 -2.10367 0)
(-0.64867 -1.30512 0)
(-0.519044 -0.183178 0)
(-0.0393461 0.362636 0)
(0.27218 -0.378251 0)
(0.107773 1.23741 0)
(1.54221 2.44783 0)
(0.451607 6.60844 0)
(0.731839 3.24629 0)
(5.37761 7.50779 0)
(-1.44649 -0.88535 0)
(10.7945 10.4371 0)
(9.11656 6.40309 0)
(10.558 6.10216 0)
(14.3149 6.14851 0)
(15.4496 7.35472 0)
(18.4767 6.89796 0)
(20.5238 6.89889 0)
(-0.362031 -2.75142 0)
(-1.03156 -2.21195 0)
(-1.4129 -1.575 0)
(-1.65811 -0.58761 0)
(-1.56498 0.710012 0)
(-1.30122 1.76439 0)
(-1.79889 2.83595 0)
(-1.03496 4.0825 0)
(-0.257499 6.14041 0)
(-2.09713 5.74602 0)
(-0.636437 -6.94937 0)
(7.24615 8.2162 0)
(1.69733 0.832534 0)
(7.59046 5.99785 0)
(8.36714 5.45391 0)
(10.0445 4.90742 0)
(12.9199 4.13394 0)
(14.1849 4.83664 0)
(16.4534 4.89195 0)
(18.5082 4.54229 0)
(-0.534229 -2.30148 0)
(-1.29901 -2.17625 0)
(-1.97626 -1.90943 0)
(-2.38091 -1.30686 0)
(-2.22941 -0.533033 0)
(-1.7741 -0.281441 0)
(-1.38237 -0.754356 0)
(-0.0880681 -1.45375 0)
(0.921921 3.38289 0)
(3.94907 6.00773 0)
(1.45029 -4.51437 0)
(5.34253 6.16641 0)
(3.79793 2.08413 0)
(5.32825 1.10686 0)
(7.2536 1.90658 0)
(9.64984 2.53714 0)
(12.4053 2.05613 0)
(13.8461 2.54799 0)
(15.9463 2.87233 0)
(17.6862 2.66542 0)
(-1.03982 -0.541993 0)
(-2.21317 -0.183787 0)
(-3.58491 -0.337845 0)
(-4.8802 0.10539 0)
(-4.83967 0.548952 0)
(-4.68014 1.07154 0)
(-4.10138 1.63466 0)
(-3.55531 2.36055 0)
(-5.15502 3.86589 0)
(4.88276 4.93073 0)
(1.93237 -1.32035 0)
(-0.664993 1.96856 0)
(6.83753 2.00242 0)
(7.19082 0.893413 0)
(7.57423 0.612608 0)
(9.54024 0.513229 0)
(11.1733 0.365475 0)
(12.9612 0.771696 0)
(14.2864 0.845467 0)
(16.0725 1.0355 0)
(11.661 12.5573 0)
(-13.5122 -11.4604 0)
(6.1551 -10.7434 0)
(-6.30353 -1.35822 0)
(5.99168 -5.60664 0)
(0.659242 5.06887 0)
(-8.82332 5.43848 0)
(-1.71886 -1.14061 0)
(-2.89937 1.86322 0)
(-0.69649 0.270765 0)
(-2.32775 -0.761586 0)
(-3.19735 -0.850848 0)
(-3.79277 -0.69683 0)
(-4.41384 -0.353051 0)
(-4.75734 0.0975674 0)
(-5.88893 0.671696 0)
(-7.16536 1.03928 0)
(-9.23127 1.23521 0)
(-11.1471 1.18987 0)
(-13.2108 1.11763 0)
(-14.8611 0.904304 0)
(-16.4017 0.776971 0)
(-17.3036 0.526095 0)
(-17.9973 0.292779 0)
(-18.1259 0.0116835 0)
(-18.0998 -0.142504 0)
(-17.2608 -0.394959 0)
(-16.7807 -0.356179 0)
(-15.6753 -0.438072 0)
(-14.7065 -0.590925 0)
(-13.149 -0.889743 0)
(-12.1892 -0.523593 0)
(-10.1688 -0.594681 0)
(-9.63785 -0.741234 0)
(-7.53828 -0.724857 0)
(-6.0645 -0.596992 0)
(-5.13215 -0.47706 0)
(-3.2431 -0.698933 0)
(-1.93454 -0.597419 0)
(-0.535404 -0.53213 0)
(0.711879 -0.473011 0)
(1.87046 -0.439641 0)
(2.88041 -0.36908 0)
(3.682 -0.292779 0)
(4.35964 -0.231238 0)
(4.80339 -0.157163 0)
(5.17167 -0.134253 0)
(5.38077 -0.0730452 0)
(5.52717 -0.0496041 0)
(5.64219 -0.0156664 0)
(5.72083 -0.0246114 0)
(5.84283 -0.00413354 0)
(5.96679 -0.00822972 0)
(6.18079 -0.033603 0)
(6.43123 -0.0443842 0)
(6.71045 -0.0495346 0)
(7.05934 -0.0127412 0)
(7.31266 0.00429666 0)
(7.61247 -0.00289126 0)
(7.79583 -0.0865659 0)
(8.07651 -0.104702 0)
(8.21167 -0.0593062 0)
(8.42147 0.0434658 0)
(8.38193 0.0960635 0)
(8.48159 0.097027 0)
(8.341 0.0803478 0)
(8.44515 0.117887 0)
(8.26494 0.146074 0)
(8.36671 0.208567 0)
(8.17275 0.220908 0)
(8.24284 0.0296441 0)
(8.44619 -0.109788 0)
(8.46892 -0.410236 0)
(9.44314 -0.496002 0)
(9.29989 -0.649012 0)
(10.9131 -0.694944 0)
(10.7577 -0.703773 0)
(12.6337 -0.71737 0)
(12.5994 -0.725391 0)
(14.5716 -0.658805 0)
(15.8149 15.8525 0)
(20.4514 12.0141 0)
(4.03533 7.59472 0)
(-4.91871 -1.03616 0)
(-8.31351 0.241933 0)
(-6.23364 4.52604 0)
(-3.24198 -2.91199 0)
(-0.400839 -5.12672 0)
(-0.818394 -4.48227 0)
(3.05994 -0.826929 0)
(3.75303 2.31539 0)
(4.67833 2.90178 0)
(4.69521 2.23852 0)
(4.38769 1.41582 0)
(2.87831 1.47 0)
(0.809514 1.99964 0)
(-1.43425 2.41022 0)
(-3.49146 2.57103 0)
(-5.12864 2.5283 0)
(-6.71669 2.30966 0)
(-7.6577 1.96284 0)
(-8.95529 1.53025 0)
(-9.26022 1.03298 0)
(-9.60307 0.336236 0)
(-9.2441 -0.257877 0)
(-9.66205 -0.651807 0)
(-8.26768 -1.16727 0)
(-7.39126 -1.68352 0)
(-6.40217 -1.91411 0)
(-5.81654 -1.92612 0)
(-3.31245 -2.2589 0)
(-3.1267 -2.24268 0)
(-1.24872 -2.32764 0)
(-0.245109 -2.30502 0)
(1.47315 -2.42766 0)
(2.22272 -2.24679 0)
(3.99888 -2.30362 0)
(4.93221 -2.25728 0)
(6.53253 -2.15242 0)
(7.45151 -1.98804 0)
(8.98225 -1.80444 0)
(9.85785 -1.55493 0)
(11.1337 -1.29513 0)
(11.8667 -1.01907 0)
(12.8366 -0.747626 0)
(13.3138 -0.52605 0)
(13.9747 -0.327202 0)
(14.099 -0.217379 0)
(14.5349 -0.127854 0)
(14.3997 -0.1348 0)
(14.7697 -0.162408 0)
(14.4907 -0.250879 0)
(14.9457 -0.378326 0)
(14.6581 -0.462643 0)
(15.2063 -0.562226 0)
(14.972 -0.546129 0)
(15.4991 -0.600527 0)
(15.4269 -0.513279 0)
(15.8916 -0.488956 0)
(15.9892 -0.355731 0)
(16.216 -0.33403 0)
(16.2392 -0.241483 0)
(16.3491 -0.212466 0)
(16.4322 -0.113308 0)
(16.4886 -0.0748272 0)
(16.5878 8.46315e-05 0)
(16.4513 -0.0718165 0)
(16.7418 -0.00616914 0)
(16.4467 -0.145871 0)
(17.1696 -0.0803313 0)
(16.819 -0.269123 0)
(17.8874 -0.335517 0)
(17.3614 -0.504544 0)
(18.7415 -0.706513 0)
(18.2725 -0.807312 0)
(19.7796 -1.02197 0)
(19.5274 -1.13428 0)
(21.1394 -1.29473 0)
(21.0231 -1.36593 0)
(22.7014 -1.45839 0)
(21.6993 16.4182 0)
(23.0383 11.8432 0)
(21.808 7.90047 0)
(16.9123 7.17847 0)
(17.6901 3.56896 0)
(13.3295 1.43261 0)
(13.0121 -0.622951 0)
(12.5274 -0.291748 0)
(5.66022 -0.709995 0)
(1.72332 -1.89494 0)
(1.87932 -1.71246 0)
(1.7475 -1.5496 0)
(2.83709 -0.779992 0)
(3.07373 0.43146 0)
(3.91135 2.07024 0)
(4.68646 3.2919 0)
(5.3782 4.08739 0)
(5.34647 4.44196 0)
(4.94682 4.3717 0)
(4.40419 3.9706 0)
(3.46311 3.35248 0)
(3.37501 2.51608 0)
(2.50671 1.65014 0)
(3.07698 0.621363 0)
(2.88642 -0.23231 0)
(3.31848 -1.11409 0)
(4.62058 -1.92611 0)
(4.90247 -2.34964 0)
(6.61123 -2.74926 0)
(7.01532 -2.97551 0)
(9.1092 -3.31099 0)
(9.28529 -3.18132 0)
(11.3818 -3.36589 0)
(11.5081 -3.31929 0)
(13.1673 -3.43915 0)
(13.4317 -3.4153 0)
(14.931 -3.53874 0)
(15.1471 -3.48681 0)
(16.418 -3.48131 0)
(16.6688 -3.3219 0)
(17.7795 -3.15392 0)
(17.988 -2.86394 0)
(19.0174 -2.57587 0)
(19.1555 -2.13684 0)
(20.0715 -1.81217 0)
(20.2104 -1.34156 0)
(20.9698 -1.05421 0)
(21.1365 -0.661398 0)
(21.7349 -0.472563 0)
(21.8992 -0.238366 0)
(22.3492 -0.202896 0)
(22.4619 -0.114298 0)
(22.7919 -0.202023 0)
(22.8821 -0.222484 0)
(23.0887 -0.375872 0)
(23.1742 -0.381811 0)
(23.2302 -0.484463 0)
(23.348 -0.393219 0)
(23.2814 -0.438888 0)
(23.4568 -0.37049 0)
(23.2512 -0.362498 0)
(23.3931 -0.210152 0)
(23.1757 -0.204491 0)
(23.4309 -0.0160577 0)
(23.1214 -0.0660121 0)
(23.4833 0.0621302 0)
(23.0352 -0.0096338 0)
(23.6222 0.0199757 0)
(23.0548 -0.0547915 0)
(23.842 -0.184436 0)
(23.2693 -0.351251 0)
(24.2163 -0.648715 0)
(23.6431 -0.87655 0)
(24.6725 -1.21202 0)
(24.2143 -1.47003 0)
(25.3321 -1.74558 0)
(25.0586 -1.95683 0)
(26.3141 -2.16228 0)
(26.1945 -2.28305 0)
(27.5394 -2.38856 0)
(24.1423 13.4063 0)
(24.7581 11.5789 0)
(26.7726 9.19813 0)
(25.9714 7.38231 0)
(26.1804 5.47558 0)
(24.9255 3.55915 0)
(24.8902 2.19 0)
(23.49 0.776946 0)
(22.4275 1.20328 0)
(21.9796 1.90815 0)
(21.1411 2.15259 0)
(19.8701 2.10624 0)
(18.6609 1.73566 0)
(17.0904 1.33536 0)
(15.4017 1.42649 0)
(14.1819 2.13589 0)
(13.1891 3.1561 0)
(12.991 3.80023 0)
(12.8952 4.06153 0)
(13.1436 3.80331 0)
(13.3349 3.22138 0)
(13.413 2.34443 0)
(13.6692 1.40371 0)
(14.0126 0.233944 0)
(14.6038 -1.03775 0)
(14.8867 -2.11798 0)
(16.0258 -3.20523 0)
(16.4164 -3.67856 0)
(17.7184 -4.30629 0)
(18.3302 -4.33413 0)
(19.5517 -4.58162 0)
(20.2129 -4.36271 0)
(21.2823 -4.42338 0)
(21.8471 -4.17925 0)
(22.6849 -4.15736 0)
(23.1564 -3.96525 0)
(23.7762 -3.95994 0)
(24.1134 -3.8106 0)
(24.526 -3.72452 0)
(24.7405 -3.49795 0)
(25.0063 -3.27249 0)
(25.1423 -2.94886 0)
(25.3713 -2.6562 0)
(25.4666 -2.2525 0)
(25.6456 -1.93566 0)
(25.7348 -1.50588 0)
(25.8752 -1.26637 0)
(25.9937 -0.911735 0)
(26.082 -0.8031 0)
(26.2407 -0.594479 0)
(26.2849 -0.634141 0)
(26.4778 -0.549411 0)
(26.4638 -0.684112 0)
(26.6376 -0.655353 0)
(26.554 -0.801661 0)
(26.7362 -0.751445 0)
(26.57 -0.799807 0)
(26.7275 -0.665043 0)
(26.4412 -0.639553 0)
(26.6385 -0.487924 0)
(26.309 -0.473868 0)
(26.5105 -0.254362 0)
(26.0981 -0.243171 0)
(26.429 -0.0597273 0)
(25.9636 -0.103388 0)
(26.4479 -0.0141782 0)
(25.9239 -0.0512647 0)
(26.561 -0.103625 0)
(26.0358 -0.168924 0)
(26.7708 -0.354192 0)
(26.306 -0.49673 0)
(27.0959 -0.797385 0)
(26.6588 -1.00943 0)
(27.4621 -1.35345 0)
(27.0955 -1.58611 0)
(27.9799 -1.90797 0)
(27.7323 -2.09678 0)
(28.7255 -2.37767 0)
(28.6109 -2.51453 0)
(29.713 -2.68932 0)
(23.3711 10.314 0)
(25.0809 9.58198 0)
(26.9477 8.1777 0)
(27.9559 6.71401 0)
(28.5185 5.21082 0)
(28.5815 3.89564 0)
(28.4471 2.64594 0)
(28.1149 1.66479 0)
(27.6662 1.46058 0)
(27.0874 1.2704 0)
(26.7238 1.12565 0)
(26.3238 1.24947 0)
(25.934 1.55179 0)
(25.8878 2.03343 0)
(25.706 2.7756 0)
(25.4094 3.46687 0)
(24.9499 3.97665 0)
(24.885 4.22817 0)
(24.9013 4.24259 0)
(25.308 3.9162 0)
(25.663 3.26733 0)
(26.1985 2.42481 0)
(26.5525 1.28299 0)
(27.117 0.0368496 0)
(27.414 -1.25213 0)
(27.9217 -2.19865 0)
(28.2351 -3.22769 0)
(28.6778 -3.81235 0)
(28.9048 -4.43732 0)
(29.2253 -4.59083 0)
(29.3442 -4.82779 0)
(29.5391 -4.71347 0)
(29.5829 -4.71709 0)
(29.6479 -4.53138 0)
(29.6036 -4.44115 0)
(29.5054 -4.28775 0)
(29.3656 -4.19887 0)
(29.161 -4.06335 0)
(28.9487 -3.90987 0)
(28.6901 -3.69851 0)
(28.4525 -3.4202 0)
(28.2022 -3.11069 0)
(28.0403 -2.76888 0)
(27.9149 -2.40257 0)
(27.8312 -2.04839 0)
(27.8172 -1.64445 0)
(27.7442 -1.36952 0)
(27.8285 -1.01005 0)
(27.7416 -0.866041 0)
(27.8824 -0.600307 0)
(27.7887 -0.609776 0)
(27.9591 -0.440013 0)
(27.8368 -0.563647 0)
(28.0032 -0.426765 0)
(27.8255 -0.562148 0)
(28.0112 -0.417262 0)
(27.7629 -0.507111 0)
(27.9001 -0.309146 0)
(27.5204 -0.316738 0)
(27.6158 -0.101584 0)
(27.1872 -0.167287 0)
(27.3072 -0.0195214 0)
(26.8087 -0.0342301 0)
(26.9986 0.0579081 0)
(26.4804 0.0351578 0)
(26.7953 0.00975736 0)
(26.2749 -0.047393 0)
(26.693 -0.161894 0)
(26.2213 -0.28496 0)
(26.7227 -0.489447 0)
(26.3154 -0.716134 0)
(26.9061 -1.00349 0)
(26.5136 -1.32456 0)
(27.175 -1.66476 0)
(26.8448 -2.00505 0)
(27.6335 -2.36083 0)
(27.3995 -2.64989 0)
(28.3163 -2.98531 0)
(28.2215 -3.18495 0)
(29.3213 -3.38261 0)
(23.3408 8.76567 0)
(25.3291 7.98154 0)
(27.0632 6.98274 0)
(28.355 5.76454 0)
(29.2951 4.51046 0)
(29.8159 3.38842 0)
(30.0607 2.44588 0)
(30.1609 1.69845 0)
(30.1204 1.28533 0)
(29.9453 1.17554 0)
(29.8767 1.27044 0)
(29.874 1.54043 0)
(29.8539 1.99502 0)
(30.0834 2.47329 0)
(30.3469 2.91537 0)
(30.796 3.3891 0)
(31.1578 3.84692 0)
(31.8999 4.13024 0)
(32.5149 4.15712 0)
(33.4764 3.86228 0)
(34.0411 3.20309 0)
(34.9286 2.32056 0)
(35.1124 1.20295 0)
(35.7006 -0.0674618 0)
(35.7148 -1.27534 0)
(35.9428 -2.27395 0)
(35.4552 -3.24525 0)
(35.3341 -3.90162 0)
(34.6269 -4.48647 0)
(34.323 -4.65848 0)
(33.5235 -4.82526 0)
(33.1068 -4.65856 0)
(32.3502 -4.59932 0)
(31.8871 -4.35051 0)
(31.221 -4.22571 0)
(30.6869 -4.00918 0)
(30.1191 -3.85767 0)
(29.5859 -3.63444 0)
(29.1288 -3.43302 0)
(28.6345 -3.16726 0)
(28.2888 -2.89116 0)
(27.8597 -2.57896 0)
(27.6685 -2.23079 0)
(27.4112 -1.92364 0)
(27.3659 -1.59142 0)
(27.2522 -1.2971 0)
(27.2315 -1.07673 0)
(27.2506 -0.789205 0)
(27.2001 -0.744201 0)
(27.2954 -0.492744 0)
(27.201 -0.608932 0)
(27.3514 -0.423659 0)
(27.228 -0.639675 0)
(27.4114 -0.475699 0)
(27.2247 -0.671779 0)
(27.4246 -0.462513 0)
(27.1976 -0.624393 0)
(27.3755 -0.347953 0)
(27.0362 -0.395008 0)
(27.076 -0.0482456 0)
(26.6772 -0.0698351 0)
(26.786 0.146852 0)
(26.4221 0.123468 0)
(26.5189 0.222826 0)
(26.1667 0.22084 0)
(26.2946 0.184425 0)
(26.0314 0.136804 0)
(26.2017 0.00448124 0)
(26.0152 -0.124688 0)
(26.201 -0.378875 0)
(26.1059 -0.598571 0)
(26.341 -0.972571 0)
(26.2598 -1.31159 0)
(26.5893 -1.74127 0)
(26.5332 -2.15917 0)
(27.0286 -2.5896 0)
(27.0093 -2.97246 0)
(27.6517 -3.3167 0)
(27.7042 -3.52056 0)
(28.5803 -3.64784 0)
(22.6413 6.90548 0)
(24.6582 6.46203 0)
(26.5565 5.77423 0)
(27.9992 4.93919 0)
(29.2074 4.05607 0)
(30.0631 3.17322 0)
(30.6263 2.48091 0)
(31.0605 1.91465 0)
(31.2992 1.53245 0)
(31.512 1.39639 0)
(31.5925 1.40216 0)
(31.8609 1.57151 0)
(31.9504 1.78121 0)
(32.3591 2.14467 0)
(32.6357 2.38281 0)
(33.3993 2.721 0)
(33.9011 2.94722 0)
(34.9295 3.13238 0)
(35.6077 3.04739 0)
(36.7476 2.73445 0)
(37.3551 2.16321 0)
(38.3137 1.36497 0)
(38.4652 0.473938 0)
(39.015 -0.461888 0)
(38.7589 -1.38326 0)
(38.7462 -2.24951 0)
(37.8289 -2.95883 0)
(37.4119 -3.47548 0)
(36.2548 -3.81878 0)
(35.728 -3.93113 0)
(34.5106 -3.96781 0)
(33.9389 -3.82745 0)
(32.8042 -3.74699 0)
(32.2544 -3.55272 0)
(31.3094 -3.4563 0)
(30.7589 -3.27095 0)
(30.0382 -3.13001 0)
(29.4826 -2.94269 0)
(28.9493 -2.81626 0)
(28.3997 -2.63637 0)
(28.0526 -2.52077 0)
(27.5498 -2.33346 0)
(27.3899 -2.15776 0)
(26.9904 -1.93779 0)
(26.9751 -1.68713 0)
(26.6991 -1.43783 0)
(26.6922 -1.22262 0)
(26.5899 -0.957951 0)
(26.4903 -0.905 0)
(26.5757 -0.66167 0)
(26.3748 -0.757154 0)
(26.6088 -0.564176 0)
(26.3623 -0.730209 0)
(26.7234 -0.573662 0)
(26.4577 -0.696293 0)
(26.8301 -0.414209 0)
(26.557 -0.494669 0)
(26.9095 -0.169525 0)
(26.6424 -0.24706 0)
(26.7621 0.0239691 0)
(26.4209 0.01635 0)
(26.4103 0.232146 0)
(26.1916 0.150723 0)
(26.1086 0.231638 0)
(26.0104 0.119211 0)
(25.8095 0.11858 0)
(25.8806 -0.0294129 0)
(25.5751 -0.123471 0)
(25.7606 -0.343136 0)
(25.3789 -0.530183 0)
(25.6789 -0.807699 0)
(25.2441 -1.16803 0)
(25.5763 -1.51864 0)
(25.1985 -2.00426 0)
(25.4901 -2.47414 0)
(25.3191 -2.99094 0)
(25.5919 -3.45475 0)
(25.5717 -3.74999 0)
(25.7852 -3.78268 0)
(26.0559 -3.7821 0)
(20.5472 4.46897 0)
(22.4219 4.14839 0)
(24.2705 3.74317 0)
(25.816 3.16741 0)
(27.1093 2.69525 0)
(28.2071 2.11299 0)
(28.979 1.71647 0)
(29.7074 1.39113 0)
(30.1329 1.16075 0)
(30.6635 1.11083 0)
(30.9002 1.10015 0)
(31.42 1.28123 0)
(31.6495 1.3799 0)
(32.2737 1.68255 0)
(32.6569 1.84561 0)
(33.5348 2.10883 0)
(34.1494 2.17999 0)
(35.1856 2.27776 0)
(35.9226 2.1369 0)
(36.9701 1.91326 0)
(37.6444 1.4912 0)
(38.4375 0.935321 0)
(38.756 0.331984 0)
(39.0597 -0.312857 0)
(38.8304 -0.963671 0)
(38.5318 -1.64184 0)
(37.7194 -2.10944 0)
(37.0581 -2.54135 0)
(35.979 -2.7276 0)
(35.2392 -2.92897 0)
(34.0273 -2.9196 0)
(33.2924 -2.95973 0)
(32.0613 -2.86537 0)
(31.4434 -2.80575 0)
(30.3213 -2.69104 0)
(29.8237 -2.55728 0)
(28.8543 -2.43007 0)
(28.3697 -2.29756 0)
(27.5499 -2.23064 0)
(27.1056 -2.10652 0)
(26.4842 -2.06882 0)
(26.0927 -1.92857 0)
(25.7318 -1.86745 0)
(25.431 -1.68087 0)
(25.2603 -1.48046 0)
(24.9843 -1.22442 0)
(24.8128 -0.95032 0)
(24.6619 -0.727401 0)
(24.3555 -0.587013 0)
(24.4332 -0.439822 0)
(23.978 -0.503659 0)
(24.2579 -0.456937 0)
(23.7438 -0.620339 0)
(24.1908 -0.591466 0)
(23.797 -0.76498 0)
(24.2558 -0.527651 0)
(23.8259 -0.528062 0)
(24.23 -0.0863619 0)
(23.7889 -0.0453165 0)
(24.0495 0.284133 0)
(23.8206 0.314533 0)
(23.8459 0.530226 0)
(23.7724 0.480138 0)
(23.6228 0.633638 0)
(23.7922 0.472113 0)
(23.3978 0.556746 0)
(23.8122 0.322506 0)
(23.1085 0.272323 0)
(23.7387 -0.00828644 0)
(22.7717 -0.109426 0)
(23.5149 -0.461093 0)
(22.2589 -0.759106 0)
(23.119 -1.10477 0)
(21.6498 -1.63537 0)
(22.393 -2.17501 0)
(21.1043 -2.83945 0)
(21.717 -3.68062 0)
(20.719 -3.76409 0)
(21.376 -3.44273 0)
(20.3249 -3.2196 0)
(19.7627 2.47739 0)
(21.3136 2.20752 0)
(23.1841 1.96483 0)
(24.4379 1.57091 0)
(25.8873 1.33656 0)
(26.7648 0.98686 0)
(27.7553 0.785579 0)
(28.3562 0.560873 0)
(28.956 0.463179 0)
(29.4704 0.378053 0)
(29.8163 0.412913 0)
(30.3778 0.457497 0)
(30.637 0.568412 0)
(31.3774 0.694565 0)
(31.7384 0.832398 0)
(32.7142 0.965123 0)
(33.2752 1.00514 0)
(34.3875 1.0681 0)
(35.0746 0.9689 0)
(36.1339 0.909724 0)
(36.7683 0.618414 0)
(37.5107 0.399717 0)
(37.842 -0.0345321 0)
(37.9818 -0.365184 0)
(37.8109 -0.844253 0)
(37.2936 -1.18893 0)
(36.6709 -1.5298 0)
(35.6627 -1.76475 0)
(34.811 -1.92107 0)
(33.5802 -2.06637 0)
(32.6328 -2.05553 0)
(31.3225 -2.12532 0)
(30.3596 -1.99271 0)
(29.1814 -1.99491 0)
(28.2619 -1.83078 0)
(27.3213 -1.78691 0)
(26.3528 -1.66892 0)
(25.5902 -1.63687 0)
(24.5473 -1.56138 0)
(24.0645 -1.55333 0)
(22.9736 -1.50269 0)
(22.7031 -1.49389 0)
(21.7116 -1.44463 0)
(21.585 -1.40659 0)
(20.9168 -1.32609 0)
(20.6514 -1.16536 0)
(20.1833 -1.00095 0)
(19.8248 -0.744151 0)
(19.3563 -0.60327 0)
(19.208 -0.368329 0)
(18.5547 -0.391448 0)
(18.6026 -0.280702 0)
(18.0971 -0.406152 0)
(18.1045 -0.461087 0)
(17.8648 -0.633646 0)
(18.2062 -0.69146 0)
(17.8153 -0.69498 0)
(18.2085 -0.53548 0)
(17.5285 -0.380898 0)
(17.8685 -0.0636383 0)
(17.386 -0.0411952 0)
(17.3559 0.101939 0)
(17.3109 0.175322 0)
(17.1811 0.278119 0)
(17.3426 0.270137 0)
(17.0805 0.254052 0)
(17.3158 0.2116 0)
(16.8587 0.0519782 0)
(17.312 0.0894445 0)
(16.6673 -0.250259 0)
(16.8986 -0.241357 0)
(15.9053 -0.630523 0)
(16.6437 -0.677124 0)
(14.5704 -1.40422 0)
(15.3652 -1.50379 0)
(13.3932 -2.78945 0)
(13.2208 -3.97617 0)
(12.2381 -4.23428 0)
(13.2373 -4.39941 0)
(9.33106 -3.61276 0)
(17.9725 0.862036 0)
(19.4354 0.910736 0)
(21.2899 0.803186 0)
(22.2877 0.708677 0)
(23.8464 0.670234 0)
(24.3738 0.51525 0)
(25.5404 0.521946 0)
(25.7796 0.353269 0)
(26.5901 0.416944 0)
(26.7427 0.281373 0)
(27.2686 0.379739 0)
(27.5004 0.287663 0)
(27.8699 0.395928 0)
(28.3509 0.351009 0)
(28.7057 0.432503 0)
(29.5311 0.418213 0)
(29.9547 0.434348 0)
(31.059 0.432671 0)
(31.4671 0.380149 0)
(32.5964 0.37017 0)
(32.8088 0.218424 0)
(33.6695 0.176674 0)
(33.4606 -0.0689691 0)
(33.7371 -0.141733 0)
(32.9868 -0.418919 0)
(32.5624 -0.452882 0)
(31.3292 -0.694985 0)
(30.2627 -0.670836 0)
(28.8548 -0.849802 0)
(27.3816 -0.780786 0)
(26.0359 -0.849896 0)
(24.2183 -0.783638 0)
(23.126 -0.720555 0)
(21.1556 -0.724229 0)
(20.4016 -0.572225 0)
(18.4774 -0.702696 0)
(17.8648 -0.533145 0)
(16.0751 -0.717609 0)
(15.3515 -0.539095 0)
(13.9499 -0.650726 0)
(12.8369 -0.612395 0)
(11.9558 -0.531812 0)
(10.4449 -0.641004 0)
(9.91322 -0.282654 0)
(8.5786 -0.298747 0)
(7.95521 0.0212782 0)
(7.60627 0.200255 0)
(6.74455 0.0646232 0)
(6.96748 0.300102 0)
(6.65176 0.028497 0)
(6.18409 -0.151727 0)
(6.56777 -0.105687 0)
(5.76698 -0.478199 0)
(5.41719 -0.54713 0)
(4.92498 -0.258461 0)
(4.61552 -0.0803676 0)
(3.75388 -0.0471952 0)
(3.67053 0.321055 0)
(3.69904 0.663928 0)
(3.91837 0.814476 0)
(4.06927 0.785011 0)
(4.44037 0.612853 0)
(4.90017 0.636891 0)
(5.45422 0.638049 0)
(5.69848 0.549429 0)
(6.15932 0.332059 0)
(6.46058 0.294721 0)
(6.79716 0.243344 0)
(6.91014 0.268755 0)
(7.08372 0.0736991 0)
(6.74644 -0.381117 0)
(6.73625 0.370894 0)
(6.91747 -0.472294 0)
(4.73933 -1.01383 0)
(5.90356 0.226716 0)
(3.50484 -3.89705 0)
(-2.11887 -1.92122 0)
(-3.41936 0.876125 0)
(-6.95478 1.7214 0)
(-6.74545 1.56049 0)
)
;

boundaryField
{
    inlet
    {
        type            fixedValue;
        value           uniform (10 0 0);
    }
    outlet
    {
        type            zeroGradient;
    }
    walls
    {
        type            fixedValue;
        value           uniform (0 0 0);
    }
    frontAndBack
    {
        type            empty;
    }
}


// ************************************************************************* //
