/*--------------------------------*- C++ -*----------------------------------*\
| =========                 |                                                 |
| \\      /  F ield         | OpenFOAM: The Open Source CFD Toolbox           |
|  \\    /   O peration     | Version:  2306                                  |
|   \\  /    A nd           | Website:  www.openfoam.com                      |
|    \\/     M anipulation  |                                                 |
\*---------------------------------------------------------------------------*/
FoamFile
{
    version     2.0;
    format      ascii;
    arch        "LSB;label=32;scalar=64";
    class       surfaceScalarField;
    location    "0.475";
    object      phi;
}
// * * * * * * * * * * * * * * * * * * * * * * * * * * * * * * * * * * * * * //

dimensions      [0 3 -1 0 0 0 0];

oriented        oriented;

internalField   nonuniform List<scalar> 
8520
(
0.00992781
7.21932e-05
0.00978962
0.000138188
0.00962951
0.000160114
0.00946826
0.000161243
0.00930945
0.000158813
0.00914914
0.000160309
0.00898638
0.000162757
0.00882094
0.000165442
0.00865371
0.000167234
0.00848561
0.000168093
0.00831789
0.000167726
0.00815107
0.000166815
0.00798554
0.000165529
0.00782133
0.00016421
0.00765849
0.000162846
0.00749709
0.000161396
0.00733715
0.00015994
0.00717885
0.000158303
0.00702217
0.000156685
0.00686731
0.000154859
0.00671428
0.000153023
0.00656321
0.000151078
0.00641416
0.000149041
0.00626713
0.000147038
0.00612228
0.000144843
0.00597952
0.000142763
0.00583902
0.000140499
0.00570064
0.00013838
0.00556458
0.000136061
0.00543061
0.000133969
0.00529903
0.000131585
0.00516942
0.000129605
0.0050421
0.000127325
0.00491658
0.000125518
0.00479315
0.000123434
0.00467124
0.000121909
0.00455111
0.000120123
0.00443208
0.000119035
0.00431434
0.000117734
0.00419715
0.000117199
0.00408053
0.000116614
0.0039638
0.000116727
0.00384678
0.000117027
0.00372873
0.000118052
0.00360933
0.0001194
0.00348766
0.000121671
0.00336337
0.000124284
0.00323525
0.000128124
0.00310299
0.000132259
0.00296501
0.000137983
0.00282112
0.00014389
0.00266933
0.000151785
0.00250963
0.000159695
0.00233968
0.000169956
0.00215973
0.000179951
0.00196714
0.000192585
0.00176271
0.000204428
0.00154371
0.000219008
0.0013118
0.000231907
0.00106463
0.00024717
0.000805445
0.000259185
0.000533449
0.000271995
0.00025689
0.00027656
-1.33697e-05
0.000270259
-0.000259095
0.000245725
-0.000470522
0.000211428
-0.000621381
0.000150859
-0.000697414
7.60327e-05
-0.000675527
-2.18868e-05
-0.000552032
-0.000123496
-0.000318379
-0.000233653
-3.40531e-05
-0.000284326
0.00021002
-0.000244074
0.000309525
-9.95051e-05
-1.37167e-05
0.000323242
-0.000516312
0.000502595
-0.000401333
-0.000114979
-8.66301e-05
-0.000314703
-0.000101304
1.46737e-05
0.000155581
-0.000256885
0.0100357
3.65384e-05
0.0100799
9.39692e-05
0.0101108
0.000129198
0.0101273
0.000144773
0.0101357
0.000150329
0.0101431
0.000152943
0.0101494
0.000156516
0.0101532
0.000161603
0.0101537
0.000166753
0.0101502
0.000171563
0.010143
0.000174902
0.0101324
0.000177487
0.0101188
0.000179042
0.0101028
0.000180291
0.0100843
0.000181275
0.0100637
0.000181981
0.0100408
0.000182861
0.010016
0.00018317
0.00998872
0.000183916
0.00995975
0.000183829
0.0099285
0.000184272
0.00989563
0.00018395
0.00986066
0.000184011
0.00982411
0.000183591
0.00978564
0.00018331
0.00974562
0.000182782
0.0097038
0.000182322
0.00966046
0.00018172
0.00961542
0.000181104
0.00956883
0.000180561
0.00952059
0.000179817
0.00947072
0.000179474
0.00941924
0.000178809
0.00936606
0.0001787
0.00931114
0.00017835
0.0092544
0.000178649
0.00919578
0.000178745
0.00913508
0.000179734
0.00907229
0.000180525
0.00900706
0.000182431
0.00893916
0.000184514
0.00886861
0.000187276
0.0087946
0.000191031
0.00871762
0.000195034
0.00863613
0.000200891
0.00855115
0.000206655
0.00846038
0.000215053
0.00836533
0.000223174
0.00826302
0.000234566
0.00815519
0.000245816
0.00803855
0.000260529
0.00791456
0.000275773
0.00778006
0.000294201
0.00763594
0.000314069
0.00747919
0.000336707
0.00731046
0.000361313
0.00712633
0.000388558
0.00692817
0.000417163
0.0067114
0.000448678
0.00647942
0.000479156
0.00622628
0.000512318
0.00595836
0.000539915
0.00566753
0.000567389
0.00535722
0.000580577
0.00502399
0.000578956
0.00466485
0.000570562
0.00426097
0.000554741
0.0038073
0.000529703
0.00327844
0.000506974
0.00265461
0.000500334
0.0018856
0.000535354
0.0010086
0.000592679
0.000152965
0.000611558
-0.000420672
0.000474131
-0.000554637
0.000457208
-0.000388884
0.000336842
-0.00044852
-5.53435e-05
-0.000583693
-0.00017953
-0.000576451
7.43234e-06
0.000111491
-0.000532361
0.0100141
2.24261e-05
0.0100441
6.39632e-05
0.0100777
9.55993e-05
0.0101074
0.000115079
0.0101313
0.000126451
0.0101523
0.00013197
0.010173
0.000135796
0.010195
0.000139568
0.0102179
0.000143857
0.0102408
0.0001487
0.0102631
0.000152566
0.0102842
0.000156411
0.0103045
0.000158746
0.0103236
0.000161187
0.0103423
0.000162584
0.0103601
0.000164171
0.0103775
0.000165462
0.0103941
0.000166524
0.0104101
0.000167988
0.0104253
0.000168564
0.0104396
0.000170037
0.0104532
0.000170343
0.0104656
0.000171597
0.0104773
0.000171849
0.0104878
0.000172831
0.0104975
0.000173072
0.0105059
0.000173951
0.0105134
0.000174202
0.0105195
0.000175004
0.0105246
0.000175485
0.0105282
0.000176157
0.0105306
0.000177117
0.0105316
0.00017778
0.010531
0.0001793
0.0105292
0.000180219
0.0105253
0.000182488
0.0105202
0.00018386
0.0105128
0.000187136
0.0105039
0.000189404
0.0104927
0.000193671
0.0104796
0.000197635
0.0104641
0.000202773
0.010446
0.00020905
0.0104255
0.000215567
0.010402
0.000224427
0.0103755
0.000233148
0.0103455
0.000245058
0.0103121
0.000256583
0.0102742
0.00027243
0.0102327
0.000287302
0.0101854
0.000307888
0.0101341
0.000327051
0.0100755
0.000352738
0.010012
0.000377652
0.00994057
0.000408096
0.00986139
0.000440494
0.00977514
0.000474806
0.00967697
0.000515338
0.00957273
0.000552916
0.00945279
0.000599099
0.00932586
0.000639242
0.00918061
0.000685173
0.00902383
0.000724166
0.00884323
0.000761178
0.00863159
0.000790591
0.00838513
0.000817025
0.00809414
0.000845731
0.00775528
0.000868564
0.00735731
0.000904949
0.00691161
0.000946031
0.00642654
0.00102042
0.00592836
0.00109086
0.00536491
0.001175
0.00463162
0.00120742
0.00387597
0.00121286
0.00302644
0.00118637
0.00190165
0.00106945
0.000679399
0.00104272
-0.000107553
0.000794384
0.000416022
-0.000412084
0.010007
1.54331e-05
0.0100268
4.41644e-05
0.0100519
7.05035e-05
0.010077
8.99376e-05
0.0101003
0.000103175
0.0101223
0.000109955
0.0101431
0.000115024
0.0101643
0.000118403
0.0101863
0.000121779
0.0102095
0.000125533
0.0102332
0.00012889
0.0102569
0.00013271
0.0102805
0.000135082
0.0103037
0.000138009
0.010327
0.000139264
0.0103499
0.000141341
0.0103731
0.000142239
0.0103959
0.000143729
0.010419
0.000144869
0.0104418
0.000145792
0.0104645
0.00014728
0.0104871
0.000147784
0.0105093
0.00014941
0.0105314
0.000149722
0.0105529
0.000151336
0.0105744
0.000151594
0.010595
0.000153323
0.0106157
0.000153521
0.0106352
0.000155465
0.0106549
0.00015582
0.0106732
0.000157875
0.0106915
0.000158782
0.0107084
0.000160878
0.0107251
0.000162596
0.0107404
0.000164883
0.0107552
0.000167727
0.0107689
0.000170207
0.0107812
0.000174802
0.0107931
0.000177461
0.0108027
0.000184145
0.0108126
0.000187699
0.0108193
0.000196037
0.0108265
0.000201919
0.0108305
0.000211501
0.0108342
0.000220741
0.0108353
0.000232063
0.0108354
0.000245009
0.0108328
0.000259178
0.010829
0.000276161
0.0108222
0.000294168
0.0108142
0.000315878
0.0108027
0.000338549
0.0107896
0.000365838
0.0107733
0.000393886
0.0107538
0.000427597
0.0107328
0.000461563
0.0107059
0.000501714
0.0106784
0.000542839
0.0106442
0.000587125
0.0106065
0.000636739
0.0105632
0.000682519
0.0105107
0.000737671
0.0104494
0.000785465
0.010371
0.000839635
0.01027
0.000891559
0.0101438
0.000943243
0.00998898
0.00100055
0.00979994
0.0010576
0.00957626
0.00112863
0.00931847
0.00120382
0.00903745
0.00130144
0.00872354
0.00140478
0.00836814
0.0015304
0.00792559
0.00164998
0.00741892
0.00171953
0.00681956
0.00178572
0.00614063
0.00174839
0.00545
0.00173335
0.00452351
0.00172087
0.00155261
0.00338692
0.0100044
1.09871e-05
0.0100166
3.19928e-05
0.010035
5.20731e-05
0.0100564
6.86071e-05
0.010078
8.15347e-05
0.010099
8.89264e-05
0.0101192
9.48896e-05
0.0101399
9.77247e-05
0.0101605
0.0001011
0.0101827
0.000103336
0.0102049
0.000106719
0.0102283
0.000109307
0.0102513
0.000112125
0.0102749
0.000114383
0.010298
0.000116182
0.0103214
0.000117897
0.0103446
0.000119016
0.0103681
0.000120303
0.0103915
0.00012143
0.010415
0.000122278
0.0104385
0.000123795
0.010462
0.000124276
0.0104854
0.000126069
0.0105087
0.000126394
0.0105318
0.000128259
0.0105547
0.000128642
0.0105774
0.000130651
0.0105999
0.000131033
0.0106219
0.000133425
0.0106438
0.000133905
0.0106651
0.000136617
0.0106861
0.000137743
0.0107067
0.000140334
0.0107264
0.000142865
0.0107462
0.000145067
0.0107644
0.000149512
0.0107833
0.000151376
0.0107999
0.000158166
0.0108176
0.000159758
0.0108324
0.000169363
0.010849
0.000171068
0.0108616
0.000183431
0.010877
0.000186568
0.0108876
0.000200902
0.010901
0.000207297
0.0109101
0.000223002
0.010921
0.000234065
0.0109289
0.000251322
0.010937
0.000268059
0.010944
0.000287151
0.0109488
0.000311027
0.0109555
0.000331853
0.0109571
0.000364271
0.0109633
0.000387698
0.0109626
0.000428341
0.0109677
0.000456412
0.0109647
0.000504687
0.0109697
0.000537854
0.0109629
0.000593956
0.0109667
0.000632958
0.0109558
0.000693421
0.0109504
0.000743045
0.0109332
0.000802693
0.0109079
0.00086488
0.0108731
0.000926345
0.0108202
0.000996191
0.0107541
0.00106664
0.0106623
0.00114936
0.0105589
0.00123211
0.0104208
0.00134187
0.0102784
0.00144388
0.0100952
0.00158789
0.00990461
0.00172103
0.00968353
0.00187106
0.00940019
0.00200288
0.00907653
0.00210938
0.00862828
0.00219664
0.00809446
0.00226717
0.00744648
0.00236885
0.0023268
0.00667229
0.0100031
7.84983e-06
0.0100118
2.33462e-05
0.0100256
3.82362e-05
0.0100431
5.11105e-05
0.0100625
6.21918e-05
0.0100824
6.8953e-05
0.0101023
7.5002e-05
0.0101225
7.75245e-05
0.0101426
8.10203e-05
0.0101638
8.2173e-05
0.0101852
8.52755e-05
0.0102078
8.6683e-05
0.0102303
8.97009e-05
0.0102535
9.11509e-05
0.0102764
9.32784e-05
0.0102996
9.46842e-05
0.0103229
9.57504e-05
0.0103459
9.72603e-05
0.0103696
9.77573e-05
0.0103926
9.93062e-05
0.0104165
9.98942e-05
0.0104394
0.000101343
0.0104633
0.000102178
0.0104861
0.000103595
0.0105098
0.000104537
0.0105323
0.000106151
0.0105557
0.000107208
0.0105778
0.000108958
0.0106008
0.000110468
0.0106224
0.000112252
0.0106446
0.000114458
0.0106659
0.000116472
0.0106869
0.000119248
0.0107078
0.000122034
0.0107276
0.000125223
0.0107478
0.000129284
0.0107664
0.000132833
0.0107858
0.000138769
0.0108031
0.000142416
0.0108213
0.000151209
0.0108377
0.000154629
0.0108541
0.000167022
0.0108699
0.000170814
0.0108844
0.000186339
0.0108993
0.000192483
0.0109125
0.000209805
0.0109258
0.000220719
0.0109381
0.000238978
0.0109501
0.000256082
0.0109613
0.000275927
0.0109729
0.000299429
0.0109827
0.000322068
0.0109942
0.000352754
0.0110037
0.000378196
0.0110147
0.000417386
0.0110245
0.000446619
0.0110362
0.000492933
0.0110448
0.00052932
0.011058
0.000580777
0.0110655
0.000625434
0.0110755
0.000683427
0.0110818
0.000736733
0.0110851
0.000799372
0.0110821
0.000867928
0.0110788
0.00092962
0.0110568
0.00101816
0.0110373
0.00108616
0.0109958
0.00119091
0.010948
0.00127991
0.0108856
0.0014042
0.0108104
0.00151911
0.0107242
0.00167409
0.0106327
0.00181256
0.0105151
0.00198862
0.010377
0.00214098
0.0101824
0.00230399
0.00990974
0.0024693
0.00959002
0.00258688
0.0092096
0.00274926
0.00279437
0.00874204
0.0100025
5.30365e-06
0.0100092
1.67209e-05
0.0100206
2.68573e-05
0.010035
3.6629e-05
0.0100525
4.47043e-05
0.0100708
5.06767e-05
0.0100904
5.5362e-05
0.0101099
5.80897e-05
0.0101302
6.07346e-05
0.0101504
6.18957e-05
0.0101717
6.39917e-05
0.0101934
6.50022e-05
0.0102156
6.74576e-05
0.0102383
6.85308e-05
0.0102611
7.0488e-05
0.0102841
7.16721e-05
0.0103072
7.25838e-05
0.0103302
7.4251e-05
0.0103538
7.42061e-05
0.0103767
7.63759e-05
0.0104005
7.60946e-05
0.0104234
7.84325e-05
0.0104472
7.83918e-05
0.0104701
8.06974e-05
0.0104936
8.10132e-05
0.0105165
8.33172e-05
0.0105395
8.41754e-05
0.0105623
8.61553e-05
0.0105845
8.82543e-05
0.0106074
8.93933e-05
0.0106285
9.33469e-05
0.0106514
9.35965e-05
0.0106713
9.93341e-05
0.010694
9.93569e-05
0.0107127
0.000106512
0.010735
0.000106976
0.0107524
0.000115444
0.0107743
0.000116846
0.0107902
0.000126471
0.0108116
0.000129849
0.0108264
0.000139854
0.0108465
0.000146888
0.0108609
0.000156386
0.0108789
0.000168386
0.010894
0.000177411
0.010909
0.000194792
0.0109253
0.000204376
0.0109374
0.000226844
0.0109548
0.000238722
0.0109652
0.000265573
0.010983
0.000281609
0.0109923
0.00031278
0.0110112
0.000333847
0.0110194
0.000369963
0.0110395
0.000397254
0.0110485
0.000437611
0.0110679
0.000473617
0.0110798
0.000517424
0.0110973
0.000563251
0.0111107
0.000612062
0.0111259
0.000668144
0.0111404
0.000722282
0.0111479
0.000791909
0.0111651
0.000850722
0.0111596
0.000935121
0.0111719
0.00100581
0.0111556
0.00110252
0.0111526
0.0011939
0.0111245
0.00130796
0.0111047
0.00142398
0.0110624
0.00156146
0.0110299
0.00170655
0.0109724
0.00187009
0.0109204
0.00204059
0.0108342
0.0022272
0.0107181
0.00242008
0.0105873
0.00260015
0.0103682
0.00280597
0.0101574
0.00296004
0.00315105
0.00980072
0.0100023
2.95878e-06
0.0100077
1.13486e-05
0.0100178
1.67802e-05
0.0100302
2.42039e-05
0.0100463
2.8602e-05
0.0100632
3.38299e-05
0.0100823
3.62166e-05
0.0101011
3.92568e-05
0.0101215
4.03605e-05
0.0101414
4.20021e-05
0.0101626
4.28137e-05
0.0101837
4.39424e-05
0.0102057
4.54468e-05
0.0102279
4.6273e-05
0.0102504
4.79676e-05
0.0102735
4.86045e-05
0.0102963
4.98036e-05
0.0103197
5.07951e-05
0.0103427
5.12611e-05
0.0103663
5.27794e-05
0.0103893
5.30612e-05
0.010413
5.47297e-05
0.010436
5.54226e-05
0.0104597
5.69597e-05
0.0104825
5.82137e-05
0.0105061
5.97355e-05
0.0105287
6.15672e-05
0.010552
6.29066e-05
0.0105743
6.5966e-05
0.0105971
6.65121e-05
0.0106189
7.15842e-05
0.0106414
7.11098e-05
0.0106625
7.82e-05
0.0106844
7.74662e-05
0.010705
8.59684e-05
0.010726
8.58823e-05
0.010746
9.55233e-05
0.0107662
9.65657e-05
0.0107854
0.000107355
0.0108049
0.000110358
0.0108232
0.000121494
0.0108416
0.000128523
0.0108598
0.000138188
0.0108763
0.00015182
0.0108951
0.000158637
0.0109095
0.000180366
0.0109292
0.000184687
0.0109416
0.000214445
0.0109625
0.000217819
0.0109731
0.000254993
0.0109953
0.000259404
0.0110052
0.00030289
0.0110278
0.000311301
0.0110389
0.000358825
0.011061
0.000375185
0.0110742
0.000424383
0.0110958
0.000451986
0.0111116
0.000501674
0.0111315
0.000543341
0.0111508
0.000592794
0.0111678
0.000651118
0.0111883
0.000701752
0.0112041
0.000776079
0.0112215
0.000833373
0.0112337
0.000922895
0.0112473
0.000992265
0.0112504
0.00109936
0.0112583
0.00118602
0.0112496
0.00131667
0.0112509
0.00142265
0.0112289
0.00158352
0.0112184
0.00171696
0.0111887
0.00189979
0.0111531
0.00207626
0.0111042
0.00227608
0.0110378
0.00248647
0.0109393
0.00269867
0.0108192
0.00292609
0.01064
0.00313919
0.00338098
0.0104101
0.0100022
8.08012e-07
0.010007
6.48248e-06
0.0100162
7.57238e-06
0.0100276
1.28268e-05
0.0100426
1.36061e-05
0.0100588
1.76714e-05
0.0100772
1.7813e-05
0.0100959
2.05416e-05
0.0101159
2.03343e-05
0.010136
2.19451e-05
0.0101568
2.19832e-05
0.0101778
2.28972e-05
0.0101994
2.38534e-05
0.0102216
2.40613e-05
0.0102439
2.5741e-05
0.010267
2.54508e-05
0.0102896
2.72492e-05
0.0103133
2.71159e-05
0.010336
2.85346e-05
0.0103598
2.89213e-05
0.0103827
3.02321e-05
0.0104066
3.07785e-05
0.0104294
3.25952e-05
0.0104534
3.30164e-05
0.0104762
3.5369e-05
0.0104998
3.61243e-05
0.0105229
3.85404e-05
0.0105458
3.99406e-05
0.0105689
4.28721e-05
0.0105914
4.40504e-05
0.0106141
4.89207e-05
0.0106363
4.88278e-05
0.0106582
5.63024e-05
0.0106802
5.55197e-05
0.0107016
6.45563e-05
0.0107226
6.4898e-05
0.010744
7.41012e-05
0.0107637
7.69161e-05
0.010785
8.60093e-05
0.0108037
9.16679e-05
0.0108243
0.000100875
0.0108427
0.000110114
0.0108623
0.000118638
0.0108804
0.000133683
0.0108995
0.000139493
0.0109166
0.000163283
0.0109364
0.000164878
0.0109522
0.000198634
0.0109727
0.000197332
0.0109883
0.000239409
0.011009
0.000238716
0.011025
0.000286874
0.0110466
0.000289717
0.0110629
0.000342487
0.0110857
0.000352397
0.0111036
0.00040647
0.0111267
0.000428966
0.0111464
0.000481925
0.0111712
0.000518574
0.0111903
0.000573664
0.0112177
0.000623685
0.0112371
0.000682358
0.0112632
0.000749998
0.0112839
0.000812738
0.0113069
0.000899847
0.0113253
0.000973842
0.0113451
0.0010796
0.0113568
0.00117428
0.011375
0.00129849
0.0113749
0.00142273
0.0113857
0.00157272
0.0113811
0.00172157
0.0113671
0.00191385
0.0113568
0.00208647
0.0113157
0.0023172
0.0112826
0.00251961
0.0111977
0.00278359
0.0111267
0.00299701
0.0109583
0.00330765
0.0035235
0.0108158
0.0100019
-1.09728e-06
0.0100068
1.57599e-06
0.0100153
-9.48582e-07
0.0100265
1.62141e-06
0.0100407
-5.79983e-07
0.0100568
1.57372e-06
0.0100746
6.18369e-08
0.0100935
1.59879e-06
0.0101131
7.60536e-07
0.0101335
1.50484e-06
0.0101539
1.57129e-06
0.0101753
1.52201e-06
0.0101965
2.71588e-06
0.0102189
1.59921e-06
0.0102408
3.84823e-06
0.0102642
2.09383e-06
0.0102866
4.81288e-06
0.0103103
3.36855e-06
0.0103332
5.66104e-06
0.0103569
5.20376e-06
0.0103801
7.02504e-06
0.0104039
7.07489e-06
0.010427
9.41911e-06
0.010451
9.02508e-06
0.0104738
1.26244e-05
0.0104981
1.17913e-05
0.0105204
1.61876e-05
0.0105447
1.5737e-05
0.0105669
2.05943e-05
0.0105906
2.03613e-05
0.0106128
2.67629e-05
0.0106361
2.54743e-05
0.0106577
3.47693e-05
0.0106809
3.22559e-05
0.0107017
4.37549e-05
0.0107245
4.20877e-05
0.0107451
5.35091e-05
0.0107668
5.52063e-05
0.0107876
6.52455e-05
0.0108082
7.11125e-05
0.0108289
8.01792e-05
0.0108487
9.02383e-05
0.0108689
9.84278e-05
0.0108888
0.000113788
0.010908
0.000120351
0.0109288
0.000142483
0.0109465
0.000147124
0.0109685
0.000176628
0.0109857
0.000180166
0.0110083
0.000216772
0.0110261
0.00022099
0.0110493
0.000263686
0.0110683
0.000270698
0.0110916
0.00031914
0.0111138
0.000330228
0.0111361
0.000384198
0.011162
0.00040303
0.0111856
0.000458344
0.0112115
0.000492665
0.0112401
0.000545074
0.0112651
0.000598666
0.0112963
0.000651118
0.0113232
0.000723177
0.0113541
0.000781827
0.011383
0.00087094
0.0114117
0.0009451
0.0114403
0.00105102
0.0114697
0.00114483
0.0114902
0.00127805
0.011519
0.00139391
0.0115348
0.00155695
0.011549
0.00170735
0.0115551
0.00190779
0.011559
0.00208248
0.0115339
0.00234236
0.0115165
0.00253696
0.0114653
0.00283486
0.0113721
0.00309016
0.0112939
0.0033858
0.0037062
0.0111112
0.0100018
-2.89312e-06
0.0100069
-3.56041e-06
0.0100152
-9.24514e-06
0.0100267
-9.84728e-06
0.0100406
-1.4518e-05
0.010057
-1.47575e-05
0.0100745
-1.75185e-05
0.0100937
-1.75338e-05
0.0101132
-1.87413e-05
0.0101337
-1.90452e-05
0.0101541
-1.88218e-05
0.0101755
-1.98905e-05
0.0101968
-1.85391e-05
0.0102192
-2.0806e-05
0.0102413
-1.82523e-05
0.0102646
-2.11685e-05
0.0102872
-1.78354e-05
0.010311
-2.03771e-05
0.0103339
-1.73123e-05
0.0103578
-1.86598e-05
0.0103811
-1.62388e-05
0.0104049
-1.67737e-05
0.0104283
-1.394e-05
0.0104523
-1.49906e-05
0.0104754
-1.04708e-05
0.0104997
-1.25366e-05
0.0105225
-6.58285e-06
0.0105467
-8.47471e-06
0.0105696
-2.32156e-06
0.010593
-3.04692e-06
0.0106164
3.35929e-06
0.0106389
2.98326e-06
0.0106623
1.13296e-05
0.0106844
1.01617e-05
0.0107073
2.08624e-05
0.0107292
2.02156e-05
0.0107517
3.09642e-05
0.0107728
3.41175e-05
0.0107955
4.25746e-05
0.0108158
5.08309e-05
0.0108381
5.78867e-05
0.0108587
6.96679e-05
0.0108796
7.74632e-05
0.0109012
9.22115e-05
0.0109211
0.000100415
0.0109432
0.000120431
0.0109631
0.000127239
0.0109857
0.000154007
0.0110052
0.00016061
0.0110296
0.000192405
0.0110488
0.000201782
0.0110749
0.000237579
0.0110951
0.000250543
0.0111228
0.000291461
0.0111443
0.000308712
0.0111741
0.000354366
0.0111983
0.000378874
0.0112283
0.000428298
0.0112584
0.000462585
0.0112877
0.000515757
0.011322
0.000564369
0.0113554
0.000617753
0.0113884
0.000690165
0.0114304
0.000739761
0.011459
0.000842416
0.011509
0.000895116
0.0115372
0.00102275
0.0115858
0.00109623
0.0116175
0.00124638
0.0116652
0.00134622
0.0116902
0.00153192
0.01173
0.00166761
0.0117608
0.00187692
0.0117562
0.00208711
0.0117984
0.00230017
0.01175
0.00258533
0.011746
0.00283895
0.0116777
0.00315842
0.0115864
0.00347707
0.00382869
0.0114639
0.0100017
-4.60567e-06
0.0100073
-9.17339e-06
0.0100158
-1.76919e-05
0.0100281
-2.21564e-05
0.0100422
-2.85885e-05
0.0100593
-3.19221e-05
0.0100769
-3.50555e-05
0.0100966
-3.72571e-05
0.0101159
-3.81005e-05
0.0101367
-3.98506e-05
0.0101571
-3.91964e-05
0.0101787
-4.14901e-05
0.0102002
-3.99965e-05
0.0102227
-4.33433e-05
0.0102451
-4.06182e-05
0.0102684
-4.44841e-05
0.0102913
-4.071e-05
0.0103151
-4.41656e-05
0.0103382
-4.04812e-05
0.0103621
-4.25426e-05
0.0103857
-3.98501e-05
0.0104093
-4.03658e-05
0.0104335
-3.81189e-05
0.0104568
-3.82894e-05
0.0104812
-3.4865e-05
0.0105046
-3.59335e-05
0.0105287
-3.07292e-05
0.0105522
-3.19985e-05
0.0105763
-2.64015e-05
0.0105993
-2.60537e-05
0.0106239
-2.11627e-05
0.010646
-1.91123e-05
0.0106707
-1.33851e-05
0.0106925
-1.16258e-05
0.0107164
-3.11363e-06
0.0107386
-2.00012e-06
0.0107615
8.1332e-06
0.010784
1.16298e-05
0.0108064
2.01572e-05
0.0108283
2.8917e-05
0.0108509
3.53026e-05
0.0108725
4.80792e-05
0.0108947
5.52716e-05
0.010917
6.98953e-05
0.0109383
7.90942e-05
0.0109615
9.71827e-05
0.010983
0.00010576
0.0110065
0.000130577
0.0110288
0.000138308
0.0110537
0.00016742
0.011075
0.000180475
0.0111043
0.00020836
0.0111245
0.000230293
0.0111564
0.000259623
0.0111799
0.000285202
0.0112118
0.000322397
0.0112393
0.000351386
0.0112748
0.000392838
0.0113035
0.000433916
0.0113442
0.000475059
0.0113762
0.000532274
0.0114194
0.000574637
0.0114584
0.00065114
0.0115023
0.000695856
0.0115496
0.000795118
0.0115957
0.000849015
0.0116482
0.000970269
0.0116971
0.00104725
0.0117605
0.00118303
0.0117962
0.00131057
0.0118781
0.00145001
0.0119054
0.00164027
0.0119655
0.00181676
0.0120146
0.00203809
0.0120261
0.00228865
0.0120542
0.00255717
0.0120432
0.00284995
0.0120088
0.00319289
0.0119339
0.0035519
0.00392771
0.0118349
0.0100017
-6.2918e-06
0.0100079
-1.54353e-05
0.0100172
-2.69071e-05
0.0100307
-3.5701e-05
0.0100458
-4.36337e-05
0.0100638
-4.99663e-05
0.010082
-5.32471e-05
0.010102
-5.72872e-05
0.0101217
-5.78096e-05
0.0101424
-6.05557e-05
0.0101633
-6.01006e-05
0.0101848
-6.29764e-05
0.0102071
-6.2296e-05
0.0102294
-6.55819e-05
0.0102527
-6.40031e-05
0.0102753
-6.70793e-05
0.0102995
-6.48434e-05
0.0103222
-6.68894e-05
0.0103468
-6.50387e-05
0.0103696
-6.54015e-05
0.0103944
-6.46403e-05
0.0104174
-6.33488e-05
0.0104424
-6.30839e-05
0.0104655
-6.14399e-05
0.0104904
-5.97456e-05
0.010514
-5.95247e-05
0.0105384
-5.51055e-05
0.0105625
-5.61609e-05
0.0105864
-5.02607e-05
0.0106106
-5.03098e-05
0.0106345
-4.49867e-05
0.0106582
-4.28536e-05
0.0106822
-3.73535e-05
0.0107056
-3.50126e-05
0.0107291
-2.66318e-05
0.0107527
-2.55997e-05
0.0107755
-1.47006e-05
0.0107989
-1.17358e-05
0.0108221
-3.055e-06
0.0108444
6.55168e-06
0.0108682
1.15318e-05
0.0108905
2.57609e-05
0.0109135
3.23483e-05
0.0109375
4.58104e-05
0.0109586
5.80021e-05
0.0109849
7.08871e-05
0.0110056
8.50585e-05
0.0110322
0.00010402
0.0110553
0.000115192
0.0110809
0.000141863
0.0111067
0.000154619
0.0111339
0.000181202
0.0111595
0.000204621
0.0111924
0.000226784
0.0112166
0.000260967
0.0112548
0.000284186
0.0112819
0.000324315
0.0113213
0.000353456
0.0113569
0.00039829
0.0113939
0.000438051
0.0114424
0.000483781
0.0114758
0.000541289
0.0115377
0.000589235
0.0115706
0.000662953
0.0116461
0.000719548
0.0116774
0.000817755
0.0117677
0.000879918
0.0118096
0.00100543
0.0118886
0.00110404
0.0119683
0.00123084
0.0120262
0.00139211
0.0121162
0.00155022
0.0121887
0.00174427
0.0122531
0.00197375
0.0123121
0.00222962
0.0123724
0.0024969
0.0123734
0.00284892
0.0123824
0.00318389
0.0123358
0.00359849
0.00402166
0.0122419
0.010002
-8.32648e-06
0.0100092
-2.25791e-05
0.0100202
-3.79137e-05
0.0100351
-5.06392e-05
0.0100523
-6.07804e-05
0.010071
-6.87045e-05
0.0100906
-7.28418e-05
0.0101104
-7.70983e-05
0.010131
-7.83536e-05
0.0101513
-8.09037e-05
0.0101731
-8.19073e-05
0.0101947
-8.45267e-05
0.0102177
-8.53475e-05
0.0102401
-8.79929e-05
0.0102639
-8.78205e-05
0.0102867
-8.98327e-05
0.0103111
-8.92112e-05
0.0103339
-8.9737e-05
0.0103587
-8.98526e-05
0.0103817
-8.83343e-05
0.0104068
-8.98171e-05
0.0104299
-8.63773e-05
0.0104553
-8.85687e-05
0.0104785
-8.45673e-05
0.0105041
-8.53375e-05
0.0105275
-8.29365e-05
0.0105528
-8.04268e-05
0.0105767
-8.0044e-05
0.0106015
-7.51191e-05
0.0106257
-7.44374e-05
0.0106503
-6.96587e-05
0.0106742
-6.66965e-05
0.0106989
-6.21176e-05
0.0107225
-5.85763e-05
0.0107468
-5.09521e-05
0.010771
-4.98012e-05
0.0107939
-3.76026e-05
0.0108194
-3.72471e-05
0.010841
-2.46461e-05
0.0108668
-1.92298e-05
0.0108888
-1.04944e-05
0.0109139
6.82482e-07
0.0109368
9.51802e-06
0.0109623
2.02906e-05
0.0109841
3.62033e-05
0.0110121
4.28805e-05
0.0110331
6.40017e-05
0.0110619
7.52362e-05
0.0110856
9.15358e-05
0.0111134
0.000114008
0.0111399
0.000128137
0.0111696
0.000151492
0.0111974
0.000176835
0.0112294
0.000194807
0.0112626
0.000227737
0.0112926
0.00025424
0.0113361
0.000280756
0.0113636
0.000326015
0.0114168
0.000345018
0.0114462
0.000408638
0.0115061
0.000423884
0.0115427
0.000504699
0.0116066
0.000525413
0.0116572
0.000612314
0.0117184
0.00065836
0.0117927
0.000743413
0.0118553
0.000817338
0.0119382
0.000922509
0.0120267
0.00101561
0.0121103
0.00114718
0.0122088
0.00129363
0.012321
0.00143805
0.0124053
0.00165991
0.012524
0.00185508
0.0126208
0.00213281
0.0126918
0.00242591
0.0127664
0.00277433
0.0127998
0.00315045
0.0127811
0.00361724
0.00407979
0.012723
0.0100028
-1.1155e-05
0.0100117
-3.14988e-05
0.0100255
-5.16849e-05
0.010043
-6.81518e-05
0.0100625
-8.02167e-05
0.0100826
-8.88008e-05
0.0101028
-9.30773e-05
0.0101231
-9.74401e-05
0.0101436
-9.88524e-05
0.010165
-0.000102247
0.0101867
-0.000103609
0.0102099
-0.000107702
0.0102321
-0.000107624
0.0102566
-0.000112413
0.0102789
-0.000110157
0.0103038
-0.000114749
0.0103265
-0.000111879
0.0103513
-0.000114547
0.0103749
-0.000113447
0.0103991
-0.0001126
0.010424
-0.000114676
0.0104475
-0.000109908
0.0104735
-0.00011454
0.0104966
-0.000107668
0.010523
-0.000111698
0.0105464
-0.000106352
0.0105723
-0.00010634
0.0105965
-0.00010421
0.0106217
-0.000100323
0.0106464
-9.9202e-05
0.010671
-9.42398e-05
0.0106963
-9.19632e-05
0.01072
-8.58304e-05
0.0107462
-8.47606e-05
0.0107685
-7.32845e-05
0.010796
-7.72384e-05
0.010817
-5.86426e-05
0.010845
-6.52637e-05
0.0108661
-4.57864e-05
0.0108929
-4.60208e-05
0.0109165
-3.40408e-05
0.0109407
-2.35392e-05
0.0109662
-1.60211e-05
0.010991
-4.50057e-06
0.0110141
1.3118e-05
0.0110449
1.2124e-05
0.0110632
4.57119e-05
0.0110985
3.99336e-05
0.0111181
7.18758e-05
0.0111506
8.1529e-05
0.0111783
0.0001004
0.0112071
0.000122694
0.0112402
0.000143756
0.0112717
0.000163318
0.0113058
0.000193638
0.0113443
0.00021576
0.0113785
0.000246574
0.0114261
0.000278383
0.0114612
0.000309971
0.0115178
0.000351955
0.0115566
0.000385081
0.011624
0.00043732
0.0116675
0.000481898
0.0117454
0.000534447
0.0118037
0.000600035
0.0118835
0.00066359
0.0119652
0.000735649
0.0120588
0.000828942
0.0121479
0.000926462
0.0122715
0.00102367
0.0123821
0.00118294
0.0125085
0.00131166
0.0126534
0.00151509
0.0127961
0.00171229
0.0129256
0.00200331
0.0130711
0.00228044
0.0131851
0.00266033
0.0132622
0.0030734
0.0133231
0.00355632
0.00414438
0.0132585
0.0100041
-1.52766e-05
0.0100166
-4.39995e-05
0.0100349
-6.99247e-05
0.0100565
-8.97456e-05
0.0100781
-0.000101899
0.0100994
-0.000110076
0.0101199
-0.000113545
0.0101407
-0.00011821
0.0101618
-0.000120029
0.0101841
-0.000124568
0.0102067
-0.000126163
0.0102307
-0.000131678
0.0102534
-0.00013038
0.0102786
-0.000137564
0.0103007
-0.00013224
0.0103267
-0.000140744
0.0103484
-0.000133617
0.010375
-0.000141105
0.0103971
-0.00013557
0.0104236
-0.00013911
0.0104468
-0.000137852
0.0104725
-0.000135635
0.0104971
-0.000139183
0.0105217
-0.000132238
0.0105477
-0.000137694
0.0105713
-0.000129981
0.0105982
-0.000133231
0.0106211
-0.000127118
0.0106488
-0.000127959
0.0106709
-0.000121297
0.0106991
-0.000122505
0.0107207
-0.000113551
0.0107489
-0.00011397
0.0107709
-0.000106798
0.0107979
-0.000100316
0.0108211
-0.000100454
0.0108467
-8.41894e-05
0.0108711
-8.96385e-05
0.0108958
-7.05054e-05
0.0109202
-7.04923e-05
0.0109461
-5.98931e-05
0.0109684
-4.58008e-05
0.0109977
-4.53799e-05
0.0110173
-2.40888e-05
0.0110492
-1.87743e-05
0.0110695
-8.20917e-06
0.011101
1.42448e-05
0.0111248
1.61588e-05
0.0111556
4.10808e-05
0.0111815
5.55587e-05
0.0112149
6.70141e-05
0.0112429
9.46914e-05
0.0112775
0.000109226
0.0113126
0.000128166
0.0113442
0.000162005
0.0113915
0.000168495
0.0114201
0.000217967
0.0114774
0.000221093
0.0115139
0.000273493
0.0115667
0.000299127
0.0116274
0.000324345
0.0116746
0.000390147
0.0117468
0.000409693
0.0118192
0.000462095
0.0118809
0.000538346
0.0119845
0.000559946
0.0120626
0.000657546
0.012161
0.0007306
0.0122939
0.000793495
0.0123969
0.00092066
0.0125524
0.00102746
0.012705
0.00115909
0.0128883
0.00133183
0.0130562
0.00154431
0.0132785
0.00178105
0.013448
0.0021109
0.013655
0.00245335
0.0137845
0.0029439
0.0139374
0.00340348
0.00414576
0.013936
0.0100068
-2.20871e-05
0.010027
-6.4188e-05
0.0100517
-9.46235e-05
0.0100773
-0.000115387
0.0101005
-0.000125031
0.010123
-0.000132559
0.0101438
-0.000134411
0.0101652
-0.000139546
0.0101876
-0.000142519
0.0102109
-0.000147862
0.0102351
-0.000150314
0.0102593
-0.000155854
0.0102831
-0.000154204
0.0103075
-0.000161923
0.0103304
-0.000155217
0.0103553
-0.000165595
0.0103778
-0.00015613
0.0104033
-0.000166635
0.0104257
-0.000157906
0.0104516
-0.000165082
0.010474
-0.000160176
0.0104999
-0.000161538
0.0105225
-0.000161829
0.0105476
-0.000157335
0.0105711
-0.000161237
0.0105947
-0.000153497
0.0106197
-0.000158236
0.010641
-0.000148417
0.0106679
-0.000154885
0.0106867
-0.000140157
0.0107152
-0.000150923
0.0107328
-0.000131203
0.0107605
-0.000141684
0.0107799
-0.000126169
0.0108038
-0.000124224
0.0108277
-0.000124292
0.0108461
-0.00010259
0.0108748
-0.000118415
0.0108891
-8.47756e-05
0.0109201
-0.000101498
0.0109345
-7.42813e-05
0.0109638
-7.50804e-05
0.0109815
-6.30955e-05
0.0110091
-5.16778e-05
0.0110281
-3.77647e-05
0.0110586
-3.87248e-05
0.011075
-2.16161e-06
0.0111111
-1.99279e-05
0.0111267
2.54826e-05
0.0111676
1.46133e-05
0.0111844
5.02661e-05
0.0112287
5.03532e-05
0.0112489
8.90347e-05
0.0112964
8.06498e-05
0.0113207
0.000137686
0.01138
0.000109234
0.0113947
0.000203273
0.0114841
0.000131646
0.0114823
0.000275343
0.0115934
0.00018806
0.0116031
0.000314591
0.0117059
0.000287381
0.0117557
0.000359829
0.0118466
0.000371242
0.0119214
0.000463499
0.0120423
0.0004391
0.0121094
0.00059046
0.0122654
0.000574603
0.0123705
0.00068831
0.0125191
0.000772063
0.0127042
0.00084241
0.0128629
0.00100043
0.0130988
0.00109593
0.0133322
0.00131085
0.0136019
0.00151139
0.013881
0.00183174
0.0141699
0.00216445
0.0144045
0.00270935
0.0146157
0.00319229
0.00401141
0.01475
0.0100147
-3.67907e-05
0.010044
-9.34492e-05
0.0100784
-0.000129024
0.0101076
-0.000144616
0.0101323
-0.000149767
0.0101526
-0.000152842
0.0101743
-0.000156129
0.0101956
-0.000160772
0.0102197
-0.000166667
0.0102417
-0.00016987
0.0102658
-0.000174438
0.0102857
-0.000175678
0.0103088
-0.000177329
0.0103257
-0.000178805
0.0103487
-0.000178288
0.0103631
-0.000180004
0.0103864
-0.000179408
0.0103991
-0.000179267
0.0104216
-0.000180416
0.0104335
-0.00017705
0.0104538
-0.000180425
0.0104662
-0.000173996
0.0104834
-0.00017896
0.0104963
-0.000170248
0.0105111
-0.000176058
0.010523
-0.000165393
0.0105371
-0.000172308
0.0105469
-0.000158215
0.0105608
-0.000168766
0.0105688
-0.000148172
0.0105821
-0.000164286
0.0105888
-0.000137898
0.0106021
-0.000154913
0.0106068
-0.000130941
0.0106216
-0.000139016
0.0106229
-0.000125617
0.0106412
-0.000120824
0.0106388
-0.000116029
0.0106597
-0.000105714
0.0106574
-9.91327e-05
0.0106765
-9.34228e-05
0.01068
-7.85617e-05
0.0106946
-7.7692e-05
0.0107038
-6.08674e-05
0.0107199
-5.38531e-05
0.0107266
-4.54111e-05
0.0107537
-2.93358e-05
0.0107542
-2.0382e-05
0.010794
-1.43734e-05
0.0107932
1.5457e-05
0.0108407
2.71766e-06
0.010844
4.71357e-05
0.0108986
3.43973e-05
0.0109068
7.24531e-05
0.010971
7.34802e-05
0.0109869
9.33031e-05
0.0110573
0.000132935
0.0110874
0.000101519
0.0111674
0.00019532
0.0112032
0.000152299
0.0113077
0.00021009
0.01135
0.000245091
0.0114684
0.000241388
0.011538
0.000301613
0.0116871
0.000314464
0.0117452
0.000380978
0.0119599
0.000375719
0.0120252
0.000509378
0.0122491
0.000464403
0.0123995
0.000621665
0.0126458
0.000596047
0.0128223
0.000823917
0.0131729
0.000745325
0.0134334
0.00105038
0.0138085
0.00113635
0.0142542
0.00138597
0.014746
0.00167273
0.0152431
0.00221225
0.0155009
0.00293444
0.00364856
0.0158638
0.010036
-7.27723e-05
0.0100798
-0.000137315
0.0101113
-0.000160497
0.0101275
-0.000160777
0.0101366
-0.000158878
0.0101436
-0.000159822
0.0101504
-0.000162928
0.0101541
-0.000164533
0.0101551
-0.000167589
0.0101519
-0.000166697
0.0101454
-0.000167962
0.0101349
-0.000165213
0.010123
-0.00016543
0.0101065
-0.000162266
0.0100909
-0.000162706
0.0100693
-0.000158408
0.0100502
-0.000160299
0.0100245
-0.000153525
0.0100016
-0.00015751
0.00997267
-0.000148155
0.00994589
-0.000153648
0.00991473
-0.000142833
0.00988424
-0.000148465
0.00985148
-0.000137493
0.0098177
-0.000142282
0.00978389
-0.000131583
0.00974722
-0.000135638
0.00971338
-0.000124373
0.00967367
-0.000129051
0.00964116
-0.000115671
0.00959887
-0.000121993
0.00956741
-0.000106433
0.00952578
-0.00011329
0.00949229
-9.7445e-05
0.00945644
-0.000103166
0.00941821
-8.73937e-05
0.00939066
-9.32716e-05
0.00934935
-7.47215e-05
0.00932788
-8.42434e-05
0.00928911
-6.0363e-05
0.00926982
-7.41255e-05
0.00923825
-4.69937e-05
0.0092214
-6.08404e-05
0.00919547
-3.49411e-05
0.00918761
-4.59949e-05
0.0091636
-2.13983e-05
0.00916707
-3.28098e-05
0.00915
-3.30818e-06
0.00915748
-2.18516e-05
0.00915574
1.71912e-05
0.00916916
-1.06991e-05
0.00917995
3.63433e-05
0.00920477
9.5749e-06
0.00923294
4.4287e-05
0.00926132
4.51033e-05
0.00931166
4.29565e-05
0.0093589
8.56984e-05
0.00940533
5.50909e-05
0.00950299
9.76568e-05
0.00955003
0.000105263
0.00965283
0.000107287
0.00978976
0.000108158
0.00980611
0.000225044
0.0100686
3.91686e-05
0.0100748
0.000308176
0.0103385
0.000117346
0.010435
0.000279228
0.010753
0.000191317
0.0107934
0.000424039
0.0113122
0.00010282
0.011307
0.00060124
0.0119274
0.000203558
0.0120019
0.000670873
0.0127856
0.00026666
0.0128797
0.00104219
0.0139555
0.000310148
0.0141816
0.0014467
0.0157086
0.000685181
0.0160443
0.00259879
0.00227642
0.0174164
0.00992723
0.00978991
0.00962942
0.00946864
0.00930976
0.00914994
0.00898701
0.00882248
0.00865489
0.00848819
0.00832023
0.00815502
0.00798959
0.00782732
0.00766461
0.00750621
0.00734591
0.00719238
0.00703487
0.00688672
0.00673307
0.00659024
0.00644177
0.00630428
0.006162
0.00603041
0.00589478
0.0057704
0.00564135
0.00552568
0.00540369
0.00529726
0.00518397
0.00508652
0.00498336
0.00489596
0.00480269
0.00472797
0.00464373
0.00458336
0.00450924
0.00446224
0.0044014
0.00436646
0.00432047
0.00429907
0.00426626
0.00426295
0.0042411
0.00425829
0.00424759
0.00428393
0.00429351
0.0043378
0.0043829
0.00442586
0.00451155
0.00456665
0.0046643
0.00476957
0.00487685
0.00498501
0.00521005
0.00524922
0.0055574
0.00567474
0.00595397
0.00614529
0.00656933
0.00667215
0.00727339
0.00747695
0.00814782
0.00841448
0.00945667
0.00976681
0.0112135
0.0118987
0.0144975
0.0167739
-0.000203607
-5.3279e-05
-7.73919e-05
-0.000126215
3.61917e-05
-0.000113584
0.000201632
-0.00016544
0.000354003
-0.000152371
0.000477071
-0.000123068
0.000522915
-4.58438e-05
0.000487891
3.50241e-05
0.000423666
6.42244e-05
0.000279096
0.00014457
-0.000139848
0.000418944
-0.000892081
0.000752233
-0.00158791
0.000695826
-0.0020727
0.000484795
-0.00249418
0.000421482
-0.00264749
0.000153303
-0.00248795
-0.000159533
-0.00200394
-0.000484016
-0.00120877
-0.000795166
-0.00120877
-0.000279896
-0.000305745
-5.94529e-05
-0.000346658
4.88154e-05
-0.000221852
0.000132133
-0.000248758
0.000274636
-0.000294874
0.000416908
-0.000265341
0.000489358
-0.000118294
0.000389126
0.000135256
4.45641e-05
0.000408787
-0.000606041
0.000795175
-0.00142041
0.00123331
-0.00206327
0.00139509
-0.00248258
0.00111513
-0.00285404
0.000856259
-0.00307191
0.000639347
-0.00306055
0.000141943
-0.00278545
-0.000434633
-0.00203998
-0.00122948
-0.000997689
-0.00183746
-0.00220646
-0.000749542
3.17135e-05
-0.000731469
-0.00036473
-0.000369286
-0.000584035
-2.15165e-05
-0.000596528
0.000205426
-0.000521817
0.000200948
-0.000260863
8.77103e-05
-5.05692e-06
-9.81879e-05
0.000321154
-0.000502702
0.0008133
-0.00115224
0.00144471
-0.00171781
0.00179889
-0.00205373
0.00173101
-0.00231248
0.00137388
-0.0024729
0.00101668
-0.00246259
0.000629039
-0.00232605
5.40076e-06
-0.00195027
-0.000810416
-0.00129901
-0.00188074
-0.000535138
-0.00260133
-0.0027416
0.00191643
0.0015022
0.000576997
0.000974708
-0.000278865
0.000271827
-0.000591207
-0.000284186
-0.000280546
-0.000832477
-9.66869e-06
-0.000531741
-4.97297e-05
3.5004e-05
-0.000416337
0.000687761
-0.000790683
0.00118765
-0.00107363
0.00172766
-0.00135117
0.00207642
-0.00160842
0.00198826
-0.00176734
0.00153281
-0.00167838
0.00092772
-0.00147272
0.000423387
-0.00125572
-0.000211605
-0.000912222
-0.00115391
-0.000626909
-0.00216605
-0.000388421
-0.00283982
-0.00313002
0.00593516
0.00223933
0.00491445
0.00199543
0.0033119
0.00187438
0.00150918
0.00151853
5.445e-05
0.000622255
-0.000444421
-3.28695e-05
-0.000204034
-0.000205384
-0.000103917
0.000587644
-0.000383445
0.00146717
-0.000741154
0.00208537
-0.000971108
0.00230637
-0.0010624
0.00207956
-0.000994978
0.00146538
-0.00074407
0.000676811
-0.000611949
0.000291267
-0.000553129
-0.000270425
-0.000266111
-0.00144093
-0.000236193
-0.00219597
-0.000246454
-0.00282956
-0.00337647
0.00812485
0.00285652
0.00724022
0.00288006
0.00628021
0.00283438
0.00518481
0.00261393
0.00331796
0.00248911
0.00125236
0.00203273
-6.05851e-05
0.00110756
-0.000119119
0.000646178
0.000305281
0.00104278
0.000380925
0.00200972
0.000183452
0.00250385
4.41589e-05
0.00221885
-5.77756e-05
0.00156731
-7.30184e-05
0.000692054
-4.50339e-05
0.000263282
2.50994e-05
-0.000340559
9.76055e-05
-0.00151344
-0.000157182
-0.00194118
-0.000144953
-0.00284179
-0.00352143
0.00936379
0.00329345
0.00880913
0.00343471
0.00813203
0.00351148
0.00719224
0.00355373
0.00609207
0.00358928
0.00465193
0.00347287
0.00263021
0.00312927
0.000808368
0.00246802
8.04325e-05
0.00177071
0.000361774
0.00172838
0.00066716
0.00219846
0.000658708
0.0022273
0.000643057
0.00158296
0.000777894
0.000557217
0.000732991
0.000308185
0.000356644
3.57887e-05
-0.00020031
-0.000956482
-0.000572308
-0.00156918
-0.000270091
-0.00314401
-0.00379152
0.010102
0.00360152
0.0097353
0.0038014
0.00921151
0.00403527
0.00859239
0.00417285
0.00780133
0.00438033
0.00684588
0.00442833
0.00551121
0.00446394
0.003787
0.00419224
0.0019541
0.00360361
0.000797646
0.00288483
0.000574888
0.00242122
0.00063539
0.0021668
0.000478932
0.00173942
0.000307385
0.000728764
0.000105454
0.000510116
-5.10026e-05
0.000192245
-0.000129841
-0.000877644
7.52589e-05
-0.00177428
0.000258481
-0.00332723
-0.00353304
0.0105704
0.00384691
0.0102785
0.00409327
0.00992965
0.00438414
0.00945145
0.00465105
0.00891823
0.00491356
0.00821853
0.00512803
0.00737507
0.0053074
0.00628799
0.00527932
0.00484682
0.00504478
0.00322562
0.00450603
0.00183068
0.00381616
0.00110975
0.00288773
0.00116803
0.00168115
0.00141543
0.000481362
0.00153679
0.000388764
0.00137135
0.000357676
0.00119017
-0.000696461
0.00123522
-0.00181933
0.000808429
-0.00290044
-0.00272461
0.0109496
0.00400854
0.0106946
0.00434824
0.0104062
0.00467255
0.0100477
0.00500953
0.00964076
0.00532055
0.00914714
0.00562164
0.00856593
0.00588861
0.00781675
0.00602851
0.00688644
0.00597509
0.00591734
0.00547512
0.00510121
0.00463229
0.00441335
0.00357559
0.00436373
0.00173077
0.00459839
0.000246696
0.00424547
0.000741689
0.00393234
0.000670803
0.0035359
-0.000300016
0.00278947
-0.0010729
0.00156807
-0.00167904
-0.00115654
0.0112908
0.00418172
0.0110748
0.0045642
0.0108121
0.0049352
0.010515
0.00530667
0.0101461
0.00568941
0.00977882
0.00598895
0.00935302
0.00631441
0.00889677
0.00648476
0.00820886
0.00666299
0.00687076
0.00681323
0.00502886
0.0064742
0.00240244
0.00620201
-0.000892937
0.00502615
-0.00348022
0.00283398
-0.00443154
0.00169301
-0.00412865
0.000367909
-0.00315427
-0.00127439
-0.00205959
-0.00216758
-0.00124519
-0.00249344
-0.00240173
0.01166
0.00435659
0.0114737
0.00475055
0.0112066
0.00520229
0.0109276
0.00558569
0.0105894
0.00602759
0.0101864
0.00639195
0.00978908
0.00671176
0.00931241
0.00696142
0.00895239
0.00702302
0.00859805
0.00716756
0.00812871
0.00694355
0.00799273
0.00633799
0.00749796
0.00552091
0.00610037
0.00423157
0.00503022
0.00276315
0.00419808
0.00120005
0.00340948
-0.000485796
0.00279422
-0.00155232
0.00155128
-0.0012505
-0.00085045
0.0120993
0.00449914
0.0118928
0.00495707
0.0116235
0.00547163
0.0113087
0.00590046
0.0109877
0.0063486
0.0105902
0.00678947
0.0101387
0.00716317
0.00953209
0.00756808
0.00882107
0.00773404
0.00814417
0.00784447
0.00711143
0.00797628
0.0059541
0.00749532
0.00474982
0.0067252
0.00351571
0.00546568
0.00257404
0.00370482
0.00176686
0.00200723
0.00114537
0.000135693
0.000482497
-0.000889448
0.000463545
-0.00123155
-0.000386905
0.0125918
0.00463032
0.0123736
0.00517527
0.0121211
0.00572409
0.0116817
0.00633985
0.0112905
0.00673985
0.0109154
0.00716459
0.010652
0.00742648
0.0105711
0.00764907
0.0104455
0.00785956
0.0104667
0.00782326
0.0103748
0.00806819
0.00967626
0.00819388
0.00835705
0.00804441
0.00679922
0.00702351
0.00509147
0.00541258
0.00369335
0.00340535
0.00229621
0.00153284
0.000964468
0.000442294
0.000101817
-0.000368894
-0.000285088
0.0131729
0.00471587
0.0129226
0.00542563
0.0126563
0.00599037
0.0122745
0.00672163
0.0116505
0.0073639
0.0109856
0.00782941
0.0101268
0.00828535
0.00917872
0.00859712
0.00816084
0.00887744
0.00742749
0.00855661
0.00744034
0.00805535
0.00789424
0.00773998
0.00813954
0.00779911
0.0076586
0.00750445
0.00639436
0.00667681
0.00469153
0.00510818
0.00306728
0.00315708
0.00191747
0.00159211
0.000848927
0.000699648
0.000563839
0.0138491
0.00480272
0.0135835
0.00569129
0.0131303
0.00644358
0.0127197
0.00713218
0.0123548
0.0077288
0.0120977
0.00808655
0.0119939
0.0083891
0.0119884
0.00860267
0.0116586
0.00920722
0.0105173
0.00969792
0.00905867
0.00951395
0.00801839
0.00878027
0.00764695
0.00817055
0.00733526
0.00781613
0.00661999
0.00739209
0.00528057
0.0064476
0.00364444
0.00479321
0.0022778
0.00295875
0.00106884
0.0019086
0.00163268
0.0146981
0.00485462
0.0144441
0.00594535
0.0137586
0.007129
0.012934
0.00795681
0.0119015
0.0087613
0.0105569
0.0094312
0.00918077
0.00976519
0.00839249
0.00939094
0.00870186
0.00889785
0.00928476
0.00911502
0.0091174
0.0096813
0.00821094
0.00968672
0.00738006
0.00900143
0.00684414
0.00835205
0.00625331
0.00798291
0.00517544
0.00752547
0.00373248
0.00623618
0.00223549
0.00445573
0.000978774
0.00316532
0.00261146
0.0158092
0.00490921
0.0153586
0.00639587
0.0147593
0.0077283
0.014427
0.0082892
0.0144096
0.00877868
0.0141353
0.00970547
0.0132829
0.0106176
0.0114188
0.0112551
0.00965355
0.0106631
0.00892585
0.00984272
0.0087888
0.00981836
0.00826123
0.0102143
0.00725974
0.0100029
0.0063093
0.00930249
0.00558593
0.00870628
0.00474549
0.00836591
0.00354171
0.00743996
0.00210117
0.00589627
0.000846575
0.00441992
0.00345803
0.0173243
0.00500134
0.0160355
0.00768469
0.0144261
0.00933768
0.0123984
0.010317
0.0109737
0.0102033
0.0105789
0.0101003
0.0110782
0.0101183
0.0112418
0.0110915
0.0100686
0.0118363
0.00876605
0.0111453
0.00822013
0.0103643
0.00799324
0.0104412
0.0073842
0.010612
0.00649911
0.0101876
0.00564366
0.00956173
0.00475526
0.00925431
0.00364127
0.00855395
0.00223409
0.00730346
0.000941932
0.00571207
0.00439996
0.0176991
0.00407609
0.0186473
0.00673658
0.0190909
0.00889405
0.0183383
0.0110695
0.0154416
0.0131
0.012369
0.0131729
0.0106279
0.0118594
0.010489
0.0112304
0.0101434
0.0121819
0.00892259
0.012366
0.0077681
0.0115188
0.00730234
0.010907
0.00695044
0.0109639
0.00630245
0.0108356
0.00545906
0.0104051
0.00462118
0.0100922
0.00351649
0.00965864
0.00219373
0.00862622
0.000941689
0.00696411
0.00534165
0.00640518
-0.00232909
0.0105537
0.00258809
0.0142066
0.00524113
0.0162017
0.0090744
0.0165707
0.012731
0.0142267
0.015517
0.0114082
0.0146779
0.00995523
0.0126834
0.00975837
0.0123787
0.00902397
0.0131004
0.00782131
0.0127214
0.00692518
0.0118031
0.00636572
0.0115233
0.00579941
0.0114019
0.00510133
0.0111032
0.00432673
0.0108668
0.0033949
0.0105905
0.00224473
0.00977639
0.00103199
0.00817685
0.00637365
-4.02521e-05
-0.00228884
0.00344968
-0.000901833
0.00808276
0.00060804
0.0113256
0.00583158
0.013744
0.0103126
0.0145162
0.0147448
0.012181
0.017013
0.00972414
0.0151402
0.00906734
0.0130355
0.00894866
0.0132191
0.00807313
0.013597
0.00696155
0.0129147
0.00617945
0.0123054
0.00558314
0.0119982
0.00494801
0.0117383
0.00428439
0.0115304
0.00340605
0.0114688
0.00238959
0.0107928
0.0012651
0.00930135
0.00763874
0.000665074
-0.00295391
0.0017388
-0.00197556
0.0040578
-0.00171096
0.0075836
0.00230577
0.0102627
0.00763348
0.0121077
0.0128998
0.0120916
0.0170291
0.00970171
0.0175301
0.00772257
0.0150147
0.00751391
0.0134278
0.00749786
0.013613
0.00688579
0.0135267
0.00602499
0.0131662
0.00524272
0.0127805
0.00456449
0.0124166
0.00394822
0.0121467
0.00325599
0.0121611
0.00233688
0.011712
0.00114315
0.0104951
0.00878189
0.000453277
-0.00340719
0.002308
-0.00383028
0.0032149
-0.00261787
0.00458409
0.000936588
0.00686268
0.00535489
0.00921815
0.0105444
0.0106119
0.0156354
0.0100584
0.0180836
0.00823727
0.0168358
0.00699186
0.0146732
0.00663094
0.0139739
0.00632518
0.0138325
0.00575426
0.0137371
0.00502603
0.0135087
0.00431437
0.0131282
0.00369492
0.0127661
0.00300981
0.0128462
0.00220451
0.0125173
0.0012048
0.0114948
0.0099867
-0.000843115
-0.00256407
-0.000861332
-0.00381206
-0.000223383
-0.00325582
0.000894127
-0.000180923
0.00330907
0.00293995
0.00608276
0.00777067
0.00726259
0.0144555
0.00831521
0.017031
0.00799888
0.0171522
0.00710109
0.015571
0.00640304
0.014672
0.00592523
0.0143103
0.00546859
0.0141938
0.00487905
0.0140982
0.0041724
0.0138349
0.00351048
0.013428
0.00287435
0.0134823
0.00207192
0.0133197
0.00100646
0.0125602
0.0109932
-0.000242667
-0.00232141
-0.00202228
-0.00203245
-0.0036469
-0.00163119
-0.00348515
-0.000342675
-0.00164948
0.00110429
0.00246623
0.00365496
0.00498503
0.0119367
0.0056531
0.0163629
0.00635132
0.0164539
0.00645429
0.015468
0.00627294
0.0148533
0.00587103
0.0147122
0.00533059
0.0147342
0.00471773
0.0147111
0.00402141
0.0145312
0.00330737
0.0141421
0.00256981
0.0142198
0.00180715
0.0140824
0.000967847
0.0133995
0.011961
-0.00249233
0.000170927
-0.00439937
-0.000125416
-0.00686355
0.000832989
-0.00756246
0.000356229
-0.00571182
-0.000746345
-0.00186875
-0.000188113
0.00269949
0.00736851
0.00464501
0.0144174
0.0049203
0.0161787
0.00515561
0.0152327
0.00538714
0.0146218
0.00547789
0.0146215
0.00527302
0.0149391
0.00474261
0.0152415
0.00399967
0.0152741
0.00322875
0.014913
0.00250238
0.0149462
0.00171002
0.0148747
0.000793172
0.0143164
0.0127542
-0.00228092
0.00245185
-0.00443314
0.0020268
-0.00623718
0.00263703
-0.00813724
0.00225629
-0.00883193
-5.16585e-05
-0.00717755
-0.00184249
-0.00243466
0.00262562
0.00313438
0.00884833
0.00570253
0.0136105
0.00543445
0.0155008
0.00509527
0.014961
0.00503998
0.0146768
0.00495414
0.0150249
0.00462733
0.0155683
0.00401867
0.0158828
0.00322688
0.0157048
0.00238807
0.015785
0.00161099
0.0156518
0.000842559
0.0150848
0.0135967
-0.00181177
0.00426361
-0.00321014
0.00342518
-0.00391876
0.00334566
-0.00509616
0.00343369
-0.00757813
0.00243031
-0.00849692
-0.000923699
-0.00544951
-0.000421797
-0.000104953
0.00350378
0.00466254
0.00884302
0.00650008
0.0136632
0.00613539
0.0153257
0.005429
0.0153831
0.00497308
0.0154808
0.00455855
0.0159828
0.00398339
0.016458
0.00325753
0.0164307
0.002502
0.0165405
0.00167683
0.016477
0.00075091
0.0160107
0.0143476
-0.00106375
0.00532736
-0.00221902
0.00458045
-0.00275641
0.00388305
-0.00253468
0.00321196
-0.00309136
0.00298699
-0.0043926
0.000377538
-0.00409712
-0.00071727
-0.00135688
0.000763537
0.0028771
0.00460903
0.00658557
0.00995476
0.00726666
0.0146446
0.00647788
0.0161719
0.00555157
0.0164072
0.00484769
0.0166867
0.0041478
0.0171578
0.00332036
0.0172581
0.0024169
0.017444
0.00159384
0.0173
0.000829009
0.0167756
0.0151766
-0.00028893
0.00561629
-0.000779465
0.00507099
-0.00137568
0.00447926
-0.00120196
0.00303824
-0.000182218
0.00196725
-1.24971e-06
0.00019657
-0.000314721
-0.000403799
0.000903055
-0.000454239
0.00294089
0.00257119
0.0061187
0.00677695
0.00788577
0.0128775
0.00748499
0.0165727
0.00629308
0.0175991
0.00522827
0.0177515
0.00434332
0.0180428
0.00346526
0.0181362
0.00262105
0.0182882
0.00173492
0.0181862
0.000750734
0.0177598
0.0159274
0.000179356
0.00543693
0.000328201
0.00492214
0.000447731
0.00435973
0.000577595
0.00290837
0.00200373
0.000541111
0.00268639
-0.000486087
0.00281056
-0.000527976
0.00342464
-0.00106832
0.00482742
0.00116842
0.00655542
0.00504895
0.00822798
0.011205
0.0081987
0.016602
0.00701386
0.0187839
0.00569136
0.019074
0.00458656
0.0191476
0.00357838
0.0191443
0.00256673
0.0192999
0.00165138
0.0191015
0.000833193
0.0185779
0.0167606
0.000760476
0.00467645
0.00139316
0.00428946
0.00194328
0.00380961
0.00255803
0.00229363
0.0040006
-0.000901462
0.00531601
-0.0018015
0.00589236
-0.00110433
0.00596347
-0.00113943
0.00680805
0.000323837
0.00763307
0.00422394
0.00860353
0.0102345
0.00860916
0.0165963
0.00749553
0.0198975
0.00601338
0.0205562
0.00467958
0.0204814
0.00357118
0.0202527
0.00266321
0.0202078
0.00175353
0.0200112
0.000743627
0.0195878
0.0175042
0.00108587
0.00359059
0.00203948
0.00333584
0.00293391
0.00291519
0.00452058
0.00070696
0.00609748
-0.00247836
0.00753856
-0.00324258
0.0083713
-0.00193706
0.00839713
-0.00116526
0.00854066
0.000180301
0.00864459
0.00412001
0.00884342
0.0100357
0.00858983
0.0168499
0.00752007
0.0209673
0.00606391
0.0220124
0.00470748
0.0218378
0.00354694
0.0214133
0.00247127
0.0212835
0.00152882
0.0209536
0.000736162
0.0203805
0.0182404
0.00123908
0.0023515
0.00170553
0.0028694
0.00378791
0.000832802
0.00652586
-0.00203099
0.00831708
-0.00426958
0.00942606
-0.00435157
0.00993146
-0.00244246
0.00981493
-0.00104874
0.00960202
0.000393217
0.00923055
0.00449148
0.00877474
0.0104915
0.00820823
0.0174164
0.00713882
0.0220367
0.00571773
0.0234334
0.00430915
0.0232464
0.00313445
0.022588
0.00224891
0.022169
0.0014396
0.021763
0.000596541
0.0212236
0.0188369
0.00053202
0.00181948
0.00210673
0.00129468
0.0057844
-0.00284486
0.00854454
-0.00479113
0.00984544
-0.00557048
0.0103312
-0.00483729
0.0103482
-0.00245945
0.0100316
-0.000732155
0.00958588
0.000838906
0.00902807
0.00504929
0.00817975
0.0113398
0.00729488
0.0183013
0.00621578
0.0231158
0.00497643
0.0246728
0.00382026
0.0244026
0.00283889
0.0235693
0.00190961
0.0230983
0.00108961
0.0225829
0.000449695
0.0218635
0.0192866
0.000519015
0.00130047
0.00436515
-0.00255145
0.00742367
-0.00590338
0.00926897
-0.00663643
0.00979301
-0.00609452
0.00969974
-0.00474403
0.00959773
-0.00235744
0.00945127
-0.000585697
0.00891293
0.00137725
0.00806795
0.00589428
0.00693788
0.0124699
0.00584924
0.01939
0.00482181
0.0241432
0.00378357
0.025711
0.00278134
0.0254048
0.00192323
0.0244275
0.00128274
0.0237388
0.000777373
0.0230883
0.000306566
0.0223343
0.0195932
0.00165793
-0.000357459
0.00565136
-0.00654488
0.00761117
-0.0078632
0.00847223
-0.00749748
0.00861937
-0.00624166
0.00832879
-0.00445345
0.00810777
-0.00213641
0.00802397
-0.000501896
0.00741574
0.00198547
0.00634079
0.00696923
0.0050474
0.0137633
0.00391285
0.0205245
0.00302948
0.0250266
0.00231201
0.0264285
0.00178654
0.0259303
0.00134712
0.0248669
0.000860488
0.0242254
0.000380664
0.0235681
-1.98207e-05
0.0227348
0.0195733
0.00360359
-0.00396105
0.00540416
-0.00834546
0.00660106
-0.00906009
0.00730572
-0.00820214
0.00742932
-0.00636526
0.00714915
-0.00417328
0.00680173
-0.00178899
0.00639106
-9.12202e-05
0.00550121
0.00287532
0.00419635
0.00827409
0.0028406
0.015119
0.0018053
0.0215598
0.00115429
0.0256776
0.000767621
0.0268152
0.000463445
0.0262345
0.000146925
0.0251834
-7.80216e-05
0.0244504
-0.000173055
0.0236632
-0.000129638
0.0226914
0.0194437
0.00285897
-0.00682001
0.00476053
-0.010247
0.00590891
-0.0102085
0.00639359
-0.00868682
0.00618772
-0.0061594
0.00565811
-0.00364367
0.00503635
-0.00116724
0.00429053
0.000654608
0.00312477
0.00404108
0.0016506
0.00974826
0.000345942
0.0164237
-0.000595754
0.0225015
-0.000911804
0.0259937
-0.000806972
0.0267103
-0.00057028
0.0259978
-0.000402904
0.025016
-0.000382354
0.0244298
-0.000451324
0.0237321
-0.000533705
0.0227737
0.01891
0.00238645
-0.00920646
0.00412344
-0.011984
0.00507198
-0.011157
0.00535353
-0.00896838
0.00504302
-0.00584889
0.00428714
-0.00288779
0.00334065
-0.000220748
0.00211642
0.00187884
0.000587422
0.00557007
-0.00101329
0.011349
-0.00229246
0.0177028
-0.00281284
0.0230219
-0.00259781
0.0257787
-0.00206424
0.0261768
-0.0016341
0.0255676
-0.00144842
0.0248303
-0.0013399
0.0243213
-0.00110486
0.0234971
-0.000615228
0.0222841
0.0182948
0.00220577
-0.0114122
0.00352789
-0.0133061
0.00422432
-0.0118534
0.00426942
-0.00901347
0.00378157
-0.00536104
0.00282203
-0.00192824
0.00158728
0.001014
5.14054e-06
0.00346098
-0.00162864
0.00720385
-0.00324393
0.0129643
-0.00428272
0.0187416
-0.00446131
0.0232005
-0.00390655
0.0252239
-0.00312668
0.0253969
-0.00241178
0.0248527
-0.00187618
0.0242947
-0.00144439
0.0238895
-0.00116272
0.0232154
-0.000977607
0.022099
0.0173172
0.00157117
-0.0129834
0.00278154
-0.0145165
0.00332053
-0.0123924
0.00323407
-0.00892701
0.0025828
-0.00470978
0.00150878
-0.000854217
6.7027e-05
0.00245575
-0.00164636
0.00517436
-0.00344885
0.00900634
-0.00491755
0.014433
-0.00563981
0.0194639
-0.00545811
0.0230188
-0.00458106
0.0243468
-0.00361223
0.0244281
-0.00289485
0.0241353
-0.00246337
0.0238632
-0.00215028
0.0235764
-0.00177688
0.022842
-0.00101885
0.021341
0.0162983
0.00148736
-0.0144708
0.00222856
-0.0152577
0.00247259
-0.0126365
0.00221777
-0.0086722
0.00153261
-0.00402461
0.000414914
0.000263484
-0.00110716
0.00397782
-0.00289096
0.00695816
-0.0045842
0.0106996
-0.00581798
0.0156667
-0.00621229
0.0198582
-0.00577721
0.0225837
-0.00488035
0.02345
-0.00402655
0.0235743
-0.00331979
0.0234286
-0.00272224
0.0232657
-0.00213866
0.0229929
-0.0016053
0.0223087
-0.00116246
0.0208981
0.0151359
0.000850004
-0.0153208
0.00143815
-0.0158458
0.00153639
-0.0127347
0.00121559
-0.00835139
0.000509911
-0.00331893
-0.000571654
0.00134505
-0.00200641
0.00541258
-0.00371425
0.008666
-0.00518114
0.0121665
-0.00614365
0.0166293
-0.00629509
0.0200097
-0.00575822
0.0220468
-0.0048677
0.0225595
-0.00400469
0.0227113
-0.00331754
0.0227414
-0.00279
0.0227382
-0.00238192
0.0225848
-0.00197088
0.0218976
-0.00114592
0.0200732
0.0139899
0.000782673
-0.0161034
0.0010053
-0.0160685
0.000865635
-0.012595
0.000411765
-0.00789753
-0.00025648
-0.00265069
-0.00127732
0.00236589
-0.00255912
0.00669439
-0.00407734
0.0101842
-0.00529639
0.0133855
-0.00602077
0.0173536
-0.00597114
0.01996
-0.00538354
0.0214592
-0.00464418
0.0218201
-0.00401444
0.0220815
-0.00347776
0.0222048
-0.00300097
0.0222614
-0.0024452
0.022029
-0.00173573
0.0211882
-0.00101127
0.0193487
0.0129787
0.000244642
-0.0163481
0.000314495
-0.0161383
7.41242e-05
-0.0123547
-0.000390195
-0.00743321
-0.000980223
-0.00206066
-0.00184208
0.00322775
-0.00289219
0.00774449
-0.00416782
0.0114598
-0.00511266
0.0143304
-0.00562753
0.0178685
-0.00552014
0.0198526
-0.00505323
0.0209923
-0.00446322
0.0212301
-0.00384898
0.0214673
-0.00327358
0.0216294
-0.0026963
0.0216841
-0.00214063
0.0214733
-0.00168091
0.0207284
-0.00098853
0.0186563
0.0119901
0.000181882
-0.01653
-4.00996e-05
-0.0159163
-0.000414971
-0.0119798
-0.000930942
-0.00691723
-0.00148597
-0.00150564
-0.00220411
0.00394589
-0.00303965
0.00858003
-0.00405585
0.012476
-0.00480237
0.0150769
-0.00519751
0.0182636
-0.005046
0.0197011
-0.00461545
0.0205617
-0.00412087
0.0207355
-0.00364652
0.0209929
-0.00321332
0.0211962
-0.0028656
0.0213363
-0.00243674
0.0210445
-0.00170666
0.0199984
-0.000749711
0.0176994
0.0112404
-0.00019326
-0.0163367
-0.00049378
-0.0156158
-0.000943912
-0.0115297
-0.00143246
-0.00642869
-0.00194832
-0.000989772
-0.00249153
0.0044891
-0.00312789
0.00921639
-0.00386887
0.013217
-0.004467
0.015675
-0.00470275
0.0184994
-0.00456174
0.0195601
-0.00427248
0.0202725
-0.0039267
0.0203897
-0.0035033
0.0205695
-0.00305592
0.0207488
-0.0024649
0.0207453
-0.00174414
0.0203237
-0.00117858
0.0194328
-0.000714458
0.0172353
0.010526
-0.000218266
-0.0161184
-0.000691198
-0.0151429
-0.00124567
-0.0109752
-0.00177875
-0.00589561
-0.00227128
-0.000497238
-0.00268178
0.0048996
-0.00309172
0.00962634
-0.00364161
0.0137669
-0.00414083
0.0161742
-0.00433634
0.0186949
-0.00424892
0.0194727
-0.00400621
0.0200298
-0.00368248
0.020066
-0.00327681
0.0201639
-0.00285199
0.020324
-0.00254486
0.0204382
-0.00226239
0.0200413
-0.00165493
0.0188253
-0.000644337
0.0162247
0.00988163
-0.000444331
-0.0156741
-0.000981167
-0.014606
-0.00156366
-0.0103927
-0.00210664
-0.00535263
-0.00253029
-7.35916e-05
-0.00278913
0.00515844
-0.00309399
0.0099312
-0.00349212
0.014165
-0.00391978
0.0166019
-0.00404689
0.018822
-0.00393445
0.0193603
-0.00373712
0.0198325
-0.00348477
0.0198137
-0.00316748
0.0198466
-0.00285354
0.02001
-0.00233799
0.0199226
-0.00156981
0.0192731
-0.000886984
0.0181425
-0.000494514
0.0158322
0.00938711
-0.000461343
-0.0152128
-0.0011039
-0.0139635
-0.0017467
-0.0097499
-0.00231654
-0.0047828
-0.0026866
0.000296474
-0.00291567
0.00538751
-0.00317795
0.0101935
-0.00344667
0.0144338
-0.00379476
0.01695
-0.00385853
0.0188858
-0.00383525
0.019337
-0.00370436
0.0197016
-0.00347869
0.019588
-0.0031282
0.0194961
-0.00267604
0.0195579
-0.00231335
0.01956
-0.00206822
0.0190279
-0.00161632
0.0176906
-0.000756845
0.0149727
0.00863027
-0.00059428
-0.0146185
-0.00124244
-0.0133153
-0.00186937
-0.00912297
-0.00242684
-0.00422532
-0.00280456
0.000674191
-0.00303361
0.00561656
-0.00326871
0.0104286
-0.00347718
0.0146422
-0.00378739
0.0172602
-0.00385092
0.0189493
-0.00381571
0.0193018
-0.00361835
0.0195042
-0.00336049
0.0193301
-0.0030537
0.0191893
-0.00278337
0.0192875
-0.00242401
0.0192006
-0.00183936
0.0184433
-0.00119867
0.0170499
-0.00054514
0.0143192
0.00808513
-0.000609234
-0.0140093
-0.00132905
-0.0125955
-0.00197626
-0.00847575
-0.00252966
-0.00367192
-0.0029259
0.00107044
-0.00322867
0.00591933
-0.00350584
0.0107057
-0.00368675
0.0148231
-0.00392132
0.0174948
-0.00389969
0.0189277
-0.00387189
0.019274
-0.0037396
0.0193719
-0.00358426
0.0191748
-0.00331825
0.0189233
-0.00288923
0.0188585
-0.00241779
0.0187292
-0.00200673
0.0180322
-0.00149033
0.0165335
-0.000952108
0.013781
0.00713302
-0.000674367
-0.0133349
-0.00139057
-0.0118793
-0.00204155
-0.00782478
-0.00258593
-0.00312754
-0.00300914
0.00149364
-0.00337806
0.00628825
-0.00370392
0.0110316
-0.00390194
0.0150212
-0.00407511
0.0176679
-0.00410085
0.0189534
-0.00410349
0.0192766
-0.00390093
0.0191694
-0.00365371
0.0189276
-0.00330768
0.0185772
-0.00294029
0.0184911
-0.00269408
0.0184829
-0.00251344
0.0178516
-0.00217682
0.0161969
-0.00109768
0.0127018
0.00603534
-0.000725977
-0.0126089
-0.00150862
-0.0110967
-0.00217949
-0.0071539
-0.00275223
-0.0025548
-0.00323397
0.00197538
-0.00366151
0.00671579
-0.00402095
0.011391
-0.00426992
0.0152701
-0.00443122
0.0178292
-0.00438427
0.0189065
-0.00427376
0.0191661
-0.00407583
0.0189714
-0.00393649
0.0187882
-0.003748
0.0183888
-0.00350008
0.0182432
-0.00300937
0.0179922
-0.0022612
0.0171034
-0.00163966
0.0155754
-0.0012855
0.0123477
0.00474984
-0.000786277
-0.0118226
-0.00161804
-0.0102649
-0.00236656
-0.00640539
-0.00300101
-0.00192035
-0.00357308
0.00254745
-0.00409608
0.00723879
-0.004503
0.011798
-0.00473829
0.0155054
-0.00477635
0.0178673
-0.00470464
0.0188348
-0.00463903
0.0191005
-0.00444941
0.0187818
-0.0042399
0.0185787
-0.00392456
0.0180734
-0.00351941
0.0178381
-0.00321213
0.017685
-0.00321209
0.0171034
-0.00316051
0.0155238
-0.00267235
0.0118595
0.00207748
-0.00085364
-0.010969
-0.00174951
-0.00936904
-0.00253878
-0.00561612
-0.00323382
-0.00122531
-0.00387121
0.00318484
-0.00447057
0.00783815
-0.0049105
0.0122379
-0.00515254
0.0157475
-0.00523716
0.0179519
-0.00515151
0.0187491
-0.00493761
0.0188866
-0.00470538
0.0185496
-0.00449106
0.0183644
-0.00420755
0.0177899
-0.00408349
0.017714
-0.00389681
0.0174983
-0.00314792
0.0163545
-0.00223815
0.014614
-0.00177445
0.0113958
0.000303031
-0.000913053
-0.0100559
-0.00190455
-0.00837754
-0.00277186
-0.00474881
-0.00356121
-0.00043596
-0.00431312
0.00393675
-0.00499663
0.00852166
-0.00547307
0.0127143
-0.00571045
0.0159848
-0.00566237
0.0179038
-0.00546422
0.018551
-0.00531408
0.0187365
-0.00513894
0.0183744
-0.0048624
0.0180879
-0.00466456
0.0175921
-0.00430648
0.0173559
-0.00385239
0.0170442
-0.00361526
0.0161174
-0.00228234
0.0132811
-8.33101e-05
0.00919679
0.000219721
-0.00101441
-0.00904153
-0.00207651
-0.00731544
-0.00305618
-0.00376914
-0.0039545
0.000462353
-0.00477096
0.00475321
-0.0054826
0.00923331
-0.00592613
0.0131579
-0.00606886
0.0161276
-0.00601782
0.0178528
-0.00589577
0.0184289
-0.00567649
0.0185172
-0.00547118
0.0181691
-0.00524751
0.0178642
-0.00489249
0.017237
-0.00441574
0.0168792
-0.00385317
0.0164816
-0.00319877
0.015463
-0.0027959
0.0128782
2.13341e-05
0.00637956
0.000241055
-0.00114184
-0.00789969
-0.00226696
-0.00619032
-0.00329576
-0.00274034
-0.00421258
0.00137917
-0.00505186
0.00559249
-0.00577296
0.00995441
-0.00620916
0.013594
-0.00640744
0.0163259
-0.00635897
0.0178043
-0.00615583
0.0182258
-0.0060179
0.0183793
-0.00585344
0.0180047
-0.00547155
0.0174823
-0.00529204
0.0170575
-0.00515362
0.0167407
-0.00477738
0.0161054
-0.00350509
0.0141907
-0.00197456
0.0113477
0.00106751
0.0033375
0.00130856
-0.0011983
-0.00670138
-0.00242962
-0.004959
-0.0035327
-0.00163726
-0.00449366
0.00234013
-0.00536771
0.00646654
-0.00612116
0.0107079
-0.00653737
0.0140103
-0.00663484
0.0164233
-0.00654829
0.0177178
-0.00645769
0.0181352
-0.00628572
0.0182073
-0.00606316
0.0177821
-0.00598287
0.017402
-0.00589203
0.0169667
-0.00535915
0.0162079
-0.00443587
0.0151821
-0.00394755
0.0137023
-0.00115128
0.00855142
0.000552153
0.00163406
0.00186071
-0.0012373
-0.00546408
-0.00251982
-0.00367648
-0.00369885
-0.000458234
-0.00475282
0.00339411
-0.00560656
0.00732027
-0.00630558
0.0114069
-0.00664461
0.0143493
-0.00673032
0.016509
-0.00672552
0.017713
-0.00658047
0.0179901
-0.00653588
0.0181627
-0.00651322
0.0177594
-0.00636885
0.0172576
-0.00618254
0.0167804
-0.00587361
0.0158989
-0.00537379
0.0146823
-0.00298665
0.0113152
0.000239156
0.00532561
0.00014855
0.00172466
0.00200926
-0.00121265
-0.00425143
-0.0024887
-0.00240044
-0.00366597
0.000719042
-0.0047321
0.00446023
-0.00555243
0.0081406
-0.00619164
0.0120461
-0.00661087
0.0147685
-0.00670806
0.0166062
-0.00673081
0.0177357
-0.00676977
0.0180291
-0.00680614
0.0181991
-0.00676325
0.0177165
-0.00677324
0.0172676
-0.00678597
0.0167931
-0.00660089
0.0157139
-0.00524981
0.0133312
-0.0017198
0.0077852
-4.49652e-05
0.00365077
0.000114747
0.00156495
0.00212401
-0.00125563
-0.0029958
-0.00248803
-0.00116803
-0.00361732
0.00184833
-0.00470145
0.00554437
-0.00553776
0.00897691
-0.00612971
0.012638
-0.00647125
0.0151101
-0.00658088
0.0167159
-0.00674041
0.0178952
-0.00677557
0.0180642
-0.00692621
0.0183497
-0.00709081
0.0178811
-0.00728558
0.0174624
-0.00748732
0.0169949
-0.00684386
0.0150704
-0.00454068
0.011028
-0.00265445
0.00589897
-0.00155679
0.00255312
-0.000860683
0.000868845
0.00126333
-0.00118941
-0.00180638
-0.00240726
4.98108e-05
-0.00349531
0.00293638
-0.0045299
0.00657895
-0.00530135
0.00974837
-0.00577325
0.0131099
-0.00617225
0.0155091
-0.00636408
0.0169077
-0.00655004
0.0180812
-0.00683052
0.0183447
-0.00708713
0.0186063
-0.00743144
0.0182255
-0.00791419
0.0179451
-0.00789509
0.0169758
-0.00667657
0.0138519
-0.00497076
0.00932222
-0.00465485
0.00558306
-0.00300101
0.000899276
-0.00195424
-0.000177928
-0.000690913
-0.00109289
-0.000713489
-0.00223104
0.00118796
-0.00318621
0.00389155
-0.00408377
0.00747651
-0.00484813
0.0105127
-0.00536761
0.0136294
-0.00578731
0.0159288
-0.00604246
0.0171628
-0.00638978
0.0184285
-0.00668531
0.0186402
-0.00711947
0.0190405
-0.00769482
0.0188008
-0.0081186
0.0183689
-0.00789437
0.0167515
-0.00674207
0.0126996
-0.00628104
0.00886119
-0.00565908
0.0049611
-0.00401444
-0.000745357
-0.00238604
-0.00180633
-0.00307695
-0.0010008
0.000287311
-0.00203771
0.00222487
-0.00289411
0.00474795
-0.00374003
0.00832243
-0.00450972
0.0112824
-0.0049043
0.014024
-0.00529414
0.0163186
-0.00563718
0.0175059
-0.00599082
0.0187822
-0.00652181
0.0191712
-0.00705401
0.0195727
-0.00768391
0.0194307
-0.0080827
0.0187677
-0.00764009
0.0163089
-0.00706556
0.012125
-0.0070062
0.00880183
-0.00548987
0.00344477
-0.00435017
-0.00188505
-0.00222643
-0.00393007
-0.00530338
-0.000908222
0.00119553
-0.0018672
0.00318385
-0.00260803
0.00548878
-0.00323351
0.00894791
-0.00384914
0.0118981
-0.00425127
0.0144261
-0.00465266
0.01672
-0.00506171
0.0179149
-0.00555072
0.0192712
-0.00609875
0.0197192
-0.00671163
0.0201856
-0.00731595
0.020035
-0.00749397
0.0189457
-0.00720807
0.016023
-0.00685781
0.0117748
-0.00633077
0.00827479
-0.00491111
0.00202511
-0.00391513
-0.00288103
-0.00207596
-0.00576924
-0.00737935
-0.00077156
0.00196709
-0.00159064
0.00400293
-0.00216938
0.00606752
-0.00260069
0.00937921
-0.00320807
0.0125054
-0.00360662
0.0148247
-0.0040044
0.0171178
-0.00441753
0.018328
-0.00484336
0.019697
-0.00547439
0.0203503
-0.00605128
0.0207624
-0.00657029
0.020554
-0.00672608
0.0191015
-0.00639041
0.0156874
-0.00609007
0.0114744
-0.00528491
0.00746962
-0.00407702
0.000817224
-0.00311248
-0.00384558
-0.00154548
-0.00733624
-0.00892482
-0.000640022
0.00260712
-0.00137227
0.00473518
-0.00190207
0.00659731
-0.00220766
0.0096848
-0.0025925
0.0128903
-0.00292493
0.0151571
-0.00317744
0.0173703
-0.00356722
0.0187178
-0.00404336
0.0201732
-0.00460496
0.0209119
-0.00512143
0.0212789
-0.00547578
0.0209084
-0.0054854
0.0191111
-0.00535475
0.0155567
-0.00500424
0.0111239
-0.00406521
0.00653059
-0.00310032
-0.000147663
-0.00212322
-0.00482268
-0.000910279
-0.00854917
-0.0098351
-0.000523113
0.00313023
-0.00117742
0.00538949
-0.00163641
0.00705631
-0.00170677
0.00975516
-0.00191975
0.0131033
-0.00208904
0.0153264
-0.00238098
0.0176622
-0.00270876
0.0190456
-0.00299279
0.0204572
-0.00343779
0.0213569
-0.00379903
0.0216401
-0.00406797
0.0211773
-0.00413502
0.0191782
-0.00402718
0.0154489
-0.00365421
0.010751
-0.00276704
0.00564342
-0.00205692
-0.000857783
-0.00111155
-0.00576805
-0.000547898
-0.00911282
-0.010383
-0.000362511
0.00349274
-0.000873511
0.00590049
-0.00128521
0.007468
-0.00132036
0.00979031
-0.0013044
0.0130873
-0.00144644
0.0154684
-0.00148837
0.0177042
-0.0016379
0.0191951
-0.00182764
0.0206469
-0.00206222
0.0215915
-0.00228828
0.0218662
-0.00244353
0.0213326
-0.00249995
0.0192346
-0.00244413
0.015393
-0.00203781
0.0103446
-0.00131521
0.00492082
-0.000750707
-0.00142229
-0.000434133
-0.00608463
-0.000307746
-0.00923921
-0.0106907
-0.000206211
0.00369895
-0.000614001
0.00630828
-0.00104061
0.00789461
-0.00101995
0.00976966
-0.000829383
0.0128967
-0.000644468
0.0152835
-0.000558881
0.0176186
-0.000583903
0.0192201
-0.000560579
0.0206236
-0.00059276
0.0216236
-0.000614
0.0218874
-0.000530406
0.021249
-0.000333217
0.0190374
-0.000153162
0.015213
1.39637e-05
0.0101775
0.000260717
0.00467406
0.000260535
-0.0014221
5.86061e-05
-0.0058827
-0.000205824
-0.00897478
-0.0108966
-7.06863e-05
0.00376964
-0.000278611
0.00651621
-0.000663497
0.00827949
-0.000633141
0.0097393
-0.000224593
0.0124882
-8.53242e-06
0.0150675
0.000256495
0.0173536
0.00048355
0.0189931
0.000781414
0.0203258
0.00107197
0.0213331
0.00146236
0.0214971
0.00174354
0.0209678
0.00183767
0.0189433
0.00193785
0.0151128
0.00219324
0.00992213
0.00232515
0.00454215
0.00175409
-0.00085104
0.000866414
-0.00499502
2.64149e-05
-0.00813478
-0.0108702
8.92953e-05
0.00368034
4.6548e-05
0.00655895
-0.00025146
0.0085775
-0.000331538
0.00981938
4.89351e-05
0.0121077
0.000528191
0.0145882
0.00107707
0.0168047
0.00150579
0.0185644
0.00201055
0.019821
0.00260649
0.0207371
0.0031318
0.0209717
0.00388871
0.0202109
0.00450004
0.0183319
0.00460687
0.015006
0.00423662
0.0102924
0.00388825
0.00489052
0.00353723
-0.000500022
0.00269472
-0.00415252
0.00132843
-0.00676848
-0.00954173
0.000163342
0.003517
0.000367848
0.00635445
0.00018795
0.0087574
9.20916e-05
0.00991524
0.000538283
0.0116615
0.00108659
0.0140399
0.00174803
0.0161432
0.00235459
0.0179578
0.00306567
0.0191099
0.0038491
0.0199537
0.00480906
0.0200118
0.00549586
0.0195241
0.00608083
0.017747
0.00648526
0.0146016
0.00660653
0.0101711
0.00585331
0.00564374
0.00439007
0.000963217
0.00331814
-0.00308059
0.00206696
-0.0055173
-0.00747478
0.000282633
0.00323436
0.000577862
0.00605922
0.000755272
0.00857999
0.000565375
0.0101051
0.00081976
0.0114071
0.00141944
0.0134402
0.00218763
0.015375
0.00303744
0.017108
0.00384367
0.0183037
0.00474488
0.0190525
0.0055933
0.0191634
0.00679338
0.018324
0.00764028
0.0169001
0.00786497
0.0143769
0.00752913
0.0105069
0.00707404
0.00609884
0.00592785
0.0021094
0.00368121
-0.000833954
0.0018315
-0.00366759
-0.00564327
0.000327081
0.00290728
0.000736999
0.0056493
0.00115671
0.00816027
0.00115638
0.0101055
0.00128396
0.0112795
0.00188832
0.0128358
0.00270109
0.0145623
0.00346028
0.0163488
0.00436422
0.0173998
0.0053706
0.0180461
0.00641978
0.0181142
0.00713047
0.0176133
0.00801977
0.0160108
0.00842561
0.013971
0.00807445
0.0108581
0.0069116
0.0072617
0.00578177
0.00323923
0.00444461
0.000503207
0.00197607
-0.00119905
-0.00366721
0.000421327
0.00248596
0.000775934
0.00529469
0.00159051
0.0073457
0.00181982
0.00987615
0.00182429
0.0112751
0.00220603
0.0124541
0.00286723
0.0139011
0.00383051
0.0153855
0.0047396
0.0164907
0.00559984
0.0171859
0.00652085
0.0171932
0.00753055
0.0166036
0.0081599
0.0153814
0.00861259
0.0135183
0.00834821
0.0111225
0.00739388
0.00821602
0.00561671
0.0050164
0.00404258
0.00207733
0.00281373
2.9809e-05
-0.00085348
0.000489511
0.00199645
0.00094183
0.00484237
0.00173815
0.00654938
0.00227003
0.00934427
0.00240393
0.0111412
0.00266701
0.012191
0.00326751
0.0133006
0.00406
0.014593
0.0049587
0.015592
0.00595141
0.0161932
0.00678334
0.0163612
0.00735885
0.0160281
0.00786611
0.0148741
0.00811466
0.0132698
0.00794357
0.0112936
0.00684247
0.00931712
0.00539969
0.00645919
0.00321612
0.0042609
0.00100167
0.00224426
0.000148187
0.000615531
0.00138092
0.00103432
0.00442358
0.00181207
0.00577163
0.00261017
0.00854617
0.00301393
0.0107374
0.00319872
0.0120062
0.00353467
0.0129646
0.00422202
0.0139057
0.00508863
0.0147254
0.00579588
0.0154859
0.0066535
0.0155036
0.00745517
0.0152265
0.0077892
0.0145401
0.00780294
0.0132561
0.00765666
0.0114399
0.00708019
0.0098936
0.00525146
0.00828792
0.00371521
0.00579714
0.00161127
0.0043482
0.00175946
0.000780313
0.000600602
0.00125607
0.00394782
0.0017648
0.0052629
0.00261903
0.00769194
0.00329833
0.0100581
0.00361396
0.0116906
0.00388831
0.0126903
0.00443662
0.0133574
0.00513693
0.0140251
0.00607799
0.0145449
0.0066636
0.014918
0.00717084
0.0147192
0.00760671
0.0141042
0.00767701
0.0131857
0.00706028
0.0120566
0.00632226
0.0106316
0.0056659
0.00894427
0.00344795
0.0080151
0.00234841
0.00544774
0.00410787
0.000998018
-0.000397416
0.0014484
0.00349744
0.00170291
0.00500839
0.00257378
0.00682107
0.00347589
0.00915601
0.00402492
0.0111416
0.00442628
0.0122889
0.00471652
0.0130671
0.00516161
0.01358
0.0056789
0.0140276
0.00650955
0.0140874
0.00711234
0.0141164
0.0071972
0.0140194
0.00722133
0.0131616
0.00712642
0.0121515
0.00627117
0.0114869
0.00509519
0.0101203
0.00389789
0.0092124
0.000760946
0.00858468
0.00486882
0.00113316
-0.00153058
0.00151505
0.00311555
0.00177831
0.00474513
0.00245293
0.00614645
0.00336095
0.00824799
0.00402622
0.0104763
0.0044644
0.0118507
0.00491641
0.0126151
0.0054237
0.0130727
0.00600816
0.0134431
0.00636655
0.013729
0.00689236
0.0135906
0.00741908
0.0134927
0.00731463
0.0132661
0.00682138
0.0126447
0.00633341
0.0119748
0.00513151
0.0113222
0.00387315
0.0104708
0.00314673
0.0093111
0.00801555
0.000969057
-0.00249963
0.00164045
0.00244416
0.00175987
0.0046257
0.00230962
0.0055967
0.00322013
0.00733749
0.00412176
0.00957467
0.00484697
0.0111255
0.00520467
0.0122574
0.00541718
0.0128602
0.0057955
0.0130648
0.00635894
0.0131655
0.00671591
0.0132337
0.00681648
0.0133921
0.00713021
0.0129523
0.00695687
0.0128181
0.00614073
0.012791
0.00525311
0.0122098
0.00360434
0.0121195
0.00124671
0.0116687
0.00926226
0.000840176
-0.00333981
0.00138655
0.00189779
0.00173443
0.00427782
0.0021198
0.00521134
0.00283426
0.00662302
0.00369389
0.00871504
0.00440763
0.0104118
0.00511865
0.0115464
0.00577983
0.012199
0.00608803
0.0127566
0.00631532
0.0129382
0.00680803
0.0127409
0.00718608
0.013014
0.00694732
0.0131911
0.00686182
0.0129036
0.00650164
0.0131512
0.00535428
0.0133571
0.00426482
0.013209
0.00321336
0.0127202
0.0124756
0.000350168
-0.00368998
0.00127061
0.000977347
0.00166357
0.00388486
0.00203454
0.00484036
0.0026467
0.00601086
0.00365415
0.00770759
0.00449618
0.00956976
0.00511032
0.0109323
0.00551491
0.0117944
0.00614247
0.012129
0.00654257
0.0125382
0.00666054
0.012623
0.0069898
0.0126848
0.00738171
0.0127992
0.0070305
0.0132548
0.00670631
0.0134754
0.00615145
0.013912
0.00447413
0.0148863
0.00141237
0.0157819
0.013888
-8.12204e-05
-0.00360876
0.000931514
-3.53869e-05
0.0014995
0.00331687
0.00174667
0.0045932
0.00210107
0.00565646
0.0028807
0.00692796
0.00385939
0.00859106
0.00486056
0.00993109
0.00567316
0.0109818
0.00609541
0.0117068
0.0065722
0.0120614
0.00717098
0.0120242
0.00728631
0.0125694
0.00742808
0.0126574
0.00778043
0.0129024
0.00744674
0.013809
0.00682246
0.0145363
0.00625487
0.0154539
0.00542074
0.0166161
0.0193087
-0.000295529
-0.00331323
0.000798337
-0.00112925
0.0015181
0.00259711
0.00179389
0.00431741
0.00226328
0.00518707
0.00299976
0.00619148
0.00369724
0.00789359
0.00452233
0.009106
0.00536946
0.0101347
0.00629009
0.0107861
0.00670916
0.0116423
0.00702445
0.0117089
0.00772235
0.0118715
0.00805303
0.0123267
0.00789073
0.0130647
0.00844916
0.0132506
0.00818748
0.014798
0.00673789
0.0169035
0.0050488
0.0183052
0.0243575
-0.000180824
-0.0031324
0.000777834
-0.00208791
0.00135075
0.00202419
0.00163168
0.00403648
0.00160615
0.0052126
0.00211427
0.00568336
0.0032065
0.00680136
0.00430702
0.00800548
0.00511748
0.00932421
0.00601187
0.00989175
0.00707269
0.0105815
0.00769479
0.0110868
0.00783826
0.0117281
0.00878866
0.0113763
0.00924537
0.012608
0.00909358
0.0134024
0.0104434
0.0134482
0.010376
0.0169709
0.0113951
0.017286
0.024064
0.0116886
6.02559e-05
-0.00319266
0.000518663
-0.00254632
0.00135786
0.001185
0.00171045
0.00368389
0.00209429
0.00482876
0.00231744
0.00546021
0.00274102
0.00637778
0.00358238
0.00716411
0.00482621
0.00808039
0.00595453
0.00876343
0.00657525
0.00996075
0.00790453
0.00975752
0.00844991
0.0111827
0.00880636
0.0110199
0.0104975
0.0109169
0.0106465
0.0132534
0.0119893
0.0121054
0.0125558
0.0164044
0.0186038
0.011238
0.0233656
0.0193022
0.000398579
-0.00359124
0.000700631
-0.00284837
0.00130103
0.000584598
0.00158909
0.00339583
0.00161879
0.00479906
0.00195047
0.00512853
0.00267321
0.00565504
0.00328623
0.0065511
0.0043654
0.00700121
0.00542769
0.00770115
0.00692211
0.00846633
0.00756204
0.00911758
0.00946002
0.00928471
0.00951188
0.010968
0.0109209
0.00950781
0.0117457
0.0124286
0.0148132
0.00903793
0.0141698
0.0170478
0.0179135
0.00749431
0.0181231
0.023156
0.000541855
-0.00413309
0.000505523
-0.00281204
0.0011286
-3.8482e-05
0.00160706
0.00291737
0.00177202
0.0046341
0.00156181
0.00533874
0.00227022
0.00494663
0.00260695
0.00621437
0.00453836
0.0050698
0.00463336
0.00760614
0.00695342
0.00614628
0.00725222
0.00881878
0.00955195
0.00698498
0.0100196
0.0105004
0.0125853
0.00694206
0.0121101
0.0129038
0.0153241
0.00582397
0.0173755
0.0149963
0.0170356
0.00783417
0.0126629
0.0224959
0.000568338
-0.00470143
0.000916655
-0.00316035
0.00107481
-0.000196634
0.00136655
0.00262563
0.00190887
0.00409178
0.00169617
0.00555144
0.00244495
0.00419786
0.00159224
0.00706707
0.00401406
0.00264798
0.00403607
0.00758413
0.00633227
0.00385008
0.00692871
0.00822234
0.00992936
0.00398433
0.00984458
0.0105852
0.0128484
0.0039382
0.0139242
0.011828
0.0144162
0.00533203
0.0181111
0.0113014
0.0173898
0.00855546
0.00950132
0.0205514
4.86838e-05
-0.00475012
0.000252969
-0.00336464
0.000275044
-0.000218709
0.000408698
0.00249198
0.00133598
0.0031645
0.00157288
0.00531454
0.0028045
0.00296624
0.00255414
0.00731743
0.00517505
2.70729e-05
0.00493285
0.00782634
0.0078276
0.000955325
0.00746172
0.00858822
0.00962269
0.00182336
0.0110397
0.00916814
0.0117701
0.00320788
0.0147388
0.00885931
0.0143831
0.00568772
0.0176309
0.00805362
0.0185313
0.00765504
0.00750138
0.0205312
5.746e-05
-0.00480758
-0.000117842
-0.00318934
-0.000231114
-0.000105438
0.000300438
0.00196042
0.000803947
0.00266099
0.00166981
0.00444867
0.00305677
0.00157928
0.00320595
0.00716825
0.00590729
-0.00267427
0.00561472
0.00811891
0.00721134
-0.000641297
0.00827309
0.00752647
0.00834181
0.00175465
0.0111931
0.00631687
0.0111364
0.00326456
0.0143391
0.00565658
0.0150493
0.0049775
0.0172506
0.00585234
0.0190924
0.00581326
0.00559539
0.0209984
-0.000834052
-0.00397352
-0.00115081
-0.00287258
-0.00124991
-6.34061e-06
-0.00111366
0.00182417
-0.000358102
0.00190544
0.00191691
0.00217366
0.00302783
0.000468364
0.0029947
0.00720138
0.00332253
-0.0030021
0.00546919
0.00597225
0.00587791
-0.00105002
0.00786104
0.00554334
0.00769333
0.00192235
0.0100742
0.00393605
0.0106153
0.00272345
0.0131483
0.00312358
0.0151403
0.00298548
0.0169938
0.00399881
0.018886
0.00392108
0.00379204
0.0206894
-0.00176003
-0.00221349
-0.00300811
-0.0016245
-0.00276223
-0.000252216
-0.00205834
0.00112028
-0.00158473
0.00143183
0.000632003
-4.30787e-05
0.00135846
-0.000258098
0.00331825
0.00524159
0.00236239
-0.00204624
0.005365
0.00296964
0.00453525
-0.000220262
0.00710902
0.00296957
0.00765829
0.00137308
0.0098352
0.00175914
0.0112878
0.0012709
0.0130583
0.00135299
0.0150404
0.0010034
0.017098
0.00194119
0.0191175
0.0019016
0.00197835
0.0209312
-0.00221349
-0.00383799
-0.00409021
-0.00296993
-0.00153809
-0.00158117
-0.00183927
0.00340232
0.00135608
0.00432573
0.00410547
0.00707504
0.00844812
0.0102073
0.0114782
0.0128311
0.0138345
0.0157757
0.0176773
0.0196557
-0.00268871
0.0143773
-0.00261346
-7.52406e-05
-0.000217057
-0.00239641
0.00037053
-0.000587587
-0.000205114
0.000575645
-0.00623703
0.00603192
-0.00892195
0.00268492
-0.01069
0.00176808
-0.0123514
0.0016614
-0.0136586
0.00130713
-0.0151418
0.00148327
-0.0160931
0.000951293
-0.0163976
0.000304526
-0.017073
0.000675407
-0.0164202
-0.000652808
-0.0158113
-0.000608974
-0.0138829
-0.0019284
-0.0112041
-0.00267872
-0.00921026
-0.00199389
-0.00736997
-0.00184029
-0.00379814
-0.00357183
-0.00214164
-0.0016565
0.000318118
-0.00245976
0.00203835
-0.00172023
0.00351061
-0.00147226
0.00476874
-0.00125813
0.00604955
-0.0012808
0.0072632
-0.00121365
0.00822686
-0.000963661
0.00863896
-0.000412107
0.00788356
0.000755401
0.00609548
0.00178809
0.00376013
0.00233534
0.001041
0.00271913
-0.00185097
0.00289197
-0.00473272
0.00288175
-0.00773922
0.0030065
-0.0108268
0.00308758
-0.0136665
0.00283968
-0.0161223
0.00245579
-0.0180884
0.0019661
-0.0194605
0.00137217
-0.0203231
0.000862515
-0.0206412
0.000318128
-0.020349
-0.000292184
-0.0193897
-0.000959303
-0.018305
-0.00108465
-0.0166651
-0.00163991
-0.0143096
-0.00235551
-0.0112935
-0.0030161
-0.00881691
-0.00247662
-0.00575667
-0.00306024
-0.00264405
-0.00311262
0.000803473
-0.00344752
0.00438045
-0.00357698
0.0079166
-0.00353615
0.01129
-0.00337342
0.0146697
-0.00337972
0.0178431
-0.00317339
0.020778
-0.00293488
0.0231959
-0.00241788
0.0248722
-0.00167634
0.0255597
-0.000687422
0.0251742
0.000385474
0.0235386
0.00163561
0.0206185
0.00292004
0.0167398
0.00387872
0.0124675
0.00427228
0.00843764
0.00402989
0.00501569
0.00342195
0.00247556
0.00254013
0.000833064
0.0016425
-8.57824e-05
0.000918846
-0.000512494
0.000426711
-0.000511258
-1.23609e-06
-0.000481492
-2.97652e-05
-0.000303891
-0.000177601
-0.000251362
-5.25288e-05
-0.000116438
-0.000134924
-0.000277819
0.0198326
0.013847
0.00669903
0.0130583
-0.00456112
0.00886374
-0.00733215
0.00218344
-0.00911139
0.00235488
-0.00598772
0.00290825
-0.00376907
0.000466263
-0.00355795
0.00155696
-0.00407907
0.00218252
-0.00526585
0.00249391
-0.0063059
0.00252331
-0.00725314
0.00189853
-0.00793659
0.000987977
-0.00742414
0.000162953
-0.00674016
-0.00133679
-0.00586623
-0.0014829
-0.00415187
-0.00364277
-0.00316067
-0.00366992
-0.0009616
-0.00419296
0.00174204
-0.00454393
0.00335837
-0.00518816
0.00621738
-0.00451551
0.00793242
-0.0041748
0.0097245
-0.00351231
0.010965
-0.00271275
0.0116572
-0.00195036
0.0114854
-0.00110895
0.0101893
8.24088e-05
0.00824999
0.000975663
0.00662654
0.00121134
0.005899
0.00148294
0.00579212
0.00189497
0.00578697
0.0023405
0.00538335
0.00312275
0.00387564
0.00439968
0.00145968
0.00529771
-0.00116663
0.00563282
-0.00355562
0.00547656
-0.00562283
0.00490689
-0.00727041
0.00410337
-0.00840675
0.00310244
-0.00919872
0.00216414
-0.00946488
0.00112868
-0.00946372
0.000316971
-0.0091277
-0.000628208
-0.00816478
-0.00192223
-0.00725809
-0.00199134
-0.00556316
-0.00333483
-0.00337299
-0.00454568
-0.00124434
-0.00514475
0.00121345
-0.00493441
0.00432327
-0.00617006
0.00737351
-0.00616286
0.0106337
-0.0067077
0.0137788
-0.00672207
0.0169134
-0.00667072
0.0199091
-0.00636913
0.0229508
-0.00642146
0.0258428
-0.00606543
0.0285716
-0.00566368
0.0308473
-0.00469355
0.0325743
-0.00340339
0.0335358
-0.00164883
0.0335524
0.000368832
0.0324455
0.00274248
0.0304227
0.00494283
0.0276588
0.00664266
0.0244983
0.00743277
0.0211288
0.00739945
0.017905
0.00664568
0.0149298
0.00551537
0.0123735
0.00419877
0.0105027
0.00278962
0.0091318
0.00179766
0.00844512
0.000685446
0.00828543
0.000129917
0.00849422
-0.000386389
0.00897998
-0.000538287
0.00964151
-0.000796457
-0.00072078
0.0219998
0.0150031
0.0213025
0.0137556
0.0206195
0.00954677
0.0153972
0.00740569
0.011576
0.00617611
0.00988079
0.00460347
0.00786321
0.00248384
0.00668555
0.00273463
0.00606005
0.00280801
0.00612055
0.00243342
0.00640758
0.00223628
0.00678316
0.00152296
0.00702588
0.000745257
0.00729496
-0.000106131
0.00755404
-0.00159587
0.00870125
-0.00263011
0.00905755
-0.00399906
0.0103612
-0.00497358
0.0118543
-0.00568608
0.0133553
-0.00604493
0.0142199
-0.00605276
0.015425
-0.00572052
0.0162294
-0.00497922
0.016895
-0.00417792
0.0173827
-0.00320047
0.0176404
-0.00220808
0.0177517
-0.00122023
0.0178968
-6.27275e-05
0.0177032
0.00116924
0.0168201
0.00209451
0.0154323
0.00287069
0.0137349
0.00359241
0.0117991
0.00427623
0.0100163
0.00490559
0.00898431
0.00543168
0.00839287
0.00588914
0.00780707
0.00621862
0.00692618
0.00635745
0.00607468
0.00575839
0.00523222
0.00494584
0.00467955
0.00365511
0.00447613
0.00236756
0.00435936
0.00124545
0.00455383
0.000122505
0.0050021
-0.00107648
0.00552436
-0.0024445
0.00620904
-0.00267602
0.00779086
-0.00491665
0.00899365
-0.00574847
0.0104584
-0.00660954
0.0128698
-0.0073458
0.0147631
-0.00806335
0.0169771
-0.00837682
0.019331
-0.00906166
0.0215897
-0.00898071
0.0238519
-0.00893293
0.0261137
-0.00863095
0.028493
-0.00880079
0.0308994
-0.00847181
0.0332226
-0.00798682
0.0352897
-0.00676068
0.037027
-0.00514067
0.0381405
-0.00276233
0.0385469
-3.75662e-05
0.0379843
0.00330507
0.0367317
0.00619545
0.0348565
0.00851779
0.0325402
0.00974909
0.0299776
0.00996208
0.0272164
0.00940683
0.0248125
0.00791929
0.022498
0.0065133
0.0207908
0.00449681
0.0194385
0.00314999
0.0186186
0.00150526
0.0181259
0.000622709
0.0179384
-0.000198901
0.0180421
-0.000641993
0.0182714
-0.00102577
-0.00108748
0.0242206
0.0132784
0.0262171
0.0117591
0.0262916
0.00947225
0.0254905
0.00820676
0.0255967
0.00606993
0.0251556
0.00504457
0.0234264
0.00421311
0.0224638
0.00369713
0.0218086
0.0034633
0.0211571
0.00308489
0.0210203
0.00237304
0.020965
0.0015783
0.0211248
0.000585481
0.021425
-0.000406341
0.0217835
-0.00195439
0.0221961
-0.00304271
0.0226172
-0.00442018
0.0228514
-0.00520778
0.0231022
-0.00593692
0.0232866
-0.00622932
0.0232288
-0.0059949
0.0231739
-0.00566566
0.0229466
-0.00475195
0.0228127
-0.00404395
0.0226013
-0.00298909
0.0224805
-0.00208732
0.0223847
-0.00112441
0.0222621
5.99157e-05
0.0223413
0.00108999
0.0222834
0.00215248
0.0221637
0.0029904
0.0218233
0.0039328
0.0213531
0.00474645
0.0206176
0.00564099
0.0196903
0.00635902
0.0187839
0.00679557
0.0180972
0.00690535
0.0178241
0.00663055
0.0174094
0.00617307
0.0171622
0.00519305
0.0167511
0.00406616
0.0163563
0.00276236
0.0162613
0.00134043
0.0163052
7.86138e-05
0.016577
-0.00134822
0.016956
-0.00282357
0.0181155
-0.00383549
0.0186791
-0.00548028
0.0194303
-0.00649967
0.0205342
-0.00771343
0.0219339
-0.00874549
0.0229921
-0.00912152
0.0243628
-0.0097475
0.0255453
-0.0102441
0.0266717
-0.0101071
0.0278047
-0.010066
0.0293334
-0.0101597
0.031024
-0.0104914
0.0328195
-0.0102673
0.0346527
-0.00982009
0.0364433
-0.00855123
0.0379615
-0.00665884
0.039147
-0.00394791
0.0397982
-0.000688755
0.0397157
0.00338762
0.0390793
0.00683187
0.0380897
0.00950733
0.0365678
0.011271
0.0349255
0.0116044
0.0330437
0.0112887
0.0312846
0.00967835
0.0296573
0.00814061
0.0281629
0.00599116
0.0271098
0.00420311
0.0261801
0.00243497
0.0257064
0.0010964
0.0254409
6.65724e-05
0.0254111
-0.000612154
0.0254801
-0.00109474
-0.00122398
0.0237724
0.0100575
0.0260103
0.00952118
0.0271029
0.00837966
0.0283439
0.00696574
0.0287973
0.00561657
0.0291127
0.00472911
0.0291689
0.00415691
0.0294055
0.00346052
0.0297268
0.00314202
0.0300721
0.00273962
0.0302323
0.00221281
0.0303843
0.00142632
0.0305308
0.000438998
0.0306299
-0.000505493
0.0305849
-0.00190937
0.0303364
-0.00279422
0.029996
-0.0040797
0.0293561
-0.00456793
0.0287062
-0.00528699
0.027826
-0.00534917
0.0269533
-0.0051222
0.0261534
-0.00486579
0.0253358
-0.00393432
0.0248468
-0.00355492
0.0242287
-0.00237099
0.0239114
-0.00177001
0.0236137
-0.00082673
0.0235556
0.000117989
0.0236857
0.000959868
0.0238628
0.00197539
0.0242692
0.00258399
0.0246413
0.00356076
0.0251591
0.00422861
0.0257392
0.0050609
0.0263462
0.00575205
0.0269259
0.00621583
0.0273791
0.00645213
0.0277704
0.00623926
0.0281055
0.00583794
0.0283308
0.00496781
0.0285196
0.00387731
0.0285193
0.00276269
0.0286003
0.0012594
0.0283126
0.000366311
0.0285941
-0.00162972
0.028433
-0.00266246
0.0285871
-0.00398959
0.0287022
-0.00559539
0.0284619
-0.00625931
0.0286313
-0.00788289
0.0285734
-0.0086876
0.0284316
-0.00897969
0.0287124
-0.0100283
0.0287963
-0.0103281
0.0286963
-0.010007
0.0290503
-0.01042
0.0299406
-0.01105
0.0308493
-0.0114001
0.0318589
-0.0112768
0.0330696
-0.0110309
0.03434
-0.00982156
0.0355003
-0.00781922
0.0365599
-0.0050075
0.0370739
-0.00120271
0.0375122
0.00294936
0.0374464
0.0068976
0.0373195
0.00963426
0.0367097
0.0118808
0.0360006
0.0123135
0.0351547
0.0121346
0.0341976
0.0106354
0.0334267
0.00891154
0.0325956
0.0068223
0.0320313
0.00476737
0.0315147
0.00295162
0.0312057
0.00140539
0.0310095
0.000262767
0.0309391
-0.000541821
0.0309549
-0.00111047
-0.00117791
0.023066
0.00752266
0.0253315
0.0072557
0.0270287
0.00668246
0.0282935
0.005701
0.0290583
0.00485175
0.0299078
0.00387955
0.0305501
0.00351462
0.0312552
0.00275548
0.0318732
0.00252401
0.0326388
0.00197403
0.0331352
0.00171637
0.0335284
0.00103315
0.033724
0.000243354
0.0337931
-0.000574559
0.033545
-0.0016613
0.033005
-0.00225422
0.0323273
-0.00340192
0.0312911
-0.00353178
0.0303927
-0.00438854
0.0290935
-0.00405001
0.0282356
-0.00426426
0.0272231
-0.00385331
0.0264753
-0.00318653
0.0258638
-0.00294348
0.0251713
-0.00167841
0.0249758
-0.00157454
0.0244467
-0.000297653
0.0245555
9.17027e-06
0.0244883
0.00102712
0.0247686
0.00169506
0.0251747
0.00217793
0.025583
0.00315248
0.0264043
0.00340728
0.0271533
0.00431193
0.0283883
0.00451701
0.0295705
0.00503358
0.0307567
0.00526598
0.0320212
0.00497472
0.0329021
0.00495705
0.0338558
0.00401415
0.0343564
0.00337666
0.0346957
0.00242343
0.0349424
0.00101267
0.0348553
0.000453474
0.0347451
-0.00151953
0.0342677
-0.00218509
0.0338596
-0.00358149
0.0333397
-0.0050755
0.0324036
-0.00532315
0.0319282
-0.00740755
0.030814
-0.00757336
0.0300991
-0.00826476
0.0299829
-0.0099122
0.0292108
-0.00955594
0.0286754
-0.00947169
0.0286818
-0.0104263
0.0284161
-0.0107843
0.0278287
-0.0108127
0.027577
-0.0110251
0.0277671
-0.011221
0.0282345
-0.0102889
0.0289195
-0.00850428
0.0295436
-0.00563158
0.0299355
-0.00159455
0.0307167
0.00216813
0.0312273
0.00638697
0.0320121
0.00884944
0.0324605
0.0114325
0.0329438
0.0118301
0.0332059
0.0118725
0.0332918
0.0105496
0.0333369
0.00886646
0.0332581
0.00690108
0.0331268
0.00489864
0.0329683
0.00311014
0.0327963
0.00157741
0.0326568
0.00040226
0.03255
-0.000435072
0.0324587
-0.0010191
-0.00105999
0.0229485
0.00557258
0.0250455
0.00515869
0.0268271
0.00490088
0.02828
0.00424811
0.0292744
0.00385731
0.0302201
0.00293385
0.0309841
0.00275059
0.0317185
0.00202113
0.0322621
0.00198041
0.0329406
0.00129548
0.0333574
0.00129955
0.0338235
0.000567094
0.0338641
0.000202802
0.0338839
-0.000594438
0.033484
-0.00126137
0.0329838
-0.00175399
0.0322176
-0.00263571
0.0312504
-0.00256465
0.0304149
-0.00355297
0.0292258
-0.00286092
0.0285963
-0.0036348
0.027468
-0.00272505
0.0269859
-0.00270435
0.026262
-0.00221963
0.025711
-0.00112738
0.0255784
-0.00144197
0.0249785
0.000302253
0.0253105
-0.000322781
0.0251426
0.00119498
0.0256416
0.00119602
0.0260404
0.00177916
0.0265698
0.00262309
0.0274819
0.00249514
0.0281996
0.00359428
0.0293949
0.00332168
0.0304992
0.00392928
0.0317886
0.00397663
0.0330532
0.00371009
0.0342249
0.00378532
0.0352891
0.00294997
0.036065
0.00260077
0.0366999
0.00178856
0.0369606
0.000751928
0.0371074
0.000306686
0.0368226
-0.0012347
0.0363643
-0.00172682
0.0358035
-0.00302067
0.0348796
-0.00415159
0.0340669
-0.0045105
0.0332828
-0.00662343
0.0320777
-0.00636824
0.0315288
-0.0077159
0.0307919
-0.00917533
0.0292745
-0.00803846
0.0285003
-0.00869753
0.0271501
-0.00907609
0.0240297
-0.00766389
0.021468
-0.00825103
0.0199657
-0.0095228
0.0192325
-0.0104878
0.0189512
-0.0100076
0.0188201
-0.00837314
0.0185997
-0.00541125
0.0187546
-0.00174943
0.0195477
0.00137501
0.0204095
0.00552517
0.0220921
0.0071669
0.0237404
0.00978417
0.025591
0.00997942
0.0270027
0.0104608
0.0284472
0.00910511
0.0294163
0.00789734
0.0303316
0.00598578
0.0308702
0.00436007
0.0313239
0.00265641
0.0315448
0.00135652
0.0316809
0.000266192
0.0316909
-0.00044512
0.0316915
-0.00101965
-0.000930259
0.0225272
0.00373476
0.0241907
0.00349521
0.0259524
0.00313912
0.0273779
0.00282265
0.0286875
0.00254764
0.0296123
0.00200912
0.0306174
0.00174543
0.0313073
0.00133122
0.0320149
0.00127284
0.0325523
0.000758058
0.0330519
0.000800006
0.0334513
0.000167658
0.0334779
0.000176206
0.0335308
-0.000647311
0.0330767
-0.000807263
0.032789
-0.00146635
0.0318835
-0.00173019
0.0313285
-0.00200964
0.0302827
-0.00250714
0.0295259
-0.00210415
0.0286422
-0.00275112
0.0277065
-0.00178932
0.0272149
-0.00221274
0.0263198
-0.00132453
0.0260604
-0.000868001
0.025568
-0.000949587
0.0253165
0.000553813
0.025472
-0.000478287
0.0252558
0.00141121
0.0259273
0.000524487
0.0260169
0.0016896
0.0269521
0.0016879
0.0276671
0.00178013
0.0285835
0.00267788
0.0298949
0.00201021
0.0307085
0.00311568
0.0323962
0.00228891
0.0331995
0.00290684
0.0347046
0.0022802
0.0355706
0.00208397
0.0363485
0.00182292
0.0372367
0.000900367
0.0371724
0.000816226
0.0377715
-0.000292476
0.0371405
-0.00060369
0.0369425
-0.00152878
0.0363667
-0.00244491
0.0350539
-0.00283875
0.034763
-0.0042196
0.0331171
-0.00497757
0.0323343
-0.00558545
0.0320162
-0.00739778
0.0295052
-0.0066643
0.0277483
-0.00628156
0.0249184
-0.00586768
0.0195403
-0.00369792
0.0151937
-0.00331735
0.013251
-0.00630832
0.0121428
-0.00841459
0.0105195
-0.00886455
0.00852292
-0.008011
0.00661822
-0.00646843
0.00563879
-0.00443181
0.00503672
-0.00114736
0.00558596
0.000825763
0.00768451
0.00342662
0.0089739
0.0058775
0.012266
0.00649206
0.0149032
0.00734225
0.0175205
0.00784349
0.0202398
0.00638584
0.0221487
0.00598845
0.0238758
0.00425865
0.0249789
0.00325697
0.0258235
0.00181178
0.0260888
0.00109128
0.0262077
0.000147266
0.0258736
-0.000111
0.0254081
-0.000554146
-0.00051167
0.0228534
0.00181255
0.0244511
0.00189748
0.0261088
0.00148149
0.0274404
0.00149098
0.0288191
0.00116903
0.0297397
0.00108852
0.0307633
0.000721794
0.0313918
0.000702663
0.0321791
0.00048558
0.0325565
0.000380638
0.0331079
0.000248671
0.033255
2.05491e-05
0.033407
2.41862e-05
0.0332485
-0.000488818
0.0328687
-0.000427497
0.0324329
-0.00103055
0.0315342
-0.000831475
0.0309733
-0.00144872
0.0296848
-0.00121864
0.0290951
-0.00151444
0.0278031
-0.00145915
0.0272251
-0.00121129
0.0264083
-0.00139598
0.0256333
-0.000549478
0.0256272
-0.000861955
0.0248016
-0.000123945
0.0253
5.54015e-05
0.0249517
-0.000130034
0.0254166
0.000946342
0.0259152
2.58803e-05
0.0262651
0.00133966
0.0273101
0.000642951
0.0279373
0.00115294
0.0291366
0.00147854
0.0302467
0.000900103
0.0314412
0.00192126
0.0328521
0.000877995
0.0340251
0.00173376
0.0352831
0.00102223
0.0363583
0.0010088
0.0371049
0.00107628
0.0379238
8.14468e-05
0.0380297
0.000710353
0.0383286
-0.000591329
0.0379816
-0.000256741
0.0374513
-0.000998418
0.0366889
-0.00168254
0.0353534
-0.00150327
0.0341225
-0.00298867
0.0320359
-0.00289098
0.0299942
-0.0035437
0.0279202
-0.00532388
0.0261322
-0.00487624
0.0226682
-0.0028176
0.016355
0.000445545
0.0112606
0.00139646
0.00997774
-0.00203446
0.00808362
-0.0044142
0.00428386
-0.00461482
-0.000319017
-0.00426168
-0.00393494
-0.00439507
-0.00672241
-0.00368097
-0.00851904
-0.00263518
-0.00884625
-0.000820158
-0.00861278
0.000592298
-0.00664923
0.00146307
-0.00345695
0.00268522
-0.000851943
0.00388705
0.00275004
0.00374027
0.00690166
0.00369188
0.00983717
0.00345033
0.0128256
0.003
0.0147749
0.00230941
0.0164226
0.00160919
0.0174231
0.000811304
0.0178594
0.000655023
0.0179276
7.90877e-05
0.0177508
6.5714e-05
0.0174967
-0.000300029
-0.000164038
0.0214682
0.0233657
0.0248472
0.0263382
0.0275072
0.0285957
0.0293175
0.0300202
0.0305058
0.0308864
0.0311351
0.0311556
0.0311798
0.030691
0.0302635
0.029233
0.0284015
0.0269528
0.0257341
0.0242197
0.0227605
0.0215492
0.0201533
0.0196038
0.0187418
0.0186179
0.0186733
0.0185433
0.0194896
0.0195155
0.0208551
0.0214981
0.022651
0.0241296
0.0250297
0.0269509
0.0278289
0.0295627
0.0305849
0.0315937
0.03267
0.0327514
0.0334618
0.0328705
0.0326137
0.0316153
0.0299328
0.0284295
0.0254408
0.0225498
0.0190061
0.0136823
0.00880601
0.00598841
0.00643395
0.00783042
0.00579596
0.00138175
-0.00323307
-0.00749475
-0.0118898
-0.0155708
-0.018206
-0.0190261
-0.0184338
-0.0169708
-0.0142855
-0.0103985
-0.00665822
-0.00296634
0.000483985
0.00348398
0.00579339
0.00740258
0.00821389
0.00886891
0.008948
0.00901371
0.00871368
)
;

boundaryField
{
    inlet
    {
        type            calculated;
        value           nonuniform List<scalar> 
20
(
-0.01
-0.01
-0.01
-0.01
-0.01
-0.01
-0.01
-0.01
-0.01
-0.01
-0.01
-0.01
-0.01
-0.01
-0.01
-0.01
-0.01
-0.01
-0.01
-0.01
)
;
    }
    outlet
    {
        type            calculated;
        value           nonuniform List<scalar> 10(0.000161381 0.0100845 0.0186381 0.0256166 0.0309088 0.0323407 0.0315617 0.0249895 0.0171491 0.00854964);
    }
    walls
    {
        type            calculated;
        value           uniform 0;
    }
    frontAndBack
    {
        type            empty;
        value           nonuniform List<scalar> 0();
    }
}


// ************************************************************************* //
