/*--------------------------------*- C++ -*----------------------------------*\
| =========                 |                                                 |
| \\      /  F ield         | OpenFOAM: The Open Source CFD Toolbox           |
|  \\    /   O peration     | Version:  2306                                  |
|   \\  /    A nd           | Website:  www.openfoam.com                      |
|    \\/     M anipulation  |                                                 |
\*---------------------------------------------------------------------------*/
FoamFile
{
    version     2.0;
    format      ascii;
    arch        "LSB;label=32;scalar=64";
    class       volVectorField;
    location    "0.475";
    object      U;
}
// * * * * * * * * * * * * * * * * * * * * * * * * * * * * * * * * * * * * * //

dimensions      [0 1 -1 0 0 0 0];

internalField   nonuniform List<vector> 
4400
(
(9.90179 0.0455316 0)
(9.80626 0.0986949 0)
(9.70006 0.120967 0)
(9.57017 0.125783 0)
(9.4182 0.124483 0)
(9.25218 0.123459 0)
(9.08063 0.12413 0)
(8.90819 0.125698 0)
(8.73728 0.126971 0)
(8.56778 0.127419 0)
(8.40013 0.126871 0)
(8.23334 0.125546 0)
(8.06797 0.123777 0)
(7.90324 0.121728 0)
(7.73998 0.119682 0)
(7.57761 0.117519 0)
(7.41694 0.11545 0)
(7.25757 0.113243 0)
(7.10008 0.111076 0)
(6.94413 0.108779 0)
(6.79021 0.106451 0)
(6.63803 0.104057 0)
(6.48805 0.101607 0)
(6.33985 0.0991596 0)
(6.19405 0.0966342 0)
(6.05 0.0941428 0)
(5.90862 0.091631 0)
(5.76883 0.0891419 0)
(5.632 0.0866602 0)
(5.49651 0.0842198 0)
(5.36427 0.0818371 0)
(5.23305 0.0795133 0)
(5.10528 0.0772545 0)
(4.97811 0.0750751 0)
(4.8545 0.0730056 0)
(4.73097 0.0710355 0)
(4.61099 0.0692232 0)
(4.49041 0.0675829 0)
(4.37324 0.0661729 0)
(4.25466 0.0649784 0)
(4.13913 0.0641476 0)
(4.0213 0.063548 0)
(3.90589 0.0634892 0)
(3.78718 0.0636214 0)
(3.67003 0.0644576 0)
(3.54831 0.0654482 0)
(3.42709 0.0673199 0)
(3.29966 0.0693156 0)
(3.17148 0.0723339 0)
(3.03504 0.0754859 0)
(2.89644 0.0797455 0)
(2.74713 0.084187 0)
(2.5941 0.0897545 0)
(2.42757 0.0954677 0)
(2.25569 0.102294 0)
(2.06734 0.108976 0)
(1.87217 0.116696 0)
(1.65768 0.123536 0)
(1.4356 0.131106 0)
(1.19206 0.136461 0)
(0.941551 0.141465 0)
(0.66893 0.141745 0)
(0.39164 0.135114 0)
(0.111889 0.103376 0)
(-0.140849 0.0487213 0)
(-0.390027 -0.0346777 0)
(-0.567488 -0.126392 0)
(-0.686449 -0.236433 0)
(-0.696096 -0.359738 0)
(-0.633126 -0.499003 0)
(-0.433641 -0.622459 0)
(-0.175736 -0.707809 0)
(0.112561 -0.569553 0)
(0.272767 -0.212426 0)
(0.363486 0.493524 0)
(-0.398767 0.902596 0)
(-0.579387 0.291181 0)
(-0.203636 -0.0653634 0)
(0.00855205 -0.0769365 0)
(-0.205842 -0.237495 0)
(10.0002 0.061234 0)
(10.0318 0.137418 0)
(10.0697 0.173615 0)
(10.1049 0.184958 0)
(10.1327 0.186125 0)
(10.1499 0.186293 0)
(10.1591 0.188207 0)
(10.1608 0.192037 0)
(10.1593 0.195835 0)
(10.1536 0.199185 0)
(10.1469 0.201043 0)
(10.1367 0.202078 0)
(10.1253 0.202095 0)
(10.1106 0.201868 0)
(10.0941 0.201292 0)
(10.0746 0.200735 0)
(10.053 0.200088 0)
(10.0291 0.199361 0)
(10.0028 0.198621 0)
(9.97471 0.197649 0)
(9.94447 0.196664 0)
(9.91224 0.19548 0)
(9.87855 0.1942 0)
(9.84227 0.192891 0)
(9.80544 0.191355 0)
(9.76523 0.189924 0)
(9.72548 0.188244 0)
(9.68145 0.186756 0)
(9.63887 0.184942 0)
(9.59119 0.18351 0)
(9.54578 0.18158 0)
(9.49456 0.180322 0)
(9.44621 0.178374 0)
(9.39142 0.177316 0)
(9.33999 0.175501 0)
(9.28142 0.174759 0)
(9.22668 0.173226 0)
(9.164 0.172964 0)
(9.10543 0.171951 0)
(9.03828 0.172298 0)
(8.97497 0.17213 0)
(8.90276 0.173293 0)
(8.8336 0.174265 0)
(8.75538 0.176712 0)
(8.67906 0.17903 0)
(8.59339 0.183295 0)
(8.50833 0.18725 0)
(8.4132 0.1938 0)
(8.3174 0.199847 0)
(8.21015 0.209117 0)
(8.1011 0.217711 0)
(7.9785 0.230181 0)
(7.8529 0.241694 0)
(7.71113 0.25788 0)
(7.56477 0.272437 0)
(7.39943 0.29273 0)
(7.22725 0.310108 0)
(7.03327 0.334352 0)
(6.82967 0.353808 0)
(6.60152 0.380584 0)
(6.36063 0.400129 0)
(6.09302 0.425704 0)
(5.80893 0.440133 0)
(5.49849 0.456198 0)
(5.17391 0.453784 0)
(4.82975 0.450338 0)
(4.4492 0.417284 0)
(4.04359 0.384628 0)
(3.56684 0.323166 0)
(3.04207 0.282853 0)
(2.35324 0.215193 0)
(1.52744 0.220725 0)
(0.474616 0.146376 0)
(-0.211693 0.00682675 0)
(-0.602686 0.0921316 0)
(-0.540515 0.00699337 0)
(-0.235439 -0.574373 0)
(-0.6069 -0.641429 0)
(-0.603872 0.0990942 0)
(-0.579298 0.583078 0)
(10.0002 0.0268863 0)
(10.0167 0.0695566 0)
(10.0429 0.100023 0)
(10.0747 0.117382 0)
(10.1085 0.126912 0)
(10.1393 0.131834 0)
(10.1673 0.13589 0)
(10.1909 0.140403 0)
(10.213 0.14526 0)
(10.233 0.150477 0)
(10.2533 0.154832 0)
(10.2733 0.158763 0)
(10.2931 0.161701 0)
(10.3134 0.164084 0)
(10.3319 0.166221 0)
(10.3516 0.167684 0)
(10.3682 0.169673 0)
(10.3869 0.170635 0)
(10.4016 0.172609 0)
(10.4187 0.173223 0)
(10.4318 0.174936 0)
(10.4471 0.175402 0)
(10.4588 0.176671 0)
(10.472 0.177112 0)
(10.4821 0.177978 0)
(10.493 0.178336 0)
(10.5014 0.179018 0)
(10.5099 0.1793 0)
(10.5163 0.179853 0)
(10.5222 0.180192 0)
(10.5263 0.180657 0)
(10.5295 0.181146 0)
(10.5311 0.181761 0)
(10.5314 0.182383 0)
(10.5302 0.1834 0)
(10.5272 0.184393 0)
(10.5229 0.185876 0)
(10.5165 0.187636 0)
(10.5087 0.189786 0)
(10.4984 0.192479 0)
(10.4865 0.195913 0)
(10.472 0.199503 0)
(10.4556 0.205032 0)
(10.4362 0.209688 0)
(10.4143 0.21805 0)
(10.3896 0.224166 0)
(10.3611 0.23598 0)
(10.3304 0.244308 0)
(10.2941 0.259883 0)
(10.2555 0.271657 0)
(10.211 0.291044 0)
(10.1618 0.307525 0)
(10.1086 0.331173 0)
(10.0456 0.352945 0)
(9.9823 0.381928 0)
(9.90277 0.408649 0)
(9.82597 0.444205 0)
(9.72812 0.474749 0)
(9.63208 0.517072 0)
(9.51443 0.549586 0)
(9.39183 0.596147 0)
(9.25095 0.626996 0)
(9.09343 0.671418 0)
(8.9221 0.692937 0)
(8.71857 0.724838 0)
(8.50497 0.727985 0)
(8.23362 0.740685 0)
(7.94808 0.727964 0)
(7.58699 0.739405 0)
(7.20054 0.74545 0)
(6.72843 0.806784 0)
(6.20897 0.877569 0)
(5.62642 1.00148 0)
(4.95509 0.990258 0)
(4.35257 0.908816 0)
(3.33285 0.760524 0)
(2.67279 0.508394 0)
(1.30212 0.370281 0)
(-0.0262825 -0.0727284 0)
(-0.221584 -0.397464 0)
(10.0002 0.0190109 0)
(10.01 0.0523583 0)
(10.0279 0.080881 0)
(10.051 0.100965 0)
(10.0782 0.114931 0)
(10.105 0.122955 0)
(10.132 0.128483 0)
(10.156 0.132537 0)
(10.1797 0.136241 0)
(10.2013 0.140451 0)
(10.2236 0.143798 0)
(10.2454 0.147805 0)
(10.2682 0.150046 0)
(10.2913 0.15308 0)
(10.3142 0.154284 0)
(10.3382 0.156351 0)
(10.3607 0.157246 0)
(10.385 0.15859 0)
(10.407 0.159741 0)
(10.431 0.160462 0)
(10.4527 0.161874 0)
(10.4761 0.162239 0)
(10.4978 0.163636 0)
(10.5203 0.163927 0)
(10.542 0.165134 0)
(10.5633 0.165459 0)
(10.5849 0.166602 0)
(10.6047 0.167013 0)
(10.626 0.168082 0)
(10.6441 0.168885 0)
(10.6649 0.169706 0)
(10.6811 0.171282 0)
(10.7012 0.171856 0)
(10.7151 0.174355 0)
(10.7346 0.174944 0)
(10.7456 0.178483 0)
(10.7644 0.179439 0)
(10.7724 0.184023 0)
(10.7898 0.186094 0)
(10.7954 0.191384 0)
(10.8102 0.195636 0)
(10.8137 0.201593 0)
(10.8254 0.208404 0)
(10.8264 0.216104 0)
(10.8352 0.225054 0)
(10.8327 0.235869 0)
(10.8383 0.247192 0)
(10.8327 0.261488 0)
(10.8334 0.276748 0)
(10.8259 0.294139 0)
(10.8193 0.315051 0)
(10.8113 0.335947 0)
(10.7958 0.362818 0)
(10.7864 0.389608 0)
(10.7629 0.420456 0)
(10.7483 0.457241 0)
(10.7204 0.4889 0)
(10.6938 0.538303 0)
(10.6648 0.569886 0)
(10.6213 0.628834 0)
(10.5876 0.662526 0)
(10.5261 0.723377 0)
(10.4786 0.759193 0)
(10.3922 0.814642 0)
(10.3214 0.84827 0)
(10.1922 0.894751 0)
(10.0852 0.928742 0)
(9.89277 0.974937 0)
(9.73441 1.02547 0)
(9.4625 1.09252 0)
(9.24228 1.17967 0)
(8.87504 1.28233 0)
(8.58977 1.38487 0)
(8.10257 1.4684 0)
(7.71606 1.49764 0)
(7.10288 1.53105 0)
(6.51176 1.50265 0)
(5.83422 1.52731 0)
(4.89635 1.52224 0)
(4.05845 1.27126 0)
(10.0002 0.0134218 0)
(10.0068 0.0382267 0)
(10.0198 0.0606622 0)
(10.0368 0.0775982 0)
(10.0588 0.0907561 0)
(10.0812 0.0987092 0)
(10.1063 0.104602 0)
(10.1283 0.108157 0)
(10.1527 0.1114 0)
(10.1729 0.114453 0)
(10.1968 0.11726 0)
(10.2164 0.120507 0)
(10.241 0.122708 0)
(10.2614 0.125591 0)
(10.2868 0.126923 0)
(10.3079 0.129117 0)
(10.3335 0.129988 0)
(10.3551 0.131546 0)
(10.3807 0.13257 0)
(10.402 0.133509 0)
(10.428 0.13498 0)
(10.4487 0.135437 0)
(10.4753 0.13726 0)
(10.495 0.137426 0)
(10.522 0.139432 0)
(10.5409 0.139457 0)
(10.5682 0.14176 0)
(10.586 0.141577 0)
(10.6132 0.14437 0)
(10.6301 0.144091 0)
(10.6569 0.147367 0)
(10.6728 0.14734 0)
(10.6989 0.151025 0)
(10.7137 0.15154 0)
(10.7389 0.155727 0)
(10.7524 0.157268 0)
(10.7766 0.161552 0)
(10.7887 0.165404 0)
(10.8116 0.168883 0)
(10.8222 0.176236 0)
(10.8435 0.179202 0)
(10.8529 0.18944 0)
(10.8716 0.194268 0)
(10.8808 0.205521 0)
(10.8956 0.214708 0)
(10.9054 0.226412 0)
(10.9161 0.240494 0)
(10.9258 0.254394 0)
(10.9332 0.272388 0)
(10.9418 0.290978 0)
(10.9471 0.312304 0)
(10.9532 0.336995 0)
(10.9582 0.36293 0)
(10.9602 0.392691 0)
(10.9661 0.427156 0)
(10.9641 0.458681 0)
(10.9699 0.50531 0)
(10.9635 0.538376 0)
(10.9719 0.593565 0)
(10.9534 0.634183 0)
(10.9707 0.690247 0)
(10.932 0.739935 0)
(10.9532 0.797667 0)
(10.8961 0.847734 0)
(10.9035 0.913297 0)
(10.8256 0.96207 0)
(10.8093 1.03737 0)
(10.694 1.09853 0)
(10.6489 1.18939 0)
(10.4873 1.27391 0)
(10.3948 1.392 0)
(10.1937 1.50326 0)
(10.0306 1.63431 0)
(9.79027 1.76298 0)
(9.53099 1.86384 0)
(9.23172 1.97914 0)
(8.83139 2.03733 0)
(8.4188 2.08181 0)
(7.81561 2.10028 0)
(7.13524 1.97166 0)
(10.0012 0.00962683 0)
(10.0041 0.0278555 0)
(10.0163 0.0450238 0)
(10.0276 0.0584091 0)
(10.0479 0.070307 0)
(10.065 0.077278 0)
(10.0898 0.083879 0)
(10.1083 0.0865565 0)
(10.1342 0.0906637 0)
(10.1519 0.0921133 0)
(10.178 0.0956602 0)
(10.195 0.0971179 0)
(10.2219 0.100273 0)
(10.2392 0.101782 0)
(10.2669 0.104094 0)
(10.2849 0.105429 0)
(10.3129 0.106971 0)
(10.3319 0.108045 0)
(10.3594 0.109399 0)
(10.3791 0.110082 0)
(10.4061 0.111735 0)
(10.4262 0.112115 0)
(10.4528 0.114011 0)
(10.473 0.114357 0)
(10.4992 0.116259 0)
(10.5195 0.116846 0)
(10.5452 0.118763 0)
(10.5653 0.119541 0)
(10.5904 0.121701 0)
(10.6103 0.122799 0)
(10.6343 0.12504 0)
(10.6544 0.127264 0)
(10.6767 0.128707 0)
(10.6968 0.133339 0)
(10.7182 0.133309 0)
(10.7367 0.140916 0)
(10.7585 0.139897 0)
(10.7742 0.150026 0)
(10.7968 0.149141 0)
(10.8094 0.161419 0)
(10.8329 0.16136 0)
(10.842 0.17608 0)
(10.8668 0.177299 0)
(10.8719 0.194641 0)
(10.8984 0.198255 0)
(10.8989 0.217645 0)
(10.9281 0.22581 0)
(10.9224 0.245897 0)
(10.9566 0.261622 0)
(10.9428 0.280399 0)
(10.983 0.307299 0)
(10.9626 0.323126 0)
(11.0061 0.36274 0)
(10.9828 0.378514 0)
(11.0275 0.426178 0)
(11.0024 0.449468 0)
(11.048 0.500411 0)
(11.0238 0.532183 0)
(11.0649 0.590757 0)
(11.0463 0.625691 0)
(11.0805 0.692334 0)
(11.0603 0.737646 0)
(11.0963 0.798558 0)
(11.06 0.867136 0)
(11.0962 0.920192 0)
(11.0474 1.00745 0)
(11.0616 1.06918 0)
(11.0081 1.17432 0)
(10.9894 1.24734 0)
(10.9193 1.38849 0)
(10.8709 1.4728 0)
(10.7768 1.64396 0)
(10.6875 1.76521 0)
(10.5786 1.92069 0)
(10.4205 2.09253 0)
(10.2871 2.19713 0)
(10.0337 2.37026 0)
(9.79534 2.44176 0)
(9.43725 2.54957 0)
(8.97491 2.58392 0)
(10.0022 0.00671826 0)
(10.0022 0.0202047 0)
(10.0145 0.0325524 0)
(10.0222 0.043068 0)
(10.0411 0.0524096 0)
(10.0551 0.0586294 0)
(10.0782 0.0642939 0)
(10.0956 0.0670187 0)
(10.1202 0.0705172 0)
(10.1383 0.0717716 0)
(10.1632 0.0746519 0)
(10.1812 0.0756685 0)
(10.2069 0.0783803 0)
(10.2249 0.0795685 0)
(10.2516 0.0815058 0)
(10.27 0.0830653 0)
(10.2971 0.0837718 0)
(10.3165 0.0859162 0)
(10.3432 0.0856235 0)
(10.3637 0.0881848 0)
(10.3894 0.0876423 0)
(10.4112 0.0902784 0)
(10.4355 0.0898998 0)
(10.4586 0.0925411 0)
(10.4812 0.0923463 0)
(10.5058 0.0951841 0)
(10.5267 0.0951796 0)
(10.5518 0.0981271 0)
(10.5723 0.0986972 0)
(10.5965 0.101507 0)
(10.6174 0.103202 0)
(10.6399 0.105552 0)
(10.6613 0.108967 0)
(10.6821 0.110612 0)
(10.7041 0.116215 0)
(10.7222 0.117437 0)
(10.7461 0.124803 0)
(10.7598 0.127158 0)
(10.7872 0.134693 0)
(10.7945 0.140519 0)
(10.8272 0.146862 0)
(10.8264 0.157341 0)
(10.8662 0.16326 0)
(10.8558 0.177207 0)
(10.9029 0.185576 0)
(10.8844 0.200868 0)
(10.9358 0.214408 0)
(10.9136 0.230639 0)
(10.9649 0.249255 0)
(10.9429 0.269651 0)
(10.9922 0.290237 0)
(10.9713 0.318815 0)
(11.0189 0.341524 0)
(11.0004 0.37539 0)
(11.0443 0.407612 0)
(11.0313 0.441336 0)
(11.07 0.484675 0)
(11.0623 0.524663 0)
(11.0975 0.569465 0)
(11.094 0.623976 0)
(11.1222 0.670577 0)
(11.1273 0.732682 0)
(11.1427 0.790806 0)
(11.1519 0.860395 0)
(11.1627 0.924028 0)
(11.1577 1.0159 0)
(11.17 1.08576 0)
(11.1489 1.19293 0)
(11.146 1.29722 0)
(11.1194 1.40617 0)
(11.0896 1.55289 0)
(11.0546 1.6864 0)
(11.0015 1.84017 0)
(10.9437 2.03319 0)
(10.872 2.16137 0)
(10.77 2.38162 0)
(10.6495 2.53134 0)
(10.4978 2.67041 0)
(10.258 2.89131 0)
(10.0169 2.94643 0)
(10.0026 0.00427755 0)
(10.0016 0.0141097 0)
(10.013 0.0218977 0)
(10.0197 0.0300562 0)
(10.0362 0.0361028 0)
(10.0498 0.0415146 0)
(10.0698 0.0452007 0)
(10.0882 0.0480958 0)
(10.1096 0.0502571 0)
(10.1302 0.0517433 0)
(10.1518 0.0535069 0)
(10.1731 0.0544622 0)
(10.1952 0.0564918 0)
(10.2165 0.0572378 0)
(10.2397 0.059113 0)
(10.261 0.0599501 0)
(10.2853 0.0610833 0)
(10.3068 0.0624461 0)
(10.3316 0.0626752 0)
(10.3534 0.0646429 0)
(10.3784 0.0645098 0)
(10.4002 0.0667227 0)
(10.4251 0.0667555 0)
(10.4471 0.0689691 0)
(10.4713 0.0694618 0)
(10.4942 0.0715397 0)
(10.517 0.0729471 0)
(10.5406 0.0741665 0)
(10.5627 0.07766 0)
(10.5855 0.077045 0)
(10.6084 0.0834772 0)
(10.6289 0.0811192 0)
(10.6537 0.0898465 0)
(10.6707 0.0872958 0)
(10.6984 0.0970682 0)
(10.7104 0.0955138 0)
(10.7427 0.106321 0)
(10.7476 0.105478 0)
(10.7864 0.118324 0)
(10.7828 0.118162 0)
(10.8285 0.132714 0)
(10.8165 0.135438 0)
(10.8688 0.149193 0)
(10.8489 0.158486 0)
(10.907 0.168759 0)
(10.8805 0.187496 0)
(10.943 0.193648 0)
(10.9123 0.221731 0)
(10.9764 0.227259 0)
(10.9453 0.260143 0)
(11.0068 0.271866 0)
(10.9806 0.305459 0)
(11.0358 0.324898 0)
(11.0167 0.363583 0)
(11.0661 0.385406 0)
(11.0537 0.433608 0)
(11.097 0.460916 0)
(11.094 0.510446 0)
(11.1275 0.555034 0)
(11.1362 0.599448 0)
(11.1596 0.662042 0)
(11.1775 0.707839 0)
(11.1895 0.786539 0)
(11.2203 0.832539 0)
(11.2105 0.937746 0)
(11.258 0.983749 0)
(11.226 1.11019 0)
(11.2775 1.18278 0)
(11.2315 1.30915 0)
(11.2761 1.43379 0)
(11.2185 1.56083 0)
(11.249 1.72283 0)
(11.178 1.89515 0)
(11.195 2.0404 0)
(11.0961 2.28177 0)
(11.0895 2.43459 0)
(10.9657 2.63433 0)
(10.8854 2.91069 0)
(10.7298 2.98367 0)
(10.5547 3.32699 0)
(10.002 0.00185783 0)
(10.002 0.0091181 0)
(10.0113 0.0121116 0)
(10.0191 0.0185697 0)
(10.0326 0.0206893 0)
(10.0476 0.0255366 0)
(10.0639 0.0264776 0)
(10.0848 0.029755 0)
(10.1019 0.0299175 0)
(10.1266 0.0320553 0)
(10.1431 0.0322044 0)
(10.1698 0.0336419 0)
(10.1861 0.0344999 0)
(10.2133 0.0352543 0)
(10.2303 0.0366283 0)
(10.2576 0.0370286 0)
(10.2757 0.038299 0)
(10.3032 0.0389798 0)
(10.322 0.0397416 0)
(10.3496 0.0408762 0)
(10.3692 0.0416311 0)
(10.3959 0.0426601 0)
(10.4168 0.0441142 0)
(10.442 0.044743 0)
(10.4642 0.0469788 0)
(10.4884 0.0476253 0)
(10.5107 0.0502007 0)
(10.5348 0.0512655 0)
(10.5567 0.054267 0)
(10.5802 0.0555608 0)
(10.6031 0.0595826 0)
(10.6238 0.0607203 0)
(10.6495 0.0662528 0)
(10.6658 0.0673079 0)
(10.6953 0.0744246 0)
(10.7064 0.0758989 0)
(10.7404 0.0842953 0)
(10.7452 0.0871364 0)
(10.7848 0.095973 0)
(10.7822 0.101902 0)
(10.8281 0.109747 0)
(10.8181 0.120964 0)
(10.8701 0.126417 0)
(10.8525 0.144492 0)
(10.9111 0.147563 0)
(10.8863 0.17248 0)
(10.9502 0.174625 0)
(10.9214 0.206329 0)
(10.986 0.207061 0)
(10.9594 0.249045 0)
(11.0192 0.24536 0)
(11.0004 0.299733 0)
(11.0502 0.295911 0)
(11.0459 0.353668 0)
(11.0795 0.363347 0)
(11.0949 0.414376 0)
(11.1112 0.442113 0)
(11.1445 0.490887 0)
(11.1467 0.531137 0)
(11.1965 0.581813 0)
(11.1825 0.63855 0)
(11.2516 0.688626 0)
(11.2203 0.761384 0)
(11.3037 0.825619 0)
(11.2593 0.900544 0)
(11.3527 0.991995 0)
(11.2933 1.07906 0)
(11.3942 1.17971 0)
(11.3186 1.31733 0)
(11.4253 1.40018 0)
(11.3265 1.60635 0)
(11.4343 1.70354 0)
(11.3249 1.90751 0)
(11.3992 2.1124 0)
(11.2943 2.25977 0)
(11.33 2.53621 0)
(11.1912 2.74076 0)
(11.1973 2.93757 0)
(11.0099 3.27653 0)
(10.9157 3.40888 0)
(10.001 -0.00018474 0)
(10.0029 0.00415276 0)
(10.0096 0.00326834 0)
(10.0197 0.00729101 0)
(10.0299 0.00636949 0)
(10.0477 0.00954621 0)
(10.06 0.00876704 0)
(10.0845 0.0110014 0)
(10.0969 0.0104276 0)
(10.1264 0.0117353 0)
(10.1373 0.0116804 0)
(10.1701 0.0123072 0)
(10.1799 0.0131845 0)
(10.2139 0.0129023 0)
(10.224 0.0147089 0)
(10.2581 0.0137386 0)
(10.2696 0.0160489 0)
(10.3035 0.0150855 0)
(10.3161 0.0172577 0)
(10.3499 0.0168282 0)
(10.3634 0.0188621 0)
(10.3963 0.0187175 0)
(10.4114 0.0211007 0)
(10.442 0.0210711 0)
(10.46 0.0236991 0)
(10.4874 0.0244535 0)
(10.5082 0.0266707 0)
(10.5327 0.0285456 0)
(10.556 0.0311096 0)
(10.5776 0.0325767 0)
(10.6035 0.0377511 0)
(10.6215 0.0370302 0)
(10.6506 0.0457056 0)
(10.6646 0.0438396 0)
(10.6967 0.0539259 0)
(10.707 0.0539851 0)
(10.7419 0.0631276 0)
(10.7479 0.0666751 0)
(10.7867 0.07529 0)
(10.7873 0.0812113 0)
(10.8307 0.091255 0)
(10.8261 0.0988418 0)
(10.8725 0.110093 0)
(10.8658 0.122296 0)
(10.912 0.130478 0)
(10.9058 0.153543 0)
(10.951 0.153852 0)
(10.9456 0.190592 0)
(10.9893 0.186004 0)
(10.9879 0.229428 0)
(11.0248 0.230526 0)
(11.0351 0.273204 0)
(11.0582 0.282483 0)
(11.0866 0.329891 0)
(11.0916 0.340599 0)
(11.1438 0.397213 0)
(11.1232 0.413947 0)
(11.2085 0.471788 0)
(11.1567 0.502388 0)
(11.2737 0.563563 0)
(11.2008 0.603407 0)
(11.3341 0.672284 0)
(11.2547 0.731834 0)
(11.393 0.793171 0)
(11.3128 0.892341 0)
(11.4518 0.945349 0)
(11.3715 1.07368 0)
(11.5048 1.15801 0)
(11.434 1.27043 0)
(11.543 1.44042 0)
(11.4865 1.52701 0)
(11.5804 1.74155 0)
(11.5029 1.91312 0)
(11.5957 2.05935 0)
(11.5067 2.37653 0)
(11.5319 2.49596 0)
(11.4814 2.8392 0)
(11.4039 3.05025 0)
(11.3288 3.35769 0)
(11.2166 3.63002 0)
(9.99943 -0.00202626 0)
(10.0046 -0.000984554 0)
(10.0078 -0.00513349 0)
(10.0214 -0.00404556 0)
(10.0283 -0.00750771 0)
(10.0493 -0.00645573 0)
(10.0586 -0.00864175 0)
(10.086 -0.00783318 0)
(10.0956 -0.0088822 0)
(10.1278 -0.00876769 0)
(10.1362 -0.0085536 0)
(10.1717 -0.00933613 0)
(10.1789 -0.00774672 0)
(10.2155 -0.00977881 0)
(10.2233 -0.00695806 0)
(10.2594 -0.00963638 0)
(10.2696 -0.00639579 0)
(10.3042 -0.00842423 0)
(10.317 -0.00597999 0)
(10.3501 -0.00642781 0)
(10.3651 -0.00494569 0)
(10.3963 -0.00450019 0)
(10.4136 -0.00248198 0)
(10.4422 -0.00291611 0)
(10.4625 0.00129846 0)
(10.4881 -0.000790363 0)
(10.5109 0.00548109 0)
(10.5343 0.00291434 0)
(10.5585 0.00995098 0)
(10.5804 0.00797901 0)
(10.606 0.0158346 0)
(10.6254 0.0135568 0)
(10.6536 0.0240033 0)
(10.6695 0.0201929 0)
(10.7004 0.0337125 0)
(10.7135 0.0297241 0)
(10.7455 0.0438636 0)
(10.7574 0.0432584 0)
(10.7894 0.0550684 0)
(10.8004 0.0605272 0)
(10.833 0.0687428 0)
(10.8422 0.081176 0)
(10.8762 0.0861201 0)
(10.884 0.10485 0)
(10.9177 0.109461 0)
(10.9276 0.13064 0)
(10.9572 0.139925 0)
(10.9728 0.161351 0)
(10.9967 0.174069 0)
(11.0191 0.202762 0)
(11.0364 0.210721 0)
(11.0698 0.253334 0)
(11.0733 0.257346 0)
(11.1278 0.30789 0)
(11.1105 0.317874 0)
(11.188 0.370049 0)
(11.1553 0.390203 0)
(11.2489 0.442289 0)
(11.2043 0.480586 0)
(11.319 0.522241 0)
(11.2542 0.590817 0)
(11.3936 0.623809 0)
(11.3176 0.709679 0)
(11.4609 0.764112 0)
(11.3988 0.839906 0)
(11.5246 0.940718 0)
(11.4865 1.01363 0)
(11.5948 1.12737 0)
(11.57 1.27313 0)
(11.6628 1.33676 0)
(11.6646 1.5815 0)
(11.7006 1.65968 0)
(11.7558 1.89915 0)
(11.7375 2.09779 0)
(11.7661 2.3082 0)
(11.7878 2.58139 0)
(11.6991 2.84413 0)
(11.7361 3.14754 0)
(11.6027 3.43616 0)
(11.523 3.81627 0)
(9.99867 -0.00387168 0)
(10.0053 -0.00634984 0)
(10.0076 -0.0136308 0)
(10.0224 -0.0157752 0)
(10.0293 -0.0214558 0)
(10.0507 -0.0228213 0)
(10.0615 -0.026088 0)
(10.0875 -0.0269019 0)
(10.0998 -0.0283155 0)
(10.1292 -0.029181 0)
(10.1412 -0.0291817 0)
(10.1732 -0.0305722 0)
(10.1839 -0.0294858 0)
(10.2174 -0.0318154 0)
(10.2282 -0.0295628 0)
(10.262 -0.0325153 0)
(10.2744 -0.029325 0)
(10.3076 -0.0321553 0)
(10.3216 -0.0288108 0)
(10.3543 -0.0308164 0)
(10.3694 -0.0276881 0)
(10.4014 -0.0290873 0)
(10.4176 -0.0254289 0)
(10.4483 -0.027237 0)
(10.4661 -0.0221302 0)
(10.4953 -0.0245516 0)
(10.5142 -0.0184971 0)
(10.5427 -0.0201133 0)
(10.5618 -0.0145262 0)
(10.5902 -0.0142115 0)
(10.6092 -0.00907152 0)
(10.6367 -0.00770956 0)
(10.6572 -0.00126322 0)
(10.6817 -4.0713e-05 0)
(10.7053 0.00804698 0)
(10.7261 0.0106761 0)
(10.7519 0.0178401 0)
(10.771 0.0250429 0)
(10.7972 0.0296694 0)
(10.8154 0.041089 0)
(10.8425 0.046695 0)
(10.8584 0.0577456 0)
(10.8881 0.068538 0)
(10.9019 0.0789452 0)
(10.9316 0.0909871 0)
(10.9486 0.109574 0)
(10.9721 0.113872 0)
(10.9989 0.146065 0)
(11.0118 0.146229 0)
(11.0507 0.181416 0)
(11.0547 0.191931 0)
(11.102 0.220773 0)
(11.1024 0.243011 0)
(11.1557 0.273202 0)
(11.1522 0.298972 0)
(11.2156 0.336114 0)
(11.2064 0.366169 0)
(11.2778 0.411726 0)
(11.2711 0.441048 0)
(11.3432 0.507261 0)
(11.3418 0.531265 0)
(11.4208 0.610187 0)
(11.415 0.662093 0)
(11.509 0.710774 0)
(11.498 0.838575 0)
(11.6021 0.837146 0)
(11.5978 1.02855 0)
(11.6919 1.04871 0)
(11.7129 1.21198 0)
(11.7976 1.34412 0)
(11.7971 1.46726 0)
(11.9441 1.6652 0)
(11.8616 1.84329 0)
(12.0392 2.0643 0)
(11.973 2.28825 0)
(12.0439 2.59887 0)
(12.0223 2.84076 0)
(12.0322 3.20629 0)
(11.9254 3.54713 0)
(11.9104 3.89279 0)
(9.99967 -0.00556535 0)
(10.0042 -0.0124715 0)
(10.0097 -0.0222258 0)
(10.0221 -0.0287532 0)
(10.0337 -0.0353754 0)
(10.0521 -0.0404382 0)
(10.0684 -0.0433375 0)
(10.09 -0.0469482 0)
(10.1085 -0.047414 0)
(10.1324 -0.0503128 0)
(10.1506 -0.0494185 0)
(10.177 -0.0526388 0)
(10.1931 -0.0507193 0)
(10.2222 -0.054891 0)
(10.2367 -0.0515689 0)
(10.2684 -0.0563521 0)
(10.2821 -0.051897 0)
(10.3158 -0.0562914 0)
(10.3284 -0.0520348 0)
(10.3639 -0.0546216 0)
(10.3757 -0.0519521 0)
(10.4116 -0.0520121 0)
(10.4245 -0.0507926 0)
(10.4581 -0.0495825 0)
(10.4747 -0.0477019 0)
(10.5041 -0.0473935 0)
(10.5249 -0.043238 0)
(10.551 -0.0437725 0)
(10.5738 -0.0387397 0)
(10.5992 -0.0376033 0)
(10.6214 -0.0337581 0)
(10.6474 -0.03022 0)
(10.6693 -0.0258552 0)
(10.694 -0.0231553 0)
(10.7182 -0.0142471 0)
(10.7392 -0.014961 0)
(10.7665 -0.00127096 0)
(10.7849 -0.00223817 0)
(10.8126 0.0110813 0)
(10.8321 0.0161449 0)
(10.8578 0.024229 0)
(10.8781 0.0379866 0)
(10.9046 0.0417583 0)
(10.9228 0.0607327 0)
(10.952 0.0665041 0)
(10.9695 0.0847415 0)
(10.997 0.0970421 0)
(11.0202 0.114318 0)
(11.0421 0.130445 0)
(11.0717 0.151892 0)
(11.0918 0.169259 0)
(11.1235 0.194619 0)
(11.1452 0.216773 0)
(11.1799 0.245314 0)
(11.2021 0.269326 0)
(11.2397 0.308055 0)
(11.269 0.333684 0)
(11.2996 0.372443 0)
(11.3474 0.423933 0)
(11.3679 0.438716 0)
(11.4279 0.532018 0)
(11.456 0.530455 0)
(11.5093 0.640131 0)
(11.5609 0.671158 0)
(11.5976 0.746126 0)
(11.6913 0.854474 0)
(11.6774 0.899237 0)
(11.8556 1.03755 0)
(11.7778 1.14151 0)
(11.9891 1.2595 0)
(11.9571 1.42138 0)
(12.0841 1.59871 0)
(12.1318 1.7672 0)
(12.2375 2.00864 0)
(12.2233 2.26953 0)
(12.3774 2.51857 0)
(12.3136 2.88152 0)
(12.3825 3.2007 0)
(12.3259 3.61151 0)
(12.2796 4.02002 0)
(9.99993 -0.00742433 0)
(10.0045 -0.0192851 0)
(10.0113 -0.0322416 0)
(10.0246 -0.0425603 0)
(10.0382 -0.0509518 0)
(10.0579 -0.0583494 0)
(10.076 -0.0618868 0)
(10.0984 -0.0666471 0)
(10.118 -0.0674808 0)
(10.142 -0.0706967 0)
(10.1609 -0.0708517 0)
(10.1869 -0.0736237 0)
(10.2038 -0.0737287 0)
(10.2322 -0.0762645 0)
(10.2482 -0.0760317 0)
(10.2787 -0.0777162 0)
(10.2945 -0.07745 0)
(10.3263 -0.0776199 0)
(10.3414 -0.0780089 0)
(10.3751 -0.0764529 0)
(10.3887 -0.0775467 0)
(10.4238 -0.074889 0)
(10.4372 -0.0756697 0)
(10.4714 -0.0734345 0)
(10.4877 -0.0720901 0)
(10.5179 -0.0718268 0)
(10.539 -0.0672436 0)
(10.5648 -0.0687806 0)
(10.5891 -0.0620256 0)
(10.6138 -0.0632815 0)
(10.6369 -0.0564283 0)
(10.664 -0.055809 0)
(10.6842 -0.0489654 0)
(10.7131 -0.0472351 0)
(10.7328 -0.0391019 0)
(10.7603 -0.0364305 0)
(10.7816 -0.0285289 0)
(10.8079 -0.0210784 0)
(10.8284 -0.0175454 0)
(10.8574 -0.00270872 0)
(10.8739 -0.00164022 0)
(10.9059 0.0137618 0)
(10.9228 0.022898 0)
(10.9502 0.030215 0)
(10.9763 0.0497632 0)
(10.994 0.0563267 0)
(11.0277 0.0727473 0)
(11.0459 0.0935526 0)
(11.0734 0.0990708 0)
(11.1037 0.131515 0)
(11.1243 0.139497 0)
(11.1558 0.16665 0)
(11.1887 0.192524 0)
(11.2075 0.206535 0)
(11.2532 0.25245 0)
(11.2772 0.257439 0)
(11.3121 0.315592 0)
(11.3588 0.329376 0)
(11.3831 0.373603 0)
(11.4427 0.4325 0)
(11.4665 0.432098 0)
(11.544 0.550707 0)
(11.5532 0.529548 0)
(11.6633 0.652458 0)
(11.6648 0.686575 0)
(11.7762 0.771002 0)
(11.8226 0.853709 0)
(11.8992 0.964041 0)
(11.981 1.04652 0)
(12.0915 1.19598 0)
(12.1171 1.33656 0)
(12.316 1.48164 0)
(12.3085 1.70985 0)
(12.4804 1.90205 0)
(12.5481 2.18656 0)
(12.6454 2.46562 0)
(12.6796 2.8228 0)
(12.7967 3.20701 0)
(12.7211 3.63724 0)
(12.754 4.10123 0)
(9.99883 -0.00991053 0)
(10.0068 -0.0272223 0)
(10.0125 -0.0446884 0)
(10.0309 -0.0579974 0)
(10.0442 -0.0689616 0)
(10.0689 -0.0770524 0)
(10.0867 -0.0819424 0)
(10.1121 -0.0861049 0)
(10.1317 -0.0884296 0)
(10.1561 -0.0906864 0)
(10.1763 -0.09277 0)
(10.2001 -0.094815 0)
(10.2208 -0.0963278 0)
(10.2444 -0.0987371 0)
(10.2673 -0.0988685 0)
(10.2904 -0.101004 0)
(10.3152 -0.100503 0)
(10.3383 -0.101186 0)
(10.3622 -0.101566 0)
(10.3889 -0.0998045 0)
(10.408 -0.10204 0)
(10.441 -0.0976265 0)
(10.4539 -0.101301 0)
(10.4921 -0.095631 0)
(10.5026 -0.0983522 0)
(10.5406 -0.0940902 0)
(10.5547 -0.0934538 0)
(10.5873 -0.0913147 0)
(10.6072 -0.0882788 0)
(10.6352 -0.0854178 0)
(10.6572 -0.0833182 0)
(10.6857 -0.0771396 0)
(10.7056 -0.0760138 0)
(10.7356 -0.0693184 0)
(10.7557 -0.0635679 0)
(10.7826 -0.0627535 0)
(10.8075 -0.0471059 0)
(10.8298 -0.0534123 0)
(10.8561 -0.0315255 0)
(10.882 -0.0363078 0)
(10.8992 -0.0190756 0)
(10.9379 -0.0124365 0)
(10.9431 -0.00380741 0)
(10.9895 0.0102665 0)
(10.9949 0.0219115 0)
(11.0351 0.0297249 0)
(11.0521 0.0538587 0)
(11.0836 0.0573486 0)
(11.1045 0.082425 0)
(11.1436 0.0966089 0)
(11.1527 0.115064 0)
(11.209 0.136443 0)
(11.2083 0.159033 0)
(11.2748 0.183511 0)
(11.2693 0.200528 0)
(11.3523 0.251219 0)
(11.3323 0.242732 0)
(11.4356 0.322789 0)
(11.4187 0.31256 0)
(11.5087 0.383575 0)
(11.5359 0.412766 0)
(11.5828 0.454104 0)
(11.674 0.517194 0)
(11.6746 0.568647 0)
(11.8177 0.618302 0)
(11.8199 0.71642 0)
(11.9411 0.768748 0)
(12.0194 0.866556 0)
(12.1124 0.982377 0)
(12.1929 1.07103 0)
(12.3663 1.23457 0)
(12.4157 1.37342 0)
(12.5815 1.56956 0)
(12.7325 1.7904 0)
(12.8255 2.04454 0)
(12.976 2.36416 0)
(13.1127 2.73434 0)
(13.175 3.12581 0)
(13.2466 3.65387 0)
(13.2737 4.15371 0)
(9.99905 -0.013448 0)
(10.0081 -0.0378156 0)
(10.018 -0.0602885 0)
(10.0382 -0.0772418 0)
(10.0578 -0.089513 0)
(10.0823 -0.0986792 0)
(10.1068 -0.102887 0)
(10.1285 -0.108059 0)
(10.1547 -0.109203 0)
(10.1729 -0.113719 0)
(10.2 -0.113989 0)
(10.2169 -0.119534 0)
(10.2452 -0.117778 0)
(10.2622 -0.124616 0)
(10.2923 -0.120294 0)
(10.3094 -0.12714 0)
(10.3406 -0.122384 0)
(10.3585 -0.126809 0)
(10.3879 -0.124585 0)
(10.4099 -0.124482 0)
(10.4339 -0.126493 0)
(10.4629 -0.121393 0)
(10.4799 -0.126892 0)
(10.5153 -0.119002 0)
(10.5282 -0.124162 0)
(10.5653 -0.118041 0)
(10.5799 -0.118325 0)
(10.6128 -0.116769 0)
(10.6332 -0.111351 0)
(10.6605 -0.112927 0)
(10.6844 -0.104051 0)
(10.7107 -0.106902 0)
(10.7335 -0.0945749 0)
(10.7614 -0.100386 0)
(10.7836 -0.0819717 0)
(10.8091 -0.0920358 0)
(10.8358 -0.0690415 0)
(10.8568 -0.0775107 0)
(10.8847 -0.0588914 0)
(10.91 -0.0560211 0)
(10.9274 -0.0480093 0)
(10.968 -0.0343303 0)
(10.97 -0.0276071 0)
(11.0221 -0.0193275 0)
(11.0216 0.00516398 0)
(11.0686 -0.00573217 0)
(11.0799 0.0387992 0)
(11.1196 0.0220469 0)
(11.1303 0.0618121 0)
(11.187 0.0658262 0)
(11.1752 0.086461 0)
(11.2547 0.106845 0)
(11.2426 0.130918 0)
(11.3034 0.139752 0)
(11.3349 0.18903 0)
(11.3559 0.178733 0)
(11.4243 0.250168 0)
(11.4338 0.233948 0)
(11.5124 0.306401 0)
(11.5323 0.318886 0)
(11.6025 0.357395 0)
(11.6613 0.416477 0)
(11.7031 0.447285 0)
(11.7916 0.491133 0)
(11.8715 0.584814 0)
(11.8993 0.596952 0)
(12.085 0.704714 0)
(12.0722 0.784466 0)
(12.2662 0.855363 0)
(12.3442 0.970121 0)
(12.494 1.11339 0)
(12.6162 1.21758 0)
(12.8238 1.43694 0)
(12.9498 1.58896 0)
(13.151 1.91862 0)
(13.3553 2.1614 0)
(13.4857 2.57217 0)
(13.7174 3.05282 0)
(13.7548 3.5472 0)
(13.9191 4.24056 0)
(10.0001 -0.0186965 0)
(10.0102 -0.0524343 0)
(10.0277 -0.0802209 0)
(10.051 -0.10092 0)
(10.0793 -0.113732 0)
(10.1041 -0.123173 0)
(10.1349 -0.127246 0)
(10.1537 -0.132274 0)
(10.1845 -0.134927 0)
(10.1983 -0.139293 0)
(10.2303 -0.141585 0)
(10.2423 -0.146742 0)
(10.2764 -0.145586 0)
(10.2882 -0.153201 0)
(10.3243 -0.14689 0)
(10.336 -0.157178 0)
(10.3722 -0.147645 0)
(10.3857 -0.1581 0)
(10.4176 -0.14925 0)
(10.4383 -0.156058 0)
(10.4601 -0.15177 0)
(10.4931 -0.151871 0)
(10.5016 -0.15388 0)
(10.5474 -0.147367 0)
(10.5449 -0.153307 0)
(10.5983 -0.143927 0)
(10.5916 -0.149797 0)
(10.6453 -0.139626 0)
(10.6402 -0.14594 0)
(10.6911 -0.131777 0)
(10.6872 -0.142355 0)
(10.7378 -0.121956 0)
(10.7333 -0.135135 0)
(10.782 -0.114424 0)
(10.7837 -0.12099 0)
(10.8188 -0.109481 0)
(10.8401 -0.102134 0)
(10.8522 -0.101852 0)
(10.8933 -0.0851271 0)
(10.8949 -0.0846947 0)
(10.9323 -0.0745523 0)
(10.9526 -0.0573362 0)
(10.962 -0.0649829 0)
(11.0113 -0.0301083 0)
(11.004 -0.0433632 0)
(11.0523 -0.0117578 0)
(11.0686 -0.00995105 0)
(11.0836 0.00905722 0)
(11.1338 0.018472 0)
(11.1352 0.0446906 0)
(11.184 0.0430899 0)
(11.2034 0.0830628 0)
(11.2439 0.0810371 0)
(11.2667 0.118198 0)
(11.318 0.127144 0)
(11.3469 0.161411 0)
(11.3869 0.177365 0)
(11.4463 0.211065 0)
(11.482 0.233729 0)
(11.5327 0.27686 0)
(11.6187 0.288977 0)
(11.6294 0.356783 0)
(11.7661 0.368313 0)
(11.7699 0.430307 0)
(11.9253 0.476074 0)
(11.9485 0.53215 0)
(12.1163 0.585253 0)
(12.1755 0.681057 0)
(12.3377 0.724923 0)
(12.4459 0.851822 0)
(12.645 0.930591 0)
(12.7832 1.08804 0)
(12.992 1.18328 0)
(13.243 1.45901 0)
(13.4314 1.58394 0)
(13.7452 1.98153 0)
(13.9464 2.26367 0)
(14.2854 2.86085 0)
(14.3799 3.36995 0)
(14.6469 4.19215 0)
(9.99885 -0.0263059 0)
(10.0187 -0.0699866 0)
(10.0417 -0.0988782 0)
(10.0768 -0.118053 0)
(10.108 -0.125288 0)
(10.1404 -0.132772 0)
(10.1685 -0.134374 0)
(10.1904 -0.140684 0)
(10.2165 -0.143843 0)
(10.2309 -0.150038 0)
(10.2598 -0.152489 0)
(10.2699 -0.158852 0)
(10.3023 -0.156973 0)
(10.3098 -0.165664 0)
(10.3429 -0.158724 0)
(10.3509 -0.169995 0)
(10.3778 -0.160493 0)
(10.3937 -0.171625 0)
(10.4053 -0.162953 0)
(10.4388 -0.170862 0)
(10.4267 -0.165517 0)
(10.4833 -0.168326 0)
(10.4463 -0.167337 0)
(10.523 -0.164764 0)
(10.4672 -0.167385 0)
(10.5559 -0.160792 0)
(10.4899 -0.165496 0)
(10.5829 -0.155279 0)
(10.5133 -0.162949 0)
(10.6042 -0.147302 0)
(10.5389 -0.158443 0)
(10.6176 -0.140314 0)
(10.5704 -0.146733 0)
(10.6205 -0.138922 0)
(10.6093 -0.125798 0)
(10.6164 -0.140604 0)
(10.6472 -0.101705 0)
(10.6201 -0.136518 0)
(10.6687 -0.083336 0)
(10.6457 -0.120021 0)
(10.67 -0.072889 0)
(10.6862 -0.094535 0)
(10.6714 -0.0606381 0)
(10.7188 -0.073636 0)
(10.6939 -0.0328607 0)
(10.738 -0.063871 0)
(10.7288 0.0053576 0)
(10.7691 -0.0481952 0)
(10.7503 0.034595 0)
(10.8336 -0.0164089 0)
(10.7599 0.059783 0)
(10.9125 0.0145599 0)
(10.7996 0.0986224 0)
(10.9654 0.0363456 0)
(10.8986 0.153235 0)
(10.9922 0.0462263 0)
(11.0406 0.236293 0)
(11.0288 0.0435984 0)
(11.1837 0.314061 0)
(11.1436 0.101681 0)
(11.2582 0.323957 0)
(11.3849 0.22241 0)
(11.3125 0.352987 0)
(11.6184 0.287124 0)
(11.5247 0.478933 0)
(11.7761 0.314771 0)
(11.8141 0.609289 0)
(12.0601 0.450655 0)
(12.0537 0.655314 0)
(12.4434 0.667579 0)
(12.4518 0.795161 0)
(12.8198 0.856062 0)
(12.9682 1.04693 0)
(13.3931 1.11242 0)
(13.5843 1.416 0)
(14.0843 1.57443 0)
(14.3996 2.00022 0)
(14.958 2.42549 0)
(15.2121 3.18485 0)
(15.6622 4.18251 0)
(9.998 -0.0623854 0)
(10.0346 -0.135908 0)
(10.067 -0.174358 0)
(10.1083 -0.183923 0)
(10.1303 -0.186592 0)
(10.1531 -0.18516 0)
(10.1578 -0.188993 0)
(10.1633 -0.190032 0)
(10.1597 -0.197191 0)
(10.1552 -0.196147 0)
(10.1497 -0.202571 0)
(10.1376 -0.198382 0)
(10.1312 -0.203492 0)
(10.1113 -0.197374 0)
(10.103 -0.202932 0)
(10.0772 -0.194572 0)
(10.0633 -0.202599 0)
(10.0371 -0.190765 0)
(10.0117 -0.201653 0)
(9.99306 -0.186792 0)
(9.94994 -0.198933 0)
(9.94488 -0.183146 0)
(9.88101 -0.194269 0)
(9.89097 -0.179203 0)
(9.80829 -0.188697 0)
(9.83027 -0.173586 0)
(9.73429 -0.183483 0)
(9.76283 -0.165004 0)
(9.6613 -0.179364 0)
(9.68793 -0.153305 0)
(9.59345 -0.175088 0)
(9.60285 -0.140494 0)
(9.5369 -0.167779 0)
(9.50482 -0.128999 0)
(9.49513 -0.156482 0)
(9.39739 -0.117427 0)
(9.46295 -0.144353 0)
(9.29408 -0.102137 0)
(9.42698 -0.133616 0)
(9.21198 -0.0837768 0)
(9.37798 -0.120475 0)
(9.15619 -0.0674272 0)
(9.32444 -0.101234 0)
(9.11499 -0.0532992 0)
(9.28466 -0.0803056 0)
(9.07855 -0.0326991 0)
(9.26603 -0.0684346 0)
(9.05165 0.00285471 0)
(9.26442 -0.0663334 0)
(9.04048 0.0438176 0)
(9.28717 -0.0557703 0)
(9.03288 0.0737606 0)
(9.36416 -0.0339349 0)
(8.99871 0.102675 0)
(9.52633 -0.0139269 0)
(8.94594 0.136872 0)
(9.72303 0.0188741 0)
(8.97382 0.154242 0)
(9.85081 0.0648941 0)
(9.1681 0.192435 0)
(9.91096 0.0761781 0)
(9.45628 0.270108 0)
(10.0279 0.0963234 0)
(9.73816 0.33916 0)
(10.2409 0.120249 0)
(10.0495 0.442342 0)
(10.5405 0.125614 0)
(10.429 0.556453 0)
(10.934 0.209955 0)
(10.9247 0.617813 0)
(11.3755 0.312904 0)
(11.6094 0.822813 0)
(11.9362 0.368323 0)
(12.3995 0.987359 0)
(12.8771 0.723381 0)
(13.3849 1.20147 0)
(14.0557 1.11055 0)
(14.8699 1.76751 0)
(15.8103 2.27258 0)
(16.4534 3.17105 0)
(9.89962 -0.0454286 0)
(9.80813 -0.0985428 0)
(9.69742 -0.120899 0)
(9.57288 -0.125873 0)
(9.41575 -0.12426 0)
(9.25564 -0.123648 0)
(9.07848 -0.123717 0)
(8.91227 -0.125928 0)
(8.73557 -0.126339 0)
(8.57288 -0.1277 0)
(8.39921 -0.125887 0)
(8.24024 -0.125984 0)
(8.06789 -0.122407 0)
(7.9127 -0.122206 0)
(7.74109 -0.118039 0)
(7.59081 -0.117613 0)
(7.41961 -0.113881 0)
(7.27589 -0.112393 0)
(7.10498 -0.109779 0)
(6.96944 -0.106622 0)
(6.79894 -0.105351 0)
(6.67227 -0.100582 0)
(6.50319 -0.100118 0)
(6.38491 -0.0947149 0)
(6.21929 -0.0938351 0)
(6.10859 -0.0892188 0)
(5.94824 -0.0863509 0)
(5.84545 -0.083933 0)
(5.69028 -0.0781124 0)
(5.59831 -0.0782172 0)
(5.4459 -0.0696761 0)
(5.36927 -0.0713214 0)
(5.21715 -0.0616479 0)
(5.15814 -0.0629076 0)
(5.00884 -0.0538994 0)
(4.96223 -0.0535991 0)
(4.82724 -0.0455283 0)
(4.77956 -0.044604 0)
(4.67578 -0.0357926 0)
(4.61319 -0.0363543 0)
(4.55156 -0.0251873 0)
(4.47078 -0.0272031 0)
(4.45069 -0.0165399 0)
(4.35505 -0.0155088 0)
(4.37981 -0.00862685 0)
(4.25662 -0.00696105 0)
(4.35206 0.00565872 0)
(4.17124 -0.00782841 0)
(4.36446 0.025017 0)
(4.11418 -0.00628648 0)
(4.40734 0.0359179 0)
(4.08105 0.0038726 0)
(4.50972 0.0536572 0)
(4.04007 -0.00868975 0)
(4.68974 0.107622 0)
(4.01856 -0.0469313 0)
(4.89151 0.160378 0)
(4.07982 -0.0414899 0)
(5.11274 0.144158 0)
(4.14266 0.0149155 0)
(5.50755 0.158198 0)
(4.10824 -0.0682742 0)
(6.00686 0.38168 0)
(4.29896 -0.26293 0)
(6.268 0.514722 0)
(4.83311 -0.189097 0)
(6.57032 0.453996 0)
(5.21201 -0.187581 0)
(7.30429 0.705349 0)
(5.60292 -0.435106 0)
(7.95312 0.967175 0)
(6.45192 -0.417281 0)
(8.71794 1.04812 0)
(7.3081 -0.489777 0)
(9.98899 1.49602 0)
(8.52693 -0.648344 0)
(11.5882 1.93777 0)
(10.5928 -0.530399 0)
(13.9535 2.55301 0)
(14.2112 0.594879 0)
(-0.289349 -0.267588 0)
(-0.119131 -0.1471 0)
(-0.0303252 -0.0273502 0)
(0.112187 -0.012538 0)
(0.282158 -0.0175102 0)
(0.419458 -0.0361688 0)
(0.520027 -0.0112859 0)
(0.517808 0.0385724 0)
(0.459596 0.0465176 0)
(0.379362 -0.0151271 0)
(0.163554 0.071796 0)
(-0.417328 0.43771 0)
(-1.38533 0.497954 0)
(-1.87733 0.264794 0)
(-2.33862 0.28589 0)
(-2.68887 0.141473 0)
(-2.57107 -0.0446997 0)
(-2.29139 -0.12998 0)
(-1.74384 -0.255548 0)
(-0.529655 -0.511746 0)
(-0.43701 0.190621 0)
(-0.151901 -0.0717122 0)
(0.0337467 -0.209144 0)
(0.0765138 -0.338269 0)
(0.195882 -0.293712 0)
(0.343926 -0.20911 0)
(0.473869 -0.0856468 0)
(0.4868 0.0250142 0)
(0.289619 0.0916277 0)
(-0.191339 0.334574 0)
(-1.05101 0.812601 0)
(-1.78577 1.07104 0)
(-2.35542 0.880028 0)
(-2.70598 0.679336 0)
(-3.05883 0.538472 0)
(-3.15108 0.159272 0)
(-2.97385 -0.269592 0)
(-2.44238 -0.840264 0)
(-1.71721 -1.36419 0)
(-0.149505 -1.92174 0)
(-0.603691 -0.90591 0)
(-0.840032 -0.719627 0)
(-0.551382 -0.210147 0)
(-0.195484 -0.105725 0)
(0.147622 -0.313398 0)
(0.255479 -0.346012 0)
(0.150644 -0.163172 0)
(0.0227439 0.252999 0)
(-0.215576 0.698982 0)
(-0.762539 1.1879 0)
(-1.52627 1.57498 0)
(-1.9635 1.6419 0)
(-2.21188 1.27328 0)
(-2.41744 0.968842 0)
(-2.53086 0.663688 0)
(-2.49677 0.0760777 0)
(-2.23241 -0.6862 0)
(-1.50021 -1.7515 0)
(-1.16537 -2.47713 0)
(0.172434 -2.69227 0)
(2.87402 1.00031 0)
(1.1065 0.115352 0)
(-0.0494597 -1.00875 0)
(-0.544893 -1.23409 0)
(-0.528003 -0.785343 0)
(-0.0753285 -0.143357 0)
(0.0584874 0.154353 0)
(-0.173008 0.377076 0)
(-0.626401 0.939492 0)
(-0.925103 1.7455 0)
(-1.21876 2.06537 0)
(-1.5596 1.80117 0)
(-1.73567 1.42802 0)
(-1.75226 1.00955 0)
(-1.56798 0.569229 0)
(-1.4185 -0.0594027 0)
(-1.19532 -0.9703 0)
(-0.51301 -2.0968 0)
(-0.749725 -2.76617 0)
(0.0259448 -2.82926 0)
(6.35052 1.90728 0)
(5.30368 1.66439 0)
(4.44361 1.55516 0)
(2.4918 0.787057 0)
(0.435537 -0.752437 0)
(-0.353155 -1.01088 0)
(-0.44228 -0.0999363 0)
(-0.0179394 1.03181 0)
(-0.155953 1.49801 0)
(-0.606989 1.74807 0)
(-0.919949 2.01763 0)
(-1.09921 2.07127 0)
(-1.0913 1.56467 0)
(-0.82801 0.808597 0)
(-0.637364 0.255661 0)
(-0.621963 -0.401331 0)
(-0.539158 -1.30277 0)
(0.0680407 -2.19067 0)
(-0.563585 -2.83418 0)
(0.111779 -3.37128 0)
(8.48557 2.60698 0)
(7.72664 2.51895 0)
(6.93524 2.39077 0)
(5.71022 2.10521 0)
(4.51079 2.00986 0)
(2.36036 0.979852 0)
(0.0884576 -0.246665 0)
(-0.250735 0.0996751 0)
(0.0629368 1.36174 0)
(0.514112 2.38053 0)
(0.226775 2.62321 0)
(0.113933 2.15114 0)
(-0.0438253 1.37484 0)
(-0.0493304 0.586117 0)
(-0.115508 0.37636 0)
(0.0474719 -0.0545563 0)
(-0.0179554 -1.43909 0)
(0.261398 -2.02601 0)
(-0.610086 -2.80499 0)
(0.356913 -3.47639 0)
(9.62472 3.1079 0)
(9.15512 3.17259 0)
(8.55387 3.13839 0)
(7.73323 3.189 0)
(6.77117 3.05532 0)
(5.4965 2.88562 0)
(3.718 2.39125 0)
(1.58023 1.33229 0)
(0.00142631 0.837593 0)
(0.142961 1.68453 0)
(0.599177 2.47266 0)
(0.705603 2.41387 0)
(0.567354 1.87544 0)
(0.768932 0.727636 0)
(0.732779 0.0748605 0)
(0.753909 -0.753027 0)
(-0.0657451 -1.81204 0)
(-0.309073 -2.08952 0)
(-0.858426 -2.95665 0)
(0.376462 -3.60379 0)
(10.2678 3.40974 0)
(9.99747 3.60903 0)
(9.49111 3.8023 0)
(9.01247 3.84785 0)
(8.26139 3.99171 0)
(7.39631 3.99862 0)
(6.29233 3.88221 0)
(4.72986 3.45014 0)
(2.77527 2.66159 0)
(1.09242 1.90264 0)
(0.420482 1.88039 0)
(0.688738 1.95387 0)
(0.523178 1.36329 0)
(0.515057 0.547507 0)
(0.0431713 0.682644 0)
(0.198817 0.876689 0)
(-0.312664 0.208639 0)
(0.0709664 -0.703484 0)
(0.0639832 -2.98389 0)
(0.536732 -3.63847 0)
(10.7065 3.75746 0)
(10.4527 3.93624 0)
(10.143 4.21954 0)
(9.75965 4.41303 0)
(9.21826 4.66378 0)
(8.66628 4.76036 0)
(7.84124 4.93462 0)
(6.91838 4.80714 0)
(5.63404 4.42063 0)
(3.97145 3.71507 0)
(2.40395 2.9161 0)
(1.30202 2.3141 0)
(0.832525 1.82657 0)
(1.5376 0.636861 0)
(1.3416 0.078208 0)
(1.61754 -0.687882 0)
(1.04537 -2.42888 0)
(1.42183 -3.45826 0)
(1.0336 -4.39773 0)
(0.767035 -4.09169 0)
(11.0151 3.94461 0)
(10.8647 4.24651 0)
(10.557 4.53395 0)
(10.2806 4.86696 0)
(9.87301 5.12069 0)
(9.43994 5.41453 0)
(8.89352 5.58198 0)
(8.26492 5.7249 0)
(7.39669 5.67348 0)
(6.44211 5.1466 0)
(5.26362 4.30393 0)
(4.69544 3.0091 0)
(4.24569 1.36648 0)
(4.66612 0.586975 0)
(4.20129 1.0199 0)
(4.35994 1.76775 0)
(3.71757 1.55319 0)
(3.31714 0.575353 0)
(2.0855 -0.562775 0)
(1.29027 -0.612145 0)
(11.3833 4.10198 0)
(11.1884 4.493 0)
(10.9519 4.84587 0)
(10.697 5.17951 0)
(10.3461 5.541 0)
(9.99512 5.84724 0)
(9.55826 6.15047 0)
(9.10764 6.27451 0)
(8.5035 6.39876 0)
(7.73507 6.26124 0)
(6.11507 5.74531 0)
(4.31633 5.10069 0)
(0.96772 2.79946 0)
(-3.07368 -0.164008 0)
(-4.44156 -0.038175 0)
(-4.16523 -0.968844 0)
(-3.47412 -2.47534 0)
(-2.7618 -3.22885 0)
(-1.48715 -3.34759 0)
(-0.866455 -2.13904 0)
(11.7084 4.32349 0)
(11.5856 4.69261 0)
(11.3463 5.10084 0)
(11.0644 5.50499 0)
(10.7756 5.89111 0)
(10.4206 6.20666 0)
(9.99531 6.59945 0)
(9.67133 6.80818 0)
(9.08744 6.81832 0)
(8.95807 6.86546 0)
(8.45836 6.29596 0)
(8.031 5.97976 0)
(7.68649 5.78571 0)
(6.66828 5.03468 0)
(5.9229 3.79968 0)
(4.35888 1.95405 0)
(4.17344 0.246811 0)
(2.9183 -0.691415 0)
(2.85908 -1.101 0)
(0.302433 -2.07234 0)
(12.1396 4.45933 0)
(12.016 4.90838 0)
(11.7219 5.38958 0)
(11.5316 5.77139 0)
(11.1052 6.26418 0)
(10.8738 6.56689 0)
(10.2819 6.82929 0)
(10.0809 7.33421 0)
(9.15993 7.58082 0)
(8.64675 7.92384 0)
(7.66941 8.15934 0)
(6.43478 7.51196 0)
(5.26259 6.34769 0)
(3.98921 4.43268 0)
(3.24213 2.41275 0)
(2.07649 0.882205 0)
(1.60161 -0.954998 0)
(0.608572 -2.19897 0)
(0.396591 -1.69392 0)
(0.484749 0.0328656 0)
(12.6107 4.63637 0)
(12.4861 5.10235 0)
(12.2022 5.67915 0)
(11.993 6.15533 0)
(11.4353 6.58071 0)
(11.305 7.14205 0)
(10.6249 7.25367 0)
(10.6178 7.31042 0)
(10.4544 7.29071 0)
(10.4323 7.21209 0)
(10.5838 7.47382 0)
(10.26 7.62233 0)
(9.19143 7.34115 0)
(7.59435 6.11131 0)
(5.94309 4.3915 0)
(4.17288 2.56633 0)
(3.12998 1.0715 0)
(1.70193 0.17079 0)
(0.303897 -0.643024 0)
(-0.116167 -0.663484 0)
(13.1343 4.75456 0)
(13.094 5.38858 0)
(12.6817 5.8956 0)
(12.5469 6.57124 0)
(11.9083 6.91519 0)
(11.5204 7.48432 0)
(10.7108 8.14658 0)
(9.75237 8.68829 0)
(8.67685 9.09884 0)
(7.51799 8.87385 0)
(7.11843 8.33874 0)
(7.69595 8.16839 0)
(8.29479 8.10556 0)
(8.11618 7.41904 0)
(7.13964 6.2699 0)
(5.64165 4.62761 0)
(4.00505 2.3698 0)
(2.31968 0.893066 0)
(1.34872 -0.0307098 0)
(0.278179 0.0574069 0)
(13.7708 4.83429 0)
(13.7726 5.70501 0)
(13.31 6.34103 0)
(13.093 7.08041 0)
(12.5032 7.53741 0)
(12.1764 7.57833 0)
(12.0622 7.66813 0)
(12.0415 7.78315 0)
(12.1308 8.23534 0)
(11.3594 8.66819 0)
(9.75285 8.42738 0)
(8.23954 7.95534 0)
(7.69237 8.02073 0)
(7.56666 7.99509 0)
(7.20267 7.43746 0)
(6.28732 5.90492 0)
(4.50238 3.99997 0)
(2.7287 2.16701 0)
(1.67825 1.50698 0)
(0.425484 1.19958 0)
(14.5633 4.93737 0)
(14.5214 5.81048 0)
(14.1143 6.71602 0)
(13.5629 7.59605 0)
(12.7409 8.6265 0)
(11.4026 9.48733 0)
(9.82921 9.90649 0)
(8.30595 9.74997 0)
(8.20476 9.52031 0)
(9.2727 9.91919 0)
(9.62135 9.92414 0)
(8.73461 9.1701 0)
(7.63032 8.16738 0)
(6.99977 7.73106 0)
(6.71606 7.40689 0)
(5.98149 6.91381 0)
(4.58753 5.49491 0)
(2.84317 3.80417 0)
(1.50257 2.36404 0)
(0.372977 1.99279 0)
(15.6156 5.22949 0)
(15.5809 6.46682 0)
(15.0953 7.1646 0)
(14.5774 7.54032 0)
(14.5532 7.95579 0)
(14.5178 8.51849 0)
(14.2069 9.42978 0)
(12.6641 9.80903 0)
(10.1893 9.16127 0)
(8.80564 9.04965 0)
(8.86268 9.84913 0)
(8.84538 10.1799 0)
(7.86659 9.57805 0)
(6.64013 8.72802 0)
(5.93057 8.28387 0)
(5.34561 7.86262 0)
(4.41387 6.86026 0)
(2.69212 5.11509 0)
(1.35006 3.87445 0)
(0.264021 3.15403 0)
(17.4068 5.30799 0)
(16.8819 7.19323 0)
(15.9546 9.27591 0)
(13.6226 10.1173 0)
(11.2551 10.4852 0)
(10.2399 10.5287 0)
(10.6952 10.7687 0)
(11.8882 11.6466 0)
(11.0927 11.4608 0)
(9.15494 10.3812 0)
(8.04058 10.0217 0)
(8.21812 10.4656 0)
(7.89105 10.4945 0)
(6.95119 9.83373 0)
(6.0078 9.07089 0)
(5.34373 8.79259 0)
(4.41281 7.85986 0)
(2.93856 6.52496 0)
(1.41443 4.98065 0)
(0.393832 3.79729 0)
(17.2119 3.8863 0)
(19.3307 6.61647 0)
(19.4809 8.03502 0)
(19.462 10.0712 0)
(17.3809 10.9494 0)
(13.9166 10.9502 0)
(10.6788 10.5898 0)
(10.2183 11.1896 0)
(10.7107 11.9583 0)
(9.90774 11.4591 0)
(8.02571 10.489 0)
(7.30342 10.3561 0)
(7.22639 10.6746 0)
(6.73238 10.4715 0)
(5.81667 9.94546 0)
(5.0916 9.57674 0)
(4.38204 9.17909 0)
(2.76634 8.07078 0)
(1.5413 6.45815 0)
(0.326152 5.1052 0)
(5.16798 2.65367 0)
(8.57515 6.05533 0)
(12.3909 8.81815 0)
(14.7645 10.5136 0)
(17.6665 13.5169 0)
(16.603 14.1626 0)
(12.7209 12.7075 0)
(9.78901 11.8269 0)
(9.5611 12.8051 0)
(9.78686 13.2471 0)
(8.47323 12.2226 0)
(7.19697 11.315 0)
(6.57434 11.3254 0)
(6.12656 11.2826 0)
(5.39059 10.9068 0)
(4.79593 10.62 0)
(4.04891 10.0629 0)
(2.87655 9.10925 0)
(1.6206 7.42426 0)
(0.405448 5.45742 0)
(-3.07664 -5.99415 0)
(2.93377 -0.138181 0)
(4.76647 2.6106 0)
(10.0725 8.34904 0)
(12.4244 11.3153 0)
(16.0348 15.719 0)
(14.3525 15.7853 0)
(10.4204 13.0577 0)
(8.45864 11.9696 0)
(9.14934 13.2176 0)
(8.77381 13.3977 0)
(7.39515 12.2711 0)
(6.42145 11.5888 0)
(5.89392 11.3835 0)
(5.24258 11.237 0)
(4.651 11.1134 0)
(4.05145 11.1433 0)
(2.90343 10.4007 0)
(1.85842 8.82303 0)
(0.723195 7.30024 0)
(0.42896 0.674173 0)
(1.24761 -1.32189 0)
(1.89778 -1.34632 0)
(5.42024 3.44448 0)
(9.70879 9.76401 0)
(11.5144 13.5564 0)
(13.8035 17.4836 0)
(11.3652 16.5764 0)
(7.69272 13.6158 0)
(7.15535 12.9023 0)
(7.65022 13.6194 0)
(7.27826 13.4647 0)
(6.36751 12.9451 0)
(5.64743 12.524 0)
(4.85697 12.1378 0)
(4.25799 11.8415 0)
(3.70494 11.6742 0)
(2.93738 11.1029 0)
(1.80609 9.76085 0)
(0.471585 7.85687 0)
(-0.911818 -6.16328 0)
(1.9949 -3.17791 0)
(2.12109 -2.56911 0)
(3.85489 1.28916 0)
(5.14859 5.53077 0)
(8.62326 11.9155 0)
(10.785 16.2582 0)
(11.4647 17.9321 0)
(8.96593 16.0645 0)
(6.95648 13.9519 0)
(6.61282 13.6069 0)
(6.5001 13.5858 0)
(6.05007 13.4113 0)
(5.46248 13.0653 0)
(4.65071 12.7043 0)
(3.94228 12.4137 0)
(3.47685 12.5881 0)
(2.66913 12.1774 0)
(1.76055 11.0119 0)
(0.673928 9.6033 0)
(-0.00189892 -1.00887 0)
(-1.48153 -4.47889 0)
(-0.499045 -2.51194 0)
(-0.176057 0.163658 0)
(1.99949 4.29251 0)
(4.9562 9.54184 0)
(6.80943 14.3566 0)
(8.83586 17.7513 0)
(8.35682 17.4306 0)
(7.19018 15.5524 0)
(6.4628 14.5071 0)
(6.09448 14.0589 0)
(5.69204 13.9229 0)
(5.3132 13.8037 0)
(4.55162 13.4459 0)
(3.76193 13.053 0)
(3.22692 13.0206 0)
(2.63337 12.8169 0)
(1.58471 12.0296 0)
(0.426102 10.3296 0)
(0.112287 -3.75426 0)
(-0.554455 -2.64004 0)
(-3.87924 -3.44964 0)
(-3.9718 -0.355836 0)
(-2.65806 2.37753 0)
(-0.938705 6.4701 0)
(5.51609 14.7319 0)
(5.58957 15.926 0)
(6.25246 16.5789 0)
(6.10251 15.5117 0)
(6.22229 14.8501 0)
(6.12758 14.6249 0)
(5.63555 14.5198 0)
(5.14115 14.4418 0)
(4.41819 14.271 0)
(3.58898 13.8443 0)
(2.99575 13.9946 0)
(2.24208 13.7827 0)
(1.39525 12.9452 0)
(0.515292 11.5746 0)
(-1.81946 -0.695131 0)
(-3.29411 -1.20602 0)
(-5.94441 0.300975 0)
(-8.13493 -0.268052 0)
(-7.28344 0.108102 0)
(-4.17501 1.25916 0)
(0.712295 10.0162 0)
(5.22085 17.3186 0)
(4.62324 16.5263 0)
(4.69306 15.334 0)
(5.16822 14.7797 0)
(5.56999 14.7346 0)
(5.50997 14.9208 0)
(5.18088 14.9862 0)
(4.41993 14.8141 0)
(3.54185 14.4582 0)
(2.86934 14.4188 0)
(2.22224 14.3716 0)
(1.23403 13.8996 0)
(0.328153 12.3117 0)
(-1.3702 1.16388 0)
(-3.4729 1.01857 0)
(-5.29781 1.6933 0)
(-7.23075 1.13696 0)
(-9.98008 -1.65456 0)
(-7.44167 -1.47209 0)
(-6.02205 5.50784 0)
(1.51358 12.6733 0)
(5.30864 16.8688 0)
(5.26684 15.9266 0)
(5.15801 14.8198 0)
(5.19473 14.7115 0)
(5.11574 15.0585 0)
(4.93801 15.4618 0)
(4.39036 15.5985 0)
(3.59843 15.2196 0)
(2.84906 15.3697 0)
(2.01551 15.263 0)
(1.20613 14.6102 0)
(0.459156 13.197 0)
(-1.07011 3.36472 0)
(-2.76856 2.71107 0)
(-3.89463 3.12059 0)
(-3.58424 3.21921 0)
(-7.55165 1.46084 0)
(-7.46779 -2.04502 0)
(-8.43214 0.228473 0)
(-2.13185 5.72764 0)
(2.13473 11.8436 0)
(6.1053 15.7928 0)
(6.5578 15.6862 0)
(5.93433 15.1288 0)
(5.24242 15.3546 0)
(4.84353 15.8555 0)
(4.29148 16.1976 0)
(3.59649 16.106 0)
(2.91896 16.0516 0)
(2.20733 15.9702 0)
(1.17647 15.5964 0)
(0.288798 13.9414 0)
(-0.451962 4.83174 0)
(-1.76617 3.86338 0)
(-2.97739 3.28962 0)
(-2.15875 3.39188 0)
(-3.48719 3.6399 0)
(-3.03438 -0.00360555 0)
(-5.02141 -1.26445 0)
(-2.49326 1.54095 0)
(-0.0469319 5.45105 0)
(5.08867 12.122 0)
(7.37712 15.3169 0)
(7.24845 15.7521 0)
(6.13008 15.7121 0)
(5.19471 16.2473 0)
(4.44386 16.8111 0)
(3.73422 16.8167 0)
(2.93265 17.0644 0)
(2.02008 16.9005 0)
(1.17231 16.2494 0)
(0.439637 14.6563 0)
(-0.162426 5.63231 0)
(-0.423776 5.13616 0)
(-1.30985 4.39502 0)
(-1.34235 2.93334 0)
(-0.977559 2.67037 0)
(0.489499 0.557821 0)
(-0.290569 -0.452728 0)
(-0.260805 -0.163137 0)
(1.99414 3.29096 0)
(3.85958 7.68028 0)
(7.38859 13.7328 0)
(8.29149 16.3914 0)
(7.15732 16.9135 0)
(5.71188 16.9884 0)
(4.66986 17.4617 0)
(3.86011 17.6839 0)
(3.07067 17.7832 0)
(2.26999 17.6901 0)
(1.19394 17.3519 0)
(0.254866 15.6354 0)
(0.14027 5.73553 0)
(0.269819 5.10825 0)
(0.240664 4.53184 0)
(0.628081 2.95602 0)
(0.723252 1.09572 0)
(2.77586 -0.0177654 0)
(3.10627 -0.39447 0)
(2.84297 -1.0203 0)
(4.50484 1.65542 0)
(5.02763 5.24762 0)
(7.30026 11.4935 0)
(8.88393 16.307 0)
(8.05054 17.9498 0)
(6.31052 18.2667 0)
(4.93775 18.3962 0)
(4.04699 18.4202 0)
(3.12308 18.7069 0)
(2.07671 18.5703 0)
(1.17851 17.9904 0)
(0.441393 16.1357 0)
(0.62103 5.14009 0)
(1.03449 4.81118 0)
(1.48487 4.06826 0)
(2.36281 2.83103 0)
(2.9694 -0.0786029 0)
(5.00303 -1.04296 0)
(5.81836 -0.758513 0)
(5.88503 -1.21922 0)
(6.44113 0.559354 0)
(6.94745 4.42157 0)
(7.7434 10.325 0)
(9.20633 16.2765 0)
(8.65627 19.1292 0)
(6.7412 19.5614 0)
(5.11465 19.6924 0)
(4.01786 19.6678 0)
(3.09025 19.6658 0)
(2.26721 19.4819 0)
(1.21471 19.1558 0)
(0.234239 17.324 0)
(0.0608867 4.39957 0)
(2.20955 3.87602 0)
(1.87433 3.69483 0)
(3.69365 1.8804 0)
(5.37057 -1.66221 0)
(7.1151 -2.70409 0)
(8.09079 -1.53218 0)
(8.39648 -1.1727 0)
(8.26864 0.0774962 0)
(8.4292 3.71618 0)
(8.37153 9.66463 0)
(9.23022 16.4562 0)
(8.6868 20.2459 0)
(6.81259 21.1955 0)
(5.1371 20.9871 0)
(4.03372 20.6462 0)
(3.0056 20.6532 0)
(1.94363 20.4234 0)
(1.07229 19.8074 0)
(0.358023 17.5248 0)
(0.366809 2.75136 0)
(2.00642 2.67972 0)
(1.7345 2.49758 0)
(5.30438 -0.392617 0)
(7.64255 -3.19453 0)
(9.26766 -3.7817 0)
(9.8874 -2.29442 0)
(9.76695 -1.27137 0)
(9.41294 0.254508 0)
(9.2657 4.13055 0)
(8.73753 9.91495 0)
(8.92994 16.8623 0)
(8.29069 21.3999 0)
(6.47467 22.6405 0)
(4.80946 22.5891 0)
(3.57146 22.081 0)
(2.59702 21.7439 0)
(1.86952 21.3287 0)
(1.00623 20.9092 0)
(0.172081 18.8973 0)
(0.784557 1.95957 0)
(0.418986 3.02793 0)
(3.87182 -0.89646 0)
(7.35982 -3.48139 0)
(9.34053 -5.10791 0)
(10.4621 -4.85829 0)
(10.5736 -2.64985 0)
(10.0717 -0.988805 0)
(9.40993 0.473032 0)
(9.11622 4.70723 0)
(8.47348 10.9434 0)
(8.14029 17.8624 0)
(7.29089 22.5936 0)
(5.61569 24.1057 0)
(4.19388 23.7318 0)
(3.24416 22.9831 0)
(2.33229 22.5978 0)
(1.45673 22.208 0)
(0.733248 21.465 0)
(0.109419 18.6701 0)
(-0.845856 1.48255 0)
(2.13887 -0.203808 0)
(6.10008 -4.50675 0)
(8.44908 -6.06991 0)
(9.72353 -6.18688 0)
(9.91705 -4.99655 0)
(9.85042 -2.44567 0)
(9.51552 -0.589448 0)
(8.79013 1.10545 0)
(8.28916 5.45936 0)
(7.44802 11.9554 0)
(6.74426 18.9763 0)
(5.74543 23.8294 0)
(4.3026 25.3605 0)
(3.18437 25.1938 0)
(2.23472 24.2156 0)
(1.49965 23.5059 0)
(1.02636 22.8167 0)
(0.516491 22.1789 0)
(0.087346 19.9124 0)
(-1.34908 1.22305 0)
(4.64102 -5.40125 0)
(6.75358 -7.55284 0)
(7.90574 -7.52248 0)
(8.75388 -6.33159 0)
(8.53876 -4.66847 0)
(8.47554 -2.3128 0)
(8.06185 -0.663251 0)
(7.39589 1.61178 0)
(6.73032 6.52572 0)
(5.65195 13.3292 0)
(4.73948 20.1774 0)
(3.72622 24.777 0)
(2.63663 26.2727 0)
(1.9503 25.6966 0)
(1.5041 24.6432 0)
(1.09557 24.0359 0)
(0.618829 23.4732 0)
(0.178476 22.5928 0)
(-0.247649 19.2227 0)
(2.49915 -1.73857 0)
(4.4079 -6.97314 0)
(5.93432 -8.08805 0)
(6.93434 -7.61584 0)
(7.6911 -6.17686 0)
(7.25474 -4.21711 0)
(7.3295 -1.97333 0)
(6.5672 -0.443955 0)
(5.66589 2.34084 0)
(4.76743 7.56904 0)
(3.46356 14.4489 0)
(2.42153 21.191 0)
(1.55553 25.5615 0)
(0.914345 26.8428 0)
(0.613709 26.4208 0)
(0.27253 25.3132 0)
(-0.00229569 24.475 0)
(-0.169433 23.5674 0)
(-0.193821 22.6932 0)
(-0.032873 19.9515 0)
(1.56868 -6.47297 0)
(3.74172 -10.0616 0)
(5.35261 -10.2098 0)
(6.22437 -8.88337 0)
(6.66477 -6.45139 0)
(5.8372 -3.93048 0)
(5.73127 -1.45743 0)
(4.58145 0.252308 0)
(3.53495 3.58354 0)
(2.34741 9.19029 0)
(0.891092 15.97 0)
(-0.124839 22.1874 0)
(-0.713037 25.9833 0)
(-0.891412 26.9074 0)
(-0.720593 26.0675 0)
(-0.516614 25.0104 0)
(-0.382673 24.4387 0)
(-0.37079 23.8877 0)
(-0.455035 22.9584 0)
(-0.667888 18.9602 0)
(1.2242 -7.75186 0)
(3.25236 -10.8403 0)
(4.57339 -10.3884 0)
(5.26792 -8.53614 0)
(5.51236 -5.83907 0)
(4.609 -3.26219 0)
(4.23474 -0.803748 0)
(2.63343 1.19482 0)
(1.31648 4.82945 0)
(-0.2488 10.6183 0)
(-1.68079 17.1607 0)
(-2.46174 22.9324 0)
(-2.6688 26.0978 0)
(-2.31421 26.5949 0)
(-1.81058 26.0282 0)
(-1.55205 25.1309 0)
(-1.38121 24.4852 0)
(-1.28973 23.509 0)
(-0.959691 22.3313 0)
(-0.218849 18.8258 0)
(1.32619 -10.8776 0)
(2.80305 -13.1546 0)
(3.86234 -11.9412 0)
(4.30663 -9.29466 0)
(4.24783 -5.74807 0)
(3.29188 -2.40104 0)
(2.59515 0.396302 0)
(0.721266 2.67707 0)
(-0.856282 6.41787 0)
(-2.6342 12.259 0)
(-3.86723 18.3613 0)
(-4.31191 23.1762 0)
(-4.15241 25.5074 0)
(-3.49473 25.7645 0)
(-2.78101 25.0044 0)
(-2.11706 24.3396 0)
(-1.62409 23.9912 0)
(-1.26087 23.466 0)
(-0.988307 22.4851 0)
(-0.952829 17.8188 0)
(0.733908 -12.1176 0)
(2.18769 -13.7855 0)
(3.03425 -11.9468 0)
(3.32668 -8.7978 0)
(3.06446 -4.90676 0)
(2.10902 -1.34993 0)
(1.11574 1.75469 0)
(-0.954542 4.30468 0)
(-2.68748 8.11462 0)
(-4.44547 13.6841 0)
(-5.46964 19.073 0)
(-5.52473 23.1352 0)
(-5.0278 24.8017 0)
(-4.05359 24.8514 0)
(-3.1889 24.5831 0)
(-2.58605 24.274 0)
(-2.25988 23.8699 0)
(-2.04542 22.9414 0)
(-1.5679 21.4283 0)
(-0.400444 16.656 0)
(0.960693 -14.0748 0)
(1.81811 -15.2876 0)
(2.32317 -12.9283 0)
(2.37728 -9.12715 0)
(1.98511 -4.572 0)
(1.06274 -0.353272 0)
(-0.104494 3.15453 0)
(-2.10308 6.00166 0)
(-3.86622 9.81505 0)
(-5.5071 15.0614 0)
(-6.26529 19.7189 0)
(-5.97441 22.7613 0)
(-5.32806 23.7561 0)
(-4.39784 23.9073 0)
(-3.6257 23.605 0)
(-2.95085 23.3188 0)
(-2.46696 23.0561 0)
(-1.85791 22.5389 0)
(-1.31648 21.372 0)
(-0.898584 16.0085 0)
(0.379619 -15.0052 0)
(1.16079 -15.5611 0)
(1.47415 -12.5932 0)
(1.41021 -8.39171 0)
(0.938252 -3.58151 0)
(0.121509 0.845633 0)
(-1.1295 4.68635 0)
(-2.88126 7.8034 0)
(-4.56863 11.4005 0)
(-5.97627 16.0459 0)
(-6.47473 19.7798 0)
(-5.99072 22.2243 0)
(-5.37018 22.9736 0)
(-4.38095 23.0724 0)
(-3.58579 23.1342 0)
(-2.9837 23.1767 0)
(-2.54077 22.9959 0)
(-2.17405 22.2082 0)
(-1.78755 20.3344 0)
(-0.486809 14.0899 0)
(0.55924 -15.9424 0)
(0.871824 -16.3253 0)
(0.928619 -13.0967 0)
(0.67041 -8.47403 0)
(0.0844571 -3.13565 0)
(-0.565459 1.79801 0)
(-1.82089 5.96124 0)
(-3.25297 9.32495 0)
(-4.80998 12.6879 0)
(-5.96829 16.934 0)
(-6.23384 19.9987 0)
(-5.63893 21.6904 0)
(-5.04383 22.0439 0)
(-4.26448 22.3711 0)
(-3.68724 22.4295 0)
(-3.20107 22.3357 0)
(-2.78958 22.0858 0)
(-2.12329 21.348 0)
(-1.42982 19.7085 0)
(-0.468442 13.928 0)
(0.099993 -16.3568 0)
(0.30959 -16.0939 0)
(0.201829 -12.3701 0)
(-0.106196 -7.55653 0)
(-0.694182 -2.28516 0)
(-1.18461 2.80313 0)
(-2.30964 7.21111 0)
(-3.40108 10.7974 0)
(-4.77982 13.8175 0)
(-5.62929 17.5364 0)
(-5.7646 19.7244 0)
(-5.22343 21.0982 0)
(-4.84607 21.5149 0)
(-4.10106 21.7101 0)
(-3.54082 21.873 0)
(-2.99276 22.0871 0)
(-2.38094 21.9794 0)
(-1.82678 21.2565 0)
(-1.49064 19.2123 0)
(-0.525397 12.0244 0)
(0.223725 -16.4563 0)
(0.0904293 -16.2179 0)
(-0.197925 -12.4591 0)
(-0.672435 -7.41431 0)
(-1.24472 -1.8657 0)
(-1.62088 3.56208 0)
(-2.60494 8.1004 0)
(-3.35548 11.8931 0)
(-4.58573 14.607 0)
(-5.1901 17.9781 0)
(-5.26306 19.8015 0)
(-4.80904 20.7651 0)
(-4.42253 20.8527 0)
(-3.83718 21.2194 0)
(-3.38689 21.4877 0)
(-2.99643 21.4835 0)
(-2.70594 21.1474 0)
(-2.15559 20.0922 0)
(-1.3776 17.7718 0)
(-0.0469476 11.8467 0)
(-0.0943461 -16.4697 0)
(-0.33563 -15.6422 0)
(-0.757112 -11.5315 0)
(-1.22877 -6.52429 0)
(-1.72151 -1.19739 0)
(-2.03676 4.23606 0)
(-2.83523 8.90244 0)
(-3.26136 12.8553 0)
(-4.33326 15.3952 0)
(-4.70113 18.4135 0)
(-4.75144 19.5282 0)
(-4.36085 20.3186 0)
(-4.18263 20.6327 0)
(-3.64625 20.7924 0)
(-3.30332 20.8708 0)
(-2.83574 21.05 0)
(-2.11695 20.7833 0)
(-1.33607 20.0187 0)
(-0.922936 18.0584 0)
(-0.546037 10.8951 0)
(-0.00489179 -16.1371 0)
(-0.472705 -15.4485 0)
(-1.02238 -11.4071 0)
(-1.58531 -6.24414 0)
(-2.0629 -0.729074 0)
(-2.35676 4.72149 0)
(-2.93143 9.45263 0)
(-3.08567 13.4994 0)
(-4.03121 15.8435 0)
(-4.27731 18.5146 0)
(-4.37439 19.5706 0)
(-4.11495 20.2429 0)
(-3.8812 20.1963 0)
(-3.47735 20.4029 0)
(-3.05291 20.7386 0)
(-2.63278 20.7077 0)
(-2.39756 20.2652 0)
(-2.05358 19.0465 0)
(-1.31178 16.0704 0)
(0.00671558 9.87312 0)
(-0.212948 -15.885 0)
(-0.734037 -14.6836 0)
(-1.34629 -10.4192 0)
(-1.91158 -5.45963 0)
(-2.36298 -0.234547 0)
(-2.62271 5.14183 0)
(-3.00617 9.82855 0)
(-3.01718 14.0074 0)
(-3.82502 16.4351 0)
(-3.94635 18.8911 0)
(-4.08538 19.4102 0)
(-3.75516 19.8955 0)
(-3.67842 20.0776 0)
(-3.28459 20.1147 0)
(-3.04901 20.0769 0)
(-2.6793 20.1544 0)
(-2.01672 19.6051 0)
(-1.11162 18.505 0)
(-0.596525 16.7073 0)
(-0.394792 10.2709 0)
(-0.152581 -15.3036 0)
(-0.81911 -14.2832 0)
(-1.51283 -10.1234 0)
(-2.10517 -5.02346 0)
(-2.54327 0.129959 0)
(-2.82218 5.3623 0)
(-3.12611 10.2254 0)
(-3.0942 14.4586 0)
(-3.69959 16.8535 0)
(-3.74708 18.8183 0)
(-3.88636 19.4253 0)
(-3.70235 19.9403 0)
(-3.63653 19.7214 0)
(-3.37557 19.6889 0)
(-2.929 20.0417 0)
(-2.42815 19.9242 0)
(-2.14351 19.3594 0)
(-1.8993 18.2601 0)
(-1.18718 14.9878 0)
(-0.426278 8.30163 0)
(-0.286992 -14.882 0)
(-0.960959 -13.459 0)
(-1.64671 -9.24688 0)
(-2.21032 -4.46134 0)
(-2.66856 0.449897 0)
(-2.98176 5.47516 0)
(-3.23568 10.2941 0)
(-3.21793 14.5583 0)
(-3.65831 17.1941 0)
(-3.70715 19.1316 0)
(-3.91441 19.4077 0)
(-3.60556 19.5741 0)
(-3.5702 19.5576 0)
(-3.17533 19.491 0)
(-2.94995 19.3314 0)
(-2.64755 19.3436 0)
(-2.20106 18.6307 0)
(-1.4342 16.9604 0)
(-0.928286 14.9326 0)
(-0.110034 9.10964 0)
(-0.247447 -14.2148 0)
(-1.02134 -12.9594 0)
(-1.76101 -8.77903 0)
(-2.31115 -3.83732 0)
(-2.79307 0.920191 0)
(-3.16046 5.8621 0)
(-3.48213 10.6859 0)
(-3.48398 14.8978 0)
(-3.76778 17.562 0)
(-3.85049 18.9602 0)
(-3.88087 19.3703 0)
(-3.70399 19.6563 0)
(-3.69183 19.3476 0)
(-3.50066 19.0616 0)
(-3.17417 19.3139 0)
(-2.67759 19.1041 0)
(-2.20654 18.3232 0)
(-1.76067 17.4198 0)
(-0.943565 14.3539 0)
(-1.08353 7.3695 0)
(-0.326712 -13.6401 0)
(-1.08461 -12.1235 0)
(-1.8318 -8.12585 0)
(-2.36365 -3.48175 0)
(-2.8834 1.18805 0)
(-3.28586 6.01783 0)
(-3.66405 10.8287 0)
(-3.7391 14.8811 0)
(-3.91869 17.5691 0)
(-3.99198 19.1161 0)
(-4.11105 19.4276 0)
(-3.93124 19.2674 0)
(-3.83491 19.1072 0)
(-3.43397 18.9254 0)
(-3.19182 18.5867 0)
(-2.78101 18.5701 0)
(-2.59298 18.0146 0)
(-2.33291 15.9432 0)
(-1.92739 12.903 0)
(-0.215794 6.44137 0)
(-0.3216 -12.8736 0)
(-1.19259 -11.4723 0)
(-1.97006 -7.42694 0)
(-2.5178 -2.80809 0)
(-3.0932 1.69789 0)
(-3.55456 6.46236 0)
(-3.95519 11.2276 0)
(-4.09903 15.2527 0)
(-4.23271 17.9665 0)
(-4.41055 18.9809 0)
(-4.25232 19.2795 0)
(-4.12374 19.2823 0)
(-3.9901 19.0176 0)
(-3.80781 18.4675 0)
(-3.6463 18.5856 0)
(-3.32581 18.4012 0)
(-2.78475 17.2078 0)
(-1.96157 15.9308 0)
(-1.01533 13.2988 0)
(-1.37322 6.43195 0)
(-0.371798 -12.163 0)
(-1.26604 -10.579 0)
(-2.12723 -6.76577 0)
(-2.73893 -2.21235 0)
(-3.39644 2.31629 0)
(-3.9561 7.09771 0)
(-4.40645 11.7325 0)
(-4.58408 15.4926 0)
(-4.68093 17.8443 0)
(-4.67188 19.019 0)
(-4.59193 19.3234 0)
(-4.57797 18.8792 0)
(-4.31918 18.6549 0)
(-4.03955 18.3585 0)
(-3.80524 17.9334 0)
(-3.15903 17.7338 0)
(-3.07189 17.4817 0)
(-3.4077 15.8789 0)
(-2.97671 11.6361 0)
(-2.04933 2.82152 0)
(-0.375948 -11.3473 0)
(-1.3828 -9.78544 0)
(-2.28254 -5.93378 0)
(-2.94981 -1.5943 0)
(-3.66894 2.78398 0)
(-4.29304 7.43032 0)
(-4.7991 11.9499 0)
(-4.99907 15.6448 0)
(-5.05236 18.142 0)
(-5.23632 18.9002 0)
(-4.99109 19.0038 0)
(-4.84378 18.7759 0)
(-4.52966 18.6301 0)
(-4.33914 17.8739 0)
(-4.06338 17.8489 0)
(-3.9212 17.7609 0)
(-3.54677 16.4039 0)
(-2.58125 14.1449 0)
(-2.43975 10.7612 0)
(-0.659015 0.652258 0)
(-0.408422 -10.4682 0)
(-1.47276 -8.82087 0)
(-2.49405 -5.15327 0)
(-3.22029 -0.805785 0)
(-4.0724 3.62523 0)
(-4.79401 8.32066 0)
(-5.32364 12.6746 0)
(-5.53926 16.0823 0)
(-5.65815 17.9227 0)
(-5.53661 18.6897 0)
(-5.31345 18.9541 0)
(-5.30574 18.4993 0)
(-4.88644 18.193 0)
(-4.72997 17.7897 0)
(-4.64749 17.4896 0)
(-3.99139 16.9647 0)
(-3.4462 16.4028 0)
(-3.32445 15.295 0)
(-2.059 11.079 0)
(2.04952 0.193549 0)
(-0.468703 -9.50236 0)
(-1.62708 -7.80736 0)
(-2.69955 -4.24796 0)
(-3.56598 0.00161908 0)
(-4.51068 4.43448 0)
(-5.25287 9.00231 0)
(-5.82517 13.0137 0)
(-6.02328 16.0228 0)
(-5.9181 18.0286 0)
(-6.00656 18.6158 0)
(-5.82142 18.6011 0)
(-5.51668 18.2918 0)
(-5.27974 18.0925 0)
(-5.21034 17.4057 0)
(-4.64476 17.1619 0)
(-4.22525 16.9635 0)
(-3.60625 15.8475 0)
(-2.0909 12.6552 0)
(-3.89297 8.84486 0)
(3.91537 0.0832456 0)
(-0.525041 -8.44628 0)
(-1.79171 -6.68442 0)
(-2.91842 -3.20926 0)
(-3.82363 0.912288 0)
(-4.78018 5.11009 0)
(-5.52495 9.51706 0)
(-6.10845 13.3988 0)
(-6.2641 16.4372 0)
(-6.43477 17.8449 0)
(-6.35321 18.2383 0)
(-6.04104 18.4676 0)
(-5.94642 18.1554 0)
(-5.70109 17.7145 0)
(-5.31787 17.2618 0)
(-5.19637 16.9964 0)
(-4.8565 16.5979 0)
(-4.46467 15.3347 0)
(-2.96273 11.6797 0)
(-0.315962 4.04308 0)
(1.8666 0.547123 0)
(-0.55109 -7.27303 0)
(-1.86059 -5.54666 0)
(-3.13065 -2.1313 0)
(-4.08523 1.9138 0)
(-5.09423 6.15976 0)
(-5.84261 10.4909 0)
(-6.41882 13.9501 0)
(-6.69568 16.254 0)
(-6.58223 17.7027 0)
(-6.60105 18.258 0)
(-6.46948 18.3203 0)
(-6.06473 17.8739 0)
(-6.10357 17.4457 0)
(-6.01359 17.102 0)
(-5.62922 16.7016 0)
(-4.83317 15.7482 0)
(-3.60933 13.3508 0)
(-4.23877 11.6616 0)
(1.78525 1.69273 0)
(-0.588232 1.91514 0)
(-0.58462 -6.02246 0)
(-1.90882 -4.27627 0)
(-3.21798 -1.0256 0)
(-4.29288 2.93312 0)
(-5.35156 7.01315 0)
(-6.05707 11.1336 0)
(-6.64833 14.0807 0)
(-6.66895 16.5729 0)
(-6.79193 17.7952 0)
(-6.83193 17.9724 0)
(-6.49701 18.0817 0)
(-6.51953 17.7704 0)
(-6.70584 17.4056 0)
(-6.16474 17.016 0)
(-5.9533 16.1402 0)
(-5.3941 15.0375 0)
(-5.3402 13.6721 0)
(-0.030078 5.90628 0)
(0.266619 1.93101 0)
(0.144157 1.88079 0)
(-0.511646 -4.91432 0)
(-1.89071 -3.05947 0)
(-3.1715 0.095162 0)
(-4.22911 3.79831 0)
(-5.31663 7.55217 0)
(-5.98073 11.585 0)
(-6.47532 14.6348 0)
(-6.77606 16.4751 0)
(-6.75673 17.5326 0)
(-6.84955 17.9436 0)
(-6.87053 18.2262 0)
(-6.77113 17.6983 0)
(-7.03723 17.1263 0)
(-6.63404 16.6652 0)
(-6.68303 15.815 0)
(-6.17366 14.7698 0)
(-3.70028 9.88966 0)
(-0.0488905 4.16079 0)
(-0.0289571 1.8394 0)
(0.222686 2.19092 0)
(-0.584647 -3.57751 0)
(-1.89276 -1.75178 0)
(-3.13492 1.32113 0)
(-4.15696 5.02992 0)
(-5.28246 8.60777 0)
(-5.89899 12.4631 0)
(-6.48428 14.7919 0)
(-6.5276 16.5737 0)
(-6.65708 17.8798 0)
(-6.94281 18.0725 0)
(-6.79438 18.1071 0)
(-7.16722 17.651 0)
(-7.38452 17.3116 0)
(-7.21172 16.9106 0)
(-7.4849 15.7886 0)
(-5.84891 12.2983 0)
(-2.74788 5.77911 0)
(-2.50028 3.71189 0)
(-1.01202 1.1899 0)
(-0.545069 2.26626 0)
(-0.516844 -2.41786 0)
(-1.81104 -0.547485 0)
(-3.02782 2.40039 0)
(-3.97668 6.10944 0)
(-5.04015 9.39246 0)
(-5.68978 12.7081 0)
(-6.00594 15.2486 0)
(-6.32966 16.7604 0)
(-6.39887 17.7892 0)
(-6.7812 17.9067 0)
(-7.03481 18.3828 0)
(-7.31274 17.8767 0)
(-7.95692 17.4231 0)
(-7.8668 16.8839 0)
(-7.59115 14.141 0)
(-5.41672 9.57958 0)
(-4.77065 5.61474 0)
(-3.90131 1.58193 0)
(-2.77115 0.6222 0)
(-0.730263 0.489419 0)
(-0.475195 -1.25103 0)
(-1.66261 0.621812 0)
(-2.79046 3.36076 0)
(-3.57567 6.88748 0)
(-4.55092 9.89787 0)
(-5.15522 13.3515 0)
(-5.70894 15.6606 0)
(-5.89048 16.8973 0)
(-6.15553 18.1828 0)
(-6.62996 18.5716 0)
(-6.79472 18.6375 0)
(-7.70665 18.285 0)
(-8.15874 18.0502 0)
(-8.03798 16.6118 0)
(-7.39239 13.1338 0)
(-6.05523 8.56831 0)
(-6.73644 5.16185 0)
(-4.06863 0.0663019 0)
(-3.84155 -0.951076 0)
(-0.707217 -2.00087 0)
(-0.430392 -0.204183 0)
(-1.51418 1.6882 0)
(-2.53633 4.3072 0)
(-3.25564 7.90751 0)
(-4.13076 11.0201 0)
(-4.82147 13.8131 0)
(-5.0891 16.0563 0)
(-5.56269 17.2501 0)
(-5.63633 18.4631 0)
(-6.26543 18.4947 0)
(-6.82492 19.0804 0)
(-7.5724 18.8768 0)
(-8.30411 18.2186 0)
(-7.87783 16.322 0)
(-7.11264 11.6285 0)
(-7.25736 8.54287 0)
(-6.44159 4.35488 0)
(-4.6945 -1.81755 0)
(-3.38514 -2.96276 0)
(-1.04623 -4.53132 0)
(-0.38128 0.742317 0)
(-1.37502 2.69012 0)
(-2.31961 5.11807 0)
(-2.84417 8.68754 0)
(-3.5523 11.4452 0)
(-4.03915 14.0651 0)
(-4.53461 16.4018 0)
(-4.76976 17.5797 0)
(-5.28176 18.8886 0)
(-5.77038 19.5546 0)
(-6.34196 19.8064 0)
(-7.37122 19.6513 0)
(-7.85954 18.7742 0)
(-7.20482 15.6649 0)
(-6.998 11.9975 0)
(-6.86092 8.58833 0)
(-5.5426 2.1926 0)
(-4.15481 -2.18659 0)
(-3.11273 -5.40254 0)
(-0.867385 -6.58974 0)
(-0.309496 1.58166 0)
(-1.17151 3.5754 0)
(-1.97006 5.72589 0)
(-2.32197 9.01763 0)
(-2.82835 12.1437 0)
(-3.45872 14.6191 0)
(-3.68682 16.9516 0)
(-4.36227 18.128 0)
(-4.44614 19.4592 0)
(-5.14933 19.7089 0)
(-5.72189 20.2872 0)
(-6.69041 20.0285 0)
(-7.09877 18.7096 0)
(-6.52103 15.9311 0)
(-6.01514 11.1982 0)
(-6.33796 7.49192 0)
(-4.08892 1.62293 0)
(-3.66844 -3.69416 0)
(-2.15321 -6.49344 0)
(-0.71229 -8.46515 0)
(-0.246587 2.27993 0)
(-0.973948 4.33386 0)
(-1.73565 6.29618 0)
(-2.00778 9.66439 0)
(-2.34653 12.8062 0)
(-2.68417 14.9818 0)
(-3.11566 17.1474 0)
(-3.19212 18.372 0)
(-3.91644 19.7986 0)
(-4.18491 20.7757 0)
(-4.93402 21.0266 0)
(-5.56823 20.9264 0)
(-6.01946 19.2532 0)
(-5.21754 15.1371 0)
(-5.27968 11.3753 0)
(-4.70784 7.41597 0)
(-3.24721 0.0214524 0)
(-2.51687 -4.29376 0)
(-1.44398 -8.17052 0)
(-0.203606 -9.55063 0)
(-0.183211 2.88314 0)
(-0.804769 5.07816 0)
(-1.53581 6.85771 0)
(-1.64551 9.66971 0)
(-1.70699 12.9057 0)
(-2.05664 15.1716 0)
(-2.01079 17.5231 0)
(-2.68264 19.0441 0)
(-2.71451 20.5179 0)
(-3.32635 21.0273 0)
(-3.51514 21.5319 0)
(-4.28354 20.859 0)
(-4.43282 18.9986 0)
(-4.15473 15.9691 0)
(-3.65945 10.8849 0)
(-3.58004 5.39202 0)
(-2.08367 -0.395586 0)
(-1.54976 -5.35978 0)
(-0.643165 -9.22249 0)
(-0.305527 -10.301 0)
(-0.115521 3.31848 0)
(-0.558307 5.63139 0)
(-1.16558 7.16902 0)
(-1.35647 9.71768 0)
(-1.22152 13.1958 0)
(-1.28349 15.5138 0)
(-1.54032 17.7683 0)
(-1.34466 19.0148 0)
(-1.89117 20.4448 0)
(-1.84678 21.7622 0)
(-2.29618 21.8433 0)
(-2.37395 21.7541 0)
(-2.92584 19.5981 0)
(-2.40237 15.0162 0)
(-2.38329 10.4692 0)
(-1.64001 5.73198 0)
(-0.934103 -1.21034 0)
(-0.35157 -6.17819 0)
(-0.422863 -9.00671 0)
(-0.148438 -10.1321 0)
(-0.062293 3.62623 0)
(-0.307096 6.13861 0)
(-0.937802 7.72222 0)
(-1.08849 9.88044 0)
(-0.865955 13.0228 0)
(-0.758081 15.3629 0)
(-0.475431 17.6278 0)
(-0.612508 19.4214 0)
(-0.480337 20.9814 0)
(-0.700898 21.6707 0)
(-0.489675 22.1852 0)
(-0.779869 21.0944 0)
(-0.419267 19.117 0)
(-0.345808 16.0775 0)
(0.0460995 10.5535 0)
(0.0368688 4.27664 0)
(0.589368 -1.66815 0)
(0.166 -5.57697 0)
(0.0435756 -8.76885 0)
(-0.470428 -10.6704 0)
(0.00927311 3.76281 0)
(-0.12478 6.45498 0)
(-0.442573 8.05796 0)
(-0.856918 9.59098 0)
(-0.330375 12.6827 0)
(-0.104018 15.2583 0)
(0.105438 17.6818 0)
(0.423791 19.087 0)
(0.586877 20.3574 0)
(0.921443 21.7403 0)
(1.08207 21.8304 0)
(1.68168 21.8529 0)
(1.42672 19.4989 0)
(1.82528 14.9429 0)
(1.8313 10.1975 0)
(2.66201 5.29027 0)
(2.39373 -1.01596 0)
(1.56758 -6.1001 0)
(0.33278 -9.39275 0)
(-0.248272 -11.4207 0)
(0.0571734 3.74886 0)
(0.158528 6.57548 0)
(-0.0861441 8.44134 0)
(-0.391473 9.89752 0)
(-0.215022 12.3852 0)
(0.319057 14.8711 0)
(0.785854 17.0407 0)
(1.3429 18.97 0)
(1.7004 20.434 0)
(2.23613 21.2076 0)
(2.8403 21.6335 0)
(3.16466 20.4944 0)
(4.21358 18.9581 0)
(4.23587 15.8465 0)
(4.64877 10.213 0)
(4.04134 4.1955 0)
(4.13459 -0.735134 0)
(3.54071 -3.96072 0)
(2.08379 -6.94206 0)
(0.769835 -10.1418 0)
(0.144892 3.63425 0)
(0.226914 6.52074 0)
(0.524206 8.77457 0)
(-0.166581 9.74798 0)
(0.39023 11.7793 0)
(0.687249 14.3352 0)
(1.53013 16.6153 0)
(1.96036 18.2555 0)
(2.72361 19.3701 0)
(3.30539 20.4051 0)
(4.19377 20.478 0)
(5.23237 20.4278 0)
(5.39821 18.1776 0)
(6.27832 14.7346 0)
(6.31266 10.8605 0)
(6.99452 5.9761 0)
(5.24534 -0.128707 0)
(4.0735 -3.83507 0)
(2.81629 -5.98646 0)
(1.57382 -8.27631 0)
(0.203314 3.38833 0)
(0.411354 6.2289 0)
(0.788056 8.71538 0)
(0.693739 10.0959 0)
(0.441715 11.5725 0)
(1.23186 13.7297 0)
(1.64719 15.6938 0)
(2.68641 17.692 0)
(3.32823 18.8796 0)
(4.29285 19.6825 0)
(5.01718 19.7482 0)
(5.8905 18.5757 0)
(7.44139 17.4937 0)
(7.46612 14.7247 0)
(7.99196 9.94734 0)
(7.21351 5.81599 0)
(7.34632 2.29182 0)
(4.98579 -2.1052 0)
(2.57865 -4.71962 0)
(1.29708 -6.39087 0)
(0.279495 3.10399 0)
(0.365407 5.85542 0)
(1.20252 8.52686 0)
(1.03413 10.1412 0)
(1.26593 11.2421 0)
(1.31257 13.198 0)
(2.46313 15.0724 0)
(2.92912 16.5526 0)
(3.9269 17.7616 0)
(4.6587 18.2739 0)
(5.94104 18.5083 0)
(6.71347 18.2274 0)
(7.252 16.1744 0)
(8.59168 13.9547 0)
(8.09233 11.0409 0)
(8.20209 6.39248 0)
(5.95906 2.05788 0)
(6.00851 0.546218 0)
(3.04974 -2.63346 0)
(1.12375 -4.69939 0)
(0.293557 2.71483 0)
(0.533808 5.50605 0)
(1.12796 7.75827 0)
(1.99348 10.072 0)
(1.61326 11.3162 0)
(2.04868 12.416 0)
(2.36144 14.0339 0)
(3.30828 16.0834 0)
(4.29369 16.9869 0)
(5.13207 17.9338 0)
(5.8523 17.6242 0)
(7.00475 16.7967 0)
(7.93019 15.9231 0)
(8.1354 13.7798 0)
(8.99993 10.4428 0)
(7.84501 7.9845 0)
(7.2579 4.39155 0)
(4.2061 0.360387 0)
(4.19732 0.292713 0)
(1.34929 -2.71547 0)
(0.3685 2.28141 0)
(0.598494 5.07562 0)
(1.3676 6.9843 0)
(2.08604 9.69833 0)
(2.46757 11.2719 0)
(2.31357 12.5653 0)
(2.95739 13.751 0)
(3.60111 14.711 0)
(4.44881 15.9605 0)
(5.34798 16.2579 0)
(6.48914 16.7887 0)
(6.8897 16.3612 0)
(7.61706 14.5489 0)
(8.14936 13.2056 0)
(7.88691 11.6213 0)
(8.11307 8.26283 0)
(5.82973 5.56538 0)
(5.31724 4.08001 0)
(1.16779 -0.125036 0)
(0.86716 1.20822 0)
(0.398463 1.74353 0)
(0.830672 4.65963 0)
(1.23663 6.09464 0)
(2.4093 8.9997 0)
(2.85363 11.0088 0)
(3.09178 11.7381 0)
(3.274 12.813 0)
(3.748 14.3757 0)
(4.69494 15.2108 0)
(5.38255 16.1709 0)
(6.06846 15.7569 0)
(7.19998 15.6024 0)
(7.53369 15.2072 0)
(7.91525 13.0167 0)
(7.73726 10.7611 0)
(7.57416 10.1369 0)
(6.97359 7.16653 0)
(3.77309 4.03312 0)
(3.81258 4.13367 0)
(-0.822936 -1.13684 0)
(0.556917 1.06323 0)
(1.00988 4.26421 0)
(1.39462 5.47581 0)
(2.25317 8.14733 0)
(2.98287 10.518 0)
(3.54077 12.3507 0)
(3.64856 13.1258 0)
(4.15616 13.4865 0)
(4.62205 14.1282 0)
(5.59112 14.6644 0)
(6.49701 15.2676 0)
(6.71607 14.664 0)
(7.46881 13.6373 0)
(7.69076 13.4793 0)
(7.61693 11.9447 0)
(6.5902 9.45762 0)
(6.12909 9.04784 0)
(5.47212 7.50813 0)
(1.16629 4.63002 0)
(3.82904 5.23199 0)
(0.7069 0.193116 0)
(1.2206 3.69344 0)
(1.57156 5.10786 0)
(1.95278 7.21193 0)
(3.21173 9.52521 0)
(3.69493 10.9227 0)
(4.35583 12.2016 0)
(4.44735 13.1041 0)
(4.98132 13.9214 0)
(5.2568 14.3528 0)
(5.99671 14.3559 0)
(7.01608 14.7518 0)
(7.10638 14.5362 0)
(7.16914 12.6527 0)
(7.21371 11.9701 0)
(7.04773 11.6225 0)
(5.53231 8.93722 0)
(4.59941 8.72211 0)
(3.65532 6.9255 0)
(-2.33574 2.37597 0)
(0.744516 -1.01463 0)
(1.43633 3.36096 0)
(1.48068 4.8555 0)
(2.20818 6.41587 0)
(2.71473 8.8424 0)
(3.98211 11.4349 0)
(4.14067 12.4356 0)
(4.73583 13.075 0)
(5.02169 13.1426 0)
(5.8388 13.6625 0)
(6.11654 13.8704 0)
(6.50215 13.2658 0)
(7.23218 13.2714 0)
(7.57546 13.6663 0)
(6.90932 12.1602 0)
(6.69953 11.2497 0)
(5.96173 11.2822 0)
(4.6804 9.76586 0)
(2.63729 9.29232 0)
(4.15599 7.947 0)
(0.39385 -2.08712 0)
(1.3951 2.67878 0)
(1.99024 4.58032 0)
(1.59836 5.80455 0)
(2.98651 7.50877 0)
(3.51808 9.41318 0)
(4.69061 11.1367 0)
(5.02383 12.0917 0)
(5.37588 13.0087 0)
(5.39091 13.0783 0)
(6.12393 13.409 0)
(6.59489 14.0017 0)
(6.74868 13.6346 0)
(6.76541 12.6351 0)
(7.51838 13.2038 0)
(6.3121 12.6741 0)
(5.918 11.3914 0)
(4.61404 11.3884 0)
(2.80763 10.407 0)
(-0.450375 7.50973 0)
(0.0628944 -3.0178 0)
(1.49232 2.27069 0)
(1.4056 4.58422 0)
(2.11367 5.34218 0)
(2.13786 7.28273 0)
(3.54613 9.79329 0)
(3.92879 11.217 0)
(4.81676 12.365 0)
(5.45315 12.6587 0)
(6.13676 13.1373 0)
(5.94055 12.8714 0)
(6.5965 12.2241 0)
(7.09459 13.1073 0)
(7.24073 13.2752 0)
(6.48512 12.1228 0)
(7.39324 12.8004 0)
(5.51223 12.7996 0)
(5.40357 12.341 0)
(2.58166 11.8908 0)
(4.36858 12.0573 0)
(-0.334776 -3.7964 0)
(0.948419 1.35721 0)
(1.76679 3.89127 0)
(1.55972 5.04706 0)
(2.40357 5.80844 0)
(3.00785 7.56797 0)
(4.22281 9.47192 0)
(4.90679 10.8167 0)
(5.25834 11.7175 0)
(5.74488 12.1915 0)
(6.55572 12.9715 0)
(6.49051 13.3396 0)
(6.73081 12.6491 0)
(7.35153 12.9196 0)
(7.47142 13.7477 0)
(6.53515 13.1063 0)
(6.85668 13.6679 0)
(5.43901 14.4407 0)
(3.25587 14.5403 0)
(-0.758934 12.069 0)
(-0.964543 -3.68723 0)
(0.776675 0.584803 0)
(1.23091 3.90303 0)
(1.64781 4.67239 0)
(1.82172 6.3547 0)
(2.3972 7.87783 0)
(3.41004 9.74386 0)
(4.36553 10.917 0)
(5.43317 11.9059 0)
(5.97823 12.1892 0)
(6.11158 11.9433 0)
(7.01643 11.7747 0)
(7.43716 12.9165 0)
(7.10037 12.4653 0)
(7.86078 12.4996 0)
(7.9375 13.9009 0)
(6.99109 13.898 0)
(7.09322 14.6902 0)
(4.81493 15.8739 0)
(5.00376 17.6207 0)
(-0.845611 -3.27124 0)
(0.331867 -0.63757 0)
(1.24946 2.82146 0)
(1.72948 4.61728 0)
(1.79649 4.90284 0)
(2.80437 6.01457 0)
(3.24718 7.47334 0)
(4.29769 9.10626 0)
(4.68072 9.97868 0)
(6.15274 11.1356 0)
(6.54904 12.3734 0)
(6.73851 12.1274 0)
(7.2382 11.8973 0)
(8.44496 12.9486 0)
(7.6289 13.1917 0)
(8.49795 13.379 0)
(8.58804 14.8598 0)
(8.56022 16.8358 0)
(6.13496 16.9728 0)
(1.70243 19.1734 0)
(-0.624778 -3.25742 0)
(0.324041 -1.64218 0)
(1.1866 2.495 0)
(1.4002 3.93733 0)
(1.93897 5.49538 0)
(1.32039 6.33551 0)
(2.93895 8.1807 0)
(3.62951 8.964 0)
(5.03199 10.3866 0)
(5.26607 10.4102 0)
(6.76867 10.6869 0)
(7.5574 11.5023 0)
(7.66436 11.9389 0)
(8.18843 11.4054 0)
(9.60656 12.8749 0)
(9.40148 13.4872 0)
(9.21653 13.7255 0)
(11.1966 16.113 0)
(12.6912 19.3072 0)
(7.83563 24.3705 0)
(0.0368665 -3.04299 0)
(0.107184 -2.48436 0)
(0.860526 1.6552 0)
(1.81474 4.38644 0)
(1.626 5.1091 0)
(2.57667 5.19499 0)
(2.19104 5.68083 0)
(3.32412 7.21387 0)
(3.88837 8.14019 0)
(5.94732 9.63936 0)
(5.96484 10.6282 0)
(7.24717 10.4312 0)
(8.60694 11.4101 0)
(8.58873 11.7473 0)
(9.13262 11.5287 0)
(11.376 13.5352 0)
(11.6124 14.0109 0)
(10.2075 16.0738 0)
(18.2838 14.1381 0)
(16.931 27.166 0)
(0.603067 -3.26297 0)
(0.230722 -2.75933 0)
(1.09263 0.543738 0)
(1.5094 2.75466 0)
(1.72599 4.39864 0)
(1.53966 5.58975 0)
(2.44537 6.78484 0)
(2.8849 7.2328 0)
(3.98933 7.80036 0)
(4.49571 7.98419 0)
(6.57033 8.93063 0)
(7.40253 9.7517 0)
(7.79608 10.2698 0)
(10.5349 10.8033 0)
(9.70462 11.0316 0)
(10.4065 12.0427 0)
(15.4267 11.0929 0)
(12.1209 17.8792 0)
(16.0777 7.41039 0)
(21.973 22.5308 0)
(0.611111 -3.92896 0)
(0.425579 -2.76872 0)
(0.688262 0.808647 0)
(1.39346 4.27605 0)
(1.90881 5.22132 0)
(1.59781 4.85154 0)
(1.8049 4.62578 0)
(2.27995 6.09895 0)
(3.58078 6.33369 0)
(4.71596 7.97871 0)
(5.24484 7.74913 0)
(7.7248 8.27349 0)
(8.06562 9.1441 0)
(9.21277 10.2649 0)
(12.9102 8.90745 0)
(10.1913 13.4117 0)
(15.5359 6.11163 0)
(16.2542 17.3067 0)
(15.6726 8.1129 0)
(21.3576 14.939 0)
(0.243032 -4.53128 0)
(0.861387 -3.07241 0)
(0.79477 -0.931703 0)
(1.48081 1.32797 0)
(1.5069 4.10793 0)
(1.90478 5.75788 0)
(2.01317 5.21594 0)
(2.06552 6.49584 0)
(1.94098 3.75588 0)
(4.70466 6.68004 0)
(4.81347 5.49913 0)
(5.98766 8.58382 0)
(9.81876 5.61409 0)
(7.88248 11.1411 0)
(13.529 4.26172 0)
(12.2191 13.021 0)
(14.0008 4.86517 0)
(16.8828 13.2541 0)
(17.1333 9.17922 0)
(19.5659 10.0275 0)
(0.145746 -4.7379 0)
(-0.0821406 -3.11463 0)
(0.585534 0.605116 0)
(-0.116299 3.80914 0)
(1.13581 3.69618 0)
(1.0509 4.98598 0)
(2.83178 3.57793 0)
(1.52504 6.93556 0)
(4.9704 2.25203 0)
(3.45109 8.18322 0)
(8.09193 1.88559 0)
(5.792 8.38197 0)
(10.443 1.62353 0)
(8.83119 10.1298 0)
(12.1663 3.06274 0)
(12.9361 10.8816 0)
(14.5878 6.43795 0)
(16.0263 9.32358 0)
(18.0004 8.2474 0)
(19.3095 8.33546 0)
(0.119542 -5.09554 0)
(-0.0629475 -3.83657 0)
(-0.155959 -0.99342 0)
(-0.363802 1.43986 0)
(1.16595 3.03021 0)
(0.0418882 5.38525 0)
(4.00662 2.19963 0)
(1.0919 7.40112 0)
(6.28144 -2.32883 0)
(4.34199 7.23349 0)
(7.77151 -0.373967 0)
(7.0656 8.10254 0)
(8.46736 1.63952 0)
(9.65525 8.03864 0)
(10.9544 3.54353 0)
(12.9258 7.13334 0)
(14.535 5.76897 0)
(16.2558 6.70361 0)
(18.1927 6.32279 0)
(20.0755 6.35271 0)
(-0.130403 -4.29593 0)
(-1.78448 -2.68706 0)
(-0.710429 0.699385 0)
(-1.61088 2.18562 0)
(-0.342762 2.01942 0)
(-0.44169 3.45606 0)
(4.45874 1.06809 0)
(1.69861 7.17643 0)
(3.58077 -3.38811 0)
(3.79077 8.02375 0)
(6.28249 -0.988988 0)
(6.56995 6.93415 0)
(7.84078 2.19846 0)
(8.93176 5.12693 0)
(9.90641 3.62169 0)
(12.1533 4.18333 0)
(14.2167 4.04241 0)
(15.6918 5.16803 0)
(18.1429 5.04026 0)
(19.7306 4.70308 0)
(-0.830607 -3.43646 0)
(-3.13136 -2.97818 0)
(-2.95081 -0.674657 0)
(-2.27761 1.72129 0)
(-2.13977 1.94859 0)
(-0.352244 1.34832 0)
(1.0718 -0.36344 0)
(2.50687 7.10476 0)
(2.66633 -3.07583 0)
(3.33102 4.9229 0)
(5.6666 -0.72027 0)
(4.84557 4.93664 0)
(7.85268 1.99699 0)
(8.62154 2.64045 0)
(10.4411 1.97947 0)
(11.9354 1.95972 0)
(14.6393 1.59694 0)
(15.3445 2.71506 0)
(18.4873 2.85332 0)
(19.6377 2.83461 0)
(-1.14291 -0.614868 0)
(-3.73485 0.0899663 0)
(-4.28789 0.260484 0)
(-3.25047 0.768218 0)
(-3.33998 0.88957 0)
(0.954372 -1.47025 0)
(-5.08714 0.0278328 0)
(2.66124 4.63828 0)
(2.49405 -0.133016 0)
(1.23469 1.75022 0)
(5.48685 0.332715 0)
(4.54073 1.54315 0)
(7.74301 0.871061 0)
(10.2314 0.65472 0)
(10.4303 0.284423 0)
(12.5261 0.701678 0)
(13.0211 0.390016 0)
(14.873 1.19087 0)
(16.4241 1.09798 0)
(18.7721 1.33345 0)
(10.0971 11.3578 0)
(-12.9344 -18.2396 0)
(6.22689 -8.77074 0)
(-6.00543 0.753987 0)
(5.88057 -1.60447 0)
(-5.55044 2.27886 0)
(-8.6381 0.964007 0)
(-9.77602 -0.0551152 0)
(-12.0301 0.894277 0)
(-13.1953 0.698446 0)
(-14.8821 0.675647 0)
(-16.2089 0.123497 0)
(-16.1458 0.226295 0)
(-17.2233 0.727576 0)
(-15.6352 -0.0857628 0)
(-17.6095 -0.153008 0)
(-13.2996 -1.7162 0)
(-14.9746 -2.20671 0)
(-5.79454 -0.167705 0)
(-13.4531 -0.502841 0)
(-1.57006 -2.75982 0)
(-5.16563 -0.243417 0)
(0.151682 -1.57052 0)
(0.804441 -1.08464 0)
(2.79624 -1.18893 0)
(4.15551 -1.46763 0)
(5.40469 -1.99555 0)
(6.62745 -2.43225 0)
(7.69689 -2.27678 0)
(8.76129 -1.40773 0)
(8.83695 0.102597 0)
(7.22391 1.11467 0)
(5.14751 1.37077 0)
(2.50306 1.47694 0)
(-0.422733 1.55562 0)
(-3.49022 1.51276 0)
(-6.43604 1.6552 0)
(-9.68841 1.7316 0)
(-12.6374 1.62832 0)
(-15.3448 1.43225 0)
(-17.4099 1.11583 0)
(-19.0217 0.817458 0)
(-20.0109 0.516687 0)
(-20.4339 0.188794 0)
(-20.2923 -0.23244 0)
(-19.8204 -0.604967 0)
(-19.008 -0.747191 0)
(-17.2004 -1.11898 0)
(-15.0182 -1.45735 0)
(-12.3406 -1.54261 0)
(-10.8247 -0.89532 0)
(-6.69444 -1.58423 0)
(-4.44166 -1.57526 0)
(-0.767096 -1.69175 0)
(2.46868 -1.71951 0)
(6.06134 -1.66724 0)
(9.3035 -1.43244 0)
(12.7331 -1.40401 0)
(15.9854 -1.18386 0)
(18.9837 -1.0509 0)
(21.9478 -0.728954 0)
(24.1712 -0.262732 0)
(25.8291 0.174033 0)
(25.9805 0.745538 0)
(25.1132 1.54519 0)
(22.6843 2.33346 0)
(18.8864 2.53903 0)
(14.3774 2.41945 0)
(9.96169 1.81194 0)
(6.40582 1.25638 0)
(3.36234 0.551077 0)
(1.5187 0.253002 0)
(0.264842 -0.127424 0)
(-0.443978 -0.216767 0)
(-0.479243 -0.391406 0)
(-0.531487 0.0579643 0)
(-0.420394 0.279899 0)
(-0.187339 0.501528 0)
(-0.339378 0.472118 0)
(0.112205 -0.178443 0)
(16.0774 14.3608 0)
(21.3842 17.1421 0)
(-3.87386 5.34515 0)
(-7.78825 -2.67883 0)
(-7.13515 2.21042 0)
(-10.0062 6.78769 0)
(-1.5656 3.01077 0)
(-5.11356 3.77284 0)
(-2.83233 2.85963 0)
(-5.17971 2.38188 0)
(-6.22133 2.07561 0)
(-7.22552 1.49774 0)
(-6.31167 0.348232 0)
(-10.9926 0.202254 0)
(-2.86387 -1.56754 0)
(-9.77046 -1.3187 0)
(-3.43283 -3.04622 0)
(-3.41735 -3.35169 0)
(-2.70887 -3.93134 0)
(0.489042 -3.39833 0)
(2.92494 -4.267 0)
(4.52171 -3.07073 0)
(7.06475 -2.92027 0)
(8.85575 -2.18803 0)
(10.419 -1.53242 0)
(11.5389 -0.866385 0)
(12.0905 -0.279259 0)
(10.9329 0.432035 0)
(8.98433 0.746468 0)
(7.36429 0.743812 0)
(6.09771 1.16948 0)
(5.96944 1.9141 0)
(5.91171 2.62104 0)
(6.09685 3.44027 0)
(4.83248 3.91566 0)
(2.97525 4.07886 0)
(-0.116539 4.07212 0)
(-2.60749 3.95405 0)
(-4.94078 3.51559 0)
(-6.80302 2.88149 0)
(-8.15509 2.22429 0)
(-8.88725 1.42244 0)
(-9.57789 0.776027 0)
(-9.73368 0.148965 0)
(-9.20606 -0.636285 0)
(-8.15312 -1.72518 0)
(-8.32758 -1.91116 0)
(-6.26246 -2.82607 0)
(-4.91401 -4.05501 0)
(-0.9942 -4.96441 0)
(-1.59179 -4.13111 0)
(3.64357 -5.18574 0)
(5.61743 -5.21944 0)
(9.3614 -5.64487 0)
(11.6151 -5.79489 0)
(15.5954 -5.58335 0)
(17.5842 -5.35023 0)
(21.555 -5.24868 0)
(23.6284 -4.88403 0)
(27.2143 -4.46301 0)
(29.3366 -3.70071 0)
(32.1568 -2.66323 0)
(33.1726 -1.28906 0)
(34.4334 0.302018 0)
(33.6561 2.17436 0)
(32.1346 3.95993 0)
(29.0523 5.28024 0)
(25.8657 5.8067 0)
(22.4787 5.69023 0)
(19.132 4.90715 0)
(16.8005 3.93824 0)
(12.933 2.60101 0)
(12.0134 1.65642 0)
(9.27716 0.877883 0)
(9.49873 0.339199 0)
(7.80637 -0.0857864 0)
(8.27853 -0.574469 0)
(8.66403 -0.612975 0)
(9.27431 -0.796072 0)
(10.1161 -0.449281 0)
(19.8174 17.075 0)
(26.1006 13.8394 0)
(19.7664 10.1018 0)
(17.4459 7.85568 0)
(16.4243 3.97223 0)
(8.27802 1.22333 0)
(9.65314 -1.46642 0)
(6.91424 -0.335438 0)
(6.11044 0.92118 0)
(5.46496 1.68584 0)
(6.41008 2.22823 0)
(5.63102 1.67908 0)
(7.58526 1.10337 0)
(6.65911 0.0684099 0)
(7.97153 -1.62681 0)
(7.71905 -2.21489 0)
(9.48329 -3.93871 0)
(9.62677 -5.00477 0)
(11.598 -5.4262 0)
(12.5284 -6.2663 0)
(13.8069 -6.47252 0)
(14.6989 -6.14754 0)
(15.7894 -5.52219 0)
(16.4343 -4.62912 0)
(17.3272 -3.65753 0)
(17.6022 -2.69818 0)
(17.8434 -1.70122 0)
(17.6106 -0.31027 0)
(18.011 1.00598 0)
(17.6976 1.85869 0)
(16.544 2.31862 0)
(14.6361 2.64381 0)
(13.0361 2.97633 0)
(10.5844 3.48411 0)
(9.41235 4.66742 0)
(8.18554 5.78748 0)
(8.12513 6.30714 0)
(6.92564 6.20058 0)
(6.35268 5.45348 0)
(5.55409 4.61166 0)
(4.78248 3.45871 0)
(4.36287 2.5492 0)
(4.74445 1.4869 0)
(3.93449 0.609059 0)
(4.43482 -0.80292 0)
(6.39429 -2.42966 0)
(4.51871 -2.28531 0)
(6.94968 -4.48828 0)
(9.69804 -5.61042 0)
(9.32388 -6.39722 0)
(12.0781 -6.8011 0)
(13.5086 -7.95673 0)
(15.8466 -8.01699 0)
(18.0241 -8.77135 0)
(20.2257 -8.59086 0)
(22.5996 -8.64705 0)
(24.4905 -8.17608 0)
(27.0374 -8.2365 0)
(29.0393 -7.74911 0)
(31.8864 -7.22684 0)
(33.8737 -5.9972 0)
(36.4204 -4.45633 0)
(37.7703 -2.23851 0)
(39.0897 0.172364 0)
(39.0761 2.84299 0)
(37.9531 5.38617 0)
(36.0434 7.48428 0)
(33.2422 8.5975 0)
(31.3639 8.84354 0)
(27.9789 8.26045 0)
(26.5065 6.87487 0)
(23.0233 5.52188 0)
(21.9522 3.60988 0)
(19.9905 2.43771 0)
(19.1252 0.851577 0)
(18.4207 0.252897 0)
(17.7414 -0.384751 0)
(17.9371 -0.630127 0)
(18.1258 -0.863853 0)
(18.5915 -0.949411 0)
(21.7258 14.4326 0)
(25.1826 12.3623 0)
(26.7507 10.5028 0)
(26.0234 8.27018 0)
(26.649 6.5346 0)
(24.6114 5.8221 0)
(24.4905 5.04659 0)
(23.4248 4.62351 0)
(21.8579 4.21645 0)
(20.7787 3.67763 0)
(20.458 2.67982 0)
(20.7253 1.7558 0)
(21.2504 0.696315 0)
(21.4342 -0.234712 0)
(22.0997 -1.59642 0)
(22.3756 -2.64552 0)
(22.8507 -4.03643 0)
(22.9747 -4.79399 0)
(23.2019 -5.58373 0)
(23.1344 -6.03975 0)
(23.2312 -6.02274 0)
(23.0848 -5.65239 0)
(23.0061 -4.92229 0)
(22.7831 -4.16233 0)
(22.7633 -3.15283 0)
(22.568 -2.15981 0)
(22.5957 -1.09893 0)
(22.2557 0.0939382 0)
(22.2313 1.0991 0)
(22.5347 2.00252 0)
(22.2707 2.81805 0)
(22.1692 3.72376 0)
(21.3792 4.57129 0)
(21.511 5.56218 0)
(19.5416 6.1275 0)
(19.2575 6.43902 0)
(17.5833 6.6 0)
(17.584 6.52899 0)
(17.6042 6.21025 0)
(16.5809 5.09514 0)
(17.6635 3.72461 0)
(15.3754 2.0733 0)
(17.1994 0.774966 0)
(15.3418 -0.427614 0)
(17.2614 -1.4873 0)
(16.5494 -2.95445 0)
(18.0441 -3.64906 0)
(18.2954 -5.19317 0)
(20.2154 -6.33865 0)
(19.6356 -7.32536 0)
(22.326 -8.35805 0)
(21.6484 -8.91216 0)
(24.1392 -9.544 0)
(24.1619 -10.2479 0)
(26.3781 -10.3511 0)
(26.6683 -10.3154 0)
(28.5383 -10.215 0)
(29.3677 -10.4788 0)
(31.4943 -10.2546 0)
(33.1956 -9.734 0)
(35.3913 -8.33866 0)
(37.1793 -6.41105 0)
(38.9913 -3.55774 0)
(39.8601 -0.441284 0)
(40.8646 3.03041 0)
(39.8827 6.12125 0)
(39.191 8.80826 0)
(36.7288 10.4296 0)
(35.9622 10.8158 0)
(33.3925 10.4996 0)
(32.4491 8.97053 0)
(30.0985 7.58071 0)
(28.939 5.46474 0)
(27.591 3.83207 0)
(26.6533 2.14088 0)
(26.0097 0.96306 0)
(25.4193 -0.0388825 0)
(25.3273 -0.56712 0)
(25.2964 -1.06873 0)
(25.619 -1.22796 0)
(21.7557 10.471 0)
(24.216 9.97904 0)
(26.6445 9.1354 0)
(27.8166 7.7152 0)
(28.983 6.41591 0)
(29.2729 5.60716 0)
(29.2068 4.82226 0)
(29.4962 4.02743 0)
(29.3317 3.60016 0)
(29.3769 3.19145 0)
(29.5912 2.61694 0)
(30.1624 1.73717 0)
(30.8353 0.630912 0)
(30.9251 -0.356898 0)
(31.1985 -1.73614 0)
(30.9127 -2.74301 0)
(30.6534 -4.05784 0)
(29.9838 -4.78629 0)
(29.0336 -5.59184 0)
(28.3766 -5.97238 0)
(27.2106 -5.81478 0)
(26.6257 -5.65574 0)
(25.4917 -4.71286 0)
(25.1855 -4.13318 0)
(24.4145 -2.97799 0)
(24.1973 -2.11027 0)
(23.7611 -1.15596 0)
(23.5635 -0.00464187 0)
(23.4206 0.89056 0)
(23.7913 1.97831 0)
(24.0212 2.77692 0)
(24.4041 3.75055 0)
(24.7981 4.64089 0)
(25.3703 5.39914 0)
(25.9448 6.24259 0)
(25.9593 6.7465 0)
(27.1193 7.06061 0)
(26.7432 7.02117 0)
(28.1588 6.48145 0)
(27.4978 5.63235 0)
(28.5826 4.30928 0)
(28.215 3.14853 0)
(28.7659 1.63156 0)
(28.6112 0.539981 0)
(28.6732 -1.17979 0)
(28.9642 -2.2725 0)
(28.7835 -3.49596 0)
(29.2363 -5.10794 0)
(29.0922 -5.97855 0)
(28.7584 -7.35645 0)
(29.3513 -8.46469 0)
(27.9658 -8.8385 0)
(28.8483 -9.72649 0)
(27.836 -10.427 0)
(29.1633 -10.4416 0)
(28.2019 -10.6408 0)
(29.7583 -11.0687 0)
(29.1813 -11.7008 0)
(31.0866 -11.7207 0)
(31.6568 -11.4566 0)
(33.589 -10.2246 0)
(34.6793 -8.15276 0)
(36.5831 -5.16935 0)
(37.1257 -1.2071 0)
(38.532 2.71436 0)
(37.9723 6.43712 0)
(38.1061 9.34962 0)
(36.5621 11.6871 0)
(36.4205 12.2409 0)
(35.1393 12.1577 0)
(34.6737 10.5714 0)
(33.5411 8.93152 0)
(32.897 6.74923 0)
(32.2072 4.77969 0)
(31.8351 2.92262 0)
(31.2801 1.39049 0)
(31.0947 0.205836 0)
(30.842 -0.555086 0)
(30.8632 -1.07789 0)
(30.932 -1.21644 0)
(21.4196 8.3415 0)
(23.9887 8.00376 0)
(25.8387 7.53428 0)
(27.64 6.58441 0)
(28.7277 5.47696 0)
(29.9501 4.44362 0)
(30.095 3.89597 0)
(30.9563 3.21596 0)
(31.2727 2.86527 0)
(32.003 2.44223 0)
(32.5214 2.1271 0)
(33.1743 1.47295 0)
(34.0069 0.476671 0)
(34.0482 -0.383894 0)
(34.4086 -1.62776 0)
(33.5754 -2.34763 0)
(33.3741 -3.6059 0)
(31.8647 -4.03501 0)
(31.1026 -4.83548 0)
(29.6199 -4.81576 0)
(28.6608 -4.70196 0)
(27.8137 -4.39407 0)
(26.6409 -3.42044 0)
(26.3121 -3.14421 0)
(25.2419 -1.92001 0)
(25.3233 -1.51249 0)
(24.4245 -0.561115 0)
(24.7732 0.163583 0)
(24.0711 0.92315 0)
(24.8102 1.89889 0)
(24.7268 2.41196 0)
(25.4524 3.43297 0)
(25.7377 3.93441 0)
(26.668 4.72898 0)
(27.4786 5.275 0)
(28.6458 5.93089 0)
(29.7727 6.266 0)
(31.1975 6.12037 0)
(32.0061 5.89184 0)
(33.454 4.97446 0)
(33.7224 4.13996 0)
(35.0439 3.03347 0)
(34.6131 1.44953 0)
(35.4193 0.493271 0)
(34.7249 -1.43245 0)
(35.3224 -2.36074 0)
(34.3228 -3.68596 0)
(34.3368 -5.32455 0)
(33.271 -5.81161 0)
(32.4086 -7.62474 0)
(31.942 -8.30058 0)
(30.0256 -8.60577 0)
(30.3645 -9.77659 0)
(28.6856 -9.91945 0)
(29.5824 -9.7 0)
(28.1221 -10.4374 0)
(29.1907 -11.2977 0)
(26.6957 -11.5481 0)
(27.5311 -11.4824 0)
(26.4398 -11.4535 0)
(27.6067 -10.5603 0)
(28.2075 -8.74119 0)
(29.6122 -5.98146 0)
(30.3887 -1.62751 0)
(31.3776 2.05212 0)
(31.5216 6.11513 0)
(32.2051 8.92976 0)
(32.169 11.6639 0)
(32.6156 12.5352 0)
(32.7732 12.6037 0)
(33.0379 11.3136 0)
(33.0427 9.52228 0)
(33.1628 7.48655 0)
(33.0242 5.29484 0)
(33.1062 3.3832 0)
(32.7483 1.65757 0)
(32.7885 0.381731 0)
(32.4602 -0.431171 0)
(32.5263 -1.07125 0)
(32.3518 -1.10702 0)
(21.32 6.53632 0)
(24.078 6.13216 0)
(25.5997 5.84864 0)
(27.4776 5.13961 0)
(28.5542 4.56314 0)
(30.0276 3.45646 0)
(30.491 3.15341 0)
(31.3229 2.35262 0)
(31.7481 2.2177 0)
(32.5041 1.54965 0)
(32.9534 1.39019 0)
(33.4769 0.72908 0)
(34.0713 0.0856299 0)
(34.1343 -0.674037 0)
(34.4289 -1.6012 0)
(33.4535 -2.05646 0)
(33.3238 -3.17241 0)
(31.5881 -3.14777 0)
(31.2617 -4.09466 0)
(29.4773 -3.46505 0)
(29.2095 -3.80001 0)
(27.8927 -3.20599 0)
(27.1981 -2.77417 0)
(26.611 -2.56224 0)
(25.7315 -1.34627 0)
(25.8884 -1.48685 0)
(24.8087 -0.0388028 0)
(25.6221 -0.139229 0)
(24.5446 1.09085 0)
(25.8812 1.5468 0)
(25.1986 2.09157 0)
(26.7631 3.03737 0)
(26.3536 3.08999 0)
(28.1138 4.12245 0)
(28.2185 4.07762 0)
(29.9949 4.60939 0)
(30.4991 4.7897 0)
(32.4781 4.30221 0)
(32.9965 4.49448 0)
(35.1599 3.47471 0)
(35.0831 3.06828 0)
(37.2042 2.19483 0)
(36.2653 0.784701 0)
(37.8882 0.469242 0)
(36.7792 -1.39355 0)
(37.4735 -1.69993 0)
(36.4651 -3.08856 0)
(35.9205 -4.39436 0)
(34.9774 -4.47536 0)
(33.8351 -6.85896 0)
(32.9424 -6.63201 0)
(31.6461 -7.69352 0)
(31.467 -9.26056 0)
(29.5152 -8.28609 0)
(30.0251 -8.23202 0)
(27.6783 -9.40315 0)
(26.3974 -9.40387 0)
(20.8195 -8.91099 0)
(20.9258 -9.43181 0)
(17.5791 -10.3306 0)
(19.2274 -9.97463 0)
(17.6753 -8.50831 0)
(19.2599 -5.50434 0)
(19.16 -1.68837 0)
(19.6818 1.67095 0)
(20.8342 5.8382 0)
(21.4711 8.18854 0)
(23.3248 10.8691 0)
(24.5394 11.5235 0)
(25.9804 11.7343 0)
(27.5699 10.5099 0)
(28.4932 9.00974 0)
(29.8735 7.04754 0)
(30.2346 5.13249 0)
(31.274 3.27387 0)
(31.2019 1.78357 0)
(31.7779 0.507354 0)
(31.5765 -0.291977 0)
(31.7336 -0.941864 0)
(31.6268 -1.04685 0)
(21.3697 4.809 0)
(23.0357 4.37312 0)
(25.0796 4.07847 0)
(26.3596 3.52869 0)
(27.8737 3.37191 0)
(29.1129 2.56801 0)
(30.05 2.42587 0)
(30.9724 1.76517 0)
(31.4213 1.84509 0)
(32.4042 1.10219 0)
(32.5518 1.18565 0)
(33.4048 0.384254 0)
(33.4028 0.291742 0)
(34.0275 -0.603325 0)
(33.7002 -1.0332 0)
(33.3759 -1.58083 0)
(32.7724 -2.29969 0)
(31.5636 -2.18472 0)
(31.2292 -3.16981 0)
(29.5404 -2.2239 0)
(29.5473 -3.32684 0)
(27.6829 -2.19027 0)
(27.8318 -2.57608 0)
(26.3562 -1.88446 0)
(26.2943 -0.907662 0)
(25.7196 -1.37586 0)
(25.207 0.629787 0)
(25.6577 -0.511773 0)
(24.89 1.28019 0)
(25.811 0.866243 0)
(25.6128 1.46075 0)
(26.4184 2.26549 0)
(27.2823 1.96679 0)
(27.6284 3.2154 0)
(29.5693 2.80645 0)
(29.4749 3.36805 0)
(31.8339 3.38151 0)
(32.0848 3.07556 0)
(33.9815 3.16511 0)
(35.1517 2.50763 0)
(35.561 2.14437 0)
(37.5684 1.48869 0)
(36.5333 0.589072 0)
(38.4816 0.15345 0)
(37.255 -0.991736 0)
(37.7133 -1.53271 0)
(37.4615 -2.57924 0)
(35.5081 -3.63723 0)
(36.292 -3.98266 0)
(33.2785 -6.08429 0)
(33.3246 -5.79236 0)
(31.997 -7.54645 0)
(30.1605 -8.97423 0)
(29.1995 -6.96516 0)
(28.4286 -7.90008 0)
(22.8727 -7.0013 0)
(15.9165 -3.89715 0)
(13.1929 -6.49191 0)
(12.8782 -9.14643 0)
(10.4099 -10.2944 0)
(9.35433 -9.30636 0)
(6.81712 -7.39512 0)
(4.96853 -4.97112 0)
(7.2291 -1.45771 0)
(2.80811 1.46578 0)
(9.04821 5.37748 0)
(7.7117 7.13796 0)
(11.3771 9.38658 0)
(13.044 9.32501 0)
(16.4582 9.95805 0)
(18.2978 8.44647 0)
(21.1545 7.41023 0)
(22.7529 5.4478 0)
(24.3581 4.02273 0)
(25.4109 2.37862 0)
(25.9061 1.18653 0)
(26.2504 0.12158 0)
(25.9475 -0.413314 0)
(25.8799 -0.936481 0)
(25.0268 -0.743197 0)
(22.1902 2.62964 0)
(22.9436 2.56421 0)
(25.5582 2.03083 0)
(26.2218 1.85897 0)
(28.275 1.51176 0)
(28.805 1.28926 0)
(30.4839 0.92347 0)
(30.7731 0.761238 0)
(31.9566 0.619989 0)
(32.1388 0.326741 0)
(33.0321 0.298897 0)
(33.0886 -0.126946 0)
(33.6272 -0.00562895 0)
(33.5121 -0.708906 0)
(33.551 -0.630349 0)
(33.0324 -1.34508 0)
(32.2635 -1.218 0)
(31.5088 -1.66959 0)
(30.3077 -1.7332 0)
(29.5747 -1.73917 0)
(28.2173 -2.16759 0)
(27.6727 -1.46681 0)
(26.627 -1.92829 0)
(25.9852 -0.998639 0)
(25.6504 -0.914826 0)
(24.9039 -0.704914 0)
(25.3283 0.421514 0)
(24.744 -0.413682 0)
(25.3603 1.37934 0)
(25.5032 0.188737 0)
(25.8749 1.72106 0)
(26.8592 1.11051 0)
(27.3981 1.6198 0)
(28.238 2.16296 0)
(30.0188 1.32856 0)
(29.7685 2.81623 0)
(32.932 1.19465 0)
(32.1018 2.78604 0)
(35.3688 1.30183 0)
(35.1933 1.83048 0)
(36.7657 1.3895 0)
(37.9694 0.374436 0)
(37.3538 1.09694 0)
(39.3713 -0.825273 0)
(37.6809 0.0247666 0)
(38.5168 -1.4937 0)
(37.9775 -1.90061 0)
(35.1967 -1.82784 0)
(37.3681 -3.93022 0)
(30.7232 -2.99411 0)
(33.6719 -4.79681 0)
(28.5671 -5.95373 0)
(24.0441 -4.92579 0)
(27.6566 -7.24039 0)
(20.6704 -4.54393 0)
(12.4482 -1.30109 0)
(9.8663 -4.3325 0)
(10.6959 -6.79923 0)
(5.29597 -6.54553 0)
(3.04969 -5.78924 0)
(-4.19957 -5.43853 0)
(-4.7231 -4.44556 0)
(-8.6781 -2.76466 0)
(-9.17924 -0.505459 0)
(-7.1361 0.983932 0)
(-9.28293 2.89747 0)
(-4.47794 5.03673 0)
(-1.18922 5.2388 0)
(-0.753826 5.86674 0)
(7.05405 5.87021 0)
(6.48222 4.56977 0)
(12.2967 4.37747 0)
(12.9638 2.85788 0)
(16.1822 2.21561 0)
(16.3691 1.08157 0)
(17.9609 0.79163 0)
(17.7508 0.107342 0)
(18.0045 0.0973714 0)
(17.7563 -0.322797 0)
(17.2071 -0.340749 0)
(20.3987 1.04453 0)
(22.207 1.25835 0)
(23.943 0.879894 0)
(25.4462 1.02941 0)
(26.8553 0.720529 0)
(27.7231 0.86529 0)
(29.1243 0.524258 0)
(29.3432 0.684012 0)
(30.6081 0.388656 0)
(30.195 0.46724 0)
(31.5985 0.210914 0)
(30.6728 0.175077 0)
(31.938 0.0660639 0)
(30.5315 -0.238942 0)
(31.4359 -0.143806 0)
(29.6303 -0.754911 0)
(29.5534 -0.31525 0)
(27.6511 -1.12754 0)
(26.4155 -0.514876 0)
(25.2354 -1.34656 0)
(22.9497 -0.763745 0)
(22.8868 -0.851077 0)
(19.9311 -0.928798 0)
(20.5395 0.0485275 0)
(18.5691 -0.848624 0)
(18.6155 0.473206 0)
(19.0695 -0.283838 0)
(17.6622 0.111439 0)
(19.9933 0.66294 0)
(18.517 -0.170604 0)
(20.6153 1.14512 0)
(20.939 0.270836 0)
(21.7316 0.764735 0)
(23.6082 1.00966 0)
(24.0223 0.341352 0)
(26.075 1.22263 0)
(26.9899 0.54921 0)
(28.5559 0.794988 0)
(29.8452 0.985276 0)
(30.9971 0.101026 0)
(32.0659 0.988449 0)
(32.778 -0.249701 0)
(33.2844 0.399192 0)
(33.3437 -0.149515 0)
(33.1098 -0.663521 0)
(32.5935 -0.0750394 0)
(31.3595 -1.57563 0)
(29.9927 -0.667217 0)
(27.5036 -1.78228 0)
(24.8248 -2.51532 0)
(21.155 -1.26169 0)
(16.9973 -4.986 0)
(9.16474 -3.83638 0)
(6.73948 2.84231 0)
(6.05178 5.11437 0)
(8.52131 3.88015 0)
(8.17237 1.2928 0)
(3.49981 -0.776842 0)
(-0.882618 -1.94721 0)
(-6.28186 -2.1444 0)
(-9.85899 -2.24482 0)
(-14.9848 -1.74019 0)
(-16.8281 -1.50297 0)
(-18.301 -0.535811 0)
(-18.7361 0.629087 0)
(-18.424 0.558304 0)
(-13.3672 1.4933 0)
(-14.2229 1.95909 0)
(-7.10533 1.51807 0)
(-5.15756 1.26869 0)
(-1.27337 1.62554 0)
(2.37138 1.0585 0)
(4.07622 1.20824 0)
(7.47531 0.573647 0)
(6.85391 0.222148 0)
(9.48771 0.281489 0)
(8.24219 -0.00429679 0)
(9.44861 0.0320977 0)
(8.67132 -0.206579 0)
(8.66115 0.0401881 0)
)
;

boundaryField
{
    inlet
    {
        type            fixedValue;
        value           uniform (10 0 0);
    }
    outlet
    {
        type            zeroGradient;
    }
    walls
    {
        type            fixedValue;
        value           uniform (0 0 0);
    }
    frontAndBack
    {
        type            empty;
    }
}


// ************************************************************************* //
