/*--------------------------------*- C++ -*----------------------------------*\
| =========                 |                                                 |
| \\      /  F ield         | OpenFOAM: The Open Source CFD Toolbox           |
|  \\    /   O peration     | Version:  2306                                  |
|   \\  /    A nd           | Website:  www.openfoam.com                      |
|    \\/     M anipulation  |                                                 |
\*---------------------------------------------------------------------------*/
FoamFile
{
    version     2.0;
    format      ascii;
    arch        "LSB;label=32;scalar=64";
    class       surfaceScalarField;
    location    "0.025";
    object      phi;
}
// * * * * * * * * * * * * * * * * * * * * * * * * * * * * * * * * * * * * * //

dimensions      [0 3 -1 0 0 0 0];

oriented        oriented;

internalField   nonuniform List<scalar> 
8520
(
0.00992816
7.18443e-05
0.00979015
0.00013801
0.0096311
0.000159044
0.00947055
0.000160553
0.0093132
0.000157351
0.00915533
0.00015787
0.00899004
0.000165292
0.00882028
0.000169753
0.00865612
0.00016416
0.00849193
0.000164189
0.00832143
0.000170509
0.00815503
0.000166394
0.00800036
0.00015467
0.0078471
0.00015326
0.00768826
0.000158839
0.00753299
0.000155273
0.00738581
0.000147175
0.00724413
0.000141688
0.00710932
0.000134805
0.00699178
0.000117539
0.00690064
9.11423e-05
0.00683673
6.39099e-05
0.00679559
4.11394e-05
0.00677195
2.36444e-05
0.0067609
1.10507e-05
0.00675787
3.02919e-06
0.00675898
-1.11226e-06
0.00676175
-2.77387e-06
0.00676476
-3.0064e-06
0.00676733
-2.56899e-06
0.00676925
-1.92156e-06
0.00677052
-1.273e-06
0.00677124
-7.15672e-07
0.00677151
-2.72725e-07
0.00677143
8.17442e-08
0.00677107
3.64623e-07
0.00677046
6.05311e-07
0.00676963
8.26422e-07
0.00676859
1.04369e-06
0.00676732
1.26961e-06
0.00676581
1.51419e-06
0.00676402
1.78607e-06
0.00676193
2.09352e-06
0.00675948
2.4447e-06
0.00675663
2.84797e-06
0.00675332
3.31249e-06
0.00674947
3.8488e-06
0.006745
4.469e-06
0.00673982
5.18668e-06
0.0067338
6.0172e-06
0.00672682
6.97807e-06
0.00671873
8.08945e-06
0.00670936
9.37459e-06
0.0066985
1.08601e-05
0.00668592
1.25761e-05
0.00667137
1.45565e-05
0.00665453
1.684e-05
0.00663505
1.94701e-05
0.00661256
2.24959e-05
0.00658659
2.59721e-05
0.00655663
2.99588e-05
0.00652211
3.45216e-05
0.00648237
3.97321e-05
0.00643671
4.56662e-05
0.0063843
5.24049e-05
0.00632427
6.00293e-05
0.00625565
6.86215e-05
0.00617739
7.82608e-05
0.00608838
8.90131e-05
0.00598744
0.000100943
0.00587336
0.00011408
0.00574492
0.000128437
0.00560092
0.000143998
0.00544026
0.000160659
0.00526194
0.000178323
0.00506518
0.000196759
0.00484954
0.000215642
0.00461488
0.00023466
0.00436173
0.000253144
0.000270537
0.0040912
0.0100356
3.62067e-05
0.0100796
9.40206e-05
0.0101102
0.000128421
0.0101267
0.000144134
0.0101358
0.000148187
0.0101447
0.000149037
0.0101535
0.000156419
0.0101585
0.000164794
0.0101576
0.000165029
0.0101551
0.00016672
0.01015
0.000175571
0.0101398
0.000176673
0.0101267
0.000167743
0.0101143
0.000165651
0.0101015
0.000171593
0.0100865
0.000170323
0.0100731
0.000160517
0.0100626
0.000152201
0.0100523
0.000145141
0.0100397
0.000130099
0.0100257
0.000105204
0.0100122
7.7339e-05
0.0100008
5.25537e-05
0.00999194
3.25369e-05
0.00998564
1.73519e-05
0.00998158
7.08627e-06
0.00997923
1.24241e-06
0.00997822
-1.76334e-06
0.00997784
-2.63261e-06
0.00997775
-2.48227e-06
0.00997773
-1.89816e-06
0.00997765
-1.18966e-06
0.00997745
-5.2119e-07
0.00997713
4.92979e-08
0.00997668
5.31577e-07
0.0099761
9.4449e-07
0.00997539
1.31891e-06
0.00997453
1.68149e-06
0.00997352
2.05367e-06
0.00997234
2.45328e-06
0.00997096
2.89562e-06
0.00996935
3.39467e-06
0.00996748
3.96436e-06
0.0099653
4.619e-06
0.00996278
5.37375e-06
0.00995985
6.24537e-06
0.00995644
7.2532e-06
0.00995249
8.41964e-06
0.00994791
9.7702e-06
0.00994259
1.13339e-05
0.00993642
1.31436e-05
0.00992928
1.52377e-05
0.00992099
1.76598e-05
0.00991139
2.04604e-05
0.00990027
2.36968e-05
0.00988739
2.74337e-05
0.00987249
3.17451e-05
0.00985524
3.67138e-05
0.00983531
4.24347e-05
0.00981226
4.90127e-05
0.00978566
5.65649e-05
0.00975496
6.52201e-05
0.00971957
7.51174e-05
0.00967883
8.64108e-05
0.00963198
9.92583e-05
0.00957817
0.000113832
0.0095165
0.0001303
0.00944593
0.000148828
0.00936535
0.000169588
0.0092736
0.000192696
0.00916938
0.000218299
0.00905138
0.00024644
0.00891825
0.000277126
0.00876853
0.000310375
0.00860097
0.000345883
0.00841417
0.000383566
0.00820686
0.000422948
0.00797829
0.000463234
0.00772725
0.000504181
0.000544244
0.00745355
0.0100141
2.21107e-05
0.0100439
6.42183e-05
0.0100774
9.4968e-05
0.0101068
0.000114714
0.0101303
0.000124624
0.010151
0.000128402
0.0101739
0.000133511
0.0101991
0.000139597
0.0102224
0.00014173
0.0102445
0.000144576
0.0102682
0.000151913
0.01029
0.000154833
0.0103085
0.000149286
0.0103284
0.000145737
0.0103512
0.000148775
0.0103728
0.000148684
0.0103922
0.000141156
0.0104118
0.000132646
0.0104313
0.000125622
0.0104466
0.000114764
0.0104545
9.73196e-05
0.0104549
7.69341e-05
0.0104495
5.79866e-05
0.01044
4.19817e-05
0.0104284
2.89349e-05
0.0104166
1.89233e-05
0.0104059
1.19012e-05
0.0103969
7.33277e-06
0.0103897
4.53539e-06
0.0103843
2.91323e-06
0.0103804
2.03671e-06
0.0103775
1.62801e-06
0.0103755
1.50247e-06
0.010374
1.5462e-06
0.0103728
1.69955e-06
0.0103719
1.93096e-06
0.010371
2.22721e-06
0.01037
2.58536e-06
0.0103691
3.00786e-06
0.010368
3.50085e-06
0.0103669
4.07354e-06
0.0103655
4.73786e-06
0.010364
5.50814e-06
0.0103622
6.40087e-06
0.0103601
7.43509e-06
0.0103578
8.63297e-06
0.010355
1.00205e-05
0.0103518
1.16281e-05
0.0103481
1.34902e-05
0.0103437
1.56468e-05
0.0103387
1.81435e-05
0.0103329
2.10329e-05
0.0103262
2.43757e-05
0.0103185
2.82414e-05
0.0103094
3.27094e-05
0.010299
3.78695e-05
0.0102869
4.38248e-05
0.0102729
5.0691e-05
0.0102568
5.85996e-05
0.0102381
6.76995e-05
0.0102165
7.8152e-05
0.0101916
9.01426e-05
0.0101628
0.000103868
0.0101297
0.000119542
0.0100916
0.000137409
0.0100477
0.000157691
0.00999733
0.000180666
0.00993958
0.00020657
0.00987355
0.000235626
0.0097981
0.000268142
0.00971224
0.000304156
0.00961471
0.000343972
0.00950425
0.000387591
0.0093798
0.000434817
0.00923962
0.000486069
0.00908285
0.000540334
0.00890807
0.000597723
0.00871331
0.000658
0.00849909
0.000718395
0.000780552
0.00826278
0.0100069
1.52462e-05
0.0100266
4.44861e-05
0.0100515
7.0057e-05
0.0100765
8.96787e-05
0.0100998
0.000101362
0.010121
0.000107215
0.0101427
0.000111834
0.0101659
0.000116366
0.0101886
0.000118993
0.0102115
0.000121731
0.0102367
0.000126708
0.0102619
0.000129575
0.0102842
0.000127068
0.0103058
0.00012413
0.0103296
0.000124969
0.0103538
0.000124493
0.0103765
0.000118376
0.0103991
0.000110116
0.0104216
0.000103108
0.0104409
9.55014e-05
0.0104534
8.47496e-05
0.0104586
7.17135e-05
0.0104579
5.86872e-05
0.0104532
4.67702e-05
0.010446
3.60957e-05
0.010438
2.68834e-05
0.0104305
1.94681e-05
0.010424
1.38376e-05
0.0104188
9.74369e-06
0.0104148
6.88913e-06
0.0104118
4.98542e-06
0.0104097
3.78773e-06
0.0104081
3.09752e-06
0.0104069
2.76435e-06
0.0104059
2.6841e-06
0.010405
2.78762e-06
0.0104042
3.03182e-06
0.0104034
3.39336e-06
0.0104025
3.86242e-06
0.0104016
4.4376e-06
0.0104006
5.12427e-06
0.0103994
5.93308e-06
0.010398
6.87896e-06
0.0103964
7.98051e-06
0.0103946
9.26048e-06
0.0103925
1.07459e-05
0.01039
1.24686e-05
0.0103872
1.44656e-05
0.0103839
1.67796e-05
0.0103801
1.94603e-05
0.0103757
2.25641e-05
0.0103705
2.61575e-05
0.0103646
3.03153e-05
0.0103577
3.51247e-05
0.0103497
4.06841e-05
0.0103405
4.71063e-05
0.0103298
5.45212e-05
0.0103174
6.30725e-05
0.0103031
7.29297e-05
0.0102865
8.42732e-05
0.0102674
9.73182e-05
0.0102452
0.000112289
0.0102196
0.000129444
0.0101901
0.000149069
0.0101561
0.000171437
0.0101168
0.000196925
0.0100717
0.000225773
0.0100199
0.000258414
0.00996037
0.000295149
0.00989237
0.000336142
0.00981445
0.000382083
0.00972591
0.000432508
0.00962532
0.000488188
0.00951108
0.00054905
0.00938321
0.000613942
0.00923826
0.000685286
0.00907654
0.000759444
0.00889764
0.000836892
0.0086956
0.00092044
0.000999686
0.00847647
0.0100043
1.09234e-05
0.0100166
3.22115e-05
0.0100351
5.15962e-05
0.0100562
6.85039e-05
0.0100775
8.00776e-05
0.0100979
8.68537e-05
0.0101184
9.13101e-05
0.0101397
9.51165e-05
0.010161
9.76545e-05
0.0101831
9.96155e-05
0.0102069
0.000102866
0.0102308
0.000105744
0.0102525
0.000105322
0.0102736
0.000103018
0.0102966
0.000101979
0.0103203
0.000100794
0.0103423
9.63838e-05
0.0103626
8.98428e-05
0.0103818
8.38944e-05
0.0103989
7.84329e-05
0.010412
7.16424e-05
0.0104206
6.31393e-05
0.0104252
5.40024e-05
0.0104269
4.50856e-05
0.0104264
3.66262e-05
0.0104244
2.88402e-05
0.0104218
2.20854e-05
0.0104191
1.65719e-05
0.0104165
1.22834e-05
0.0104144
9.08425e-06
0.0104125
6.79925e-06
0.0104111
5.25079e-06
0.0104099
4.27372e-06
0.0104089
3.72739e-06
0.0104081
3.50321e-06
0.0104074
3.52308e-06
0.0104067
3.73434e-06
0.010406
4.1047e-06
0.0104052
4.61726e-06
0.0104044
5.26601e-06
0.0104035
6.05372e-06
0.0104024
6.99008e-06
0.0104012
8.09099e-06
0.0103998
9.37709e-06
0.0103982
1.08746e-05
0.0103963
1.26143e-05
0.0103941
1.46335e-05
0.0103916
1.69753e-05
0.0103887
1.96895e-05
0.0103853
2.28349e-05
0.0103814
2.64776e-05
0.0103769
3.06964e-05
0.0103716
3.55785e-05
0.0103655
4.12271e-05
0.0103585
4.77594e-05
0.0103503
5.53066e-05
0.0103407
6.4027e-05
0.0103297
7.4087e-05
0.010317
8.56887e-05
0.0103022
9.90597e-05
0.0102851
0.000114427
0.0102652
0.000132119
0.0102423
0.000152377
0.0102158
0.000175603
0.010185
0.000202172
0.0101496
0.000232333
0.0101086
0.00026685
0.0100613
0.000305643
0.0100069
0.000349598
0.00994388
0.000399148
0.00987231
0.000453656
0.00978916
0.000515649
0.00969494
0.000582409
0.00958813
0.000655863
0.00946429
0.000737779
0.00932851
0.000821073
0.00917187
0.000916083
0.00899471
0.00101405
0.00880634
0.00110881
0.00122243
0.0085836
0.010003
7.89323e-06
0.0100119
2.33673e-05
0.0100256
3.78317e-05
0.0100431
5.09934e-05
0.0100623
6.08828e-05
0.0100818
6.74477e-05
0.0101013
7.17944e-05
0.0101213
7.50363e-05
0.0101419
7.71259e-05
0.0101629
7.85703e-05
0.0101851
8.07204e-05
0.0102077
8.31203e-05
0.0102294
8.35917e-05
0.0102505
8.19533e-05
0.0102721
8.03312e-05
0.010294
7.89208e-05
0.0103145
7.58519e-05
0.0103334
7.10172e-05
0.010351
6.62068e-05
0.0103674
6.2116e-05
0.0103813
5.77275e-05
0.0103922
5.22654e-05
0.0104001
4.60417e-05
0.0104056
3.96045e-05
0.010409
3.31995e-05
0.0104108
2.70166e-05
0.0104116
2.13711e-05
0.0104116
1.65384e-05
0.0104113
1.26234e-05
0.0104107
9.59682e-06
0.0104102
7.36535e-06
0.0104096
5.80983e-06
0.0104091
4.80391e-06
0.0104086
4.22994e-06
0.0104081
3.99076e-06
0.0104076
4.01288e-06
0.0104071
4.24505e-06
0.0104065
4.65479e-06
0.0104059
5.22478e-06
0.0104053
5.94904e-06
0.0104045
6.83099e-06
0.0104036
7.88119e-06
0.0104026
9.11769e-06
0.0104014
1.05632e-05
0.0104
1.22476e-05
0.0103984
1.4205e-05
0.0103966
1.64781e-05
0.0103944
1.91144e-05
0.0103919
2.21714e-05
0.0103891
2.57148e-05
0.0103857
2.98192e-05
0.0103818
3.45753e-05
0.0103773
4.00782e-05
0.0103721
4.64518e-05
0.0103661
5.38188e-05
0.010359
6.23433e-05
0.0103509
7.21882e-05
0.0103414
8.35597e-05
0.0103304
9.66878e-05
0.0103176
0.000111803
0.0103028
0.000129265
0.0102857
0.000149271
0.0102657
0.000172379
0.0102425
0.000198772
0.0102156
0.000229024
0.0101842
0.00026379
0.0101482
0.000302838
0.0101057
0.00034815
0.0100569
0.000398395
0.0100006
0.000455403
0.0099336
0.000520684
0.00985959
0.000589667
0.00977046
0.000671537
0.00966895
0.000757373
0.00955761
0.000849118
0.00941862
0.000960063
0.00927339
0.00106131
0.00910664
0.00118081
0.00889994
0.00131551
0.00141953
0.00870284
0.0100024
5.53221e-06
0.0100093
1.6396e-05
0.0100204
2.67238e-05
0.0100353
3.61766e-05
0.0100523
4.37944e-05
0.0100705
4.93092e-05
0.0100893
5.30184e-05
0.0101087
5.55648e-05
0.0101286
5.72802e-05
0.0101487
5.846e-05
0.0101696
5.97587e-05
0.0101914
6.13814e-05
0.0102129
6.21201e-05
0.0102336
6.12347e-05
0.0102542
5.97212e-05
0.0102748
5.82743e-05
0.0102946
5.61148e-05
0.0103128
5.28151e-05
0.0103297
4.93245e-05
0.0103453
4.64277e-05
0.0103594
4.36526e-05
0.0103714
4.02487e-05
0.0103813
3.61401e-05
0.0103893
3.16562e-05
0.0103954
2.70374e-05
0.0104
2.24527e-05
0.0104032
1.81431e-05
0.0104054
1.43524e-05
0.0104068
1.12137e-05
0.0104077
8.7463e-06
0.0104081
6.90485e-06
0.0104083
5.61388e-06
0.0104084
4.78553e-06
0.0104083
4.33291e-06
0.0104081
4.18123e-06
0.0104078
4.27293e-06
0.0104075
4.56755e-06
0.0104071
5.03932e-06
0.0104067
5.67553e-06
0.0104061
6.47348e-06
0.0104055
7.43983e-06
0.0104048
8.58715e-06
0.010404
9.93667e-06
0.010403
1.15127e-05
0.0104019
1.33498e-05
0.0104007
1.54835e-05
0.0103992
1.79625e-05
0.0103975
2.08373e-05
0.0103955
2.41719e-05
0.0103931
2.80388e-05
0.0103904
3.2517e-05
0.0103873
3.77117e-05
0.0103837
4.37197e-05
0.0103794
5.0684e-05
0.0103745
5.87414e-05
0.0103688
6.80526e-05
0.0103621
7.88489e-05
0.0103544
9.12733e-05
0.0103454
0.000105687
0.0103349
0.000122283
0.0103228
0.00014138
0.0103085
0.000163598
0.0102921
0.00018874
0.0102727
0.000218255
0.0102501
0.000251584
0.0102241
0.000289767
0.0101923
0.000334612
0.0101575
0.00038297
0.0101142
0.000441756
0.0100642
0.000505366
0.0100091
0.000575774
0.0099357
0.000663075
0.00986169
0.000745541
0.0097685
0.000850565
0.00965244
0.000965181
0.00954408
0.00106841
0.00938646
0.00121894
0.00921839
0.00134888
0.009057
0.0014769
0.00166807
0.00880846
0.010002
3.5366e-06
0.0100079
1.04653e-05
0.0100175
1.71308e-05
0.0100305
2.32016e-05
0.0100459
2.83514e-05
0.010063
3.22221e-05
0.0100812
3.48749e-05
0.0101
3.67071e-05
0.0101193
3.80122e-05
0.0101389
3.8811e-05
0.0101592
3.94573e-05
0.0101802
4.0414e-05
0.0102012
4.1137e-05
0.0102216
4.07834e-05
0.0102417
3.96552e-05
0.0102615
3.84743e-05
0.0102805
3.70946e-05
0.0102982
3.51016e-05
0.0103147
3.28764e-05
0.0103301
3.10089e-05
0.0103444
2.93533e-05
0.0103573
2.73776e-05
0.0103685
2.48974e-05
0.0103781
2.20851e-05
0.010386
1.91233e-05
0.0103923
1.61357e-05
0.0103972
1.32805e-05
0.0104008
1.07312e-05
0.0104034
8.59926e-06
0.0104053
6.91817e-06
0.0104065
5.67184e-06
0.0104073
4.81932e-06
0.0104078
4.3079e-06
0.010408
4.08289e-06
0.0104081
4.096e-06
0.0104081
4.31014e-06
0.0104079
4.70036e-06
0.0104077
5.25186e-06
0.0104074
5.96009e-06
0.0104071
6.82783e-06
0.0104066
7.86699e-06
0.0104061
9.09249e-06
0.0104055
1.05302e-05
0.0104049
1.22047e-05
0.010404
1.41572e-05
0.0104031
1.64208e-05
0.010402
1.9055e-05
0.0104008
2.21043e-05
0.0103993
2.56488e-05
0.0103976
2.97526e-05
0.0103956
3.45141e-05
0.0103932
4.0034e-05
0.0103905
4.64202e-05
0.0103874
5.38397e-05
0.0103837
6.23911e-05
0.0103794
7.23554e-05
0.0103745
8.37857e-05
0.0103686
9.71399e-05
0.0103619
0.000112425
0.010354
0.000130198
0.0103446
0.000150782
0.0103341
0.000174121
0.0103208
0.000202036
0.0103064
0.00023257
0.0102884
0.000269607
0.0102671
0.00031104
0.0102445
0.000357263
0.0102119
0.000415603
0.0101809
0.000472683
0.0101386
0.000547655
0.0100848
0.00062957
0.0100383
0.000709596
0.00995489
0.000828981
0.00987835
0.000927101
0.00979297
0.00105056
0.0096489
0.00121248
0.00954215
0.00132569
0.009381
0.00151004
0.00916852
0.00168937
0.00183412
0.00900247
0.0100018
1.72874e-06
0.0100072
5.1078e-06
0.0100159
8.38666e-06
0.0100278
1.13533e-05
0.0100422
1.39259e-05
0.0100585
1.59156e-05
0.010076
1.73256e-05
0.0100944
1.83026e-05
0.0101135
1.89741e-05
0.0101329
1.93462e-05
0.0101528
1.96294e-05
0.0101731
2.01212e-05
0.0101936
2.05742e-05
0.010214
2.04596e-05
0.0102338
1.98494e-05
0.010253
1.91987e-05
0.0102716
1.85379e-05
0.0102891
1.76217e-05
0.0103054
1.6561e-05
0.0103207
1.56652e-05
0.0103352
1.49147e-05
0.0103485
1.40396e-05
0.0103605
1.29088e-05
0.010371
1.15926e-05
0.0103799
1.01892e-05
0.0103873
8.76536e-06
0.0103932
7.40026e-06
0.0103977
6.18568e-06
0.0104011
5.18607e-06
0.0104036
4.42476e-06
0.0104054
3.89921e-06
0.0104066
3.59476e-06
0.0104074
3.49017e-06
0.010408
3.56227e-06
0.0104083
3.79039e-06
0.0104084
4.16022e-06
0.0104085
4.66515e-06
0.0104084
5.30399e-06
0.0104083
6.08293e-06
0.0104081
7.0111e-06
0.0104079
8.10747e-06
0.0104076
9.38828e-06
0.0104072
1.0887e-05
0.0104068
1.26242e-05
0.0104063
1.46531e-05
0.0104057
1.6996e-05
0.010405
1.97315e-05
0.0104043
2.2888e-05
0.0104033
2.65659e-05
0.0104023
3.08238e-05
0.010401
3.57545e-05
0.0103996
4.15033e-05
0.0103979
4.81051e-05
0.0103959
5.58454e-05
0.0103935
6.47206e-05
0.0103908
7.5045e-05
0.0103875
8.70888e-05
0.010384
0.00010071
0.0103793
0.000117084
0.0103743
0.000135187
0.0103682
0.000156857
0.0103604
0.000181936
0.0103532
0.000209252
0.0103409
0.00024486
0.0103307
0.000279805
0.0103158
0.000326002
0.0102949
0.000378104
0.0102814
0.00042914
0.0102455
0.000508571
0.01022
0.000573116
0.0101876
0.000662036
0.0101199
0.000777315
0.0100902
0.00085867
0.0100048
0.00101245
0.00990705
0.00114832
0.00984209
0.00127743
0.00967875
0.00148903
0.00954831
0.00164048
0.00938314
0.00185454
0.00207085
0.00914641
0.0100017
3.3787e-09
0.0100068
9.70996e-09
0.0100152
1.62346e-08
0.0100265
2.35771e-08
0.0100404
3.09921e-08
0.0100563
3.85996e-08
0.0100736
4.69821e-08
0.0100918
5.70709e-08
0.0101107
6.86119e-08
0.01013
8.07062e-08
0.0101495
9.39938e-08
0.0101695
1.09085e-07
0.01019
1.26574e-07
0.0102103
1.4736e-07
0.01023
1.71654e-07
0.010249
1.99232e-07
0.0102673
2.29786e-07
0.0102846
2.64263e-07
0.0103009
3.04771e-07
0.0103162
3.5319e-07
0.0103307
4.10871e-07
0.0103443
4.7912e-07
0.0103566
5.59042e-07
0.0103676
6.51566e-07
0.010377
7.57973e-07
0.0103849
8.80095e-07
0.0103913
1.02036e-06
0.0103963
1.18131e-06
0.0104001
1.36733e-06
0.0104029
1.58463e-06
0.010405
1.83732e-06
0.0104064
2.13128e-06
0.0104075
2.47319e-06
0.0104082
2.87166e-06
0.0104086
3.33425e-06
0.0104089
3.87041e-06
0.0104091
4.49314e-06
0.0104092
5.21554e-06
0.0104092
6.05574e-06
0.0104092
7.02883e-06
0.0104091
8.16243e-06
0.010409
9.47191e-06
0.0104089
1.10021e-05
0.0104088
1.27627e-05
0.0104086
1.48288e-05
0.0104084
1.71939e-05
0.0104082
1.99822e-05
0.0104079
2.31608e-05
0.0104075
2.69193e-05
0.0104072
3.11975e-05
0.0104067
3.62538e-05
0.0104061
4.20211e-05
0.0104054
4.88057e-05
0.0104047
5.6599e-05
0.0104038
6.56451e-05
0.0104025
7.62628e-05
0.0104015
8.81537e-05
0.0103994
0.000102819
0.0103982
0.000118278
0.0103951
0.000138305
0.0103927
0.000159259
0.01039
0.000184566
0.0103832
0.000216085
0.0103829
0.000245156
0.0103708
0.000291876
0.0103662
0.000330615
0.0103599
0.000384381
0.0103341
0.000454935
0.0103383
0.000504457
0.0103015
0.000609918
0.010274
0.00068947
0.0102655
0.000785831
0.0101849
0.000939251
0.0101584
0.00103898
0.0100857
0.001221
0.00998162
0.00138153
0.00989782
0.00157283
0.00972499
0.00181332
0.00961502
0.00196451
0.00230494
0.00938092
0.0100017
-1.72205e-06
0.0100068
-5.08861e-06
0.0100152
-8.35459e-06
0.0100265
-1.13067e-05
0.0100404
-1.38647e-05
0.0100563
-1.58392e-05
0.0100736
-1.72326e-05
0.0100918
-1.81899e-05
0.0101107
-1.88385e-05
0.01013
-1.91864e-05
0.0101495
-1.94432e-05
0.0101696
-1.99056e-05
0.01019
-2.03242e-05
0.0102103
-2.01682e-05
0.01023
-1.95094e-05
0.010249
-1.8804e-05
0.0102673
-1.80832e-05
0.0102847
-1.70992e-05
0.0103009
-1.59585e-05
0.0103163
-1.49668e-05
0.0103308
-1.41019e-05
0.0103443
-1.30914e-05
0.0103567
-1.18027e-05
0.0103677
-1.03036e-05
0.0103771
-8.68956e-06
0.010385
-7.0248e-06
0.0103914
-5.38306e-06
0.0103964
-3.8483e-06
0.0104003
-2.47918e-06
0.0104032
-1.2898e-06
0.0104053
-2.69698e-07
0.0104068
6.18093e-07
0.0104079
1.401e-06
0.0104086
2.11795e-06
0.0104091
2.80505e-06
0.0104095
3.49561e-06
0.0104098
4.22253e-06
0.01041
5.0122e-06
0.0104102
5.89551e-06
0.0104103
6.89088e-06
0.0104104
8.03871e-06
0.0104105
9.34501e-06
0.0104107
1.08787e-05
0.0104108
1.26155e-05
0.010411
1.46866e-05
0.0104111
1.7004e-05
0.0104113
1.98075e-05
0.0104116
2.29144e-05
0.0104118
2.66878e-05
0.0104121
3.09032e-05
0.0104124
3.59083e-05
0.0104127
4.17331e-05
0.0104133
4.82582e-05
0.0104135
5.63681e-05
0.0104142
6.49188e-05
0.0104146
7.58627e-05
0.010415
8.77719e-05
0.0104164
0.000101403
0.0104154
0.000119305
0.0104184
0.000135323
0.0104167
0.00016093
0.0104179
0.000183425
0.0104217
0.000212191
0.0104132
0.000253669
0.0104258
0.000279267
0.010414
0.000342498
0.0104125
0.0003858
0.0104272
0.000440297
0.0103896
0.00054202
0.0104131
0.000586481
0.0103905
0.000712065
0.0103534
0.000822861
0.0103627
0.000930005
0.0102942
0.00110746
0.010271
0.0012442
0.0101736
0.00147897
0.0100955
0.00165092
0.0100298
0.00187898
0.00976089
0.00223342
0.00239928
0.00966656
0.0100018
-3.53013e-06
0.0100072
-1.04468e-05
0.0100159
-1.70999e-05
0.0100278
-2.31565e-05
0.0100422
-2.82922e-05
0.0100585
-3.21482e-05
0.0100761
-3.47852e-05
0.0100945
-3.65984e-05
0.0101135
-3.78814e-05
0.010133
-3.86563e-05
0.0101528
-3.92768e-05
0.0101731
-4.02053e-05
0.0101937
-4.08956e-05
0.010214
-4.05021e-05
0.0102338
-3.93264e-05
0.0102531
-3.80922e-05
0.0102717
-3.66543e-05
0.0102892
-3.45958e-05
0.0103055
-3.22932e-05
0.0103209
-3.03331e-05
0.0103353
-2.85672e-05
0.0103487
-2.6461e-05
0.0103607
-2.38279e-05
0.0103713
-2.08387e-05
0.0103803
-1.76736e-05
0.0103877
-1.44532e-05
0.0103936
-1.13302e-05
0.0103983
-8.4715e-06
0.0104018
-5.98265e-06
0.0104044
-3.88853e-06
0.0104063
-2.16182e-06
0.0104076
-7.54116e-07
0.0104086
4.18292e-07
0.0104093
1.40758e-06
0.0104098
2.28079e-06
0.0104103
3.09191e-06
0.0104106
3.89306e-06
0.0104109
4.72195e-06
0.0104111
5.62178e-06
0.0104114
6.6116e-06
0.0104117
7.746e-06
0.010412
9.01632e-06
0.0104124
1.05208e-05
0.0104128
1.21907e-05
0.0104133
1.42265e-05
0.0104139
1.64356e-05
0.0104145
1.92094e-05
0.0104152
2.21417e-05
0.010416
2.592e-05
0.0104171
2.98274e-05
0.010418
3.49731e-05
0.0104196
4.01711e-05
0.0104206
4.72282e-05
0.0104229
5.40894e-05
0.0104241
6.37242e-05
0.0104268
7.30841e-05
0.0104293
8.52873e-05
0.0104309
9.98758e-05
0.0104374
0.000112754
0.0104354
0.000137358
0.0104462
0.000150099
0.0104459
0.000183717
0.0104495
0.000208592
0.0104673
0.000235933
0.010452
0.000294509
0.0104817
0.000312819
0.0104774
0.000390127
0.0104732
0.000444496
0.0105115
0.000503642
0.010481
0.000617019
0.0105091
0.00068393
0.0104939
0.000838101
0.0105017
0.000922236
0.0104833
0.00112583
0.0104167
0.00131081
0.0104623
0.00143334
0.0103172
0.00179607
0.010221
0.00197513
0.0101542
0.00230025
0.00261707
0.0099364
0.010002
-5.52622e-06
0.0100079
-1.63786e-05
0.0100175
-2.66946e-05
0.0100305
-3.61345e-05
0.0100459
-4.37387e-05
0.010063
-4.92393e-05
0.0100812
-5.29337e-05
0.0101001
-5.54625e-05
0.0101193
-5.71572e-05
0.010139
-5.83143e-05
0.0101593
-5.95883e-05
0.0101803
-6.1184e-05
0.0102013
-6.18917e-05
0.0102217
-6.09689e-05
0.0102418
-5.94105e-05
0.0102616
-5.79133e-05
0.0102807
-5.5699e-05
0.0102984
-5.23371e-05
0.0103149
-4.87731e-05
0.0103304
-4.57888e-05
0.0103447
-4.29096e-05
0.0103576
-3.9383e-05
0.0103689
-3.51307e-05
0.0103786
-3.04803e-05
0.0103866
-2.56702e-05
0.010393
-2.08657e-05
0.010398
-1.63041e-05
0.0104017
-1.22218e-05
0.0104045
-8.74523e-06
0.0104065
-5.88795e-06
0.0104079
-3.59698e-06
0.0104089
-1.77961e-06
0.0104097
-3.31097e-07
0.0104102
8.47403e-07
0.0104107
1.83624e-06
0.0104111
2.71131e-06
0.0104114
3.54178e-06
0.0104118
4.37073e-06
0.0104121
5.25531e-06
0.0104125
6.20429e-06
0.010413
7.3011e-06
0.0104135
8.48849e-06
0.0104141
9.95338e-06
0.0104148
1.14718e-05
0.0104155
1.35039e-05
0.0104165
1.54304e-05
0.0104174
1.83022e-05
0.0104188
2.07312e-05
0.01042
2.4757e-05
0.0104219
2.79424e-05
0.0104236
3.32882e-05
0.0104257
3.79992e-05
0.0104287
4.43276e-05
0.0104305
5.22027e-05
0.0104355
5.87314e-05
0.0104371
7.14694e-05
0.0104434
7.90328e-05
0.0104482
9.50417e-05
0.0104506
0.000110385
0.0104655
0.000122471
0.0104601
0.000155455
0.0104823
0.000161592
0.010485
0.000205872
0.010489
0.000231945
0.0105262
0.000257287
0.0105063
0.000332706
0.0105502
0.000346266
0.0105598
0.000434884
0.010564
0.000499446
0.0106109
0.000570099
0.0106001
0.000694705
0.0106599
0.000778349
0.0106234
0.000958728
0.0106682
0.00108104
0.0106942
0.00128481
0.0106084
0.00151914
0.0106283
0.00177615
0.0105444
0.00205901
0.0104717
0.00237293
0.00281458
0.0102742
0.0100024
-7.8878e-06
0.0100093
-2.33513e-05
0.0100204
-3.78049e-05
0.0100353
-5.09551e-05
0.0100524
-6.08317e-05
0.0100705
-6.73837e-05
0.0100893
-7.17168e-05
0.0101088
-7.49423e-05
0.0101286
-7.70131e-05
0.0101487
-7.84368e-05
0.0101697
-8.05641e-05
0.0101915
-8.29389e-05
0.010213
-8.33812e-05
0.0102337
-8.17085e-05
0.0102543
-8.00454e-05
0.010275
-7.85887e-05
0.0102948
-7.54689e-05
0.010313
-7.05767e-05
0.0103299
-6.5699e-05
0.0103457
-6.15281e-05
0.0103598
-5.7044e-05
0.0103719
-5.14696e-05
0.0103819
-4.51147e-05
0.0103899
-3.85256e-05
0.0103962
-3.19455e-05
0.0104009
-2.55614e-05
0.0104043
-1.9685e-05
0.0104067
-1.45838e-05
0.0104083
-1.03582e-05
0.0104094
-6.97315e-06
0.0104101
-4.32329e-06
0.0104106
-2.28713e-06
0.010411
-7.33782e-07
0.0104113
5.2166e-07
0.0104116
1.53272e-06
0.0104119
2.40002e-06
0.0104123
3.2023e-06
0.0104127
3.98434e-06
0.0104131
4.81435e-06
0.0104136
5.68793e-06
0.0104142
6.71224e-06
0.0104149
7.7882e-06
0.0104157
9.16607e-06
0.0104166
1.05222e-05
0.0104177
1.24499e-05
0.010419
1.41554e-05
0.0104204
1.68723e-05
0.0104221
1.90512e-05
0.010424
2.27928e-05
0.0104263
2.57079e-05
0.0104288
3.07407e-05
0.0104322
3.46251e-05
0.0104347
4.18151e-05
0.0104409
4.6021e-05
0.0104418
5.78425e-05
0.0104526
6.06064e-05
0.0104523
7.93817e-05
0.0104646
8.27304e-05
0.0104725
0.000102443
0.0104733
0.000121748
0.0105035
0.000125243
0.0104888
0.000176283
0.0105291
0.000165612
0.0105322
0.000228812
0.0105456
0.000243859
0.0105882
0.000290136
0.0105878
0.00034668
0.0106414
0.000381277
0.0106378
0.000503021
0.0107221
0.00048576
0.0107171
0.000699703
0.0107554
0.000740103
0.0108598
0.000854341
0.0108166
0.00112426
0.0109031
0.0011983
0.0108968
0.00152545
0.0109405
0.00173239
0.0108966
0.00210289
0.0107934
0.00247612
0.0028974
0.0107106
0.010003
-1.09186e-05
0.0100119
-3.21975e-05
0.0100256
-5.15725e-05
0.0100432
-6.847e-05
0.0100624
-8.00325e-05
0.0100818
-8.67972e-05
0.0101013
-9.12416e-05
0.0101214
-9.50333e-05
0.0101419
-9.75542e-05
0.010163
-9.94967e-05
0.0101852
-0.000102727
0.0102078
-0.000105582
0.0102296
-0.000105134
0.0102506
-0.000102799
0.0102723
-0.000101724
0.0102942
-0.000100497
0.0103148
-9.60418e-05
0.0103337
-8.94493e-05
0.0103514
-8.3441e-05
0.0103678
-7.79082e-05
0.0103818
-7.10333e-05
0.0103927
-6.24313e-05
0.0104008
-5.3178e-05
0.0104064
-4.41273e-05
0.01041
-3.55139e-05
0.010412
-2.75509e-05
0.0104129
-2.05926e-05
0.0104131
-1.48369e-05
0.010413
-1.02697e-05
0.0104128
-6.75587e-06
0.0104126
-4.10385e-06
0.0104124
-2.12606e-06
0.0104124
-6.41814e-07
0.0104124
4.91112e-07
0.0104125
1.40573e-06
0.0104127
2.1733e-06
0.0104131
2.88321e-06
0.0104135
3.569e-06
0.010414
4.30944e-06
0.0104146
5.06563e-06
0.0104153
6.0051e-06
0.0104162
6.8985e-06
0.0104171
8.23968e-06
0.0104184
9.23297e-06
0.0104195
1.13298e-05
0.0104215
1.21953e-05
0.0104227
1.57017e-05
0.0104258
1.59231e-05
0.0104267
2.18612e-05
0.0104317
2.07676e-05
0.0104323
3.01167e-05
0.0104391
2.78334e-05
0.0104408
4.00757e-05
0.0104474
3.94803e-05
0.0104543
5.09489e-05
0.0104569
5.79708e-05
0.0104719
6.43977e-05
0.0104728
8.18271e-05
0.0104883
8.69577e-05
0.0105036
0.000106426
0.010502
0.00012679
0.0105456
0.000132711
0.0105292
0.000182058
0.0105845
0.000173468
0.0105868
0.000241573
0.0106201
0.000256853
0.0106723
0.000294501
0.0106649
0.00038858
0.0107797
0.000388286
0.0107512
0.000514194
0.0108636
0.000587313
0.0109063
0.000697396
0.0109843
0.000776377
0.0110356
0.00107296
0.0111183
0.00111564
0.0112396
0.00140415
0.0112125
0.00175948
0.0112865
0.00202892
0.0112572
0.00250539
0.002901
0.0112536
0.0100043
-1.52423e-05
0.0100166
-4.44743e-05
0.0100351
-7.00369e-05
0.0100562
-8.96502e-05
0.0100775
-0.000101324
0.0100979
-0.000107167
0.0101184
-0.000111776
0.0101397
-0.000116295
0.0101611
-0.000118907
0.0101832
-0.00012163
0.0102071
-0.00012659
0.0102309
-0.000129437
0.0102527
-0.000126908
0.0102738
-0.000123942
0.0102968
-0.00012475
0.0103206
-0.000124238
0.0103426
-0.000118082
0.010363
-0.000109777
0.0103822
-0.000102718
0.0103994
-9.50506e-05
0.0104126
-8.42276e-05
0.0104213
-7.11092e-05
0.0104261
-5.79838e-05
0.0104279
-4.5955e-05
0.0104275
-3.51467e-05
0.0104258
-2.57881e-05
0.0104234
-1.82065e-05
0.0104209
-1.236e-05
0.0104186
-8.02437e-06
0.0104168
-4.89752e-06
0.0104154
-2.68244e-06
0.0104144
-1.12913e-06
0.0104138
-4.93326e-08
0.0104134
8.40826e-07
0.0104133
1.50247e-06
0.0104134
2.07179e-06
0.0104137
2.61482e-06
0.0104141
3.14803e-06
0.0104147
3.75585e-06
0.0104154
4.36165e-06
0.0104162
5.17869e-06
0.0104172
5.87968e-06
0.0104184
7.102e-06
0.0104198
7.82346e-06
0.0104213
9.77343e-06
0.0104232
1.03463e-05
0.0104255
1.34059e-05
0.0104275
1.38778e-05
0.0104315
1.78944e-05
0.0104328
1.94997e-05
0.0104403
2.26119e-05
0.0104393
2.87558e-05
0.0104518
2.75877e-05
0.0104498
4.14819e-05
0.0104638
3.69788e-05
0.0104692
5.25633e-05
0.0104739
5.97346e-05
0.0104988
5.68812e-05
0.0104888
9.69373e-05
0.0105289
6.63594e-05
0.0105248
0.000130873
0.0105526
0.000104917
0.0105824
0.00015231
0.010585
0.000170844
0.0106555
0.000171084
0.010633
0.000279282
0.010751
0.000176496
0.0107169
0.000422759
0.0108266
0.00027858
0.0109003
0.000440441
0.0108895
0.000598117
0.0111096
0.000477271
0.0110737
0.000812341
0.0112628
0.000883807
0.0113729
0.00100557
0.0114837
0.00129333
0.0115638
0.00167943
0.0117723
0.00182035
0.011778
0.00249976
0.00297564
0.0117033
0.0100069
-2.21077e-05
0.0100266
-6.42089e-05
0.0100515
-9.49522e-05
0.0100766
-0.000114691
0.0100998
-0.000124594
0.010121
-0.000128365
0.0101427
-0.000133465
0.010166
-0.00013954
0.0101887
-0.000141662
0.0102116
-0.000144495
0.0102368
-0.000151818
0.0102621
-0.000154721
0.0102843
-0.000149156
0.010306
-0.000145585
0.0103298
-0.000148596
0.0103541
-0.000148477
0.0103769
-0.000140916
0.0103995
-0.00013237
0.0104221
-0.000125305
0.0104414
-0.000114398
0.0104541
-9.68987e-05
0.0104594
-7.6448e-05
0.0104589
-5.74257e-05
0.0104543
-4.1332e-05
0.0104473
-2.81776e-05
0.0104395
-1.80456e-05
0.0104322
-1.09027e-05
0.010426
-6.14142e-06
0.0104212
-3.15974e-06
0.0104176
-1.31189e-06
0.010415
-1.48436e-07
0.0104134
4.96639e-07
0.0104124
9.61552e-07
0.0104119
1.33902e-06
0.0104117
1.65923e-06
0.0104118
1.96937e-06
0.0104122
2.30813e-06
0.0104126
2.66992e-06
0.0104133
3.11934e-06
0.0104141
3.56561e-06
0.010415
4.23218e-06
0.0104162
4.71691e-06
0.0104174
5.83808e-06
0.0104192
6.11096e-06
0.0104206
8.28267e-06
0.0104234
7.57896e-06
0.0104246
1.219e-05
0.0104297
8.80134e-06
0.0104292
1.83896e-05
0.0104391
9.64456e-06
0.0104345
2.71815e-05
0.0104523
1.09674e-05
0.0104418
3.80723e-05
0.0104692
1.40589e-05
0.0104533
5.29242e-05
0.01049
1.58806e-05
0.0104703
7.93689e-05
0.0105158
1.14303e-05
0.0104968
0.000115899
0.0105442
1.89983e-05
0.0105427
0.000132374
0.0105734
7.42093e-05
0.0105953
0.000130439
0.0106443
0.000121812
0.0106281
0.000187225
0.0107531
0.000154289
0.0107223
0.000207323
0.0108122
0.000332849
0.010897
0.000193835
0.010969
0.000368408
0.0109935
0.000573635
0.0112167
0.000254006
0.0112461
0.000782998
0.0114213
0.000708581
0.0116082
0.000818695
0.0117541
0.00114744
0.012091
0.00134247
0.0121147
0.00179671
0.0124329
0.00218154
0.00293502
0.0124735
0.0100141
-3.62046e-05
0.0100439
-9.40142e-05
0.0100774
-0.00012841
0.0101068
-0.000144118
0.0101304
-0.000148166
0.010151
-0.000149011
0.0101739
-0.000156386
0.0101991
-0.000164753
0.0102225
-0.00016498
0.0102446
-0.000166662
0.0102683
-0.000175502
0.0102902
-0.000176592
0.0103087
-0.000167648
0.0103286
-0.000165538
0.0103515
-0.000171461
0.0103732
-0.00017017
0.0103926
-0.00016034
0.0104122
-0.000151996
0.0104318
-0.000144906
0.0104473
-0.000129829
0.0104553
-0.000104898
0.0104558
-7.69841e-05
0.0104505
-5.21493e-05
0.0104413
-3.20647e-05
0.0104299
-1.68109e-05
0.0104183
-6.46446e-06
0.010408
-5.78043e-07
0.0103992
2.6694e-06
0.0103924
3.63126e-06
0.0103874
3.64259e-06
0.010384
3.24542e-06
0.0103818
2.73403e-06
0.0103804
2.30894e-06
0.0103798
2.03556e-06
0.0103795
1.90001e-06
0.0103796
1.8764e-06
0.0103799
1.96667e-06
0.0103805
2.11509e-06
0.0103812
2.39902e-06
0.0103822
2.62915e-06
0.0103832
3.18931e-06
0.0103846
3.31588e-06
0.0103859
4.51374e-06
0.0103881
3.97674e-06
0.0103895
6.82169e-06
0.0103929
4.19469e-06
0.0103943
1.07589e-05
0.0103993
3.83385e-06
0.0104016
1.61273e-05
0.0104061
5.06906e-06
0.0104146
1.8717e-05
0.0104096
1.59508e-05
0.0104405
7.18767e-06
0.0104044
5.01667e-05
0.0104842
-2.68358e-05
0.0103955
0.000104576
0.0105309
-5.60166e-05
0.0104145
0.000127827
0.010543
-1.26834e-05
0.0104987
6.33638e-05
0.0105163
0.000114695
0.0106162
-2.56559e-05
0.0105002
0.000246457
0.0107165
-9.44646e-05
0.0105523
0.000351363
0.0107739
-6.72873e-05
0.0107312
0.000250042
0.0107303
0.000333748
0.0110711
-0.000146932
0.0107753
0.000664184
0.0111775
0.000171399
0.0112128
0.000218691
0.0113304
0.000665453
0.0115289
0.000510047
0.0118259
0.000521732
0.0120464
0.000926869
0.0123664
0.00102254
0.0127226
0.00144051
0.0129729
0.00193119
0.00254733
0.0133606
0.0100356
-7.18429e-05
0.0100796
-0.000138007
0.0101103
-0.000159038
0.0101267
-0.000160545
0.0101359
-0.00015734
0.0101447
-0.000157856
0.0101536
-0.000165274
0.0101586
-0.000169731
0.0101577
-0.000164134
0.0101552
-0.000164158
0.0101502
-0.000170471
0.0101399
-0.00016635
0.0101269
-0.000154619
0.0101146
-0.000153198
0.0101019
-0.000158767
0.0100869
-0.000155189
0.0100736
-0.000147077
0.0100632
-0.000141575
0.010053
-0.000134677
0.0100406
-0.000117396
0.0100266
-9.09819e-05
0.0100134
-6.37272e-05
0.0100022
-4.09313e-05
0.0099935
-2.3399e-05
0.00998745
-1.07649e-05
0.00998368
-2.69354e-06
0.00998163
1.47788e-06
0.00998105
3.24455e-06
0.00998115
3.53603e-06
0.00998161
3.17854e-06
0.00998222
2.63224e-06
0.00998286
2.09384e-06
0.00998351
1.66533e-06
0.00998417
1.37797e-06
0.00998486
1.20938e-06
0.0099856
1.13599e-06
0.00998643
1.13481e-06
0.00998735
1.19785e-06
0.00998844
1.30206e-06
0.00998961
1.46502e-06
0.00999115
1.64491e-06
0.00999255
1.91544e-06
0.00999492
2.14574e-06
0.0099963
2.6015e-06
0.0100004
2.76019e-06
0.0100008
3.73421e-06
0.0100084
3.18838e-06
0.0100061
6.14543e-06
0.01002
2.17146e-06
0.0100128
1.23475e-05
0.0100351
-3.67257e-06
0.0100241
2.69685e-05
0.0100501
-1.88136e-05
0.0100481
5.22328e-05
0.0100597
-3.84998e-05
0.0100923
7.19693e-05
0.0100655
-2.91827e-05
0.010152
4.12991e-05
0.0100801
5.91997e-05
0.0102083
-6.48099e-05
0.0101029
0.000220083
0.0102775
-0.000200214
0.0101411
0.000382829
0.0103541
-0.000307416
0.0102426
0.000462805
0.010412
-0.000236694
0.0104669
0.000195131
0.0104499
0.000350764
0.0107041
-0.000401066
0.0106041
0.000764135
0.0108727
-9.71591e-05
0.0110336
5.77129e-05
0.0110324
0.000666668
0.0117052
-0.000162687
0.0113238
0.000903077
0.0123846
-0.000133906
0.0122374
0.00116974
0.0134271
0.000250768
0.0134979
0.00186042
0.00149298
0.0145523
0.00992816
0.00979015
0.00963111
0.00947057
0.00931323
0.00915537
0.0089901
0.00882037
0.00865623
0.00849207
0.0083216
0.00815525
0.00800064
0.00784744
0.00768867
0.00753348
0.0073864
0.00724483
0.00711015
0.00699276
0.00690177
0.00683805
0.00679712
0.00677372
0.00676295
0.00676026
0.00676174
0.00676498
0.00676852
0.00677169
0.00677433
0.00677642
0.00677809
0.00677946
0.00678067
0.00678181
0.00678294
0.00678414
0.00678544
0.00678691
0.00678855
0.00679047
0.00679262
0.00679522
0.00679798
0.00680171
0.0068049
0.00681105
0.00681322
0.00682556
0.00682189
0.00684886
0.00683005
0.00688228
0.00684378
0.00691575
0.00688657
0.00692786
0.00698706
0.00692225
0.00714234
0.00694212
0.00732495
0.00701754
0.00748034
0.00724365
0.00743878
0.00778954
0.00738848
0.00815261
0.00805545
0.00811317
0.00877984
0.00861715
0.00952023
0.00938632
0.0105561
0.0108068
0.0126672
0.0141602
0.00380503
0.000286167
0.00350622
0.000298805
0.00319826
0.000307965
0.00288556
0.000312698
0.00257396
0.000311601
0.00226874
0.00030522
0.00197533
0.000293406
0.0017
0.000275335
0.00144641
0.000253592
0.00121558
0.00023083
0.0010087
0.000206882
0.000827707
0.000180989
0.000671181
0.000156526
0.000535535
0.000135646
0.00041727
0.000118264
0.00031316
0.00010411
0.000219421
9.37392e-05
0.000132891
8.653e-05
4.75244e-05
8.53666e-05
4.75245e-05
0.0071574
0.000582314
0.00683821
0.000617993
0.00649786
0.000648316
0.00613817
0.000672387
0.0057589
0.000690873
0.00536445
0.000699673
0.00495992
0.000697932
0.00454385
0.000691402
0.00411915
0.000678294
0.00369642
0.000653558
0.00327728
0.000626021
0.00285865
0.000599617
0.002447
0.000568181
0.00205131
0.000531331
0.00167345
0.000496129
0.00131097
0.000466594
0.000960526
0.000444179
0.000619948
0.000427107
0.000279613
0.000425702
0.000327138
0.00800333
0.00084177
0.00772365
0.000897676
0.00741824
0.000953724
0.00708826
0.00100237
0.00674171
0.00103742
0.00636763
0.00107376
0.00596494
0.00110062
0.00555585
0.00110049
0.00513272
0.00110142
0.00466672
0.00111956
0.00416662
0.00112611
0.00368029
0.00108595
0.00320336
0.00104511
0.0027175
0.00101719
0.00223055
0.000983081
0.00175252
0.000944623
0.0012879
0.000908793
0.000835712
0.0008793
0.000384146
0.000877268
0.000711284
0.00823591
0.00108233
0.00796589
0.00116769
0.00768335
0.00123627
0.00737634
0.00130937
0.00702919
0.00138457
0.00668256
0.00142039
0.00632209
0.00146109
0.00588576
0.00153683
0.00544686
0.00154032
0.00508064
0.00148579
0.00465377
0.00155298
0.00409755
0.00164217
0.00349759
0.00164507
0.00293603
0.00157876
0.00241724
0.00150187
0.00191611
0.00144575
0.00142061
0.0014043
0.000927441
0.00137247
0.000429569
0.00137514
0.00114085
0.00834348
0.00132244
0.00809522
0.00141595
0.00779319
0.0015383
0.00748341
0.00161915
0.00718222
0.00168576
0.00679561
0.001807
0.00640572
0.00185098
0.00609398
0.00184856
0.00567079
0.00196351
0.00503468
0.0021219
0.0044071
0.00218055
0.00396747
0.0020818
0.00357109
0.00204145
0.00306499
0.00208486
0.00249703
0.00206982
0.00194088
0.00200191
0.0014272
0.00191798
0.000936082
0.00186359
0.000437005
0.00187422
0.00157786
0.00846121
0.00156407
0.00817258
0.00170458
0.00791983
0.00179106
0.00760056
0.00193842
0.00721185
0.00207447
0.00691067
0.00210817
0.00654391
0.00221774
0.00602023
0.00237225
0.00573452
0.00224922
0.00568311
0.00217332
0.00544796
0.0024157
0.00488618
0.00264358
0.00419195
0.00273569
0.00351138
0.00276543
0.00284586
0.00273534
0.0022312
0.00261657
0.00163193
0.00251724
0.00104981
0.00244571
0.000482671
0.00244136
0.00206053
0.00858067
0.00179186
0.00834641
0.00193884
0.00799081
0.00214666
0.00769529
0.00223394
0.00739331
0.00237645
0.00695037
0.00255111
0.00658984
0.00257827
0.00624393
0.00271816
0.00564505
0.00284809
0.00483367
0.0029847
0.00393309
0.00331628
0.00287626
0.0037004
0.00186384
0.00374811
0.0012852
0.00334407
0.00109392
0.00292662
0.00104669
0.0026638
0.000969379
0.00259455
0.000751913
0.00266317
0.000384671
0.0028086
0.0024452
0.00873607
0.00205825
0.00845252
0.00222239
0.00820057
0.00239861
0.00780911
0.00262541
0.0074411
0.00274445
0.0071131
0.00287912
0.0065735
0.00311786
0.00622695
0.00306471
0.0061767
0.00289834
0.00606074
0.00310066
0.00619449
0.00318254
0.00675675
0.00313814
0.00704552
0.00345934
0.00646913
0.00392046
0.00521942
0.00417633
0.0037587
0.00412453
0.00245972
0.00389352
0.00142981
0.00369309
0.000617608
0.0036208
0.00306281
0.00895987
0.00224479
0.00862128
0.00256098
0.00832439
0.0026955
0.00808274
0.00286706
0.00756604
0.00326115
0.00719129
0.00325387
0.00690352
0.00340563
0.00616392
0.00380432
0.00523412
0.00382814
0.00427338
0.00406139
0.00280353
0.00465239
0.00116811
0.00477356
0.00031924
0.0043082
0.000136679
0.00410302
0.000373073
0.00393994
0.000755002
0.0037426
0.00091555
0.00373298
0.000776361
0.00383228
0.000410325
0.00398684
0.00347313
0.00909964
0.00252608
0.00894657
0.00271404
0.00854469
0.00309738
0.00808626
0.00332549
0.00785003
0.00349738
0.00735465
0.00374926
0.00678094
0.00397933
0.00650132
0.00408394
0.00631767
0.00401179
0.00637182
0.00400724
0.00639148
0.00463273
0.00579164
0.0053734
0.00483889
0.00526096
0.0040223
0.00491961
0.00332055
0.00464168
0.00260398
0.00445916
0.00186142
0.00447554
0.0011577
0.00453599
0.000522623
0.00462192
0.00399576
0.00945653
0.00273611
0.0090648
0.00310577
0.00884279
0.00331939
0.00847517
0.00369311
0.00802493
0.00394762
0.0075354
0.00423879
0.00696799
0.00454674
0.00634405
0.00470789
0.00537959
0.00497625
0.0040803
0.00530653
0.00346551
0.00524752
0.00375521
0.00508371
0.00425966
0.00475651
0.00440466
0.0047746
0.00394908
0.00509727
0.00308359
0.00532465
0.00216634
0.00539279
0.00134726
0.00535507
0.000616261
0.00535292
0.00461202
0.00971995
0.00295256
0.00943034
0.00339537
0.00909558
0.00365415
0.00867309
0.0041156
0.008222
0.0043987
0.00782982
0.00463097
0.00737619
0.00500037
0.00703358
0.00505049
0.00687332
0.00513651
0.00652906
0.0056508
0.0056794
0.00609718
0.00485324
0.00590987
0.00413787
0.00547187
0.00348092
0.00543155
0.00284389
0.0057343
0.00222381
0.00594473
0.00164043
0.00597616
0.001086
0.0059095
0.000512349
0.00592658
0.00512437
0.0100651
0.00316161
0.00983204
0.00362848
0.00949885
0.00398733
0.00914159
0.00447286
0.00850491
0.00503539
0.00787099
0.00526489
0.00708479
0.00578657
0.00595372
0.00618156
0.00483636
0.00625387
0.00425455
0.00623261
0.00399929
0.00635244
0.00346431
0.00644485
0.00266333
0.00627285
0.00204056
0.00605433
0.00173606
0.00603881
0.00153685
0.00614393
0.00126951
0.0062435
0.000891396
0.00628762
0.000425724
0.00639225
0.00555009
0.0105447
0.00332759
0.0102745
0.00389868
0.00972296
0.00453883
0.00937506
0.00482076
0.00908622
0.00532423
0.00864207
0.00570903
0.00854947
0.00587917
0.00845915
0.00627189
0.00803277
0.00668025
0.00723028
0.00703509
0.0063287
0.00725402
0.00526629
0.00750726
0.00407752
0.00746163
0.00303502
0.00709683
0.00234075
0.00673308
0.00187994
0.00660474
0.00145511
0.00666833
0.00098321
0.00675952
0.000466406
0.00690905
0.0060165
0.0109738
0.00360736
0.010806
0.00406653
0.0106194
0.00472539
0.00978746
0.00565271
0.00898549
0.00612619
0.00792499
0.00676954
0.0064567
0.00734746
0.00497501
0.00775358
0.00416426
0.007491
0.00398023
0.00721912
0.00400681
0.00722744
0.0042003
0.00731377
0.00429119
0.00737074
0.00397602
0.00741199
0.00331485
0.00739425
0.00254819
0.00737141
0.00181765
0.00739887
0.00115525
0.00742191
0.000535451
0.00752885
0.00655195
0.0117287
0.00358198
0.011262
0.00453322
0.0109404
0.00504697
0.0106169
0.00597627
0.0101601
0.00658296
0.0101529
0.00677674
0.0101805
0.00731983
0.00967425
0.00825986
0.00869566
0.0084696
0.00745848
0.00845629
0.00616865
0.00851727
0.00527424
0.00820818
0.0048263
0.00781867
0.00436751
0.00787078
0.00362873
0.00813303
0.00274502
0.00825511
0.00190829
0.0082356
0.00118274
0.00814747
0.00053614
0.00817545
0.00708809
0.0125165
0.00353905
0.0124015
0.00464813
0.0115494
0.00589914
0.0106231
0.00690254
0.00911362
0.00809243
0.00726113
0.00862923
0.00599445
0.0085865
0.00563373
0.00862058
0.00565947
0.00844385
0.00560561
0.00851016
0.00526558
0.00885731
0.00471678
0.00875697
0.00416382
0.00837164
0.0036262
0.0084084
0.00301381
0.00874543
0.00234127
0.00892765
0.00167787
0.00889899
0.00105993
0.00876541
0.000477453
0.00875793
0.00756554
0.0134409
0.00345872
0.0133286
0.00476045
0.0127646
0.00646312
0.0123046
0.00736261
0.0123745
0.00802256
0.0116004
0.00940326
0.0098239
0.010363
0.00795835
0.0104861
0.006528
0.0098742
0.00553651
0.00950164
0.00476003
0.00963379
0.00397915
0.00953785
0.00318266
0.00916813
0.00255953
0.00903153
0.00213308
0.00917188
0.00176156
0.00929917
0.00135232
0.00930823
0.000898117
0.00921961
0.000411799
0.00924425
0.00797734
0.0153831
0.00262788
0.0143869
0.00575661
0.0126026
0.00824743
0.0104573
0.00950794
0.00916432
0.00931552
0.00923899
0.00932859
0.00934767
0.0102544
0.00876072
0.0110731
0.00762725
0.0110077
0.00640198
0.0107269
0.00532376
0.010712
0.00420458
0.010657
0.00307539
0.0102973
0.00223039
0.00987654
0.00176478
0.00963749
0.00147557
0.00958838
0.00117243
0.00961137
0.00080255
0.00958949
0.000375398
0.0096714
0.00835274
0.0161139
0.000674163
0.0170373
0.00483325
0.0169581
0.00832663
0.0152535
0.0112126
0.0120305
0.0125385
0.00926196
0.0120971
0.00797172
0.0115446
0.00745611
0.0115887
0.00683542
0.0116284
0.00609761
0.0114647
0.00535109
0.0114585
0.00446297
0.0115451
0.00346046
0.0112998
0.00260457
0.0107324
0.0020187
0.0102234
0.00159886
0.0100082
0.00121341
0.00999681
0.000808005
0.0099949
0.000375157
0.0101042
0.00872789
0.0045514
-0.00387724
0.0104436
-0.0010589
0.0137569
0.00501331
0.0148944
0.0100751
0.0137068
0.0137261
0.0110595
0.0147444
0.00866726
0.0139368
0.007173
0.0130829
0.00626331
0.0125381
0.00557608
0.012152
0.00498466
0.01205
0.00441189
0.0121179
0.0037816
0.0119301
0.00311855
0.0113955
0.00247607
0.0108658
0.00188589
0.0105984
0.00135265
0.0105301
0.000859527
0.010488
0.000388112
0.0105757
0.00911601
0.000350801
-0.00422804
0.00551785
-0.00622594
0.00937147
0.00115969
0.0117534
0.00769312
0.0125038
0.0129757
0.0114206
0.0158276
0.00943727
0.0159202
0.00765716
0.0148631
0.00637761
0.0138176
0.00540819
0.0131214
0.00469395
0.0127642
0.00425634
0.0125555
0.00389229
0.0122942
0.00338877
0.011899
0.00272894
0.0115257
0.00203788
0.0112895
0.00141497
0.011153
0.00086991
0.0110331
0.000380367
0.0110652
0.00949637
0.00318306
-0.0074111
0.00413659
-0.00717948
0.00707074
-0.00177446
0.00902237
0.00574148
0.0102206
0.0117775
0.0100521
0.0159961
0.00884664
0.0171256
0.0073607
0.016349
0.00605607
0.0151222
0.0050274
0.01415
0.00430049
0.0134911
0.00392281
0.0129332
0.00365801
0.012559
0.00321924
0.0123378
0.00258521
0.0121597
0.00191368
0.011961
0.00131362
0.011753
0.000793425
0.0115533
0.000334668
0.011524
0.00983104
0.00302852
-0.0104396
0.00461746
-0.00876841
0.00624106
-0.00339806
0.00740775
0.00457479
0.00819889
0.0109864
0.00836992
0.015825
0.00760276
0.0178928
0.00638449
0.0175673
0.00529945
0.0162073
0.00438458
0.0150649
0.00369338
0.0141823
0.00330327
0.0133233
0.00301428
0.012848
0.00260568
0.0127464
0.00207983
0.0126855
0.00154926
0.0124916
0.00107124
0.012231
0.00064245
0.0119821
0.000257947
0.0119085
0.010089
0.00203559
-0.0124752
0.00367446
-0.0104073
0.00522419
-0.00494779
0.0060091
0.00378988
0.00634377
0.0106517
0.0065449
0.0156239
0.0061516
0.0182861
0.0053688
0.0183501
0.00448259
0.0170935
0.00361327
0.0159342
0.00294055
0.014855
0.00248167
0.0137822
0.00211119
0.0132184
0.00175637
0.0131012
0.00140923
0.0130327
0.00108189
0.0128189
0.000767791
0.0125451
0.000458887
0.012291
0.000169112
0.0121982
0.0102581
0.00112592
-0.0136011
0.00283543
-0.0121168
0.00370626
-0.00581863
0.00435569
0.00314046
0.00458627
0.0104211
0.0046812
0.015529
0.00453908
0.0184282
0.00405108
0.0188381
0.00336927
0.0177753
0.00268738
0.0166161
0.00212549
0.0154169
0.00160709
0.0143006
0.00119442
0.0136311
0.0009417
0.0133539
0.000786332
0.013188
0.000646308
0.0129589
0.000479173
0.0127123
0.000282206
0.0124879
8.51097e-05
0.0123953
0.0103432
0.000804654
-0.0144058
0.00124438
-0.0125565
0.00165175
-0.006226
0.0020565
0.00273571
0.00242151
0.0100561
0.00261496
0.0153355
0.0025216
0.0185216
0.00233334
0.0190263
0.00206069
0.018048
0.00172392
0.0169529
0.00130572
0.0158351
0.000804765
0.0148016
0.000468559
0.0139673
0.000350954
0.0134715
0.000338209
0.0132008
0.000316657
0.0129805
0.000246647
0.0127823
0.00013284
0.0126017
1.43377e-05
0.0125138
0.0103575
-0.000280377
-0.0141254
-0.000666832
-0.0121701
-0.000849287
-0.00604355
-0.000410181
0.0022966
2.21786e-05
0.00962376
0.000298433
0.0150593
0.000560917
0.0182591
0.000709892
0.0188774
0.000762275
0.0179956
0.000707533
0.0170076
0.000446175
0.0160965
0.000150935
0.0150968
1.63764e-05
0.0141019
2.57853e-05
0.0134621
7.78485e-05
0.0131487
9.9275e-05
0.0129591
7.5679e-05
0.0128059
1.35155e-05
0.0126639
-4.56449e-05
0.012573
0.0103119
-0.00131133
-0.0128141
-0.00267799
-0.0108034
-0.00327276
-0.00544877
-0.00330316
0.00232701
-0.002889
0.00920959
-0.00228753
0.0144578
-0.00163478
0.0176063
-0.00103501
0.0182776
-0.000607586
0.0175681
-0.000368262
0.0167683
-0.000316509
0.0160447
-0.000259224
0.0150395
-0.000181097
0.0140237
-0.000114348
0.0133954
-6.74935e-05
0.0131019
-4.71915e-05
0.0129388
-5.30952e-05
0.0128118
-8.07481e-05
0.0126916
-9.76253e-05
0.0125899
0.0102143
-0.00209252
-0.0107216
-0.00420225
-0.00869367
-0.00550748
-0.00414355
-0.00591852
0.00273805
-0.00554906
0.00884013
-0.00492757
0.0138363
-0.00398432
0.0166631
-0.0028226
0.0171159
-0.00184559
0.0165911
-0.00123065
0.0161534
-0.000770928
0.015585
-0.000436425
0.014705
-0.000258129
0.0138454
-0.000196463
0.0133337
-0.000173978
0.0130794
-0.000161491
0.0129263
-0.000156971
0.0128073
-0.000164686
0.0126993
-0.000144759
0.0125699
0.0100695
-0.00324298
-0.00747858
-0.0056815
-0.00625515
-0.00737247
-0.00245258
-0.00800791
0.00337349
-0.00782672
0.00865893
-0.00701744
0.013027
-0.0055497
0.0151953
-0.00393771
0.0155039
-0.00268858
0.015342
-0.00174835
0.0152131
-0.00103714
0.0148738
-0.000581372
0.0142492
-0.000386559
0.0136506
-0.000330403
0.0132775
-0.000307283
0.0130563
-0.000283949
0.0129029
-0.000260935
0.0127842
-0.000243062
0.0126814
-0.000188656
0.0125155
0.00988086
-0.00267483
-0.00480375
-0.00578518
-0.00314481
-0.0080765
-0.000161255
-0.00897198
0.00426897
-0.0088151
0.00850206
-0.00771598
0.0119279
-0.00592209
0.0134015
-0.00433856
0.0139203
-0.00305843
0.0140619
-0.00205311
0.0142078
-0.00131995
0.0141406
-0.000859648
0.0137889
-0.000650066
0.013441
-0.000551874
0.0131793
-0.000483082
0.0129875
-0.000420905
0.0128408
-0.000365101
0.0127284
-0.000316591
0.0126329
-0.000227521
0.0124265
0.00965334
-0.00288091
-0.00192284
-0.00555716
-0.000468561
-0.00768572
0.0019673
-0.00870734
0.00529059
-0.00848315
0.00827786
-0.00733307
0.0107778
-0.00576093
0.0118293
-0.00442062
0.01258
-0.00323701
0.0128783
-0.00235155
0.0133224
-0.00167067
0.0134597
-0.00122837
0.0133466
-0.000969978
0.0131827
-0.000797611
0.013007
-0.000664669
0.0128545
-0.000554038
0.0127301
-0.000461071
0.0126355
-0.000380711
0.0125525
-0.000258348
0.0123041
0.00939499
-0.00227281
0.00034997
-0.00460622
0.00186486
-0.00646023
0.00382131
-0.00750644
0.0063368
-0.00743767
0.00820909
-0.00650773
0.0098479
-0.00548066
0.0108023
-0.00434874
0.0114481
-0.00339804
0.0119276
-0.00263441
0.0125587
-0.00200197
0.0128273
-0.00156034
0.012905
-0.00124139
0.0128637
-0.00100191
0.0127675
-0.000813824
0.0126664
-0.000661994
0.0125783
-0.000537133
0.0125106
-0.000428345
0.0124438
-0.00027779
0.0121536
0.0091172
-0.00184033
0.0021903
-0.00363607
0.0036606
-0.00496224
0.00514747
-0.00583058
0.00720515
-0.0060374
0.00841592
-0.00545487
0.00926537
-0.00494375
0.0102911
-0.00407205
0.0105764
-0.00342127
0.0112768
-0.00276398
0.0119014
-0.00220284
0.0122662
-0.0017627
0.0124649
-0.00141047
0.0125115
-0.00113383
0.0124909
-0.000912839
0.0124454
-0.000734267
0.0123997
-0.000586477
0.0123628
-0.000455318
0.0123126
-0.000284215
0.0119825
0.00883299
-0.0013738
0.0035641
-0.00278871
0.00507552
-0.00369407
0.00605282
-0.00421203
0.00772311
-0.00455208
0.00875597
-0.0043004
0.00901369
-0.00412784
0.0101186
-0.00359394
0.0100425
-0.0031987
0.0108816
-0.00268326
0.011386
-0.00222575
0.0118087
-0.00181757
0.0120567
-0.00147347
0.0121674
-0.00119166
0.0122091
-0.000960629
0.0122144
-0.000770082
0.0122092
-0.000608769
0.0122015
-0.000462199
0.012166
-0.000278816
0.0117991
0.00855417
-0.000977808
0.00454191
-0.0021115
0.00620921
-0.00281657
0.00675789
-0.00302629
0.00793283
-0.00328485
0.00901453
-0.00325171
0.00898055
-0.00324311
0.01011
-0.00301752
0.00981691
-0.0027946
0.0106586
-0.00244512
0.0110365
-0.00209915
0.0114627
-0.00175505
0.0117126
-0.0014501
0.0118624
-0.00118713
0.0119461
-0.000963811
0.0119911
-0.000773307
0.0120187
-0.000607032
0.0120352
-0.00045208
0.0120111
-0.000264464
0.0116115
0.00828971
-0.000664726
0.00520663
-0.00155624
0.00710072
-0.00221446
0.00741611
-0.00230794
0.00802631
-0.00240535
0.00911194
-0.00247002
0.00904523
-0.0025018
0.0101417
-0.00247393
0.00978904
-0.00235304
0.0105377
-0.00214358
0.0108271
-0.00189161
0.0112107
-0.00162181
0.0114428
-0.00136775
0.0116084
-0.00113653
0.0117149
-0.000931609
0.0117862
-0.000749707
0.0118368
-0.000585501
0.011871
-0.000428542
0.0118541
-0.000243652
0.0114266
0.00804606
-0.000441623
0.00564826
-0.00109839
0.00775749
-0.00173125
0.00804897
-0.00187698
0.00817204
-0.00187761
0.00911257
-0.00196972
0.00913734
-0.00197852
0.0101505
-0.00203835
0.00984887
-0.00197091
0.0104703
-0.00185016
0.0107063
-0.00166649
0.011027
-0.00146087
0.0112372
-0.00125435
0.0114019
-0.0010573
0.0115178
-0.000874833
0.0116037
-0.000706335
0.0116683
-0.000549131
0.0117138
-0.000395407
0.0117004
-0.000218622
0.0112498
0.00782743
-0.0003021
0.00595036
-0.000746777
0.00820217
-0.00130293
0.00860513
-0.0015535
0.00842261
-0.00155606
0.00911512
-0.00165763
0.0092389
-0.00163226
0.0101252
-0.00171141
0.00992801
-0.00166874
0.0104276
-0.00159334
0.0106309
-0.00145686
0.0108906
-0.00129891
0.0110792
-0.00113107
0.011234
-0.000964538
0.0113513
-0.000804069
0.0114432
-0.000650652
0.0115149
-0.000503229
0.0115664
-0.000356369
0.0115535
-0.000191519
0.0110849
0.00763591
-0.000223806
0.00617416
-0.000509074
0.00848743
-0.000938215
0.00903427
-0.00125796
0.00874236
-0.00131737
0.00917453
-0.00143215
0.00935368
-0.00139086
0.0100839
-0.00146021
0.00999737
-0.0014283
0.0103957
-0.00137339
0.010576
-0.00126997
0.0107871
-0.00114619
0.0109554
-0.00100891
0.0110967
-0.000867989
0.0112104
-0.000727404
0.0113027
-0.000588975
0.0113764
-0.00045261
0.01143
-0.000314908
0.0114158
-0.000164273
0.0109343
0.00747164
-0.000179817
0.00635398
-0.000371944
0.00867956
-0.000661569
0.00932389
-0.000988459
0.00906925
-0.00110494
0.00929101
-0.00123453
0.00948327
-0.00120085
0.0100502
-0.00125494
0.0100515
-0.00122871
0.0103695
-0.00118371
0.010531
-0.00110376
0.0107072
-0.0010048
0.0108565
-0.000891982
0.0109839
-0.000772528
0.0110909
-0.000649726
0.0111799
-0.000525675
0.0112524
-0.000400868
0.0113052
-0.000273693
0.0112886
-0.000138321
0.0107989
0.00733332
-0.000150117
0.0065041
-0.000303667
0.00883311
-0.000478124
0.00949835
-0.000763646
0.00935477
-0.000910151
0.00943752
-0.00104726
0.00962037
-0.00103445
0.0100374
-0.00107787
0.0100949
-0.00105689
0.0103485
-0.00101908
0.0104932
-0.000955992
0.0106441
-0.000875636
0.0107761
-0.000782371
0.0108907
-0.000680903
0.0109894
-0.000573947
0.0110729
-0.000463489
0.0111419
-0.000350382
0.0111921
-0.000234463
0.0111727
-0.000114547
0.010679
0.00721877
-0.000122011
0.00662611
-0.000267616
0.00897872
-0.000370076
0.00960081
-0.000592924
0.00957762
-0.000741409
0.009586
-0.000874022
0.00975299
-0.000882505
0.0100459
-0.000920492
0.0101329
-0.000905709
0.0103337
-0.000875314
0.0104628
-0.000825037
0.0105938
-0.000759207
0.0107103
-0.000681568
0.010813
-0.000595126
0.010903
-0.000502157
0.0109799
-0.00040434
0.0110441
-0.000302732
0.0110905
-0.000198293
0.0110683
-9.34015e-05
0.0105741
0.00712537
-9.18222e-05
0.00671793
-0.000239268
0.00912616
-0.000309321
0.00967086
-0.000471205
0.0097395
-0.000604385
0.00971918
-0.000722221
0.00987082
-0.000745378
0.010069
-0.000780207
0.0101677
-0.000771811
0.0103253
-0.000748961
0.0104399
-0.000709014
0.0105539
-0.000655092
0.0106563
-0.000590198
0.0107481
-0.000516437
0.0108292
-0.000435729
0.0108992
-0.000349505
0.0109579
-0.000258939
0.011
-0.000165793
0.0109751
-7.50645e-05
0.0104834
0.00705031
-6.12743e-05
0.0067792
-0.000207253
0.00927214
-0.000270273
0.00973388
-0.000385012
0.00985424
-0.000496828
0.009831
-0.000594688
0.00996868
-0.000625233
0.0100996
-0.000656894
0.0101994
-0.000653982
0.0103224
-0.000637795
0.0104238
-0.000606352
0.0105224
-0.00056235
0.0106123
-0.000508079
0.0106939
-0.000445205
0.0107664
-0.000375314
0.0108293
-0.000299688
0.0108822
-0.000219553
0.0109198
-0.000137235
0.0108928
-5.94982e-05
0.0104057
0.00699081
-3.39399e-05
0.00681314
-0.000170177
0.00940838
-0.000236841
0.00980054
-0.000320447
0.00993785
-0.0004119
0.00992245
-0.000489524
0.0100463
-0.00052237
0.0101324
-0.000550292
0.0102273
-0.000551491
0.0103236
-0.00054051
0.0104128
-0.000515906
0.0104978
-0.000480103
0.0105765
-0.000434768
0.0106485
-0.000381271
0.0107129
-0.000320975
0.010769
-0.000255011
0.0108163
-0.000184634
0.0108494
-0.000112489
0.0108207
-4.65171e-05
0.0103397
0.00694429
-1.26846e-05
0.00682583
-0.000131713
0.00952741
-0.00020274
0.00987157
-0.000267818
0.0100029
-0.000342622
0.00999726
-0.000402839
0.0101065
-0.000435105
0.0101647
-0.00045908
0.0102512
-0.000463069
0.0103276
-0.000455883
0.0104056
-0.000436725
0.0104787
-0.000407637
0.0105475
-0.000369793
0.0106107
-0.00032441
0.0106675
-0.000272624
0.0107173
-0.000215444
0.0107591
-0.000154074
0.0107881
-9.14156e-05
0.010758
-3.58125e-05
0.0102841
0.00690848
1.61187e-06
0.00682422
-9.63004e-05
0.00962532
-0.000167819
0.00994309
-0.000222118
0.0100572
-0.000284128
0.0100593
-0.00033083
0.0101532
-0.000361068
0.0101949
-0.000381385
0.0102716
-0.000387055
0.0103333
-0.000382545
0.0104011
-0.000367704
0.0104638
-0.000344058
0.0105238
-0.000312522
0.0105791
-0.000274129
0.0106291
-0.000229817
0.0106729
-0.000180527
0.0107098
-0.000127439
0.010735
-7.33597e-05
0.0107039
-2.70801e-05
0.0102378
0.0068814
1.07728e-05
0.00681344
-6.67182e-05
0.00970281
-0.000134187
0.0100106
-0.000181521
0.0101046
-0.000233682
0.0101114
-0.000270542
0.0101901
-0.000298083
0.0102225
-0.000315284
0.0102888
-0.000321788
0.0103398
-0.000319135
0.0103984
-0.000307702
0.0104524
-0.00028851
0.0105046
-0.000262318
0.0105529
-0.000229988
0.0105967
-0.000192341
0.0106353
-0.000150187
0.0106677
-0.000104573
0.0106894
-5.85032e-05
0.0106579
-1.99803e-05
0.0101993
0.00686142
1.4096e-05
0.00679935
-4.42895e-05
0.0097612
-0.000104106
0.0100704
-0.000145781
0.0101462
-0.000189967
0.0101556
-0.0002198
0.0102199
-0.000244365
0.010247
-0.000259016
0.0103034
-0.000265735
0.0103465
-0.00026436
0.0103971
-0.000255563
0.0104436
-0.000240008
0.0104891
-0.000218294
0.0105312
-0.000191162
0.0105696
-0.000159265
0.0106034
-0.000123387
0.0106318
-8.45756e-05
0.0106506
-4.52419e-05
0.0106185
-1.42238e-05
0.0101683
0.0068472
1.43926e-05
0.00678495
-2.82054e-05
0.00980379
-7.87102e-05
0.0101209
-0.000114961
0.0101825
-0.000152304
0.010193
-0.000176969
0.0102446
-0.000198477
0.0102686
-0.000211034
0.010316
-0.000217552
0.010353
-0.000217044
0.0103965
-0.000210329
0.0104369
-0.000197771
0.0104765
-0.000179942
0.0105134
-0.000157373
0.010547
-0.000130771
0.0105768
-0.000100651
0.0106017
-6.7891e-05
0.0106178
-3.54984e-05
0.0105861
-9.56169e-06
0.0101423
0.00683763
1.32603e-05
0.00677169
-1.69718e-05
0.00983403
-5.80317e-05
0.0101619
-8.88886e-05
0.0102133
-0.000120101
0.0102242
-0.000140731
0.0102652
-0.000159202
0.010287
-0.00016998
0.0103268
-0.000176007
0.0103591
-0.000176059
0.0103966
-0.000170919
0.0104318
-0.000160808
0.0104664
-0.00014612
0.0104987
-0.00012744
0.0105284
-0.000105044
0.0105544
-7.98021e-05
0.0105764
-5.2455e-05
0.0105904
-2.45449e-05
0.0105582
-5.69684e-06
0.0101235
0.00683194
1.17734e-05
0.00675992
-9.09349e-06
0.00985489
-4.14541e-05
0.0101943
-6.70602e-05
0.0102389
-9.27147e-05
0.0102498
-0.000109956
0.0102825
-0.000125499
0.0103026
-0.000134687
0.0103359
-0.000140071
0.0103644
-0.00014047
0.010397
-0.000136606
0.0104279
-0.000128563
0.0104584
-0.000116833
0.010487
-0.000101591
0.0105131
-8.37611e-05
0.0105366
-6.31512e-05
0.0105558
-4.08319e-05
0.0105681
-1.99784e-05
0.0105374
-2.57921e-06
0.0101061
0.00682936
1.055e-05
0.00674937
-3.32466e-06
0.00986877
-2.81314e-05
0.0102191
-4.87903e-05
0.0102596
-6.94242e-05
0.0102705
-8.36361e-05
0.0102967
-9.64046e-05
0.0103153
-0.000104115
0.0103437
-0.000108734
0.0103691
-0.000109296
0.0103976
-0.000106343
0.0104249
-9.99711e-05
0.010452
-9.03066e-05
0.0104773
-7.80692e-05
0.0105009
-6.26578e-05
0.0105212
-4.59405e-05
0.0105391
-2.75006e-05
0.0105497
-7.7431e-06
0.0105176
1.51235e-07
0.0100982
0.00682951
9.86512e-06
0.00673951
1.17639e-06
0.00987746
-1.7184e-05
0.0102375
-3.32999e-05
0.0102757
-4.94419e-05
0.0102866
-6.08822e-05
0.0103081
-7.1069e-05
0.0103255
-7.73645e-05
0.0103499
-8.11902e-05
0.0103729
-8.18125e-05
0.0103982
-7.96764e-05
0.0104228
-7.47901e-05
0.0104471
-6.76699e-05
0.0104702
-5.792e-05
0.0104911
-4.75615e-05
0.0105108
-3.41215e-05
0.0105257
-2.1035e-05
0.0105366
-1.05831e-05
0.0105072
2.82715e-06
0.0100848
0.00683234
9.79246e-06
0.00672971
5.26513e-06
0.00988198
-7.80696e-06
0.0102505
-1.99006e-05
0.0102878
-3.20494e-05
0.0102988
-4.08685e-05
0.0103169
-4.86822e-05
0.0103333
-5.35998e-05
0.0103549
-5.66123e-05
0.0103759
-5.71412e-05
0.0103987
-5.55267e-05
0.0104212
-5.17864e-05
0.0104434
-4.57564e-05
0.0104642
-3.86714e-05
0.0104841
-2.78257e-05
0.0105
-1.8787e-05
0.0105166
-5.39732e-06
0.0105232
8.54304e-06
0.0104932
3.88073e-06
0.0100894
0.00683622
1.02893e-05
0.00671942
9.18297e-06
0.00988309
5.45603e-07
0.0102592
-7.97661e-06
0.0102963
-1.65715e-05
0.0103073
-2.29233e-05
0.0103233
-2.85601e-05
0.010339
-3.21449e-05
0.0103584
-3.43284e-05
0.0103781
-3.48144e-05
0.0103992
-3.36931e-05
0.0104201
-3.11737e-05
0.0104408
-2.77176e-05
0.0104607
-2.19364e-05
0.0104783
-1.92515e-05
0.0104973
-9.46419e-06
0.0105068
-7.25931e-06
0.010521
-6.08781e-06
0.0104921
9.30608e-06
0.010074
0.00684552
1.12578e-05
0.00670817
1.31314e-05
0.00988122
8.37833e-06
0.0102639
3.14102e-06
0.0103016
-2.33065e-06
0.0103128
-6.46439e-06
0.0103274
-1.00502e-05
0.0103426
-1.23362e-05
0.0103607
-1.37854e-05
0.0103795
-1.39338e-05
0.0103993
-1.33284e-05
0.0104195
-1.13195e-05
0.0104388
-8.25994e-06
0.0104577
-5.67534e-06
0.0104757
3.9074e-06
0.0104877
2.7232e-06
0.010508
1.69513e-05
0.0105068
2.53836e-05
0.0104836
3.98386e-06
0.0100954
0.00684951
1.26337e-05
0.00669553
1.72948e-05
0.00987656
1.60176e-05
0.0102652
1.38854e-05
0.0103037
1.13297e-05
0.0103154
9.45772e-06
0.0103293
7.72155e-06
0.0103443
6.62319e-06
0.0103618
6.07063e-06
0.0103801
5.80704e-06
0.0103996
6.57827e-06
0.0104187
6.79148e-06
0.0104386
7.86282e-06
0.0104566
9.98617e-06
0.0104736
4.28309e-06
0.0104934
1.48532e-05
0.0104974
1.29514e-06
0.0105203
-3.45266e-07
0.0104853
2.16482e-05
0.0100734
0.00687115
1.43915e-05
0.00668114
2.18142e-05
0.00986913
2.37179e-05
0.0102633
2.44452e-05
0.010303
2.46085e-05
0.0103152
2.49009e-05
0.010329
2.49784e-05
0.0103442
2.52147e-05
0.0103616
2.52344e-05
0.0103801
2.57537e-05
0.0103991
2.52217e-05
0.0104192
2.65904e-05
0.0104372
2.59116e-05
0.0104573
2.56767e-05
0.0104738
3.42633e-05
0.0104848
2.09453e-05
0.0105108
4.3048e-05
0.0104982
3.59214e-05
0.0104924
-4.07786e-06
0.0101134
0.00686708
1.65262e-05
0.00666461
2.67791e-05
0.00985888
3.17178e-05
0.0102584
3.52281e-05
0.0102995
3.79669e-05
0.0103125
4.0383e-05
0.0103266
4.22382e-05
0.0103424
4.36567e-05
0.0103602
4.47744e-05
0.0103789
4.47357e-05
0.0103991
4.58788e-05
0.0104181
4.29504e-05
0.0104402
4.4093e-05
0.0104561
4.06755e-05
0.0104772
2.83195e-05
0.0104972
4.31637e-05
0.0104959
4.86091e-06
0.0105365
1.8269e-05
0.010479
4.48564e-05
0.0100869
0.00691193
1.90467e-05
0.00664557
3.22788e-05
0.00984565
4.02342e-05
0.0102504
4.65174e-05
0.0102932
5.18073e-05
0.0103072
5.63422e-05
0.010322
5.99552e-05
0.0103387
6.27073e-05
0.0103574
6.42336e-05
0.0103774
6.56648e-05
0.0103977
6.34322e-05
0.0104203
6.59399e-05
0.0104377
5.81965e-05
0.0104639
5.93275e-05
0.0104761
6.39716e-05
0.0104925
3.53605e-05
0.0105245
7.91813e-05
0.0104927
2.80631e-05
0.0105301
-2.08903e-05
0.0101358
0.00689104
2.19837e-05
0.00662358
3.84288e-05
0.0098292
4.9477e-05
0.0102394
5.86066e-05
0.0102841
6.64688e-05
0.0102993
7.32324e-05
0.0103153
7.85944e-05
0.0103334
8.26983e-05
0.0103533
8.54227e-05
0.0103747
8.57183e-05
0.0103974
8.78997e-05
0.0104181
8.00081e-05
0.0104456
8.59627e-05
0.0104579
7.1032e-05
0.010491
5.81708e-05
0.0105054
7.72911e-05
0.0105054
-2.25066e-06
0.0105723
6.07072e-05
0.0104672
7.22004e-05
0.0101243
0.00696324
2.53916e-05
0.00659819
4.53614e-05
0.00980923
5.96708e-05
0.0102251
7.17697e-05
0.010272
8.23625e-05
0.0102887
9.13521e-05
0.0103063
9.87932e-05
0.0103259
0.000104054
0.0103481
0.000107695
0.0103711
0.000109628
0.0103955
0.000105961
0.0104218
0.000110849
0.0104407
9.13052e-05
0.0104775
0.000101041
0.0104813
9.21359e-05
0.0105143
5.25978e-05
0.0105449
0.000132973
0.0104919
8.37988e-06
0.0105917
-2.49133e-05
0.0101576
0.00693833
2.93338e-05
0.00656886
5.32224e-05
0.00978534
7.10331e-05
0.0102072
8.6335e-05
0.0102567
9.97498e-05
0.0102753
0.000111376
0.0102947
0.000120452
0.0103169
0.000128039
0.0103405
0.000131649
0.0103674
0.000134054
0.0103931
0.00013516
0.0104207
0.000123329
0.0104525
0.000135856
0.0104649
0.000102963
0.0105142
0.000100349
0.0105169
0.000113791
0.0105315
-1.62321e-05
0.0106219
0.000104284
0.0104712
6.93458e-05
0.0101925
0.00700768
3.38829e-05
0.00653498
6.21662e-05
0.00975706
8.38149e-05
0.0101856
0.000102571
0.0102379
0.000119196
0.0102587
0.000133254
0.0102806
0.000145361
0.0103048
0.000152897
0.0103329
0.000160869
0.0103595
0.000160234
0.0103937
0.000160618
0.0104203
0.000161793
0.0104513
0.000134777
0.0104919
0.000152753
0.0104962
0.000120377
0.0105493
8.23316e-05
0.0105696
0.000194355
0.0105099
1.52859e-05
0.0106503
2.35866e-05
0.0101842
0.00703126
3.91246e-05
0.00649585
7.23679e-05
0.00972382
9.82673e-05
0.0101597
0.000120873
0.0102153
0.000140845
0.0102387
0.000158315
0.0102631
0.00017158
0.0102915
0.000184352
0.0103202
0.000186635
0.0103572
0.000197099
0.0103832
0.000187624
0.0104298
0.000184252
0.0104547
0.000188093
0.0104881
0.000146996
0.0105373
0.000156566
0.0105397
0.000149439
0.0105767
-4.90018e-06
0.0106642
0.000124961
0.0105204
2.36229e-05
0.0102856
0.00705489
4.51516e-05
0.0064507
8.40265e-05
0.00968494
0.00011467
0.0101291
0.000141554
0.0101884
0.000165463
0.0102148
0.000185776
0.0102428
0.000203738
0.0102735
0.000213281
0.0103106
0.000229431
0.010341
0.000219284
0.0103934
0.000237461
0.0104116
0.000216408
0.0104758
0.000206019
0.0104985
0.000210298
0.010533
0.000159843
0.0105902
0.0001317
0.0106048
0.000211344
0.0105846
2.44174e-05
0.0107074
8.77104e-05
0.0102223
0.0071426
5.20759e-05
0.00639862
9.73375e-05
0.00963968
0.000133369
0.010093
0.000165003
0.0101568
0.000193278
0.0101865
0.000217813
0.0102183
0.000236758
0.0102546
0.000256081
0.0102913
0.000255454
0.0103417
0.000281279
0.0103676
0.000247878
0.010445
0.000272608
0.010451
0.000240147
0.010531
0.000213256
0.0105599
0.000219397
0.010584
0.000182627
0.0106416
9.08685e-05
0.0106763
0.000217484
0.0105807
2.29871e-05
0.0104168
0.00716558
6.00021e-05
0.00633862
0.000112575
0.00958711
0.00015459
0.010051
0.000191832
0.0101195
0.000224699
0.0101537
0.000253716
0.0101893
0.000277762
0.0102305
0.000292295
0.0102768
0.000315892
0.0103181
0.000295458
0.010388
0.000337236
0.0104032
0.000282781
0.0105055
0.000306069
0.0105077
0.000284998
0.010581
0.000230415
0.0106386
0.00022482
0.0106472
0.000190011
0.0107111
-6.13059e-05
0.0108321
7.89456e-05
0.0102765
0.00724453
6.90724e-05
0.00626955
0.00012991
0.00952627
0.000178928
0.010002
0.000221948
0.0100765
0.000261366
0.0101142
0.000293752
0.0101569
0.000323491
0.0102008
0.000345011
0.0102553
0.000352318
0.0103108
0.000382807
0.0103575
0.000338667
0.0104474
0.000382651
0.0104615
0.000317591
0.0105727
0.000294232
0.0106043
0.000284976
0.0106479
0.00018523
0.0107469
0.000171659
0.0107247
0.000376995
0.0106267
5.70478e-05
0.0105965
0.00730158
7.93977e-05
0.00619015
0.000149745
0.00945592
0.000206351
0.00994538
0.000257058
0.0100258
0.000300886
0.0100704
0.000343494
0.0101143
0.000370233
0.0101741
0.000403752
0.0102217
0.000415287
0.0102992
0.000414913
0.0103579
0.000443477
0.0104188
0.000387002
0.010518
0.000415614
0.0105441
0.000385777
0.0106342
0.000333337
0.0107003
0.000391202
0.0106891
0.000316045
0.0107999
3.06961e-07
0.0109425
0.000247862
0.0103489
0.00754944
9.11395e-05
0.00609901
0.000172182
0.00937488
0.000237909
0.00987965
0.000295493
0.00996822
0.000350063
0.0100158
0.000390205
0.0100741
0.0004418
0.0101225
0.000450451
0.0102131
0.00049857
0.0102511
0.000492356
0.0103641
0.000489884
0.0104213
0.000515573
0.0104923
0.000448569
0.0106111
0.000433109
0.0106496
0.000391301
0.0107421
0.000199728
0.0108806
0.000112944
0.0108867
0.00018949
0.0108659
-0.000226024
0.0107644
0.00732341
0.000104431
0.00599458
0.000197715
0.0092816
0.00027321
0.00980416
0.000341166
0.00990027
0.000398981
0.00995803
0.000461503
0.0100116
0.000485593
0.0100984
0.000560044
0.0101386
0.000532569
0.0102786
0.000591423
0.0103052
0.000572635
0.0104401
0.000523893
0.010541
0.000556614
0.0105784
0.000457049
0.0107492
0.00042101
0.0107781
0.00050128
0.0108004
0.000492388
0.0108955
0.000463035
0.0108953
0.000703153
0.0105243
0.00802657
0.000119377
0.0058752
0.000226527
0.00917445
0.000313484
0.0097172
0.000390412
0.00982334
0.00046368
0.00988477
0.000515018
0.00996027
0.00059567
0.0100177
0.000585936
0.0101484
0.000688305
0.0101762
0.000644725
0.0103488
0.000670574
0.0104142
0.000720181
0.0104914
0.000605489
0.0106931
0.000688835
0.0106659
0.000610941
0.010856
0.000449149
0.0109622
0.000322577
0.0110221
1.95505e-05
0.0111983
-0.000319827
0.0108637
0.00770674
0.000136218
0.00573898
0.000258736
0.00905193
0.000358941
0.009617
0.000447714
0.00973456
0.000527225
0.00980525
0.000608493
0.00987901
0.000644324
0.0099819
0.000747399
0.0100453
0.000714535
0.0102091
0.000791573
0.0102718
0.000793893
0.0104119
0.000692742
0.0105926
0.000777561
0.0106083
0.000560986
0.0108824
0.000497909
0.0109191
0.000411702
0.0110484
0.000279709
0.0111541
0.000360367
0.0111176
0.000269239
0.0109548
0.00797598
0.000154797
0.00558419
0.00029535
0.00891138
0.000408659
0.00950369
0.000512932
0.00963029
0.000603506
0.00971468
0.000687452
0.00979506
0.000770867
0.00989848
0.000799856
0.0100163
0.00088956
0.0101194
0.000884151
0.0102772
0.0008848
0.0104112
0.000956382
0.010521
0.000824793
0.0107399
0.000915061
0.0107922
0.000861936
0.0109722
0.000850491
0.0110598
0.000811401
0.0111932
0.000718558
0.0112105
0.000593056
0.0110803
0.00856904
0.000175623
0.00540856
0.000334809
0.00875219
0.000467259
0.00937124
0.000579114
0.00951844
0.000697882
0.00959591
0.000776999
0.00971594
0.000883642
0.00979184
0.000944769
0.00995517
0.000990832
0.0100733
0.00105818
0.0102098
0.0010514
0.010418
0.00102963
0.0105428
0.00103498
0.0107345
0.000907046
0.0109201
0.000796582
0.0110827
0.00055653
0.0112999
0.000422281
0.0113275
-3.33015e-05
0.0116661
-0.000199565
0.0112466
0.00836947
0.000198018
0.00521055
0.000380332
0.00856988
0.000525934
0.00922563
0.000668478
0.00937589
0.000768879
0.00949551
0.000926241
0.00955858
0.000964166
0.00975392
0.00110185
0.00981749
0.00116453
0.0100106
0.00114169
0.0102327
0.00126714
0.0102926
0.00118531
0.0106246
0.00116548
0.0107543
0.00111226
0.0109733
0.000980785
0.0112142
0.000955071
0.0113256
0.000629199
0.0116533
0.000781802
0.0115135
0.000299751
0.0117286
0.00866922
0.000222741
0.00498781
0.000427318
0.0083653
0.000599846
0.00905311
0.000738636
0.0092371
0.000915366
0.00931878
0.000975976
0.00949797
0.00119034
0.00953955
0.00122093
0.00978689
0.00128538
0.00994618
0.00148168
0.0100364
0.00134572
0.0104285
0.00146436
0.0105059
0.00142812
0.0107906
0.00133333
0.0110681
0.0013389
0.0112086
0.00111993
0.0115445
0.00122765
0.0115456
0.000788988
0.0119521
0.000950671
0.011567
0.00961989
0.000248765
0.00473904
0.000481117
0.00813295
0.000668352
0.00886587
0.000854751
0.0090507
0.000974732
0.0091988
0.00120668
0.00926602
0.00124075
0.00950548
0.00141908
0.00960856
0.00157219
0.00979307
0.00148838
0.0101202
0.0016906
0.0102263
0.00163681
0.0105597
0.00157576
0.0108516
0.0015695
0.0110744
0.00130861
0.0114695
0.00117675
0.0116764
0.000682942
0.0120394
0.00056496
0.0120701
-0.000372687
0.0125046
0.0092472
0.000276051
0.00446299
0.000536497
0.0078725
0.000752935
0.00864943
0.000938681
0.00886496
0.00115436
0.00898313
0.00126378
0.00915659
0.00150257
0.0092667
0.00161584
0.00949529
0.00170189
0.00970701
0.00189576
0.00992633
0.00190474
0.0102173
0.00195504
0.0105094
0.00197484
0.0108318
0.00186756
0.0111816
0.00182929
0.0115078
0.00166238
0.0118433
0.00154461
0.0121572
0.00104809
0.0125666
0.00154636
0.0120063
0.0107936
0.000304783
0.00415821
0.000593468
0.00758382
0.000839642
0.00840326
0.00105352
0.00865108
0.00126106
0.00877559
0.00147675
0.0089409
0.00162903
0.00911442
0.00184061
0.00928371
0.00194163
0.00960599
0.00209285
0.00977511
0.00218386
0.0101263
0.00217855
0.0105147
0.0022316
0.0107788
0.00213044
0.0112828
0.00198952
0.0116487
0.0016757
0.0121571
0.00133654
0.0124963
0.00116923
0.0127339
-0.000467667
0.0136432
0.0103259
0.000331174
0.00382703
0.000658622
0.00725637
0.000915949
0.00814593
0.00119195
0.00837508
0.00138134
0.00858619
0.00165456
0.00866768
0.0018813
0.00888768
0.00199095
0.00917406
0.00234249
0.00925445
0.00241634
0.00970126
0.00251215
0.0100305
0.00277045
0.0102565
0.00267922
0.01087
0.00274258
0.0112194
0.00260272
0.0117886
0.00254724
0.0122126
0.00211259
0.012931
0.00142638
0.0134201
0.00208913
0.0129805
0.012415
0.000359724
0.00346731
0.000708607
0.00690748
0.00103347
0.00782107
0.00125134
0.00815721
0.00161435
0.00822318
0.00178207
0.00849996
0.00202172
0.00864804
0.00241986
0.00877592
0.00242812
0.00924619
0.00268947
0.0094399
0.00296142
0.00975855
0.00288038
0.0103375
0.00308209
0.0106683
0.00302356
0.011278
0.00293336
0.0118788
0.00251143
0.0126345
0.00233505
0.0131074
0.00190685
0.0138483
-0.0001774
0.0150647
0.0122376
0.000379795
0.00308751
0.00077924
0.00650804
0.00108242
0.0075179
0.00146735
0.00777227
0.00163972
0.00805082
0.00204313
0.00809654
0.00235832
0.00833286
0.00248657
0.00864767
0.00293159
0.00880117
0.00316074
0.00921075
0.00332068
0.00959861
0.00365919
0.00999898
0.00373069
0.0105968
0.00379414
0.0112145
0.00376572
0.0119072
0.0037969
0.0126034
0.00314211
0.0137622
0.00237138
0.0146191
0.00279692
0.0146392
0.0150345
0.000400698
0.00268682
0.000816135
0.0060926
0.00121386
0.00712017
0.00148151
0.00750462
0.00193251
0.00759981
0.00216822
0.00786083
0.00250599
0.00799509
0.00289741
0.00825624
0.00312118
0.00857741
0.00349373
0.00883819
0.0037222
0.00937014
0.00391559
0.0098056
0.00418706
0.0103253
0.00437054
0.011031
0.00440218
0.0118755
0.00411944
0.0128861
0.00404246
0.0138392
0.00337574
0.0152858
0.000465453
0.0175495
0.0155
0.000409067
0.00227775
0.000867668
0.005634
0.00126092
0.00672692
0.00167303
0.00709251
0.00197962
0.00729323
0.00243799
0.00740246
0.00273062
0.00770246
0.00318864
0.00779823
0.00362745
0.00813859
0.00384361
0.00862204
0.00435571
0.00885803
0.00474289
0.00941842
0.00495966
0.0101086
0.00512016
0.0108705
0.0053753
0.0116204
0.0056267
0.0126347
0.00501037
0.0144555
0.00485799
0.0154382
0.00543763
0.0169698
0.0209376
0.000407778
0.00186997
0.000900795
0.00514099
0.00132016
0.00630755
0.00176957
0.00664311
0.00217585
0.00688695
0.00251335
0.00706495
0.00312539
0.00709042
0.00338905
0.00753456
0.00377879
0.00774885
0.00445537
0.00794545
0.00469263
0.00862078
0.00508287
0.00902818
0.00553721
0.00965421
0.00622591
0.0101818
0.00627367
0.0115726
0.00675328
0.0121551
0.00715473
0.014054
0.00604893
0.016544
0.00438337
0.0186354
0.025321
0.0004007
0.00146927
0.000889478
0.00465221
0.00142209
0.00577494
0.00177845
0.00628675
0.00226734
0.00639807
0.00285982
0.00647248
0.00308373
0.00686651
0.00378681
0.00683148
0.00430438
0.00723128
0.00465625
0.00759359
0.00529419
0.00798283
0.0059145
0.00840788
0.00630695
0.00926176
0.00691384
0.00957494
0.0076481
0.0108384
0.00771444
0.0120888
0.00926293
0.0125055
0.00930039
0.0165065
0.0117284
0.0162074
0.0233479
0.0137016
0.000363037
0.00110623
0.000931358
0.00408389
0.0013401
0.00536619
0.00199611
0.00563074
0.00239147
0.00600271
0.00287943
0.00598452
0.00357515
0.00617079
0.00404372
0.00636292
0.00466639
0.00660861
0.00538044
0.00687954
0.00579045
0.00757282
0.00639558
0.00780275
0.00746836
0.00818898
0.00757001
0.00947329
0.00944372
0.00896467
0.00928663
0.0122458
0.0117175
0.0100747
0.0122069
0.0160171
0.016881
0.0115333
0.0195333
0.0206955
0.000339105
0.000767129
0.000818644
0.00360435
0.0014779
0.00470694
0.00177798
0.00533066
0.00249214
0.00528854
0.00291817
0.00555849
0.00357469
0.00551426
0.00421203
0.00572558
0.00480025
0.00602039
0.00520252
0.00647726
0.00668669
0.00608865
0.00612641
0.00836303
0.00851805
0.00579734
0.00801621
0.00997512
0.010631
0.00634988
0.0108489
0.0120279
0.0138745
0.00704911
0.0153801
0.0145115
0.0164912
0.0104222
0.0148674
0.0211571
0.000290812
0.000476317
0.000809245
0.00308592
0.00147625
0.00403993
0.00187247
0.00493444
0.00276493
0.00439609
0.00318446
0.00513896
0.00433602
0.0043627
0.00424619
0.00581541
0.00634808
0.0039185
0.00559936
0.00722598
0.00783735
0.00385066
0.00717924
0.00902114
0.00983497
0.00314161
0.0099331
0.00987699
0.0129281
0.00335486
0.0133778
0.0115782
0.0143089
0.00611803
0.0174988
0.0113216
0.0177327
0.0101883
0.0118235
0.0207766
0.000274313
0.000202003
0.000628175
0.00273205
0.00142007
0.00324803
0.00137932
0.00497519
0.00290746
0.00286795
0.00221419
0.00583223
0.00398585
0.00259105
0.00397698
0.00582428
0.00586872
0.00202677
0.00622962
0.00686509
0.0082657
0.00181457
0.00837388
0.00891297
0.011789
-0.000273525
0.0117237
0.0099423
0.0128742
0.00220439
0.0151537
0.00929874
0.0146945
0.00657723
0.0169892
0.00902687
0.0183714
0.00880607
0.0092908
0.0209041
0.000238733
-3.67297e-05
0.000734705
0.00223608
0.00194074
0.002042
0.00186159
0.00505434
0.0032468
0.00148274
0.00340076
0.00567828
0.00512565
0.000866151
0.0056671
0.00528283
0.00831497
-0.000621103
0.0081174
0.00706266
0.0103024
-0.000370407
0.00995393
0.00926141
0.0112811
-0.00160067
0.0129796
0.00824377
0.0124734
0.00271059
0.014908
0.00686411
0.0154441
0.00604117
0.0174312
0.00703977
0.0189033
0.00733395
0.00735529
0.0208388
2.9364e-05
-6.60937e-05
0.00109277
0.00117268
0.00166684
0.00146793
0.00241279
0.00430839
0.0047384
-0.000842874
0.00475463
0.00566205
0.00595381
-0.000333028
0.00565108
0.00558555
0.00768198
-0.002652
0.00827393
0.00647071
0.00861379
-0.000710266
0.00955916
0.00831603
0.00887371
-0.000915215
0.0116435
0.00547395
0.0118212
0.00253291
0.0141021
0.00458324
0.0152683
0.00487495
0.0172659
0.00504214
0.0191547
0.00544522
0.00557941
0.0209306
-3.71484e-05
-2.89456e-05
0.000893036
0.000242498
0.000630954
0.00173001
0.00246898
0.00247036
0.0039315
-0.00230539
0.0039823
0.00561125
0.0039241
-0.000274836
0.00531983
0.00418982
0.0055462
-0.00287837
0.00790492
0.00411199
0.00717053
2.41299e-05
0.00861
0.00687656
0.00787494
-0.000180157
0.0107671
0.00258179
0.0118671
0.00143296
0.0139744
0.00247588
0.0152888
0.00356055
0.0167007
0.0036302
0.018507
0.00363899
0.00377039
0.020316
3.64089e-05
-6.53553e-05
0.000416314
-0.000137405
0.00105827
0.00108806
0.0030372
0.000491429
0.00212829
-0.00139648
0.00356441
0.00417513
0.00376825
-0.000478668
0.0064495
0.00150856
0.00534985
-0.00177872
0.00731681
0.00214503
0.00659673
0.000744211
0.00932938
0.00414391
0.00914494
4.2845e-06
0.0113706
0.000356156
0.012393
0.000410574
0.0139557
0.0009131
0.0156691
0.00184724
0.0171295
0.00216979
0.0187362
0.00203226
0.00199467
0.0205119
-6.5356e-05
-0.000202762
0.000885298
0.00137673
-1.97564e-05
0.00415537
0.0036767
0.00518527
0.00340655
0.00555157
0.00629579
0.0104397
0.010444
0.0108001
0.0112107
0.0121238
0.013971
0.0161408
0.0181731
0.0201678
-0.00231348
0.016015
-0.00683561
0.00452213
-0.00555531
-0.0012803
-0.00736508
0.00180978
-0.0107197
0.00335462
-0.0135237
0.00280397
-0.0156606
0.00213691
-0.0178032
0.00214262
-0.0195786
0.00177543
-0.0205301
0.00095143
-0.0203109
-0.000219126
-0.0186665
-0.00164449
-0.0162728
-0.00239369
-0.0132375
-0.00303522
-0.00988696
-0.00335058
-0.00599874
-0.00388822
-0.00224044
-0.0037583
0.00143101
-0.00367146
0.00465797
-0.00322696
0.00730961
-0.00265164
0.0093783
-0.00206869
0.0109174
-0.00153909
0.0120106
-0.00109325
0.0127583
-0.000747683
0.0132591
-0.000500764
0.0135936
-0.000334528
0.0138185
-0.000224847
0.0139711
-0.00015268
0.014076
-0.000104874
0.0141464
-7.03898e-05
0.0141883
-4.18742e-05
0.0142
-1.16958e-05
0.0141875
1.24401e-05
0.0141498
3.77279e-05
0.0140909
5.88698e-05
0.014021
6.99055e-05
0.0139539
6.7145e-05
0.0139042
4.96922e-05
0.0138793
2.49333e-05
0.0138821
-2.87603e-06
0.0139154
-3.33067e-05
0.0139731
-5.76537e-05
0.014046
-7.28942e-05
0.014126
-7.99818e-05
0.014202
-7.60095e-05
0.0142649
-6.29611e-05
0.0143111
-4.61458e-05
0.0143387
-2.7586e-05
0.0143503
-1.16522e-05
0.0143479
2.46631e-06
0.0143349
1.29558e-05
0.0143166
1.83064e-05
0.0142971
1.9474e-05
0.0142795
1.76259e-05
0.0142642
1.53032e-05
0.0142526
1.16428e-05
0.0142437
8.83763e-06
0.0142379
5.84278e-06
0.0142343
3.59752e-06
0.0142321
2.1696e-06
0.0142315
5.94471e-07
0.0142313
2.37034e-07
0.0142316
-2.96276e-07
0.0142321
-5.65255e-07
0.0142325
-3.75587e-07
0.0142331
-6.18243e-07
0.0142335
-4.17484e-07
0.0142338
-2.806e-07
0.0142342
-3.84552e-07
0.0142344
-1.51491e-07
0.0142345
-1.47594e-07
0.0142347
-1.68943e-07
0.0142347
-3.049e-08
0.0142348
-7.28957e-08
0.0142348
-6.05813e-08
0.0142348
3.30098e-09
0.0142349
-2.90525e-08
0.0142349
-1.76552e-08
0.0142349
6.71546e-09
2.60777e-09
0.017489
0.0192216
0.00811029
0.0139008
0.000832552
0.00599744
-0.00244247
0.0050848
-0.00326073
0.00417288
-0.00406479
0.00360803
-0.00583724
0.00390936
-0.00744355
0.00374893
-0.00844126
0.00277314
-0.008803
0.00131317
-0.0085918
-0.000430327
-0.00761674
-0.00261955
-0.00590555
-0.00410488
-0.00309118
-0.00584959
-0.000405079
-0.00603668
0.00277149
-0.00706479
0.00606871
-0.00705551
0.00899312
-0.00659588
0.0115355
-0.0057693
0.0136696
-0.00478574
0.0154156
-0.00381473
0.0168077
-0.00293117
0.0178821
-0.00216766
0.0186889
-0.00155453
0.0192918
-0.00110358
0.0197529
-0.000795666
0.0201187
-0.000590689
0.0204151
-0.000448994
0.0206568
-0.000346628
0.0208553
-0.00026892
0.0210241
-0.000210587
0.0211785
-0.000166154
0.0213218
-0.000130834
0.0214521
-9.26218e-05
0.0215603
-4.92809e-05
0.021637
-6.82113e-06
0.021673
3.11314e-05
0.0216797
4.30227e-05
0.0216662
3.84612e-05
0.0216425
2.07952e-05
0.0216033
5.91667e-06
0.0215454
2.65496e-07
0.021463
9.46211e-06
0.0213543
2.87683e-05
0.0212303
4.79204e-05
0.0211036
6.37952e-05
0.020988
6.94694e-05
0.0208882
7.21937e-05
0.0208093
6.71979e-05
0.0207543
5.74443e-05
0.0207213
4.5994e-05
0.0207082
3.13956e-05
0.0207076
2.01288e-05
0.0207155
9.72168e-06
0.0207279
2.86758e-06
0.0207417
-2.12856e-06
0.0207569
-6.40021e-06
0.0207694
-6.59798e-06
0.0207799
-6.9416e-06
0.0207885
-6.413e-06
0.020794
-4.89991e-06
0.0207986
-4.36272e-06
0.0208013
-3.0664e-06
0.020803
-2.23886e-06
0.0208046
-1.91784e-06
0.020805
-1.10819e-06
0.0208055
-8.81428e-07
0.0208059
-7.19889e-07
0.0208059
-3.04185e-07
0.0208061
-3.36584e-07
0.0208061
-2.33569e-07
0.020806
-5.33743e-08
0.0208061
-1.39725e-07
0.0208061
-6.61864e-08
0.0208061
-7.1456e-12
0.0208061
-5.79521e-08
0.0208061
-1.87282e-08
0.0208061
6.73481e-09
0.0208061
-1.98573e-08
-9.30005e-09
0.0241622
0.0162165
0.0242062
0.0138568
0.0201611
0.0100425
0.0156723
0.00957364
0.0115638
0.00828141
0.00888661
0.00628519
0.00769127
0.0051047
0.00730229
0.0041379
0.00711773
0.0029577
0.00723415
0.00119676
0.00762457
-0.000820747
0.00847452
-0.0034695
0.00977913
-0.00540949
0.0108504
-0.00692088
0.0129108
-0.00809705
0.0145176
-0.0086716
0.0161262
-0.00866408
0.0175277
-0.00799737
0.0186782
-0.00691978
0.0196041
-0.0057117
0.0203665
-0.00457713
0.0210112
-0.00357589
0.021539
-0.00269542
0.0219349
-0.00195043
0.0222081
-0.00137678
0.0223955
-0.000983107
0.0225468
-0.000741967
0.0226949
-0.000597063
0.0228412
-0.000492914
0.022967
-0.000394799
0.0230582
-0.000301784
0.0231213
-0.000229177
0.0231773
-0.000186903
0.0232467
-0.000162023
0.023336
-0.000138501
0.023434
-0.000104885
0.0235299
-6.47727e-05
0.0235991
-2.61287e-05
0.0236316
5.90646e-06
0.0236217
3.07018e-05
0.0235656
6.20009e-05
0.0234608
0.000105065
0.0233075
0.000162844
0.0231074
0.000228834
0.0228691
0.000286215
0.0226082
0.000324719
0.0223467
0.000330933
0.0221097
0.000309165
0.0219126
0.000264369
0.0217628
0.000207196
0.0216582
0.000150602
0.0215922
9.74267e-05
0.0215562
5.60732e-05
0.0215415
2.44642e-05
0.021542
2.35042e-06
0.0215472
-7.27875e-06
0.021555
-1.42e-05
0.0215641
-1.57688e-05
0.0215725
-1.53124e-05
0.0215803
-1.4253e-05
0.0215867
-1.12765e-05
0.0215919
-9.50286e-06
0.0215961
-7.32138e-06
0.021599
-5.16734e-06
0.0216014
-4.31344e-06
0.0216031
-2.8103e-06
0.0216043
-2.00939e-06
0.0216053
-1.73154e-06
0.0216058
-8.68751e-07
0.0216063
-7.82232e-07
0.0216067
-6.49408e-07
0.0216068
-1.98668e-07
0.021607
-3.37195e-07
0.0216072
-2.22889e-07
0.0216072
-1.72045e-08
0.0216073
-1.4705e-07
0.0216074
-7.04265e-08
0.0216074
4.33423e-09
0.0216074
-5.18163e-08
-2.90958e-08
0.0245738
0.0124193
0.0262482
0.0121823
0.0259529
0.0103378
0.0263298
0.00919682
0.0263923
0.00821887
0.0253285
0.00734896
0.0242439
0.00618935
0.0235384
0.00484334
0.0233666
0.00312952
0.0230923
0.00147113
0.0232366
-0.000965137
0.0232333
-0.00346618
0.0233804
-0.00555662
0.0235519
-0.00709235
0.0236763
-0.00822141
0.0237175
-0.00871283
0.0235888
-0.00853538
0.0233849
-0.00779343
0.023161
-0.00669588
0.0229383
-0.00548903
0.022747
-0.0043858
0.0226311
-0.00346004
0.0225919
-0.00265624
0.0225769
-0.00193535
0.0225384
-0.00133833
0.0224631
-0.000907755
0.0223627
-0.000641577
0.0222614
-0.000495756
0.0221783
-0.000409876
0.0221171
-0.00033362
0.0220652
-0.00024984
0.022006
-0.000169994
0.0219272
-0.000108083
0.0218242
-5.89936e-05
0.0216984
-1.27456e-05
0.021538
5.55221e-05
0.0213582
0.000114997
0.021173
0.000159065
0.0210015
0.000177434
0.0208628
0.000169403
0.0207753
0.000149497
0.0207465
0.000133863
0.0207755
0.000133901
0.0208533
0.000151008
0.0209654
0.000174102
0.0210969
0.000193232
0.0212312
0.000196656
0.0213572
0.000183178
0.0214656
0.000155953
0.0215524
0.000120374
0.0216174
8.55891e-05
0.0216614
5.34472e-05
0.0216888
2.8639e-05
0.021702
1.1293e-05
0.0217059
-1.54653e-06
0.0217065
-7.8739e-06
0.0217037
-1.1411e-05
0.0216998
-1.18654e-05
0.0216952
-1.06881e-05
0.0216906
-9.71715e-06
0.0216869
-7.50519e-06
0.0216834
-6.09395e-06
0.021681
-4.83338e-06
0.021679
-3.22902e-06
0.0216774
-2.69719e-06
0.0216764
-1.84577e-06
0.0216756
-1.17204e-06
0.021675
-1.09865e-06
0.0216747
-5.70238e-07
0.0216743
-4.21745e-07
0.0216741
-4.33507e-07
0.021674
-1.31601e-07
0.0216739
-1.77202e-07
0.0216738
-1.61578e-07
0.0216738
-1.67344e-08
0.0216737
-8.17699e-08
0.0216737
-5.82467e-08
0.0216737
1.23705e-09
0.0216737
-3.50635e-08
-2.68779e-08
0.0237428
0.00958059
0.0260554
0.00986974
0.0274318
0.0089614
0.0289452
0.0076835
0.0303503
0.00681368
0.0314071
0.00629219
0.0320061
0.00559037
0.0323938
0.00445564
0.0325845
0.00293879
0.0328148
0.00124092
0.0325817
-0.00073208
0.0320714
-0.00295583
0.0313085
-0.00479381
0.0304003
-0.00618411
0.0292513
-0.00707241
0.0279281
-0.00738962
0.0265515
-0.00715878
0.0252645
-0.00650641
0.0241601
-0.00559152
0.0232736
-0.00460249
0.022615
-0.00372724
0.0221837
-0.00302871
0.0219568
-0.0024294
0.021883
-0.00186153
0.0219007
-0.00135601
0.0219649
-0.000972005
0.022043
-0.000719613
0.0221147
-0.000567444
0.022166
-0.000461158
0.0221848
-0.000352468
0.0221674
-0.000232466
0.0221135
-0.000116105
0.0220307
-2.52176e-05
0.0219405
3.1141e-05
0.0218427
8.50851e-05
0.0217543
0.000143938
0.0216729
0.000196363
0.0215993
0.0002327
0.0215326
0.000244099
0.0214712
0.000230856
0.021418
0.000202656
0.0213794
0.000172511
0.0213627
0.000150526
0.0213733
0.000140449
0.0214078
0.000139602
0.0214598
0.00014126
0.0215176
0.00013883
0.0215718
0.00012893
0.0216161
0.000111745
0.0216467
8.97503e-05
0.0216659
6.64113e-05
0.0216749
4.44373e-05
0.0216779
2.5622e-05
0.0216782
1.09761e-05
0.021676
6.45248e-07
0.0216739
-5.72983e-06
0.0216716
-9.17064e-06
0.0216703
-1.05032e-05
0.0216701
-1.04881e-05
0.02167
-9.61983e-06
0.0216708
-8.35786e-06
0.0216717
-6.98021e-06
0.0216725
-5.62082e-06
0.0216737
-4.42295e-06
0.0216744
-3.4153e-06
0.0216751
-2.58797e-06
0.0216759
-1.94073e-06
0.0216763
-1.43813e-06
0.0216767
-1.0534e-06
0.0216771
-7.67149e-07
0.0216772
-5.55953e-07
0.0216775
-3.97597e-07
0.0216776
-2.8387e-07
0.0216776
-2.0157e-07
0.0216777
-1.42822e-07
0.0216778
-9.87263e-08
0.0216778
-7.06716e-08
0.0216778
-4.84141e-08
0.0216778
-3.69814e-08
-2.23854e-08
0.023219
0.00720038
0.025659
0.00742976
0.0275531
0.00706731
0.0290276
0.00620903
0.0304755
0.00536573
0.0319167
0.00485102
0.0332106
0.00429646
0.0341359
0.00353035
0.0346991
0.00237554
0.0350535
0.000886596
0.0349202
-0.00059877
0.034186
-0.00222166
0.0331069
-0.00371474
0.0317459
-0.00482313
0.0301368
-0.00546329
0.0284109
-0.00566371
0.0267827
-0.0055306
0.025402
-0.00512574
0.0243351
-0.00452453
0.0235708
-0.00383828
0.0230441
-0.00320052
0.0226852
-0.00266974
0.0224566
-0.0022008
0.0223366
-0.00174159
0.0222898
-0.00130915
0.0222744
-0.000956653
0.0222605
-0.000705682
0.0222234
-0.000530405
0.0221502
-0.000387898
0.022041
-0.00024326
0.0218926
-8.41312e-05
0.0217114
6.51285e-05
0.0215216
0.000164546
0.0213486
0.000204145
0.0212239
0.000209826
0.0211624
0.000205463
0.0211587
0.000199997
0.0211954
0.000196019
0.0212501
0.000189444
0.0213017
0.000179257
0.0213401
0.000164264
0.0213646
0.000147946
0.0213817
0.000133465
0.0214008
0.000121351
0.0214274
0.000112985
0.0214649
0.000103763
0.0215098
9.39448e-05
0.0215576
8.11291e-05
0.0216034
6.59205e-05
0.0216423
5.08481e-05
0.0216737
3.50455e-05
0.0216956
2.25254e-05
0.0217095
1.174e-05
0.0217168
3.67718e-06
0.0217182
-7.47652e-07
0.0217167
-4.27539e-06
0.0217127
-5.20653e-06
0.0217078
-5.58385e-06
0.021703
-5.71296e-06
0.021698
-4.5421e-06
0.0216939
-4.28311e-06
0.0216903
-3.37969e-06
0.0216871
-2.47306e-06
0.021685
-2.28545e-06
0.021683
-1.43124e-06
0.0216816
-1.1686e-06
0.0216807
-1.01988e-06
0.0216797
-4.91151e-07
0.0216792
-5.59958e-07
0.0216789
-3.87713e-07
0.0216785
-1.48626e-07
0.0216783
-2.81473e-07
0.0216782
-1.18036e-07
0.021678
-4.70472e-08
0.021678
-1.38581e-07
0.0216779
-2.54314e-08
0.0216779
-1.96818e-08
0.0216779
-5.73451e-08
0.0216779
-1.24249e-08
-5.73219e-09
0.0227783
0.00535264
0.0249995
0.00520859
0.0270023
0.0050645
0.0285912
0.00462007
0.0299322
0.00402473
0.0312467
0.00353656
0.0325104
0.00303272
0.0335452
0.00249558
0.0342075
0.00171321
0.0344771
0.000617029
0.034349
-0.000470626
0.0337252
-0.00159792
0.032697
-0.00268646
0.0313944
-0.00352062
0.0299593
-0.00402813
0.0285423
-0.00424676
0.0272472
-0.00423547
0.0261228
-0.00400135
0.0252063
-0.003608
0.0245283
-0.0031603
0.0240372
-0.00270946
0.023632
-0.00226451
0.0232542
-0.00182304
0.0228948
-0.00138211
0.0225481
-0.000962447
0.022211
-0.000619561
0.0219005
-0.00039521
0.0216435
-0.000273405
0.0214501
-0.000194531
0.021321
-0.000114168
0.0212554
-1.8472e-05
0.0212466
7.39067e-05
0.0212621
0.000149042
0.0212758
0.000190415
0.0212836
0.000202017
0.0212936
0.000195511
0.0213135
0.000180086
0.0213469
0.000162648
0.0213933
0.000142971
0.0214473
0.000125295
0.0215042
0.000107372
0.0215584
9.37915e-05
0.0216077
8.41288e-05
0.0216512
7.78619e-05
0.0216879
7.63041e-05
0.0217183
7.33243e-05
0.0217403
7.19826e-05
0.0217544
6.69459e-05
0.0217603
6.01125e-05
0.0217587
5.24133e-05
0.0217521
4.16678e-05
0.0217413
3.3253e-05
0.0217294
2.36611e-05
0.021717
1.60734e-05
0.0217057
1.0575e-05
0.0216964
5.06617e-06
0.0216885
2.64158e-06
0.0216827
2.03499e-07
0.0216785
-1.53524e-06
0.0216757
-1.65729e-06
0.0216742
-2.79347e-06
0.021673
-2.16679e-06
0.0216726
-2.08616e-06
0.0216725
-2.21839e-06
0.0216724
-1.30791e-06
0.0216727
-1.46539e-06
0.0216728
-1.16748e-06
0.0216729
-5.95728e-07
0.0216732
-8.52282e-07
0.0216733
-4.57978e-07
0.0216734
-2.43939e-07
0.0216735
-4.43955e-07
0.0216736
-1.20202e-07
0.0216736
-1.02028e-07
0.0216737
-2.04667e-07
0.0216737
-1.14015e-08
0.0216737
-4.36638e-08
0.0216737
-7.81562e-08
0.0216737
-7.27113e-09
-5.53786e-09
0.0220567
0.00361198
0.0239618
0.00330349
0.0259411
0.00308517
0.02771
0.00285111
0.0291967
0.00253804
0.0305326
0.00220063
0.0317124
0.00185294
0.032701
0.00150697
0.0333588
0.00105542
0.0335718
0.000404055
0.0334149
-0.000313763
0.0328781
-0.00106107
0.0319867
-0.0017951
0.0308477
-0.00238157
0.0295943
-0.00277473
0.0283004
-0.00295291
0.0270033
-0.00293834
0.0257977
-0.00279574
0.0247821
-0.00259239
0.0239903
-0.00236853
0.0233767
-0.00209589
0.0228642
-0.00175201
0.0224208
-0.00137959
0.0220634
-0.00102474
0.0218032
-0.000702243
0.0216236
-0.000439945
0.0214933
-0.000264928
0.0213785
-0.000158608
0.0212665
-8.24943e-05
0.0211725
-2.01747e-05
0.0211165
3.75027e-05
0.0211115
7.89158e-05
0.0211435
0.000117102
0.0211943
0.000139599
0.0212522
0.000144112
0.0213134
0.00013427
0.0213749
0.00011866
0.0214345
0.000103001
0.0214907
8.67325e-05
0.02154
7.59979e-05
0.0215805
6.68987e-05
0.0216088
6.55135e-05
0.0216265
6.64415e-05
0.0216347
6.96019e-05
0.0216375
7.35e-05
0.0216378
7.30577e-05
0.0216371
7.26517e-05
0.0216376
6.64869e-05
0.0216378
5.98929e-05
0.0216391
5.11698e-05
0.0216395
4.11846e-05
0.0216394
3.33763e-05
0.0216389
2.41692e-05
0.0216368
1.81679e-05
0.0216348
1.26073e-05
0.0216319
7.96745e-06
0.0216287
5.81411e-06
0.0216262
2.76136e-06
0.0216229
1.68424e-06
0.0216204
8.37224e-07
0.021618
-3.37074e-07
0.0216159
-1.0472e-07
0.0216142
-4.16806e-07
0.0216126
-5.65777e-07
0.0216115
-2.33638e-07
0.0216105
-4.73021e-07
0.0216097
-3.09801e-07
0.0216092
-1.36549e-07
0.0216087
-3.00499e-07
0.0216083
-1.05729e-07
0.0216081
-7.11478e-08
0.0216079
-1.60717e-07
0.0216078
-1.81085e-08
0.0216077
-3.70288e-08
0.0216076
-7.53981e-08
0.0216075
8.83831e-09
0.0216075
-1.89693e-08
0.0216075
-3.03476e-08
0.0216075
-1.92997e-09
-6.65373e-09
0.0222439
0.00188004
0.023938
0.00160938
0.0256534
0.00136971
0.0272887
0.00121585
0.0287469
0.00107987
0.030021
0.000926529
0.0311114
0.00076247
0.0320121
0.000606348
0.0326502
0.000417277
0.0329134
0.000140815
0.0328102
-0.000210497
0.0323631
-0.000613973
0.0315665
-0.000998549
0.0304851
-0.00130019
0.0292367
-0.00152629
0.0279122
-0.00162844
0.0265784
-0.00160446
0.0253268
-0.00154416
0.0242393
-0.00150492
0.0233105
-0.00143978
0.0224875
-0.00127286
0.0217538
-0.00101827
0.0211455
-0.000771286
0.0206927
-0.00057198
0.0203909
-0.000400453
0.0202151
-0.000264176
0.0201221
-0.000171841
0.0200711
-0.000107652
0.0200386
-4.99922e-05
0.0200169
1.48404e-06
0.0200216
3.28532e-05
0.0200492
5.13097e-05
0.0201007
6.55839e-05
0.020167
7.33122e-05
0.0202383
7.28523e-05
0.0203089
6.36525e-05
0.0203746
5.29541e-05
0.0204336
4.39391e-05
0.0204835
3.68657e-05
0.0205255
3.39805e-05
0.0205599
3.25744e-05
0.0205891
3.62496e-05
0.0206154
4.01186e-05
0.0206394
4.56742e-05
0.0206636
4.92413e-05
0.0206861
5.05722e-05
0.0207086
5.01623e-05
0.0207288
4.63309e-05
0.0207466
4.20684e-05
0.0207621
3.56919e-05
0.0207734
2.98165e-05
0.0207832
2.36176e-05
0.0207894
1.79638e-05
0.0207942
1.33971e-05
0.0207977
9.0643e-06
0.0207994
6.28225e-06
0.0208016
3.6224e-06
0.0208023
2.07178e-06
0.0208031
8.92941e-07
0.020804
-5.73668e-08
0.0208038
-1.811e-07
0.0208046
-8.86795e-07
0.0208049
-7.4554e-07
0.020805
-6.08322e-07
0.0208056
-8.40838e-07
0.0208055
-4.33391e-07
0.0208057
-4.68501e-07
0.020806
-4.47443e-07
0.0208059
-1.64527e-07
0.020806
-2.72827e-07
0.0208061
-1.65422e-07
0.020806
-4.99883e-08
0.0208061
-1.3651e-07
0.0208061
-3.90743e-08
0.0208061
-1.17125e-08
0.0208061
-5.79802e-08
0.0208061
-7.23302e-09
0.0208061
-3.4373e-09
0.0208061
-2.40893e-08
-1.1341e-08
0.0220478
0.0236572
0.0250269
0.0262427
0.0273226
0.0282491
0.0290116
0.029618
0.0300352
0.0301761
0.0299656
0.0293516
0.028353
0.0270528
0.0255265
0.0238981
0.0222937
0.0207495
0.0192446
0.0178048
0.0165319
0.0155137
0.0147424
0.0141704
0.0137699
0.0135058
0.0133339
0.0132263
0.0131763
0.0131778
0.0132106
0.0132619
0.0133275
0.0134008
0.0134737
0.0135373
0.0135903
0.0136342
0.0136711
0.0137051
0.0137376
0.0137739
0.013814
0.0138597
0.0139089
0.0139595
0.0140097
0.014056
0.0140981
0.0141338
0.0141636
0.0141872
0.0142052
0.0142185
0.0142276
0.0142339
0.0142375
0.0142396
0.0142405
0.0142404
0.0142402
0.0142394
0.0142386
0.014238
0.0142372
0.0142367
0.0142363
0.0142358
0.0142356
0.0142354
0.0142352
0.0142352
0.014235
0.014235
0.014235
0.0142349
0.0142349
0.0142349
0.0142349
)
;

boundaryField
{
    inlet
    {
        type            calculated;
        value           nonuniform List<scalar> 
20
(
-0.01
-0.01
-0.01
-0.01
-0.01
-0.01
-0.01
-0.01
-0.01
-0.01
-0.01
-0.01
-0.01
-0.01
-0.01
-0.01
-0.01
-0.01
-0.01
-0.01
)
;
    }
    outlet
    {
        type            calculated;
        value           nonuniform List<scalar> 10(0.0142349 0.0208061 0.0216074 0.0216737 0.0216778 0.0216779 0.0216737 0.0216075 0.0208061 0.0142349);
    }
    walls
    {
        type            calculated;
        value           uniform 0;
    }
    frontAndBack
    {
        type            empty;
        value           nonuniform List<scalar> 0();
    }
}


// ************************************************************************* //
