/*--------------------------------*- C++ -*----------------------------------*\
| =========                 |                                                 |
| \\      /  F ield         | OpenFOAM: The Open Source CFD Toolbox           |
|  \\    /   O peration     | Version:  2306                                  |
|   \\  /    A nd           | Website:  www.openfoam.com                      |
|    \\/     M anipulation  |                                                 |
\*---------------------------------------------------------------------------*/
FoamFile
{
    version     2.0;
    format      ascii;
    arch        "LSB;label=32;scalar=64";
    class       volVectorField;
    location    "0.025";
    object      U;
}
// * * * * * * * * * * * * * * * * * * * * * * * * * * * * * * * * * * * * * //

dimensions      [0 1 -1 0 0 0 0];

internalField   nonuniform List<vector> 
4400
(
(9.90423 0.045288 0)
(9.80347 0.0988075 0)
(9.70217 0.120075 0)
(9.57392 0.124882 0)
(9.41097 0.123052 0)
(9.25966 0.121299 0)
(9.09278 0.126123 0)
(8.89729 0.129882 0)
(8.73734 0.123898 0)
(8.58952 0.123346 0)
(8.39583 0.134064 0)
(8.20987 0.131235 0)
(8.08011 0.11419 0)
(7.94938 0.109828 0)
(7.77437 0.118377 0)
(7.59528 0.120276 0)
(7.44828 0.111783 0)
(7.31606 0.102082 0)
(7.1784 0.0901174 0)
(7.04605 0.0703384 0)
(6.93888 0.0460817 0)
(6.86281 0.0251006 0)
(6.8124 0.010818 0)
(6.78111 0.00220928 0)
(6.76436 -0.00242931 0)
(6.75798 -0.00423146 0)
(6.75767 -0.00429238 0)
(6.76006 -0.00360184 0)
(6.76315 -0.00269286 0)
(6.76604 -0.00185071 0)
(6.76832 -0.001177 0)
(6.76993 -0.000675152 0)
(6.77092 -0.000315988 0)
(6.7714 -6.21203e-05 0)
(6.77148 0.000119744 0)
(6.77124 0.000262735 0)
(6.77075 0.00038827 0)
(6.77002 0.00050708 0)
(6.76908 0.000627275 0)
(6.76792 0.000755281 0)
(6.76652 0.000896198 0)
(6.76486 0.00105447 0)
(6.76291 0.00123442 0)
(6.76063 0.00144053 0)
(6.75797 0.00167758 0)
(6.75487 0.00195098 0)
(6.75127 0.00226697 0)
(6.7471 0.00263267 0)
(6.74225 0.00305607 0)
(6.73662 0.00354616 0)
(6.73009 0.00411331 0)
(6.72253 0.00476951 0)
(6.71376 0.0055286 0)
(6.7036 0.0064063 0)
(6.69184 0.00742037 0)
(6.67823 0.00859084 0)
(6.66248 0.0099405 0)
(6.64428 0.0114952 0)
(6.62324 0.0132839 0)
(6.59896 0.0153387 0)
(6.57094 0.0176946 0)
(6.53867 0.0203903 0)
(6.50152 0.0234669 0)
(6.45881 0.0269691 0)
(6.4098 0.0309419 0)
(6.35364 0.0354321 0)
(6.28942 0.0404845 0)
(6.21614 0.0461386 0)
(6.13274 0.052434 0)
(6.03808 0.0593883 0)
(5.93097 0.0670201 0)
(5.81022 0.0753172 0)
(5.6746 0.0842338 0)
(5.52298 0.0937298 0)
(5.35429 0.103649 0)
(5.16761 0.113864 0)
(4.96231 0.124151 0)
(4.73802 0.134106 0)
(4.49488 0.143499 0)
(4.23358 0.151712 0)
(10.0025 0.0609185 0)
(10.0287 0.137183 0)
(10.0725 0.172483 0)
(10.1106 0.184357 0)
(10.1261 0.183816 0)
(10.1556 0.181797 0)
(10.1728 0.189433 0)
(10.1557 0.197299 0)
(10.1572 0.194008 0)
(10.1725 0.194061 0)
(10.1474 0.204909 0)
(10.114 0.205044 0)
(10.1289 0.191129 0)
(10.1506 0.186788 0)
(10.1241 0.193452 0)
(10.0785 0.192388 0)
(10.0621 0.181858 0)
(10.0687 0.175044 0)
(10.0666 0.171098 0)
(10.0496 0.157428 0)
(10.0312 0.130635 0)
(10.018 0.0984468 0)
(10.0074 0.0683856 0)
(9.99711 0.0431797 0)
(9.98856 0.0235418 0)
(9.98302 0.00992823 0)
(9.97993 0.00181563 0)
(9.9784 -0.00208024 0)
(9.97778 -0.00338122 0)
(9.97762 -0.00336061 0)
(9.97762 -0.00274406 0)
(9.97761 -0.00193977 0)
(9.9775 -0.00116642 0)
(9.97725 -0.000508563 0)
(9.97687 2.27599e-05 0)
(9.97635 0.000455598 0)
(9.9757 0.000824558 0)
(9.97491 0.00115844 0)
(9.97397 0.00148135 0)
(9.97287 0.00181288 0)
(9.97158 0.00216867 0)
(9.97007 0.00256197 0)
(9.96832 0.00300523 0)
(9.96628 0.00351079 0)
(9.96392 0.00409105 0)
(9.96117 0.00475924 0)
(9.95798 0.00553039 0)
(9.95427 0.00642192 0)
(9.94997 0.00745358 0)
(9.94499 0.00864761 0)
(9.93921 0.0100292 0)
(9.93251 0.0116276 0)
(9.92474 0.013476 0)
(9.91574 0.015613 0)
(9.90532 0.0180823 0)
(9.89325 0.0209333 0)
(9.87928 0.0242218 0)
(9.86313 0.0280114 0)
(9.84445 0.0323734 0)
(9.82288 0.0373882 0)
(9.79797 0.0431437 0)
(9.76923 0.0497372 0)
(9.73612 0.0572751 0)
(9.698 0.0658687 0)
(9.65416 0.0756433 0)
(9.60384 0.0867183 0)
(9.54616 0.099223 0)
(9.48015 0.113286 0)
(9.40478 0.129 0)
(9.3189 0.1465 0)
(9.22132 0.165819 0)
(9.11073 0.187015 0)
(8.98583 0.210122 0)
(8.84522 0.234939 0)
(8.6875 0.261528 0)
(8.51142 0.289471 0)
(8.31554 0.318374 0)
(8.0988 0.348145 0)
(7.86034 0.377372 0)
(7.59903 0.405863 0)
(10.0024 0.0264759 0)
(10.0133 0.0697801 0)
(10.0458 0.099535 0)
(10.0804 0.116886 0)
(10.1012 0.124919 0)
(10.1453 0.128397 0)
(10.1825 0.134718 0)
(10.1851 0.141262 0)
(10.2107 0.142738 0)
(10.2552 0.146798 0)
(10.2541 0.155695 0)
(10.2415 0.157348 0)
(10.2871 0.149955 0)
(10.3516 0.147813 0)
(10.3637 0.153881 0)
(10.3464 0.154823 0)
(10.3598 0.146941 0)
(10.4023 0.138245 0)
(10.4346 0.130002 0)
(10.445 0.115163 0)
(10.4489 0.0919357 0)
(10.4541 0.0664438 0)
(10.4548 0.044403 0)
(10.4473 0.0272588 0)
(10.435 0.0146041 0)
(10.4222 0.00612062 0)
(10.4107 0.00128748 0)
(10.401 -0.00084251 0)
(10.3928 -0.00144011 0)
(10.3865 -0.00132271 0)
(10.3819 -0.000897862 0)
(10.3786 -0.000376248 0)
(10.3763 0.000131612 0)
(10.3746 0.000586169 0)
(10.3733 0.000991568 0)
(10.3723 0.0013666 0)
(10.3713 0.00173269 0)
(10.3704 0.00211055 0)
(10.3695 0.00251761 0)
(10.3685 0.00296912 0)
(10.3674 0.00347932 0)
(10.3661 0.00406234 0)
(10.3647 0.00473298 0)
(10.363 0.00550696 0)
(10.361 0.00640149 0)
(10.3588 0.00743612 0)
(10.3562 0.00863356 0)
(10.3532 0.0100202 0)
(10.3497 0.0116263 0)
(10.3456 0.0134862 0)
(10.3409 0.0156391 0)
(10.3355 0.0181305 0)
(10.3292 0.0210126 0)
(10.3219 0.0243454 0)
(10.3134 0.0281975 0)
(10.3036 0.0326461 0)
(10.2923 0.0377797 0)
(10.2791 0.0436974 0)
(10.264 0.0505138 0)
(10.2464 0.0583537 0)
(10.2262 0.0673597 0)
(10.2028 0.0776871 0)
(10.1759 0.0895022 0)
(10.1448 0.103 0)
(10.1091 0.11836 0)
(10.0681 0.135812 0)
(10.021 0.155551 0)
(9.96694 0.177781 0)
(9.90517 0.202765 0)
(9.83466 0.230555 0)
(9.7543 0.261495 0)
(9.6631 0.295528 0)
(9.55967 0.332674 0)
(9.44292 0.373278 0)
(9.3116 0.416412 0)
(9.16398 0.462763 0)
(8.99955 0.511472 0)
(8.8162 0.56098 0)
(8.61263 0.613133 0)
(8.38945 0.663627 0)
(10.0026 0.018734 0)
(10.0064 0.0526778 0)
(10.0305 0.0802185 0)
(10.0567 0.100763 0)
(10.0698 0.11353 0)
(10.1104 0.120032 0)
(10.1478 0.125454 0)
(10.1504 0.130938 0)
(10.1771 0.133969 0)
(10.2248 0.13632 0)
(10.2242 0.141229 0)
(10.2091 0.14456 0)
(10.257 0.142531 0)
(10.3293 0.140246 0)
(10.3456 0.140827 0)
(10.3264 0.13904 0)
(10.3395 0.131719 0)
(10.3869 0.122983 0)
(10.4246 0.115847 0)
(10.438 0.107572 0)
(10.4447 0.0954281 0)
(10.4546 0.0806671 0)
(10.4608 0.0658552 0)
(10.4584 0.0521543 0)
(10.4504 0.039814 0)
(10.4417 0.0292311 0)
(10.4339 0.0208253 0)
(10.427 0.0144705 0)
(10.4211 0.00989016 0)
(10.4164 0.00675571 0)
(10.413 0.00471406 0)
(10.4105 0.00346166 0)
(10.4087 0.00275803 0)
(10.4073 0.00242636 0)
(10.4063 0.0023477 0)
(10.4054 0.00244531 0)
(10.4045 0.00267438 0)
(10.4037 0.00301086 0)
(10.4029 0.00344343 0)
(10.402 0.00396981 0)
(10.401 0.00459475 0)
(10.3999 0.0053282 0)
(10.3986 0.00618395 0)
(10.3971 0.00717895 0)
(10.3954 0.00833378 0)
(10.3934 0.009673 0)
(10.3911 0.0112255 0)
(10.3884 0.0130249 0)
(10.3853 0.0151096 0)
(10.3817 0.0175244 0)
(10.3776 0.0203202 0)
(10.3728 0.0235565 0)
(10.3672 0.0273013 0)
(10.3607 0.0316324 0)
(10.3532 0.0366393 0)
(10.3445 0.0424226 0)
(10.3345 0.0490987 0)
(10.3228 0.0567995 0)
(10.3094 0.0656705 0)
(10.2938 0.0758865 0)
(10.2758 0.0876213 0)
(10.255 0.101097 0)
(10.2311 0.116534 0)
(10.2034 0.134166 0)
(10.1715 0.154319 0)
(10.1348 0.177167 0)
(10.0926 0.203145 0)
(10.0441 0.232456 0)
(9.98847 0.265318 0)
(9.92484 0.302398 0)
(9.85222 0.343177 0)
(9.76921 0.388787 0)
(9.67537 0.438751 0)
(9.56853 0.492511 0)
(9.44803 0.55232 0)
(9.31333 0.614008 0)
(9.16023 0.680687 0)
(8.99167 0.751868 0)
(8.80388 0.819573 0)
(8.59186 0.895366 0)
(10.0026 0.0133077 0)
(10.0031 0.0384858 0)
(10.0221 0.0601518 0)
(10.0423 0.0775 0)
(10.0493 0.0894863 0)
(10.086 0.0964014 0)
(10.122 0.101467 0)
(10.1231 0.105956 0)
(10.1484 0.108216 0)
(10.1975 0.109659 0)
(10.198 0.113504 0)
(10.1793 0.117317 0)
(10.2228 0.116489 0)
(10.2958 0.113064 0)
(10.3149 0.111583 0)
(10.295 0.110597 0)
(10.3051 0.106263 0)
(10.3506 0.0993825 0)
(10.3868 0.0927658 0)
(10.3975 0.0860688 0)
(10.4023 0.0773104 0)
(10.4135 0.0664942 0)
(10.4247 0.0552639 0)
(10.4288 0.0447538 0)
(10.4276 0.0352299 0)
(10.4253 0.0268655 0)
(10.4231 0.019937 0)
(10.4206 0.0145407 0)
(10.4179 0.0105319 0)
(10.4154 0.00766457 0)
(10.4133 0.00569317 0)
(10.4117 0.004407 0)
(10.4104 0.00362997 0)
(10.4093 0.00322312 0)
(10.4085 0.00308691 0)
(10.4077 0.00315436 0)
(10.407 0.00338304 0)
(10.4063 0.00374821 0)
(10.4055 0.00423743 0)
(10.4047 0.00484734 0)
(10.4039 0.00558219 0)
(10.4029 0.00645232 0)
(10.4017 0.00747319 0)
(10.4004 0.00866438 0)
(10.3989 0.0100503 0)
(10.3971 0.0116598 0)
(10.3951 0.0135274 0)
(10.3927 0.015693 0)
(10.39 0.0182028 0)
(10.3868 0.0211108 0)
(10.3831 0.0244784 0)
(10.3788 0.0283782 0)
(10.3739 0.0328906 0)
(10.3682 0.0381121 0)
(10.3615 0.0441478 0)
(10.3538 0.0511237 0)
(10.3449 0.0591797 0)
(10.3345 0.0684721 0)
(10.3225 0.0791952 0)
(10.3086 0.0915269 0)
(10.2926 0.105742 0)
(10.274 0.122038 0)
(10.2524 0.140751 0)
(10.2276 0.162195 0)
(10.1988 0.186582 0)
(10.1656 0.214593 0)
(10.1273 0.246084 0)
(10.083 0.282034 0)
(10.0323 0.322556 0)
(9.9736 0.367405 0)
(9.90632 0.418997 0)
(9.82987 0.474112 0)
(9.74073 0.536648 0)
(9.64162 0.605466 0)
(9.52729 0.675986 0)
(9.39627 0.759538 0)
(9.25527 0.840573 0)
(9.08636 0.926434 0)
(8.9037 1.02814 0)
(8.7091 1.1081 0)
(10.0027 0.00960086 0)
(10.0014 0.0280199 0)
(10.0173 0.0445159 0)
(10.0339 0.0583948 0)
(10.0366 0.0688643 0)
(10.07 0.0758099 0)
(10.1043 0.0806078 0)
(10.1037 0.0842958 0)
(10.128 0.0865777 0)
(10.1781 0.0882724 0)
(10.1791 0.0909086 0)
(10.1575 0.0934363 0)
(10.1978 0.093506 0)
(10.2712 0.0916566 0)
(10.2922 0.090348 0)
(10.2713 0.0890957 0)
(10.2779 0.08545 0)
(10.3211 0.0796902 0)
(10.3565 0.0741045 0)
(10.3665 0.0693291 0)
(10.3709 0.0641391 0)
(10.3833 0.0578024 0)
(10.3975 0.0507453 0)
(10.4055 0.0435233 0)
(10.4084 0.0363473 0)
(10.4099 0.0294295 0)
(10.4113 0.0231409 0)
(10.4119 0.0177817 0)
(10.4116 0.0134519 0)
(10.411 0.0101107 0)
(10.4104 0.00765026 0)
(10.4099 0.00593331 0)
(10.4093 0.00481479 0)
(10.4088 0.00416113 0)
(10.4083 0.00386365 0)
(10.4078 0.00384047 0)
(10.4073 0.00403327 0)
(10.4068 0.00440426 0)
(10.4062 0.00493278 0)
(10.4055 0.00561061 0)
(10.4048 0.00643924 0)
(10.404 0.00742775 0)
(10.403 0.00859237 0)
(10.4019 0.00995451 0)
(10.4006 0.0115417 0)
(10.3991 0.0133865 0)
(10.3974 0.0155284 0)
(10.3953 0.0180129 0)
(10.393 0.0208932 0)
(10.3903 0.0242318 0)
(10.3872 0.0280987 0)
(10.3835 0.0325781 0)
(10.3793 0.0377635 0)
(10.3744 0.043762 0)
(10.3687 0.0507053 0)
(10.362 0.0587228 0)
(10.3544 0.0679979 0)
(10.3455 0.0786978 0)
(10.3351 0.0910352 0)
(10.3232 0.105298 0)
(10.3092 0.121626 0)
(10.2931 0.140561 0)
(10.2744 0.162128 0)
(10.2526 0.186964 0)
(10.2275 0.215525 0)
(10.1982 0.247547 0)
(10.1642 0.285146 0)
(10.1252 0.326364 0)
(10.0788 0.374009 0)
(10.0269 0.428338 0)
(9.96545 0.485553 0)
(9.89366 0.556203 0)
(9.81571 0.626626 0)
(9.71709 0.707515 0)
(9.61294 0.802989 0)
(9.49344 0.885428 0)
(9.34023 1.00008 0)
(9.20003 1.10834 0)
(9.01206 1.19821 0)
(8.79171 1.35161 0)
(10.0027 0.00683567 0)
(10.0004 0.0200894 0)
(10.0145 0.0322532 0)
(10.0288 0.0427749 0)
(10.029 0.0512451 0)
(10.0598 0.0573659 0)
(10.0921 0.0615066 0)
(10.0903 0.0646158 0)
(10.1141 0.0669715 0)
(10.1641 0.0684236 0)
(10.1649 0.0697228 0)
(10.1423 0.0714082 0)
(10.181 0.07239 0)
(10.2536 0.071696 0)
(10.2749 0.070086 0)
(10.2535 0.0682449 0)
(10.2585 0.0655177 0)
(10.3003 0.061669 0)
(10.3352 0.0577175 0)
(10.3449 0.0543282 0)
(10.3489 0.0509084 0)
(10.3617 0.0466939 0)
(10.3774 0.0416688 0)
(10.3878 0.0362284 0)
(10.3934 0.0306699 0)
(10.3978 0.0252204 0)
(10.4018 0.0201704 0)
(10.4047 0.0157838 0)
(10.4064 0.0121871 0)
(10.4074 0.00938034 0)
(10.408 0.00729504 0)
(10.4083 0.00583268 0)
(10.4084 0.00488434 0)
(10.4083 0.00434609 0)
(10.4082 0.00413094 0)
(10.4079 0.00417283 0)
(10.4076 0.0044249 0)
(10.4073 0.00485693 0)
(10.4068 0.00545321 0)
(10.4064 0.00620894 0)
(10.4058 0.00712857 0)
(10.4051 0.00822337 0)
(10.4043 0.00951261 0)
(10.4035 0.0110198 0)
(10.4024 0.0127767 0)
(10.4012 0.0148181 0)
(10.3998 0.0171897 0)
(10.3982 0.0199399 0)
(10.3963 0.0231303 0)
(10.3941 0.026828 0)
(10.3916 0.0311126 0)
(10.3886 0.0360792 0)
(10.3852 0.0418231 0)
(10.3812 0.0484866 0)
(10.3766 0.0561735 0)
(10.3712 0.0650989 0)
(10.365 0.075374 0)
(10.3577 0.0872824 0)
(10.3493 0.10103 0)
(10.3394 0.116804 0)
(10.328 0.135238 0)
(10.3147 0.156002 0)
(10.299 0.18055 0)
(10.2812 0.208098 0)
(10.2596 0.23987 0)
(10.2355 0.277235 0)
(10.2066 0.317076 0)
(10.172 0.367119 0)
(10.135 0.418895 0)
(10.0855 0.479334 0)
(10.0342 0.553299 0)
(9.97308 0.619284 0)
(9.89053 0.717359 0)
(9.82063 0.806259 0)
(9.70749 0.898305 0)
(9.58975 1.04242 0)
(9.48668 1.12633 0)
(9.28497 1.26679 0)
(9.14394 1.44298 0)
(8.97025 1.49913 0)
(10.0027 0.00461636 0)
(9.99981 0.0135776 0)
(10.0129 0.0219608 0)
(10.0258 0.0293466 0)
(10.0242 0.0354312 0)
(10.0532 0.0400627 0)
(10.0842 0.0433451 0)
(10.0816 0.0458085 0)
(10.1046 0.0475839 0)
(10.1541 0.0484955 0)
(10.1549 0.049204 0)
(10.1321 0.0504641 0)
(10.1698 0.0515303 0)
(10.2413 0.0511566 0)
(10.2623 0.0496544 0)
(10.2409 0.0480461 0)
(10.2451 0.0462515 0)
(10.2859 0.043763 0)
(10.3201 0.0409711 0)
(10.3297 0.0385442 0)
(10.3338 0.0363376 0)
(10.347 0.033757 0)
(10.3637 0.0305977 0)
(10.3757 0.0270555 0)
(10.3831 0.023341 0)
(10.3892 0.0196063 0)
(10.3949 0.0160447 0)
(10.3994 0.0128638 0)
(10.4025 0.0101959 0)
(10.4046 0.00807785 0)
(10.406 0.00648617 0)
(10.407 0.00536831 0)
(10.4076 0.00465838 0)
(10.4079 0.0042874 0)
(10.4081 0.00419326 0)
(10.4081 0.00432735 0)
(10.408 0.00465576 0)
(10.4078 0.00515702 0)
(10.4076 0.00582138 0)
(10.4072 0.00664808 0)
(10.4068 0.00764578 0)
(10.4064 0.00882796 0)
(10.4058 0.0102175 0)
(10.4052 0.011839 0)
(10.4044 0.0137292 0)
(10.4035 0.0159242 0)
(10.4025 0.0184747 0)
(10.4013 0.0214331 0)
(10.3999 0.0248633 0)
(10.3983 0.0288455 0)
(10.3964 0.0334524 0)
(10.3942 0.0388038 0)
(10.3917 0.0449913 0)
(10.3887 0.0521576 0)
(10.3853 0.0604831 0)
(10.3813 0.0700356 0)
(10.3766 0.0812396 0)
(10.3711 0.093973 0)
(10.3647 0.108908 0)
(10.3574 0.126098 0)
(10.3485 0.145567 0)
(10.3384 0.169155 0)
(10.3266 0.194264 0)
(10.3118 0.225925 0)
(10.2967 0.260018 0)
(10.2755 0.298857 0)
(10.2537 0.34893 0)
(10.2279 0.3938 0)
(10.19 0.461894 0)
(10.1619 0.52612 0)
(10.1067 0.594322 0)
(10.0537 0.705383 0)
(10.0084 0.76785 0)
(9.89456 0.898941 0)
(9.84621 1.03227 0)
(9.73006 1.09893 0)
(9.55978 1.32438 0)
(9.50914 1.43613 0)
(9.25631 1.5313 0)
(9.06662 1.84819 0)
(10.0027 0.00267765 0)
(9.9995 0.00787383 0)
(10.012 0.0128012 0)
(10.024 0.0171632 0)
(10.0215 0.0208017 0)
(10.0495 0.0237089 0)
(10.0794 0.0258083 0)
(10.076 0.0272745 0)
(10.0985 0.028329 0)
(10.1478 0.0289826 0)
(10.1487 0.0294446 0)
(10.1257 0.0301162 0)
(10.1626 0.0306998 0)
(10.2333 0.030486 0)
(10.2542 0.0295783 0)
(10.2328 0.0285948 0)
(10.2367 0.0275723 0)
(10.2767 0.0261839 0)
(10.3106 0.0245955 0)
(10.3202 0.0232389 0)
(10.3245 0.0220848 0)
(10.3379 0.0207483 0)
(10.3551 0.0190329 0)
(10.368 0.0170269 0)
(10.3765 0.0148708 0)
(10.3837 0.0126714 0)
(10.3904 0.0105519 0)
(10.3959 0.00864688 0)
(10.3999 0.00705014 0)
(10.4026 0.00579846 0)
(10.4047 0.00488602 0)
(10.4061 0.00428395 0)
(10.4071 0.00395514 0)
(10.4078 0.00386172 0)
(10.4082 0.00396917 0)
(10.4084 0.00425102 0)
(10.4085 0.0046908 0)
(10.4084 0.00527992 0)
(10.4083 0.0060185 0)
(10.4082 0.00691235 0)
(10.408 0.00797632 0)
(10.4077 0.00922625 0)
(10.4074 0.0106907 0)
(10.407 0.0123931 0)
(10.4065 0.0143794 0)
(10.406 0.016678 0)
(10.4053 0.0193587 0)
(10.4046 0.0224528 0)
(10.4037 0.0260635 0)
(10.4027 0.0302253 0)
(10.4015 0.0350802 0)
(10.4002 0.0406817 0)
(10.3986 0.0471846 0)
(10.3967 0.0547499 0)
(10.3945 0.0633974 0)
(10.392 0.0736725 0)
(10.3889 0.0850935 0)
(10.3854 0.0990178 0)
(10.3814 0.114279 0)
(10.3761 0.132559 0)
(10.371 0.153942 0)
(10.3635 0.176498 0)
(10.3555 0.207556 0)
(10.3473 0.235437 0)
(10.3322 0.276544 0)
(10.3243 0.318924 0)
(10.3026 0.360944 0)
(10.2825 0.434421 0)
(10.2703 0.475691 0)
(10.2165 0.56743 0)
(10.2105 0.658022 0)
(10.1548 0.708465 0)
(10.0757 0.891127 0)
(10.0845 0.947019 0)
(9.91981 1.07709 0)
(9.87305 1.32709 0)
(9.80164 1.33587 0)
(9.5451 1.60203 0)
(9.53217 1.85117 0)
(9.24563 1.85687 0)
(10.0027 0.000880282 0)
(9.99935 0.00258932 0)
(10.0116 0.0042161 0)
(10.0232 0.00566097 0)
(10.0202 0.00688517 0)
(10.0477 0.00788013 0)
(10.0771 0.00858101 0)
(10.0734 0.00905932 0)
(10.0957 0.00945452 0)
(10.1448 0.0097395 0)
(10.1455 0.00988598 0)
(10.1225 0.0100401 0)
(10.1592 0.0102036 0)
(10.2296 0.0101763 0)
(10.2503 0.00993787 0)
(10.229 0.00965017 0)
(10.2327 0.00934148 0)
(10.2724 0.00891985 0)
(10.306 0.00843169 0)
(10.3156 0.00801662 0)
(10.32 0.00767496 0)
(10.3335 0.00728417 0)
(10.351 0.00677405 0)
(10.3643 0.00617163 0)
(10.3733 0.00552694 0)
(10.381 0.00487744 0)
(10.3883 0.00426442 0)
(10.3942 0.00373507 0)
(10.3986 0.00332242 0)
(10.4018 0.0030405 0)
(10.4041 0.00289446 0)
(10.4059 0.00288341 0)
(10.4071 0.00299754 0)
(10.4079 0.00322753 0)
(10.4084 0.00356796 0)
(10.4088 0.0040169 0)
(10.409 0.00457722 0)
(10.4091 0.00525467 0)
(10.4092 0.00606134 0)
(10.4092 0.00700925 0)
(10.4091 0.00812144 0)
(10.4091 0.00941377 0)
(10.409 0.0109248 0)
(10.4088 0.0126708 0)
(10.4087 0.014713 0)
(10.4085 0.0170657 0)
(10.4083 0.0198156 0)
(10.408 0.0229904 0)
(10.4077 0.0266773 0)
(10.4073 0.030979 0)
(10.4069 0.0358978 0)
(10.4063 0.0417367 0)
(10.4058 0.0483106 0)
(10.4049 0.0561486 0)
(10.4042 0.0651122 0)
(10.403 0.0753009 0)
(10.4019 0.0879365 0)
(10.4004 0.10078 0)
(10.3981 0.118501 0)
(10.397 0.135617 0)
(10.3925 0.157764 0)
(10.3916 0.184976 0)
(10.3864 0.207312 0)
(10.3796 0.252371 0)
(10.3814 0.27738 0)
(10.36 0.330845 0)
(10.3664 0.389913 0)
(10.3484 0.417142 0)
(10.3167 0.540152 0)
(10.3456 0.566709 0)
(10.2559 0.666532 0)
(10.274 0.837799 0)
(10.2466 0.819628 0)
(10.112 1.08229 0)
(10.1772 1.20826 0)
(9.99435 1.24488 0)
(9.93286 1.63904 0)
(9.85881 1.69437 0)
(9.58224 1.89231 0)
(9.6072 2.27036 0)
(10.0027 -0.000873589 0)
(9.99935 -0.00256992 0)
(10.0116 -0.00418384 0)
(10.0232 -0.00561439 0)
(10.0202 -0.00682393 0)
(10.0477 -0.00780363 0)
(10.0771 -0.00848772 0)
(10.0734 -0.00894604 0)
(10.0957 -0.00931832 0)
(10.1448 -0.00957931 0)
(10.1455 -0.00969954 0)
(10.1225 -0.00982365 0)
(10.1592 -0.00995223 0)
(10.2296 -0.00988354 0)
(10.2503 -0.00959683 0)
(10.229 -0.00925453 0)
(10.2327 -0.00888543 0)
(10.2724 -0.00839568 0)
(10.3061 -0.00782756 0)
(10.3157 -0.00731686 0)
(10.32 -0.0068609 0)
(10.3336 -0.0063342 0)
(10.3511 -0.00566464 0)
(10.3644 -0.00487782 0)
(10.3734 -0.00402098 0)
(10.3811 -0.00312831 0)
(10.3884 -0.00223642 0)
(10.3944 -0.00138545 0)
(10.3988 -0.000600515 0)
(10.402 0.0001116 0)
(10.4044 0.00075517 0)
(10.4062 0.00134449 0)
(10.4075 0.00191012 0)
(10.4083 0.00247272 0)
(10.4089 0.0030511 0)
(10.4094 0.00366679 0)
(10.4097 0.0043429 0)
(10.4099 0.00509973 0)
(10.4101 0.00596115 0)
(10.4102 0.00694526 0)
(10.4104 0.00808352 0)
(10.4105 0.00939115 0)
(10.4106 0.0109178 0)
(10.4107 0.0126675 0)
(10.4109 0.014727 0)
(10.4111 0.0170698 0)
(10.4112 0.0198572 0)
(10.4114 0.0229879 0)
(10.4117 0.0267749 0)
(10.4119 0.0309421 0)
(10.4123 0.0361069 0)
(10.4126 0.0416455 0)
(10.413 0.0486508 0)
(10.4135 0.0561537 0)
(10.4136 0.0652873 0)
(10.4148 0.0761197 0)
(10.4145 0.0869678 0)
(10.4158 0.103714 0)
(10.4164 0.115744 0)
(10.4152 0.139908 0)
(10.4201 0.157651 0)
(10.4141 0.182134 0)
(10.4207 0.222368 0)
(10.4206 0.23242 0)
(10.4081 0.306259 0)
(10.436 0.32145 0)
(10.3959 0.378353 0)
(10.4206 0.486664 0)
(10.4287 0.458715 0)
(10.3504 0.655868 0)
(10.4539 0.694396 0)
(10.3317 0.738734 0)
(10.3489 1.04732 0)
(10.3653 0.990394 0)
(10.2107 1.24343 0)
(10.2909 1.49777 0)
(10.0648 1.54276 0)
(10.0759 1.92322 0)
(9.97177 2.04566 0)
(9.56149 2.41058 0)
(10.0027 -0.00267101 0)
(9.9995 -0.00785487 0)
(10.012 -0.0127697 0)
(10.024 -0.0171176 0)
(10.0215 -0.0207416 0)
(10.0495 -0.0236339 0)
(10.0794 -0.0257172 0)
(10.076 -0.0271642 0)
(10.0985 -0.0281963 0)
(10.1478 -0.0288255 0)
(10.1487 -0.0292614 0)
(10.1258 -0.0299045 0)
(10.1627 -0.030455 0)
(10.2334 -0.0302007 0)
(10.2542 -0.029245 0)
(10.2329 -0.0282074 0)
(10.2368 -0.0271261 0)
(10.2769 -0.0256714 0)
(10.3107 -0.0240045 0)
(10.3203 -0.0225541 0)
(10.3246 -0.0212884 0)
(10.3381 -0.0198202 0)
(10.3554 -0.0179504 0)
(10.3683 -0.0157645 0)
(10.3768 -0.013401 0)
(10.384 -0.0109635 0)
(10.3909 -0.00856993 0)
(10.3964 -0.00634948 0)
(10.4004 -0.00438869 0)
(10.4033 -0.00271171 0)
(10.4055 -0.00130567 0)
(10.4071 -0.000134413 0)
(10.4082 0.000854145 0)
(10.4091 0.00171858 0)
(10.4096 0.00250843 0)
(10.4101 0.00326608 0)
(10.4105 0.00403488 0)
(10.4108 0.004847 0)
(10.411 0.00574062 0)
(10.4113 0.00673294 0)
(10.4116 0.00787495 0)
(10.4119 0.0091595 0)
(10.4122 0.0106807 0)
(10.4127 0.012375 0)
(10.4131 0.0144337 0)
(10.4136 0.0166836 0)
(10.4142 0.0194714 0)
(10.4149 0.0225008 0)
(10.4156 0.0262044 0)
(10.4166 0.0304269 0)
(10.4176 0.0351345 0)
(10.4189 0.0412925 0)
(10.4203 0.04701 0)
(10.4216 0.0559639 0)
(10.4241 0.0633732 0)
(10.4248 0.0747127 0)
(10.4292 0.0873203 0)
(10.4297 0.0972271 0)
(10.4337 0.122194 0)
(10.4395 0.127066 0)
(10.4351 0.164457 0)
(10.4539 0.180111 0)
(10.4418 0.200544 0)
(10.4568 0.273205 0)
(10.4742 0.243465 0)
(10.438 0.36795 0)
(10.5118 0.379681 0)
(10.4544 0.396752 0)
(10.4799 0.619335 0)
(10.5388 0.50243 0)
(10.4269 0.739805 0)
(10.559 0.879594 0)
(10.4469 0.827835 0)
(10.5089 1.20601 0)
(10.4546 1.23915 0)
(10.3683 1.48795 0)
(10.4817 1.71638 0)
(10.1953 1.88989 0)
(10.1651 2.42001 0)
(10.1302 2.37492 0)
(10.0027 -0.00461011 0)
(9.99981 -0.0135595 0)
(10.0129 -0.0219305 0)
(10.0258 -0.0293034 0)
(10.0242 -0.035374 0)
(10.0533 -0.0399911 0)
(10.0842 -0.0432581 0)
(10.0816 -0.0457033 0)
(10.1046 -0.0474575 0)
(10.1541 -0.0483458 0)
(10.155 -0.0490289 0)
(10.1322 -0.0502618 0)
(10.1698 -0.0512964 0)
(10.2414 -0.0508836 0)
(10.2624 -0.0493352 0)
(10.241 -0.0476752 0)
(10.2453 -0.045825 0)
(10.286 -0.0432739 0)
(10.3203 -0.0404073 0)
(10.3299 -0.0378905 0)
(10.334 -0.0355769 0)
(10.3473 -0.0328697 0)
(10.3641 -0.0295622 0)
(10.3761 -0.0258481 0)
(10.3836 -0.0219358 0)
(10.3898 -0.0179742 0)
(10.3957 -0.0141522 0)
(10.4003 -0.0106684 0)
(10.4035 -0.00764996 0)
(10.4057 -0.00512944 0)
(10.4073 -0.00306706 0)
(10.4085 -0.00140184 0)
(10.4094 -6.97318e-05 0)
(10.41 0.00103439 0)
(10.4105 0.00198844 0)
(10.4109 0.00285042 0)
(10.4113 0.00367865 0)
(10.4116 0.00451698 0)
(10.412 0.00541256 0)
(10.4124 0.00638859 0)
(10.4128 0.00749839 0)
(10.4133 0.00874012 0)
(10.4138 0.0102006 0)
(10.4145 0.0118318 0)
(10.4152 0.0137996 0)
(10.4161 0.0159591 0)
(10.4171 0.0186465 0)
(10.4182 0.0214782 0)
(10.4196 0.0252382 0)
(10.4209 0.0287892 0)
(10.4231 0.0343415 0)
(10.4245 0.0383286 0)
(10.4276 0.0470076 0)
(10.4299 0.0509805 0)
(10.4325 0.0637889 0)
(10.4383 0.0697023 0)
(10.4379 0.0827576 0)
(10.449 0.101053 0)
(10.4484 0.100854 0)
(10.4557 0.148363 0)
(10.4725 0.129618 0)
(10.4558 0.190976 0)
(10.5023 0.209437 0)
(10.4767 0.199036 0)
(10.4998 0.345691 0)
(10.5494 0.244158 0)
(10.4787 0.412725 0)
(10.5996 0.472829 0)
(10.544 0.395279 0)
(10.566 0.726633 0)
(10.6498 0.607273 0)
(10.5673 0.818135 0)
(10.6987 0.975499 0)
(10.5829 1.07528 0)
(10.6936 1.36117 0)
(10.683 1.35991 0)
(10.5288 1.93433 0)
(10.632 2.00094 0)
(10.5097 2.24371 0)
(10.3369 2.87928 0)
(10.0027 -0.00682992 0)
(10.0004 -0.0200724 0)
(10.0145 -0.0322251 0)
(10.0288 -0.042735 0)
(10.029 -0.0511919 0)
(10.0598 -0.057299 0)
(10.0921 -0.0614256 0)
(10.0904 -0.064518 0)
(10.1142 -0.0668541 0)
(10.1642 -0.0682843 0)
(10.165 -0.0695595 0)
(10.1423 -0.0712191 0)
(10.1811 -0.0721714 0)
(10.2538 -0.0714418 0)
(10.275 -0.0697888 0)
(10.2536 -0.0678993 0)
(10.2587 -0.0651194 0)
(10.3005 -0.0612113 0)
(10.3355 -0.0571901 0)
(10.3452 -0.0537179 0)
(10.3493 -0.0501991 0)
(10.3621 -0.0458676 0)
(10.3779 -0.0407041 0)
(10.3884 -0.0351026 0)
(10.3941 -0.029359 0)
(10.3986 -0.0236973 0)
(10.4028 -0.0184026 0)
(10.4059 -0.0137329 0)
(10.4078 -0.0098082 0)
(10.409 -0.00662197 0)
(10.4098 -0.00409974 0)
(10.4104 -0.00212888 0)
(10.4108 -0.000578842 0)
(10.4112 0.000641242 0)
(10.4115 0.00164415 0)
(10.4118 0.00252082 0)
(10.4121 0.00334384 0)
(10.4125 0.00415232 0)
(10.4129 0.00501603 0)
(10.4134 0.00592233 0)
(10.4139 0.00699665 0)
(10.4146 0.00810271 0)
(10.4153 0.00956956 0)
(10.4163 0.0109216 0)
(10.4172 0.0130416 0)
(10.4185 0.0146235 0)
(10.4197 0.0177682 0)
(10.4215 0.0195794 0)
(10.423 0.0240604 0)
(10.4257 0.0265581 0)
(10.4272 0.0318995 0)
(10.4314 0.0371306 0)
(10.4331 0.0408333 0)
(10.4382 0.0532717 0)
(10.4427 0.0518013 0)
(10.4447 0.0738616 0)
(10.4581 0.0725475 0)
(10.4521 0.0895068 0)
(10.4752 0.118418 0)
(10.4728 0.092866 0)
(10.4797 0.185427 0)
(10.5192 0.122123 0)
(10.4786 0.21115 0)
(10.5613 0.255196 0)
(10.5254 0.169694 0)
(10.5603 0.426903 0)
(10.613 0.258201 0)
(10.5895 0.420194 0)
(10.6591 0.576159 0)
(10.6616 0.427457 0)
(10.7449 0.776706 0)
(10.706 0.709699 0)
(10.8132 0.978158 0)
(10.8341 1.0293 0)
(10.8726 1.24469 0)
(10.8263 1.66469 0)
(10.9717 1.58301 0)
(10.8955 2.18904 0)
(10.7859 2.44981 0)
(10.8461 2.83134 0)
(10.0027 -0.00959571 0)
(10.0014 -0.0280048 0)
(10.0173 -0.0444905 0)
(10.0339 -0.0583588 0)
(10.0366 -0.0688163 0)
(10.0701 -0.0757497 0)
(10.1043 -0.0805348 0)
(10.1037 -0.0842072 0)
(10.128 -0.0864712 0)
(10.1781 -0.0881464 0)
(10.1792 -0.0907611 0)
(10.1576 -0.0932648 0)
(10.198 -0.0933072 0)
(10.2713 -0.0914257 0)
(10.2923 -0.0900784 0)
(10.2715 -0.088782 0)
(10.2781 -0.085088 0)
(10.3214 -0.079274 0)
(10.3568 -0.0736251 0)
(10.3669 -0.0687746 0)
(10.3714 -0.0634948 0)
(10.3839 -0.0570529 0)
(10.3981 -0.0498719 0)
(10.4062 -0.0425069 0)
(10.4092 -0.0351659 0)
(10.411 -0.0280586 0)
(10.4125 -0.0215541 0)
(10.4133 -0.0159416 0)
(10.4133 -0.0113175 0)
(10.413 -0.00763698 0)
(10.4127 -0.00478316 0)
(10.4125 -0.00261553 0)
(10.4124 -0.000971339 0)
(10.4124 0.000314559 0)
(10.4124 0.00133792 0)
(10.4126 0.00219956 0)
(10.4129 0.00298225 0)
(10.4133 0.00373808 0)
(10.4137 0.00452625 0)
(10.4143 0.00536428 0)
(10.415 0.00631551 0)
(10.4159 0.00736797 0)
(10.4166 0.00860047 0)
(10.418 0.010009 0)
(10.4189 0.0116028 0)
(10.4208 0.0136043 0)
(10.422 0.0155517 0)
(10.4245 0.0185639 0)
(10.4265 0.0208232 0)
(10.429 0.0251358 0)
(10.4333 0.0285578 0)
(10.4341 0.0325399 0)
(10.4429 0.0417376 0)
(10.4415 0.0386179 0)
(10.4534 0.0637215 0)
(10.4564 0.0452314 0)
(10.4605 0.088001 0)
(10.4826 0.0720886 0)
(10.4681 0.0885778 0)
(10.5092 0.148704 0)
(10.4998 0.0609906 0)
(10.5135 0.237818 0)
(10.5693 0.106641 0)
(10.513 0.216247 0)
(10.6373 0.306482 0)
(10.5639 0.153987 0)
(10.6727 0.447523 0)
(10.6641 0.312194 0)
(10.7165 0.464102 0)
(10.7837 0.509914 0)
(10.7902 0.642866 0)
(10.8968 0.763583 0)
(10.9282 0.702946 0)
(11.0437 1.25497 0)
(10.9941 1.08993 0)
(11.2568 1.42891 0)
(11.1207 1.85154 0)
(11.3378 2.00708 0)
(11.1349 2.5754 0)
(11.286 2.92032 0)
(10.0026 -0.0133034 0)
(10.0031 -0.0384727 0)
(10.0221 -0.0601301 0)
(10.0424 -0.077469 0)
(10.0494 -0.0894449 0)
(10.086 -0.0963494 0)
(10.122 -0.101403 0)
(10.1231 -0.105878 0)
(10.1484 -0.108122 0)
(10.1976 -0.109548 0)
(10.1981 -0.113375 0)
(10.1794 -0.117166 0)
(10.2229 -0.116313 0)
(10.2959 -0.11286 0)
(10.3151 -0.111346 0)
(10.2953 -0.110321 0)
(10.3054 -0.105944 0)
(10.3509 -0.0990155 0)
(10.3872 -0.0923426 0)
(10.3979 -0.0855786 0)
(10.4028 -0.0767407 0)
(10.4142 -0.0658304 0)
(10.4255 -0.05449 0)
(10.4297 -0.0438522 0)
(10.4287 -0.0341804 0)
(10.4266 -0.0256452 0)
(10.4245 -0.0185213 0)
(10.4223 -0.0128908 0)
(10.4198 -0.00861692 0)
(10.4176 -0.00545127 0)
(10.416 -0.00312332 0)
(10.4148 -0.00143904 0)
(10.414 -0.00021327 0)
(10.4136 0.000710089 0)
(10.4134 0.00146682 0)
(10.4134 0.00212069 0)
(10.4136 0.00274412 0)
(10.4139 0.00334419 0)
(10.4144 0.00403075 0)
(10.4151 0.00468208 0)
(10.4158 0.00561861 0)
(10.4168 0.00629719 0)
(10.4179 0.00780779 0)
(10.4192 0.00823019 0)
(10.4207 0.0110568 0)
(10.4223 0.0103563 0)
(10.4246 0.016097 0)
(10.4266 0.0124511 0)
(10.4297 0.0236685 0)
(10.4328 0.0149483 0)
(10.4355 0.0331286 0)
(10.4429 0.0210878 0)
(10.4412 0.0402202 0)
(10.4583 0.0383639 0)
(10.4487 0.0391013 0)
(10.4754 0.0704093 0)
(10.4671 0.038532 0)
(10.486 0.0946868 0)
(10.5038 0.0804731 0)
(10.4951 0.0670316 0)
(10.5435 0.191888 0)
(10.5303 0.0202881 0)
(10.5717 0.270686 0)
(10.5862 0.112162 0)
(10.6264 0.195272 0)
(10.6396 0.34545 0)
(10.6916 0.141397 0)
(10.7688 0.482243 0)
(10.7083 0.271002 0)
(10.951 0.565021 0)
(10.818 0.487351 0)
(11.0751 0.654971 0)
(11.0052 0.838969 0)
(11.277 0.858281 0)
(11.1966 1.17622 0)
(11.4822 1.30588 0)
(11.5707 1.73255 0)
(11.4301 2.01032 0)
(12.0731 2.45361 0)
(11.3976 3.00533 0)
(10.0026 -0.0187305 0)
(10.0064 -0.0526673 0)
(10.0305 -0.0802011 0)
(10.0567 -0.100738 0)
(10.0699 -0.113496 0)
(10.1104 -0.11999 0)
(10.1478 -0.125403 0)
(10.1505 -0.130875 0)
(10.1772 -0.133893 0)
(10.2249 -0.136229 0)
(10.2243 -0.141123 0)
(10.2092 -0.144436 0)
(10.2572 -0.142385 0)
(10.3295 -0.140076 0)
(10.3459 -0.140628 0)
(10.3267 -0.13881 0)
(10.3398 -0.131452 0)
(10.3873 -0.122677 0)
(10.4251 -0.115494 0)
(10.4385 -0.107166 0)
(10.4453 -0.0949589 0)
(10.4553 -0.0801269 0)
(10.4617 -0.0652277 0)
(10.4594 -0.0514333 0)
(10.4516 -0.0389733 0)
(10.4431 -0.0282631 0)
(10.4356 -0.019723 0)
(10.429 -0.0131485 0)
(10.4234 -0.00834453 0)
(10.4191 -0.00496153 0)
(10.416 -0.00264344 0)
(10.414 -0.00103992 0)
(10.4128 8.11958e-05 0)
(10.4121 0.00084738 0)
(10.4118 0.00143445 0)
(10.4118 0.00193534 0)
(10.412 0.00240789 0)
(10.4124 0.0028844 0)
(10.4129 0.00340381 0)
(10.4138 0.00397862 0)
(10.4145 0.00463099 0)
(10.4159 0.0054151 0)
(10.4165 0.00620478 0)
(10.4191 0.00745516 0)
(10.4189 0.00810103 0)
(10.424 0.0106607 0)
(10.4216 0.00991197 0)
(10.4308 0.0162639 0)
(10.4253 0.0106426 0)
(10.4394 0.026001 0)
(10.4323 0.00981301 0)
(10.4471 0.0394159 0)
(10.4476 0.011988 0)
(10.4498 0.0482611 0)
(10.477 0.0316157 0)
(10.4454 0.0384707 0)
(10.5209 0.0778809 0)
(10.4417 0.0226646 0)
(10.566 0.110459 0)
(10.4678 0.0685138 0)
(10.5753 0.0663121 0)
(10.5707 0.192719 0)
(10.5207 0.0288889 0)
(10.7347 0.238999 0)
(10.4997 0.134514 0)
(10.8299 0.229616 0)
(10.6176 0.200895 0)
(10.8829 0.353336 0)
(10.7648 0.305803 0)
(10.9648 0.274997 0)
(11.0975 0.731608 0)
(10.8618 0.279994 0)
(11.5305 0.768542 0)
(11.1083 0.864617 0)
(11.6945 0.828152 0)
(11.4583 1.24947 0)
(12.1223 1.5135 0)
(12.0011 1.69339 0)
(12.0625 2.49679 0)
(12.7233 2.91676 0)
(10.0024 -0.0264731 0)
(10.0133 -0.069772 0)
(10.0458 -0.0995215 0)
(10.0804 -0.116867 0)
(10.1012 -0.124893 0)
(10.1453 -0.128365 0)
(10.1825 -0.134678 0)
(10.1852 -0.141213 0)
(10.2108 -0.142679 0)
(10.2553 -0.146728 0)
(10.2542 -0.155612 0)
(10.2416 -0.157251 0)
(10.2873 -0.149841 0)
(10.3518 -0.147681 0)
(10.364 -0.153725 0)
(10.3467 -0.15464 0)
(10.3601 -0.14673 0)
(10.4028 -0.138 0)
(10.4351 -0.12972 0)
(10.4456 -0.114838 0)
(10.4496 -0.0915654 0)
(10.4549 -0.066014 0)
(10.4558 -0.0439098 0)
(10.4485 -0.0266838 0)
(10.4363 -0.0139381 0)
(10.4237 -0.00534396 0)
(10.4126 -0.000373158 0)
(10.4032 0.00184619 0)
(10.3954 0.00258016 0)
(10.3895 0.00264498 0)
(10.3853 0.00242826 0)
(10.3826 0.00216759 0)
(10.3809 0.0019681 0)
(10.38 0.00188112 0)
(10.3796 0.00189265 0)
(10.3795 0.0019852 0)
(10.3798 0.00217616 0)
(10.3802 0.0024045 0)
(10.3809 0.00278588 0)
(10.3817 0.00306793 0)
(10.3828 0.0037868 0)
(10.3839 0.00386595 0)
(10.3856 0.00548238 0)
(10.3866 0.0044526 0)
(10.3899 0.0087025 0)
(10.3895 0.00384415 0)
(10.3971 0.0152369 0)
(10.3916 7.99848e-05 0)
(10.4092 0.027749 0)
(10.392 -0.00867841 0)
(10.4265 0.0472886 0)
(10.3946 -0.019894 0)
(10.4416 0.0679802 0)
(10.416 -0.0227696 0)
(10.4325 0.078275 0)
(10.4835 -0.0092128 0)
(10.3809 0.0839626 0)
(10.5965 -0.00182949 0)
(10.3276 0.124881 0)
(10.6761 -0.0326933 0)
(10.3857 0.201965 0)
(10.6253 -0.0508057 0)
(10.5914 0.234516 0)
(10.4789 -0.000317439 0)
(10.8633 0.257786 0)
(10.3587 0.0603398 0)
(11.0924 0.256617 0)
(10.4438 0.292374 0)
(11.0804 0.100761 0)
(10.8686 0.49683 0)
(11.0158 0.387803 0)
(11.0634 0.269558 0)
(11.487 0.789516 0)
(11.3548 0.603777 0)
(11.4478 0.817363 0)
(12.395 1.02172 0)
(11.7504 1.33557 0)
(12.7643 1.78861 0)
(12.7589 2.02029 0)
(13.102 3.20394 0)
(10.0025 -0.0609168 0)
(10.0287 -0.137178 0)
(10.0725 -0.172474 0)
(10.1106 -0.184345 0)
(10.1261 -0.1838 0)
(10.1556 -0.181776 0)
(10.1729 -0.189407 0)
(10.1557 -0.197267 0)
(10.1573 -0.19397 0)
(10.1726 -0.194015 0)
(10.1475 -0.204854 0)
(10.1142 -0.204981 0)
(10.1291 -0.191056 0)
(10.1508 -0.186701 0)
(10.1244 -0.193349 0)
(10.0789 -0.192269 0)
(10.0625 -0.181718 0)
(10.0693 -0.17488 0)
(10.0672 -0.170909 0)
(10.0504 -0.157212 0)
(10.0321 -0.13039 0)
(10.0191 -0.0981621 0)
(10.0086 -0.0680636 0)
(9.99856 -0.0427961 0)
(9.99027 -0.0231 0)
(9.98501 -0.00941136 0)
(9.9822 -0.00118412 0)
(9.98102 0.0027566 0)
(9.98087 0.00414359 0)
(9.98123 0.00424799 0)
(9.98183 0.00378649 0)
(9.98251 0.00313945 0)
(9.98318 0.00254792 0)
(9.98384 0.00211536 0)
(9.98452 0.00184179 0)
(9.98526 0.00170354 0)
(9.98602 0.00168275 0)
(9.98698 0.00174595 0)
(9.98784 0.00190498 0)
(9.98929 0.0020902 0)
(9.99004 0.00242345 0)
(9.99272 0.00266223 0)
(9.99234 0.00325223 0)
(9.99849 0.00346839 0)
(9.99346 0.00438167 0)
(10.0095 0.00481352 0)
(9.98982 0.00522398 0)
(10.032 0.0083283 0)
(9.97445 0.00276099 0)
(10.0753 0.0198803 0)
(9.94064 -0.0120231 0)
(10.1418 0.0529988 0)
(9.90044 -0.0545152 0)
(10.199 0.121881 0)
(9.92108 -0.128662 0)
(10.1488 0.210779 0)
(10.1267 -0.188958 0)
(9.88409 0.249178 0)
(10.5607 -0.149826 0)
(9.48046 0.173683 0)
(11.0026 0.0118024 0)
(9.25155 0.00831516 0)
(11.1428 0.224872 0)
(9.41554 -0.175316 0)
(10.9414 0.390668 0)
(9.98051 -0.17847 0)
(10.3303 0.174147 0)
(11.1282 0.383101 0)
(9.41555 -0.378058 0)
(11.9787 0.711483 0)
(9.7598 -0.0212604 0)
(11.2969 0.112331 0)
(11.2159 0.420692 0)
(10.9805 0.477529 0)
(11.8482 0.0921743 0)
(11.5037 0.859448 0)
(12.7108 0.496066 0)
(12.3191 0.993245 0)
(13.8648 1.56089 0)
(13.6588 1.87687 0)
(9.90423 -0.0452874 0)
(9.80348 -0.0988061 0)
(9.70217 -0.120073 0)
(9.57393 -0.124878 0)
(9.41099 -0.123047 0)
(9.2597 -0.121292 0)
(9.09283 -0.126114 0)
(8.89736 -0.129871 0)
(8.73744 -0.123886 0)
(8.58965 -0.123331 0)
(8.396 -0.134044 0)
(8.21007 -0.131213 0)
(8.08035 -0.114164 0)
(7.94969 -0.109795 0)
(7.77474 -0.118337 0)
(7.59573 -0.12023 0)
(7.44882 -0.11173 0)
(7.3167 -0.102022 0)
(7.17917 -0.0900517 0)
(7.04696 -0.0702658 0)
(6.93994 -0.0459983 0)
(6.86404 -0.0250076 0)
(6.81383 -0.010708 0)
(6.78276 -0.00208566 0)
(6.76628 0.00256619 0)
(6.76021 0.00438185 0)
(6.76026 0.00447581 0)
(6.76306 0.00385643 0)
(6.76666 0.002998 0)
(6.77012 0.00220801 0)
(6.77307 0.00159029 0)
(6.77544 0.00115053 0)
(6.77732 0.000869711 0)
(6.77883 0.000711866 0)
(6.78012 0.000634664 0)
(6.78129 0.000614458 0)
(6.78242 0.000628963 0)
(6.78359 0.000683011 0)
(6.78483 0.00074315 0)
(6.78625 0.00086332 0)
(6.78775 0.000935793 0)
(6.78966 0.0011644 0)
(6.79145 0.00118088 0)
(6.79432 0.00164474 0)
(6.7961 0.00143228 0)
(6.80107 0.00240444 0)
(6.80145 0.00164682 0)
(6.81158 0.00348465 0)
(6.80664 0.00207493 0)
(6.82841 0.00432834 0)
(6.81138 0.00432273 0)
(6.85165 0.00219583 0)
(6.82304 0.0138815 0)
(6.86674 -0.0114574 0)
(6.87359 0.0447865 0)
(6.82763 -0.0569241 0)
(7.02837 0.124235 0)
(6.67075 -0.163191 0)
(7.3346 0.274172 0)
(6.4247 -0.322062 0)
(7.68701 0.458799 0)
(6.30911 -0.452464 0)
(7.85185 0.591041 0)
(6.56513 -0.476775 0)
(7.61472 0.595589 0)
(7.36657 -0.309282 0)
(6.86218 0.262714 0)
(8.48239 0.348503 0)
(6.6089 -0.48332 0)
(8.43011 0.944771 0)
(8.10098 -0.199056 0)
(7.3427 0.0109381 0)
(9.62532 1.06069 0)
(7.37564 -0.861738 0)
(10.2132 1.86628 0)
(8.64254 -1.15459 0)
(10.4929 2.00001 0)
(10.4042 -0.559635 0)
(11.7712 1.95834 0)
(13.3424 0.710506 0)
(3.95544 0.158133 0)
(3.66281 0.162461 0)
(3.35884 0.163569 0)
(3.04745 0.161027 0)
(2.73398 0.155015 0)
(2.42401 0.144339 0)
(2.12306 0.1295 0)
(1.83732 0.112878 0)
(1.57188 0.094176 0)
(1.32895 0.0734232 0)
(1.10966 0.0548577 0)
(0.915747 0.0408295 0)
(0.747228 0.0287501 0)
(0.60155 0.0169893 0)
(0.474919 0.00673454 0)
(0.364361 -0.00109327 0)
(0.265119 -0.00625005 0)
(0.178076 -0.00921652 0)
(0.0826151 -0.0102899 0)
(0.0156 -0.0261872 0)
(7.31504 0.432828 0)
(7.00831 0.45559 0)
(6.67859 0.47507 0)
(6.32858 0.489291 0)
(5.95928 0.494458 0)
(5.57116 0.494367 0)
(5.1705 0.487453 0)
(4.76009 0.467765 0)
(4.33829 0.443175 0)
(3.91228 0.420377 0)
(3.49028 0.390687 0)
(3.07074 0.347757 0)
(2.65376 0.30652 0)
(2.24867 0.275869 0)
(1.86091 0.251482 0)
(1.49161 0.230497 0)
(1.13342 0.214055 0)
(0.792954 0.20175 0)
(0.438202 0.200284 0)
(0.127297 0.135747 0)
(8.14259 0.712267 0)
(7.87331 0.761587 0)
(7.5835 0.801691 0)
(7.26536 0.836909 0)
(6.92538 0.871564 0)
(6.56895 0.887121 0)
(6.17993 0.8938 0)
(5.7678 0.909817 0)
(5.35409 0.90071 0)
(4.9149 0.865587 0)
(4.42652 0.868157 0)
(3.92629 0.893375 0)
(3.44433 0.878021 0)
(2.96434 0.820161 0)
(2.47547 0.755544 0)
(1.9918 0.70468 0)
(1.5172 0.671103 0)
(1.06449 0.648584 0)
(0.597653 0.647912 0)
(0.177102 0.516475 0)
(8.36632 0.967628 0)
(8.11337 1.02972 0)
(7.83142 1.1053 0)
(7.5453 1.1624 0)
(7.22107 1.19922 0)
(6.85774 1.26399 0)
(6.51592 1.29754 0)
(6.13525 1.2832 0)
(5.66786 1.32823 0)
(5.24964 1.3864 0)
(4.88761 1.31476 0)
(4.41158 1.16295 0)
(3.80757 1.10135 0)
(3.21 1.15126 0)
(2.67169 1.20417 0)
(2.16747 1.20479 0)
(1.66716 1.17221 0)
(1.17774 1.13446 0)
(0.666665 1.12982 0)
(0.198211 0.927067 0)
(8.46635 1.20658 0)
(8.22781 1.3137 0)
(7.97078 1.37136 0)
(7.63526 1.47005 0)
(7.34129 1.57383 0)
(7.03589 1.57551 0)
(6.59217 1.64392 0)
(6.21752 1.77473 0)
(5.94365 1.71143 0)
(5.4261 1.66059 0)
(4.69507 1.97861 0)
(4.14248 2.3696 0)
(3.77269 2.41651 0)
(3.34617 2.14473 0)
(2.79486 1.83296 0)
(2.21745 1.65116 0)
(1.67714 1.59664 0)
(1.18432 1.58791 0)
(0.676108 1.6142 0)
(0.202322 1.35625 0)
(8.61271 1.44582 0)
(8.3239 1.53482 0)
(8.03038 1.72096 0)
(7.81752 1.77206 0)
(7.41291 1.82057 0)
(7.01551 2.04414 0)
(6.81728 2.05113 0)
(6.34122 1.96931 0)
(5.76356 2.18017 0)
(5.6159 2.36906 0)
(5.64388 2.02459 0)
(5.28304 1.4039 0)
(4.57865 1.35948 0)
(3.85464 1.91965 0)
(3.17665 2.41769 0)
(2.53324 2.50375 0)
(1.91948 2.36176 0)
(1.33327 2.21589 0)
(0.748083 2.17729 0)
(0.220105 1.82539 0)
(8.65453 1.70391 0)
(8.50361 1.88154 0)
(8.21122 1.88554 0)
(7.78397 2.12763 0)
(7.60955 2.32039 0)
(7.22747 2.19821 0)
(6.66346 2.38621 0)
(6.43439 2.72563 0)
(6.12979 2.43244 0)
(5.31223 2.31144 0)
(4.37318 3.30407 0)
(3.39791 4.40534 0)
(2.24751 4.51737 0)
(1.45963 3.67794 0)
(1.16733 2.78389 0)
(1.09387 2.39129 0)
(1.03479 2.38656 0)
(0.894756 2.49047 0)
(0.580098 2.60814 0)
(0.185257 2.24677 0)
(8.94552 1.89676 0)
(8.54031 2.03051 0)
(8.3501 2.40163 0)
(8.09035 2.37101 0)
(7.5405 2.48406 0)
(7.34836 2.88817 0)
(6.97183 2.80388 0)
(6.29098 2.73833 0)
(6.09709 3.04624 0)
(6.07231 3.14559 0)
(6.09256 2.64822 0)
(6.3827 2.34887 0)
(6.96353 2.53669 0)
(7.14801 3.06093 0)
(6.09898 3.41554 0)
(4.43406 3.39752 0)
(2.96789 3.22797 0)
(1.85107 3.1476 0)
(0.965279 3.19801 0)
(0.276733 2.75137 0)
(9.02497 2.22742 0)
(8.90153 2.42715 0)
(8.38081 2.4617 0)
(8.2407 2.85517 0)
(7.94697 2.98985 0)
(7.21962 2.94616 0)
(7.04748 3.40856 0)
(6.75096 3.43707 0)
(5.77978 3.09003 0)
(4.93989 3.70378 0)
(3.7502 4.46674 0)
(1.63377 4.50932 0)
(0.487405 4.29262 0)
(0.115636 4.39449 0)
(0.20727 4.4461 0)
(0.594808 4.29905 0)
(0.866295 4.07776 0)
(0.898063 3.89818 0)
(0.620782 3.85076 0)
(0.198787 3.27799 0)
(9.19515 2.32091 0)
(8.96527 2.71144 0)
(8.92623 2.90785 0)
(8.23432 2.97991 0)
(7.93653 3.56388 0)
(7.8134 3.50493 0)
(7.03634 3.48979 0)
(6.56192 4.08741 0)
(6.21155 4.08732 0)
(6.40411 3.63243 0)
(6.66663 4.00855 0)
(5.9519 4.55538 0)
(5.26275 4.60684 0)
(4.58098 4.27431 0)
(3.76508 3.87127 0)
(2.9306 3.60662 0)
(2.15499 3.75055 0)
(1.47307 4.02866 0)
(0.812423 4.267 0)
(0.245094 3.73074 0)
(9.70213 2.6935 0)
(9.26715 2.77367 0)
(8.85518 3.34592 0)
(8.7571 3.58041 0)
(8.27611 3.4981 0)
(7.72031 4.07242 0)
(7.24277 4.39851 0)
(6.87773 4.28276 0)
(6.14991 4.50581 0)
(4.50638 5.10045 0)
(3.39397 5.74935 0)
(3.43332 5.95182 0)
(4.07469 5.59913 0)
(4.56982 5.23377 0)
(4.36318 5.06349 0)
(3.54908 4.96772 0)
(2.58243 4.92206 0)
(1.7172 4.88338 0)
(0.939608 4.93847 0)
(0.279053 4.28146 0)
(9.76963 2.88336 0)
(9.57514 3.39719 0)
(9.36407 3.32921 0)
(8.87567 3.94872 0)
(8.43908 4.3304 0)
(8.15112 4.42772 0)
(7.63705 4.66523 0)
(6.88192 4.70979 0)
(7.12093 4.71045 0)
(6.84194 4.79018 0)
(6.09677 4.78333 0)
(5.3287 4.64158 0)
(4.50014 4.38787 0)
(3.75368 4.72498 0)
(3.13781 5.43062 0)
(2.52953 5.85738 0)
(1.93862 5.88764 0)
(1.37435 5.73213 0)
(0.793093 5.66775 0)
(0.232833 4.87034 0)
(10.1988 2.99441 0)
(9.9757 3.52725 0)
(9.55865 3.93315 0)
(9.49186 4.23668 0)
(8.80605 4.58174 0)
(8.05676 4.84869 0)
(7.85914 5.66268 0)
(6.61415 6.06034 0)
(5.12787 6.36394 0)
(4.31456 7.08077 0)
(4.15562 7.2298 0)
(3.92851 6.73793 0)
(3.10985 6.06057 0)
(2.25762 5.72652 0)
(1.81675 5.8235 0)
(1.63221 6.05189 0)
(1.42335 6.1691 0)
(1.10343 6.1602 0)
(0.661152 6.19848 0)
(0.197494 5.35483 0)
(10.4647 3.36163 0)
(10.6124 3.70096 0)
(10.0206 4.23371 0)
(9.3819 4.82178 0)
(9.51933 5.44262 0)
(8.7501 5.37598 0)
(8.29949 5.26287 0)
(8.6578 5.39617 0)
(8.49268 5.33069 0)
(7.72794 5.28328 0)
(6.79497 5.85262 0)
(5.82233 6.62646 0)
(4.61488 6.90123 0)
(3.47632 6.66259 0)
(2.64673 6.3449 0)
(2.10609 6.24618 0)
(1.66641 6.34393 0)
(1.22301 6.46076 0)
(0.713134 6.6274 0)
(0.220117 5.77488 0)
(11.2644 3.42213 0)
(10.521 4.13117 0)
(11.0195 4.67927 0)
(10.1997 4.88932 0)
(9.3085 5.53693 0)
(8.89857 6.63976 0)
(7.32197 7.38401 0)
(5.30903 8.10433 0)
(4.36102 8.57937 0)
(4.10371 8.35897 0)
(4.00826 8.01607 0)
(4.10384 7.80673 0)
(4.25828 7.6282 0)
(4.22253 7.35344 0)
(3.74261 7.07302 0)
(2.95161 6.92677 0)
(2.14585 6.949 0)
(1.46211 7.01894 0)
(0.822921 7.17168 0)
(0.250672 6.25608 0)
(11.8934 3.81808 0)
(11.6021 4.22192 0)
(10.8898 5.11088 0)
(11.025 6.253 0)
(10.3002 6.17265 0)
(9.87122 6.09077 0)
(10.3732 6.33101 0)
(10.183 6.60057 0)
(9.37672 6.69487 0)
(8.12919 6.82034 0)
(6.70467 7.2222 0)
(5.53885 7.41611 0)
(4.92769 7.41339 0)
(4.67521 7.55281 0)
(4.1245 7.74154 0)
(3.20211 7.82131 0)
(2.27284 7.82268 0)
(1.51287 7.77783 0)
(0.837948 7.83559 0)
(0.243509 6.80547 0)
(12.0847 3.43407 0)
(12.5663 4.74911 0)
(12.1503 5.11731 0)
(11.1371 6.25693 0)
(10.4839 7.79961 0)
(8.11021 8.34951 0)
(6.01119 9.00861 0)
(5.73261 9.55969 0)
(5.79771 9.40997 0)
(5.75279 9.17231 0)
(5.53386 9.03352 0)
(4.97957 8.54143 0)
(4.33613 8.04137 0)
(3.90357 8.11174 0)
(3.39363 8.46883 0)
(2.68247 8.64414 0)
(1.9762 8.61215 0)
(1.35418 8.48315 0)
(0.754907 8.47606 0)
(0.20989 7.32959 0)
(13.4481 3.92769 0)
(13.0357 4.95903 0)
(13.3327 6.43392 0)
(12.4476 6.78868 0)
(12.4035 7.52287 0)
(12.4933 8.31729 0)
(10.8938 8.72588 0)
(8.91461 8.75057 0)
(7.14249 8.50555 0)
(5.80441 8.70476 0)
(5.11822 9.23512 0)
(4.4287 9.16412 0)
(3.51836 8.74525 0)
(2.81088 8.71684 0)
(2.3391 8.99957 0)
(1.93977 9.16285 0)
(1.55576 9.13735 0)
(1.13742 9.01001 0)
(0.650008 9.00758 0)
(0.179739 7.77205 0)
(14.8391 3.4189 0)
(15.1383 5.22716 0)
(14.0609 7.4133 0)
(11.9249 8.89474 0)
(8.9672 8.99662 0)
(8.85479 9.57301 0)
(9.64863 10.7266 0)
(9.51361 11.0504 0)
(8.3423 10.3939 0)
(6.816 9.80683 0)
(5.76444 9.86669 0)
(4.79593 9.88984 0)
(3.59014 9.59806 0)
(2.55731 9.37046 0)
(1.92101 9.36292 0)
(1.58436 9.42779 0)
(1.3306 9.45193 0)
(1.0104 9.39634 0)
(0.586598 9.44774 0)
(0.167395 8.15321 0)
(13.8075 2.19246 0)
(17.0025 5.29993 0)
(17.9964 7.89263 0)
(17.108 10.1225 0)
(13.7776 10.793 0)
(10.0401 10.3738 0)
(8.26303 10.8455 0)
(7.87028 11.7297 0)
(7.23722 11.7917 0)
(6.34352 11.3626 0)
(5.69033 11.1723 0)
(4.95276 11.1154 0)
(3.94933 10.7873 0)
(2.98251 10.2594 0)
(2.23623 9.85245 0)
(1.75504 9.72174 0)
(1.39619 9.7506 0)
(1.02041 9.75717 0)
(0.582563 9.86226 0)
(0.169703 8.52013 0)
(-0.56893 -1.26655 0)
(8.45615 3.21945 0)
(12.7126 7.60699 0)
(14.9951 10.9687 0)
(15.1336 12.9983 0)
(12.7501 13.0441 0)
(9.79274 12.1618 0)
(7.70333 11.893 0)
(6.49379 11.9656 0)
(5.75973 11.8875 0)
(5.22471 11.8889 0)
(4.68277 11.9864 0)
(4.0931 11.7359 0)
(3.47028 11.0975 0)
(2.77347 10.4953 0)
(2.13679 10.2238 0)
(1.59144 10.1962 0)
(1.09395 10.1938 0)
(0.605768 10.307 0)
(0.172652 8.90018 0)
(-1.69643 -5.53952 0)
(2.34679 -4.84236 0)
(7.72492 3.26761 0)
(10.5948 9.32622 0)
(12.8113 13.6527 0)
(12.8579 15.2679 0)
(10.8633 14.6578 0)
(8.4088 13.5562 0)
(6.69827 12.7665 0)
(5.68372 12.3635 0)
(4.93184 12.2836 0)
(4.3659 12.3371 0)
(4.04224 12.1534 0)
(3.69815 11.6562 0)
(3.07668 11.1646 0)
(2.35366 10.8966 0)
(1.68824 10.7961 0)
(1.11594 10.7225 0)
(0.603737 10.7915 0)
(0.161512 9.28802 0)
(4.29291 -2.83161 0)
(2.31399 -7.05619 0)
(5.39563 -0.451844 0)
(7.86036 7.00889 0)
(9.95253 13.0919 0)
(11.0737 16.6962 0)
(10.0972 16.9847 0)
(8.13791 15.6907 0)
(6.36793 14.3732 0)
(5.33197 13.4811 0)
(4.56633 12.9783 0)
(3.95868 12.634 0)
(3.73398 12.3525 0)
(3.49761 12.0717 0)
(2.92558 11.8198 0)
(2.2232 11.6146 0)
(1.57321 11.4406 0)
(1.02565 11.2768 0)
(0.545748 11.2785 0)
(0.130851 9.65336 0)
(0.845485 -11.6652 0)
(4.54192 -8.32348 0)
(4.79508 -3.26005 0)
(6.74943 4.49912 0)
(7.89779 10.9227 0)
(9.04883 15.8066 0)
(8.72829 17.5793 0)
(7.03626 17.0887 0)
(5.46784 15.7352 0)
(4.69495 14.5807 0)
(3.98045 13.7711 0)
(3.33713 13.038 0)
(3.09335 12.6115 0)
(2.84208 12.492 0)
(2.34774 12.4195 0)
(1.78846 12.2411 0)
(1.27731 12.0023 0)
(0.837453 11.77 0)
(0.437305 11.7136 0)
(0.0868741 9.95863 0)
(1.39697 -10.5781 0)
(2.39143 -9.83538 0)
(4.14093 -4.20108 0)
(5.81556 3.98828 0)
(6.2579 10.2573 0)
(7.04701 15.2072 0)
(6.98518 17.748 0)
(5.83652 17.7429 0)
(4.60145 16.5006 0)
(3.92796 15.4362 0)
(3.22009 14.4936 0)
(2.56586 13.4938 0)
(2.22047 12.97 0)
(1.92145 12.9065 0)
(1.56641 12.8766 0)
(1.22566 12.6785 0)
(0.906775 12.405 0)
(0.605091 12.1465 0)
(0.305336 12.0587 0)
(0.0404731 10.1785 0)
(0.0368351 -14.7563 0)
(1.94941 -11.9104 0)
(2.95162 -6.25922 0)
(4.11036 2.97022 0)
(4.77007 10.0518 0)
(5.00832 14.9883 0)
(5.16117 17.8935 0)
(4.40802 18.2809 0)
(3.41791 17.2717 0)
(2.92639 16.2034 0)
(2.37399 15.0893 0)
(1.74788 13.9761 0)
(1.31046 13.3956 0)
(1.01467 13.2395 0)
(0.837696 13.1346 0)
(0.708228 12.9092 0)
(0.558672 12.6432 0)
(0.380997 12.3997 0)
(0.177457 12.3048 0)
(-0.00119067 10.3088 0)
(0.546092 -12.504 0)
(0.883769 -12.1709 0)
(1.04858 -5.66594 0)
(1.94417 2.89858 0)
(2.43107 10.0989 0)
(2.84591 15.3167 0)
(3.00163 18.4124 0)
(2.44491 18.9517 0)
(1.97052 17.9044 0)
(1.86607 16.7717 0)
(1.52018 15.582 0)
(0.95514 14.5277 0)
(0.54146 13.8186 0)
(0.345557 13.4371 0)
(0.324421 13.2127 0)
(0.328587 12.9831 0)
(0.285021 12.7584 0)
(0.193865 12.5545 0)
(0.0678259 12.4644 0)
(-0.0360747 10.3608 0)
(-0.147118 -15.8381 0)
(-0.538228 -12.6536 0)
(-1.28785 -6.68462 0)
(-0.593464 2.3917 0)
(-0.07231 10.1213 0)
(0.158266 15.4466 0)
(0.629737 18.6258 0)
(0.698651 19.1261 0)
(0.595649 18.2153 0)
(0.781761 17.1353 0)
(0.578976 16.0609 0)
(0.225169 15.0572 0)
(0.0228935 14.111 0)
(-0.0128713 13.5004 0)
(0.0460003 13.1881 0)
(0.0930311 12.9793 0)
(0.0916698 12.8049 0)
(0.0493145 12.6443 0)
(-0.0205801 12.5578 0)
(-0.0668844 10.3489 0)
(0.0507174 -11.4714 0)
(-2.96669 -10.8464 0)
(-3.37524 -5.47708 0)
(-3.3141 2.49251 0)
(-2.98805 9.68374 0)
(-2.32048 15.2482 0)
(-1.65765 18.4053 0)
(-1.25441 19.0621 0)
(-0.934237 18.2245 0)
(-0.43507 17.1858 0)
(-0.355165 16.3294 0)
(-0.319941 15.2632 0)
(-0.228305 14.1652 0)
(-0.148087 13.4724 0)
(-0.0867994 13.1451 0)
(-0.051447 12.9641 0)
(-0.0456311 12.8247 0)
(-0.0631381 12.6952 0)
(-0.0942278 12.6006 0)
(-0.0961642 10.2824 0)
(-0.890445 -13.2946 0)
(-3.74531 -9.92448 0)
(-5.56735 -4.50883 0)
(-6.11855 2.58375 0)
(-5.49197 9.58645 0)
(-4.92418 14.7861 0)
(-4.13878 17.8872 0)
(-3.41852 18.3793 0)
(-2.37526 17.5078 0)
(-1.5177 16.7829 0)
(-1.01155 16.0769 0)
(-0.595725 15.0335 0)
(-0.315927 14.0224 0)
(-0.216255 13.4134 0)
(-0.185806 13.1239 0)
(-0.170193 12.9598 0)
(-0.161421 12.8339 0)
(-0.160818 12.7187 0)
(-0.160158 12.6025 0)
(-0.123856 10.1656 0)
(-2.25338 -7.45838 0)
(-4.72595 -6.88356 0)
(-7.50375 -3.3036 0)
(-7.93715 3.50374 0)
(-7.857 9.15302 0)
(-7.12666 13.9724 0)
(-6.14456 16.4231 0)
(-4.71846 16.6143 0)
(-3.2838 16.1994 0)
(-2.13741 15.9055 0)
(-1.37233 15.3704 0)
(-0.748252 14.5728 0)
(-0.442457 13.8167 0)
(-0.352506 13.3607 0)
(-0.325256 13.1128 0)
(-0.301962 12.9508 0)
(-0.276195 12.8256 0)
(-0.253376 12.7158 0)
(-0.221639 12.5676 0)
(-0.148863 10.0003 0)
(-0.772904 -6.89356 0)
(-4.77263 -4.87369 0)
(-7.53168 -1.13163 0)
(-9.15899 3.76157 0)
(-8.87392 8.60738 0)
(-8.20862 12.4237 0)
(-6.67984 14.1894 0)
(-5.07116 14.5785 0)
(-3.61159 14.7284 0)
(-2.46649 14.7469 0)
(-1.62859 14.5547 0)
(-0.998817 14.0758 0)
(-0.716283 13.6056 0)
(-0.59051 13.2876 0)
(-0.517355 13.0716 0)
(-0.452834 12.9113 0)
(-0.39321 12.7878 0)
(-0.341408 12.6835 0)
(-0.278111 12.4963 0)
(-0.16925 9.79075 0)
(-1.39428 -3.02481 0)
(-4.50066 -1.64544 0)
(-6.97063 0.799758 0)
(-8.89905 4.54504 0)
(-8.69984 8.09159 0)
(-7.96915 10.9962 0)
(-6.38351 12.213 0)
(-5.04582 13.0154 0)
(-3.70079 13.3296 0)
(-2.74705 13.684 0)
(-1.92605 13.7968 0)
(-1.37891 13.5896 0)
(-1.06542 13.356 0)
(-0.866296 13.1419 0)
(-0.722199 12.9641 0)
(-0.602913 12.8213 0)
(-0.503168 12.7116 0)
(-0.419998 12.6184 0)
(-0.326375 12.3891 0)
(-0.182862 9.54438 0)
(-0.953827 -0.808844 0)
(-3.69802 0.695413 0)
(-5.66871 2.83244 0)
(-7.50962 5.57807 0)
(-7.78245 7.90718 0)
(-6.88447 10.0179 0)
(-6.04027 10.9961 0)
(-4.79561 11.8448 0)
(-3.79764 12.2278 0)
(-2.97103 12.857 0)
(-2.24221 13.1045 0)
(-1.73657 13.1193 0)
(-1.36718 13.0428 0)
(-1.10028 12.9138 0)
(-0.892712 12.7877 0)
(-0.726763 12.6797 0)
(-0.592046 12.5965 0)
(-0.481083 12.5201 0)
(-0.361521 12.249 0)
(-0.188019 9.27155 0)
(-0.719595 1.31901 0)
(-2.9754 2.72575 0)
(-4.40098 4.41569 0)
(-5.56607 6.63638 0)
(-6.42253 8.0542 0)
(-5.43944 9.33527 0)
(-5.51494 10.3638 0)
(-4.29351 10.8806 0)
(-3.77198 11.4906 0)
(-3.02678 12.1754 0)
(-2.44353 12.5016 0)
(-1.94594 12.6702 0)
(-1.55539 12.6889 0)
(-1.24981 12.6381 0)
(-1.00536 12.5689 0)
(-0.81039 12.5038 0)
(-0.65133 12.4525 0)
(-0.519391 12.3945 0)
(-0.38034 12.0833 0)
(-0.184619 8.98527 0)
(-0.477782 2.88232 0)
(-2.25257 4.32772 0)
(-3.4484 5.53445 0)
(-3.84919 7.40957 0)
(-4.89372 8.44952 0)
(-4.02115 8.959 0)
(-4.6252 10.083 0)
(-3.63744 10.1823 0)
(-3.47325 11.0145 0)
(-2.88217 11.5968 0)
(-2.44555 12.0042 0)
(-1.98725 12.2474 0)
(-1.62123 12.3339 0)
(-1.31112 12.3513 0)
(-1.05863 12.3355 0)
(-0.852179 12.3129 0)
(-0.680179 12.2925 0)
(-0.534714 12.2509 0)
(-0.383189 11.9016 0)
(-0.174312 8.69911 0)
(-0.300199 4.07369 0)
(-1.61614 5.62937 0)
(-2.74496 6.34752 0)
(-2.76182 7.79088 0)
(-3.55015 8.84158 0)
(-2.91135 8.87326 0)
(-3.58079 10.0226 0)
(-2.97307 9.81563 0)
(-2.97164 10.7106 0)
(-2.5945 11.1567 0)
(-2.27554 11.6056 0)
(-1.90143 11.8675 0)
(-1.58619 12.0059 0)
(-1.30009 12.0753 0)
(-1.0606 12.1047 0)
(-0.856622 12.1189 0)
(-0.681694 12.1254 0)
(-0.529802 12.0968 0)
(-0.372517 11.7126 0)
(-0.159136 8.42403 0)
(-0.183221 4.9068 0)
(-1.10084 6.67564 0)
(-2.13712 7.04984 0)
(-2.18861 7.93282 0)
(-2.59462 9.05479 0)
(-2.20104 8.95025 0)
(-2.68492 10.0747 0)
(-2.41116 9.72588 0)
(-2.44373 10.5442 0)
(-2.25559 10.8782 0)
(-2.01981 11.3032 0)
(-1.7433 11.5539 0)
(-1.48455 11.7217 0)
(-1.23816 11.824 0)
(-1.02272 11.8871 0)
(-0.830726 11.9297 0)
(-0.660438 11.9574 0)
(-0.508262 11.9382 0)
(-0.351187 11.5236 0)
(-0.140838 8.16757 0)
(-0.108889 5.45885 0)
(-0.733137 7.46979 0)
(-1.56396 7.72366 0)
(-1.83577 8.04913 0)
(-1.99197 9.09762 0)
(-1.80549 9.06578 0)
(-2.06333 10.1301 0)
(-1.98847 9.78456 0)
(-2.00713 10.4708 0)
(-1.9353 10.7302 0)
(-1.75558 11.0896 0)
(-1.55988 11.316 0)
(-1.35101 11.4893 0)
(-1.14653 11.6068 0)
(-0.95804 11.6904 0)
(-0.78296 11.7516 0)
(-0.622049 11.7941 0)
(-0.474155 11.7805 0)
(-0.322102 11.3404 0)
(-0.120998 7.93474 0)
(-0.0572964 5.82265 0)
(-0.515316 8.02168 0)
(-1.05322 8.34368 0)
(-1.5239 8.25821 0)
(-1.5943 9.08367 0)
(-1.57991 9.17071 0)
(-1.66775 10.1313 0)
(-1.68143 9.87825 0)
(-1.68051 10.4341 0)
(-1.65952 10.6512 0)
(-1.51971 10.94 0)
(-1.37924 11.1409 0)
(-1.2104 11.3045 0)
(-1.04213 11.4251 0)
(-0.87885 11.5178 0)
(-0.721896 11.589 0)
(-0.572642 11.6399 0)
(-0.431952 11.6282 0)
(-0.288293 11.1679 0)
(-0.101069 7.72861 0)
(-0.0157032 6.07795 0)
(-0.414486 8.37549 0)
(-0.655034 8.85091 0)
(-1.2169 8.56351 0)
(-1.28263 9.11247 0)
(-1.4122 9.27723 0)
(-1.39883 10.0912 0)
(-1.44944 9.95651 0)
(-1.43217 10.4021 0)
(-1.42603 10.5946 0)
(-1.31681 10.8273 0)
(-1.2114 11.0064 0)
(-1.07447 11.1558 0)
(-0.935235 11.2734 0)
(-0.794085 11.3678 0)
(-0.654493 11.4426 0)
(-0.517664 11.497 0)
(-0.385832 11.4846 0)
(-0.252602 11.0089 0)
(-0.0822553 7.55019 0)
(0.0200057 6.27537 0)
(-0.377295 8.6003 0)
(-0.393897 9.21138 0)
(-0.94009 8.90645 0)
(-1.01089 9.21148 0)
(-1.24874 9.40317 0)
(-1.18541 10.0498 0)
(-1.26095 10.0166 0)
(-1.22955 10.3723 0)
(-1.22656 10.5451 0)
(-1.14057 10.7377 0)
(-1.05795 10.8976 0)
(-0.946781 11.033 0)
(-0.830703 11.1447 0)
(-0.708916 11.2369 0)
(-0.585391 11.3115 0)
(-0.461094 11.366 0)
(-0.339027 11.3514 0)
(-0.217286 10.8652 0)
(-0.0653391 7.39878 0)
(0.0495362 6.43864 0)
(-0.356295 8.76273 0)
(-0.255981 9.43468 0)
(-0.719897 9.22437 0)
(-0.778945 9.35593 0)
(-1.07979 9.54439 0)
(-0.996775 10.0298 0)
(-1.09649 10.0665 0)
(-1.05437 10.3497 0)
(-1.0548 10.5038 0)
(-0.985776 10.667 0)
(-0.919244 10.8087 0)
(-0.828614 10.9307 0)
(-0.731182 11.0349 0)
(-0.626314 11.1224 0)
(-0.517493 11.1943 0)
(-0.405549 11.2468 0)
(-0.293729 11.2294 0)
(-0.183874 10.7371 0)
(-0.0506855 7.27247 0)
(0.0711487 6.57425 0)
(-0.325457 8.90708 0)
(-0.201768 9.5616 0)
(-0.562442 9.48144 0)
(-0.595957 9.51144 0)
(-0.914961 9.68541 0)
(-0.827665 10.0325 0)
(-0.946433 10.1096 0)
(-0.898958 10.3344 0)
(-0.905537 10.4714 0)
(-0.849213 10.6121 0)
(-0.79529 10.7368 0)
(-0.720858 10.8461 0)
(-0.638605 10.9415 0)
(-0.548355 11.0226 0)
(-0.452829 11.0901 0)
(-0.352786 11.1392 0)
(-0.251355 11.1188 0)
(-0.153305 10.6245 0)
(-0.0383607 7.16877 0)
(0.0835344 6.68077 0)
(-0.278001 9.05259 0)
(-0.187407 9.63914 0)
(-0.456109 9.67138 0)
(-0.462615 9.65557 0)
(-0.765054 9.81368 0)
(-0.681649 10.0517 0)
(-0.808561 10.1475 0)
(-0.761177 10.3248 0)
(-0.774511 10.4465 0)
(-0.728425 10.5688 0)
(-0.685142 10.6784 0)
(-0.623665 10.776 0)
(-0.554036 10.8621 0)
(-0.476372 10.9362 0)
(-0.392768 10.9982 0)
(-0.303969 11.043 0)
(-0.212766 11.0198 0)
(-0.126101 10.5265 0)
(-0.0282636 7.08487 0)
(0.0868369 6.75646 0)
(-0.218833 9.20067 0)
(-0.181497 9.70144 0)
(-0.38198 9.80569 0)
(-0.370026 9.77894 0)
(-0.634783 9.92275 0)
(-0.560914 10.0808 0)
(-0.684013 10.1816 0)
(-0.640974 10.3201 0)
(-0.659133 10.428 0)
(-0.621725 10.5343 0)
(-0.587456 10.6305 0)
(-0.536566 10.7173 0)
(-0.477678 10.7944 0)
(-0.41093 10.8613 0)
(-0.338043 10.9175 0)
(-0.259717 10.9577 0)
(-0.178424 10.932 0)
(-0.102449 10.4424 0)
(-0.0201706 7.01796 0)
(0.0824306 6.80258 0)
(-0.157469 9.34373 0)
(-0.169507 9.76547 0)
(-0.323653 9.90135 0)
(-0.305419 9.88037 0)
(-0.523696 10.0108 0)
(-0.463451 10.1141 0)
(-0.573823 10.2121 0)
(-0.53791 10.3201 0)
(-0.557977 10.4152 0)
(-0.528037 10.507 0)
(-0.501114 10.5913 0)
(-0.458965 10.6682 0)
(-0.409274 10.7368 0)
(-0.352059 10.7966 0)
(-0.288771 10.8469 0)
(-0.220188 10.8825 0)
(-0.14828 10.8548 0)
(-0.0822366 10.3705 0)
(-0.0138328 6.96532 0)
(0.0727214 6.82413 0)
(-0.102432 9.47313 0)
(-0.14929 9.83525 0)
(-0.271798 9.97333 0)
(-0.2574 9.96285 0)
(-0.429373 10.0793 0)
(-0.384765 10.1478 0)
(-0.477872 10.2387 0)
(-0.450359 10.3236 0)
(-0.469853 10.4069 0)
(-0.446341 10.4858 0)
(-0.425197 10.5594 0)
(-0.390298 10.6271 0)
(-0.348492 10.6878 0)
(-0.299583 10.7409 0)
(-0.244979 10.7856 0)
(-0.185262 10.8169 0)
(-0.122286 10.7874 0)
(-0.0652346 10.3101 0)
(-0.00891106 6.92451 0)
(0.0601726 6.82805 0)
(-0.058778 9.58227 0)
(-0.124185 9.90787 0)
(-0.223412 10.0318 0)
(-0.218254 10.0306 0)
(-0.34944 10.132 0)
(-0.320189 10.1796 0)
(-0.395246 10.2612 0)
(-0.376061 10.3291 0)
(-0.393452 10.4017 0)
(-0.375411 10.4694 0)
(-0.358717 10.5336 0)
(-0.329874 10.5928 0)
(-0.294749 10.6462 0)
(-0.253141 10.6931 0)
(-0.206135 10.7326 0)
(-0.154666 10.7596 0)
(-0.0997143 10.7293 0)
(-0.0509785 10.2589 0)
(-0.00521209 6.89335 0)
(0.0464803 6.82066 0)
(-0.0283435 9.66947 0)
(-0.0980709 9.97847 0)
(-0.178964 10.0822 0)
(-0.18389 10.0872 0)
(-0.282017 10.1732 0)
(-0.26607 10.2088 0)
(-0.324682 10.2801 0)
(-0.31281 10.3356 0)
(-0.327454 10.3986 0)
(-0.313957 10.4567 0)
(-0.300705 10.5126 0)
(-0.276941 10.5644 0)
(-0.247598 10.6112 0)
(-0.212281 10.6525 0)
(-0.17235 10.6871 0)
(-0.127956 10.7108 0)
(-0.0809356 10.6792 0)
(-0.0393206 10.2176 0)
(-0.00230284 6.87016 0)
(0.0343639 6.80734 0)
(-0.00925033 9.73665 0)
(-0.0743416 10.0428 0)
(-0.139874 10.1266 0)
(-0.152744 10.1351 0)
(-0.225553 10.2061 0)
(-0.219906 10.235 0)
(-0.264771 10.2961 0)
(-0.258713 10.3426 0)
(-0.270573 10.3969 0)
(-0.260723 10.4469 0)
(-0.25012 10.4956 0)
(-0.230635 10.5407 0)
(-0.206081 10.5818 0)
(-0.176449 10.6178 0)
(-0.142169 10.6483 0)
(-0.104896 10.668 0)
(-0.0639216 10.637 0)
(-0.0293696 10.1813 0)
(-0.000307719 6.85318 0)
(0.0248838 6.79246 0)
(0.00146437 9.78631 0)
(-0.0544708 10.0982 0)
(-0.106943 10.1657 0)
(-0.124546 10.1757 0)
(-0.178596 10.2331 0)
(-0.180074 10.2582 0)
(-0.214062 10.3097 0)
(-0.212226 10.3494 0)
(-0.221606 10.3962 0)
(-0.214599 10.4394 0)
(-0.206123 10.4818 0)
(-0.190218 10.5212 0)
(-0.170042 10.5572 0)
(-0.145009 10.589 0)
(-0.116942 10.6154 0)
(-0.0845233 10.6338 0)
(-0.051383 10.6005 0)
(-0.0217328 10.1562 0)
(0.00156966 6.84175 0)
(0.0180317 6.77832 0)
(0.00675104 9.82182 0)
(-0.0385515 10.1438 0)
(-0.0800631 10.1992 0)
(-0.0993694 10.2099 0)
(-0.139706 10.2556 0)
(-0.145489 10.2782 0)
(-0.17114 10.3214 0)
(-0.172067 10.3558 0)
(-0.179383 10.3961 0)
(-0.174503 10.4337 0)
(-0.167675 10.4707 0)
(-0.154807 10.5052 0)
(-0.137905 10.5367 0)
(-0.117583 10.5643 0)
(-0.092752 10.5881 0)
(-0.0676113 10.6015 0)
(-0.0368339 10.5724 0)
(-0.0143146 10.1281 0)
(0.00236603 6.83381 0)
(0.0134181 6.76567 0)
(0.00900668 9.84657 0)
(-0.0260306 10.1802 0)
(-0.0584449 10.2273 0)
(-0.0771949 10.2382 0)
(-0.107478 10.2744 0)
(-0.115331 10.2953 0)
(-0.13468 10.3315 0)
(-0.137198 10.3617 0)
(-0.142864 10.3965 0)
(-0.139575 10.4293 0)
(-0.134166 10.4618 0)
(-0.123813 10.4921 0)
(-0.110534 10.52 0)
(-0.09309 10.545 0)
(-0.0752641 10.565 0)
(-0.0510203 10.5809 0)
(-0.0313323 10.5444 0)
(-0.00979822 10.1208 0)
(0.00409906 6.8308 0)
(0.0105297 6.75446 0)
(0.00991994 9.8633 0)
(-0.0160945 10.2083 0)
(-0.0410499 10.2503 0)
(-0.0578375 10.2611 0)
(-0.0805806 10.2901 0)
(-0.0889115 10.3094 0)
(-0.103485 10.3399 0)
(-0.10667 10.3667 0)
(-0.111047 10.3971 0)
(-0.108807 10.4261 0)
(-0.104512 10.4547 0)
(-0.0962918 10.4817 0)
(-0.0848895 10.5062 0)
(-0.0721316 10.5278 0)
(-0.0532074 10.5472 0)
(-0.0400718 10.5542 0)
(-0.0136659 10.5315 0)
(-0.00336535 10.0896 0)
(0.00372515 6.82788 0)
(0.00887523 6.74423 0)
(0.0105411 9.87406 0)
(-0.00797592 10.2295 0)
(-0.0268142 10.2685 0)
(-0.0408621 10.2794 0)
(-0.0578448 10.3028 0)
(-0.0656062 10.3208 0)
(-0.076479 10.3469 0)
(-0.0797486 10.371 0)
(-0.0830394 10.3977 0)
(-0.0816899 10.4236 0)
(-0.0783171 10.4493 0)
(-0.0720392 10.4732 0)
(-0.0640874 10.4958 0)
(-0.0519698 10.5158 0)
(-0.044465 10.5311 0)
(-0.0230074 10.5486 0)
(-0.0204455 10.5035 0)
(-0.00090779 10.1113 0)
(0.00611167 6.83297 0)
(0.00809138 6.7344 0)
(0.0113739 9.88028 0)
(-0.0010295 10.2449 0)
(-0.0148036 10.2824 0)
(-0.0258341 10.2933 0)
(-0.0382277 10.3128 0)
(-0.0447684 10.3297 0)
(-0.0527441 10.3525 0)
(-0.0556027 10.3744 0)
(-0.0581265 10.3983 0)
(-0.0570304 10.4219 0)
(-0.0547117 10.4448 0)
(-0.0495518 10.4672 0)
(-0.0423959 10.4867 0)
(-0.0360349 10.5049 0)
(-0.0186937 10.5216 0)
(-0.020927 10.5207 0)
(0.0115182 10.514 0)
(0.00387861 10.0533 0)
(0.00457647 6.83026 0)
(0.00789794 6.72435 0)
(0.0126261 9.88283 0)
(0.00524687 10.2555 0)
(-0.00425397 10.2925 0)
(-0.0122357 10.3035 0)
(-0.0208727 10.3204 0)
(-0.0258701 10.3364 0)
(-0.031418 10.3567 0)
(-0.0337406 10.377 0)
(-0.0353369 10.3989 0)
(-0.035065 10.4204 0)
(-0.0327944 10.4422 0)
(-0.0302053 10.4616 0)
(-0.0257642 10.4821 0)
(-0.0179162 10.4976 0)
(-0.0220603 10.5107 0)
(0.00467508 10.534 0)
(-0.0209693 10.4692 0)
(0.00993638 10.1348 0)
(0.00779032 6.84756 0)
(0.00811537 6.71358 0)
(0.01436 9.88226 0)
(0.011159 10.2619 0)
(0.00541176 10.2991 0)
(0.000406236 10.3103 0)
(-0.00503989 10.3254 0)
(-0.0083071 10.3409 0)
(-0.01188 10.3596 0)
(-0.0132879 10.3788 0)
(-0.0145928 10.3992 0)
(-0.0136083 10.4198 0)
(-0.0135269 10.4393 0)
(-0.00929887 10.4602 0)
(-0.00730202 10.4749 0)
(-0.00473934 10.4946 0)
(0.0136403 10.5073 0)
(-0.00951101 10.4979 0)
(0.0459937 10.523 0)
(0.00194484 10.0041 0)
(0.00648682 6.83704 0)
(0.00865706 6.70161 0)
(0.0166003 9.87884 0)
(0.017039 10.2647 0)
(0.014629 10.3027 0)
(0.0124564 10.3142 0)
(0.00984826 10.3283 0)
(0.00837322 10.3434 0)
(0.00665672 10.3612 0)
(0.00592155 10.3798 0)
(0.00580361 10.3994 0)
(0.00508637 10.4189 0)
(0.00783349 10.4392 0)
(0.00480246 10.4554 0)
(0.0106582 10.4779 0)
(0.0100251 10.4857 0)
(-0.00298215 10.5046 0)
(0.0361625 10.5329 0)
(-0.0351157 10.4341 0)
(0.034978 10.201 0)
(0.00722298 6.876 0)
(0.0094888 6.68804 0)
(0.0193558 9.87266 0)
(0.023122 10.2642 0)
(0.0237938 10.3033 0)
(0.0243343 10.3152 0)
(0.0242971 10.3291 0)
(0.0246485 10.3442 0)
(0.0245556 10.3617 0)
(0.0249826 10.3799 0)
(0.0245328 10.3994 0)
(0.0263293 10.419 0)
(0.0227286 10.4374 0)
(0.0304261 10.4592 0)
(0.0198446 10.4687 0)
(0.0305539 10.4982 0)
(0.0403834 10.4983 0)
(-0.00203847 10.4889 0)
(0.092956 10.5567 0)
(-0.0244508 9.93484 0)
(0.0152331 6.84883 0)
(0.0105891 6.67251 0)
(0.0226241 9.86368 0)
(0.0295746 10.2606 0)
(0.0332046 10.301 0)
(0.0364017 10.3137 0)
(0.0387683 10.3276 0)
(0.0410051 10.3432 0)
(0.0424985 10.3607 0)
(0.0436672 10.3795 0)
(0.0449315 10.3988 0)
(0.0430047 10.4189 0)
(0.0486101 10.439 0)
(0.0347317 10.4542 0)
(0.0543233 10.483 0)
(0.0263425 10.4761 0)
(0.0275757 10.517 0)
(0.0647426 10.5351 0)
(-0.057955 10.4024 0)
(0.0964892 10.3028 0)
(-0.00416704 6.91303 0)
(0.011945 6.65466 0)
(0.0264198 9.8518 0)
(0.0365444 10.254 0)
(0.0431279 10.2959 0)
(0.0489492 10.3095 0)
(0.0537479 10.324 0)
(0.0577688 10.3402 0)
(0.0609806 10.3587 0)
(0.0631261 10.3777 0)
(0.0638817 10.399 0)
(0.0666617 10.4182 0)
(0.0576564 10.4398 0)
(0.0757027 10.4623 0)
(0.0364256 10.4675 0)
(0.0835412 10.5182 0)
(0.0463608 10.4854 0)
(0.0196155 10.5084 0)
(0.145905 10.5991 0)
(-0.0914317 9.87564 0)
(0.0451848 6.8827 0)
(0.0135664 6.63408 0)
(0.0307921 9.83683 0)
(0.0442044 10.2443 0)
(0.0537952 10.2881 0)
(0.0623545 10.3028 0)
(0.0694662 10.3182 0)
(0.0757198 10.3357 0)
(0.0799985 10.3549 0)
(0.083947 10.3764 0)
(0.085382 10.3963 0)
(0.0839726 10.4215 0)
(0.0922853 10.439 0)
(0.0630117 10.461 0)
(0.113246 10.495 0)
(0.0234043 10.4673 0)
(0.0922003 10.5581 0)
(0.0704312 10.5181 0)
(-0.0761351 10.4047 0)
(0.199608 10.3785 0)
(-0.0474961 6.93001 0)
(0.0154804 6.61032 0)
(0.0358239 9.8185 0)
(0.0527275 10.2315 0)
(0.0654956 10.2773 0)
(0.0768269 10.2934 0)
(0.0866473 10.3102 0)
(0.0944656 10.3291 0)
(0.101655 10.3505 0)
(0.10441 10.3718 0)
(0.109377 10.3983 0)
(0.108396 10.4158 0)
(0.100125 10.4494 0)
(0.125284 10.464 0)
(0.049449 10.4754 0)
(0.159921 10.5527 0)
(0.0209902 10.4601 0)
(0.0791697 10.583 0)
(0.196807 10.6122 0)
(-0.180736 9.91877 0)
(0.126053 6.98568 0)
(0.0177221 6.58289 0)
(0.0416096 9.79644 0)
(0.0623097 10.2153 0)
(0.0784436 10.2635 0)
(0.0928782 10.2812 0)
(0.105084 10.2998 0)
(0.116085 10.3208 0)
(0.12261 10.3436 0)
(0.132025 10.3698 0)
(0.128296 10.3914 0)
(0.138232 10.4278 0)
(0.131861 10.4361 0)
(0.108678 10.4821 0)
(0.17129 10.5083 0)
(0.0235906 10.4641 0)
(0.184241 10.6349 0)
(0.051094 10.459 0)
(-0.0881909 10.4738 0)
(0.301676 10.3327 0)
(-0.157991 6.8789 0)
(0.0203326 6.55121 0)
(0.0482586 9.77022 0)
(0.0731421 10.1954 0)
(0.0929719 10.2462 0)
(0.110604 10.2661 0)
(0.126152 10.2867 0)
(0.138168 10.3102 0)
(0.150949 10.3361 0)
(0.151375 10.3624 0)
(0.169784 10.3962 0)
(0.146076 10.4121 0)
(0.173611 10.4679 0)
(0.153069 10.4609 0)
(0.107032 10.498 0)
(0.211005 10.5966 0)
(0.0183522 10.4193 0)
(0.142231 10.7221 0)
(0.261443 10.5895 0)
(-0.236609 10.1302 0)
(0.289468 7.20063 0)
(0.0233592 6.51464 0)
(0.0559009 9.73933 0)
(0.0854364 10.1714 0)
(0.109344 10.2254 0)
(0.130661 10.2475 0)
(0.148995 10.271 0)
(0.165679 10.2969 0)
(0.174221 10.3265 0)
(0.193742 10.3574 0)
(0.173405 10.3864 0)
(0.222977 10.4335 0)
(0.145672 10.4341 0)
(0.220714 10.515 0)
(0.162372 10.525 0)
(0.118657 10.4716 0)
(0.207527 10.7502 0)
(0.0971592 10.3791 0)
(-0.110858 10.5879 0)
(0.381452 10.1939 0)
(-0.344432 6.76238 0)
(0.0268613 6.47245 0)
(0.064662 9.70314 0)
(0.0994706 10.143 0)
(0.127833 10.2005 0)
(0.153301 10.2256 0)
(0.175439 10.2515 0)
(0.193273 10.2824 0)
(0.212451 10.3126 0)
(0.208626 10.3517 0)
(0.252836 10.3859 0)
(0.174566 10.416 0)
(0.30784 10.4848 0)
(0.11691 10.4675 0)
(0.292327 10.5256 0)
(0.138726 10.6543 0)
(0.167544 10.3692 0)
(0.0958602 10.8687 0)
(0.345331 10.5819 0)
(-0.308566 10.3705 0)
(0.504855 7.48219 0)
(0.0308928 6.4238 0)
(0.0747348 9.66097 0)
(0.115395 10.1095 0)
(0.149061 10.1711 0)
(0.178626 10.199 0)
(0.205477 10.2298 0)
(0.227368 10.2611 0)
(0.242077 10.3041 0)
(0.27015 10.3329 0)
(0.230711 10.3896 0)
(0.341827 10.4241 0)
(0.135621 10.4493 0)
(0.423817 10.5387 0)
(0.0475323 10.5642 0)
(0.374018 10.4832 0)
(0.0758494 10.8937 0)
(0.284749 10.3853 0)
(-0.106936 10.7194 0)
(0.565321 10.1851 0)
(-0.524604 6.66674 0)
(0.0355352 6.36775 0)
(0.0862229 9.61196 0)
(0.13373 10.0703 0)
(0.172713 10.1364 0)
(0.208628 10.1687 0)
(0.237561 10.2014 0)
(0.266962 10.2439 0)
(0.285298 10.276 0)
(0.293085 10.3431 0)
(0.344149 10.3572 0)
(0.229421 10.4411 0)
(0.465388 10.4855 0)
(0.074295 10.5025 0)
(0.557306 10.5518 0)
(0.00501287 10.7354 0)
(0.448122 10.3468 0)
(0.012906 10.9127 0)
(0.371253 10.5589 0)
(-0.496871 10.4905 0)
(0.667722 7.81719 0)
(0.0408378 6.30323 0)
(0.0994248 9.55519 0)
(0.154356 10.0247 0)
(0.200625 10.0962 0)
(0.240071 10.132 0)
(0.280325 10.1723 0)
(0.302093 10.2108 0)
(0.342233 10.2739 0)
(0.344704 10.2935 0)
(0.349927 10.4028 0)
(0.429774 10.3963 0)
(0.221803 10.481 0)
(0.573597 10.5592 0)
(0.0308401 10.6042 0)
(0.578031 10.5115 0)
(-0.00976908 10.9971 0)
(0.364092 10.5386 0)
(-0.00361078 10.9902 0)
(0.750337 10.2108 0)
(-0.631822 6.47975 0)
(0.0469093 6.22907 0)
(0.114386 9.4896 0)
(0.178259 9.97177 0)
(0.230792 10.0493 0)
(0.280889 10.0903 0)
(0.31582 10.1333 0)
(0.370139 10.1883 0)
(0.361342 10.2278 0)
(0.445439 10.3254 0)
(0.383982 10.3219 0)
(0.431126 10.4641 0)
(0.479019 10.5013 0)
(0.262089 10.5255 0)
(0.604444 10.6405 0)
(0.133303 10.8062 0)
(0.543988 10.472 0)
(0.249694 10.9307 0)
(0.355121 10.4024 0)
(-0.344775 10.9391 0)
(0.828076 8.44228 0)
(0.0537953 6.14394 0)
(0.131489 9.41393 0)
(0.204937 9.91068 0)
(0.267283 9.99469 0)
(0.319378 10.0417 0)
(0.379485 10.091 0)
(0.391479 10.1473 0)
(0.496135 10.219 0)
(0.38902 10.2596 0)
(0.610856 10.3868 0)
(0.375931 10.4024 0)
(0.58343 10.4696 0)
(0.477924 10.645 0)
(0.380314 10.5805 0)
(0.524567 10.6158 0)
(0.229255 10.9404 0)
(0.167368 10.6549 0)
(0.0711353 11.3527 0)
(0.305797 9.72831 0)
(-0.806292 6.20039 0)
(0.0615946 6.04638 0)
(0.150844 9.32695 0)
(0.235569 9.83987 0)
(0.306238 9.93274 0)
(0.373532 9.98294 0)
(0.4173 10.0453 0)
(0.508909 10.0995 0)
(0.444325 10.1848 0)
(0.689926 10.2574 0)
(0.35173 10.3291 0)
(0.835735 10.42 0)
(0.318552 10.5847 0)
(0.700881 10.4934 0)
(0.451779 10.8026 0)
(0.414699 10.8285 0)
(0.468831 10.8167 0)
(0.504225 11.1171 0)
(0.481681 10.4829 0)
(0.395252 11.7926 0)
(1.08199 8.9317 0)
(0.0704146 5.93481 0)
(0.172554 9.22691 0)
(0.270302 9.75918 0)
(0.351827 9.85872 0)
(0.424254 9.92284 0)
(0.502423 9.97369 0)
(0.514782 10.0773 0)
(0.689456 10.1081 0)
(0.453131 10.2608 0)
(0.948684 10.3022 0)
(0.315192 10.4611 0)
(1.0214 10.4305 0)
(0.442348 10.7546 0)
(0.722703 10.5939 0)
(0.709442 10.8187 0)
(0.449569 10.787 0)
(0.493121 10.773 0)
(0.10298 11.3144 0)
(-0.0488942 9.59434 0)
(-0.676968 6.76754 0)
(0.0801819 5.80745 0)
(0.197425 9.11256 0)
(0.308118 9.66529 0)
(0.404804 9.77856 0)
(0.486348 9.83725 0)
(0.562147 9.93378 0)
(0.658397 9.96109 0)
(0.609747 10.1528 0)
(0.909182 10.1283 0)
(0.481961 10.3471 0)
(1.12792 10.3781 0)
(0.448501 10.6147 0)
(0.909739 10.5487 0)
(0.69456 10.887 0)
(0.362738 10.7985 0)
(0.703468 11.2243 0)
(0.0580115 11.1566 0)
(0.569895 10.9893 0)
(0.0298408 11.4678 0)
(0.610191 8.72191 0)
(0.0912631 5.6626 0)
(0.224192 8.98151 0)
(0.353825 9.55954 0)
(0.456137 9.67919 0)
(0.567832 9.76497 0)
(0.633036 9.81383 0)
(0.735708 9.98496 0)
(0.813931 9.95539 0)
(0.759337 10.2332 0)
(1.05056 10.2478 0)
(0.678809 10.4118 0)
(1.10208 10.5187 0)
(0.828634 10.7498 0)
(0.772252 10.7156 0)
(1.12229 11.1637 0)
(0.524446 10.7295 0)
(1.22606 11.2819 0)
(0.35051 11.3905 0)
(1.09615 11.1679 0)
(0.141961 7.47736 0)
(0.103098 5.49811 0)
(0.255609 8.83242 0)
(0.398345 9.43698 0)
(0.532445 9.57421 0)
(0.616009 9.64817 0)
(0.78467 9.77254 0)
(0.757063 9.79865 0)
(1.0073 10.0492 0)
(0.893138 10.043 0)
(1.05567 10.2295 0)
(1.096 10.4503 0)
(0.966277 10.547 0)
(1.0893 10.6682 0)
(1.00036 11.0335 0)
(0.769011 10.6797 0)
(0.868915 11.6274 0)
(0.202278 11.1066 0)
(0.676219 11.072 0)
(-0.741287 10.5345 0)
(0.344237 9.46904 0)
(0.116521 5.31236 0)
(0.287742 8.66286 0)
(0.4574 9.29819 0)
(0.583412 9.44808 0)
(0.760036 9.54397 0)
(0.757742 9.63065 0)
(1.11347 9.79166 0)
(0.793735 9.85153 0)
(1.40529 10.0559 0)
(0.949298 10.2627 0)
(1.2781 10.3103 0)
(1.31377 10.5567 0)
(1.00008 10.828 0)
(1.35874 10.706 0)
(0.85216 11.6056 0)
(1.10855 10.7924 0)
(0.806209 11.5378 0)
(0.436497 12.0625 0)
(1.05824 12.0659 0)
(-0.449025 7.0108 0)
(0.13037 5.10308 0)
(0.325534 8.47019 0)
(0.509546 9.14264 0)
(0.68838 9.30118 0)
(0.772557 9.42083 0)
(1.08141 9.50474 0)
(0.834972 9.66703 0)
(1.57614 9.78945 0)
(0.853533 9.98194 0)
(1.68045 10.0978 0)
(1.35393 10.3694 0)
(1.2324 10.5939 0)
(1.79734 10.7126 0)
(0.955686 11.2598 0)
(1.78083 10.7275 0)
(0.820135 11.9404 0)
(1.41542 11.8136 0)
(1.08994 11.2737 0)
(0.358209 11.4955 0)
(1.7143 11.193 0)
(0.145469 4.86875 0)
(0.364031 8.25426 0)
(0.578431 8.959 0)
(0.745674 9.15796 0)
(0.977114 9.22721 0)
(0.944566 9.44218 0)
(1.50829 9.45477 0)
(0.93193 9.73447 0)
(1.9199 9.87978 0)
(1.266 10.0765 0)
(1.61779 10.3352 0)
(1.88503 10.5753 0)
(1.25224 10.7583 0)
(2.01352 10.9421 0)
(1.00723 11.7972 0)
(1.70633 11.2624 0)
(0.563584 11.4621 0)
(0.756939 12.5383 0)
(0.535231 12.0322 0)
(-1.44705 6.98818 0)
(0.161104 4.60795 0)
(0.404801 8.00822 0)
(0.646577 8.76712 0)
(0.854193 8.94215 0)
(1.01152 9.14425 0)
(1.3223 9.12135 0)
(1.1706 9.48193 0)
(1.87629 9.52126 0)
(1.33475 9.69735 0)
(2.02542 10.035 0)
(1.85393 10.2702 0)
(1.8431 10.3256 0)
(2.17446 11.0897 0)
(1.6757 11.1131 0)
(2.13162 11.0631 0)
(1.42732 11.919 0)
(1.93869 12.4706 0)
(1.28178 11.5886 0)
(0.520463 12.043 0)
(2.92375 12.5331 0)
(0.175733 4.3189 0)
(0.451695 7.73754 0)
(0.708174 8.52764 0)
(0.966832 8.78485 0)
(1.14172 8.82505 0)
(1.37347 9.15234 0)
(1.60809 9.10527 0)
(1.61515 9.39574 0)
(2.10449 9.72314 0)
(1.79198 9.90175 0)
(2.34908 10.011 0)
(2.07805 10.8828 0)
(2.22583 10.4203 0)
(2.25167 11.3029 0)
(1.97097 12.0336 0)
(2.05496 11.9566 0)
(1.17321 12.0214 0)
(1.43018 13.7813 0)
(1.12072 13.2316 0)
(-2.22511 8.07436 0)
(0.192114 4.00299 0)
(0.488098 7.43021 0)
(0.809158 8.28669 0)
(1.0024 8.50487 0)
(1.40103 8.73131 0)
(1.35704 8.73451 0)
(1.94867 9.06293 0)
(1.85904 9.23824 0)
(2.06316 9.40522 0)
(2.67716 9.59957 0)
(2.12864 10.3025 0)
(2.91344 9.97779 0)
(2.60535 11.221 0)
(2.77983 11.2374 0)
(2.65838 11.1751 0)
(2.47924 12.2587 0)
(2.62016 13.0771 0)
(1.89131 11.8064 0)
(0.539128 12.7634 0)
(4.09502 13.6389 0)
(0.202523 3.6579 0)
(0.54224 7.09446 0)
(0.840086 7.99766 0)
(1.24241 8.27232 0)
(1.23097 8.40805 0)
(2.04225 8.61665 0)
(1.52334 8.74551 0)
(2.48131 9.00729 0)
(2.46726 9.22866 0)
(2.27269 9.73052 0)
(3.22936 9.771 0)
(2.61444 10.6221 0)
(3.2096 10.4406 0)
(2.89528 11.1717 0)
(3.1641 12.4614 0)
(2.74817 12.2369 0)
(2.12938 12.6242 0)
(2.37322 14.9282 0)
(1.68461 14.542 0)
(-2.15977 10.0785 0)
(0.215723 3.28981 0)
(0.56829 6.72503 0)
(0.9732 7.67068 0)
(1.15548 8.01065 0)
(1.8328 8.0992 0)
(1.40545 8.33229 0)
(2.71919 8.52857 0)
(2.06078 8.64986 0)
(2.7959 9.05707 0)
(3.24349 9.29849 0)
(2.93328 9.60975 0)
(3.82856 9.97609 0)
(3.45127 10.9426 0)
(4.05786 11.3562 0)
(3.52214 11.1906 0)
(3.92749 12.9309 0)
(3.66081 13.8107 0)
(2.94946 13.0347 0)
(1.2208 14.2565 0)
(4.87166 15.876 0)
(0.218077 2.89814 0)
(0.614617 6.31228 0)
(0.983679 7.35952 0)
(1.46862 7.58783 0)
(1.45108 7.93308 0)
(2.48846 7.94611 0)
(1.81948 8.12725 0)
(3.16845 8.54018 0)
(2.75597 8.76891 0)
(3.33778 8.88978 0)
(3.81594 9.76906 0)
(3.54787 10.046 0)
(4.34323 10.1256 0)
(4.07559 11.0524 0)
(4.72562 12.5916 0)
(4.15446 12.1697 0)
(3.97085 13.5111 0)
(4.28531 16.1373 0)
(2.39613 16.4682 0)
(-1.73889 13.0844 0)
(0.218433 2.49235 0)
(0.634693 5.88767 0)
(1.07734 6.91111 0)
(1.41849 7.39718 0)
(1.97859 7.35903 0)
(1.92742 7.67497 0)
(3.03837 7.92876 0)
(2.42766 8.02721 0)
(3.89787 8.18768 0)
(3.48299 9.00877 0)
(4.10536 8.75836 0)
(4.71438 9.54871 0)
(4.8107 10.6429 0)
(5.19919 10.9493 0)
(5.11699 11.1297 0)
(5.88838 13.5534 0)
(5.31594 14.0941 0)
(5.23939 14.157 0)
(3.7655 16.9523 0)
(5.96321 20.0813 0)
(0.21097 2.08181 0)
(0.638243 5.39741 0)
(1.14922 6.56544 0)
(1.49012 6.82399 0)
(2.0296 7.17168 0)
(2.40439 7.259 0)
(2.53363 7.36269 0)
(3.84391 7.61325 0)
(2.92945 8.20064 0)
(4.61672 8.06475 0)
(4.38917 9.17137 0)
(4.97195 9.21952 0)
(5.28401 9.44336 0)
(5.99296 10.7804 0)
(6.49918 11.9 0)
(6.41841 11.4969 0)
(7.00114 14.251 0)
(7.91006 17.3097 0)
(5.55433 17.7179 0)
(0.930129 19.2325 0)
(0.185268 1.67158 0)
(0.662259 4.91993 0)
(1.07293 6.05491 0)
(1.80172 6.50502 0)
(1.75754 6.66596 0)
(2.765 6.75912 0)
(3.07068 7.00077 0)
(2.98248 7.29545 0)
(4.73845 7.35987 0)
(3.85825 7.94046 0)
(5.38237 7.85819 0)
(5.41716 8.9985 0)
(6.33379 9.82122 0)
(6.56462 9.65996 0)
(7.34023 11.0924 0)
(8.35482 13.3458 0)
(7.78613 12.9616 0)
(9.73473 14.9419 0)
(11.8876 19.2246 0)
(9.14758 26.2269 0)
(0.167342 1.28996 0)
(0.595949 4.38405 0)
(1.27394 5.5539 0)
(1.37183 6.05223 0)
(2.63751 6.11063 0)
(2.23722 6.34092 0)
(3.38775 6.50811 0)
(3.98932 6.65009 0)
(3.86613 6.8615 0)
(5.67164 7.36343 0)
(5.14217 8.22441 0)
(6.34567 7.75201 0)
(6.79912 8.47811 0)
(7.92176 10.0341 0)
(7.89443 9.84235 0)
(9.84442 11.048 0)
(10.7167 13.2188 0)
(10.2378 16.2713 0)
(17.2783 12.0067 0)
(14.1189 24.6311 0)
(0.113109 0.93043 0)
(0.610043 3.853 0)
(0.994186 5.12505 0)
(1.9779 5.41292 0)
(1.65341 5.74975 0)
(3.23072 5.77855 0)
(2.76977 5.87317 0)
(4.17473 5.94729 0)
(4.55873 6.57809 0)
(4.63532 6.47412 0)
(6.28106 6.63766 0)
(6.37439 8.46153 0)
(6.95573 7.47658 0)
(8.49765 9.07904 0)
(9.50501 9.29588 0)
(9.25384 12.2439 0)
(15.0588 7.68488 0)
(10.365 17.1512 0)
(20.8206 10.457 0)
(14.4857 16.9966 0)
(0.0992656 0.621933 0)
(0.487126 3.365 0)
(1.26112 4.30363 0)
(1.43531 5.16939 0)
(2.68409 4.96834 0)
(2.37288 5.47469 0)
(4.49926 5.11948 0)
(3.58386 5.87442 0)
(5.57914 5.02239 0)
(6.12365 6.98612 0)
(6.31998 5.45132 0)
(7.42666 7.69127 0)
(9.22068 5.23256 0)
(7.71278 9.92248 0)
(14.664 3.84497 0)
(8.91327 12.7076 0)
(19.1637 5.40368 0)
(10.9844 13.104 0)
(21.5313 11.3173 0)
(16.6359 11.9519 0)
(0.0994411 0.33824 0)
(0.382045 2.86048 0)
(1.0636 3.86721 0)
(1.39506 4.98246 0)
(1.83573 3.62437 0)
(3.23002 5.02555 0)
(1.91366 3.88793 0)
(4.93721 5.47853 0)
(4.39449 3.44846 0)
(5.43413 6.58947 0)
(9.16931 3.05139 0)
(4.8114 9.38614 0)
(14.369 0.711261 0)
(6.99874 10.6844 0)
(17.5042 2.04114 0)
(9.49241 10.7328 0)
(18.8653 6.83427 0)
(12.6986 9.86213 0)
(19.2448 10.0125 0)
(19.051 10.443 0)
(0.206616 0.0345776 0)
(0.189224 2.52293 0)
(1.55076 2.70104 0)
(1.6745 4.55033 0)
(2.90284 2.64953 0)
(2.35962 5.992 0)
(5.68351 1.58787 0)
(3.00721 5.63621 0)
(10.101 0.861541 0)
(4.45377 7.62855 0)
(13.4994 -0.0279631 0)
(5.68969 9.37236 0)
(14.9215 -1.53404 0)
(8.45542 8.96127 0)
(16.0402 2.62566 0)
(10.7813 8.18078 0)
(16.9951 6.88058 0)
(15.6322 7.75306 0)
(18.1796 8.04118 0)
(19.7293 8.45679 0)
(0.336452 -0.0973166 0)
(-0.312174 1.82961 0)
(2.82417 1.40058 0)
(-0.0565828 5.12431 0)
(5.71682 0.157209 0)
(2.65657 6.00994 0)
(7.80587 -0.107575 0)
(3.11507 5.19981 0)
(9.10149 -2.39038 0)
(5.44758 6.73817 0)
(11.1489 -0.850361 0)
(7.02863 8.66182 0)
(10.8029 -1.18853 0)
(8.3181 7.40234 0)
(13.3853 3.04394 0)
(11.906 5.69133 0)
(14.887 5.73642 0)
(16.4364 5.99684 0)
(18.1469 6.29846 0)
(19.6599 6.73698 0)
(0.150804 -0.0287922 0)
(-0.229982 0.62238 0)
(2.04338 1.61906 0)
(-0.496536 4.04023 0)
(4.69421 -2.22464 0)
(3.77183 4.61482 0)
(4.29065 -0.518062 0)
(3.96472 5.68085 0)
(5.87082 -3.04376 0)
(5.88917 5.45578 0)
(9.22484 -0.507622 0)
(6.30129 8.0587 0)
(9.31561 -0.534203 0)
(8.09796 4.29348 0)
(11.8398 2.45452 0)
(13.0185 3.4599 0)
(14.3524 4.28051 0)
(16.0889 4.33778 0)
(17.7582 4.26789 0)
(19.1517 4.55045 0)
(-0.183723 -0.0441552 0)
(0.303208 -0.113955 0)
(0.271138 1.63532 0)
(2.47839 1.12308 0)
(2.41824 -2.06822 0)
(2.61806 6.02435 0)
(3.63129 -0.184832 0)
(5.07635 3.01002 0)
(6.18878 -2.43265 0)
(5.78488 3.33615 0)
(7.69217 0.708238 0)
(6.81071 6.3088 0)
(10.062 0.324548 0)
(9.82544 0.756731 0)
(11.7548 0.51414 0)
(13.5 1.27469 0)
(14.7041 2.55097 0)
(16.2458 3.07922 0)
(17.9947 2.93576 0)
(19.56 2.80409 0)
(-0.434898 -0.064591 0)
(0.374714 -0.138756 0)
(-0.973357 0.657085 0)
(3.33232 -0.222049 0)
(-1.4496 -0.367642 0)
(1.74609 3.53595 0)
(4.90194 -0.500627 0)
(3.90731 0.361546 0)
(4.8032 -0.717987 0)
(3.29279 1.49147 0)
(6.23168 0.765686 0)
(8.09758 2.1118 0)
(11.0207 -0.19185 0)
(10.7422 -0.212221 0)
(10.6678 0.224201 0)
(11.662 0.697797 0)
(13.0559 1.28349 0)
(14.8689 1.51804 0)
(17.0609 1.37054 0)
(19.2105 1.18174 0)
(12.6832 14.999 0)
(-15.6886 -3.9497 0)
(0.934916 0.186055 0)
(-9.59586 1.43148 0)
(-7.42157 1.06078 0)
(-14.5405 0.0217673 0)
(-13.8607 0.627925 0)
(-18.0781 1.30577 0)
(-18.4096 1.49252 0)
(-20.5705 0.663509 0)
(-19.9146 0.154938 0)
(-19.5897 -1.4221 0)
(-17.9425 -0.831801 0)
(-12.5318 -2.05391 0)
(-13.3571 -1.39784 0)
(-6.88594 -1.85811 0)
(-4.31597 -1.67874 0)
(-0.365741 -1.47875 0)
(2.94445 -1.16261 0)
(5.88375 -0.83849 0)
(8.29606 -0.537622 0)
(10.1638 -0.288744 0)
(11.521 -0.102462 0)
(12.453 0.0222639 0)
(13.069 0.0908798 0)
(13.4761 0.119733 0)
(13.744 0.128176 0)
(13.9238 0.128244 0)
(14.0451 0.128743 0)
(14.1303 0.129707 0)
(14.1842 0.127373 0)
(14.2079 0.117727 0)
(14.2032 0.0986513 0)
(14.1762 0.0664867 0)
(14.1257 0.0211119 0)
(14.0601 -0.0269555 0)
(13.9868 -0.0716265 0)
(13.9284 -0.105185 0)
(13.8865 -0.122612 0)
(13.8789 -0.117426 0)
(13.8931 -0.0881919 0)
(13.9439 -0.041612 0)
(14.0064 0.01773 0)
(14.0875 0.0784042 0)
(14.165 0.135304 0)
(14.2358 0.17646 0)
(14.2923 0.203876 0)
(14.3262 0.213628 0)
(14.3493 0.207245 0)
(14.3494 0.189359 0)
(14.3442 0.160073 0)
(14.3259 0.131475 0)
(14.3065 0.101609 0)
(14.289 0.0759085 0)
(14.2699 0.0544812 0)
(14.2589 0.0353848 0)
(14.247 0.0230141 0)
(14.2401 0.0125085 0)
(14.2364 0.00629177 0)
(14.232 0.00284975 0)
(14.2323 -0.000436425 0)
(14.231 -0.000716294 0)
(14.2311 -0.00156409 0)
(14.2323 -0.00192143 0)
(14.2319 -0.00111019 0)
(14.233 -0.00148467 0)
(14.2335 -0.00100547 0)
(14.2334 -0.000580786 0)
(14.2343 -0.000804896 0)
(14.2342 -0.0003196 0)
(14.2344 -0.000255874 0)
(14.2348 -0.000345795 0)
(14.2346 -5.22158e-05 0)
(14.2347 -0.000109593 0)
(14.2349 -0.00012533 0)
(14.2348 8.99495e-06 0)
(14.2349 -3.84086e-05 0)
(14.2349 -3.6944e-05 0)
(14.2349 7.56569e-06 0)
(14.2349 4.09728e-06 0)
(22.7497 20.2412 0)
(13.765 13.1374 0)
(5.26195 -1.81732 0)
(-3.59098 1.26216 0)
(-1.97365 4.09335 0)
(-3.94535 4.73287 0)
(-4.80388 3.70266 0)
(-7.11353 3.06724 0)
(-9.09455 1.54913 0)
(-7.08625 0.728437 0)
(-11.7456 -0.954093 0)
(-4.35607 -2.70619 0)
(-9.72439 -4.87915 0)
(-2.68299 -5.37772 0)
(-2.50166 -5.98007 0)
(1.54424 -6.74664 0)
(4.37996 -6.4513 0)
(7.33707 -5.95329 0)
(10.0258 -5.14066 0)
(12.3971 -4.24189 0)
(14.4221 -3.37129 0)
(16.0812 -2.58112 0)
(17.3703 -1.90751 0)
(18.3375 -1.37469 0)
(19.037 -0.977824 0)
(19.5638 -0.696512 0)
(19.9675 -0.503004 0)
(20.297 -0.371887 0)
(20.5565 -0.28702 0)
(20.7752 -0.228545 0)
(20.9496 -0.180358 0)
(21.1093 -0.127254 0)
(21.2564 -0.0617907 0)
(21.3951 0.0215326 0)
(21.5151 0.106928 0)
(21.6117 0.179005 0)
(21.6687 0.218494 0)
(21.6867 0.219101 0)
(21.6795 0.185417 0)
(21.6603 0.122272 0)
(21.629 0.0486505 0)
(21.5815 -0.0380913 0)
(21.5111 -0.124858 0)
(21.414 -0.203727 0)
(21.2941 -0.26398 0)
(21.1641 -0.294709 0)
(21.0416 -0.299701 0)
(20.9314 -0.276128 0)
(20.8433 -0.237141 0)
(20.775 -0.190165 0)
(20.7324 -0.144749 0)
(20.7112 -0.10691 0)
(20.7049 -0.0743576 0)
(20.711 -0.0510928 0)
(20.7207 -0.0329882 0)
(20.7349 -0.0189942 0)
(20.7498 -0.0102597 0)
(20.7631 -0.0040414 0)
(20.7759 -0.00123993 0)
(20.7843 0.000260543 0)
(20.7917 0.00112989 0)
(20.7969 0.000936544 0)
(20.7998 0.00100226 0)
(20.8027 0.000770914 0)
(20.8039 0.000459418 0)
(20.8046 0.000476656 0)
(20.8056 0.000252204 0)
(20.8055 0.000160935 0)
(20.8059 0.000176938 0)
(20.8061 5.32764e-05 0)
(20.8059 5.45949e-05 0)
(20.8061 5.61122e-05 0)
(20.8062 -1.35939e-06 0)
(20.806 1.60116e-05 0)
(20.8062 1.27406e-05 0)
(20.8061 -4.23761e-06 0)
(20.8061 3.2126e-06 0)
(20.8062 2.2066e-06 0)
(20.8061 -6.12258e-07 0)
(20.8061 2.56965e-06 0)
(24.6219 18.36 0)
(22.5694 15.7898 0)
(23.5222 11.5379 0)
(19.7762 9.4946 0)
(13.5715 5.96072 0)
(8.23082 3.00919 0)
(8.06839 2.99394 0)
(6.75227 3.07354 0)
(7.20655 2.98006 0)
(6.2807 1.23824 0)
(8.36205 -0.204436 0)
(7.73465 -3.37708 0)
(10.1339 -4.48051 0)
(10.5638 -6.56639 0)
(12.0287 -7.39731 0)
(13.5642 -8.32565 0)
(15.1085 -8.54125 0)
(16.5563 -8.0388 0)
(17.8156 -7.05075 0)
(18.8815 -5.86727 0)
(19.7969 -4.70737 0)
(20.5956 -3.65261 0)
(21.2543 -2.72926 0)
(21.7588 -1.98039 0)
(22.0979 -1.43472 0)
(22.3228 -1.06984 0)
(22.4756 -0.829663 0)
(22.6254 -0.658778 0)
(22.7717 -0.523695 0)
(22.9208 -0.41309 0)
(23.0287 -0.330802 0)
(23.1044 -0.278615 0)
(23.1499 -0.255618 0)
(23.2064 -0.243534 0)
(23.2865 -0.22634 0)
(23.3856 -0.19801 0)
(23.489 -0.172208 0)
(23.5729 -0.151752 0)
(23.6281 -0.128476 0)
(23.6391 -0.0977989 0)
(23.6089 -0.0463915 0)
(23.5268 0.0289495 0)
(23.3977 0.128229 0)
(23.2191 0.237727 0)
(22.9958 0.33689 0)
(22.7411 0.411329 0)
(22.4727 0.441728 0)
(22.2188 0.432028 0)
(21.9988 0.387233 0)
(21.8252 0.322405 0)
(21.6997 0.252887 0)
(21.6164 0.183329 0)
(21.5678 0.125559 0)
(21.5444 0.0779505 0)
(21.5395 0.0424263 0)
(21.5436 0.0186963 0)
(21.5509 0.00225295 0)
(21.5596 -0.00532842 0)
(21.5685 -0.00941122 0)
(21.5767 -0.0109235 0)
(21.5839 -0.00947331 0)
(21.5896 -0.00889895 0)
(21.5943 -0.00709139 0)
(21.5978 -0.00526751 0)
(21.6004 -0.00456629 0)
(21.6024 -0.00294743 0)
(21.6038 -0.00221536 0)
(21.6048 -0.00184195 0)
(21.6056 -0.000918843 0)
(21.6061 -0.000852871 0)
(21.6065 -0.000641897 0)
(21.6068 -0.00020583 0)
(21.607 -0.000341101 0)
(21.6071 -0.000195427 0)
(21.6072 -2.23426e-05 0)
(21.6073 -0.00013759 0)
(21.6074 -5.61511e-05 0)
(21.6074 5.36807e-06 0)
(21.6074 -4.4255e-05 0)
(21.6074 -2.46105e-05 0)
(22.8613 13.1574 0)
(24.5976 13.5146 0)
(26.4391 11.1592 0)
(27.6919 9.86489 0)
(26.2948 8.86626 0)
(24.9901 8.1581 0)
(23.8358 6.74407 0)
(23.5109 5.23138 0)
(23.3078 3.21656 0)
(23.4443 1.5219 0)
(23.378 -1.14547 0)
(24.1853 -3.3098 0)
(24.1164 -5.50952 0)
(23.9341 -6.98578 0)
(23.7261 -8.15971 0)
(23.4635 -8.91022 0)
(23.2982 -9.00847 0)
(23.1744 -8.4249 0)
(23.0134 -7.34659 0)
(22.8094 -6.08257 0)
(22.6258 -4.88839 0)
(22.5401 -3.83578 0)
(22.5407 -2.87908 0)
(22.5691 -2.01473 0)
(22.5589 -1.31378 0)
(22.5081 -0.835612 0)
(22.4098 -0.566439 0)
(22.3052 -0.435746 0)
(22.2069 -0.359336 0)
(22.148 -0.276878 0)
(22.0944 -0.181594 0)
(22.0456 -0.0994094 0)
(21.9697 -0.0484326 0)
(21.8807 -0.0236137 0)
(21.7683 -0.00533115 0)
(21.6278 0.0194108 0)
(21.4547 0.0613643 0)
(21.264 0.108473 0)
(21.0837 0.150902 0)
(20.9211 0.178858 0)
(20.8078 0.196017 0)
(20.7464 0.2095 0)
(20.7488 0.224424 0)
(20.8045 0.240912 0)
(20.902 0.24866 0)
(21.0284 0.242935 0)
(21.163 0.217353 0)
(21.2971 0.176802 0)
(21.4155 0.127637 0)
(21.5141 0.0761866 0)
(21.5904 0.0326655 0)
(21.6436 -0.00227793 0)
(21.6795 -0.0245231 0)
(21.6981 -0.0360441 0)
(21.7058 -0.0405275 0)
(21.7071 -0.0389761 0)
(21.7054 -0.0359161 0)
(21.7023 -0.0303034 0)
(21.6973 -0.0240019 0)
(21.6928 -0.0191144 0)
(21.6887 -0.0136795 0)
(21.6847 -0.0100969 0)
(21.6823 -0.00732366 0)
(21.6797 -0.00464539 0)
(21.678 -0.00361452 0)
(21.6771 -0.00230602 0)
(21.6758 -0.00141747 0)
(21.6753 -0.00131029 0)
(21.6749 -0.000607059 0)
(21.6743 -0.000482742 0)
(21.6743 -0.000505792 0)
(21.6741 -0.000107005 0)
(21.6738 -0.000218715 0)
(21.674 -0.000192546 0)
(21.6738 5.26813e-06 0)
(21.6737 -0.000108389 0)
(21.6738 -6.96098e-05 0)
(21.6737 1.09351e-05 0)
(21.6737 -4.04287e-05 0)
(21.6737 -3.0152e-05 0)
(21.9936 10.3277 0)
(24.5295 11.035 0)
(26.3258 10.1311 0)
(28.6831 9.02375 0)
(29.8666 8.31996 0)
(30.4015 7.7748 0)
(31.0043 7.00776 0)
(31.5293 5.68962 0)
(32.5381 3.9357 0)
(33.0264 1.95215 0)
(33.3031 -0.230097 0)
(33.2319 -2.53403 0)
(32.5886 -4.46937 0)
(31.4123 -6.01532 0)
(29.8835 -7.16668 0)
(28.2753 -7.75025 0)
(26.8482 -7.6769 0)
(25.6202 -7.0341 0)
(24.5101 -6.01714 0)
(23.5121 -4.87517 0)
(22.7126 -3.85881 0)
(22.2101 -3.07396 0)
(21.962 -2.44628 0)
(21.8688 -1.8879 0)
(21.8571 -1.40031 0)
(21.9166 -1.01904 0)
(21.9942 -0.760798 0)
(22.0727 -0.609345 0)
(22.1319 -0.523489 0)
(22.1868 -0.456016 0)
(22.1888 -0.378688 0)
(22.1516 -0.294112 0)
(22.0744 -0.212558 0)
(21.9886 -0.125241 0)
(21.8914 -0.0280081 0)
(21.7971 0.0682197 0)
(21.7127 0.152304 0)
(21.6332 0.202305 0)
(21.5663 0.205639 0)
(21.4995 0.167962 0)
(21.4443 0.112824 0)
(21.3939 0.065754 0)
(21.3656 0.0450105 0)
(21.3615 0.0558684 0)
(21.3842 0.0884625 0)
(21.4312 0.128963 0)
(21.487 0.161848 0)
(21.5469 0.179464 0)
(21.5962 0.179788 0)
(21.6342 0.165014 0)
(21.6593 0.141806 0)
(21.6714 0.113646 0)
(21.6781 0.0859986 0)
(21.6779 0.061299 0)
(21.6774 0.040832 0)
(21.6753 0.0267421 0)
(21.672 0.0157372 0)
(21.6713 0.00801957 0)
(21.6697 0.00324008 0)
(21.6698 -0.000297534 0)
(21.6708 -0.0017172 0)
(21.6707 -0.00247959 0)
(21.6724 -0.00282351 0)
(21.6731 -0.0023034 0)
(21.6737 -0.00218362 0)
(21.6752 -0.00176567 0)
(21.6753 -0.00123869 0)
(21.676 -0.00114618 0)
(21.6769 -0.000736354 0)
(21.6766 -0.00052439 0)
(21.6773 -0.000497076 0)
(21.6775 -0.000235979 0)
(21.6773 -0.000212276 0)
(21.6778 -0.000190499 0)
(21.6778 -5.86945e-05 0)
(21.6776 -8.36634e-05 0)
(21.6779 -6.75243e-05 0)
(21.6778 -1.54695e-05 0)
(21.6778 -3.22571e-05 0)
(21.6778 -2.52705e-05 0)
(21.9706 8.07132 0)
(24.3436 8.28023 0)
(26.0405 8.03221 0)
(28.1085 7.30074 0)
(29.7478 6.43346 0)
(30.9525 5.76805 0)
(32.0864 5.09989 0)
(33.1016 4.20036 0)
(34.3208 2.82818 0)
(35.1846 1.11485 0)
(35.5395 -0.719856 0)
(35.4116 -2.57421 0)
(34.5362 -4.27004 0)
(32.9632 -5.63915 0)
(30.961 -6.5338 0)
(28.9494 -6.83002 0)
(27.2301 -6.56148 0)
(25.8338 -5.90914 0)
(24.7091 -5.06875 0)
(23.8133 -4.19596 0)
(23.1288 -3.42637 0)
(22.6923 -2.80532 0)
(22.4606 -2.26829 0)
(22.3383 -1.7603 0)
(22.2721 -1.31344 0)
(22.2712 -0.976754 0)
(22.2726 -0.746756 0)
(22.2455 -0.581537 0)
(22.1747 -0.428346 0)
(22.0999 -0.257846 0)
(21.9827 -0.0753505 0)
(21.8169 0.0803685 0)
(21.6084 0.17244 0)
(21.4199 0.205447 0)
(21.2689 0.209249 0)
(21.1781 0.214782 0)
(21.1493 0.228951 0)
(21.1677 0.248514 0)
(21.2218 0.265577 0)
(21.2768 0.275184 0)
(21.3271 0.27428 0)
(21.3552 0.263977 0)
(21.3747 0.246261 0)
(21.39 0.222416 0)
(21.4108 0.194292 0)
(21.4442 0.161215 0)
(21.4845 0.12526 0)
(21.5339 0.0875084 0)
(21.5808 0.0509482 0)
(21.6243 0.0190907 0)
(21.6603 -0.00708844 0)
(21.6858 -0.025051 0)
(21.705 -0.0359744 0)
(21.714 -0.0406605 0)
(21.7186 -0.0405814 0)
(21.7184 -0.0384287 0)
(21.7145 -0.0335964 0)
(21.711 -0.0281387 0)
(21.7051 -0.0231616 0)
(21.7003 -0.0178253 0)
(21.6962 -0.0139552 0)
(21.6914 -0.0105236 0)
(21.6889 -0.00755933 0)
(21.686 -0.00580439 0)
(21.6835 -0.00400848 0)
(21.6826 -0.00287813 0)
(21.6808 -0.00220795 0)
(21.6801 -0.00136899 0)
(21.6798 -0.00108534 0)
(21.6787 -0.000787325 0)
(21.6787 -0.000437006 0)
(21.6785 -0.000426046 0)
(21.678 -0.000256581 0)
(21.6782 -0.00013778 0)
(21.6781 -0.000171663 0)
(21.6778 -7.49591e-05 0)
(21.6781 -4.79024e-05 0)
(21.6779 -6.25676e-05 0)
(21.6778 -2.89744e-05 0)
(21.6779 -1.49837e-05 0)
(21.7303 6.5062 0)
(23.8916 6.22112 0)
(25.6408 5.97474 0)
(27.4602 5.45097 0)
(29.0746 4.67353 0)
(30.4318 4.019 0)
(31.5718 3.3162 0)
(32.6078 2.64557 0)
(33.6688 1.73178 0)
(34.5613 0.503128 0)
(35.0174 -0.731668 0)
(34.8471 -2.0313 0)
(33.9737 -3.27167 0)
(32.485 -4.23687 0)
(30.6957 -4.72598 0)
(29.0053 -4.76298 0)
(27.6084 -4.55138 0)
(26.4689 -4.22353 0)
(25.5414 -3.81866 0)
(24.7875 -3.37088 0)
(24.1646 -2.93924 0)
(23.6979 -2.54723 0)
(23.3545 -2.15716 0)
(23.0365 -1.72587 0)
(22.691 -1.27712 0)
(22.3709 -0.890424 0)
(22.0579 -0.619623 0)
(21.753 -0.454293 0)
(21.4911 -0.341168 0)
(21.3464 -0.229519 0)
(21.2784 -0.0955005 0)
(21.2581 0.0419771 0)
(21.2484 0.148901 0)
(21.2617 0.203392 0)
(21.2764 0.214822 0)
(21.2889 0.203958 0)
(21.3025 0.182279 0)
(21.3235 0.157039 0)
(21.3667 0.127717 0)
(21.417 0.0979105 0)
(21.4778 0.068509 0)
(21.5322 0.0449057 0)
(21.585 0.0310524 0)
(21.6311 0.0267629 0)
(21.6704 0.033793 0)
(21.7054 0.0449684 0)
(21.7302 0.0590171 0)
(21.7496 0.0700815 0)
(21.7587 0.0760317 0)
(21.7606 0.0782432 0)
(21.7565 0.0736256 0)
(21.7466 0.0673928 0)
(21.7359 0.0579207 0)
(21.7226 0.0474372 0)
(21.7109 0.0384487 0)
(21.7006 0.028596 0)
(21.6918 0.0216813 0)
(21.6855 0.0153919 0)
(21.68 0.010307 0)
(21.6769 0.00750755 0)
(21.6748 0.00435617 0)
(21.6731 0.00285619 0)
(21.673 0.00186263 0)
(21.6724 0.000614083 0)
(21.6723 0.00063698 0)
(21.6727 0.000122045 0)
(21.6726 -0.000176215 0)
(21.6729 0.000133635 0)
(21.6732 -0.000259069 0)
(21.6731 -0.00015608 0)
(21.6735 2.83571e-05 0)
(21.6735 -0.000247179 0)
(21.6734 -4.61636e-05 0)
(21.6737 -2.19765e-06 0)
(21.6737 -0.000151421 0)
(21.6736 2.50578e-06 0)
(21.6738 -1.00061e-05 0)
(21.6737 -6.6472e-05 0)
(21.6737 -4.67858e-06 0)
(21.6737 -8.10008e-07 0)
(20.9112 4.49658 0)
(22.8736 4.2126 0)
(24.7154 3.99135 0)
(26.5078 3.68143 0)
(28.1795 3.26958 0)
(29.6484 2.81923 0)
(30.9059 2.3534 0)
(31.9648 1.89335 0)
(32.9001 1.31757 0)
(33.6808 0.539746 0)
(34.0545 -0.355342 0)
(33.8465 -1.31401 0)
(33.0507 -2.22422 0)
(31.8162 -2.89148 0)
(30.364 -3.26944 0)
(28.8434 -3.48075 0)
(27.3989 -3.5922 0)
(26.1595 -3.55427 0)
(25.1701 -3.3538 0)
(24.3525 -3.02647 0)
(23.6165 -2.60112 0)
(23.0046 -2.10981 0)
(22.5391 -1.61368 0)
(22.1727 -1.15477 0)
(21.8783 -0.746235 0)
(21.6944 -0.419256 0)
(21.5646 -0.20335 0)
(21.4347 -0.0852147 0)
(21.285 -0.0224773 0)
(21.1883 0.0228021 0)
(21.1363 0.0630847 0)
(21.1182 0.104761 0)
(21.115 0.146152 0)
(21.1537 0.172694 0)
(21.2154 0.181965 0)
(21.2835 0.177676 0)
(21.3466 0.167425 0)
(21.4027 0.157834 0)
(21.4628 0.148497 0)
(21.5154 0.143409 0)
(21.5641 0.137438 0)
(21.5973 0.134339 0)
(21.6205 0.129882 0)
(21.6324 0.123313 0)
(21.6368 0.115249 0)
(21.6381 0.100758 0)
(21.6368 0.0859154 0)
(21.6369 0.0663059 0)
(21.6371 0.0474896 0)
(21.638 0.0302475 0)
(21.639 0.0136625 0)
(21.6394 0.00295399 0)
(21.6391 -0.0070483 0)
(21.6378 -0.0121942 0)
(21.636 -0.0147819 0)
(21.6332 -0.0165563 0)
(21.6303 -0.0149246 0)
(21.6273 -0.0144726 0)
(21.6244 -0.0122182 0)
(21.6217 -0.00974708 0)
(21.6192 -0.00871444 0)
(21.6168 -0.00624092 0)
(21.6151 -0.00515204 0)
(21.6134 -0.00428223 0)
(21.612 -0.00269494 0)
(21.611 -0.00248571 0)
(21.6101 -0.00174883 0)
(21.6094 -0.00102022 0)
(21.6089 -0.0011251 0)
(21.6085 -0.000582078 0)
(21.6082 -0.000363537 0)
(21.608 -0.00048851 0)
(21.6078 -0.000136833 0)
(21.6077 -0.000129781 0)
(21.6076 -0.000201314 0)
(21.6076 -1.44167e-05 0)
(21.6075 -4.71711e-05 0)
(21.6075 -7.325e-05 0)
(21.6075 -6.75532e-06 0)
(21.6075 -6.88342e-06 0)
(21.1669 2.61335 0)
(22.8683 2.2838 0)
(24.5441 1.97544 0)
(26.1848 1.75849 0)
(27.7354 1.57175 0)
(29.1391 1.39402 0)
(30.3751 1.20995 0)
(31.42 0.98874 0)
(32.2971 0.705079 0)
(32.9862 0.274931 0)
(33.3309 -0.275169 0)
(33.1813 -0.858738 0)
(32.5356 -1.37269 0)
(31.4745 -1.76225 0)
(30.0665 -2.08735 0)
(28.4868 -2.3111 0)
(26.9918 -2.33326 0)
(25.7205 -2.18126 0)
(24.685 -1.99052 0)
(23.7741 -1.83436 0)
(22.8706 -1.65344 0)
(22.0269 -1.38976 0)
(21.3326 -1.09333 0)
(20.8203 -0.832105 0)
(20.4714 -0.620668 0)
(20.2795 -0.457361 0)
(20.1686 -0.345411 0)
(20.086 -0.261712 0)
(20.0222 -0.171715 0)
(20.0073 -0.07753 0)
(20.0114 -0.00321558 0)
(20.0352 0.0431723 0)
(20.0655 0.0777961 0)
(20.1227 0.0985503 0)
(20.1953 0.104141 0)
(20.2732 0.0922703 0)
(20.3428 0.0708998 0)
(20.4044 0.048263 0)
(20.4591 0.0253554 0)
(20.5057 0.0108256 0)
(20.5441 0.000633911 0)
(20.5757 0.0029578 0)
(20.6028 0.0109372 0)
(20.6276 0.0247077 0)
(20.6518 0.0409907 0)
(20.6744 0.053524 0)
(20.6979 0.0661203 0)
(20.718 0.0711345 0)
(20.7384 0.0741991 0)
(20.7542 0.0722586 0)
(20.7681 0.0668933 0)
(20.7789 0.0611738 0)
(20.786 0.0522699 0)
(20.7926 0.0450671 0)
(20.7955 0.0369884 0)
(20.7989 0.0296798 0)
(20.8008 0.0240605 0)
(20.8015 0.0182615 0)
(20.8035 0.0141781 0)
(20.8031 0.0105813 0)
(20.804 0.00751337 0)
(20.8046 0.00569599 0)
(20.8043 0.00388229 0)
(20.8053 0.00267932 0)
(20.8052 0.00195788 0)
(20.8053 0.00119586 0)
(20.806 0.000865688 0)
(20.8056 0.000594121 0)
(20.8059 0.000319352 0)
(20.8061 0.000261288 0)
(20.8059 0.000144047 0)
(20.8061 6.20599e-05 0)
(20.8062 6.95095e-05 0)
(20.806 1.96802e-05 0)
(20.8062 4.48627e-06 0)
(20.8061 1.25282e-05 0)
(20.8061 -2.28358e-06 0)
(20.8062 -4.58777e-06 0)
(20.8061 -2.07161e-06 0)
(20.8061 -7.37304e-06 0)
(21.0709 1.01672 0)
(22.6716 0.794192 0)
(24.1025 0.594699 0)
(25.3936 0.469276 0)
(26.5465 0.393321 0)
(27.5597 0.360141 0)
(28.4378 0.329162 0)
(29.1927 0.280061 0)
(29.8052 0.194993 0)
(30.2557 0.0466663 0)
(30.451 -0.159037 0)
(30.2044 -0.382096 0)
(29.4164 -0.556149 0)
(28.1495 -0.724292 0)
(26.5007 -0.903522 0)
(24.6466 -0.929831 0)
(22.8784 -0.80757 0)
(21.3441 -0.746126 0)
(19.9396 -0.787922 0)
(18.5056 -0.799992 0)
(17.0953 -0.70743 0)
(15.9053 -0.566507 0)
(15.0072 -0.450648 0)
(14.356 -0.344427 0)
(13.9096 -0.207847 0)
(13.6187 -0.071239 0)
(13.4085 0.016414 0)
(13.2516 0.0619321 0)
(13.1644 0.0823117 0)
(13.1543 0.0825398 0)
(13.1872 0.0733051 0)
(13.234 0.0600619 0)
(13.2881 0.0523179 0)
(13.3572 0.0492235 0)
(13.4325 0.0460903 0)
(13.5056 0.0412213 0)
(13.5635 0.0409216 0)
(13.614 0.0442339 0)
(13.6508 0.0511543 0)
(13.6895 0.0572892 0)
(13.7184 0.0619643 0)
(13.7569 0.064544 0)
(13.791 0.0624582 0)
(13.8372 0.0588181 0)
(13.8831 0.0496731 0)
(13.9338 0.040864 0)
(13.9859 0.02935 0)
(14.0316 0.0187959 0)
(14.0799 0.00965968 0)
(14.1151 0.000222948 0)
(14.151 -0.00493544 0)
(14.176 -0.0110332 0)
(14.1967 -0.0132994 0)
(14.2138 -0.0151127 0)
(14.2225 -0.0161802 0)
(14.2324 -0.0146879 0)
(14.2356 -0.014932 0)
(14.2387 -0.0127178 0)
(14.241 -0.011451 0)
(14.2397 -0.0102712 0)
(14.2411 -0.00749998 0)
(14.2396 -0.00674342 0)
(14.2388 -0.00487359 0)
(14.2388 -0.0034332 0)
(14.2371 -0.00316916 0)
(14.2371 -0.00180347 0)
(14.2366 -0.00149376 0)
(14.2357 -0.0012729 0)
(14.236 -0.000534512 0)
(14.2354 -0.000636481 0)
(14.2352 -0.000414757 0)
(14.2353 -0.000116987 0)
(14.235 -0.000259786 0)
(14.235 -9.85646e-05 0)
(14.2351 -1.26781e-05 0)
(14.2349 -9.47355e-05 0)
(14.235 -1.60334e-05 0)
(14.2349 3.00023e-06 0)
(14.2349 -2.93415e-05 0)
(14.2349 -1.5614e-05 0)
)
;

boundaryField
{
    inlet
    {
        type            fixedValue;
        value           uniform (10 0 0);
    }
    outlet
    {
        type            zeroGradient;
    }
    walls
    {
        type            fixedValue;
        value           uniform (0 0 0);
    }
    frontAndBack
    {
        type            empty;
    }
}


// ************************************************************************* //
